County,FIPS,Age,Total,Total Male,Total Female,Anglo Total,Anglo Male,Anglo Female,Black Total,Black Male,Black Female,Other Total,Other Male,Other Female,Hispanic Total,Hispanic Male,Hispanic Female
STATE OF TEXAS,000,All Ages,27862596,13864399,13998197,11498484,5695124,5803360,3218511,1557117,1661394,1876164,919399,956765,11269437,5692759,5576678
STATE OF TEXAS,000,< 1 Year,403486,206037,197449,121028,62005,59023,46739,23728,23011,33246,17025,16221,202473,103279,99194
STATE OF TEXAS,000,1 Years,404970,207002,197968,122781,62925,59856,46492,23583,22909,33414,17146,16268,202283,103348,98935
STATE OF TEXAS,000,2 Years,402541,205902,196639,123317,63196,60121,45595,23161,22434,32796,16909,15887,200833,102636,98197
STATE OF TEXAS,000,3 Years,397056,203204,193852,122140,62607,59533,44363,22595,21768,32178,16670,15508,198375,101332,97043
STATE OF TEXAS,000,4 Years,391825,200363,191462,120608,61799,58809,43245,22033,21212,31628,16381,15247,196344,100150,96194
STATE OF TEXAS,000,5 Years,395308,201992,193316,120668,61816,58852,43220,21970,21250,32913,17018,15895,198507,101188,97319
STATE OF TEXAS,000,6 Years,393824,200710,193114,121031,62292,58739,43135,21712,21423,31382,16065,15317,198276,100641,97635
STATE OF TEXAS,000,7 Years,387715,197753,189962,119844,61407,58437,43093,21776,21317,31446,16072,15374,193332,98498,94834
STATE OF TEXAS,000,8 Years,396670,202700,193970,122479,62792,59687,44303,22512,21791,32405,16555,15850,197483,100841,96642
STATE OF TEXAS,000,9 Years,401590,205417,196173,124359,63843,60516,44968,23036,21932,32160,16391,15769,200103,102147,97956
STATE OF TEXAS,000,10 Years,404022,206745,197277,125136,64437,60699,45595,23126,22469,31739,16104,15635,201552,103078,98474
STATE OF TEXAS,000,11 Years,408582,209209,199373,126257,64814,61443,46215,23435,22780,31337,15846,15491,204773,105114,99659
STATE OF TEXAS,000,12 Years,412149,211056,201093,127762,65516,62246,47045,23951,23094,30701,15531,15170,206641,106058,100583
STATE OF TEXAS,000,13 Years,414353,212157,202196,128626,65967,62659,47912,24494,23418,29679,14996,14683,208136,106700,101436
STATE OF TEXAS,000,14 Years,416728,214137,202591,128760,66128,62632,49234,25319,23915,28676,14596,14080,210058,108094,101964
STATE OF TEXAS,000,15 Years,423242,217570,205672,131007,67365,63642,50736,26132,24604,28673,14652,14021,212826,109421,103405
STATE OF TEXAS,000,16 Years,422690,217599,205091,132477,68192,64285,51489,26439,25050,27888,14257,13631,210836,108711,102125
STATE OF TEXAS,000,17 Years,414477,213723,200754,132120,67980,64140,50747,26147,24600,26987,13794,13193,204623,105802,98821
STATE OF TEXAS,000,18 Years,411576,212395,199181,132921,68359,64562,50915,26208,24707,27057,13811,13246,200683,104017,96666
STATE OF TEXAS,000,19 Years,412062,212729,199333,135778,69827,65951,50854,26066,24788,27121,13803,13318,198309,103033,95276
STATE OF TEXAS,000,20 Years,403014,208581,194433,132171,67804,64367,49767,25645,24122,26381,13548,12833,194695,101584,93111
STATE OF TEXAS,000,21 Years,402740,209031,193709,132224,67969,64255,50470,25845,24625,26091,13468,12623,193955,101749,92206
STATE OF TEXAS,000,22 Years,404677,210782,193895,133120,68472,64648,51373,26303,25070,26078,13478,12600,194106,102529,91577
STATE OF TEXAS,000,23 Years,406493,212182,194311,133558,68811,64747,52169,26689,25480,25822,13332,12490,194944,103350,91594
STATE OF TEXAS,000,24 Years,408234,213416,194818,136181,70273,65908,51422,26203,25219,25901,13363,12538,194730,103577,91153
STATE OF TEXAS,000,25 Years,405780,211585,194195,137704,70628,67076,50435,25324,25111,26032,13426,12606,191609,102207,89402
STATE OF TEXAS,000,26 Years,399354,208059,191295,137769,70377,67392,48703,24293,24410,26251,13481,12770,186631,99908,86723
STATE OF TEXAS,000,27 Years,390367,203154,187213,137016,69604,67412,46136,23044,23092,26726,13779,12947,180489,96727,83762
STATE OF TEXAS,000,28 Years,386851,200719,186132,137569,69717,67852,44244,21920,22324,26941,13709,13232,178097,95373,82724
STATE OF TEXAS,000,29 Years,389483,200682,188801,141500,71429,70071,43473,21481,21992,27422,13778,13644,177088,93994,83094
STATE OF TEXAS,000,30 Years,394701,201901,192800,146160,73435,72725,43859,21660,22199,28475,14319,14156,176207,92487,83720
STATE OF TEXAS,000,31 Years,397431,202083,195348,149845,75550,74295,44024,21695,22329,29243,14581,14662,174319,90257,84062
STATE OF TEXAS,000,32 Years,395182,199423,195759,148976,75141,73835,44121,21372,22749,30233,14850,15383,171852,88060,83792
STATE OF TEXAS,000,33 Years,401852,201915,199937,151722,76569,75153,45619,21937,23682,30756,14852,15904,173755,88557,85198
STATE OF TEXAS,000,34 Years,400900,200675,200225,152095,76508,75587,46393,22149,24244,30596,14493,16103,171816,87525,84291
STATE OF TEXAS,000,35 Years,401243,200095,201148,152306,76864,75442,47933,22608,25325,30211,14192,16019,170793,86431,84362
STATE OF TEXAS,000,36 Years,399936,199380,200556,151215,76441,74774,49171,23037,26134,30165,14131,16034,169385,85771,83614
STATE OF TEXAS,000,37 Years,378364,188434,189930,143246,72447,70799,47024,22000,25024,29366,13661,15705,158728,80326,78402
STATE OF TEXAS,000,38 Years,370217,183856,186361,139895,70333,69562,45021,21066,23955,28797,13379,15418,156504,79078,77426
STATE OF TEXAS,000,39 Years,365303,181062,184241,136819,68793,68026,44009,20650,23359,28763,13389,15374,155712,78230,77482
STATE OF TEXAS,000,40 Years,363935,179656,184279,134781,67966,66815,43281,20171,23110,29379,13649,15730,156494,77870,78624
STATE OF TEXAS,000,41 Years,366474,180909,185565,137094,69029,68065,43182,20343,22839,29547,13716,15831,156651,77821,78830
STATE OF TEXAS,000,42 Years,358974,176279,182695,134996,67732,67264,43286,20429,22857,29131,13483,15648,151561,74635,76926
STATE OF TEXAS,000,43 Years,362026,177728,184298,138000,69504,68496,44397,20943,23454,29049,13560,15489,150580,73721,76859
STATE OF TEXAS,000,44 Years,370591,181930,188661,147653,74327,73326,45481,21603,23878,28619,13378,15241,148838,72622,76216
STATE OF TEXAS,000,45 Years,379425,186573,192852,159027,79896,79131,46801,22246,24555,28209,13320,14889,145388,71111,74277
STATE OF TEXAS,000,46 Years,375729,185549,190180,160450,80712,79738,45407,21630,23777,27243,12897,14346,142629,70310,72319
STATE OF TEXAS,000,47 Years,354499,175643,178856,152660,76745,75915,42424,20395,22029,25516,12235,13281,133899,66268,67631
STATE OF TEXAS,000,48 Years,341030,169103,171927,146647,73931,72716,42084,20280,21804,23576,11302,12274,128723,63590,65133
STATE OF TEXAS,000,49 Years,334484,165975,168509,145953,73452,72501,42035,20205,21830,22137,10619,11518,124359,61699,62660
STATE OF TEXAS,000,50 Years,336147,166817,169330,148415,74124,74291,43138,20712,22426,21909,10594,11315,122685,61387,61298
STATE OF TEXAS,000,51 Years,350327,173235,177092,160630,79955,80675,44968,21427,23541,21954,10578,11376,122775,61275,61500
STATE OF TEXAS,000,52 Years,353814,174637,179177,169303,84013,85290,44306,21059,23247,21980,10666,11314,118225,58899,59326
STATE OF TEXAS,000,53 Years,354680,174741,179939,174600,86426,88174,43821,20838,22983,21575,10446,11129,114684,57031,57653
STATE OF TEXAS,000,54 Years,351309,172795,178514,177628,87737,89891,43425,20644,22781,20015,9603,10412,110241,54811,55430
STATE OF TEXAS,000,55 Years,351411,172474,178937,180874,89396,91478,43588,20726,22862,19610,9318,10292,107339,53034,54305
STATE OF TEXAS,000,56 Years,352295,173590,178705,184355,91356,92999,43453,20852,22601,19251,9138,10113,105236,52244,52992
STATE OF TEXAS,000,57 Years,338678,166136,172542,180602,89396,91206,41897,19892,22005,18287,8583,9704,97892,48265,49627
STATE OF TEXAS,000,58 Years,333835,163126,170709,181450,89635,91815,40566,19108,21458,17915,8452,9463,93904,45931,47973
STATE OF TEXAS,000,59 Years,325134,158009,167125,178572,87820,90752,39318,18464,20854,17525,8153,9372,89719,43572,46147
STATE OF TEXAS,000,60 Years,314010,152235,161775,173819,85151,88668,37715,17742,19973,16923,7918,9005,85553,41424,44129
STATE OF TEXAS,000,61 Years,306167,147977,158190,172549,84479,88070,36039,16811,19228,16234,7550,8684,81345,39137,42208
STATE OF TEXAS,000,62 Years,290368,139343,151025,166698,80989,85709,33117,15253,17864,15148,7038,8110,75405,36063,39342
STATE OF TEXAS,000,63 Years,278703,133548,145155,161908,78681,83227,31233,14349,16884,14739,6755,7984,70823,33763,37060
STATE OF TEXAS,000,64 Years,264454,126229,138225,155564,75471,80093,29487,13334,16153,13731,6238,7493,65672,31186,34486
STATE OF TEXAS,000,65 Years,252016,119778,132238,146911,71022,75889,28284,12735,15549,13426,6061,7365,63395,29960,33435
STATE OF TEXAS,000,66 Years,245860,116615,129245,144897,70004,74893,26723,11996,14727,13289,6019,7270,60951,28596,32355
STATE OF TEXAS,000,67 Years,236172,111904,124268,141827,68349,73478,24938,11165,13773,12402,5709,6693,57005,26681,30324
STATE OF TEXAS,000,68 Years,233356,110603,122753,144665,69768,74897,23067,10368,12699,11580,5336,6244,54044,25131,28913
STATE OF TEXAS,000,69 Years,226006,106947,119059,144239,69600,74639,20549,9141,11408,10688,4887,5801,50530,23319,27211
STATE OF TEXAS,000,70 Years,186819,87981,98838,115239,55509,59730,17357,7574,9783,9204,4286,4918,45019,20612,24407
STATE OF TEXAS,000,71 Years,174701,81471,93230,108133,51451,56682,16124,6890,9234,8665,4034,4631,41779,19096,22683
STATE OF TEXAS,000,72 Years,169381,78599,90782,108381,51357,57024,14842,6264,8578,7914,3717,4197,38244,17261,20983
STATE OF TEXAS,000,73 Years,160465,74228,86237,104234,49254,54980,13895,5942,7953,7460,3535,3925,34876,15497,19379
STATE OF TEXAS,000,74 Years,144361,66380,77981,93700,44067,49633,12480,5252,7228,6782,3213,3569,31399,13848,17551
STATE OF TEXAS,000,75 Years,131581,59654,71927,85103,39468,45635,11413,4670,6743,6043,2828,3215,29022,12688,16334
STATE OF TEXAS,000,76 Years,121024,54556,66468,77989,35869,42120,10422,4219,6203,5531,2585,2946,27082,11883,15199
STATE OF TEXAS,000,77 Years,111781,50026,61755,72912,33326,39586,9251,3797,5454,4948,2301,2647,24670,10602,14068
STATE OF TEXAS,000,78 Years,104691,46216,58475,68451,30926,37525,8476,3332,5144,4566,2148,2418,23198,9810,13388
STATE OF TEXAS,000,79 Years,96060,41907,54153,62632,28043,34589,7875,3001,4874,4116,1881,2235,21437,8982,12455
STATE OF TEXAS,000,80 Years,90049,38615,51434,59089,26088,33001,7238,2715,4523,3711,1636,2075,20011,8176,11835
STATE OF TEXAS,000,81 Years,84981,36020,48961,56244,24398,31846,6871,2564,4307,3187,1441,1746,18679,7617,11062
STATE OF TEXAS,000,82 Years,75835,31689,44146,50407,21516,28891,6158,2271,3887,2797,1224,1573,16473,6678,9795
STATE OF TEXAS,000,83 Years,69251,28361,40890,46475,19525,26950,5661,1997,3664,2584,1087,1497,14531,5752,8779
STATE OF TEXAS,000,84 Years,63724,25842,37882,43176,17899,25277,4858,1704,3154,2225,913,1312,13465,5326,8139
STATE OF TEXAS,000,85 Years +,358995,127355,231640,249362,89330,160032,26319,7720,18599,12168,4538,7630,71146,25767,45379
ANDERSON COUNTY,001,All Ages,58305,35437,22868,34175,18927,15248,12206,8830,3376,1639,807,832,10285,6873,3412
ANDERSON COUNTY,001,< 1 Year,569,293,276,272,139,133,113,62,51,60,36,24,124,56,68
ANDERSON COUNTY,001,1 Years,571,299,272,276,141,135,109,58,51,60,38,22,126,62,64
ANDERSON COUNTY,001,2 Years,580,305,275,279,146,133,110,54,56,56,33,23,135,72,63
ANDERSON COUNTY,001,3 Years,556,280,276,279,137,142,100,49,51,47,23,24,130,71,59
ANDERSON COUNTY,001,4 Years,579,291,288,288,144,144,100,52,48,51,21,30,140,74,66
ANDERSON COUNTY,001,5 Years,601,303,298,297,152,145,99,52,47,69,30,39,136,69,67
ANDERSON COUNTY,001,6 Years,575,306,269,298,155,143,105,53,52,41,19,22,131,79,52
ANDERSON COUNTY,001,7 Years,625,306,319,341,164,177,98,43,55,42,20,22,144,79,65
ANDERSON COUNTY,001,8 Years,638,314,324,339,165,174,92,40,52,50,26,24,157,83,74
ANDERSON COUNTY,001,9 Years,648,332,316,350,181,169,86,39,47,47,26,21,165,86,79
ANDERSON COUNTY,001,10 Years,642,324,318,353,179,174,93,36,57,42,21,21,154,88,66
ANDERSON COUNTY,001,11 Years,638,339,299,336,168,168,98,54,44,35,18,17,169,99,70
ANDERSON COUNTY,001,12 Years,625,327,298,355,181,174,88,52,36,28,14,14,154,80,74
ANDERSON COUNTY,001,13 Years,648,355,293,357,198,159,93,51,42,31,16,15,167,90,77
ANDERSON COUNTY,001,14 Years,652,361,291,355,201,154,105,47,58,29,18,11,163,95,68
ANDERSON COUNTY,001,15 Years,660,350,310,375,199,176,96,48,48,29,16,13,160,87,73
ANDERSON COUNTY,001,16 Years,665,341,324,386,204,182,83,42,41,31,16,15,165,79,86
ANDERSON COUNTY,001,17 Years,660,335,325,377,192,185,89,52,37,31,13,18,163,78,85
ANDERSON COUNTY,001,18 Years,590,305,285,321,163,158,83,47,36,27,9,18,159,86,73
ANDERSON COUNTY,001,19 Years,594,332,262,314,170,144,105,66,39,29,9,20,146,87,59
ANDERSON COUNTY,001,20 Years,605,337,268,321,172,149,105,65,40,28,12,16,151,88,63
ANDERSON COUNTY,001,21 Years,637,386,251,301,173,128,133,86,47,24,13,11,179,114,65
ANDERSON COUNTY,001,22 Years,705,430,275,345,181,164,144,104,40,18,11,7,198,134,64
ANDERSON COUNTY,001,23 Years,752,488,264,361,207,154,174,134,40,20,10,10,197,137,60
ANDERSON COUNTY,001,24 Years,715,444,271,392,221,171,138,98,40,16,7,9,169,118,51
ANDERSON COUNTY,001,25 Years,785,527,258,407,248,159,183,143,40,12,4,8,183,132,51
ANDERSON COUNTY,001,26 Years,805,546,259,414,248,166,185,146,39,9,5,4,197,147,50
ANDERSON COUNTY,001,27 Years,874,598,276,420,243,177,230,185,45,12,8,4,212,162,50
ANDERSON COUNTY,001,28 Years,861,598,263,403,243,160,226,184,42,10,6,4,222,165,57
ANDERSON COUNTY,001,29 Years,860,609,251,414,257,157,231,188,43,13,7,6,202,157,45
ANDERSON COUNTY,001,30 Years,888,636,252,424,265,159,233,191,42,11,7,4,220,173,47
ANDERSON COUNTY,001,31 Years,876,636,240,409,245,164,238,208,30,9,8,1,220,175,45
ANDERSON COUNTY,001,32 Years,866,644,222,393,251,142,248,209,39,11,7,4,214,177,37
ANDERSON COUNTY,001,33 Years,885,623,262,413,249,164,231,193,38,13,6,7,228,175,53
ANDERSON COUNTY,001,34 Years,871,622,249,379,217,162,252,223,29,12,4,8,228,178,50
ANDERSON COUNTY,001,35 Years,846,579,267,388,219,169,232,195,37,16,5,11,210,160,50
ANDERSON COUNTY,001,36 Years,881,614,267,437,275,162,235,200,35,12,3,9,197,136,61
ANDERSON COUNTY,001,37 Years,850,603,247,404,255,149,243,203,40,11,4,7,192,141,51
ANDERSON COUNTY,001,38 Years,860,618,242,419,260,159,248,214,34,12,6,6,181,138,43
ANDERSON COUNTY,001,39 Years,833,611,222,401,253,148,254,218,36,14,8,6,164,132,32
ANDERSON COUNTY,001,40 Years,870,633,237,421,267,154,244,210,34,20,12,8,185,144,41
ANDERSON COUNTY,001,41 Years,904,659,245,459,308,151,236,199,37,18,10,8,191,142,49
ANDERSON COUNTY,001,42 Years,874,617,257,450,285,165,239,206,33,22,11,11,163,115,48
ANDERSON COUNTY,001,43 Years,859,588,271,428,257,171,242,205,37,24,9,15,165,117,48
ANDERSON COUNTY,001,44 Years,907,624,283,477,302,175,239,201,38,30,11,19,161,110,51
ANDERSON COUNTY,001,45 Years,918,640,278,491,311,180,246,209,37,21,10,11,160,110,50
ANDERSON COUNTY,001,46 Years,910,642,268,464,296,168,257,211,46,15,7,8,174,128,46
ANDERSON COUNTY,001,47 Years,891,633,258,466,292,174,246,206,40,11,3,8,168,132,36
ANDERSON COUNTY,001,48 Years,855,589,266,482,294,188,227,188,39,12,4,8,134,103,31
ANDERSON COUNTY,001,49 Years,873,593,280,483,290,193,230,185,45,12,6,6,148,112,36
ANDERSON COUNTY,001,50 Years,857,581,276,472,286,186,244,193,51,11,7,4,130,95,35
ANDERSON COUNTY,001,51 Years,883,595,288,522,314,208,222,180,42,7,2,5,132,99,33
ANDERSON COUNTY,001,52 Years,945,648,297,574,365,209,220,175,45,11,4,7,140,104,36
ANDERSON COUNTY,001,53 Years,909,599,310,551,337,214,216,165,51,16,8,8,126,89,37
ANDERSON COUNTY,001,54 Years,875,551,324,546,309,237,214,164,50,15,5,10,100,73,27
ANDERSON COUNTY,001,55 Years,892,582,310,567,344,223,226,169,57,14,8,6,85,61,24
ANDERSON COUNTY,001,56 Years,818,502,316,542,312,230,192,136,56,15,7,8,69,47,22
ANDERSON COUNTY,001,57 Years,791,470,321,537,294,243,174,124,50,13,6,7,67,46,21
ANDERSON COUNTY,001,58 Years,797,461,336,572,322,250,140,90,50,16,7,9,69,42,27
ANDERSON COUNTY,001,59 Years,770,434,336,536,290,246,149,97,52,16,5,11,69,42,27
ANDERSON COUNTY,001,60 Years,746,415,331,529,276,253,153,101,52,17,8,9,47,30,17
ANDERSON COUNTY,001,61 Years,748,414,334,544,285,259,141,87,54,13,7,6,50,35,15
ANDERSON COUNTY,001,62 Years,749,413,336,542,279,263,140,93,47,15,8,7,52,33,19
ANDERSON COUNTY,001,63 Years,693,388,305,522,275,247,110,71,39,10,6,4,51,36,15
ANDERSON COUNTY,001,64 Years,718,403,315,535,287,248,122,79,43,4,3,1,57,34,23
ANDERSON COUNTY,001,65 Years,668,367,301,488,259,229,118,74,44,13,6,7,49,28,21
ANDERSON COUNTY,001,66 Years,614,329,285,464,238,226,81,47,34,15,8,7,54,36,18
ANDERSON COUNTY,001,67 Years,615,315,300,487,239,248,75,46,29,12,8,4,41,22,19
ANDERSON COUNTY,001,68 Years,582,306,276,481,248,233,60,34,26,8,5,3,33,19,14
ANDERSON COUNTY,001,69 Years,579,303,276,486,244,242,55,35,20,8,7,1,30,17,13
ANDERSON COUNTY,001,70 Years,469,245,224,392,204,188,43,22,21,10,6,4,24,13,11
ANDERSON COUNTY,001,71 Years,439,220,219,366,182,184,47,24,23,6,4,2,20,10,10
ANDERSON COUNTY,001,72 Years,444,233,211,376,197,179,47,23,24,4,2,2,17,11,6
ANDERSON COUNTY,001,73 Years,462,225,237,385,188,197,42,21,21,5,0,5,30,16,14
ANDERSON COUNTY,001,74 Years,401,196,205,331,162,169,42,18,24,6,3,3,22,13,9
ANDERSON COUNTY,001,75 Years,359,178,181,296,150,146,44,15,29,6,3,3,13,10,3
ANDERSON COUNTY,001,76 Years,341,163,178,285,141,144,35,13,22,9,3,6,12,6,6
ANDERSON COUNTY,001,77 Years,307,149,158,259,125,134,29,14,15,4,0,4,15,10,5
ANDERSON COUNTY,001,78 Years,282,126,156,244,105,139,26,11,15,2,2,0,10,8,2
ANDERSON COUNTY,001,79 Years,246,109,137,205,88,117,28,13,15,2,1,1,11,7,4
ANDERSON COUNTY,001,80 Years,220,102,118,178,80,98,33,16,17,3,1,2,6,5,1
ANDERSON COUNTY,001,81 Years,249,105,144,202,84,118,33,16,17,6,2,4,8,3,5
ANDERSON COUNTY,001,82 Years,206,92,114,165,70,95,29,13,16,3,2,1,9,7,2
ANDERSON COUNTY,001,83 Years,189,85,104,155,71,84,24,7,17,3,2,1,7,5,2
ANDERSON COUNTY,001,84 Years,162,67,95,134,59,75,19,6,13,2,0,2,7,2,5
ANDERSON COUNTY,001,85 Years +,848,301,547,691,255,436,119,34,85,16,5,11,22,7,15
ANDREWS COUNTY,003,All Ages,17829,8945,8884,7765,3794,3971,234,121,113,353,170,183,9477,4860,4617
ANDREWS COUNTY,003,< 1 Year,283,150,133,76,39,37,4,2,2,4,2,2,199,107,92
ANDREWS COUNTY,003,1 Years,296,154,142,81,42,39,3,1,2,4,2,2,208,109,99
ANDREWS COUNTY,003,2 Years,306,160,146,83,42,41,3,2,1,1,1,0,219,115,104
ANDREWS COUNTY,003,3 Years,309,158,151,81,41,40,3,1,2,3,1,2,222,115,107
ANDREWS COUNTY,003,4 Years,290,149,141,77,38,39,3,1,2,2,1,1,208,109,99
ANDREWS COUNTY,003,5 Years,275,140,135,78,38,40,3,1,2,4,2,2,190,99,91
ANDREWS COUNTY,003,6 Years,244,128,116,74,37,37,1,0,1,4,4,0,165,87,78
ANDREWS COUNTY,003,7 Years,270,150,120,97,49,48,4,4,0,6,5,1,163,92,71
ANDREWS COUNTY,003,8 Years,279,153,126,95,49,46,4,2,2,6,4,2,174,98,76
ANDREWS COUNTY,003,9 Years,297,161,136,95,57,38,2,0,2,4,1,3,196,103,93
ANDREWS COUNTY,003,10 Years,291,154,137,92,54,38,3,1,2,6,1,5,190,98,92
ANDREWS COUNTY,003,11 Years,294,156,138,90,51,39,4,4,0,3,0,3,197,101,96
ANDREWS COUNTY,003,12 Years,282,136,146,83,43,40,4,3,1,6,2,4,189,88,101
ANDREWS COUNTY,003,13 Years,270,140,130,87,46,41,3,3,0,8,5,3,172,86,86
ANDREWS COUNTY,003,14 Years,262,138,124,84,44,40,3,3,0,3,3,0,172,88,84
ANDREWS COUNTY,003,15 Years,282,140,142,94,51,43,7,3,4,8,2,6,173,84,89
ANDREWS COUNTY,003,16 Years,271,135,136,89,49,40,8,5,3,7,1,6,167,80,87
ANDREWS COUNTY,003,17 Years,278,151,127,82,44,38,5,3,2,12,4,8,179,100,79
ANDREWS COUNTY,003,18 Years,272,144,128,88,44,44,5,1,4,7,5,2,172,94,78
ANDREWS COUNTY,003,19 Years,260,149,111,82,44,38,3,2,1,4,3,1,171,100,71
ANDREWS COUNTY,003,20 Years,257,139,118,82,47,35,6,4,2,4,2,2,165,86,79
ANDREWS COUNTY,003,21 Years,242,121,121,84,42,42,4,4,0,10,6,4,144,69,75
ANDREWS COUNTY,003,22 Years,255,131,124,86,42,44,3,3,0,8,4,4,158,82,76
ANDREWS COUNTY,003,23 Years,241,141,100,87,50,37,2,2,0,6,4,2,146,85,61
ANDREWS COUNTY,003,24 Years,254,137,117,90,49,41,5,4,1,4,4,0,155,80,75
ANDREWS COUNTY,003,25 Years,215,99,116,71,32,39,3,2,1,5,2,3,136,63,73
ANDREWS COUNTY,003,26 Years,207,112,95,76,40,36,2,1,1,4,1,3,125,70,55
ANDREWS COUNTY,003,27 Years,247,128,119,94,44,50,5,3,2,6,5,1,142,76,66
ANDREWS COUNTY,003,28 Years,223,119,104,95,51,44,3,3,0,2,1,1,123,64,59
ANDREWS COUNTY,003,29 Years,220,117,103,87,47,40,1,0,1,1,0,1,131,70,61
ANDREWS COUNTY,003,30 Years,204,97,107,76,31,45,1,0,1,0,0,0,127,66,61
ANDREWS COUNTY,003,31 Years,224,106,118,87,37,50,1,1,0,2,1,1,134,67,67
ANDREWS COUNTY,003,32 Years,219,103,116,86,40,46,1,0,1,7,3,4,125,60,65
ANDREWS COUNTY,003,33 Years,260,127,133,109,55,54,2,0,2,4,2,2,145,70,75
ANDREWS COUNTY,003,34 Years,254,129,125,101,45,56,2,1,1,6,4,2,145,79,66
ANDREWS COUNTY,003,35 Years,237,115,122,100,44,56,1,0,1,9,8,1,127,63,64
ANDREWS COUNTY,003,36 Years,242,127,115,100,52,48,3,1,2,7,5,2,132,69,63
ANDREWS COUNTY,003,37 Years,231,125,106,100,54,46,2,1,1,3,2,1,126,68,58
ANDREWS COUNTY,003,38 Years,216,104,112,89,43,46,2,1,1,3,2,1,122,58,64
ANDREWS COUNTY,003,39 Years,229,102,127,99,46,53,3,0,3,4,3,1,123,53,70
ANDREWS COUNTY,003,40 Years,220,98,122,98,44,54,3,1,2,4,1,3,115,52,63
ANDREWS COUNTY,003,41 Years,213,110,103,92,41,51,6,4,2,2,1,1,113,64,49
ANDREWS COUNTY,003,42 Years,217,114,103,92,46,46,3,3,0,3,1,2,119,64,55
ANDREWS COUNTY,003,43 Years,200,100,100,93,47,46,4,1,3,2,0,2,101,52,49
ANDREWS COUNTY,003,44 Years,179,92,87,97,49,48,2,1,1,3,0,3,77,42,35
ANDREWS COUNTY,003,45 Years,185,94,91,95,49,46,0,0,0,2,1,1,88,44,44
ANDREWS COUNTY,003,46 Years,193,95,98,94,48,46,1,1,0,4,3,1,94,43,51
ANDREWS COUNTY,003,47 Years,202,85,117,95,44,51,3,0,3,2,1,1,102,40,62
ANDREWS COUNTY,003,48 Years,227,94,133,110,47,63,2,0,2,6,2,4,109,45,64
ANDREWS COUNTY,003,49 Years,203,97,106,90,43,47,3,1,2,6,2,4,104,51,53
ANDREWS COUNTY,003,50 Years,202,112,90,85,46,39,4,1,3,5,2,3,108,63,45
ANDREWS COUNTY,003,51 Years,230,113,117,117,56,61,1,1,0,5,1,4,107,55,52
ANDREWS COUNTY,003,52 Years,247,111,136,122,48,74,2,1,1,5,1,4,118,61,57
ANDREWS COUNTY,003,53 Years,243,119,124,130,63,67,3,1,2,3,1,2,107,54,53
ANDREWS COUNTY,003,54 Years,232,123,109,121,65,56,3,1,2,6,5,1,102,52,50
ANDREWS COUNTY,003,55 Years,259,139,120,151,80,71,3,1,2,7,5,2,98,53,45
ANDREWS COUNTY,003,56 Years,247,136,111,139,75,64,1,1,0,5,1,4,102,59,43
ANDREWS COUNTY,003,57 Years,239,115,124,134,64,70,2,1,1,6,3,3,97,47,50
ANDREWS COUNTY,003,58 Years,233,109,124,128,63,65,4,0,4,6,4,2,95,42,53
ANDREWS COUNTY,003,59 Years,243,121,122,152,77,75,2,1,1,7,4,3,82,39,43
ANDREWS COUNTY,003,60 Years,220,107,113,138,71,67,1,0,1,4,0,4,77,36,41
ANDREWS COUNTY,003,61 Years,204,99,105,130,61,69,3,2,1,2,0,2,69,36,33
ANDREWS COUNTY,003,62 Years,194,94,100,125,58,67,5,3,2,4,1,3,60,32,28
ANDREWS COUNTY,003,63 Years,173,78,95,112,55,57,5,2,3,4,0,4,52,21,31
ANDREWS COUNTY,003,64 Years,160,78,82,96,48,48,3,1,2,4,0,4,57,29,28
ANDREWS COUNTY,003,65 Years,169,92,77,90,47,43,4,1,3,7,4,3,68,40,28
ANDREWS COUNTY,003,66 Years,157,81,76,92,46,46,3,1,2,3,2,1,59,32,27
ANDREWS COUNTY,003,67 Years,155,76,79,95,39,56,1,1,0,6,3,3,53,33,20
ANDREWS COUNTY,003,68 Years,133,63,70,81,32,49,2,2,0,6,4,2,44,25,19
ANDREWS COUNTY,003,69 Years,126,59,67,77,33,44,2,1,1,3,1,2,44,24,20
ANDREWS COUNTY,003,70 Years,100,48,52,58,28,30,2,1,1,3,1,2,37,18,19
ANDREWS COUNTY,003,71 Years,92,46,46,53,27,26,1,1,0,2,0,2,36,18,18
ANDREWS COUNTY,003,72 Years,103,52,51,72,37,35,2,2,0,2,0,2,27,13,14
ANDREWS COUNTY,003,73 Years,98,43,55,65,30,35,2,1,1,3,1,2,28,11,17
ANDREWS COUNTY,003,74 Years,87,44,43,57,27,30,3,1,2,1,1,0,26,15,11
ANDREWS COUNTY,003,75 Years,85,37,48,54,25,29,2,0,2,0,0,0,29,12,17
ANDREWS COUNTY,003,76 Years,77,32,45,59,25,34,0,0,0,2,0,2,16,7,9
ANDREWS COUNTY,003,77 Years,74,27,47,47,16,31,0,0,0,0,0,0,27,11,16
ANDREWS COUNTY,003,78 Years,78,32,46,50,17,33,1,1,0,2,1,1,25,13,12
ANDREWS COUNTY,003,79 Years,66,26,40,41,13,28,1,1,0,1,1,0,23,11,12
ANDREWS COUNTY,003,80 Years,82,30,52,64,24,40,0,0,0,0,0,0,18,6,12
ANDREWS COUNTY,003,81 Years,71,28,43,60,23,37,0,0,0,0,0,0,11,5,6
ANDREWS COUNTY,003,82 Years,61,26,35,43,20,23,1,0,1,1,0,1,16,6,10
ANDREWS COUNTY,003,83 Years,55,27,28,38,19,19,1,1,0,1,0,1,15,7,8
ANDREWS COUNTY,003,84 Years,50,22,28,37,15,22,0,0,0,1,1,0,12,6,6
ANDREWS COUNTY,003,85 Years +,257,96,161,189,70,119,10,4,6,5,2,3,53,20,33
ANGELINA COUNTY,005,All Ages,90652,44877,45775,54106,26586,27520,13468,6443,7025,2546,1205,1341,20532,10643,9889
ANGELINA COUNTY,005,< 1 Year,1238,655,583,606,321,285,187,95,92,65,36,29,380,203,177
ANGELINA COUNTY,005,1 Years,1234,639,595,600,312,288,188,94,94,60,31,29,386,202,184
ANGELINA COUNTY,005,2 Years,1258,639,619,606,309,297,196,96,100,55,31,24,401,203,198
ANGELINA COUNTY,005,3 Years,1258,641,617,599,304,295,192,98,94,59,32,27,408,207,201
ANGELINA COUNTY,005,4 Years,1294,668,626,613,316,297,201,101,100,61,38,23,419,213,206
ANGELINA COUNTY,005,5 Years,1288,667,621,600,309,291,197,102,95,69,35,34,422,221,201
ANGELINA COUNTY,005,6 Years,1321,672,649,616,312,304,199,90,109,71,36,35,435,234,201
ANGELINA COUNTY,005,7 Years,1289,669,620,603,326,277,199,97,102,73,39,34,414,207,207
ANGELINA COUNTY,005,8 Years,1337,697,640,609,306,303,222,126,96,73,35,38,433,230,203
ANGELINA COUNTY,005,9 Years,1352,682,670,603,298,305,225,122,103,60,24,36,464,238,226
ANGELINA COUNTY,005,10 Years,1408,706,702,671,347,324,210,102,108,52,23,29,475,234,241
ANGELINA COUNTY,005,11 Years,1354,695,659,665,346,319,199,107,92,53,25,28,437,217,220
ANGELINA COUNTY,005,12 Years,1322,674,648,633,326,307,212,110,102,51,22,29,426,216,210
ANGELINA COUNTY,005,13 Years,1311,667,644,634,322,312,204,107,97,55,32,23,418,206,212
ANGELINA COUNTY,005,14 Years,1302,659,643,639,317,322,196,107,89,44,20,24,423,215,208
ANGELINA COUNTY,005,15 Years,1341,705,636,666,350,316,207,104,103,40,19,21,428,232,196
ANGELINA COUNTY,005,16 Years,1347,690,657,674,357,317,204,98,106,40,17,23,429,218,211
ANGELINA COUNTY,005,17 Years,1344,668,676,675,344,331,200,98,102,42,19,23,427,207,220
ANGELINA COUNTY,005,18 Years,1282,655,627,653,339,314,201,105,96,41,17,24,387,194,193
ANGELINA COUNTY,005,19 Years,1217,630,587,616,317,299,192,98,94,40,19,21,369,196,173
ANGELINA COUNTY,005,20 Years,1162,592,570,580,299,281,182,85,97,38,21,17,362,187,175
ANGELINA COUNTY,005,21 Years,1098,570,528,583,306,277,164,76,88,35,17,18,316,171,145
ANGELINA COUNTY,005,22 Years,1117,560,557,564,291,273,187,87,100,30,12,18,336,170,166
ANGELINA COUNTY,005,23 Years,1188,602,586,613,318,295,204,101,103,37,15,22,334,168,166
ANGELINA COUNTY,005,24 Years,1260,605,655,676,321,355,208,88,120,31,16,15,345,180,165
ANGELINA COUNTY,005,25 Years,1307,650,657,697,346,351,220,95,125,33,15,18,357,194,163
ANGELINA COUNTY,005,26 Years,1280,650,630,705,357,348,212,93,119,32,11,21,331,189,142
ANGELINA COUNTY,005,27 Years,1199,603,596,651,325,326,209,92,117,27,13,14,312,173,139
ANGELINA COUNTY,005,28 Years,1126,549,577,619,287,332,187,87,100,22,11,11,298,164,134
ANGELINA COUNTY,005,29 Years,1068,523,545,586,283,303,166,72,94,18,10,8,298,158,140
ANGELINA COUNTY,005,30 Years,1027,511,516,567,281,286,144,64,80,14,6,8,302,160,142
ANGELINA COUNTY,005,31 Years,997,501,496,524,262,262,161,76,85,27,13,14,285,150,135
ANGELINA COUNTY,005,32 Years,1002,482,520,527,262,265,157,61,96,33,17,16,285,142,143
ANGELINA COUNTY,005,33 Years,1024,499,525,555,280,275,145,59,86,36,18,18,288,142,146
ANGELINA COUNTY,005,34 Years,1046,519,527,556,279,277,157,72,85,33,16,17,300,152,148
ANGELINA COUNTY,005,35 Years,1065,520,545,575,282,293,171,77,94,32,16,16,287,145,142
ANGELINA COUNTY,005,36 Years,1126,551,575,601,289,312,189,84,105,31,17,14,305,161,144
ANGELINA COUNTY,005,37 Years,1087,549,538,570,284,286,189,94,95,37,19,18,291,152,139
ANGELINA COUNTY,005,38 Years,1039,513,526,560,281,279,157,77,80,44,20,24,278,135,143
ANGELINA COUNTY,005,39 Years,1026,519,507,544,273,271,180,97,83,31,14,17,271,135,136
ANGELINA COUNTY,005,40 Years,1006,486,520,543,249,294,169,82,87,22,9,13,272,146,126
ANGELINA COUNTY,005,41 Years,1030,497,533,566,270,296,153,74,79,31,14,17,280,139,141
ANGELINA COUNTY,005,42 Years,1034,492,542,586,286,300,147,63,84,24,10,14,277,133,144
ANGELINA COUNTY,005,43 Years,1079,544,535,618,308,310,151,69,82,25,12,13,285,155,130
ANGELINA COUNTY,005,44 Years,1113,557,556,681,344,337,167,72,95,25,7,18,240,134,106
ANGELINA COUNTY,005,45 Years,1152,569,583,721,361,360,184,82,102,23,7,16,224,119,105
ANGELINA COUNTY,005,46 Years,1164,548,616,711,333,378,185,86,99,22,8,14,246,121,125
ANGELINA COUNTY,005,47 Years,1126,554,572,699,352,347,169,80,89,19,4,15,239,118,121
ANGELINA COUNTY,005,48 Years,1082,530,552,661,327,334,171,78,93,19,4,15,231,121,110
ANGELINA COUNTY,005,49 Years,1107,542,565,692,338,354,170,81,89,21,4,17,224,119,105
ANGELINA COUNTY,005,50 Years,1112,557,555,702,343,359,167,80,87,21,10,11,222,124,98
ANGELINA COUNTY,005,51 Years,1132,569,563,703,348,355,184,90,94,28,16,12,217,115,102
ANGELINA COUNTY,005,52 Years,1173,618,555,778,410,368,174,91,83,25,14,11,196,103,93
ANGELINA COUNTY,005,53 Years,1201,582,619,810,378,432,187,94,93,18,10,8,186,100,86
ANGELINA COUNTY,005,54 Years,1180,583,597,782,369,413,188,98,90,26,17,9,184,99,85
ANGELINA COUNTY,005,55 Years,1178,600,578,789,386,403,181,97,84,24,12,12,184,105,79
ANGELINA COUNTY,005,56 Years,1249,620,629,842,411,431,191,94,97,25,10,15,191,105,86
ANGELINA COUNTY,005,57 Years,1231,617,614,831,416,415,210,95,115,24,11,13,166,95,71
ANGELINA COUNTY,005,58 Years,1211,616,595,825,418,407,200,102,98,29,14,15,157,82,75
ANGELINA COUNTY,005,59 Years,1176,608,568,821,429,392,185,93,92,24,9,15,146,77,69
ANGELINA COUNTY,005,60 Years,1171,595,576,794,397,397,210,105,105,21,8,13,146,85,61
ANGELINA COUNTY,005,61 Years,1138,548,590,773,364,409,208,105,103,21,6,15,136,73,63
ANGELINA COUNTY,005,62 Years,1074,544,530,764,384,380,166,84,82,18,8,10,126,68,58
ANGELINA COUNTY,005,63 Years,1065,554,511,759,392,367,153,76,77,17,8,9,136,78,58
ANGELINA COUNTY,005,64 Years,979,516,463,733,386,347,131,66,65,14,4,10,101,60,41
ANGELINA COUNTY,005,65 Years,951,467,484,720,359,361,125,60,65,17,5,12,89,43,46
ANGELINA COUNTY,005,66 Years,948,447,501,717,330,387,121,59,62,22,11,11,88,47,41
ANGELINA COUNTY,005,67 Years,976,445,531,765,352,413,112,44,68,24,12,12,75,37,38
ANGELINA COUNTY,005,68 Years,923,427,496,737,348,389,99,38,61,20,11,9,67,30,37
ANGELINA COUNTY,005,69 Years,960,460,500,783,376,407,93,43,50,18,11,7,66,30,36
ANGELINA COUNTY,005,70 Years,776,369,407,615,294,321,81,39,42,13,8,5,67,28,39
ANGELINA COUNTY,005,71 Years,729,345,384,590,281,309,81,36,45,10,5,5,48,23,25
ANGELINA COUNTY,005,72 Years,689,339,350,562,274,288,69,39,30,8,3,5,50,23,27
ANGELINA COUNTY,005,73 Years,686,330,356,557,273,284,62,28,34,12,6,6,55,23,32
ANGELINA COUNTY,005,74 Years,634,309,325,516,249,267,60,31,29,13,7,6,45,22,23
ANGELINA COUNTY,005,75 Years,606,277,329,498,226,272,56,26,30,11,6,5,41,19,22
ANGELINA COUNTY,005,76 Years,543,235,308,453,197,256,46,18,28,10,4,6,34,16,18
ANGELINA COUNTY,005,77 Years,527,226,301,438,191,247,46,16,30,10,4,6,33,15,18
ANGELINA COUNTY,005,78 Years,469,206,263,396,176,220,41,18,23,6,3,3,26,9,17
ANGELINA COUNTY,005,79 Years,434,176,258,360,151,209,45,14,31,4,2,2,25,9,16
ANGELINA COUNTY,005,80 Years,419,183,236,354,156,198,46,17,29,4,1,3,15,9,6
ANGELINA COUNTY,005,81 Years,411,183,228,351,157,194,34,10,24,6,4,2,20,12,8
ANGELINA COUNTY,005,82 Years,355,155,200,292,131,161,34,10,24,8,5,3,21,9,12
ANGELINA COUNTY,005,83 Years,323,140,183,275,120,155,28,11,17,4,2,2,16,7,9
ANGELINA COUNTY,005,84 Years,276,112,164,237,94,143,21,9,12,6,3,3,12,6,6
ANGELINA COUNTY,005,85 Years +,1513,554,959,1272,468,804,147,46,101,29,9,20,65,31,34
ARANSAS COUNTY,007,All Ages,25234,12441,12793,17043,8262,8781,265,150,115,991,496,495,6935,3533,3402
ARANSAS COUNTY,007,< 1 Year,254,125,129,111,51,60,1,0,1,15,8,7,127,66,61
ARANSAS COUNTY,007,1 Years,267,136,131,115,59,56,2,1,1,16,7,9,134,69,65
ARANSAS COUNTY,007,2 Years,276,150,126,124,70,54,2,1,1,13,4,9,137,75,62
ARANSAS COUNTY,007,3 Years,262,140,122,117,66,51,1,1,0,12,4,8,132,69,63
ARANSAS COUNTY,007,4 Years,250,130,120,110,57,53,1,1,0,12,4,8,127,68,59
ARANSAS COUNTY,007,5 Years,256,132,124,108,54,54,2,1,1,19,10,9,127,67,60
ARANSAS COUNTY,007,6 Years,240,127,113,109,58,51,1,0,1,12,7,5,118,62,56
ARANSAS COUNTY,007,7 Years,248,128,120,118,61,57,3,0,3,10,5,5,117,62,55
ARANSAS COUNTY,007,8 Years,271,147,124,127,67,60,3,1,2,11,6,5,130,73,57
ARANSAS COUNTY,007,9 Years,254,128,126,110,60,50,3,0,3,14,9,5,127,59,68
ARANSAS COUNTY,007,10 Years,258,131,127,126,65,61,4,1,3,12,7,5,116,58,58
ARANSAS COUNTY,007,11 Years,255,138,117,129,65,64,4,2,2,10,6,4,112,65,47
ARANSAS COUNTY,007,12 Years,268,145,123,129,72,57,5,4,1,10,4,6,124,65,59
ARANSAS COUNTY,007,13 Years,236,123,113,100,53,47,4,3,1,9,3,6,123,64,59
ARANSAS COUNTY,007,14 Years,229,115,114,107,55,52,3,1,2,6,3,3,113,56,57
ARANSAS COUNTY,007,15 Years,250,129,121,129,69,60,6,3,3,13,5,8,102,52,50
ARANSAS COUNTY,007,16 Years,241,127,114,124,65,59,3,2,1,10,5,5,104,55,49
ARANSAS COUNTY,007,17 Years,268,143,125,129,62,67,4,4,0,11,8,3,124,69,55
ARANSAS COUNTY,007,18 Years,277,140,137,133,63,70,4,3,1,12,7,5,128,67,61
ARANSAS COUNTY,007,19 Years,252,135,117,116,59,57,1,1,0,12,9,3,123,66,57
ARANSAS COUNTY,007,20 Years,249,137,112,117,58,59,0,0,0,14,10,4,118,69,49
ARANSAS COUNTY,007,21 Years,256,138,118,120,59,61,2,2,0,13,8,5,121,69,52
ARANSAS COUNTY,007,22 Years,234,138,96,116,65,51,4,2,2,13,6,7,101,65,36
ARANSAS COUNTY,007,23 Years,286,146,140,148,74,74,3,1,2,19,12,7,116,59,57
ARANSAS COUNTY,007,24 Years,278,152,126,138,72,66,3,2,1,17,11,6,120,67,53
ARANSAS COUNTY,007,25 Years,232,133,99,114,62,52,5,4,1,13,9,4,100,58,42
ARANSAS COUNTY,007,26 Years,201,100,101,116,57,59,3,2,1,8,6,2,74,35,39
ARANSAS COUNTY,007,27 Years,193,89,104,110,53,57,3,1,2,4,2,2,76,33,43
ARANSAS COUNTY,007,28 Years,226,116,110,131,65,66,3,1,2,7,5,2,85,45,40
ARANSAS COUNTY,007,29 Years,206,109,97,118,65,53,5,4,1,7,2,5,76,38,38
ARANSAS COUNTY,007,30 Years,201,105,96,113,59,54,4,3,1,8,3,5,76,40,36
ARANSAS COUNTY,007,31 Years,200,103,97,123,59,64,4,2,2,12,7,5,61,35,26
ARANSAS COUNTY,007,32 Years,188,91,97,116,53,63,3,1,2,11,9,2,58,28,30
ARANSAS COUNTY,007,33 Years,194,96,98,110,52,58,2,1,1,8,6,2,74,37,37
ARANSAS COUNTY,007,34 Years,212,100,112,125,57,68,2,0,2,14,6,8,71,37,34
ARANSAS COUNTY,007,35 Years,222,105,117,118,57,61,4,3,1,12,4,8,88,41,47
ARANSAS COUNTY,007,36 Years,209,100,109,120,59,61,4,3,1,9,3,6,76,35,41
ARANSAS COUNTY,007,37 Years,197,94,103,108,53,55,2,1,1,4,1,3,83,39,44
ARANSAS COUNTY,007,38 Years,213,102,111,130,63,67,1,1,0,5,2,3,77,36,41
ARANSAS COUNTY,007,39 Years,223,113,110,136,69,67,1,1,0,8,2,6,78,41,37
ARANSAS COUNTY,007,40 Years,219,106,113,130,63,67,3,2,1,10,5,5,76,36,40
ARANSAS COUNTY,007,41 Years,227,106,121,140,65,75,1,1,0,8,3,5,78,37,41
ARANSAS COUNTY,007,42 Years,211,108,103,124,66,58,1,1,0,13,4,9,73,37,36
ARANSAS COUNTY,007,43 Years,243,124,119,141,71,70,2,1,1,14,5,9,86,47,39
ARANSAS COUNTY,007,44 Years,241,126,115,145,78,67,2,2,0,13,5,8,81,41,40
ARANSAS COUNTY,007,45 Years,266,134,132,178,95,83,0,0,0,8,5,3,80,34,46
ARANSAS COUNTY,007,46 Years,265,130,135,186,89,97,3,3,0,12,8,4,64,30,34
ARANSAS COUNTY,007,47 Years,241,118,123,155,71,84,2,1,1,12,8,4,72,38,34
ARANSAS COUNTY,007,48 Years,249,120,129,160,74,86,2,1,1,10,6,4,77,39,38
ARANSAS COUNTY,007,49 Years,259,129,130,162,79,83,7,5,2,12,7,5,78,38,40
ARANSAS COUNTY,007,50 Years,299,146,153,181,86,95,3,2,1,15,8,7,100,50,50
ARANSAS COUNTY,007,51 Years,319,151,168,220,104,116,5,1,4,13,6,7,81,40,41
ARANSAS COUNTY,007,52 Years,329,157,172,224,108,116,7,3,4,13,5,8,85,41,44
ARANSAS COUNTY,007,53 Years,364,179,185,251,120,131,6,5,1,12,4,8,95,50,45
ARANSAS COUNTY,007,54 Years,355,172,183,260,126,134,2,1,1,14,7,7,79,38,41
ARANSAS COUNTY,007,55 Years,399,192,207,300,138,162,4,3,1,13,7,6,82,44,38
ARANSAS COUNTY,007,56 Years,428,211,217,317,149,168,9,7,2,15,11,4,87,44,43
ARANSAS COUNTY,007,57 Years,403,201,202,308,146,162,7,5,2,14,9,5,74,41,33
ARANSAS COUNTY,007,58 Years,396,188,208,306,144,162,4,2,2,12,5,7,74,37,37
ARANSAS COUNTY,007,59 Years,367,160,207,276,120,156,4,1,3,17,6,11,70,33,37
ARANSAS COUNTY,007,60 Years,404,177,227,308,139,169,5,1,4,21,7,14,70,30,40
ARANSAS COUNTY,007,61 Years,442,190,252,335,144,191,6,2,4,22,8,14,79,36,43
ARANSAS COUNTY,007,62 Years,400,178,222,317,140,177,4,1,3,16,5,11,63,32,31
ARANSAS COUNTY,007,63 Years,412,190,222,325,146,179,2,2,0,14,7,7,71,35,36
ARANSAS COUNTY,007,64 Years,431,214,217,337,159,178,2,2,0,21,12,9,71,41,30
ARANSAS COUNTY,007,65 Years,426,211,215,348,170,178,2,2,0,17,8,9,59,31,28
ARANSAS COUNTY,007,66 Years,485,230,255,406,194,212,3,1,2,15,6,9,61,29,32
ARANSAS COUNTY,007,67 Years,492,237,255,425,203,222,1,1,0,12,3,9,54,30,24
ARANSAS COUNTY,007,68 Years,505,242,263,431,205,226,6,2,4,14,6,8,54,29,25
ARANSAS COUNTY,007,69 Years,483,231,252,415,196,219,3,1,2,14,7,7,51,27,24
ARANSAS COUNTY,007,70 Years,442,201,241,378,172,206,3,2,1,10,6,4,51,21,30
ARANSAS COUNTY,007,71 Years,448,208,240,386,180,206,2,1,1,11,8,3,49,19,30
ARANSAS COUNTY,007,72 Years,444,210,234,385,183,202,3,2,1,10,5,5,46,20,26
ARANSAS COUNTY,007,73 Years,433,211,222,373,182,191,5,5,0,12,4,8,43,20,23
ARANSAS COUNTY,007,74 Years,357,184,173,307,160,147,3,2,1,9,4,5,38,18,20
ARANSAS COUNTY,007,75 Years,364,195,169,320,175,145,2,0,2,11,5,6,31,15,16
ARANSAS COUNTY,007,76 Years,322,152,170,282,139,143,5,1,4,9,2,7,26,10,16
ARANSAS COUNTY,007,77 Years,298,138,160,256,119,137,4,3,1,5,4,1,33,12,21
ARANSAS COUNTY,007,78 Years,264,126,138,223,109,114,1,1,0,6,3,3,34,13,21
ARANSAS COUNTY,007,79 Years,229,108,121,193,94,99,2,1,1,6,2,4,28,11,17
ARANSAS COUNTY,007,80 Years,206,103,103,179,90,89,2,1,1,3,2,1,22,10,12
ARANSAS COUNTY,007,81 Years,203,96,107,174,83,91,1,0,1,9,4,5,19,9,10
ARANSAS COUNTY,007,82 Years,177,94,83,152,82,70,1,0,1,7,4,3,17,8,9
ARANSAS COUNTY,007,83 Years,163,84,79,140,72,68,0,0,0,6,5,1,17,7,10
ARANSAS COUNTY,007,84 Years,142,66,76,124,57,67,0,0,0,3,3,0,15,6,9
ARANSAS COUNTY,007,85 Years +,650,271,379,562,235,327,8,4,4,13,7,6,67,25,42
ARCHER COUNTY,009,All Ages,9123,4521,4602,8099,3999,4100,30,14,16,167,64,103,827,444,383
ARCHER COUNTY,009,< 1 Year,90,41,49,75,35,40,0,0,0,0,0,0,15,6,9
ARCHER COUNTY,009,1 Years,87,38,49,71,32,39,0,0,0,0,0,0,16,6,10
ARCHER COUNTY,009,2 Years,79,36,43,64,30,34,0,0,0,0,0,0,15,6,9
ARCHER COUNTY,009,3 Years,77,38,39,60,30,30,0,0,0,4,2,2,13,6,7
ARCHER COUNTY,009,4 Years,69,34,35,53,27,26,0,0,0,4,1,3,12,6,6
ARCHER COUNTY,009,5 Years,75,38,37,58,30,28,0,0,0,4,1,3,13,7,6
ARCHER COUNTY,009,6 Years,92,44,48,74,36,38,0,0,0,3,1,2,15,7,8
ARCHER COUNTY,009,7 Years,96,46,50,78,36,42,0,0,0,3,1,2,15,9,6
ARCHER COUNTY,009,8 Years,93,47,46,81,41,40,0,0,0,4,1,3,8,5,3
ARCHER COUNTY,009,9 Years,106,47,59,88,41,47,0,0,0,4,1,3,14,5,9
ARCHER COUNTY,009,10 Years,118,52,66,93,41,52,0,0,0,4,2,2,21,9,12
ARCHER COUNTY,009,11 Years,126,64,62,103,53,50,1,1,0,3,2,1,19,8,11
ARCHER COUNTY,009,12 Years,132,65,67,111,57,54,2,0,2,2,0,2,17,8,9
ARCHER COUNTY,009,13 Years,132,70,62,110,59,51,0,0,0,2,0,2,20,11,9
ARCHER COUNTY,009,14 Years,142,77,65,113,62,51,0,0,0,3,2,1,26,13,13
ARCHER COUNTY,009,15 Years,137,68,69,111,56,55,2,1,1,2,1,1,22,10,12
ARCHER COUNTY,009,16 Years,149,70,79,124,57,67,0,0,0,2,2,0,23,11,12
ARCHER COUNTY,009,17 Years,156,75,81,133,64,69,3,2,1,2,1,1,18,8,10
ARCHER COUNTY,009,18 Years,138,65,73,121,57,64,2,1,1,1,0,1,14,7,7
ARCHER COUNTY,009,19 Years,130,68,62,113,56,57,0,0,0,1,1,0,16,11,5
ARCHER COUNTY,009,20 Years,125,68,57,105,56,49,0,0,0,1,0,1,19,12,7
ARCHER COUNTY,009,21 Years,125,65,60,101,52,49,0,0,0,4,0,4,20,13,7
ARCHER COUNTY,009,22 Years,121,71,50,97,58,39,3,1,2,3,0,3,18,12,6
ARCHER COUNTY,009,23 Years,116,72,44,96,57,39,2,1,1,1,0,1,17,14,3
ARCHER COUNTY,009,24 Years,138,85,53,112,66,46,1,0,1,3,3,0,22,16,6
ARCHER COUNTY,009,25 Years,109,55,54,87,44,43,1,0,1,3,1,2,18,10,8
ARCHER COUNTY,009,26 Years,100,43,57,87,38,49,1,0,1,1,0,1,11,5,6
ARCHER COUNTY,009,27 Years,111,64,47,96,54,42,0,0,0,2,1,1,13,9,4
ARCHER COUNTY,009,28 Years,83,44,39,72,38,34,0,0,0,1,0,1,10,6,4
ARCHER COUNTY,009,29 Years,74,43,31,61,34,27,0,0,0,0,0,0,13,9,4
ARCHER COUNTY,009,30 Years,67,39,28,59,34,25,0,0,0,1,0,1,7,5,2
ARCHER COUNTY,009,31 Years,65,33,32,60,31,29,0,0,0,1,0,1,4,2,2
ARCHER COUNTY,009,32 Years,72,38,34,61,34,27,0,0,0,0,0,0,11,4,7
ARCHER COUNTY,009,33 Years,71,34,37,57,28,29,0,0,0,2,1,1,12,5,7
ARCHER COUNTY,009,34 Years,65,31,34,58,27,31,0,0,0,0,0,0,7,4,3
ARCHER COUNTY,009,35 Years,79,39,40,71,33,38,0,0,0,2,1,1,6,5,1
ARCHER COUNTY,009,36 Years,95,52,43,86,47,39,0,0,0,1,1,0,8,4,4
ARCHER COUNTY,009,37 Years,92,44,48,77,37,40,0,0,0,2,2,0,13,5,8
ARCHER COUNTY,009,38 Years,99,40,59,82,32,50,0,0,0,1,0,1,16,8,8
ARCHER COUNTY,009,39 Years,113,58,55,100,51,49,0,0,0,1,0,1,12,7,5
ARCHER COUNTY,009,40 Years,108,57,51,95,50,45,0,0,0,3,2,1,10,5,5
ARCHER COUNTY,009,41 Years,100,49,51,89,44,45,2,0,2,2,1,1,7,4,3
ARCHER COUNTY,009,42 Years,110,52,58,99,47,52,1,1,0,2,1,1,8,3,5
ARCHER COUNTY,009,43 Years,118,61,57,106,54,52,1,1,0,2,1,1,9,5,4
ARCHER COUNTY,009,44 Years,113,58,55,102,50,52,0,0,0,0,0,0,11,8,3
ARCHER COUNTY,009,45 Years,123,52,71,111,46,65,1,1,0,2,1,1,9,4,5
ARCHER COUNTY,009,46 Years,122,51,71,110,45,65,0,0,0,3,1,2,9,5,4
ARCHER COUNTY,009,47 Years,122,62,60,108,54,54,0,0,0,2,1,1,12,7,5
ARCHER COUNTY,009,48 Years,121,67,54,104,58,46,0,0,0,3,2,1,14,7,7
ARCHER COUNTY,009,49 Years,125,65,60,112,57,55,0,0,0,2,1,1,11,7,4
ARCHER COUNTY,009,50 Years,117,58,59,109,53,56,0,0,0,1,1,0,7,4,3
ARCHER COUNTY,009,51 Years,143,77,66,137,74,63,1,1,0,0,0,0,5,2,3
ARCHER COUNTY,009,52 Years,146,73,73,140,70,70,0,0,0,0,0,0,6,3,3
ARCHER COUNTY,009,53 Years,169,80,89,157,74,83,1,0,1,2,1,1,9,5,4
ARCHER COUNTY,009,54 Years,148,82,66,137,76,61,0,0,0,2,1,1,9,5,4
ARCHER COUNTY,009,55 Years,167,80,87,157,77,80,0,0,0,4,1,3,6,2,4
ARCHER COUNTY,009,56 Years,160,69,91,150,65,85,0,0,0,4,2,2,6,2,4
ARCHER COUNTY,009,57 Years,149,72,77,139,65,74,0,0,0,2,1,1,8,6,2
ARCHER COUNTY,009,58 Years,171,87,84,160,80,80,0,0,0,3,1,2,8,6,2
ARCHER COUNTY,009,59 Years,163,78,85,155,75,80,0,0,0,2,0,2,6,3,3
ARCHER COUNTY,009,60 Years,141,69,72,134,64,70,0,0,0,2,1,1,5,4,1
ARCHER COUNTY,009,61 Years,136,70,66,128,66,62,1,1,0,2,0,2,5,3,2
ARCHER COUNTY,009,62 Years,128,63,65,122,59,63,0,0,0,3,2,1,3,2,1
ARCHER COUNTY,009,63 Years,114,54,60,111,53,58,0,0,0,1,0,1,2,1,1
ARCHER COUNTY,009,64 Years,126,60,66,120,57,63,0,0,0,5,2,3,1,1,0
ARCHER COUNTY,009,65 Years,104,47,57,101,46,55,0,0,0,2,1,1,1,0,1
ARCHER COUNTY,009,66 Years,113,58,55,106,55,51,1,0,1,3,1,2,3,2,1
ARCHER COUNTY,009,67 Years,103,50,53,98,48,50,0,0,0,3,1,2,2,1,1
ARCHER COUNTY,009,68 Years,95,46,49,92,45,47,0,0,0,1,0,1,2,1,1
ARCHER COUNTY,009,69 Years,109,59,50,101,54,47,1,1,0,2,0,2,5,4,1
ARCHER COUNTY,009,70 Years,78,41,37,73,38,35,0,0,0,3,1,2,2,2,0
ARCHER COUNTY,009,71 Years,79,41,38,75,39,36,0,0,0,2,1,1,2,1,1
ARCHER COUNTY,009,72 Years,70,31,39,67,30,37,0,0,0,2,1,1,1,0,1
ARCHER COUNTY,009,73 Years,70,27,43,65,24,41,1,1,0,1,0,1,3,2,1
ARCHER COUNTY,009,74 Years,92,42,50,85,39,46,0,0,0,2,1,1,5,2,3
ARCHER COUNTY,009,75 Years,87,43,44,83,41,42,0,0,0,1,0,1,3,2,1
ARCHER COUNTY,009,76 Years,78,36,42,72,34,38,1,0,1,2,1,1,3,1,2
ARCHER COUNTY,009,77 Years,61,33,28,58,32,26,0,0,0,1,0,1,2,1,1
ARCHER COUNTY,009,78 Years,63,35,28,58,34,24,0,0,0,2,0,2,3,1,2
ARCHER COUNTY,009,79 Years,58,25,33,56,24,32,0,0,0,1,1,0,1,0,1
ARCHER COUNTY,009,80 Years,51,19,32,50,18,32,0,0,0,0,0,0,1,1,0
ARCHER COUNTY,009,81 Years,55,21,34,52,21,31,0,0,0,1,0,1,2,0,2
ARCHER COUNTY,009,82 Years,42,22,20,42,22,20,0,0,0,0,0,0,0,0,0
ARCHER COUNTY,009,83 Years,43,20,23,40,18,22,0,0,0,0,0,0,3,2,1
ARCHER COUNTY,009,84 Years,35,16,19,33,15,18,0,0,0,0,0,0,2,1,1
ARCHER COUNTY,009,85 Years +,153,62,91,141,58,83,0,0,0,6,2,4,6,2,4
ARMSTRONG COUNTY,011,All Ages,1904,955,949,1732,874,858,11,7,4,42,18,24,119,56,63
ARMSTRONG COUNTY,011,< 1 Year,15,6,9,15,6,9,0,0,0,0,0,0,0,0,0
ARMSTRONG COUNTY,011,1 Years,14,8,6,14,8,6,0,0,0,0,0,0,0,0,0
ARMSTRONG COUNTY,011,2 Years,15,9,6,15,9,6,0,0,0,0,0,0,0,0,0
ARMSTRONG COUNTY,011,3 Years,20,13,7,20,13,7,0,0,0,0,0,0,0,0,0
ARMSTRONG COUNTY,011,4 Years,17,9,8,17,9,8,0,0,0,0,0,0,0,0,0
ARMSTRONG COUNTY,011,5 Years,18,9,9,17,9,8,0,0,0,0,0,0,1,0,1
ARMSTRONG COUNTY,011,6 Years,15,8,7,15,8,7,0,0,0,0,0,0,0,0,0
ARMSTRONG COUNTY,011,7 Years,23,13,10,20,11,9,0,0,0,1,0,1,2,2,0
ARMSTRONG COUNTY,011,8 Years,20,10,10,17,8,9,0,0,0,1,1,0,2,1,1
ARMSTRONG COUNTY,011,9 Years,20,11,9,16,9,7,0,0,0,2,1,1,2,1,1
ARMSTRONG COUNTY,011,10 Years,21,10,11,17,8,9,0,0,0,1,0,1,3,2,1
ARMSTRONG COUNTY,011,11 Years,22,11,11,16,7,9,1,1,0,1,0,1,4,3,1
ARMSTRONG COUNTY,011,12 Years,16,6,10,13,5,8,0,0,0,1,0,1,2,1,1
ARMSTRONG COUNTY,011,13 Years,17,8,9,14,6,8,0,0,0,0,0,0,3,2,1
ARMSTRONG COUNTY,011,14 Years,18,7,11,15,5,10,0,0,0,0,0,0,3,2,1
ARMSTRONG COUNTY,011,15 Years,29,12,17,23,9,14,1,0,1,0,0,0,5,3,2
ARMSTRONG COUNTY,011,16 Years,23,10,13,18,7,11,0,0,0,1,1,0,4,2,2
ARMSTRONG COUNTY,011,17 Years,22,9,13,19,8,11,1,1,0,0,0,0,2,0,2
ARMSTRONG COUNTY,011,18 Years,22,14,8,18,12,6,1,1,0,0,0,0,3,1,2
ARMSTRONG COUNTY,011,19 Years,17,10,7,15,9,6,0,0,0,1,0,1,1,1,0
ARMSTRONG COUNTY,011,20 Years,17,11,6,14,8,6,0,0,0,0,0,0,3,3,0
ARMSTRONG COUNTY,011,21 Years,27,16,11,21,12,9,1,1,0,1,1,0,4,2,2
ARMSTRONG COUNTY,011,22 Years,29,16,13,24,13,11,1,1,0,1,1,0,3,1,2
ARMSTRONG COUNTY,011,23 Years,26,14,12,23,13,10,0,0,0,0,0,0,3,1,2
ARMSTRONG COUNTY,011,24 Years,25,13,12,21,10,11,0,0,0,1,1,0,3,2,1
ARMSTRONG COUNTY,011,25 Years,18,12,6,15,9,6,0,0,0,1,1,0,2,2,0
ARMSTRONG COUNTY,011,26 Years,15,11,4,14,10,4,0,0,0,1,1,0,0,0,0
ARMSTRONG COUNTY,011,27 Years,12,6,6,10,5,5,0,0,0,1,1,0,1,0,1
ARMSTRONG COUNTY,011,28 Years,13,5,8,12,5,7,0,0,0,0,0,0,1,0,1
ARMSTRONG COUNTY,011,29 Years,11,4,7,9,4,5,0,0,0,0,0,0,2,0,2
ARMSTRONG COUNTY,011,30 Years,13,2,11,9,2,7,1,0,1,0,0,0,3,0,3
ARMSTRONG COUNTY,011,31 Years,13,4,9,10,4,6,0,0,0,2,0,2,1,0,1
ARMSTRONG COUNTY,011,32 Years,18,10,8,16,9,7,0,0,0,2,1,1,0,0,0
ARMSTRONG COUNTY,011,33 Years,24,13,11,20,12,8,0,0,0,1,1,0,3,0,3
ARMSTRONG COUNTY,011,34 Years,23,14,9,21,13,8,0,0,0,0,0,0,2,1,1
ARMSTRONG COUNTY,011,35 Years,24,13,11,23,13,10,0,0,0,1,0,1,0,0,0
ARMSTRONG COUNTY,011,36 Years,28,16,12,26,15,11,0,0,0,0,0,0,2,1,1
ARMSTRONG COUNTY,011,37 Years,27,14,13,26,14,12,0,0,0,0,0,0,1,0,1
ARMSTRONG COUNTY,011,38 Years,19,10,9,19,10,9,0,0,0,0,0,0,0,0,0
ARMSTRONG COUNTY,011,39 Years,17,10,7,15,10,5,0,0,0,0,0,0,2,0,2
ARMSTRONG COUNTY,011,40 Years,20,11,9,17,9,8,0,0,0,0,0,0,3,2,1
ARMSTRONG COUNTY,011,41 Years,17,9,8,17,9,8,0,0,0,0,0,0,0,0,0
ARMSTRONG COUNTY,011,42 Years,14,7,7,12,6,6,1,0,1,0,0,0,1,1,0
ARMSTRONG COUNTY,011,43 Years,16,8,8,14,8,6,1,0,1,0,0,0,1,0,1
ARMSTRONG COUNTY,011,44 Years,14,7,7,13,7,6,0,0,0,0,0,0,1,0,1
ARMSTRONG COUNTY,011,45 Years,24,10,14,19,8,11,0,0,0,0,0,0,5,2,3
ARMSTRONG COUNTY,011,46 Years,29,17,12,26,16,10,0,0,0,0,0,0,3,1,2
ARMSTRONG COUNTY,011,47 Years,22,10,12,17,8,9,0,0,0,0,0,0,5,2,3
ARMSTRONG COUNTY,011,48 Years,19,9,10,16,8,8,0,0,0,1,0,1,2,1,1
ARMSTRONG COUNTY,011,49 Years,19,10,9,18,9,9,0,0,0,0,0,0,1,1,0
ARMSTRONG COUNTY,011,50 Years,20,10,10,19,9,10,0,0,0,0,0,0,1,1,0
ARMSTRONG COUNTY,011,51 Years,20,13,7,19,13,6,0,0,0,1,0,1,0,0,0
ARMSTRONG COUNTY,011,52 Years,20,6,14,19,6,13,0,0,0,1,0,1,0,0,0
ARMSTRONG COUNTY,011,53 Years,19,6,13,18,5,13,0,0,0,0,0,0,1,1,0
ARMSTRONG COUNTY,011,54 Years,22,8,14,20,7,13,0,0,0,1,0,1,1,1,0
ARMSTRONG COUNTY,011,55 Years,29,14,15,27,13,14,0,0,0,1,0,1,1,1,0
ARMSTRONG COUNTY,011,56 Years,39,20,19,37,19,18,0,0,0,1,1,0,1,0,1
ARMSTRONG COUNTY,011,57 Years,34,16,18,32,14,18,0,0,0,1,1,0,1,1,0
ARMSTRONG COUNTY,011,58 Years,31,19,12,27,16,11,0,0,0,3,2,1,1,1,0
ARMSTRONG COUNTY,011,59 Years,28,16,12,27,15,12,0,0,0,0,0,0,1,1,0
ARMSTRONG COUNTY,011,60 Years,31,15,16,29,14,15,0,0,0,0,0,0,2,1,1
ARMSTRONG COUNTY,011,61 Years,26,12,14,24,11,13,0,0,0,0,0,0,2,1,1
ARMSTRONG COUNTY,011,62 Years,33,21,12,31,19,12,0,0,0,2,2,0,0,0,0
ARMSTRONG COUNTY,011,63 Years,39,23,16,38,22,16,0,0,0,1,1,0,0,0,0
ARMSTRONG COUNTY,011,64 Years,37,19,18,37,19,18,0,0,0,0,0,0,0,0,0
ARMSTRONG COUNTY,011,65 Years,28,15,13,27,15,12,0,0,0,1,0,1,0,0,0
ARMSTRONG COUNTY,011,66 Years,32,13,19,29,12,17,0,0,0,0,0,0,3,1,2
ARMSTRONG COUNTY,011,67 Years,39,16,23,37,16,21,0,0,0,0,0,0,2,0,2
ARMSTRONG COUNTY,011,68 Years,37,22,15,33,20,13,1,1,0,1,0,1,2,1,1
ARMSTRONG COUNTY,011,69 Years,31,20,11,29,19,10,1,1,0,1,0,1,0,0,0
ARMSTRONG COUNTY,011,70 Years,20,10,10,19,10,9,0,0,0,0,0,0,1,0,1
ARMSTRONG COUNTY,011,71 Years,22,10,12,20,9,11,0,0,0,1,0,1,1,1,0
ARMSTRONG COUNTY,011,72 Years,26,10,16,26,10,16,0,0,0,0,0,0,0,0,0
ARMSTRONG COUNTY,011,73 Years,22,10,12,21,10,11,0,0,0,1,0,1,0,0,0
ARMSTRONG COUNTY,011,74 Years,17,8,9,16,8,8,0,0,0,1,0,1,0,0,0
ARMSTRONG COUNTY,011,75 Years,24,10,14,24,10,14,0,0,0,0,0,0,0,0,0
ARMSTRONG COUNTY,011,76 Years,22,10,12,22,10,12,0,0,0,0,0,0,0,0,0
ARMSTRONG COUNTY,011,77 Years,19,11,8,19,11,8,0,0,0,0,0,0,0,0,0
ARMSTRONG COUNTY,011,78 Years,15,9,6,15,9,6,0,0,0,0,0,0,0,0,0
ARMSTRONG COUNTY,011,79 Years,17,8,9,17,8,9,0,0,0,0,0,0,0,0,0
ARMSTRONG COUNTY,011,80 Years,19,8,11,18,8,10,0,0,0,0,0,0,1,0,1
ARMSTRONG COUNTY,011,81 Years,19,7,12,17,7,10,0,0,0,1,0,1,1,0,1
ARMSTRONG COUNTY,011,82 Years,14,4,10,13,4,9,0,0,0,0,0,0,1,0,1
ARMSTRONG COUNTY,011,83 Years,9,5,4,9,5,4,0,0,0,0,0,0,0,0,0
ARMSTRONG COUNTY,011,84 Years,11,4,7,10,4,6,0,0,0,1,0,1,0,0,0
ARMSTRONG COUNTY,011,85 Years +,56,22,34,56,22,34,0,0,0,0,0,0,0,0,0
ATASCOSA COUNTY,013,All Ages,49086,24047,25039,16963,8119,8844,252,141,111,645,313,332,31226,15474,15752
ATASCOSA COUNTY,013,< 1 Year,659,342,317,199,107,92,1,1,0,9,4,5,450,230,220
ATASCOSA COUNTY,013,1 Years,668,339,329,200,102,98,1,0,1,9,4,5,458,233,225
ATASCOSA COUNTY,013,2 Years,659,327,332,191,90,101,2,1,1,9,4,5,457,232,225
ATASCOSA COUNTY,013,3 Years,644,313,331,189,88,101,0,0,0,7,4,3,448,221,227
ATASCOSA COUNTY,013,4 Years,633,314,319,180,89,91,1,1,0,5,3,2,447,221,226
ATASCOSA COUNTY,013,5 Years,645,332,313,178,92,86,1,1,0,6,3,3,460,236,224
ATASCOSA COUNTY,013,6 Years,667,338,329,176,85,91,1,0,1,6,3,3,484,250,234
ATASCOSA COUNTY,013,7 Years,648,331,317,169,82,87,1,1,0,7,3,4,471,245,226
ATASCOSA COUNTY,013,8 Years,675,340,335,174,89,85,1,1,0,9,6,3,491,244,247
ATASCOSA COUNTY,013,9 Years,703,355,348,164,80,84,2,2,0,13,9,4,524,264,260
ATASCOSA COUNTY,013,10 Years,738,387,351,181,97,84,4,3,1,12,11,1,541,276,265
ATASCOSA COUNTY,013,11 Years,771,402,369,182,79,103,4,1,3,10,7,3,575,315,260
ATASCOSA COUNTY,013,12 Years,755,393,362,185,94,91,6,2,4,5,2,3,559,295,264
ATASCOSA COUNTY,013,13 Years,756,386,370,194,101,93,6,1,5,5,2,3,551,282,269
ATASCOSA COUNTY,013,14 Years,818,412,406,208,104,104,6,1,5,7,3,4,597,304,293
ATASCOSA COUNTY,013,15 Years,825,427,398,212,104,108,5,3,2,8,3,5,600,317,283
ATASCOSA COUNTY,013,16 Years,819,413,406,193,98,95,7,4,3,6,4,2,613,307,306
ATASCOSA COUNTY,013,17 Years,816,409,407,201,107,94,9,8,1,6,2,4,600,292,308
ATASCOSA COUNTY,013,18 Years,836,424,412,215,104,111,7,7,0,7,2,5,607,311,296
ATASCOSA COUNTY,013,19 Years,768,397,371,180,88,92,3,2,1,9,3,6,576,304,272
ATASCOSA COUNTY,013,20 Years,729,372,357,166,79,87,6,3,3,7,4,3,550,286,264
ATASCOSA COUNTY,013,21 Years,672,345,327,152,74,78,6,2,4,11,7,4,503,262,241
ATASCOSA COUNTY,013,22 Years,643,320,323,155,76,79,5,3,2,15,8,7,468,233,235
ATASCOSA COUNTY,013,23 Years,614,308,306,140,66,74,7,3,4,10,4,6,457,235,222
ATASCOSA COUNTY,013,24 Years,617,317,300,167,78,89,3,1,2,6,3,3,441,235,206
ATASCOSA COUNTY,013,25 Years,549,286,263,140,69,71,2,0,2,6,1,5,401,216,185
ATASCOSA COUNTY,013,26 Years,499,253,246,148,76,72,0,0,0,5,2,3,346,175,171
ATASCOSA COUNTY,013,27 Years,472,244,228,147,74,73,2,0,2,6,4,2,317,166,151
ATASCOSA COUNTY,013,28 Years,430,209,221,127,62,65,4,2,2,6,3,3,293,142,151
ATASCOSA COUNTY,013,29 Years,452,222,230,114,49,65,4,3,1,5,4,1,329,166,163
ATASCOSA COUNTY,013,30 Years,470,212,258,133,56,77,4,3,1,6,5,1,327,148,179
ATASCOSA COUNTY,013,31 Years,501,242,259,139,63,76,4,3,1,10,6,4,348,170,178
ATASCOSA COUNTY,013,32 Years,510,236,274,144,68,76,6,3,3,6,4,2,354,161,193
ATASCOSA COUNTY,013,33 Years,539,242,297,157,75,82,2,1,1,9,6,3,371,160,211
ATASCOSA COUNTY,013,34 Years,582,273,309,175,86,89,2,2,0,10,6,4,395,179,216
ATASCOSA COUNTY,013,35 Years,629,299,330,208,105,103,3,1,2,9,5,4,409,188,221
ATASCOSA COUNTY,013,36 Years,631,303,328,213,106,107,1,0,1,6,3,3,411,194,217
ATASCOSA COUNTY,013,37 Years,580,269,311,203,97,106,0,0,0,6,2,4,371,170,201
ATASCOSA COUNTY,013,38 Years,551,261,290,206,100,106,1,1,0,4,1,3,340,159,181
ATASCOSA COUNTY,013,39 Years,547,267,280,213,98,115,4,1,3,5,3,2,325,165,160
ATASCOSA COUNTY,013,40 Years,548,273,275,197,100,97,3,2,1,3,2,1,345,169,176
ATASCOSA COUNTY,013,41 Years,573,277,296,203,99,104,1,1,0,5,4,1,364,173,191
ATASCOSA COUNTY,013,42 Years,567,266,301,214,104,110,1,0,1,5,3,2,347,159,188
ATASCOSA COUNTY,013,43 Years,612,270,342,215,100,115,2,0,2,10,4,6,385,166,219
ATASCOSA COUNTY,013,44 Years,652,310,342,242,126,116,2,1,1,10,5,5,398,178,220
ATASCOSA COUNTY,013,45 Years,658,334,324,253,134,119,4,0,4,8,4,4,393,196,197
ATASCOSA COUNTY,013,46 Years,676,341,335,250,129,121,4,3,1,11,2,9,411,207,204
ATASCOSA COUNTY,013,47 Years,616,309,307,239,114,125,5,3,2,8,2,6,364,190,174
ATASCOSA COUNTY,013,48 Years,574,291,283,203,97,106,4,4,0,9,3,6,358,187,171
ATASCOSA COUNTY,013,49 Years,586,304,282,207,109,98,2,2,0,10,6,4,367,187,180
ATASCOSA COUNTY,013,50 Years,606,303,303,216,104,112,3,1,2,10,5,5,377,193,184
ATASCOSA COUNTY,013,51 Years,616,302,314,206,105,101,3,2,1,13,6,7,394,189,205
ATASCOSA COUNTY,013,52 Years,664,305,359,230,104,126,3,2,1,11,4,7,420,195,225
ATASCOSA COUNTY,013,53 Years,702,339,363,268,126,142,3,2,1,8,5,3,423,206,217
ATASCOSA COUNTY,013,54 Years,665,316,349,260,120,140,3,1,2,12,6,6,390,189,201
ATASCOSA COUNTY,013,55 Years,685,336,349,254,116,138,3,1,2,18,7,11,410,212,198
ATASCOSA COUNTY,013,56 Years,649,312,337,238,103,135,4,3,1,13,4,9,394,202,192
ATASCOSA COUNTY,013,57 Years,676,316,360,285,123,162,4,4,0,7,4,3,380,185,195
ATASCOSA COUNTY,013,58 Years,643,324,319,275,132,143,5,4,1,8,3,5,355,185,170
ATASCOSA COUNTY,013,59 Years,631,316,315,272,128,144,3,1,2,11,6,5,345,181,164
ATASCOSA COUNTY,013,60 Years,624,291,333,261,110,151,3,2,1,13,6,7,347,173,174
ATASCOSA COUNTY,013,61 Years,634,306,328,279,125,154,3,1,2,11,5,6,341,175,166
ATASCOSA COUNTY,013,62 Years,626,311,315,287,132,155,5,4,1,8,5,3,326,170,156
ATASCOSA COUNTY,013,63 Years,634,299,335,295,129,166,2,1,1,8,6,2,329,163,166
ATASCOSA COUNTY,013,64 Years,585,274,311,275,123,152,3,1,2,7,4,3,300,146,154
ATASCOSA COUNTY,013,65 Years,554,276,278,264,128,136,2,1,1,8,4,4,280,143,137
ATASCOSA COUNTY,013,66 Years,554,262,292,262,125,137,1,1,0,9,6,3,282,130,152
ATASCOSA COUNTY,013,67 Years,543,256,287,249,121,128,4,2,2,9,4,5,281,129,152
ATASCOSA COUNTY,013,68 Years,508,258,250,240,127,113,3,2,1,9,3,6,256,126,130
ATASCOSA COUNTY,013,69 Years,507,244,263,252,125,127,1,1,0,4,2,2,250,116,134
ATASCOSA COUNTY,013,70 Years,489,227,262,229,110,119,3,2,1,4,0,4,253,115,138
ATASCOSA COUNTY,013,71 Years,437,207,230,200,96,104,1,1,0,4,1,3,232,109,123
ATASCOSA COUNTY,013,72 Years,401,198,203,203,100,103,2,2,0,6,1,5,190,95,95
ATASCOSA COUNTY,013,73 Years,370,172,198,194,87,107,3,2,1,7,1,6,166,82,84
ATASCOSA COUNTY,013,74 Years,334,156,178,169,80,89,1,1,0,5,2,3,159,73,86
ATASCOSA COUNTY,013,75 Years,304,145,159,156,77,79,1,0,1,6,3,3,141,65,76
ATASCOSA COUNTY,013,76 Years,290,135,155,148,75,73,1,0,1,3,1,2,138,59,79
ATASCOSA COUNTY,013,77 Years,250,114,136,124,59,65,1,0,1,5,3,2,120,52,68
ATASCOSA COUNTY,013,78 Years,234,105,129,116,54,62,2,2,0,5,2,3,111,47,64
ATASCOSA COUNTY,013,79 Years,213,96,117,104,46,58,2,1,1,4,1,3,103,48,55
ATASCOSA COUNTY,013,80 Years,192,93,99,105,50,55,1,0,1,4,2,2,82,41,41
ATASCOSA COUNTY,013,81 Years,204,100,104,106,53,53,1,0,1,2,1,1,95,46,49
ATASCOSA COUNTY,013,82 Years,168,83,85,90,46,44,1,0,1,2,1,1,75,36,39
ATASCOSA COUNTY,013,83 Years,155,69,86,87,42,45,2,2,0,2,0,2,64,25,39
ATASCOSA COUNTY,013,84 Years,142,61,81,76,32,44,0,0,0,1,0,1,65,29,36
ATASCOSA COUNTY,013,85 Years +,815,304,511,447,157,290,7,3,4,6,1,5,355,143,212
AUSTIN COUNTY,015,All Ages,30565,15043,15522,18323,8815,9508,2891,1426,1465,717,348,369,8634,4454,4180
AUSTIN COUNTY,015,< 1 Year,352,194,158,142,76,66,30,17,13,28,17,11,152,84,68
AUSTIN COUNTY,015,1 Years,361,188,173,148,75,73,32,16,16,27,16,11,154,81,73
AUSTIN COUNTY,015,2 Years,358,178,180,144,68,76,34,16,18,28,18,10,152,76,76
AUSTIN COUNTY,015,3 Years,359,178,181,150,71,79,36,17,19,19,12,7,154,78,76
AUSTIN COUNTY,015,4 Years,352,172,180,146,72,74,31,14,17,17,8,9,158,78,80
AUSTIN COUNTY,015,5 Years,382,198,184,160,84,76,30,16,14,18,9,9,174,89,85
AUSTIN COUNTY,015,6 Years,407,192,215,174,79,95,35,17,18,14,6,8,184,90,94
AUSTIN COUNTY,015,7 Years,369,183,186,173,91,82,32,17,15,13,7,6,151,68,83
AUSTIN COUNTY,015,8 Years,390,198,192,178,91,87,35,20,15,19,11,8,158,76,82
AUSTIN COUNTY,015,9 Years,402,198,204,172,91,81,35,16,19,21,9,12,174,82,92
AUSTIN COUNTY,015,10 Years,405,209,196,169,93,76,42,22,20,20,8,12,174,86,88
AUSTIN COUNTY,015,11 Years,391,211,180,176,102,74,38,21,17,13,6,7,164,82,82
AUSTIN COUNTY,015,12 Years,405,223,182,197,112,85,27,15,12,15,8,7,166,88,78
AUSTIN COUNTY,015,13 Years,452,245,207,215,117,98,47,24,23,14,7,7,176,97,79
AUSTIN COUNTY,015,14 Years,441,243,198,208,117,91,52,29,23,10,5,5,171,92,79
AUSTIN COUNTY,015,15 Years,435,223,212,213,111,102,42,24,18,7,4,3,173,84,89
AUSTIN COUNTY,015,16 Years,456,225,231,211,103,108,52,27,25,13,8,5,180,87,93
AUSTIN COUNTY,015,17 Years,484,233,251,233,103,130,60,32,28,12,6,6,179,92,87
AUSTIN COUNTY,015,18 Years,443,218,225,222,108,114,53,27,26,10,3,7,158,80,78
AUSTIN COUNTY,015,19 Years,367,190,177,180,91,89,41,24,17,11,4,7,135,71,64
AUSTIN COUNTY,015,20 Years,377,200,177,184,95,89,42,23,19,10,5,5,141,77,64
AUSTIN COUNTY,015,21 Years,393,195,198,186,90,96,43,21,22,9,4,5,155,80,75
AUSTIN COUNTY,015,22 Years,387,193,194,175,85,90,51,26,25,13,6,7,148,76,72
AUSTIN COUNTY,015,23 Years,380,198,182,180,95,85,48,21,27,10,6,4,142,76,66
AUSTIN COUNTY,015,24 Years,352,187,165,169,85,84,44,21,23,10,7,3,129,74,55
AUSTIN COUNTY,015,25 Years,328,165,163,154,73,81,33,14,19,6,4,2,135,74,61
AUSTIN COUNTY,015,26 Years,294,141,153,130,62,68,36,16,20,3,1,2,125,62,63
AUSTIN COUNTY,015,27 Years,284,130,154,130,51,79,34,17,17,3,1,2,117,61,56
AUSTIN COUNTY,015,28 Years,268,137,131,121,59,62,30,16,14,2,1,1,115,61,54
AUSTIN COUNTY,015,29 Years,261,133,128,127,65,62,26,11,15,7,4,3,101,53,48
AUSTIN COUNTY,015,30 Years,277,138,139,138,67,71,27,14,13,4,3,1,108,54,54
AUSTIN COUNTY,015,31 Years,301,151,150,132,62,70,34,17,17,5,1,4,130,71,59
AUSTIN COUNTY,015,32 Years,277,143,134,133,62,71,27,13,14,3,1,2,114,67,47
AUSTIN COUNTY,015,33 Years,326,162,164,161,68,93,36,19,17,4,3,1,125,72,53
AUSTIN COUNTY,015,34 Years,346,172,174,178,82,96,32,20,12,5,3,2,131,67,64
AUSTIN COUNTY,015,35 Years,351,175,176,194,93,101,33,19,14,6,2,4,118,61,57
AUSTIN COUNTY,015,36 Years,364,173,191,202,93,109,33,19,14,6,1,5,123,60,63
AUSTIN COUNTY,015,37 Years,372,173,199,203,99,104,39,15,24,5,2,3,125,57,68
AUSTIN COUNTY,015,38 Years,367,181,186,214,109,105,30,13,17,3,1,2,120,58,62
AUSTIN COUNTY,015,39 Years,369,187,182,213,105,108,28,14,14,6,3,3,122,65,57
AUSTIN COUNTY,015,40 Years,348,174,174,194,96,98,28,14,14,2,1,1,124,63,61
AUSTIN COUNTY,015,41 Years,381,187,194,198,93,105,35,20,15,6,1,5,142,73,69
AUSTIN COUNTY,015,42 Years,374,192,182,185,93,92,34,16,18,4,0,4,151,83,68
AUSTIN COUNTY,015,43 Years,352,180,172,185,91,94,29,13,16,4,2,2,134,74,60
AUSTIN COUNTY,015,44 Years,367,171,196,203,88,115,40,19,21,7,3,4,117,61,56
AUSTIN COUNTY,015,45 Years,386,180,206,225,98,127,39,15,24,5,2,3,117,65,52
AUSTIN COUNTY,015,46 Years,374,183,191,226,110,116,37,17,20,4,1,3,107,55,52
AUSTIN COUNTY,015,47 Years,355,175,180,228,112,116,35,16,19,5,2,3,87,45,42
AUSTIN COUNTY,015,48 Years,361,187,174,215,107,108,39,22,17,9,4,5,98,54,44
AUSTIN COUNTY,015,49 Years,370,203,167,216,114,102,39,22,17,12,6,6,103,61,42
AUSTIN COUNTY,015,50 Years,401,210,191,241,126,115,47,22,25,13,6,7,100,56,44
AUSTIN COUNTY,015,51 Years,413,199,214,252,116,136,49,23,26,13,5,8,99,55,44
AUSTIN COUNTY,015,52 Years,415,197,218,263,115,148,44,24,20,11,5,6,97,53,44
AUSTIN COUNTY,015,53 Years,438,205,233,294,131,163,45,19,26,9,7,2,90,48,42
AUSTIN COUNTY,015,54 Years,452,208,244,310,140,170,48,18,30,8,6,2,86,44,42
AUSTIN COUNTY,015,55 Years,465,214,251,311,135,176,52,28,24,14,9,5,88,42,46
AUSTIN COUNTY,015,56 Years,468,226,242,336,152,184,44,26,18,11,5,6,77,43,34
AUSTIN COUNTY,015,57 Years,467,242,225,333,171,162,47,28,19,11,4,7,76,39,37
AUSTIN COUNTY,015,58 Years,480,251,229,334,172,162,49,28,21,12,6,6,85,45,40
AUSTIN COUNTY,015,59 Years,478,247,231,349,176,173,38,23,15,17,8,9,74,40,34
AUSTIN COUNTY,015,60 Years,471,223,248,356,165,191,39,23,16,10,3,7,66,32,34
AUSTIN COUNTY,015,61 Years,424,207,217,317,151,166,34,19,15,5,1,4,68,36,32
AUSTIN COUNTY,015,62 Years,448,212,236,348,162,186,38,16,22,7,3,4,55,31,24
AUSTIN COUNTY,015,63 Years,426,225,201,335,177,158,35,16,19,7,4,3,49,28,21
AUSTIN COUNTY,015,64 Years,410,207,203,327,167,160,34,17,17,6,2,4,43,21,22
AUSTIN COUNTY,015,65 Years,363,177,186,289,142,147,25,12,13,3,2,1,46,21,25
AUSTIN COUNTY,015,66 Years,338,167,171,271,136,135,24,13,11,2,1,1,41,17,24
AUSTIN COUNTY,015,67 Years,356,172,184,283,141,142,28,11,17,5,2,3,40,18,22
AUSTIN COUNTY,015,68 Years,381,177,204,310,144,166,30,13,17,3,2,1,38,18,20
AUSTIN COUNTY,015,69 Years,373,171,202,308,141,167,26,12,14,2,1,1,37,17,20
AUSTIN COUNTY,015,70 Years,310,138,172,250,112,138,26,10,16,1,0,1,33,16,17
AUSTIN COUNTY,015,71 Years,306,153,153,253,128,125,23,10,13,3,2,1,27,13,14
AUSTIN COUNTY,015,72 Years,305,145,160,255,122,133,24,11,13,2,2,0,24,10,14
AUSTIN COUNTY,015,73 Years,307,143,164,258,122,136,21,9,12,3,1,2,25,11,14
AUSTIN COUNTY,015,74 Years,273,133,140,235,117,118,19,7,12,1,1,0,18,8,10
AUSTIN COUNTY,015,75 Years,225,106,119,197,96,101,13,5,8,2,1,1,13,4,9
AUSTIN COUNTY,015,76 Years,197,96,101,157,78,79,16,7,9,3,1,2,21,10,11
AUSTIN COUNTY,015,77 Years,170,77,93,139,62,77,13,7,6,5,1,4,13,7,6
AUSTIN COUNTY,015,78 Years,169,73,96,144,62,82,14,6,8,3,1,2,8,4,4
AUSTIN COUNTY,015,79 Years,156,66,90,130,59,71,12,3,9,2,0,2,12,4,8
AUSTIN COUNTY,015,80 Years,135,64,71,115,56,59,9,3,6,1,0,1,10,5,5
AUSTIN COUNTY,015,81 Years,138,62,76,118,54,64,7,2,5,2,0,2,11,6,5
AUSTIN COUNTY,015,82 Years,123,49,74,100,39,61,12,4,8,1,0,1,10,6,4
AUSTIN COUNTY,015,83 Years,106,44,62,86,39,47,8,1,7,2,0,2,10,4,6
AUSTIN COUNTY,015,84 Years,110,48,62,93,43,50,6,1,5,1,0,1,10,4,6
AUSTIN COUNTY,015,85 Years +,715,244,471,616,209,407,47,15,32,9,3,6,43,17,26
BAILEY COUNTY,017,All Ages,7159,3647,3512,2409,1166,1243,61,38,23,103,42,61,4586,2401,2185
BAILEY COUNTY,017,< 1 Year,118,56,62,26,11,15,0,0,0,11,4,7,81,41,40
BAILEY COUNTY,017,1 Years,112,55,57,25,11,14,0,0,0,8,3,5,79,41,38
BAILEY COUNTY,017,2 Years,108,57,51,27,13,14,1,1,0,5,3,2,75,40,35
BAILEY COUNTY,017,3 Years,106,56,50,24,11,13,0,0,0,3,1,2,79,44,35
BAILEY COUNTY,017,4 Years,119,63,56,26,12,14,0,0,0,3,2,1,90,49,41
BAILEY COUNTY,017,5 Years,129,68,61,27,12,15,0,0,0,3,2,1,99,54,45
BAILEY COUNTY,017,6 Years,147,79,68,29,15,14,0,0,0,2,0,2,116,64,52
BAILEY COUNTY,017,7 Years,139,71,68,24,11,13,0,0,0,2,1,1,113,59,54
BAILEY COUNTY,017,8 Years,124,62,62,21,10,11,0,0,0,1,0,1,102,52,50
BAILEY COUNTY,017,9 Years,131,72,59,30,15,15,0,0,0,1,1,0,100,56,44
BAILEY COUNTY,017,10 Years,136,67,69,31,10,21,0,0,0,1,1,0,104,56,48
BAILEY COUNTY,017,11 Years,126,61,65,32,11,21,1,0,1,3,2,1,90,48,42
BAILEY COUNTY,017,12 Years,114,53,61,23,9,14,1,0,1,1,0,1,89,44,45
BAILEY COUNTY,017,13 Years,118,63,55,23,12,11,1,1,0,0,0,0,94,50,44
BAILEY COUNTY,017,14 Years,127,65,62,27,16,11,1,0,1,1,0,1,98,49,49
BAILEY COUNTY,017,15 Years,128,64,64,32,15,17,0,0,0,1,1,0,95,48,47
BAILEY COUNTY,017,16 Years,111,60,51,18,10,8,0,0,0,0,0,0,93,50,43
BAILEY COUNTY,017,17 Years,104,60,44,24,16,8,1,1,0,1,1,0,78,42,36
BAILEY COUNTY,017,18 Years,104,56,48,21,11,10,0,0,0,2,0,2,81,45,36
BAILEY COUNTY,017,19 Years,94,48,46,17,10,7,0,0,0,2,0,2,75,38,37
BAILEY COUNTY,017,20 Years,105,52,53,22,12,10,1,1,0,1,0,1,81,39,42
BAILEY COUNTY,017,21 Years,102,54,48,21,10,11,1,1,0,1,0,1,79,43,36
BAILEY COUNTY,017,22 Years,100,57,43,20,10,10,0,0,0,1,1,0,79,46,33
BAILEY COUNTY,017,23 Years,97,51,46,18,9,9,1,0,1,0,0,0,78,42,36
BAILEY COUNTY,017,24 Years,107,59,48,28,13,15,4,2,2,1,0,1,74,44,30
BAILEY COUNTY,017,25 Years,93,50,43,18,12,6,2,1,1,0,0,0,73,37,36
BAILEY COUNTY,017,26 Years,92,47,45,16,8,8,0,0,0,1,0,1,75,39,36
BAILEY COUNTY,017,27 Years,86,40,46,18,7,11,1,0,1,0,0,0,67,33,34
BAILEY COUNTY,017,28 Years,90,47,43,19,11,8,1,0,1,0,0,0,70,36,34
BAILEY COUNTY,017,29 Years,96,48,48,26,12,14,3,2,1,2,0,2,65,34,31
BAILEY COUNTY,017,30 Years,86,43,43,24,9,15,1,1,0,1,0,1,60,33,27
BAILEY COUNTY,017,31 Years,97,47,50,29,11,18,0,0,0,2,1,1,66,35,31
BAILEY COUNTY,017,32 Years,93,50,43,26,14,12,1,1,0,2,1,1,64,34,30
BAILEY COUNTY,017,33 Years,81,47,34,23,13,10,2,2,0,2,1,1,54,31,23
BAILEY COUNTY,017,34 Years,84,43,41,27,16,11,0,0,0,3,1,2,54,26,28
BAILEY COUNTY,017,35 Years,82,39,43,24,14,10,0,0,0,1,0,1,57,25,32
BAILEY COUNTY,017,36 Years,80,42,38,23,14,9,1,0,1,0,0,0,56,28,28
BAILEY COUNTY,017,37 Years,89,49,40,29,16,13,1,0,1,0,0,0,59,33,26
BAILEY COUNTY,017,38 Years,82,44,38,22,13,9,2,2,0,0,0,0,58,29,29
BAILEY COUNTY,017,39 Years,71,39,32,17,10,7,1,1,0,0,0,0,53,28,25
BAILEY COUNTY,017,40 Years,79,41,38,22,10,12,1,1,0,0,0,0,56,30,26
BAILEY COUNTY,017,41 Years,73,36,37,18,6,12,1,1,0,0,0,0,54,29,25
BAILEY COUNTY,017,42 Years,83,42,41,28,14,14,0,0,0,1,0,1,54,28,26
BAILEY COUNTY,017,43 Years,75,40,35,23,14,9,0,0,0,0,0,0,52,26,26
BAILEY COUNTY,017,44 Years,74,38,36,17,10,7,1,1,0,1,0,1,55,27,28
BAILEY COUNTY,017,45 Years,69,33,36,16,7,9,0,0,0,2,1,1,51,25,26
BAILEY COUNTY,017,46 Years,71,33,38,19,9,10,1,0,1,2,0,2,49,24,25
BAILEY COUNTY,017,47 Years,77,37,40,25,13,12,2,0,2,2,1,1,48,23,25
BAILEY COUNTY,017,48 Years,70,34,36,20,8,12,0,0,0,2,2,0,48,24,24
BAILEY COUNTY,017,49 Years,73,39,34,26,13,13,1,1,0,2,2,0,44,23,21
BAILEY COUNTY,017,50 Years,78,45,33,27,15,12,0,0,0,1,1,0,50,29,21
BAILEY COUNTY,017,51 Years,69,32,37,24,10,14,0,0,0,1,0,1,44,22,22
BAILEY COUNTY,017,52 Years,68,29,39,20,7,13,0,0,0,0,0,0,48,22,26
BAILEY COUNTY,017,53 Years,77,41,36,33,14,19,1,1,0,1,1,0,42,25,17
BAILEY COUNTY,017,54 Years,82,42,40,37,18,19,1,1,0,0,0,0,44,23,21
BAILEY COUNTY,017,55 Years,81,44,37,28,14,14,0,0,0,1,1,0,52,29,23
BAILEY COUNTY,017,56 Years,78,42,36,34,21,13,0,0,0,0,0,0,44,21,23
BAILEY COUNTY,017,57 Years,73,34,39,40,18,22,0,0,0,1,0,1,32,16,16
BAILEY COUNTY,017,58 Years,72,40,32,36,20,16,1,1,0,1,0,1,34,19,15
BAILEY COUNTY,017,59 Years,90,47,43,46,22,24,3,3,0,1,0,1,40,22,18
BAILEY COUNTY,017,60 Years,86,43,43,45,21,24,3,2,1,0,0,0,38,20,18
BAILEY COUNTY,017,61 Years,72,40,32,39,23,16,1,1,0,0,0,0,32,16,16
BAILEY COUNTY,017,62 Years,79,43,36,44,24,20,1,1,0,0,0,0,34,18,16
BAILEY COUNTY,017,63 Years,81,39,42,46,22,24,1,1,0,1,0,1,33,16,17
BAILEY COUNTY,017,64 Years,71,34,37,42,19,23,0,0,0,2,1,1,27,14,13
BAILEY COUNTY,017,65 Years,62,32,30,36,17,19,1,0,1,1,0,1,24,15,9
BAILEY COUNTY,017,66 Years,61,35,26,36,19,17,1,1,0,0,0,0,24,15,9
BAILEY COUNTY,017,67 Years,58,27,31,40,17,23,0,0,0,0,0,0,18,10,8
BAILEY COUNTY,017,68 Years,63,29,34,41,18,23,0,0,0,0,0,0,22,11,11
BAILEY COUNTY,017,69 Years,52,27,25,33,18,15,1,1,0,1,1,0,17,7,10
BAILEY COUNTY,017,70 Years,49,26,23,32,18,14,1,1,0,1,0,1,15,7,8
BAILEY COUNTY,017,71 Years,51,31,20,33,21,12,0,0,0,1,0,1,17,10,7
BAILEY COUNTY,017,72 Years,55,27,28,39,19,20,1,0,1,1,1,0,14,7,7
BAILEY COUNTY,017,73 Years,57,23,34,39,16,23,0,0,0,1,1,0,17,6,11
BAILEY COUNTY,017,74 Years,48,21,27,34,15,19,0,0,0,0,0,0,14,6,8
BAILEY COUNTY,017,75 Years,54,30,24,38,22,16,0,0,0,1,0,1,15,8,7
BAILEY COUNTY,017,76 Years,39,19,20,29,14,15,0,0,0,0,0,0,10,5,5
BAILEY COUNTY,017,77 Years,38,18,20,22,11,11,0,0,0,0,0,0,16,7,9
BAILEY COUNTY,017,78 Years,34,15,19,21,9,12,0,0,0,1,1,0,12,5,7
BAILEY COUNTY,017,79 Years,35,16,19,23,9,14,0,0,0,1,1,0,11,6,5
BAILEY COUNTY,017,80 Years,38,16,22,27,8,19,0,0,0,0,0,0,11,8,3
BAILEY COUNTY,017,81 Years,34,11,23,23,9,14,1,0,1,1,0,1,9,2,7
BAILEY COUNTY,017,82 Years,30,15,15,20,10,10,0,0,0,1,0,1,9,5,4
BAILEY COUNTY,017,83 Years,29,11,18,19,7,12,0,0,0,1,0,1,9,4,5
BAILEY COUNTY,017,84 Years,29,12,17,18,6,12,1,1,0,0,0,0,10,5,5
BAILEY COUNTY,017,85 Years +,134,54,80,94,36,58,6,2,4,0,0,0,34,16,18
BANDERA COUNTY,019,All Ages,21897,10827,11070,17246,8477,8769,87,46,41,455,202,253,4109,2102,2007
BANDERA COUNTY,019,< 1 Year,174,90,84,106,58,48,2,0,2,8,2,6,58,30,28
BANDERA COUNTY,019,1 Years,168,89,79,105,57,48,2,1,1,10,4,6,51,27,24
BANDERA COUNTY,019,2 Years,160,81,79,105,55,50,0,0,0,8,3,5,47,23,24
BANDERA COUNTY,019,3 Years,163,84,79,108,57,51,2,1,1,8,4,4,45,22,23
BANDERA COUNTY,019,4 Years,170,85,85,115,58,57,1,0,1,9,6,3,45,21,24
BANDERA COUNTY,019,5 Years,180,96,84,119,62,57,2,0,2,8,6,2,51,28,23
BANDERA COUNTY,019,6 Years,183,101,82,120,66,54,1,0,1,8,3,5,54,32,22
BANDERA COUNTY,019,7 Years,186,97,89,132,66,66,1,0,1,4,2,2,49,29,20
BANDERA COUNTY,019,8 Years,195,94,101,128,58,70,4,2,2,4,1,3,59,33,26
BANDERA COUNTY,019,9 Years,207,102,105,130,64,66,1,0,1,6,3,3,70,35,35
BANDERA COUNTY,019,10 Years,204,102,102,131,67,64,0,0,0,4,2,2,69,33,36
BANDERA COUNTY,019,11 Years,208,103,105,129,65,64,1,0,1,4,3,1,74,35,39
BANDERA COUNTY,019,12 Years,213,108,105,129,65,64,1,0,1,4,2,2,79,41,38
BANDERA COUNTY,019,13 Years,242,118,124,150,73,77,3,1,2,6,1,5,83,43,40
BANDERA COUNTY,019,14 Years,239,116,123,158,74,84,3,1,2,3,1,2,75,40,35
BANDERA COUNTY,019,15 Years,246,130,116,160,83,77,2,1,1,3,1,2,81,45,36
BANDERA COUNTY,019,16 Years,242,117,125,162,78,84,4,1,3,2,1,1,74,37,37
BANDERA COUNTY,019,17 Years,267,140,127,190,101,89,4,2,2,5,2,3,68,35,33
BANDERA COUNTY,019,18 Years,265,133,132,187,93,94,3,2,1,7,2,5,68,36,32
BANDERA COUNTY,019,19 Years,243,126,117,164,88,76,3,1,2,9,3,6,67,34,33
BANDERA COUNTY,019,20 Years,233,125,108,157,82,75,2,2,0,7,2,5,67,39,28
BANDERA COUNTY,019,21 Years,233,117,116,153,74,79,1,1,0,6,2,4,73,40,33
BANDERA COUNTY,019,22 Years,233,113,120,159,75,84,0,0,0,8,3,5,66,35,31
BANDERA COUNTY,019,23 Years,223,111,112,160,77,83,1,1,0,4,2,2,58,31,27
BANDERA COUNTY,019,24 Years,206,117,89,138,78,60,0,0,0,3,2,1,65,37,28
BANDERA COUNTY,019,25 Years,155,77,78,110,55,55,0,0,0,2,1,1,43,21,22
BANDERA COUNTY,019,26 Years,152,75,77,115,55,60,1,0,1,2,2,0,34,18,16
BANDERA COUNTY,019,27 Years,146,79,67,96,51,45,0,0,0,8,5,3,42,23,19
BANDERA COUNTY,019,28 Years,133,61,72,89,39,50,0,0,0,5,2,3,39,20,19
BANDERA COUNTY,019,29 Years,139,70,69,91,50,41,1,0,1,3,1,2,44,19,25
BANDERA COUNTY,019,30 Years,129,68,61,87,47,40,1,1,0,3,2,1,38,18,20
BANDERA COUNTY,019,31 Years,142,71,71,96,48,48,0,0,0,4,3,1,42,20,22
BANDERA COUNTY,019,32 Years,135,72,63,98,51,47,0,0,0,4,3,1,33,18,15
BANDERA COUNTY,019,33 Years,149,83,66,107,58,49,0,0,0,3,2,1,39,23,16
BANDERA COUNTY,019,34 Years,150,81,69,117,63,54,0,0,0,5,3,2,28,15,13
BANDERA COUNTY,019,35 Years,181,88,93,140,65,75,0,0,0,5,2,3,36,21,15
BANDERA COUNTY,019,36 Years,182,82,100,137,58,79,0,0,0,4,1,3,41,23,18
BANDERA COUNTY,019,37 Years,174,89,85,138,67,71,1,1,0,0,0,0,35,21,14
BANDERA COUNTY,019,38 Years,185,102,83,145,79,66,1,1,0,3,2,1,36,20,16
BANDERA COUNTY,019,39 Years,180,98,82,141,78,63,1,1,0,1,0,1,37,19,18
BANDERA COUNTY,019,40 Years,190,95,95,144,74,70,2,2,0,2,0,2,42,19,23
BANDERA COUNTY,019,41 Years,200,88,112,145,67,78,0,0,0,3,2,1,52,19,33
BANDERA COUNTY,019,42 Years,190,89,101,140,66,74,1,0,1,5,2,3,44,21,23
BANDERA COUNTY,019,43 Years,212,101,111,156,72,84,0,0,0,9,4,5,47,25,22
BANDERA COUNTY,019,44 Years,207,110,97,151,78,73,2,2,0,5,3,2,49,27,22
BANDERA COUNTY,019,45 Years,245,125,120,183,94,89,1,1,0,7,4,3,54,26,28
BANDERA COUNTY,019,46 Years,269,126,143,211,100,111,1,1,0,4,1,3,53,24,29
BANDERA COUNTY,019,47 Years,272,128,144,215,104,111,1,0,1,3,1,2,53,23,30
BANDERA COUNTY,019,48 Years,284,137,147,223,109,114,0,0,0,5,2,3,56,26,30
BANDERA COUNTY,019,49 Years,289,137,152,234,113,121,0,0,0,6,2,4,49,22,27
BANDERA COUNTY,019,50 Years,305,146,159,246,120,126,0,0,0,10,4,6,49,22,27
BANDERA COUNTY,019,51 Years,349,167,182,281,132,149,2,2,0,7,2,5,59,31,28
BANDERA COUNTY,019,52 Years,395,196,199,325,160,165,1,1,0,5,2,3,64,33,31
BANDERA COUNTY,019,53 Years,406,193,213,328,155,173,0,0,0,7,5,2,71,33,38
BANDERA COUNTY,019,54 Years,402,188,214,327,148,179,1,1,0,9,6,3,65,33,32
BANDERA COUNTY,019,55 Years,433,190,243,354,158,196,1,0,1,9,3,6,69,29,40
BANDERA COUNTY,019,56 Years,458,200,258,377,163,214,1,1,0,11,3,8,69,33,36
BANDERA COUNTY,019,57 Years,444,205,239,384,173,211,2,1,1,4,2,2,54,29,25
BANDERA COUNTY,019,58 Years,439,221,218,374,188,186,2,1,1,7,3,4,56,29,27
BANDERA COUNTY,019,59 Years,445,206,239,381,174,207,4,3,1,8,5,3,52,24,28
BANDERA COUNTY,019,60 Years,469,216,253,404,185,219,2,1,1,5,2,3,58,28,30
BANDERA COUNTY,019,61 Years,446,218,228,387,191,196,0,0,0,5,1,4,54,26,28
BANDERA COUNTY,019,62 Years,436,208,228,380,181,199,0,0,0,7,2,5,49,25,24
BANDERA COUNTY,019,63 Years,436,214,222,379,183,196,1,0,1,4,1,3,52,30,22
BANDERA COUNTY,019,64 Years,422,215,207,364,188,176,2,1,1,8,2,6,48,24,24
BANDERA COUNTY,019,65 Years,397,202,195,347,177,170,1,0,1,8,4,4,41,21,20
BANDERA COUNTY,019,66 Years,386,187,199,339,162,177,0,0,0,3,1,2,44,24,20
BANDERA COUNTY,019,67 Years,407,208,199,356,179,177,1,1,0,9,4,5,41,24,17
BANDERA COUNTY,019,68 Years,433,223,210,373,191,182,1,1,0,6,4,2,53,27,26
BANDERA COUNTY,019,69 Years,428,213,215,368,179,189,0,0,0,7,3,4,53,31,22
BANDERA COUNTY,019,70 Years,340,168,172,292,138,154,1,1,0,10,5,5,37,24,13
BANDERA COUNTY,019,71 Years,321,167,154,288,149,139,1,1,0,7,1,6,25,16,9
BANDERA COUNTY,019,72 Years,321,155,166,287,143,144,1,0,1,4,0,4,29,12,17
BANDERA COUNTY,019,73 Years,322,157,165,286,142,144,0,0,0,8,4,4,28,11,17
BANDERA COUNTY,019,74 Years,289,143,146,262,132,130,1,1,0,4,2,2,22,8,14
BANDERA COUNTY,019,75 Years,254,130,124,232,118,114,0,0,0,4,2,2,18,10,8
BANDERA COUNTY,019,76 Years,220,118,102,192,103,89,0,0,0,3,1,2,25,14,11
BANDERA COUNTY,019,77 Years,192,100,92,168,89,79,0,0,0,3,1,2,21,10,11
BANDERA COUNTY,019,78 Years,171,83,88,150,72,78,1,1,0,4,3,1,16,7,9
BANDERA COUNTY,019,79 Years,141,66,75,123,57,66,1,1,0,3,2,1,14,6,8
BANDERA COUNTY,019,80 Years,137,65,72,116,55,61,0,0,0,3,2,1,18,8,10
BANDERA COUNTY,019,81 Years,131,69,62,113,61,52,1,0,1,1,1,0,16,7,9
BANDERA COUNTY,019,82 Years,113,57,56,97,49,48,0,0,0,1,0,1,15,8,7
BANDERA COUNTY,019,83 Years,103,54,49,87,46,41,0,0,0,2,1,1,14,7,7
BANDERA COUNTY,019,84 Years,94,46,48,82,39,43,0,0,0,2,1,1,10,6,4
BANDERA COUNTY,019,85 Years +,439,206,233,393,182,211,0,0,0,8,4,4,38,20,18
BASTROP COUNTY,021,All Ages,85193,43047,42146,43300,21094,22206,6166,3280,2886,2741,1381,1360,32986,17292,15694
BASTROP COUNTY,021,< 1 Year,1044,517,527,340,169,171,65,34,31,52,29,23,587,285,302
BASTROP COUNTY,021,1 Years,1032,515,517,336,168,168,65,36,29,50,25,25,581,286,295
BASTROP COUNTY,021,2 Years,998,504,494,338,174,164,59,31,28,48,26,22,553,273,280
BASTROP COUNTY,021,3 Years,958,486,472,324,167,157,59,32,27,44,25,19,531,262,269
BASTROP COUNTY,021,4 Years,904,459,445,311,160,151,54,27,27,38,23,15,501,249,252
BASTROP COUNTY,021,5 Years,933,478,455,296,153,143,50,24,26,51,28,23,536,273,263
BASTROP COUNTY,021,6 Years,1015,526,489,321,169,152,61,36,25,50,22,28,583,299,284
BASTROP COUNTY,021,7 Years,1107,549,558,370,177,193,63,32,31,59,29,30,615,311,304
BASTROP COUNTY,021,8 Years,1173,619,554,385,197,188,70,34,36,66,36,30,652,352,300
BASTROP COUNTY,021,9 Years,1226,659,567,382,218,164,68,33,35,68,39,29,708,369,339
BASTROP COUNTY,021,10 Years,1230,655,575,403,220,183,63,30,33,66,33,33,698,372,326
BASTROP COUNTY,021,11 Years,1268,678,590,437,235,202,66,34,32,57,27,30,708,382,326
BASTROP COUNTY,021,12 Years,1299,659,640,438,231,207,74,29,45,62,31,31,725,368,357
BASTROP COUNTY,021,13 Years,1329,670,659,459,236,223,77,29,48,66,31,35,727,374,353
BASTROP COUNTY,021,14 Years,1355,700,655,489,256,233,75,32,43,61,30,31,730,382,348
BASTROP COUNTY,021,15 Years,1375,710,665,494,255,239,87,40,47,59,29,30,735,386,349
BASTROP COUNTY,021,16 Years,1406,750,656,508,265,243,100,48,52,58,31,27,740,406,334
BASTROP COUNTY,021,17 Years,1434,760,674,541,278,263,115,60,55,56,28,28,722,394,328
BASTROP COUNTY,021,18 Years,1356,707,649,511,253,258,125,68,57,54,24,30,666,362,304
BASTROP COUNTY,021,19 Years,1225,651,574,453,234,219,112,59,53,52,29,23,608,329,279
BASTROP COUNTY,021,20 Years,1171,628,543,416,203,213,100,60,40,41,24,17,614,341,273
BASTROP COUNTY,021,21 Years,1162,623,539,411,207,204,94,55,39,47,28,19,610,333,277
BASTROP COUNTY,021,22 Years,1098,573,525,373,179,194,92,49,43,36,20,16,597,325,272
BASTROP COUNTY,021,23 Years,1130,581,549,417,207,210,71,38,33,36,18,18,606,318,288
BASTROP COUNTY,021,24 Years,1112,579,533,423,212,211,87,53,34,32,12,20,570,302,268
BASTROP COUNTY,021,25 Years,959,514,445,326,163,163,87,50,37,31,16,15,515,285,230
BASTROP COUNTY,021,26 Years,874,462,412,330,158,172,73,44,29,33,15,18,438,245,193
BASTROP COUNTY,021,27 Years,779,431,348,329,165,164,60,37,23,23,14,9,367,215,152
BASTROP COUNTY,021,28 Years,775,412,363,324,151,173,65,37,28,15,9,6,371,215,156
BASTROP COUNTY,021,29 Years,763,412,351,297,149,148,71,41,30,23,12,11,372,210,162
BASTROP COUNTY,021,30 Years,827,447,380,344,181,163,63,42,21,18,10,8,402,214,188
BASTROP COUNTY,021,31 Years,823,429,394,330,148,182,56,37,19,22,15,7,415,229,186
BASTROP COUNTY,021,32 Years,902,473,429,350,169,181,66,40,26,18,11,7,468,253,215
BASTROP COUNTY,021,33 Years,942,476,466,383,187,196,55,34,21,20,10,10,484,245,239
BASTROP COUNTY,021,34 Years,1058,540,518,445,211,234,64,41,23,22,10,12,527,278,249
BASTROP COUNTY,021,35 Years,1086,557,529,459,227,232,85,55,30,24,11,13,518,264,254
BASTROP COUNTY,021,36 Years,1084,553,531,458,226,232,72,48,24,28,13,15,526,266,260
BASTROP COUNTY,021,37 Years,1135,593,542,517,255,262,77,51,26,34,18,16,507,269,238
BASTROP COUNTY,021,38 Years,1065,561,504,461,224,237,80,53,27,32,16,16,492,268,224
BASTROP COUNTY,021,39 Years,1100,566,534,482,233,249,79,50,29,33,16,17,506,267,239
BASTROP COUNTY,021,40 Years,1100,561,539,487,229,258,92,57,35,31,16,15,490,259,231
BASTROP COUNTY,021,41 Years,1104,558,546,492,238,254,80,49,31,28,13,15,504,258,246
BASTROP COUNTY,021,42 Years,1121,565,556,541,271,270,88,51,37,29,13,16,463,230,233
BASTROP COUNTY,021,43 Years,1092,569,523,520,267,253,91,54,37,27,17,10,454,231,223
BASTROP COUNTY,021,44 Years,1173,613,560,566,280,286,94,56,38,25,15,10,488,262,226
BASTROP COUNTY,021,45 Years,1185,602,583,607,290,317,115,69,46,28,16,12,435,227,208
BASTROP COUNTY,021,46 Years,1190,599,591,622,307,315,97,53,44,35,15,20,436,224,212
BASTROP COUNTY,021,47 Years,1158,589,569,619,307,312,94,53,41,37,15,22,408,214,194
BASTROP COUNTY,021,48 Years,1061,541,520,558,285,273,93,49,44,28,12,16,382,195,187
BASTROP COUNTY,021,49 Years,1077,555,522,587,303,284,102,54,48,32,15,17,356,183,173
BASTROP COUNTY,021,50 Years,1115,575,540,616,307,309,105,56,49,32,16,16,362,196,166
BASTROP COUNTY,021,51 Years,1221,619,602,724,359,365,116,64,52,31,17,14,350,179,171
BASTROP COUNTY,021,52 Years,1205,605,600,736,371,365,107,50,57,35,19,16,327,165,162
BASTROP COUNTY,021,53 Years,1240,644,596,780,393,387,97,55,42,32,18,14,331,178,153
BASTROP COUNTY,021,54 Years,1231,628,603,766,375,391,89,50,39,39,18,21,337,185,152
BASTROP COUNTY,021,55 Years,1244,628,616,799,394,405,105,56,49,43,20,23,297,158,139
BASTROP COUNTY,021,56 Years,1255,616,639,826,392,434,95,47,48,33,14,19,301,163,138
BASTROP COUNTY,021,57 Years,1271,617,654,854,400,454,106,58,48,35,17,18,276,142,134
BASTROP COUNTY,021,58 Years,1267,597,670,884,408,476,94,45,49,27,13,14,262,131,131
BASTROP COUNTY,021,59 Years,1221,589,632,853,402,451,90,42,48,30,14,16,248,131,117
BASTROP COUNTY,021,60 Years,1219,594,625,858,403,455,98,49,49,28,12,16,235,130,105
BASTROP COUNTY,021,61 Years,1144,551,593,827,385,442,76,38,38,26,12,14,215,116,99
BASTROP COUNTY,021,62 Years,1102,529,573,803,379,424,75,36,39,29,12,17,195,102,93
BASTROP COUNTY,021,63 Years,1092,529,563,818,390,428,73,38,35,30,15,15,171,86,85
BASTROP COUNTY,021,64 Years,1073,537,536,801,403,398,65,29,36,33,17,16,174,88,86
BASTROP COUNTY,021,65 Years,1013,502,511,757,375,382,71,33,38,27,14,13,158,80,78
BASTROP COUNTY,021,66 Years,961,488,473,715,355,360,66,35,31,30,17,13,150,81,69
BASTROP COUNTY,021,67 Years,936,442,494,714,333,381,57,27,30,27,13,14,138,69,69
BASTROP COUNTY,021,68 Years,1006,476,530,768,363,405,66,28,38,23,10,13,149,75,74
BASTROP COUNTY,021,69 Years,947,457,490,723,354,369,63,29,34,23,10,13,138,64,74
BASTROP COUNTY,021,70 Years,764,376,388,569,279,290,52,24,28,16,8,8,127,65,62
BASTROP COUNTY,021,71 Years,683,328,355,517,249,268,45,20,25,13,5,8,108,54,54
BASTROP COUNTY,021,72 Years,641,300,341,514,240,274,38,16,22,12,5,7,77,39,38
BASTROP COUNTY,021,73 Years,606,279,327,497,234,263,31,12,19,11,3,8,67,30,37
BASTROP COUNTY,021,74 Years,524,245,279,412,195,217,37,14,23,7,1,6,68,35,33
BASTROP COUNTY,021,75 Years,458,211,247,362,169,193,31,14,17,7,3,4,58,25,33
BASTROP COUNTY,021,76 Years,436,198,238,343,157,186,32,16,16,7,4,3,54,21,33
BASTROP COUNTY,021,77 Years,410,191,219,313,143,170,32,17,15,6,3,3,59,28,31
BASTROP COUNTY,021,78 Years,378,175,203,301,141,160,22,9,13,9,4,5,46,21,25
BASTROP COUNTY,021,79 Years,319,147,172,262,122,140,18,6,12,6,3,3,33,16,17
BASTROP COUNTY,021,80 Years,293,127,166,238,104,134,18,6,12,9,5,4,28,12,16
BASTROP COUNTY,021,81 Years,292,124,168,231,98,133,26,10,16,5,2,3,30,14,16
BASTROP COUNTY,021,82 Years,232,99,133,185,80,105,17,8,9,4,2,2,26,9,17
BASTROP COUNTY,021,83 Years,216,93,123,179,81,98,16,5,11,3,1,2,18,6,12
BASTROP COUNTY,021,84 Years,193,82,111,158,70,88,15,5,10,3,1,2,17,6,11
BASTROP COUNTY,021,85 Years +,1212,435,777,987,344,643,71,25,46,25,13,12,129,53,76
BAYLOR COUNTY,023,All Ages,3761,1828,1933,3136,1540,1596,77,41,36,71,28,43,477,219,258
BAYLOR COUNTY,023,< 1 Year,39,16,23,32,14,18,0,0,0,5,1,4,2,1,1
BAYLOR COUNTY,023,1 Years,39,19,20,32,17,15,0,0,0,5,1,4,2,1,1
BAYLOR COUNTY,023,2 Years,34,16,18,27,15,12,0,0,0,5,0,5,2,1,1
BAYLOR COUNTY,023,3 Years,39,20,19,30,16,14,1,0,1,4,2,2,4,2,2
BAYLOR COUNTY,023,4 Years,34,20,14,27,15,12,1,1,0,4,3,1,2,1,1
BAYLOR COUNTY,023,5 Years,41,20,21,34,16,18,2,1,1,0,0,0,5,3,2
BAYLOR COUNTY,023,6 Years,44,25,19,36,21,15,0,0,0,2,1,1,6,3,3
BAYLOR COUNTY,023,7 Years,45,22,23,31,17,14,2,0,2,2,2,0,10,3,7
BAYLOR COUNTY,023,8 Years,35,21,14,23,14,9,1,1,0,1,1,0,10,5,5
BAYLOR COUNTY,023,9 Years,51,29,22,34,19,15,0,0,0,2,2,0,15,8,7
BAYLOR COUNTY,023,10 Years,54,35,19,37,26,11,2,2,0,2,1,1,13,6,7
BAYLOR COUNTY,023,11 Years,48,23,25,36,17,19,2,2,0,1,1,0,9,3,6
BAYLOR COUNTY,023,12 Years,41,16,25,34,14,20,0,0,0,1,0,1,6,2,4
BAYLOR COUNTY,023,13 Years,38,18,20,28,13,15,1,1,0,1,0,1,8,4,4
BAYLOR COUNTY,023,14 Years,40,19,21,30,15,15,0,0,0,1,0,1,9,4,5
BAYLOR COUNTY,023,15 Years,44,24,20,32,19,13,2,1,1,0,0,0,10,4,6
BAYLOR COUNTY,023,16 Years,46,22,24,33,18,15,2,0,2,1,1,0,10,3,7
BAYLOR COUNTY,023,17 Years,45,21,24,31,15,16,0,0,0,0,0,0,14,6,8
BAYLOR COUNTY,023,18 Years,43,21,22,30,16,14,0,0,0,1,0,1,12,5,7
BAYLOR COUNTY,023,19 Years,38,18,20,21,9,12,2,1,1,1,1,0,14,7,7
BAYLOR COUNTY,023,20 Years,32,16,16,25,13,12,1,0,1,0,0,0,6,3,3
BAYLOR COUNTY,023,21 Years,38,19,19,28,15,13,0,0,0,0,0,0,10,4,6
BAYLOR COUNTY,023,22 Years,38,19,19,32,17,15,0,0,0,0,0,0,6,2,4
BAYLOR COUNTY,023,23 Years,47,25,22,38,21,17,0,0,0,0,0,0,9,4,5
BAYLOR COUNTY,023,24 Years,55,21,34,43,18,25,1,0,1,0,0,0,11,3,8
BAYLOR COUNTY,023,25 Years,58,25,33,46,19,27,1,1,0,0,0,0,11,5,6
BAYLOR COUNTY,023,26 Years,56,26,30,47,21,26,1,0,1,0,0,0,8,5,3
BAYLOR COUNTY,023,27 Years,53,26,27,47,22,25,0,0,0,0,0,0,6,4,2
BAYLOR COUNTY,023,28 Years,41,16,25,36,15,21,0,0,0,0,0,0,5,1,4
BAYLOR COUNTY,023,29 Years,35,17,18,29,15,14,0,0,0,0,0,0,6,2,4
BAYLOR COUNTY,023,30 Years,38,20,18,33,18,15,1,1,0,0,0,0,4,1,3
BAYLOR COUNTY,023,31 Years,45,26,19,39,23,16,0,0,0,0,0,0,6,3,3
BAYLOR COUNTY,023,32 Years,39,21,18,31,17,14,0,0,0,0,0,0,8,4,4
BAYLOR COUNTY,023,33 Years,27,14,13,22,11,11,0,0,0,0,0,0,5,3,2
BAYLOR COUNTY,023,34 Years,27,12,15,23,10,13,0,0,0,0,0,0,4,2,2
BAYLOR COUNTY,023,35 Years,35,17,18,28,16,12,1,1,0,1,0,1,5,0,5
BAYLOR COUNTY,023,36 Years,39,22,17,25,15,10,1,1,0,1,1,0,12,5,7
BAYLOR COUNTY,023,37 Years,36,20,16,25,15,10,0,0,0,1,0,1,10,5,5
BAYLOR COUNTY,023,38 Years,33,18,15,30,17,13,1,0,1,0,0,0,2,1,1
BAYLOR COUNTY,023,39 Years,34,15,19,30,12,18,0,0,0,0,0,0,4,3,1
BAYLOR COUNTY,023,40 Years,32,17,15,27,14,13,0,0,0,0,0,0,5,3,2
BAYLOR COUNTY,023,41 Years,28,12,16,24,11,13,0,0,0,0,0,0,4,1,3
BAYLOR COUNTY,023,42 Years,23,11,12,20,9,11,0,0,0,0,0,0,3,2,1
BAYLOR COUNTY,023,43 Years,32,15,17,26,13,13,1,1,0,0,0,0,5,1,4
BAYLOR COUNTY,023,44 Years,31,17,14,27,14,13,2,2,0,0,0,0,2,1,1
BAYLOR COUNTY,023,45 Years,41,18,23,37,16,21,1,1,0,0,0,0,3,1,2
BAYLOR COUNTY,023,46 Years,38,18,20,33,16,17,0,0,0,0,0,0,5,2,3
BAYLOR COUNTY,023,47 Years,48,26,22,42,22,20,0,0,0,0,0,0,6,4,2
BAYLOR COUNTY,023,48 Years,41,20,21,36,18,18,1,0,1,0,0,0,4,2,2
BAYLOR COUNTY,023,49 Years,38,14,24,32,11,21,1,0,1,0,0,0,5,3,2
BAYLOR COUNTY,023,50 Years,44,17,27,37,14,23,1,0,1,0,0,0,6,3,3
BAYLOR COUNTY,023,51 Years,53,25,28,45,21,24,2,1,1,0,0,0,6,3,3
BAYLOR COUNTY,023,52 Years,57,29,28,50,26,24,2,1,1,0,0,0,5,2,3
BAYLOR COUNTY,023,53 Years,50,28,22,42,21,21,3,3,0,0,0,0,5,4,1
BAYLOR COUNTY,023,54 Years,47,27,20,42,24,18,1,1,0,0,0,0,4,2,2
BAYLOR COUNTY,023,55 Years,53,27,26,47,23,24,0,0,0,0,0,0,6,4,2
BAYLOR COUNTY,023,56 Years,61,37,24,56,35,21,1,0,1,1,1,0,3,1,2
BAYLOR COUNTY,023,57 Years,55,28,27,46,25,21,2,0,2,1,1,0,6,2,4
BAYLOR COUNTY,023,58 Years,66,29,37,56,26,30,2,0,2,2,0,2,6,3,3
BAYLOR COUNTY,023,59 Years,59,25,34,51,22,29,2,1,1,0,0,0,6,2,4
BAYLOR COUNTY,023,60 Years,63,31,32,53,27,26,1,1,0,0,0,0,9,3,6
BAYLOR COUNTY,023,61 Years,54,33,21,43,26,17,1,1,0,1,1,0,9,5,4
BAYLOR COUNTY,023,62 Years,55,29,26,47,26,21,1,1,0,2,0,2,5,2,3
BAYLOR COUNTY,023,63 Years,48,29,19,44,25,19,1,1,0,2,2,0,1,1,0
BAYLOR COUNTY,023,64 Years,51,27,24,45,24,21,1,0,1,2,2,0,3,1,2
BAYLOR COUNTY,023,65 Years,48,24,24,41,20,21,1,1,0,2,1,1,4,2,2
BAYLOR COUNTY,023,66 Years,46,25,21,40,22,18,0,0,0,2,0,2,4,3,1
BAYLOR COUNTY,023,67 Years,48,23,25,42,20,22,1,1,0,2,0,2,3,2,1
BAYLOR COUNTY,023,68 Years,40,17,23,37,16,21,1,1,0,2,0,2,0,0,0
BAYLOR COUNTY,023,69 Years,39,16,23,35,14,21,1,0,1,0,0,0,3,2,1
BAYLOR COUNTY,023,70 Years,47,22,25,43,19,24,0,0,0,1,1,0,3,2,1
BAYLOR COUNTY,023,71 Years,55,24,31,47,20,27,3,1,2,0,0,0,5,3,2
BAYLOR COUNTY,023,72 Years,43,21,22,37,18,19,2,0,2,2,1,1,2,2,0
BAYLOR COUNTY,023,73 Years,55,26,29,51,24,27,1,0,1,0,0,0,3,2,1
BAYLOR COUNTY,023,74 Years,53,26,27,49,25,24,2,1,1,0,0,0,2,0,2
BAYLOR COUNTY,023,75 Years,40,19,21,39,18,21,1,1,0,0,0,0,0,0,0
BAYLOR COUNTY,023,76 Years,38,15,23,35,14,21,2,1,1,0,0,0,1,0,1
BAYLOR COUNTY,023,77 Years,34,15,19,31,13,18,0,0,0,0,0,0,3,2,1
BAYLOR COUNTY,023,78 Years,34,18,16,30,15,15,1,1,0,0,0,0,3,2,1
BAYLOR COUNTY,023,79 Years,38,22,16,34,21,13,1,0,1,1,0,1,2,1,1
BAYLOR COUNTY,023,80 Years,28,13,15,26,12,14,0,0,0,0,0,0,2,1,1
BAYLOR COUNTY,023,81 Years,31,10,21,29,10,19,1,0,1,1,0,1,0,0,0
BAYLOR COUNTY,023,82 Years,35,16,19,31,14,17,1,1,0,1,0,1,2,1,1
BAYLOR COUNTY,023,83 Years,25,11,14,20,9,11,1,1,0,1,0,1,3,1,2
BAYLOR COUNTY,023,84 Years,25,7,18,21,5,16,2,1,1,0,0,0,2,1,1
BAYLOR COUNTY,023,85 Years +,147,49,98,135,46,89,2,1,1,3,0,3,7,2,5
BEE COUNTY,025,All Ages,32910,19696,13214,10863,6653,4210,2550,2331,219,523,275,248,18974,10437,8537
BEE COUNTY,025,< 1 Year,351,182,169,71,39,32,9,4,5,5,4,1,266,135,131
BEE COUNTY,025,1 Years,369,190,179,71,38,33,11,6,5,6,4,2,281,142,139
BEE COUNTY,025,2 Years,378,200,178,72,40,32,10,6,4,8,4,4,288,150,138
BEE COUNTY,025,3 Years,361,191,170,72,36,36,10,6,4,6,2,4,273,147,126
BEE COUNTY,025,4 Years,355,188,167,76,38,38,7,5,2,6,2,4,266,143,123
BEE COUNTY,025,5 Years,335,166,169,69,30,39,10,4,6,7,4,3,249,128,121
BEE COUNTY,025,6 Years,342,157,185,76,29,47,9,6,3,10,4,6,247,118,129
BEE COUNTY,025,7 Years,371,180,191,81,39,42,9,7,2,12,6,6,269,128,141
BEE COUNTY,025,8 Years,372,185,187,79,42,37,9,7,2,13,5,8,271,131,140
BEE COUNTY,025,9 Years,412,206,206,96,52,44,4,3,1,11,6,5,301,145,156
BEE COUNTY,025,10 Years,414,223,191,91,50,41,4,2,2,13,8,5,306,163,143
BEE COUNTY,025,11 Years,396,201,195,90,52,38,5,3,2,10,8,2,291,138,153
BEE COUNTY,025,12 Years,391,197,194,80,41,39,3,1,2,9,7,2,299,148,151
BEE COUNTY,025,13 Years,397,193,204,84,45,39,6,3,3,10,7,3,297,138,159
BEE COUNTY,025,14 Years,377,202,175,79,47,32,5,3,2,6,3,3,287,149,138
BEE COUNTY,025,15 Years,417,216,201,94,61,33,6,5,1,4,3,1,313,147,166
BEE COUNTY,025,16 Years,431,223,208,85,45,40,6,4,2,10,7,3,330,167,163
BEE COUNTY,025,17 Years,401,205,196,83,41,42,7,5,2,4,2,2,307,157,150
BEE COUNTY,025,18 Years,432,246,186,80,45,35,21,19,2,3,2,1,328,180,148
BEE COUNTY,025,19 Years,492,321,171,93,63,30,62,59,3,5,3,2,332,196,136
BEE COUNTY,025,20 Years,520,350,170,95,60,35,48,47,1,5,3,2,372,240,132
BEE COUNTY,025,21 Years,554,371,183,104,64,40,68,64,4,2,0,2,380,243,137
BEE COUNTY,025,22 Years,546,379,167,105,72,33,64,60,4,5,2,3,372,245,127
BEE COUNTY,025,23 Years,567,382,185,120,76,44,72,68,4,10,5,5,365,233,132
BEE COUNTY,025,24 Years,594,390,204,148,93,55,64,58,6,13,7,6,369,232,137
BEE COUNTY,025,25 Years,584,393,191,162,93,69,64,58,6,10,8,2,348,234,114
BEE COUNTY,025,26 Years,601,416,185,173,114,59,75,68,7,8,7,1,345,227,118
BEE COUNTY,025,27 Years,570,408,162,158,105,53,73,68,5,7,4,3,332,231,101
BEE COUNTY,025,28 Years,487,354,133,144,107,37,69,67,2,7,4,3,267,176,91
BEE COUNTY,025,29 Years,558,419,139,178,141,37,65,64,1,9,5,4,306,209,97
BEE COUNTY,025,30 Years,490,349,141,158,114,44,54,52,2,5,3,2,273,180,93
BEE COUNTY,025,31 Years,554,403,151,177,131,46,75,72,3,4,1,3,298,199,99
BEE COUNTY,025,32 Years,496,345,151,151,112,39,62,60,2,4,1,3,279,172,107
BEE COUNTY,025,33 Years,493,342,151,146,107,39,69,66,3,3,1,2,275,168,107
BEE COUNTY,025,34 Years,511,368,143,151,111,40,73,68,5,5,3,2,282,186,96
BEE COUNTY,025,35 Years,489,339,150,153,112,41,58,57,1,7,4,3,271,166,105
BEE COUNTY,025,36 Years,496,346,150,168,122,46,58,56,2,4,2,2,266,166,100
BEE COUNTY,025,37 Years,461,338,123,149,116,33,55,53,2,4,2,2,253,167,86
BEE COUNTY,025,38 Years,472,338,134,157,120,37,54,52,2,12,6,6,249,160,89
BEE COUNTY,025,39 Years,489,339,150,170,130,40,66,65,1,7,2,5,246,142,104
BEE COUNTY,025,40 Years,503,356,147,162,122,40,59,57,2,4,2,2,278,175,103
BEE COUNTY,025,41 Years,458,323,135,168,125,43,60,60,0,5,4,1,225,134,91
BEE COUNTY,025,42 Years,467,323,144,164,119,45,61,60,1,8,5,3,234,139,95
BEE COUNTY,025,43 Years,452,309,143,154,108,46,58,58,0,10,7,3,230,136,94
BEE COUNTY,025,44 Years,474,323,151,177,129,48,57,56,1,10,6,4,230,132,98
BEE COUNTY,025,45 Years,497,349,148,177,128,49,73,71,2,8,5,3,239,145,94
BEE COUNTY,025,46 Years,461,309,152,170,128,42,72,70,2,10,5,5,209,106,103
BEE COUNTY,025,47 Years,430,298,132,166,119,47,58,55,3,5,3,2,201,121,80
BEE COUNTY,025,48 Years,404,264,140,160,113,47,50,47,3,7,4,3,187,100,87
BEE COUNTY,025,49 Years,426,260,166,174,121,53,49,47,2,8,5,3,195,87,108
BEE COUNTY,025,50 Years,425,276,149,171,118,53,48,46,2,4,1,3,202,111,91
BEE COUNTY,025,51 Years,403,242,161,143,102,41,39,35,4,10,4,6,211,101,110
BEE COUNTY,025,52 Years,453,280,173,171,114,57,42,41,1,7,4,3,233,121,112
BEE COUNTY,025,53 Years,462,284,178,202,138,64,39,35,4,3,2,1,218,109,109
BEE COUNTY,025,54 Years,422,240,182,180,115,65,25,21,4,6,2,4,211,102,109
BEE COUNTY,025,55 Years,443,261,182,197,119,78,29,25,4,10,4,6,207,113,94
BEE COUNTY,025,56 Years,407,226,181,187,110,77,33,28,5,5,2,3,182,86,96
BEE COUNTY,025,57 Years,415,227,188,179,104,75,31,27,4,5,2,3,200,94,106
BEE COUNTY,025,58 Years,423,227,196,193,110,83,26,24,2,5,2,3,199,91,108
BEE COUNTY,025,59 Years,375,202,173,178,93,85,19,15,4,9,4,5,169,90,79
BEE COUNTY,025,60 Years,367,176,191,170,78,92,13,10,3,6,3,3,178,85,93
BEE COUNTY,025,61 Years,345,160,185,156,74,82,11,7,4,6,5,1,172,74,98
BEE COUNTY,025,62 Years,317,151,166,145,71,74,5,4,1,4,2,2,163,74,89
BEE COUNTY,025,63 Years,335,172,163,149,76,73,11,8,3,6,1,5,169,87,82
BEE COUNTY,025,64 Years,311,147,164,136,65,71,9,6,3,4,1,3,162,75,87
BEE COUNTY,025,65 Years,291,132,159,141,72,69,2,2,0,3,2,1,145,56,89
BEE COUNTY,025,66 Years,272,127,145,132,64,68,3,3,0,3,1,2,134,59,75
BEE COUNTY,025,67 Years,273,129,144,120,61,59,5,3,2,3,0,3,145,65,80
BEE COUNTY,025,68 Years,307,155,152,150,82,68,8,4,4,4,2,2,145,67,78
BEE COUNTY,025,69 Years,265,130,135,135,71,64,5,1,4,7,4,3,118,54,64
BEE COUNTY,025,70 Years,220,118,102,106,59,47,4,2,2,5,3,2,105,54,51
BEE COUNTY,025,71 Years,214,104,110,106,50,56,6,2,4,4,2,2,98,50,48
BEE COUNTY,025,72 Years,203,99,104,103,54,49,5,3,2,5,2,3,90,40,50
BEE COUNTY,025,73 Years,202,88,114,113,54,59,3,1,2,2,1,1,84,32,52
BEE COUNTY,025,74 Years,162,68,94,92,44,48,4,0,4,3,1,2,63,23,40
BEE COUNTY,025,75 Years,157,74,83,78,40,38,6,1,5,3,2,1,70,31,39
BEE COUNTY,025,76 Years,161,72,89,80,37,43,4,3,1,2,1,1,75,31,44
BEE COUNTY,025,77 Years,137,66,71,75,37,38,1,1,0,1,0,1,60,28,32
BEE COUNTY,025,78 Years,135,66,69,64,31,33,2,2,0,3,1,2,66,32,34
BEE COUNTY,025,79 Years,115,53,62,60,28,32,5,2,3,2,2,0,48,21,27
BEE COUNTY,025,80 Years,119,49,70,55,24,31,1,0,1,2,1,1,61,24,37
BEE COUNTY,025,81 Years,115,50,65,54,23,31,3,3,0,2,1,1,56,23,33
BEE COUNTY,025,82 Years,99,45,54,48,19,29,1,1,0,1,0,1,49,25,24
BEE COUNTY,025,83 Years,93,38,55,42,16,26,1,1,0,1,0,1,49,21,28
BEE COUNTY,025,84 Years,85,32,53,40,15,25,1,1,0,2,1,1,42,15,27
BEE COUNTY,025,85 Years +,484,175,309,251,100,151,4,1,3,11,2,9,218,72,146
BELL COUNTY,027,All Ages,341417,169398,172019,161915,81212,80703,67765,33645,34120,29692,13443,16249,82045,41098,40947
BELL COUNTY,027,< 1 Year,5836,2936,2900,2067,1058,1009,1186,579,607,569,298,271,2014,1001,1013
BELL COUNTY,027,1 Years,5905,2973,2932,2182,1112,1070,1190,579,611,635,333,302,1898,949,949
BELL COUNTY,027,2 Years,6031,3050,2981,2333,1189,1144,1181,582,599,701,357,344,1816,922,894
BELL COUNTY,027,3 Years,6013,3014,2999,2356,1184,1172,1143,571,572,710,344,366,1804,915,889
BELL COUNTY,027,4 Years,6091,3062,3029,2401,1202,1199,1124,571,553,756,362,394,1810,927,883
BELL COUNTY,027,5 Years,6329,3166,3163,2448,1232,1216,1136,568,568,885,421,464,1860,945,915
BELL COUNTY,027,6 Years,5778,2978,2800,2235,1212,1023,1035,536,499,779,378,401,1729,852,877
BELL COUNTY,027,7 Years,5844,2964,2880,2222,1169,1053,1064,537,527,809,385,424,1749,873,876
BELL COUNTY,027,8 Years,5812,2936,2876,2269,1156,1113,1083,553,530,749,359,390,1711,868,843
BELL COUNTY,027,9 Years,5613,2845,2768,2092,1091,1001,1097,565,532,679,322,357,1745,867,878
BELL COUNTY,027,10 Years,5381,2735,2646,1985,1006,979,1106,569,537,614,298,316,1676,862,814
BELL COUNTY,027,11 Years,5112,2601,2511,1888,977,911,1062,527,535,589,294,295,1573,803,770
BELL COUNTY,027,12 Years,4918,2539,2379,1829,956,873,994,499,495,531,260,271,1564,824,740
BELL COUNTY,027,13 Years,4721,2423,2298,1707,864,843,1039,528,511,478,243,235,1497,788,709
BELL COUNTY,027,14 Years,4754,2438,2316,1700,866,834,1102,558,544,457,228,229,1495,786,709
BELL COUNTY,027,15 Years,4712,2395,2317,1670,861,809,1124,564,560,446,225,221,1472,745,727
BELL COUNTY,027,16 Years,4676,2389,2287,1639,845,794,1133,566,567,430,225,205,1474,753,721
BELL COUNTY,027,17 Years,4498,2340,2158,1546,803,743,1115,566,549,401,199,202,1436,772,664
BELL COUNTY,027,18 Years,4309,2246,2063,1484,786,698,1070,583,487,373,174,199,1382,703,679
BELL COUNTY,027,19 Years,4001,2087,1914,1400,745,655,952,512,440,362,183,179,1287,647,640
BELL COUNTY,027,20 Years,4143,2152,1991,1452,754,698,962,505,457,401,198,203,1328,695,633
BELL COUNTY,027,21 Years,4322,2214,2108,1592,838,754,991,480,511,374,191,183,1365,705,660
BELL COUNTY,027,22 Years,4540,2304,2236,1693,864,829,1097,550,547,390,198,192,1360,692,668
BELL COUNTY,027,23 Years,4926,2514,2412,1936,998,938,1139,560,579,421,207,214,1430,749,681
BELL COUNTY,027,24 Years,5457,2712,2745,2311,1129,1182,1121,564,557,499,248,251,1526,771,755
BELL COUNTY,027,25 Years,6568,3325,3243,3149,1611,1538,1145,561,584,613,309,304,1661,844,817
BELL COUNTY,027,26 Years,7235,3643,3592,3708,1870,1838,1168,578,590,638,299,339,1721,896,825
BELL COUNTY,027,27 Years,7714,3878,3836,4183,2111,2072,1228,617,611,618,270,348,1685,880,805
BELL COUNTY,027,28 Years,7800,3941,3859,4320,2209,2111,1291,634,657,560,259,301,1629,839,790
BELL COUNTY,027,29 Years,7398,3858,3540,4033,2162,1871,1269,635,634,560,269,291,1536,792,744
BELL COUNTY,027,30 Years,7050,3729,3321,3704,2045,1659,1310,654,656,558,273,285,1478,757,721
BELL COUNTY,027,31 Years,6571,3472,3099,3299,1832,1467,1241,623,618,527,271,256,1504,746,758
BELL COUNTY,027,32 Years,5915,3070,2845,2830,1550,1280,1149,581,568,503,253,250,1433,686,747
BELL COUNTY,027,33 Years,5576,2831,2745,2552,1360,1192,1091,544,547,507,236,271,1426,691,735
BELL COUNTY,027,34 Years,5255,2609,2646,2326,1210,1116,1076,526,550,513,223,290,1340,650,690
BELL COUNTY,027,35 Years,5054,2517,2537,2237,1165,1072,1052,511,541,495,215,280,1270,626,644
BELL COUNTY,027,36 Years,4979,2530,2449,2177,1154,1023,1105,557,548,461,186,275,1236,633,603
BELL COUNTY,027,37 Years,4530,2274,2256,2011,1056,955,1023,500,523,399,169,230,1097,549,548
BELL COUNTY,027,38 Years,4248,2081,2167,1866,961,905,940,444,496,408,182,226,1034,494,540
BELL COUNTY,027,39 Years,4049,2008,2041,1789,915,874,892,429,463,367,163,204,1001,501,500
BELL COUNTY,027,40 Years,3878,1894,1984,1726,867,859,832,392,440,350,165,185,970,470,500
BELL COUNTY,027,41 Years,3900,1879,2021,1740,854,886,858,413,445,331,144,187,971,468,503
BELL COUNTY,027,42 Years,3721,1792,1929,1699,839,860,825,409,416,321,138,183,876,406,470
BELL COUNTY,027,43 Years,3780,1813,1967,1747,844,903,834,422,412,342,143,199,857,404,453
BELL COUNTY,027,44 Years,3878,1911,1967,1849,931,918,869,443,426,299,127,172,861,410,451
BELL COUNTY,027,45 Years,3850,1843,2007,1861,924,937,896,428,468,276,115,161,817,376,441
BELL COUNTY,027,46 Years,3771,1790,1981,1824,871,953,894,439,455,270,114,156,783,366,417
BELL COUNTY,027,47 Years,3529,1682,1847,1681,787,894,856,422,434,246,109,137,746,364,382
BELL COUNTY,027,48 Years,3441,1641,1800,1610,772,838,827,402,425,239,92,147,765,375,390
BELL COUNTY,027,49 Years,3374,1669,1705,1646,827,819,821,402,419,213,81,132,694,359,335
BELL COUNTY,027,50 Years,3470,1721,1749,1718,853,865,844,429,415,220,90,130,688,349,339
BELL COUNTY,027,51 Years,3699,1826,1873,1853,934,919,884,432,452,243,96,147,719,364,355
BELL COUNTY,027,52 Years,3749,1793,1956,1949,952,997,855,410,445,241,84,157,704,347,357
BELL COUNTY,027,53 Years,3720,1789,1931,1957,935,1022,855,422,433,216,83,133,692,349,343
BELL COUNTY,027,54 Years,3643,1733,1910,1903,910,993,884,413,471,230,89,141,626,321,305
BELL COUNTY,027,55 Years,3579,1666,1913,1910,890,1020,855,397,458,205,82,123,609,297,312
BELL COUNTY,027,56 Years,3743,1833,1910,2027,1003,1024,848,425,423,216,84,132,652,321,331
BELL COUNTY,027,57 Years,3491,1687,1804,1894,914,980,784,400,384,192,73,119,621,300,321
BELL COUNTY,027,58 Years,3462,1688,1774,1907,941,966,722,381,341,218,68,150,615,298,317
BELL COUNTY,027,59 Years,3413,1645,1768,1894,909,985,719,381,338,224,70,154,576,285,291
BELL COUNTY,027,60 Years,3256,1511,1745,1857,867,990,674,327,347,194,59,135,531,258,273
BELL COUNTY,027,61 Years,3174,1514,1660,1854,890,964,596,299,297,214,69,145,510,256,254
BELL COUNTY,027,62 Years,2967,1406,1561,1805,832,973,533,287,246,195,69,126,434,218,216
BELL COUNTY,027,63 Years,2739,1317,1422,1682,820,862,481,244,237,193,58,135,383,195,188
BELL COUNTY,027,64 Years,2581,1210,1371,1604,792,812,433,195,238,166,49,117,378,174,204
BELL COUNTY,027,65 Years,2568,1208,1360,1609,791,818,415,194,221,166,47,119,378,176,202
BELL COUNTY,027,66 Years,2551,1200,1351,1655,809,846,386,179,207,175,45,130,335,167,168
BELL COUNTY,027,67 Years,2498,1192,1306,1655,811,844,351,171,180,163,50,113,329,160,169
BELL COUNTY,027,68 Years,2447,1145,1302,1664,783,881,318,166,152,155,51,104,310,145,165
BELL COUNTY,027,69 Years,2399,1143,1256,1702,830,872,273,140,133,132,40,92,292,133,159
BELL COUNTY,027,70 Years,1931,917,1014,1326,652,674,237,110,127,115,36,79,253,119,134
BELL COUNTY,027,71 Years,1751,824,927,1208,582,626,206,99,107,104,35,69,233,108,125
BELL COUNTY,027,72 Years,1677,793,884,1185,575,610,196,94,102,90,31,59,206,93,113
BELL COUNTY,027,73 Years,1581,751,830,1136,562,574,197,89,108,86,30,56,162,70,92
BELL COUNTY,027,74 Years,1485,693,792,1057,505,552,183,90,93,79,29,50,166,69,97
BELL COUNTY,027,75 Years,1377,630,747,981,456,525,180,79,101,74,27,47,142,68,74
BELL COUNTY,027,76 Years,1232,554,678,882,407,475,155,66,89,67,24,43,128,57,71
BELL COUNTY,027,77 Years,1111,511,600,817,379,438,132,62,70,53,16,37,109,54,55
BELL COUNTY,027,78 Years,1074,478,596,818,376,442,109,46,63,48,15,33,99,41,58
BELL COUNTY,027,79 Years,996,431,565,760,341,419,96,37,59,45,15,30,95,38,57
BELL COUNTY,027,80 Years,904,392,512,682,304,378,85,38,47,40,13,27,97,37,60
BELL COUNTY,027,81 Years,834,363,471,630,280,350,81,37,44,39,12,27,84,34,50
BELL COUNTY,027,82 Years,767,338,429,587,263,324,72,31,41,31,9,22,77,35,42
BELL COUNTY,027,83 Years,705,296,409,534,235,299,71,26,45,34,9,25,66,26,40
BELL COUNTY,027,84 Years,616,254,362,468,201,267,58,21,37,35,9,26,55,23,32
BELL COUNTY,027,85 Years +,3441,1253,2188,2741,1004,1737,259,90,169,142,42,100,299,117,182
BEXAR COUNTY,029,All Ages,1918444,948291,970153,516813,259731,257082,131876,66475,65401,95932,45884,50048,1173823,576201,597622
BEXAR COUNTY,029,< 1 Year,29106,14841,14265,5636,2886,2750,1808,938,870,1605,833,772,20057,10184,9873
BEXAR COUNTY,029,1 Years,29091,14882,14209,5738,2932,2806,1800,932,868,1698,884,814,19855,10134,9721
BEXAR COUNTY,029,2 Years,28713,14671,14042,5737,2946,2791,1766,907,859,1724,882,842,19486,9936,9550
BEXAR COUNTY,029,3 Years,28115,14395,13720,5649,2924,2725,1698,870,828,1676,866,810,19092,9735,9357
BEXAR COUNTY,029,4 Years,27566,14054,13512,5572,2885,2687,1658,846,812,1640,832,808,18696,9491,9205
BEXAR COUNTY,029,5 Years,27292,13945,13347,5537,2864,2673,1603,821,782,1606,832,774,18546,9428,9118
BEXAR COUNTY,029,6 Years,26875,13752,13123,5367,2733,2634,1569,784,785,1550,828,722,18389,9407,8982
BEXAR COUNTY,029,7 Years,26107,13411,12696,5078,2611,2467,1584,803,781,1546,805,741,17899,9192,8707
BEXAR COUNTY,029,8 Years,26882,13777,13105,5175,2677,2498,1670,851,819,1565,786,779,18472,9463,9009
BEXAR COUNTY,029,9 Years,27222,13918,13304,5217,2662,2555,1673,848,825,1605,815,790,18727,9593,9134
BEXAR COUNTY,029,10 Years,27412,13979,13433,5257,2670,2587,1687,856,831,1565,789,776,18903,9664,9239
BEXAR COUNTY,029,11 Years,27658,14074,13584,5215,2692,2523,1677,848,829,1503,752,751,19263,9782,9481
BEXAR COUNTY,029,12 Years,28077,14218,13859,5199,2633,2566,1748,899,849,1440,728,712,19690,9958,9732
BEXAR COUNTY,029,13 Years,28365,14426,13939,5161,2687,2474,1824,950,874,1401,721,680,19979,10068,9911
BEXAR COUNTY,029,14 Years,28334,14613,13721,5007,2619,2388,1963,1039,924,1343,681,662,20021,10274,9747
BEXAR COUNTY,029,15 Years,28741,14761,13980,4991,2598,2393,1996,1070,926,1327,666,661,20427,10427,10000
BEXAR COUNTY,029,16 Years,28764,14827,13937,4982,2549,2433,1942,1034,908,1259,627,632,20581,10617,9964
BEXAR COUNTY,029,17 Years,28776,15020,13756,5367,2852,2515,1959,1048,911,1330,674,656,20120,10446,9674
BEXAR COUNTY,029,18 Years,28693,14907,13786,5429,2907,2522,2081,1095,986,1376,705,671,19807,10200,9607
BEXAR COUNTY,029,19 Years,30008,15798,14210,6037,3332,2705,2374,1248,1126,1516,821,695,20081,10397,9684
BEXAR COUNTY,029,20 Years,28404,14800,13604,5352,2881,2471,2241,1182,1059,1520,786,734,19291,9951,9340
BEXAR COUNTY,029,21 Years,28885,14986,13899,5611,2967,2644,2263,1177,1086,1591,822,769,19420,10020,9400
BEXAR COUNTY,029,22 Years,29380,15242,14138,5992,3183,2809,2329,1204,1125,1598,825,773,19461,10030,9431
BEXAR COUNTY,029,23 Years,28849,14741,14108,5929,3032,2897,2166,1106,1060,1614,816,798,19140,9787,9353
BEXAR COUNTY,029,24 Years,29984,15451,14533,6887,3596,3291,2218,1134,1084,1768,914,854,19111,9807,9304
BEXAR COUNTY,029,25 Years,31368,16559,14809,8663,4890,3773,2300,1224,1076,1920,1004,916,18485,9441,9044
BEXAR COUNTY,029,26 Years,30841,16118,14723,8815,4960,3855,2171,1154,1017,1840,966,874,18015,9038,8977
BEXAR COUNTY,029,27 Years,30178,15677,14501,9036,5017,4019,2074,1088,986,1744,916,828,17324,8656,8668
BEXAR COUNTY,029,28 Years,28917,14971,13946,8325,4509,3816,1946,1053,893,1590,804,786,17056,8605,8451
BEXAR COUNTY,029,29 Years,28594,14539,14055,7979,4222,3757,1845,991,854,1559,771,788,17211,8555,8656
BEXAR COUNTY,029,30 Years,28389,14276,14113,7636,3959,3677,1776,934,842,1597,773,824,17380,8610,8770
BEXAR COUNTY,029,31 Years,28455,14163,14292,7522,3830,3692,1754,921,833,1609,769,840,17570,8643,8927
BEXAR COUNTY,029,32 Years,28036,13957,14079,7215,3655,3560,1737,903,834,1674,813,861,17410,8586,8824
BEXAR COUNTY,029,33 Years,27748,13850,13898,7087,3591,3496,1737,908,829,1644,785,859,17280,8566,8714
BEXAR COUNTY,029,34 Years,27673,13760,13913,7152,3610,3542,1812,920,892,1631,783,848,17078,8447,8631
BEXAR COUNTY,029,35 Years,27726,13824,13902,7132,3680,3452,1851,948,903,1682,817,865,17061,8379,8682
BEXAR COUNTY,029,36 Years,27581,13843,13738,7036,3679,3357,1899,981,918,1688,840,848,16958,8343,8615
BEXAR COUNTY,029,37 Years,25896,13042,12854,6521,3471,3050,1850,929,921,1669,815,854,15856,7827,8029
BEXAR COUNTY,029,38 Years,24978,12498,12480,6200,3258,2942,1771,889,882,1641,777,864,15366,7574,7792
BEXAR COUNTY,029,39 Years,24382,11982,12400,5951,3021,2930,1688,842,846,1549,726,823,15194,7393,7801
BEXAR COUNTY,029,40 Years,24318,11914,12404,5874,2979,2895,1648,835,813,1522,726,796,15274,7374,7900
BEXAR COUNTY,029,41 Years,24034,11736,12298,5819,2962,2857,1623,800,823,1502,708,794,15090,7266,7824
BEXAR COUNTY,029,42 Years,23648,11443,12205,5636,2869,2767,1622,810,812,1474,664,810,14916,7100,7816
BEXAR COUNTY,029,43 Years,24267,11783,12484,5932,3058,2874,1619,809,810,1415,619,796,15301,7297,8004
BEXAR COUNTY,029,44 Years,24899,12052,12847,6282,3232,3050,1717,861,856,1376,606,770,15524,7353,8171
BEXAR COUNTY,029,45 Years,25381,12304,13077,6796,3430,3366,1808,920,888,1345,615,730,15432,7339,8093
BEXAR COUNTY,029,46 Years,24848,12162,12686,6792,3460,3332,1800,921,879,1250,556,694,15006,7225,7781
BEXAR COUNTY,029,47 Years,23592,11494,12098,6478,3322,3156,1683,859,824,1160,505,655,14271,6808,7463
BEXAR COUNTY,029,48 Years,22551,10988,11563,6207,3181,3026,1705,872,833,1049,446,603,13590,6489,7101
BEXAR COUNTY,029,49 Years,22200,10938,11262,6326,3217,3109,1714,887,827,975,432,543,13185,6402,6783
BEXAR COUNTY,029,50 Years,22613,11168,11445,6493,3284,3209,1781,914,867,999,449,550,13340,6521,6819
BEXAR COUNTY,029,51 Years,23834,11684,12150,6988,3464,3524,1925,980,945,1006,450,556,13915,6790,7125
BEXAR COUNTY,029,52 Years,24118,11850,12268,7489,3726,3763,1875,933,942,1015,475,540,13739,6716,7023
BEXAR COUNTY,029,53 Years,24271,11930,12341,7720,3871,3849,1884,956,928,1047,489,558,13620,6614,7006
BEXAR COUNTY,029,54 Years,23847,11595,12252,7874,3952,3922,1840,911,929,948,408,540,13185,6324,6861
BEXAR COUNTY,029,55 Years,23799,11528,12271,7949,3925,4024,1898,943,955,908,383,525,13044,6277,6767
BEXAR COUNTY,029,56 Years,23305,11326,11979,7800,3846,3954,1899,978,921,865,383,482,12741,6119,6622
BEXAR COUNTY,029,57 Years,22444,10959,11485,7667,3837,3830,1815,923,892,869,359,510,12093,5840,6253
BEXAR COUNTY,029,58 Years,22092,10708,11384,7810,3863,3947,1739,862,877,838,363,475,11705,5620,6085
BEXAR COUNTY,029,59 Years,21394,10183,11211,7584,3640,3944,1694,838,856,777,314,463,11339,5391,5948
BEXAR COUNTY,029,60 Years,20747,9850,10897,7499,3597,3902,1599,785,814,737,313,424,10912,5155,5757
BEXAR COUNTY,029,61 Years,20047,9324,10723,7357,3475,3882,1543,717,826,704,285,419,10443,4847,5596
BEXAR COUNTY,029,62 Years,19080,8783,10297,7030,3291,3739,1444,686,758,670,241,429,9936,4565,5371
BEXAR COUNTY,029,63 Years,18654,8723,9931,7107,3435,3672,1404,692,712,639,251,388,9504,4345,5159
BEXAR COUNTY,029,64 Years,17588,8254,9334,6698,3228,3470,1291,646,645,601,231,370,8998,4149,4849
BEXAR COUNTY,029,65 Years,16801,7754,9047,6332,2999,3333,1190,565,625,607,237,370,8672,3953,4719
BEXAR COUNTY,029,66 Years,16583,7615,8968,6396,3067,3329,1106,530,576,580,235,345,8501,3783,4718
BEXAR COUNTY,029,67 Years,16023,7460,8563,6247,3028,3219,1079,538,541,571,230,341,8126,3664,4462
BEXAR COUNTY,029,68 Years,15592,7221,8371,6363,3071,3292,1006,480,526,536,201,335,7687,3469,4218
BEXAR COUNTY,029,69 Years,15033,6902,8131,6413,3097,3316,897,413,484,468,177,291,7255,3215,4040
BEXAR COUNTY,029,70 Years,12300,5577,6723,4962,2399,2563,763,331,432,389,146,243,6186,2701,3485
BEXAR COUNTY,029,71 Years,11365,5175,6190,4599,2205,2394,709,319,390,374,143,231,5683,2508,3175
BEXAR COUNTY,029,72 Years,10947,4981,5966,4607,2174,2433,662,295,367,344,134,210,5334,2378,2956
BEXAR COUNTY,029,73 Years,10385,4704,5681,4353,2080,2273,640,280,360,295,117,178,5097,2227,2870
BEXAR COUNTY,029,74 Years,9313,4184,5129,3895,1849,2046,589,253,336,280,104,176,4549,1978,2571
BEXAR COUNTY,029,75 Years,8421,3725,4696,3596,1691,1905,527,219,308,252,97,155,4046,1718,2328
BEXAR COUNTY,029,76 Years,7871,3428,4443,3337,1532,1805,505,198,307,235,93,142,3794,1605,2189
BEXAR COUNTY,029,77 Years,7328,3167,4161,3215,1439,1776,423,180,243,214,79,135,3476,1469,2007
BEXAR COUNTY,029,78 Years,6916,2950,3966,3059,1374,1685,409,169,240,194,74,120,3254,1333,1921
BEXAR COUNTY,029,79 Years,6357,2678,3679,2763,1238,1525,385,154,231,163,65,98,3046,1221,1825
BEXAR COUNTY,029,80 Years,6031,2482,3549,2664,1155,1509,332,135,197,175,67,108,2860,1125,1735
BEXAR COUNTY,029,81 Years,5690,2345,3345,2549,1099,1450,345,138,207,150,57,93,2646,1051,1595
BEXAR COUNTY,029,82 Years,5142,2130,3012,2300,1032,1268,331,136,195,143,40,103,2368,922,1446
BEXAR COUNTY,029,83 Years,4775,1930,2845,2198,960,1238,298,119,179,150,39,111,2129,812,1317
BEXAR COUNTY,029,84 Years,4495,1812,2683,2077,918,1159,271,105,166,113,33,80,2034,756,1278
BEXAR COUNTY,029,85 Years +,25444,8844,16600,12289,4510,7779,1331,405,926,605,196,409,11219,3733,7486
BLANCO COUNTY,031,All Ages,11403,5779,5624,8908,4442,4466,62,40,22,235,119,116,2198,1178,1020
BLANCO COUNTY,031,< 1 Year,116,58,58,74,36,38,1,0,1,8,4,4,33,18,15
BLANCO COUNTY,031,1 Years,111,58,53,66,36,30,1,0,1,11,7,4,33,15,18
BLANCO COUNTY,031,2 Years,92,50,42,54,30,24,0,0,0,9,6,3,29,14,15
BLANCO COUNTY,031,3 Years,90,46,44,51,29,22,0,0,0,13,7,6,26,10,16
BLANCO COUNTY,031,4 Years,90,43,47,57,29,28,0,0,0,8,4,4,25,10,15
BLANCO COUNTY,031,5 Years,100,49,51,64,30,34,0,0,0,4,2,2,32,17,15
BLANCO COUNTY,031,6 Years,107,72,35,69,44,25,0,0,0,2,0,2,36,28,8
BLANCO COUNTY,031,7 Years,98,56,42,64,36,28,0,0,0,1,0,1,33,20,13
BLANCO COUNTY,031,8 Years,112,50,62,71,35,36,0,0,0,2,0,2,39,15,24
BLANCO COUNTY,031,9 Years,117,57,60,74,36,38,0,0,0,1,0,1,42,21,21
BLANCO COUNTY,031,10 Years,120,61,59,74,35,39,0,0,0,3,0,3,43,26,17
BLANCO COUNTY,031,11 Years,116,61,55,71,38,33,0,0,0,3,0,3,42,23,19
BLANCO COUNTY,031,12 Years,136,80,56,83,47,36,0,0,0,2,1,1,51,32,19
BLANCO COUNTY,031,13 Years,133,78,55,89,54,35,0,0,0,0,0,0,44,24,20
BLANCO COUNTY,031,14 Years,134,74,60,92,54,38,0,0,0,3,0,3,39,20,19
BLANCO COUNTY,031,15 Years,138,74,64,90,46,44,1,0,1,2,0,2,45,28,17
BLANCO COUNTY,031,16 Years,160,87,73,105,54,51,0,0,0,3,0,3,52,33,19
BLANCO COUNTY,031,17 Years,151,87,64,100,57,43,2,2,0,4,2,2,45,26,19
BLANCO COUNTY,031,18 Years,155,91,64,108,65,43,1,1,0,5,2,3,41,23,18
BLANCO COUNTY,031,19 Years,137,73,64,102,54,48,1,1,0,2,1,1,32,17,15
BLANCO COUNTY,031,20 Years,124,58,66,88,40,48,2,1,1,1,1,0,33,16,17
BLANCO COUNTY,031,21 Years,114,54,60,78,37,41,1,0,1,3,1,2,32,16,16
BLANCO COUNTY,031,22 Years,112,57,55,80,39,41,1,1,0,1,1,0,30,16,14
BLANCO COUNTY,031,23 Years,128,75,53,85,50,35,6,5,1,3,2,1,34,18,16
BLANCO COUNTY,031,24 Years,119,67,52,79,46,33,2,2,0,4,3,1,34,16,18
BLANCO COUNTY,031,25 Years,97,56,41,63,36,27,1,1,0,2,1,1,31,18,13
BLANCO COUNTY,031,26 Years,87,53,34,51,27,24,1,1,0,4,3,1,31,22,9
BLANCO COUNTY,031,27 Years,81,42,39,39,21,18,1,0,1,5,4,1,36,17,19
BLANCO COUNTY,031,28 Years,90,43,47,51,22,29,0,0,0,4,4,0,35,17,18
BLANCO COUNTY,031,29 Years,86,49,37,57,30,27,0,0,0,1,1,0,28,18,10
BLANCO COUNTY,031,30 Years,89,46,43,53,27,26,1,1,0,4,3,1,31,15,16
BLANCO COUNTY,031,31 Years,87,47,40,47,23,24,0,0,0,7,3,4,33,21,12
BLANCO COUNTY,031,32 Years,81,49,32,51,31,20,0,0,0,4,2,2,26,16,10
BLANCO COUNTY,031,33 Years,79,47,32,48,31,17,1,0,1,1,0,1,29,16,13
BLANCO COUNTY,031,34 Years,95,45,50,60,33,27,1,0,1,2,1,1,32,11,21
BLANCO COUNTY,031,35 Years,97,50,47,66,36,30,0,0,0,1,1,0,30,13,17
BLANCO COUNTY,031,36 Years,95,49,46,64,30,34,0,0,0,1,1,0,30,18,12
BLANCO COUNTY,031,37 Years,91,48,43,62,28,34,0,0,0,1,1,0,28,19,9
BLANCO COUNTY,031,38 Years,89,43,46,63,24,39,0,0,0,2,2,0,24,17,7
BLANCO COUNTY,031,39 Years,93,47,46,69,33,36,0,0,0,2,1,1,22,13,9
BLANCO COUNTY,031,40 Years,109,65,44,79,47,32,0,0,0,2,1,1,28,17,11
BLANCO COUNTY,031,41 Years,127,69,58,93,52,41,0,0,0,5,2,3,29,15,14
BLANCO COUNTY,031,42 Years,122,55,67,90,40,50,0,0,0,3,0,3,29,15,14
BLANCO COUNTY,031,43 Years,116,49,67,91,39,52,1,0,1,0,0,0,24,10,14
BLANCO COUNTY,031,44 Years,132,63,69,102,50,52,1,0,1,0,0,0,29,13,16
BLANCO COUNTY,031,45 Years,156,86,70,121,63,58,1,1,0,1,1,0,33,21,12
BLANCO COUNTY,031,46 Years,137,73,64,110,55,55,1,1,0,1,1,0,25,16,9
BLANCO COUNTY,031,47 Years,117,52,65,95,40,55,0,0,0,2,1,1,20,11,9
BLANCO COUNTY,031,48 Years,128,58,70,99,45,54,0,0,0,3,1,2,26,12,14
BLANCO COUNTY,031,49 Years,152,75,77,116,57,59,1,1,0,1,0,1,34,17,17
BLANCO COUNTY,031,50 Years,156,81,75,117,60,57,1,1,0,3,2,1,35,18,17
BLANCO COUNTY,031,51 Years,160,76,84,124,59,65,1,1,0,2,1,1,33,15,18
BLANCO COUNTY,031,52 Years,180,94,86,150,78,72,1,1,0,4,2,2,25,13,12
BLANCO COUNTY,031,53 Years,188,99,89,160,87,73,0,0,0,2,1,1,26,11,15
BLANCO COUNTY,031,54 Years,199,112,87,166,96,70,3,2,1,2,1,1,28,13,15
BLANCO COUNTY,031,55 Years,213,106,107,178,85,93,3,3,0,4,0,4,28,18,10
BLANCO COUNTY,031,56 Years,211,96,115,182,82,100,1,1,0,3,1,2,25,12,13
BLANCO COUNTY,031,57 Years,214,101,113,189,88,101,0,0,0,1,0,1,24,13,11
BLANCO COUNTY,031,58 Years,220,108,112,194,98,96,0,0,0,1,0,1,25,10,15
BLANCO COUNTY,031,59 Years,216,103,113,192,92,100,1,0,1,1,0,1,22,11,11
BLANCO COUNTY,031,60 Years,219,106,113,189,89,100,1,0,1,3,2,1,26,15,11
BLANCO COUNTY,031,61 Years,241,122,119,210,103,107,4,4,0,8,4,4,19,11,8
BLANCO COUNTY,031,62 Years,225,118,107,199,104,95,2,2,0,5,2,3,19,10,9
BLANCO COUNTY,031,63 Years,201,99,102,183,87,96,1,1,0,1,1,0,16,10,6
BLANCO COUNTY,031,64 Years,204,96,108,186,85,101,3,2,1,2,2,0,13,7,6
BLANCO COUNTY,031,65 Years,216,98,118,195,87,108,3,2,1,1,0,1,17,9,8
BLANCO COUNTY,031,66 Years,211,104,107,192,92,100,1,0,1,2,0,2,16,12,4
BLANCO COUNTY,031,67 Years,195,87,108,180,79,101,2,1,1,2,1,1,11,6,5
BLANCO COUNTY,031,68 Years,212,100,112,192,90,102,0,0,0,10,7,3,10,3,7
BLANCO COUNTY,031,69 Years,197,94,103,179,84,95,0,0,0,5,4,1,13,6,7
BLANCO COUNTY,031,70 Years,172,85,87,161,81,80,0,0,0,0,0,0,11,4,7
BLANCO COUNTY,031,71 Years,153,75,78,142,70,72,0,0,0,3,2,1,8,3,5
BLANCO COUNTY,031,72 Years,153,79,74,140,72,68,1,0,1,2,2,0,10,5,5
BLANCO COUNTY,031,73 Years,141,68,73,133,65,68,1,0,1,1,1,0,6,2,4
BLANCO COUNTY,031,74 Years,133,65,68,124,60,64,0,0,0,2,1,1,7,4,3
BLANCO COUNTY,031,75 Years,125,60,65,113,53,60,0,0,0,2,1,1,10,6,4
BLANCO COUNTY,031,76 Years,94,47,47,88,43,45,0,0,0,0,0,0,6,4,2
BLANCO COUNTY,031,77 Years,81,42,39,76,42,34,1,0,1,0,0,0,4,0,4
BLANCO COUNTY,031,78 Years,75,42,33,65,36,29,0,0,0,1,0,1,9,6,3
BLANCO COUNTY,031,79 Years,72,34,38,64,32,32,0,0,0,0,0,0,8,2,6
BLANCO COUNTY,031,80 Years,65,29,36,59,26,33,0,0,0,1,0,1,5,3,2
BLANCO COUNTY,031,81 Years,61,23,38,57,22,35,0,0,0,0,0,0,4,1,3
BLANCO COUNTY,031,82 Years,53,25,28,44,20,24,0,0,0,0,0,0,9,5,4
BLANCO COUNTY,031,83 Years,47,25,22,40,20,20,0,0,0,1,1,0,6,4,2
BLANCO COUNTY,031,84 Years,35,18,17,33,17,16,0,0,0,0,0,0,2,1,1
BLANCO COUNTY,031,85 Years +,222,87,135,204,81,123,1,0,1,3,1,2,14,5,9
BORDEN COUNTY,033,All Ages,658,355,303,554,298,256,0,0,0,7,3,4,97,54,43
BORDEN COUNTY,033,< 1 Year,6,2,4,4,1,3,0,0,0,0,0,0,2,1,1
BORDEN COUNTY,033,1 Years,5,3,2,4,2,2,0,0,0,0,0,0,1,1,0
BORDEN COUNTY,033,2 Years,8,4,4,4,2,2,0,0,0,0,0,0,4,2,2
BORDEN COUNTY,033,3 Years,5,3,2,5,3,2,0,0,0,0,0,0,0,0,0
BORDEN COUNTY,033,4 Years,6,4,2,6,4,2,0,0,0,0,0,0,0,0,0
BORDEN COUNTY,033,5 Years,4,3,1,4,3,1,0,0,0,0,0,0,0,0,0
BORDEN COUNTY,033,6 Years,6,2,4,3,1,2,0,0,0,0,0,0,3,1,2
BORDEN COUNTY,033,7 Years,7,5,2,4,4,0,0,0,0,0,0,0,3,1,2
BORDEN COUNTY,033,8 Years,4,3,1,3,2,1,0,0,0,0,0,0,1,1,0
BORDEN COUNTY,033,9 Years,4,4,0,2,2,0,0,0,0,0,0,0,2,2,0
BORDEN COUNTY,033,10 Years,5,3,2,3,2,1,0,0,0,0,0,0,2,1,1
BORDEN COUNTY,033,11 Years,8,4,4,5,2,3,0,0,0,0,0,0,3,2,1
BORDEN COUNTY,033,12 Years,9,3,6,7,2,5,0,0,0,0,0,0,2,1,1
BORDEN COUNTY,033,13 Years,5,2,3,4,1,3,0,0,0,0,0,0,1,1,0
BORDEN COUNTY,033,14 Years,5,3,2,3,2,1,0,0,0,0,0,0,2,1,1
BORDEN COUNTY,033,15 Years,5,1,4,4,1,3,0,0,0,0,0,0,1,0,1
BORDEN COUNTY,033,16 Years,4,2,2,4,2,2,0,0,0,0,0,0,0,0,0
BORDEN COUNTY,033,17 Years,8,3,5,7,2,5,0,0,0,0,0,0,1,1,0
BORDEN COUNTY,033,18 Years,11,7,4,11,7,4,0,0,0,0,0,0,0,0,0
BORDEN COUNTY,033,19 Years,12,8,4,9,6,3,0,0,0,0,0,0,3,2,1
BORDEN COUNTY,033,20 Years,12,6,6,10,5,5,0,0,0,0,0,0,2,1,1
BORDEN COUNTY,033,21 Years,8,5,3,6,4,2,0,0,0,0,0,0,2,1,1
BORDEN COUNTY,033,22 Years,7,3,4,6,3,3,0,0,0,0,0,0,1,0,1
BORDEN COUNTY,033,23 Years,13,9,4,11,7,4,0,0,0,0,0,0,2,2,0
BORDEN COUNTY,033,24 Years,12,9,3,10,7,3,0,0,0,1,1,0,1,1,0
BORDEN COUNTY,033,25 Years,6,4,2,4,2,2,0,0,0,1,1,0,1,1,0
BORDEN COUNTY,033,26 Years,5,1,4,5,1,4,0,0,0,0,0,0,0,0,0
BORDEN COUNTY,033,27 Years,5,3,2,5,3,2,0,0,0,0,0,0,0,0,0
BORDEN COUNTY,033,28 Years,7,5,2,7,5,2,0,0,0,0,0,0,0,0,0
BORDEN COUNTY,033,29 Years,4,2,2,3,2,1,0,0,0,0,0,0,1,0,1
BORDEN COUNTY,033,30 Years,6,4,2,5,4,1,0,0,0,0,0,0,1,0,1
BORDEN COUNTY,033,31 Years,4,2,2,3,2,1,0,0,0,0,0,0,1,0,1
BORDEN COUNTY,033,32 Years,3,1,2,3,1,2,0,0,0,0,0,0,0,0,0
BORDEN COUNTY,033,33 Years,3,1,2,3,1,2,0,0,0,0,0,0,0,0,0
BORDEN COUNTY,033,34 Years,5,3,2,3,2,1,0,0,0,0,0,0,2,1,1
BORDEN COUNTY,033,35 Years,7,5,2,5,4,1,0,0,0,0,0,0,2,1,1
BORDEN COUNTY,033,36 Years,5,5,0,3,3,0,0,0,0,0,0,0,2,2,0
BORDEN COUNTY,033,37 Years,8,4,4,4,2,2,0,0,0,0,0,0,4,2,2
BORDEN COUNTY,033,38 Years,6,2,4,5,2,3,0,0,0,0,0,0,1,0,1
BORDEN COUNTY,033,39 Years,5,2,3,5,2,3,0,0,0,0,0,0,0,0,0
BORDEN COUNTY,033,40 Years,5,4,1,5,4,1,0,0,0,0,0,0,0,0,0
BORDEN COUNTY,033,41 Years,3,2,1,3,2,1,0,0,0,0,0,0,0,0,0
BORDEN COUNTY,033,42 Years,6,2,4,5,1,4,0,0,0,0,0,0,1,1,0
BORDEN COUNTY,033,43 Years,9,6,3,8,5,3,0,0,0,0,0,0,1,1,0
BORDEN COUNTY,033,44 Years,8,6,2,7,5,2,0,0,0,0,0,0,1,1,0
BORDEN COUNTY,033,45 Years,8,3,5,8,3,5,0,0,0,0,0,0,0,0,0
BORDEN COUNTY,033,46 Years,12,6,6,10,6,4,0,0,0,0,0,0,2,0,2
BORDEN COUNTY,033,47 Years,13,8,5,11,7,4,0,0,0,1,0,1,1,1,0
BORDEN COUNTY,033,48 Years,7,4,3,4,3,1,0,0,0,0,0,0,3,1,2
BORDEN COUNTY,033,49 Years,5,2,3,4,2,2,0,0,0,1,0,1,0,0,0
BORDEN COUNTY,033,50 Years,6,3,3,5,3,2,0,0,0,0,0,0,1,0,1
BORDEN COUNTY,033,51 Years,9,3,6,7,3,4,0,0,0,0,0,0,2,0,2
BORDEN COUNTY,033,52 Years,16,7,9,13,6,7,0,0,0,0,0,0,3,1,2
BORDEN COUNTY,033,53 Years,11,5,6,10,5,5,0,0,0,0,0,0,1,0,1
BORDEN COUNTY,033,54 Years,11,3,8,8,2,6,0,0,0,1,0,1,2,1,1
BORDEN COUNTY,033,55 Years,8,5,3,6,4,2,0,0,0,0,0,0,2,1,1
BORDEN COUNTY,033,56 Years,9,5,4,5,3,2,0,0,0,1,0,1,3,2,1
BORDEN COUNTY,033,57 Years,5,3,2,4,2,2,0,0,0,0,0,0,1,1,0
BORDEN COUNTY,033,58 Years,9,4,5,6,1,5,0,0,0,0,0,0,3,3,0
BORDEN COUNTY,033,59 Years,11,4,7,9,3,6,0,0,0,0,0,0,2,1,1
BORDEN COUNTY,033,60 Years,11,7,4,10,6,4,0,0,0,0,0,0,1,1,0
BORDEN COUNTY,033,61 Years,10,6,4,9,5,4,0,0,0,0,0,0,1,1,0
BORDEN COUNTY,033,62 Years,12,5,7,10,3,7,0,0,0,0,0,0,2,2,0
BORDEN COUNTY,033,63 Years,6,3,3,5,2,3,0,0,0,0,0,0,1,1,0
BORDEN COUNTY,033,64 Years,5,4,1,5,4,1,0,0,0,0,0,0,0,0,0
BORDEN COUNTY,033,65 Years,9,5,4,9,5,4,0,0,0,0,0,0,0,0,0
BORDEN COUNTY,033,66 Years,16,9,7,14,8,6,0,0,0,0,0,0,2,1,1
BORDEN COUNTY,033,67 Years,11,6,5,9,6,3,0,0,0,0,0,0,2,0,2
BORDEN COUNTY,033,68 Years,14,10,4,13,9,4,0,0,0,0,0,0,1,1,0
BORDEN COUNTY,033,69 Years,11,9,2,11,9,2,0,0,0,0,0,0,0,0,0
BORDEN COUNTY,033,70 Years,5,2,3,5,2,3,0,0,0,0,0,0,0,0,0
BORDEN COUNTY,033,71 Years,6,3,3,6,3,3,0,0,0,0,0,0,0,0,0
BORDEN COUNTY,033,72 Years,9,6,3,9,6,3,0,0,0,0,0,0,0,0,0
BORDEN COUNTY,033,73 Years,11,6,5,11,6,5,0,0,0,0,0,0,0,0,0
BORDEN COUNTY,033,74 Years,10,6,4,9,5,4,0,0,0,0,0,0,1,1,0
BORDEN COUNTY,033,75 Years,6,3,3,6,3,3,0,0,0,0,0,0,0,0,0
BORDEN COUNTY,033,76 Years,4,2,2,4,2,2,0,0,0,0,0,0,0,0,0
BORDEN COUNTY,033,77 Years,2,0,2,2,0,2,0,0,0,0,0,0,0,0,0
BORDEN COUNTY,033,78 Years,10,7,3,10,7,3,0,0,0,0,0,0,0,0,0
BORDEN COUNTY,033,79 Years,8,3,5,8,3,5,0,0,0,0,0,0,0,0,0
BORDEN COUNTY,033,80 Years,8,3,5,8,3,5,0,0,0,0,0,0,0,0,0
BORDEN COUNTY,033,81 Years,4,1,3,4,1,3,0,0,0,0,0,0,0,0,0
BORDEN COUNTY,033,82 Years,4,2,2,4,2,2,0,0,0,0,0,0,0,0,0
BORDEN COUNTY,033,83 Years,8,3,5,6,2,4,0,0,0,1,1,0,1,0,1
BORDEN COUNTY,033,84 Years,8,4,4,6,3,3,0,0,0,0,0,0,2,1,1
BORDEN COUNTY,033,85 Years +,21,10,11,21,10,11,0,0,0,0,0,0,0,0,0
BOSQUE COUNTY,035,All Ages,18525,9293,9232,14342,7077,7265,293,162,131,413,186,227,3477,1868,1609
BOSQUE COUNTY,035,< 1 Year,204,97,107,108,55,53,5,4,1,21,6,15,70,32,38
BOSQUE COUNTY,035,1 Years,190,95,95,104,53,51,6,3,3,22,10,12,58,29,29
BOSQUE COUNTY,035,2 Years,191,99,92,103,51,52,6,3,3,25,14,11,57,31,26
BOSQUE COUNTY,035,3 Years,194,98,96,106,51,55,6,3,3,22,11,11,60,33,27
BOSQUE COUNTY,035,4 Years,200,100,100,111,55,56,6,3,3,16,6,10,67,36,31
BOSQUE COUNTY,035,5 Years,196,100,96,116,59,57,5,3,2,9,3,6,66,35,31
BOSQUE COUNTY,035,6 Years,183,81,102,106,42,64,6,2,4,8,5,3,63,32,31
BOSQUE COUNTY,035,7 Years,199,100,99,122,59,63,5,3,2,6,4,2,66,34,32
BOSQUE COUNTY,035,8 Years,206,117,89,127,68,59,3,2,1,2,2,0,74,45,29
BOSQUE COUNTY,035,9 Years,209,120,89,129,75,54,3,1,2,3,1,2,74,43,31
BOSQUE COUNTY,035,10 Years,214,120,94,126,69,57,4,2,2,6,2,4,78,47,31
BOSQUE COUNTY,035,11 Years,231,115,116,137,64,73,4,4,0,7,2,5,83,45,38
BOSQUE COUNTY,035,12 Years,228,125,103,148,80,68,2,2,0,6,4,2,72,39,33
BOSQUE COUNTY,035,13 Years,229,118,111,158,81,77,1,1,0,5,2,3,65,34,31
BOSQUE COUNTY,035,14 Years,239,124,115,148,73,75,6,3,3,4,1,3,81,47,34
BOSQUE COUNTY,035,15 Years,249,136,113,146,77,69,7,4,3,4,2,2,92,53,39
BOSQUE COUNTY,035,16 Years,264,145,119,168,94,74,5,3,2,3,1,2,88,47,41
BOSQUE COUNTY,035,17 Years,260,131,129,173,92,81,4,1,3,4,0,4,79,38,41
BOSQUE COUNTY,035,18 Years,234,114,120,157,77,80,3,2,1,7,1,6,67,34,33
BOSQUE COUNTY,035,19 Years,207,102,105,130,64,66,4,3,1,8,2,6,65,33,32
BOSQUE COUNTY,035,20 Years,200,96,104,128,58,70,5,3,2,7,3,4,60,32,28
BOSQUE COUNTY,035,21 Years,218,117,101,148,76,72,5,1,4,9,5,4,56,35,21
BOSQUE COUNTY,035,22 Years,225,124,101,150,79,71,3,1,2,7,2,5,65,42,23
BOSQUE COUNTY,035,23 Years,240,115,125,159,78,81,6,2,4,7,2,5,68,33,35
BOSQUE COUNTY,035,24 Years,205,96,109,145,68,77,3,1,2,3,1,2,54,26,28
BOSQUE COUNTY,035,25 Years,175,85,90,121,56,65,2,2,0,3,2,1,49,25,24
BOSQUE COUNTY,035,26 Years,187,101,86,133,70,63,5,3,2,2,1,1,47,27,20
BOSQUE COUNTY,035,27 Years,157,92,65,105,59,46,4,1,3,4,3,1,44,29,15
BOSQUE COUNTY,035,28 Years,145,75,70,98,49,49,5,2,3,3,1,2,39,23,16
BOSQUE COUNTY,035,29 Years,143,82,61,99,55,44,7,5,2,5,2,3,32,20,12
BOSQUE COUNTY,035,30 Years,127,66,61,92,46,46,2,2,0,3,1,2,30,17,13
BOSQUE COUNTY,035,31 Years,140,74,66,94,51,43,4,1,3,3,2,1,39,20,19
BOSQUE COUNTY,035,32 Years,143,69,74,86,44,42,2,2,0,4,1,3,51,22,29
BOSQUE COUNTY,035,33 Years,163,90,73,101,57,44,2,2,0,5,2,3,55,29,26
BOSQUE COUNTY,035,34 Years,171,91,80,115,63,52,4,3,1,3,2,1,49,23,26
BOSQUE COUNTY,035,35 Years,187,90,97,131,62,69,5,3,2,3,2,1,48,23,25
BOSQUE COUNTY,035,36 Years,179,96,83,124,65,59,4,2,2,2,2,0,49,27,22
BOSQUE COUNTY,035,37 Years,173,90,83,124,62,62,2,1,1,2,1,1,45,26,19
BOSQUE COUNTY,035,38 Years,165,79,86,121,58,63,1,1,0,2,1,1,41,19,22
BOSQUE COUNTY,035,39 Years,170,83,87,128,62,66,1,1,0,2,1,1,39,19,20
BOSQUE COUNTY,035,40 Years,183,92,91,138,71,67,1,0,1,2,0,2,42,21,21
BOSQUE COUNTY,035,41 Years,173,84,89,129,62,67,1,0,1,2,1,1,41,21,20
BOSQUE COUNTY,035,42 Years,180,87,93,139,67,72,4,2,2,2,1,1,35,17,18
BOSQUE COUNTY,035,43 Years,196,97,99,155,77,78,3,2,1,1,0,1,37,18,19
BOSQUE COUNTY,035,44 Years,207,103,104,164,82,82,3,3,0,2,0,2,38,18,20
BOSQUE COUNTY,035,45 Years,223,110,113,175,86,89,3,3,0,5,1,4,40,20,20
BOSQUE COUNTY,035,46 Years,225,103,122,172,81,91,5,2,3,3,0,3,45,20,25
BOSQUE COUNTY,035,47 Years,217,108,109,166,82,84,2,1,1,2,1,1,47,24,23
BOSQUE COUNTY,035,48 Years,227,111,116,172,85,87,5,0,5,3,2,1,47,24,23
BOSQUE COUNTY,035,49 Years,222,104,118,178,81,97,3,0,3,5,3,2,36,20,16
BOSQUE COUNTY,035,50 Years,213,104,109,172,85,87,2,0,2,4,2,2,35,17,18
BOSQUE COUNTY,035,51 Years,236,118,118,197,97,100,3,1,2,4,2,2,32,18,14
BOSQUE COUNTY,035,52 Years,250,124,126,207,99,108,4,2,2,2,2,0,37,21,16
BOSQUE COUNTY,035,53 Years,272,131,141,233,106,127,4,4,0,2,1,1,33,20,13
BOSQUE COUNTY,035,54 Years,249,122,127,207,101,106,2,1,1,2,1,1,38,19,19
BOSQUE COUNTY,035,55 Years,271,132,139,230,109,121,3,2,1,4,2,2,34,19,15
BOSQUE COUNTY,035,56 Years,294,148,146,253,123,130,3,3,0,4,1,3,34,21,13
BOSQUE COUNTY,035,57 Years,303,161,142,259,135,124,7,3,4,4,1,3,33,22,11
BOSQUE COUNTY,035,58 Years,292,149,143,257,128,129,2,1,1,7,3,4,26,17,9
BOSQUE COUNTY,035,59 Years,307,148,159,277,132,145,2,1,1,4,1,3,24,14,10
BOSQUE COUNTY,035,60 Years,301,152,149,269,134,135,6,5,1,3,0,3,23,13,10
BOSQUE COUNTY,035,61 Years,282,150,132,253,135,118,5,4,1,5,2,3,19,9,10
BOSQUE COUNTY,035,62 Years,264,135,129,239,122,117,3,1,2,5,2,3,17,10,7
BOSQUE COUNTY,035,63 Years,271,144,127,243,126,117,6,3,3,3,2,1,19,13,6
BOSQUE COUNTY,035,64 Years,286,144,142,259,126,133,5,3,2,5,4,1,17,11,6
BOSQUE COUNTY,035,65 Years,278,146,132,256,133,123,2,1,1,3,2,1,17,10,7
BOSQUE COUNTY,035,66 Years,284,154,130,258,139,119,2,1,1,6,4,2,18,10,8
BOSQUE COUNTY,035,67 Years,291,145,146,252,128,124,6,4,2,3,2,1,30,11,19
BOSQUE COUNTY,035,68 Years,299,146,153,270,130,140,4,3,1,4,3,1,21,10,11
BOSQUE COUNTY,035,69 Years,301,139,162,275,124,151,1,1,0,2,2,0,23,12,11
BOSQUE COUNTY,035,70 Years,265,133,132,239,118,121,2,0,2,2,2,0,22,13,9
BOSQUE COUNTY,035,71 Years,272,132,140,250,123,127,3,0,3,2,1,1,17,8,9
BOSQUE COUNTY,035,72 Years,264,124,140,246,116,130,1,0,1,2,1,1,15,7,8
BOSQUE COUNTY,035,73 Years,234,106,128,218,96,122,1,0,1,4,3,1,11,7,4
BOSQUE COUNTY,035,74 Years,232,113,119,215,104,111,1,1,0,3,1,2,13,7,6
BOSQUE COUNTY,035,75 Years,211,100,111,197,92,105,1,0,1,2,1,1,11,7,4
BOSQUE COUNTY,035,76 Years,190,101,89,177,93,84,2,1,1,0,0,0,11,7,4
BOSQUE COUNTY,035,77 Years,178,91,87,170,85,85,3,2,1,2,2,0,3,2,1
BOSQUE COUNTY,035,78 Years,155,75,80,140,67,73,4,2,2,3,2,1,8,4,4
BOSQUE COUNTY,035,79 Years,142,63,79,133,59,74,1,1,0,1,0,1,7,3,4
BOSQUE COUNTY,035,80 Years,117,53,64,107,47,60,3,3,0,2,1,1,5,2,3
BOSQUE COUNTY,035,81 Years,98,45,53,89,40,49,1,1,0,3,1,2,5,3,2
BOSQUE COUNTY,035,82 Years,86,42,44,79,38,41,2,2,0,1,0,1,4,2,2
BOSQUE COUNTY,035,83 Years,96,48,48,87,42,45,1,1,0,2,1,1,6,4,2
BOSQUE COUNTY,035,84 Years,88,44,44,83,41,42,0,0,0,2,1,1,3,2,1
BOSQUE COUNTY,035,85 Years +,460,184,276,433,173,260,2,0,2,12,5,7,13,6,7
BOWIE COUNTY,037,All Ages,96524,49230,47294,60744,30274,30470,24088,12182,11906,4255,2150,2105,7437,4624,2813
BOWIE COUNTY,037,< 1 Year,1207,604,603,636,325,311,341,167,174,125,57,68,105,55,50
BOWIE COUNTY,037,1 Years,1202,603,599,625,323,302,336,162,174,127,60,67,114,58,56
BOWIE COUNTY,037,2 Years,1188,616,572,603,318,285,344,171,173,125,68,57,116,59,57
BOWIE COUNTY,037,3 Years,1192,617,575,610,325,285,343,170,173,113,59,54,126,63,63
BOWIE COUNTY,037,4 Years,1221,641,580,615,327,288,357,179,178,107,63,44,142,72,70
BOWIE COUNTY,037,5 Years,1241,643,598,623,325,298,349,172,177,119,68,51,150,78,72
BOWIE COUNTY,037,6 Years,1120,586,534,580,312,268,315,163,152,88,39,49,137,72,65
BOWIE COUNTY,037,7 Years,1186,605,581,642,320,322,312,159,153,85,49,36,147,77,70
BOWIE COUNTY,037,8 Years,1243,655,588,670,353,317,338,182,156,85,49,36,150,71,79
BOWIE COUNTY,037,9 Years,1303,667,636,697,352,345,345,176,169,97,56,41,164,83,81
BOWIE COUNTY,037,10 Years,1258,657,601,694,368,326,315,159,156,100,50,50,149,80,69
BOWIE COUNTY,037,11 Years,1287,664,623,693,361,332,354,176,178,101,53,48,139,74,65
BOWIE COUNTY,037,12 Years,1291,670,621,714,360,354,355,182,173,91,53,38,131,75,56
BOWIE COUNTY,037,13 Years,1262,636,626,712,359,353,338,167,171,88,53,35,124,57,67
BOWIE COUNTY,037,14 Years,1282,661,621,718,374,344,352,166,186,94,58,36,118,63,55
BOWIE COUNTY,037,15 Years,1320,668,652,733,368,365,374,192,182,94,49,45,119,59,60
BOWIE COUNTY,037,16 Years,1314,664,650,741,364,377,374,198,176,91,42,49,108,60,48
BOWIE COUNTY,037,17 Years,1315,677,638,752,371,381,379,211,168,80,40,40,104,55,49
BOWIE COUNTY,037,18 Years,1209,633,576,657,334,323,363,197,166,72,38,34,117,64,53
BOWIE COUNTY,037,19 Years,1190,641,549,655,339,316,338,184,154,55,30,25,142,88,54
BOWIE COUNTY,037,20 Years,1238,653,585,658,326,332,381,211,170,55,26,29,144,90,54
BOWIE COUNTY,037,21 Years,1324,695,629,705,364,341,407,211,196,62,27,35,150,93,57
BOWIE COUNTY,037,22 Years,1381,746,635,741,391,350,437,229,208,66,35,31,137,91,46
BOWIE COUNTY,037,23 Years,1445,809,636,785,430,355,427,229,198,62,35,27,171,115,56
BOWIE COUNTY,037,24 Years,1425,743,682,781,402,379,439,217,222,49,22,27,156,102,54
BOWIE COUNTY,037,25 Years,1473,786,687,805,413,392,447,231,216,51,23,28,170,119,51
BOWIE COUNTY,037,26 Years,1347,740,607,778,412,366,362,191,171,49,27,22,158,110,48
BOWIE COUNTY,037,27 Years,1347,744,603,756,393,363,390,204,186,45,30,15,156,117,39
BOWIE COUNTY,037,28 Years,1241,654,587,718,365,353,327,157,170,37,24,13,159,108,51
BOWIE COUNTY,037,29 Years,1353,765,588,767,422,345,374,200,174,43,22,21,169,121,48
BOWIE COUNTY,037,30 Years,1396,763,633,797,410,387,385,199,186,33,20,13,181,134,47
BOWIE COUNTY,037,31 Years,1238,703,535,726,388,338,311,179,132,40,19,21,161,117,44
BOWIE COUNTY,037,32 Years,1258,735,523,749,415,334,317,191,126,40,19,21,152,110,42
BOWIE COUNTY,037,33 Years,1210,671,539,729,376,353,305,184,121,38,19,19,138,92,46
BOWIE COUNTY,037,34 Years,1133,629,504,681,350,331,297,173,124,36,20,16,119,86,33
BOWIE COUNTY,037,35 Years,1165,637,528,679,347,332,320,177,143,38,18,20,128,95,33
BOWIE COUNTY,037,36 Years,1186,634,552,692,353,339,316,167,149,45,18,27,133,96,37
BOWIE COUNTY,037,37 Years,1177,631,546,686,352,334,336,188,148,49,19,30,106,72,34
BOWIE COUNTY,037,38 Years,1168,626,542,674,349,325,330,173,157,56,22,34,108,82,26
BOWIE COUNTY,037,39 Years,1132,587,545,682,336,346,314,173,141,45,15,30,91,63,28
BOWIE COUNTY,037,40 Years,1095,591,504,647,336,311,303,161,142,40,20,20,105,74,31
BOWIE COUNTY,037,41 Years,1161,628,533,683,368,315,337,174,163,43,21,22,98,65,33
BOWIE COUNTY,037,42 Years,1141,588,553,666,331,335,316,165,151,51,24,27,108,68,40
BOWIE COUNTY,037,43 Years,1188,628,560,704,361,343,329,174,155,50,21,29,105,72,33
BOWIE COUNTY,037,44 Years,1201,642,559,761,400,361,310,161,149,41,21,20,89,60,29
BOWIE COUNTY,037,45 Years,1283,674,609,825,426,399,320,159,161,45,26,19,93,63,30
BOWIE COUNTY,037,46 Years,1286,679,607,829,420,409,316,167,149,42,22,20,99,70,29
BOWIE COUNTY,037,47 Years,1164,630,534,762,410,352,276,144,132,45,19,26,81,57,24
BOWIE COUNTY,037,48 Years,1170,614,556,761,390,371,304,159,145,34,14,20,71,51,20
BOWIE COUNTY,037,49 Years,1132,586,546,747,389,358,283,139,144,32,14,18,70,44,26
BOWIE COUNTY,037,50 Years,1174,618,556,773,408,365,285,141,144,36,15,21,80,54,26
BOWIE COUNTY,037,51 Years,1257,629,628,836,417,419,304,141,163,42,21,21,75,50,25
BOWIE COUNTY,037,52 Years,1249,630,619,847,424,423,299,147,152,42,20,22,61,39,22
BOWIE COUNTY,037,53 Years,1339,673,666,935,471,464,297,143,154,44,19,25,63,40,23
BOWIE COUNTY,037,54 Years,1362,692,670,943,471,472,323,173,150,46,17,29,50,31,19
BOWIE COUNTY,037,55 Years,1356,699,657,912,456,456,326,170,156,56,30,26,62,43,19
BOWIE COUNTY,037,56 Years,1360,685,675,938,463,475,305,150,155,59,31,28,58,41,17
BOWIE COUNTY,037,57 Years,1238,609,629,869,436,433,287,133,154,41,16,25,41,24,17
BOWIE COUNTY,037,58 Years,1239,629,610,878,449,429,282,134,148,37,18,19,42,28,14
BOWIE COUNTY,037,59 Years,1260,627,633,914,457,457,270,121,149,38,18,20,38,31,7
BOWIE COUNTY,037,60 Years,1250,617,633,868,417,451,316,161,155,31,13,18,35,26,9
BOWIE COUNTY,037,61 Years,1173,558,615,840,398,442,262,124,138,25,11,14,46,25,21
BOWIE COUNTY,037,62 Years,1152,560,592,832,401,431,257,128,129,28,13,15,35,18,17
BOWIE COUNTY,037,63 Years,1135,538,597,823,385,438,258,125,133,27,15,12,27,13,14
BOWIE COUNTY,037,64 Years,1088,521,567,813,384,429,222,108,114,30,15,15,23,14,9
BOWIE COUNTY,037,65 Years,1073,533,540,795,397,398,228,107,121,29,14,15,21,15,6
BOWIE COUNTY,037,66 Years,1012,502,510,751,376,375,208,98,110,22,12,10,31,16,15
BOWIE COUNTY,037,67 Years,1015,505,510,763,386,377,193,89,104,31,17,14,28,13,15
BOWIE COUNTY,037,68 Years,1062,516,546,793,383,410,214,102,112,34,19,15,21,12,9
BOWIE COUNTY,037,69 Years,1047,505,542,799,381,418,194,94,100,30,16,14,24,14,10
BOWIE COUNTY,037,70 Years,834,396,438,638,307,331,151,61,90,19,10,9,26,18,8
BOWIE COUNTY,037,71 Years,777,344,433,586,262,324,155,65,90,19,9,10,17,8,9
BOWIE COUNTY,037,72 Years,810,353,457,634,279,355,142,61,81,21,8,13,13,5,8
BOWIE COUNTY,037,73 Years,759,340,419,614,274,340,118,54,64,17,9,8,10,3,7
BOWIE COUNTY,037,74 Years,692,320,372,563,263,300,105,42,63,16,10,6,8,5,3
BOWIE COUNTY,037,75 Years,622,295,327,514,250,264,84,34,50,15,7,8,9,4,5
BOWIE COUNTY,037,76 Years,598,259,339,492,220,272,88,30,58,9,4,5,9,5,4
BOWIE COUNTY,037,77 Years,557,262,295,459,219,240,74,32,42,11,4,7,13,7,6
BOWIE COUNTY,037,78 Years,491,219,272,405,189,216,71,24,47,6,3,3,9,3,6
BOWIE COUNTY,037,79 Years,475,208,267,395,179,216,61,21,40,11,5,6,8,3,5
BOWIE COUNTY,037,80 Years,418,180,238,351,153,198,51,19,32,10,5,5,6,3,3
BOWIE COUNTY,037,81 Years,408,164,244,337,137,200,54,19,35,11,4,7,6,4,2
BOWIE COUNTY,037,82 Years,363,153,210,306,129,177,44,17,27,8,4,4,5,3,2
BOWIE COUNTY,037,83 Years,355,135,220,294,115,179,48,15,33,7,3,4,6,2,4
BOWIE COUNTY,037,84 Years,331,121,210,271,102,169,47,15,32,7,3,4,6,1,5
BOWIE COUNTY,037,85 Years +,1904,616,1288,1619,533,1086,227,64,163,41,16,25,17,3,14
BRAZORIA COUNTY,039,All Ages,351994,176919,175075,166463,83153,83310,46078,23526,22552,32972,16141,16831,106481,54099,52382
BRAZORIA COUNTY,039,< 1 Year,4697,2417,2280,1888,987,901,538,270,268,554,294,260,1717,866,851
BRAZORIA COUNTY,039,1 Years,4733,2437,2296,1954,1011,943,534,270,264,543,289,254,1702,867,835
BRAZORIA COUNTY,039,2 Years,4740,2440,2300,1996,1021,975,519,273,246,515,278,237,1710,868,842
BRAZORIA COUNTY,039,3 Years,4718,2418,2300,1990,1000,990,497,256,241,540,294,246,1691,868,823
BRAZORIA COUNTY,039,4 Years,4696,2424,2272,1938,987,951,474,253,221,581,317,264,1703,867,836
BRAZORIA COUNTY,039,5 Years,4934,2564,2370,1974,1005,969,500,268,232,682,360,322,1778,931,847
BRAZORIA COUNTY,039,6 Years,5315,2714,2601,2160,1093,1067,528,270,258,711,371,340,1916,980,936
BRAZORIA COUNTY,039,7 Years,5351,2700,2651,2125,1047,1078,565,277,288,731,382,349,1930,994,936
BRAZORIA COUNTY,039,8 Years,5372,2749,2623,2061,1052,1009,575,280,295,736,388,348,2000,1029,971
BRAZORIA COUNTY,039,9 Years,5551,2846,2705,2121,1093,1028,613,293,320,739,394,345,2078,1066,1012
BRAZORIA COUNTY,039,10 Years,5480,2842,2638,2132,1131,1001,614,313,301,700,389,311,2034,1009,1025
BRAZORIA COUNTY,039,11 Years,5527,2827,2700,2091,1066,1025,647,319,328,707,380,327,2082,1062,1020
BRAZORIA COUNTY,039,12 Years,5622,2844,2778,2123,1055,1068,716,348,368,654,340,314,2129,1101,1028
BRAZORIA COUNTY,039,13 Years,5664,2885,2779,2121,1087,1034,740,367,373,625,316,309,2178,1115,1063
BRAZORIA COUNTY,039,14 Years,5684,2877,2807,2115,1084,1031,800,400,400,594,291,303,2175,1102,1073
BRAZORIA COUNTY,039,15 Years,5731,2910,2821,2156,1090,1066,834,440,394,587,290,297,2154,1090,1064
BRAZORIA COUNTY,039,16 Years,5688,2935,2753,2164,1120,1044,839,448,391,548,283,265,2137,1084,1053
BRAZORIA COUNTY,039,17 Years,5387,2820,2567,1992,1032,960,843,452,391,495,263,232,2057,1073,984
BRAZORIA COUNTY,039,18 Years,5161,2742,2419,1829,965,864,803,417,386,484,259,225,2045,1101,944
BRAZORIA COUNTY,039,19 Years,4712,2499,2213,1620,844,776,752,391,361,460,245,215,1880,1019,861
BRAZORIA COUNTY,039,20 Years,4466,2306,2160,1508,766,742,678,354,324,436,233,203,1844,953,891
BRAZORIA COUNTY,039,21 Years,4480,2347,2133,1559,802,757,683,378,305,413,220,193,1825,947,878
BRAZORIA COUNTY,039,22 Years,4351,2299,2052,1543,798,745,672,382,290,373,191,182,1763,928,835
BRAZORIA COUNTY,039,23 Years,4366,2310,2056,1659,840,819,674,369,305,365,182,183,1668,919,749
BRAZORIA COUNTY,039,24 Years,4216,2233,1983,1665,877,788,611,329,282,325,167,158,1615,860,755
BRAZORIA COUNTY,039,25 Years,3946,2076,1870,1651,876,775,497,266,231,266,139,127,1532,795,737
BRAZORIA COUNTY,039,26 Years,3851,1999,1852,1592,810,782,477,246,231,256,135,121,1526,808,718
BRAZORIA COUNTY,039,27 Years,3722,1979,1743,1621,851,770,449,244,205,267,137,130,1385,747,638
BRAZORIA COUNTY,039,28 Years,3810,2073,1737,1733,956,777,449,267,182,259,134,125,1369,716,653
BRAZORIA COUNTY,039,29 Years,3838,2059,1779,1713,928,785,476,296,180,251,130,121,1398,705,693
BRAZORIA COUNTY,039,30 Years,3920,2078,1842,1789,956,833,454,268,186,259,132,127,1418,722,696
BRAZORIA COUNTY,039,31 Years,4172,2111,2061,1857,925,932,511,281,230,273,142,131,1531,763,768
BRAZORIA COUNTY,039,32 Years,4385,2169,2216,1924,938,986,532,293,239,288,151,137,1641,787,854
BRAZORIA COUNTY,039,33 Years,4793,2368,2425,2098,1022,1076,556,326,230,342,162,180,1797,858,939
BRAZORIA COUNTY,039,34 Years,4952,2370,2582,2157,998,1159,614,341,273,360,147,213,1821,884,937
BRAZORIA COUNTY,039,35 Years,5080,2423,2657,2172,999,1173,727,377,350,394,151,243,1787,896,891
BRAZORIA COUNTY,039,36 Years,5103,2434,2669,2214,1033,1181,728,371,357,429,170,259,1732,860,872
BRAZORIA COUNTY,039,37 Years,4904,2379,2525,2132,1054,1078,662,327,335,450,172,278,1660,826,834
BRAZORIA COUNTY,039,38 Years,4973,2523,2450,2157,1109,1048,678,350,328,479,214,265,1659,850,809
BRAZORIA COUNTY,039,39 Years,4871,2442,2429,2082,1052,1030,696,361,335,517,244,273,1576,785,791
BRAZORIA COUNTY,039,40 Years,4979,2434,2545,2105,1042,1063,722,354,368,544,249,295,1608,789,819
BRAZORIA COUNTY,039,41 Years,5073,2485,2588,2155,1105,1050,779,351,428,548,231,317,1591,798,793
BRAZORIA COUNTY,039,42 Years,5141,2500,2641,2131,1061,1070,836,402,434,601,245,356,1573,792,781
BRAZORIA COUNTY,039,43 Years,5275,2583,2692,2177,1076,1101,881,444,437,631,277,354,1586,786,800
BRAZORIA COUNTY,039,44 Years,5414,2677,2737,2368,1205,1163,867,433,434,600,272,328,1579,767,812
BRAZORIA COUNTY,039,45 Years,5614,2783,2831,2580,1292,1288,880,450,430,592,275,317,1562,766,796
BRAZORIA COUNTY,039,46 Years,5355,2698,2657,2492,1286,1206,842,413,429,580,281,299,1441,718,723
BRAZORIA COUNTY,039,47 Years,5029,2542,2487,2383,1224,1159,741,369,372,584,285,299,1321,664,657
BRAZORIA COUNTY,039,48 Years,4885,2491,2394,2270,1174,1096,752,397,355,551,270,281,1312,650,662
BRAZORIA COUNTY,039,49 Years,4887,2495,2392,2320,1198,1122,762,398,364,500,248,252,1305,651,654
BRAZORIA COUNTY,039,50 Years,4801,2495,2306,2298,1219,1079,794,402,392,494,248,246,1215,626,589
BRAZORIA COUNTY,039,51 Years,4888,2452,2436,2410,1214,1196,784,387,397,489,234,255,1205,617,588
BRAZORIA COUNTY,039,52 Years,4937,2445,2492,2552,1272,1280,779,385,394,456,213,243,1150,575,575
BRAZORIA COUNTY,039,53 Years,5005,2571,2434,2683,1348,1335,779,409,370,430,221,209,1113,593,520
BRAZORIA COUNTY,039,54 Years,4916,2478,2438,2746,1351,1395,727,369,358,386,191,195,1057,567,490
BRAZORIA COUNTY,039,55 Years,4806,2384,2422,2723,1333,1390,715,362,353,375,170,205,993,519,474
BRAZORIA COUNTY,039,56 Years,4863,2451,2412,2881,1434,1447,665,349,316,383,168,215,934,500,434
BRAZORIA COUNTY,039,57 Years,4719,2367,2352,2809,1413,1396,629,324,305,355,157,198,926,473,453
BRAZORIA COUNTY,039,58 Years,4601,2296,2305,2797,1391,1406,605,313,292,323,148,175,876,444,432
BRAZORIA COUNTY,039,59 Years,4331,2138,2193,2639,1294,1345,547,273,274,318,153,165,827,418,409
BRAZORIA COUNTY,039,60 Years,4076,2023,2053,2482,1236,1246,502,235,267,303,142,161,789,410,379
BRAZORIA COUNTY,039,61 Years,4070,2042,2028,2511,1260,1251,487,236,251,292,135,157,780,411,369
BRAZORIA COUNTY,039,62 Years,3877,1968,1909,2393,1225,1168,477,228,249,278,128,150,729,387,342
BRAZORIA COUNTY,039,63 Years,3721,1910,1811,2306,1197,1109,479,246,233,261,114,147,675,353,322
BRAZORIA COUNTY,039,64 Years,3459,1735,1724,2165,1107,1058,459,214,245,224,99,125,611,315,296
BRAZORIA COUNTY,039,65 Years,3137,1548,1589,1922,971,951,439,200,239,227,101,126,549,276,273
BRAZORIA COUNTY,039,66 Years,3076,1512,1564,1951,968,983,396,193,203,213,96,117,516,255,261
BRAZORIA COUNTY,039,67 Years,3012,1478,1534,1939,967,972,364,184,180,214,94,120,495,233,262
BRAZORIA COUNTY,039,68 Years,2914,1466,1448,1939,983,956,321,167,154,201,94,107,453,222,231
BRAZORIA COUNTY,039,69 Years,2736,1362,1374,1867,925,942,285,147,138,183,91,92,401,199,202
BRAZORIA COUNTY,039,70 Years,2191,1059,1132,1441,704,737,233,110,123,166,80,86,351,165,186
BRAZORIA COUNTY,039,71 Years,2151,1019,1132,1398,675,723,230,99,131,162,70,92,361,175,186
BRAZORIA COUNTY,039,72 Years,2146,1004,1142,1443,669,774,217,100,117,145,67,78,341,168,173
BRAZORIA COUNTY,039,73 Years,1964,908,1056,1363,634,729,181,85,96,141,69,72,279,120,159
BRAZORIA COUNTY,039,74 Years,1784,823,961,1229,576,653,148,67,81,138,66,72,269,114,155
BRAZORIA COUNTY,039,75 Years,1625,739,886,1106,509,597,134,61,73,121,51,70,264,118,146
BRAZORIA COUNTY,039,76 Years,1488,688,800,1025,478,547,120,57,63,114,48,66,229,105,124
BRAZORIA COUNTY,039,77 Years,1333,624,709,945,440,505,91,44,47,102,47,55,195,93,102
BRAZORIA COUNTY,039,78 Years,1210,573,637,875,417,458,79,35,44,84,43,41,172,78,94
BRAZORIA COUNTY,039,79 Years,1039,475,564,752,342,410,65,31,34,68,30,38,154,72,82
BRAZORIA COUNTY,039,80 Years,991,424,567,723,316,407,62,27,35,62,23,39,144,58,86
BRAZORIA COUNTY,039,81 Years,960,416,544,702,305,397,49,19,30,62,30,32,147,62,85
BRAZORIA COUNTY,039,82 Years,844,364,480,620,273,347,54,18,36,53,26,27,117,47,70
BRAZORIA COUNTY,039,83 Years,764,318,446,567,242,325,54,16,38,44,20,24,99,40,59
BRAZORIA COUNTY,039,84 Years,666,266,400,489,196,293,54,18,36,34,13,21,89,39,50
BRAZORIA COUNTY,039,85 Years +,4279,1542,2737,3415,1246,2169,257,74,183,152,52,100,455,170,285
BRAZOS COUNTY,041,All Ages,219920,111780,108140,119433,60383,59050,24417,11845,12572,18114,9607,8507,57956,29945,28011
BRAZOS COUNTY,041,< 1 Year,3668,1855,1813,1494,760,734,516,266,250,387,193,194,1271,636,635
BRAZOS COUNTY,041,1 Years,3708,1875,1833,1506,760,746,519,262,257,406,207,199,1277,646,631
BRAZOS COUNTY,041,2 Years,3676,1842,1834,1499,756,743,529,256,273,400,203,197,1248,627,621
BRAZOS COUNTY,041,3 Years,3566,1791,1775,1473,751,722,504,251,253,384,188,196,1205,601,604
BRAZOS COUNTY,041,4 Years,3471,1744,1727,1474,752,722,491,242,249,364,181,183,1142,569,573
BRAZOS COUNTY,041,5 Years,3507,1782,1725,1496,748,748,488,252,236,374,192,182,1149,590,559
BRAZOS COUNTY,041,6 Years,3492,1737,1755,1479,710,769,485,246,239,342,166,176,1186,615,571
BRAZOS COUNTY,041,7 Years,2618,1312,1306,1056,525,531,355,181,174,242,121,121,965,485,480
BRAZOS COUNTY,041,8 Years,2682,1369,1313,1067,533,534,376,202,174,247,126,121,992,508,484
BRAZOS COUNTY,041,9 Years,2630,1369,1261,1032,538,494,373,191,182,235,113,122,990,527,463
BRAZOS COUNTY,041,10 Years,2481,1259,1222,943,487,456,360,176,184,203,101,102,975,495,480
BRAZOS COUNTY,041,11 Years,2464,1268,1196,956,501,455,343,166,177,197,107,90,968,494,474
BRAZOS COUNTY,041,12 Years,2371,1227,1144,913,482,431,374,190,184,186,93,93,898,462,436
BRAZOS COUNTY,041,13 Years,2359,1218,1141,919,492,427,377,182,195,147,73,74,916,471,445
BRAZOS COUNTY,041,14 Years,2312,1149,1163,887,459,428,372,173,199,130,59,71,923,458,465
BRAZOS COUNTY,041,15 Years,2285,1168,1117,870,455,415,369,188,181,134,56,78,912,469,443
BRAZOS COUNTY,041,16 Years,2200,1115,1085,845,418,427,362,195,167,126,60,66,867,442,425
BRAZOS COUNTY,041,17 Years,2209,1126,1083,921,484,437,343,179,164,126,69,57,819,394,425
BRAZOS COUNTY,041,18 Years,4797,2338,2459,2905,1391,1514,423,218,205,296,160,136,1173,569,604
BRAZOS COUNTY,041,19 Years,9567,4817,4750,6480,3238,3242,528,270,258,485,271,214,2074,1038,1036
BRAZOS COUNTY,041,20 Years,9628,4962,4666,6654,3351,3303,577,311,266,505,297,208,1892,1003,889
BRAZOS COUNTY,041,21 Years,9477,4988,4489,6567,3414,3153,535,285,250,514,283,231,1861,1006,855
BRAZOS COUNTY,041,22 Years,8177,4605,3572,5479,3123,2356,534,268,266,489,281,208,1675,933,742
BRAZOS COUNTY,041,23 Years,5888,3407,2481,3394,2019,1375,538,269,269,476,307,169,1480,812,668
BRAZOS COUNTY,041,24 Years,5194,2820,2374,2730,1492,1238,496,234,262,554,332,222,1414,762,652
BRAZOS COUNTY,041,25 Years,5216,2732,2484,2661,1345,1316,479,258,221,639,389,250,1437,740,697
BRAZOS COUNTY,041,26 Years,4820,2541,2279,2458,1311,1147,419,201,218,610,353,257,1333,676,657
BRAZOS COUNTY,041,27 Years,4301,2270,2031,2188,1126,1062,363,189,174,556,311,245,1194,644,550
BRAZOS COUNTY,041,28 Years,3742,1960,1782,1790,872,918,349,171,178,510,304,206,1093,613,480
BRAZOS COUNTY,041,29 Years,3512,1849,1663,1677,867,810,340,165,175,478,275,203,1017,542,475
BRAZOS COUNTY,041,30 Years,3562,1883,1679,1644,848,796,366,183,183,484,275,209,1068,577,491
BRAZOS COUNTY,041,31 Years,3513,1892,1621,1668,895,773,354,167,187,436,237,199,1055,593,462
BRAZOS COUNTY,041,32 Years,3270,1747,1523,1551,828,723,328,149,179,412,240,172,979,530,449
BRAZOS COUNTY,041,33 Years,3182,1719,1463,1506,818,688,344,158,186,374,211,163,958,532,426
BRAZOS COUNTY,041,34 Years,3078,1619,1459,1485,790,695,361,168,193,352,190,162,880,471,409
BRAZOS COUNTY,041,35 Years,2939,1517,1422,1405,738,667,348,168,180,333,173,160,853,438,415
BRAZOS COUNTY,041,36 Years,2783,1459,1324,1328,712,616,322,155,167,314,156,158,819,436,383
BRAZOS COUNTY,041,37 Years,2577,1308,1269,1255,661,594,278,125,153,284,142,142,760,380,380
BRAZOS COUNTY,041,38 Years,2481,1307,1174,1180,626,554,262,139,123,287,151,136,752,391,361
BRAZOS COUNTY,041,39 Years,2370,1217,1153,1099,577,522,278,142,136,281,136,145,712,362,350
BRAZOS COUNTY,041,40 Years,2165,1093,1072,966,501,465,264,114,150,262,132,130,673,346,327
BRAZOS COUNTY,041,41 Years,2031,1034,997,868,454,414,238,101,137,255,130,125,670,349,321
BRAZOS COUNTY,041,42 Years,2010,1041,969,889,467,422,252,120,132,262,141,121,607,313,294
BRAZOS COUNTY,041,43 Years,2014,1005,1009,894,447,447,254,119,135,246,128,118,620,311,309
BRAZOS COUNTY,041,44 Years,2019,1000,1019,937,472,465,269,121,148,209,107,102,604,300,304
BRAZOS COUNTY,041,45 Years,2082,996,1086,1040,509,531,294,125,169,180,79,101,568,283,285
BRAZOS COUNTY,041,46 Years,2023,977,1046,1030,497,533,281,129,152,174,73,101,538,278,260
BRAZOS COUNTY,041,47 Years,1856,893,963,951,455,496,262,132,130,150,62,88,493,244,249
BRAZOS COUNTY,041,48 Years,1797,899,898,911,458,453,280,144,136,114,48,66,492,249,243
BRAZOS COUNTY,041,49 Years,1752,859,893,898,441,457,287,133,154,110,53,57,457,232,225
BRAZOS COUNTY,041,50 Years,1778,876,902,938,459,479,282,130,152,112,55,57,446,232,214
BRAZOS COUNTY,041,51 Years,1798,877,921,976,477,499,274,132,142,107,49,58,441,219,222
BRAZOS COUNTY,041,52 Years,1869,921,948,1022,498,524,268,124,144,116,57,59,463,242,221
BRAZOS COUNTY,041,53 Years,1833,893,940,1058,501,557,276,127,149,101,58,43,398,207,191
BRAZOS COUNTY,041,54 Years,1765,836,929,1061,493,568,268,125,143,99,54,45,337,164,173
BRAZOS COUNTY,041,55 Years,1833,871,962,1132,527,605,255,124,131,91,41,50,355,179,176
BRAZOS COUNTY,041,56 Years,1864,894,970,1162,546,616,280,136,144,87,36,51,335,176,159
BRAZOS COUNTY,041,57 Years,1750,850,900,1114,549,565,248,113,135,80,30,50,308,158,150
BRAZOS COUNTY,041,58 Years,1777,873,904,1124,557,567,255,120,135,75,31,44,323,165,158
BRAZOS COUNTY,041,59 Years,1773,853,920,1131,549,582,250,113,137,72,30,42,320,161,159
BRAZOS COUNTY,041,60 Years,1651,777,874,1098,521,577,210,95,115,67,30,37,276,131,145
BRAZOS COUNTY,041,61 Years,1575,744,831,1033,493,540,209,93,116,68,30,38,265,128,137
BRAZOS COUNTY,041,62 Years,1562,752,810,1047,496,551,194,88,106,68,32,36,253,136,117
BRAZOS COUNTY,041,63 Years,1486,735,751,1021,505,516,179,80,99,58,25,33,228,125,103
BRAZOS COUNTY,041,64 Years,1416,690,726,976,462,514,178,81,97,62,31,31,200,116,84
BRAZOS COUNTY,041,65 Years,1314,644,670,915,448,467,157,73,84,60,25,35,182,98,84
BRAZOS COUNTY,041,66 Years,1296,638,658,918,463,455,148,71,77,51,24,27,179,80,99
BRAZOS COUNTY,041,67 Years,1187,573,614,867,415,452,118,56,62,41,24,17,161,78,83
BRAZOS COUNTY,041,68 Years,1241,581,660,918,426,492,117,58,59,38,18,20,168,79,89
BRAZOS COUNTY,041,69 Years,1242,593,649,922,439,483,121,57,64,37,21,16,162,76,86
BRAZOS COUNTY,041,70 Years,1010,479,531,735,354,381,93,40,53,39,19,20,143,66,77
BRAZOS COUNTY,041,71 Years,947,430,517,668,312,356,94,38,56,35,17,18,150,63,87
BRAZOS COUNTY,041,72 Years,892,408,484,655,294,361,88,37,51,30,19,11,119,58,61
BRAZOS COUNTY,041,73 Years,826,391,435,625,300,325,75,30,45,25,13,12,101,48,53
BRAZOS COUNTY,041,74 Years,754,353,401,579,274,305,62,26,36,24,12,12,89,41,48
BRAZOS COUNTY,041,75 Years,701,314,387,537,237,300,65,28,37,24,10,14,75,39,36
BRAZOS COUNTY,041,76 Years,657,280,377,514,220,294,62,23,39,24,10,14,57,27,30
BRAZOS COUNTY,041,77 Years,621,277,344,497,227,270,63,26,37,18,7,11,43,17,26
BRAZOS COUNTY,041,78 Years,612,270,342,481,217,264,59,24,35,21,8,13,51,21,30
BRAZOS COUNTY,041,79 Years,547,239,308,414,184,230,54,20,34,14,6,8,65,29,36
BRAZOS COUNTY,041,80 Years,508,219,289,389,168,221,51,19,32,13,5,8,55,27,28
BRAZOS COUNTY,041,81 Years,481,211,270,375,165,210,46,16,30,17,9,8,43,21,22
BRAZOS COUNTY,041,82 Years,472,202,270,377,162,215,42,15,27,13,5,8,40,20,20
BRAZOS COUNTY,041,83 Years,444,182,262,355,147,208,41,15,26,12,6,6,36,14,22
BRAZOS COUNTY,041,84 Years,420,164,256,348,141,207,31,11,20,9,4,5,32,8,24
BRAZOS COUNTY,041,85 Years +,2496,930,1566,2133,803,1330,165,52,113,45,21,24,153,54,99
BREWSTER COUNTY,043,All Ages,9257,4648,4609,4973,2499,2474,80,59,21,274,129,145,3930,1961,1969
BREWSTER COUNTY,043,< 1 Year,112,51,61,40,17,23,2,1,1,16,8,8,54,25,29
BREWSTER COUNTY,043,1 Years,113,55,58,46,21,25,1,0,1,11,5,6,55,29,26
BREWSTER COUNTY,043,2 Years,122,60,62,52,23,29,0,0,0,10,4,6,60,33,27
BREWSTER COUNTY,043,3 Years,127,61,66,57,28,29,0,0,0,8,1,7,62,32,30
BREWSTER COUNTY,043,4 Years,128,64,64,55,30,25,0,0,0,8,1,7,65,33,32
BREWSTER COUNTY,043,5 Years,133,68,65,55,29,26,1,0,1,10,4,6,67,35,32
BREWSTER COUNTY,043,6 Years,140,68,72,57,32,25,0,0,0,7,2,5,76,34,42
BREWSTER COUNTY,043,7 Years,98,51,47,41,22,19,2,2,0,4,2,2,51,25,26
BREWSTER COUNTY,043,8 Years,87,47,40,35,16,19,1,1,0,3,1,2,48,29,19
BREWSTER COUNTY,043,9 Years,89,48,41,31,14,17,0,0,0,4,2,2,54,32,22
BREWSTER COUNTY,043,10 Years,111,56,55,42,19,23,1,0,1,5,3,2,63,34,29
BREWSTER COUNTY,043,11 Years,96,43,53,32,13,19,0,0,0,5,3,2,59,27,32
BREWSTER COUNTY,043,12 Years,94,54,40,39,23,16,0,0,0,3,2,1,52,29,23
BREWSTER COUNTY,043,13 Years,101,58,43,45,29,16,0,0,0,3,2,1,53,27,26
BREWSTER COUNTY,043,14 Years,104,57,47,42,25,17,2,2,0,6,3,3,54,27,27
BREWSTER COUNTY,043,15 Years,103,50,53,38,13,25,1,1,0,5,4,1,59,32,27
BREWSTER COUNTY,043,16 Years,115,59,56,46,21,25,0,0,0,4,2,2,65,36,29
BREWSTER COUNTY,043,17 Years,114,57,57,46,24,22,1,0,1,4,3,1,63,30,33
BREWSTER COUNTY,043,18 Years,125,60,65,52,31,21,1,0,1,4,1,3,68,28,40
BREWSTER COUNTY,043,19 Years,134,68,66,48,27,21,3,1,2,2,0,2,81,40,41
BREWSTER COUNTY,043,20 Years,153,76,77,56,24,32,3,2,1,5,3,2,89,47,42
BREWSTER COUNTY,043,21 Years,155,82,73,52,27,25,4,3,1,4,2,2,95,50,45
BREWSTER COUNTY,043,22 Years,143,73,70,53,23,30,4,4,0,5,3,2,81,43,38
BREWSTER COUNTY,043,23 Years,137,74,63,69,35,34,3,3,0,2,1,1,63,35,28
BREWSTER COUNTY,043,24 Years,94,49,45,49,30,19,4,3,1,0,0,0,41,16,25
BREWSTER COUNTY,043,25 Years,101,45,56,34,16,18,3,3,0,2,1,1,62,25,37
BREWSTER COUNTY,043,26 Years,93,44,49,33,16,17,2,2,0,3,1,2,55,25,30
BREWSTER COUNTY,043,27 Years,98,58,40,36,20,16,1,1,0,7,6,1,54,31,23
BREWSTER COUNTY,043,28 Years,94,42,52,38,15,23,4,4,0,6,1,5,46,22,24
BREWSTER COUNTY,043,29 Years,99,53,46,44,22,22,3,3,0,4,0,4,48,28,20
BREWSTER COUNTY,043,30 Years,104,42,62,50,16,34,1,1,0,3,0,3,50,25,25
BREWSTER COUNTY,043,31 Years,112,57,55,56,34,22,0,0,0,3,2,1,53,21,32
BREWSTER COUNTY,043,32 Years,100,57,43,57,37,20,0,0,0,2,1,1,41,19,22
BREWSTER COUNTY,043,33 Years,99,50,49,51,25,26,0,0,0,2,1,1,46,24,22
BREWSTER COUNTY,043,34 Years,92,51,41,51,27,24,0,0,0,3,2,1,38,22,16
BREWSTER COUNTY,043,35 Years,108,69,39,55,38,17,1,0,1,2,1,1,50,30,20
BREWSTER COUNTY,043,36 Years,105,63,42,52,31,21,2,1,1,0,0,0,51,31,20
BREWSTER COUNTY,043,37 Years,83,43,40,47,22,25,1,1,0,1,0,1,34,20,14
BREWSTER COUNTY,043,38 Years,89,40,49,51,21,30,0,0,0,4,3,1,34,16,18
BREWSTER COUNTY,043,39 Years,91,45,46,48,25,23,1,0,1,3,3,0,39,17,22
BREWSTER COUNTY,043,40 Years,99,50,49,52,31,21,2,1,1,2,2,0,43,16,27
BREWSTER COUNTY,043,41 Years,110,56,54,57,28,29,1,1,0,2,2,0,50,25,25
BREWSTER COUNTY,043,42 Years,83,46,37,46,26,20,2,2,0,2,1,1,33,17,16
BREWSTER COUNTY,043,43 Years,78,39,39,39,22,17,0,0,0,2,0,2,37,17,20
BREWSTER COUNTY,043,44 Years,97,45,52,51,24,27,0,0,0,1,0,1,45,21,24
BREWSTER COUNTY,043,45 Years,99,50,49,60,31,29,0,0,0,4,3,1,35,16,19
BREWSTER COUNTY,043,46 Years,106,50,56,62,28,34,1,1,0,2,2,0,41,19,22
BREWSTER COUNTY,043,47 Years,100,49,51,54,27,27,1,1,0,1,0,1,44,21,23
BREWSTER COUNTY,043,48 Years,111,52,59,61,30,31,0,0,0,3,2,1,47,20,27
BREWSTER COUNTY,043,49 Years,113,51,62,58,26,32,3,2,1,4,2,2,48,21,27
BREWSTER COUNTY,043,50 Years,100,48,52,56,26,30,2,1,1,3,1,2,39,20,19
BREWSTER COUNTY,043,51 Years,118,54,64,66,31,35,0,0,0,2,1,1,50,22,28
BREWSTER COUNTY,043,52 Years,131,60,71,76,36,40,1,0,1,2,1,1,52,23,29
BREWSTER COUNTY,043,53 Years,129,63,66,78,34,44,0,0,0,2,1,1,49,28,21
BREWSTER COUNTY,043,54 Years,133,59,74,90,42,48,1,1,0,2,1,1,40,15,25
BREWSTER COUNTY,043,55 Years,123,63,60,69,38,31,1,1,0,2,0,2,51,24,27
BREWSTER COUNTY,043,56 Years,121,65,56,74,37,37,1,1,0,1,0,1,45,27,18
BREWSTER COUNTY,043,57 Years,112,57,55,66,34,32,0,0,0,3,2,1,43,21,22
BREWSTER COUNTY,043,58 Years,118,64,54,73,36,37,0,0,0,1,1,0,44,27,17
BREWSTER COUNTY,043,59 Years,137,71,66,93,48,45,0,0,0,0,0,0,44,23,21
BREWSTER COUNTY,043,60 Years,143,68,75,104,49,55,3,1,2,2,1,1,34,17,17
BREWSTER COUNTY,043,61 Years,153,74,79,111,48,63,2,1,1,3,1,2,37,24,13
BREWSTER COUNTY,043,62 Years,151,74,77,104,47,57,1,1,0,0,0,0,46,26,20
BREWSTER COUNTY,043,63 Years,154,78,76,109,54,55,0,0,0,2,0,2,43,24,19
BREWSTER COUNTY,043,64 Years,141,74,67,99,54,45,0,0,0,1,0,1,41,20,21
BREWSTER COUNTY,043,65 Years,130,67,63,88,43,45,1,1,0,4,1,3,37,22,15
BREWSTER COUNTY,043,66 Years,147,65,82,102,42,60,1,1,0,5,3,2,39,19,20
BREWSTER COUNTY,043,67 Years,141,66,75,106,50,56,1,1,0,4,2,2,30,13,17
BREWSTER COUNTY,043,68 Years,133,75,58,101,58,43,0,0,0,4,3,1,28,14,14
BREWSTER COUNTY,043,69 Years,134,76,58,106,60,46,0,0,0,3,1,2,25,15,10
BREWSTER COUNTY,043,70 Years,113,61,52,82,46,36,0,0,0,3,1,2,28,14,14
BREWSTER COUNTY,043,71 Years,101,52,49,66,37,29,0,0,0,3,2,1,32,13,19
BREWSTER COUNTY,043,72 Years,91,45,46,60,32,28,0,0,0,4,2,2,27,11,16
BREWSTER COUNTY,043,73 Years,90,43,47,59,32,27,0,0,0,1,0,1,30,11,19
BREWSTER COUNTY,043,74 Years,83,40,43,60,29,31,0,0,0,1,0,1,22,11,11
BREWSTER COUNTY,043,75 Years,80,41,39,58,31,27,0,0,0,1,1,0,21,9,12
BREWSTER COUNTY,043,76 Years,78,43,35,51,29,22,0,0,0,0,0,0,27,14,13
BREWSTER COUNTY,043,77 Years,79,45,34,50,29,21,0,0,0,2,2,0,27,14,13
BREWSTER COUNTY,043,78 Years,66,39,27,41,25,16,0,0,0,2,2,0,23,12,11
BREWSTER COUNTY,043,79 Years,52,30,22,30,17,13,2,2,0,0,0,0,20,11,9
BREWSTER COUNTY,043,80 Years,42,21,21,26,14,12,0,0,0,0,0,0,16,7,9
BREWSTER COUNTY,043,81 Years,48,20,28,28,13,15,0,0,0,0,0,0,20,7,13
BREWSTER COUNTY,043,82 Years,40,18,22,21,10,11,0,0,0,0,0,0,19,8,11
BREWSTER COUNTY,043,83 Years,32,14,18,19,8,11,0,0,0,0,0,0,13,6,7
BREWSTER COUNTY,043,84 Years,31,14,17,18,8,10,0,0,0,0,0,0,13,6,7
BREWSTER COUNTY,043,85 Years +,190,65,125,112,38,74,0,0,0,5,1,4,73,26,47
BRISCOE COUNTY,045,All Ages,1404,698,706,947,472,475,36,15,21,24,13,11,397,198,199
BRISCOE COUNTY,045,< 1 Year,13,4,9,8,2,6,0,0,0,0,0,0,5,2,3
BRISCOE COUNTY,045,1 Years,14,6,8,6,2,4,0,0,0,0,0,0,8,4,4
BRISCOE COUNTY,045,2 Years,13,5,8,6,2,4,0,0,0,0,0,0,7,3,4
BRISCOE COUNTY,045,3 Years,13,6,7,4,1,3,0,0,0,0,0,0,9,5,4
BRISCOE COUNTY,045,4 Years,17,8,9,7,4,3,0,0,0,0,0,0,10,4,6
BRISCOE COUNTY,045,5 Years,17,9,8,6,4,2,0,0,0,0,0,0,11,5,6
BRISCOE COUNTY,045,6 Years,27,13,14,7,6,1,2,0,2,2,0,2,16,7,9
BRISCOE COUNTY,045,7 Years,14,6,8,6,2,4,0,0,0,1,0,1,7,4,3
BRISCOE COUNTY,045,8 Years,16,8,8,7,3,4,0,0,0,2,1,1,7,4,3
BRISCOE COUNTY,045,9 Years,20,9,11,8,3,5,0,0,0,1,0,1,11,6,5
BRISCOE COUNTY,045,10 Years,18,9,9,8,5,3,0,0,0,0,0,0,10,4,6
BRISCOE COUNTY,045,11 Years,17,10,7,10,6,4,1,1,0,0,0,0,6,3,3
BRISCOE COUNTY,045,12 Years,13,5,8,8,4,4,0,0,0,0,0,0,5,1,4
BRISCOE COUNTY,045,13 Years,15,11,4,9,7,2,0,0,0,0,0,0,6,4,2
BRISCOE COUNTY,045,14 Years,18,13,5,11,8,3,2,1,1,0,0,0,5,4,1
BRISCOE COUNTY,045,15 Years,14,7,7,7,4,3,1,0,1,1,1,0,5,2,3
BRISCOE COUNTY,045,16 Years,17,7,10,9,2,7,0,0,0,2,1,1,6,4,2
BRISCOE COUNTY,045,17 Years,25,13,12,16,7,9,0,0,0,1,1,0,8,5,3
BRISCOE COUNTY,045,18 Years,11,6,5,9,4,5,0,0,0,0,0,0,2,2,0
BRISCOE COUNTY,045,19 Years,12,5,7,5,2,3,0,0,0,1,0,1,6,3,3
BRISCOE COUNTY,045,20 Years,16,8,8,9,4,5,0,0,0,0,0,0,7,4,3
BRISCOE COUNTY,045,21 Years,15,6,9,9,3,6,0,0,0,0,0,0,6,3,3
BRISCOE COUNTY,045,22 Years,20,13,7,12,8,4,1,1,0,2,1,1,5,3,2
BRISCOE COUNTY,045,23 Years,18,12,6,8,5,3,0,0,0,2,1,1,8,6,2
BRISCOE COUNTY,045,24 Years,17,9,8,8,3,5,0,0,0,1,1,0,8,5,3
BRISCOE COUNTY,045,25 Years,13,8,5,6,4,2,0,0,0,0,0,0,7,4,3
BRISCOE COUNTY,045,26 Years,13,8,5,7,4,3,0,0,0,0,0,0,6,4,2
BRISCOE COUNTY,045,27 Years,11,5,6,4,2,2,0,0,0,0,0,0,7,3,4
BRISCOE COUNTY,045,28 Years,14,8,6,6,4,2,0,0,0,1,0,1,7,4,3
BRISCOE COUNTY,045,29 Years,8,3,5,3,1,2,0,0,0,0,0,0,5,2,3
BRISCOE COUNTY,045,30 Years,13,6,7,7,3,4,2,2,0,0,0,0,4,1,3
BRISCOE COUNTY,045,31 Years,9,5,4,5,3,2,1,1,0,0,0,0,3,1,2
BRISCOE COUNTY,045,32 Years,9,6,3,7,5,2,0,0,0,0,0,0,2,1,1
BRISCOE COUNTY,045,33 Years,10,5,5,6,3,3,1,0,1,0,0,0,3,2,1
BRISCOE COUNTY,045,34 Years,11,6,5,6,3,3,0,0,0,0,0,0,5,3,2
BRISCOE COUNTY,045,35 Years,13,7,6,8,4,4,0,0,0,0,0,0,5,3,2
BRISCOE COUNTY,045,36 Years,14,7,7,9,4,5,0,0,0,0,0,0,5,3,2
BRISCOE COUNTY,045,37 Years,11,3,8,5,1,4,0,0,0,0,0,0,6,2,4
BRISCOE COUNTY,045,38 Years,13,5,8,8,4,4,0,0,0,0,0,0,5,1,4
BRISCOE COUNTY,045,39 Years,18,12,6,9,7,2,2,0,2,0,0,0,7,5,2
BRISCOE COUNTY,045,40 Years,19,9,10,12,6,6,1,0,1,0,0,0,6,3,3
BRISCOE COUNTY,045,41 Years,19,10,9,14,8,6,1,0,1,0,0,0,4,2,2
BRISCOE COUNTY,045,42 Years,13,6,7,7,3,4,1,0,1,0,0,0,5,3,2
BRISCOE COUNTY,045,43 Years,15,9,6,9,5,4,0,0,0,0,0,0,6,4,2
BRISCOE COUNTY,045,44 Years,15,7,8,11,6,5,1,0,1,0,0,0,3,1,2
BRISCOE COUNTY,045,45 Years,14,7,7,12,6,6,0,0,0,0,0,0,2,1,1
BRISCOE COUNTY,045,46 Years,15,7,8,10,5,5,1,1,0,0,0,0,4,1,3
BRISCOE COUNTY,045,47 Years,19,8,11,13,7,6,0,0,0,0,0,0,6,1,5
BRISCOE COUNTY,045,48 Years,10,5,5,6,4,2,0,0,0,0,0,0,4,1,3
BRISCOE COUNTY,045,49 Years,12,8,4,11,7,4,0,0,0,0,0,0,1,1,0
BRISCOE COUNTY,045,50 Years,13,7,6,10,5,5,0,0,0,0,0,0,3,2,1
BRISCOE COUNTY,045,51 Years,23,10,13,19,9,10,1,0,1,0,0,0,3,1,2
BRISCOE COUNTY,045,52 Years,20,7,13,14,6,8,0,0,0,0,0,0,6,1,5
BRISCOE COUNTY,045,53 Years,17,8,9,12,5,7,0,0,0,1,1,0,4,2,2
BRISCOE COUNTY,045,54 Years,24,14,10,16,8,8,0,0,0,1,1,0,7,5,2
BRISCOE COUNTY,045,55 Years,23,15,8,18,11,7,0,0,0,0,0,0,5,4,1
BRISCOE COUNTY,045,56 Years,20,10,10,15,8,7,0,0,0,0,0,0,5,2,3
BRISCOE COUNTY,045,57 Years,19,12,7,14,10,4,0,0,0,0,0,0,5,2,3
BRISCOE COUNTY,045,58 Years,16,6,10,12,4,8,1,1,0,0,0,0,3,1,2
BRISCOE COUNTY,045,59 Years,18,8,10,14,6,8,0,0,0,0,0,0,4,2,2
BRISCOE COUNTY,045,60 Years,20,8,12,17,6,11,1,1,0,0,0,0,2,1,1
BRISCOE COUNTY,045,61 Years,17,8,9,14,5,9,1,1,0,0,0,0,2,2,0
BRISCOE COUNTY,045,62 Years,18,9,9,15,7,8,1,1,0,0,0,0,2,1,1
BRISCOE COUNTY,045,63 Years,20,11,9,18,10,8,0,0,0,1,1,0,1,0,1
BRISCOE COUNTY,045,64 Years,20,12,8,19,11,8,0,0,0,0,0,0,1,1,0
BRISCOE COUNTY,045,65 Years,16,9,7,13,7,6,1,0,1,1,1,0,1,1,0
BRISCOE COUNTY,045,66 Years,17,7,10,14,5,9,0,0,0,1,1,0,2,1,1
BRISCOE COUNTY,045,67 Years,19,7,12,16,7,9,0,0,0,0,0,0,3,0,3
BRISCOE COUNTY,045,68 Years,20,8,12,16,7,9,1,0,1,0,0,0,3,1,2
BRISCOE COUNTY,045,69 Years,26,14,12,22,12,10,1,1,0,0,0,0,3,1,2
BRISCOE COUNTY,045,70 Years,28,16,12,24,14,10,1,0,1,0,0,0,3,2,1
BRISCOE COUNTY,045,71 Years,16,8,8,12,8,4,1,0,1,0,0,0,3,0,3
BRISCOE COUNTY,045,72 Years,19,10,9,14,7,7,2,2,0,0,0,0,3,1,2
BRISCOE COUNTY,045,73 Years,19,9,10,15,7,8,0,0,0,1,0,1,3,2,1
BRISCOE COUNTY,045,74 Years,18,9,9,16,8,8,0,0,0,0,0,0,2,1,1
BRISCOE COUNTY,045,75 Years,12,7,5,11,6,5,0,0,0,0,0,0,1,1,0
BRISCOE COUNTY,045,76 Years,14,6,8,12,6,6,1,0,1,0,0,0,1,0,1
BRISCOE COUNTY,045,77 Years,11,3,8,9,3,6,1,0,1,0,0,0,1,0,1
BRISCOE COUNTY,045,78 Years,15,8,7,13,7,6,0,0,0,0,0,0,2,1,1
BRISCOE COUNTY,045,79 Years,12,6,6,12,6,6,0,0,0,0,0,0,0,0,0
BRISCOE COUNTY,045,80 Years,14,6,8,12,6,6,0,0,0,0,0,0,2,0,2
BRISCOE COUNTY,045,81 Years,15,8,7,14,7,7,0,0,0,0,0,0,1,1,0
BRISCOE COUNTY,045,82 Years,12,5,7,11,5,6,0,0,0,0,0,0,1,0,1
BRISCOE COUNTY,045,83 Years,11,5,6,11,5,6,0,0,0,0,0,0,0,0,0
BRISCOE COUNTY,045,84 Years,12,6,6,10,4,6,0,0,0,0,0,0,2,2,0
BRISCOE COUNTY,045,85 Years +,49,18,31,39,14,25,4,1,3,1,1,0,5,2,3
BROOKS COUNTY,047,All Ages,7175,3593,3582,569,286,283,20,12,8,39,19,20,6547,3276,3271
BROOKS COUNTY,047,< 1 Year,109,61,48,8,4,4,0,0,0,0,0,0,101,57,44
BROOKS COUNTY,047,1 Years,108,56,52,8,3,5,0,0,0,0,0,0,100,53,47
BROOKS COUNTY,047,2 Years,112,54,58,8,3,5,0,0,0,0,0,0,104,51,53
BROOKS COUNTY,047,3 Years,111,52,59,9,4,5,0,0,0,0,0,0,102,48,54
BROOKS COUNTY,047,4 Years,120,59,61,11,6,5,0,0,0,0,0,0,109,53,56
BROOKS COUNTY,047,5 Years,115,60,55,8,5,3,0,0,0,0,0,0,107,55,52
BROOKS COUNTY,047,6 Years,119,58,61,7,3,4,0,0,0,0,0,0,112,55,57
BROOKS COUNTY,047,7 Years,106,56,50,6,2,4,0,0,0,0,0,0,100,54,46
BROOKS COUNTY,047,8 Years,103,54,49,10,7,3,0,0,0,1,0,1,92,47,45
BROOKS COUNTY,047,9 Years,121,61,60,6,4,2,0,0,0,2,0,2,113,57,56
BROOKS COUNTY,047,10 Years,113,63,50,8,6,2,0,0,0,1,0,1,104,57,47
BROOKS COUNTY,047,11 Years,106,52,54,7,4,3,0,0,0,0,0,0,99,48,51
BROOKS COUNTY,047,12 Years,102,53,49,4,3,1,1,0,1,2,2,0,95,48,47
BROOKS COUNTY,047,13 Years,87,42,45,4,1,3,0,0,0,1,1,0,82,40,42
BROOKS COUNTY,047,14 Years,112,56,56,8,2,6,1,1,0,0,0,0,103,53,50
BROOKS COUNTY,047,15 Years,102,51,51,5,3,2,1,1,0,0,0,0,96,47,49
BROOKS COUNTY,047,16 Years,104,59,45,6,2,4,1,1,0,0,0,0,97,56,41
BROOKS COUNTY,047,17 Years,103,64,39,6,4,2,1,0,1,0,0,0,96,60,36
BROOKS COUNTY,047,18 Years,100,59,41,7,5,2,0,0,0,0,0,0,93,54,39
BROOKS COUNTY,047,19 Years,92,54,38,4,3,1,0,0,0,0,0,0,88,51,37
BROOKS COUNTY,047,20 Years,99,53,46,3,1,2,0,0,0,1,0,1,95,52,43
BROOKS COUNTY,047,21 Years,90,54,36,3,1,2,0,0,0,1,0,1,86,53,33
BROOKS COUNTY,047,22 Years,90,51,39,3,1,2,0,0,0,1,0,1,86,50,36
BROOKS COUNTY,047,23 Years,114,60,54,6,2,4,0,0,0,0,0,0,108,58,50
BROOKS COUNTY,047,24 Years,114,62,52,4,1,3,0,0,0,0,0,0,110,61,49
BROOKS COUNTY,047,25 Years,100,55,45,3,1,2,0,0,0,2,1,1,95,53,42
BROOKS COUNTY,047,26 Years,101,48,53,4,2,2,0,0,0,3,2,1,94,44,50
BROOKS COUNTY,047,27 Years,83,47,36,4,2,2,1,1,0,1,1,0,77,43,34
BROOKS COUNTY,047,28 Years,90,49,41,7,1,6,0,0,0,0,0,0,83,48,35
BROOKS COUNTY,047,29 Years,82,45,37,6,3,3,1,1,0,2,1,1,73,40,33
BROOKS COUNTY,047,30 Years,77,35,42,6,3,3,0,0,0,2,0,2,69,32,37
BROOKS COUNTY,047,31 Years,69,39,30,5,3,2,0,0,0,0,0,0,64,36,28
BROOKS COUNTY,047,32 Years,72,41,31,5,3,2,1,0,1,0,0,0,66,38,28
BROOKS COUNTY,047,33 Years,78,34,44,5,2,3,1,1,0,1,0,1,71,31,40
BROOKS COUNTY,047,34 Years,74,33,41,6,3,3,3,1,2,0,0,0,65,29,36
BROOKS COUNTY,047,35 Years,84,43,41,6,4,2,1,0,1,0,0,0,77,39,38
BROOKS COUNTY,047,36 Years,71,32,39,5,2,3,1,1,0,0,0,0,65,29,36
BROOKS COUNTY,047,37 Years,57,33,24,4,3,1,0,0,0,0,0,0,53,30,23
BROOKS COUNTY,047,38 Years,63,35,28,3,1,2,0,0,0,0,0,0,60,34,26
BROOKS COUNTY,047,39 Years,57,28,29,5,1,4,0,0,0,0,0,0,52,27,25
BROOKS COUNTY,047,40 Years,60,29,31,5,3,2,0,0,0,1,1,0,54,25,29
BROOKS COUNTY,047,41 Years,63,37,26,4,2,2,1,0,1,3,3,0,55,32,23
BROOKS COUNTY,047,42 Years,51,34,17,6,5,1,1,1,0,0,0,0,44,28,16
BROOKS COUNTY,047,43 Years,72,38,34,12,7,5,0,0,0,1,1,0,59,30,29
BROOKS COUNTY,047,44 Years,66,27,39,8,4,4,1,1,0,1,1,0,56,21,35
BROOKS COUNTY,047,45 Years,62,28,34,7,3,4,0,0,0,0,0,0,55,25,30
BROOKS COUNTY,047,46 Years,55,27,28,6,3,3,0,0,0,0,0,0,49,24,25
BROOKS COUNTY,047,47 Years,59,24,35,2,1,1,1,1,0,0,0,0,56,22,34
BROOKS COUNTY,047,48 Years,62,33,29,2,2,0,0,0,0,3,2,1,57,29,28
BROOKS COUNTY,047,49 Years,76,41,35,5,2,3,0,0,0,1,1,0,70,38,32
BROOKS COUNTY,047,50 Years,79,37,42,5,3,2,0,0,0,0,0,0,74,34,40
BROOKS COUNTY,047,51 Years,86,41,45,6,4,2,0,0,0,0,0,0,80,37,43
BROOKS COUNTY,047,52 Years,82,38,44,5,4,1,1,1,0,0,0,0,76,33,43
BROOKS COUNTY,047,53 Years,92,44,48,7,3,4,0,0,0,0,0,0,85,41,44
BROOKS COUNTY,047,54 Years,104,49,55,8,3,5,0,0,0,1,1,0,95,45,50
BROOKS COUNTY,047,55 Years,91,46,45,7,2,5,0,0,0,1,1,0,83,43,40
BROOKS COUNTY,047,56 Years,96,42,54,4,2,2,0,0,0,0,0,0,92,40,52
BROOKS COUNTY,047,57 Years,87,46,41,7,3,4,0,0,0,0,0,0,80,43,37
BROOKS COUNTY,047,58 Years,83,39,44,6,4,2,0,0,0,0,0,0,77,35,42
BROOKS COUNTY,047,59 Years,94,45,49,7,3,4,0,0,0,1,0,1,86,42,44
BROOKS COUNTY,047,60 Years,93,48,45,10,5,5,0,0,0,0,0,0,83,43,40
BROOKS COUNTY,047,61 Years,99,46,53,9,4,5,0,0,0,1,0,1,89,42,47
BROOKS COUNTY,047,62 Years,95,51,44,11,5,6,0,0,0,1,0,1,83,46,37
BROOKS COUNTY,047,63 Years,92,47,45,11,5,6,0,0,0,0,0,0,81,42,39
BROOKS COUNTY,047,64 Years,82,43,39,8,4,4,0,0,0,0,0,0,74,39,35
BROOKS COUNTY,047,65 Years,86,46,40,7,5,2,0,0,0,0,0,0,79,41,38
BROOKS COUNTY,047,66 Years,87,38,49,9,3,6,0,0,0,0,0,0,78,35,43
BROOKS COUNTY,047,67 Years,82,38,44,8,3,5,0,0,0,0,0,0,74,35,39
BROOKS COUNTY,047,68 Years,81,41,40,10,6,4,0,0,0,0,0,0,71,35,36
BROOKS COUNTY,047,69 Years,84,38,46,9,5,4,0,0,0,0,0,0,75,33,42
BROOKS COUNTY,047,70 Years,78,40,38,6,5,1,0,0,0,0,0,0,72,35,37
BROOKS COUNTY,047,71 Years,86,44,42,10,6,4,0,0,0,0,0,0,76,38,38
BROOKS COUNTY,047,72 Years,63,26,37,3,1,2,0,0,0,0,0,0,60,25,35
BROOKS COUNTY,047,73 Years,61,26,35,9,5,4,0,0,0,0,0,0,52,21,31
BROOKS COUNTY,047,74 Years,56,24,32,8,5,3,0,0,0,0,0,0,48,19,29
BROOKS COUNTY,047,75 Years,47,22,25,6,6,0,0,0,0,1,0,1,40,16,24
BROOKS COUNTY,047,76 Years,55,23,32,7,4,3,0,0,0,1,0,1,47,19,28
BROOKS COUNTY,047,77 Years,55,22,33,5,2,3,0,0,0,0,0,0,50,20,30
BROOKS COUNTY,047,78 Years,46,20,26,6,4,2,0,0,0,0,0,0,40,16,24
BROOKS COUNTY,047,79 Years,47,25,22,6,3,3,0,0,0,0,0,0,41,22,19
BROOKS COUNTY,047,80 Years,45,24,21,11,6,5,0,0,0,0,0,0,34,18,16
BROOKS COUNTY,047,81 Years,39,17,22,5,4,1,0,0,0,0,0,0,34,13,21
BROOKS COUNTY,047,82 Years,35,13,22,5,3,2,0,0,0,1,0,1,29,10,19
BROOKS COUNTY,047,83 Years,25,10,15,3,1,2,0,0,0,0,0,0,22,9,13
BROOKS COUNTY,047,84 Years,24,7,17,3,1,2,0,0,0,0,0,0,21,6,15
BROOKS COUNTY,047,85 Years +,202,68,134,32,8,24,1,0,1,0,0,0,169,60,109
BROWN COUNTY,049,All Ages,39080,19479,19601,27892,13725,14167,1395,774,621,1089,563,526,8704,4417,4287
BROWN COUNTY,049,< 1 Year,433,217,216,254,118,136,21,15,6,17,8,9,141,76,65
BROWN COUNTY,049,1 Years,440,226,214,261,127,134,19,12,7,20,10,10,140,77,63
BROWN COUNTY,049,2 Years,443,230,213,268,132,136,19,10,9,22,17,5,134,71,63
BROWN COUNTY,049,3 Years,449,227,222,285,142,143,17,7,10,17,13,4,130,65,65
BROWN COUNTY,049,4 Years,452,218,234,283,136,147,17,9,8,16,11,5,136,62,74
BROWN COUNTY,049,5 Years,467,231,236,271,136,135,17,8,9,26,14,12,153,73,80
BROWN COUNTY,049,6 Years,491,266,225,275,167,108,24,14,10,25,16,9,167,69,98
BROWN COUNTY,049,7 Years,502,277,225,280,156,124,20,13,7,31,19,12,171,89,82
BROWN COUNTY,049,8 Years,498,271,227,264,145,119,16,7,9,33,24,9,185,95,90
BROWN COUNTY,049,9 Years,552,282,270,306,154,152,16,6,10,33,20,13,197,102,95
BROWN COUNTY,049,10 Years,536,268,268,269,143,126,16,7,9,32,17,15,219,101,118
BROWN COUNTY,049,11 Years,520,249,271,275,135,140,13,4,9,33,17,16,199,93,106
BROWN COUNTY,049,12 Years,526,269,257,287,154,133,16,6,10,35,17,18,188,92,96
BROWN COUNTY,049,13 Years,552,304,248,312,181,131,16,5,11,26,12,14,198,106,92
BROWN COUNTY,049,14 Years,539,278,261,317,169,148,14,6,8,21,11,10,187,92,95
BROWN COUNTY,049,15 Years,531,278,253,335,186,149,16,6,10,20,10,10,160,76,84
BROWN COUNTY,049,16 Years,549,282,267,333,175,158,17,6,11,25,14,11,174,87,87
BROWN COUNTY,049,17 Years,530,277,253,316,169,147,14,8,6,20,13,7,180,87,93
BROWN COUNTY,049,18 Years,527,287,240,312,169,143,20,11,9,15,9,6,180,98,82
BROWN COUNTY,049,19 Years,481,253,228,300,166,134,19,10,9,10,4,6,152,73,79
BROWN COUNTY,049,20 Years,477,256,221,295,156,139,19,10,9,7,2,5,156,88,68
BROWN COUNTY,049,21 Years,474,235,239,296,146,150,23,10,13,6,3,3,149,76,73
BROWN COUNTY,049,22 Years,498,252,246,296,146,150,35,17,18,12,6,6,155,83,72
BROWN COUNTY,049,23 Years,506,251,255,287,135,152,47,23,24,14,6,8,158,87,71
BROWN COUNTY,049,24 Years,544,295,249,326,169,157,32,20,12,17,6,11,169,100,69
BROWN COUNTY,049,25 Years,550,297,253,370,197,173,35,22,13,18,8,10,127,70,57
BROWN COUNTY,049,26 Years,528,272,256,362,184,178,35,21,14,13,5,8,118,62,56
BROWN COUNTY,049,27 Years,496,240,256,339,163,176,25,11,14,13,7,6,119,59,60
BROWN COUNTY,049,28 Years,473,234,239,322,159,163,24,14,10,11,4,7,116,57,59
BROWN COUNTY,049,29 Years,425,198,227,277,124,153,24,13,11,13,5,8,111,56,55
BROWN COUNTY,049,30 Years,374,193,181,238,113,125,16,13,3,12,5,7,108,62,46
BROWN COUNTY,049,31 Years,354,192,162,226,124,102,20,15,5,12,6,6,96,47,49
BROWN COUNTY,049,32 Years,373,187,186,239,113,126,18,14,4,8,5,3,108,55,53
BROWN COUNTY,049,33 Years,381,197,184,256,130,126,18,14,4,8,5,3,99,48,51
BROWN COUNTY,049,34 Years,373,184,189,252,124,128,13,8,5,5,4,1,103,48,55
BROWN COUNTY,049,35 Years,387,204,183,257,133,124,21,13,8,5,2,3,104,56,48
BROWN COUNTY,049,36 Years,408,208,200,277,139,138,16,9,7,8,1,7,107,59,48
BROWN COUNTY,049,37 Years,414,211,203,280,147,133,15,7,8,8,4,4,111,53,58
BROWN COUNTY,049,38 Years,401,207,194,274,142,132,17,13,4,5,2,3,105,50,55
BROWN COUNTY,049,39 Years,405,209,196,281,140,141,15,12,3,6,3,3,103,54,49
BROWN COUNTY,049,40 Years,405,193,212,262,118,144,21,16,5,11,6,5,111,53,58
BROWN COUNTY,049,41 Years,414,209,205,273,127,146,17,13,4,13,8,5,111,61,50
BROWN COUNTY,049,42 Years,422,211,211,290,140,150,15,11,4,13,5,8,104,55,49
BROWN COUNTY,049,43 Years,434,221,213,307,157,150,19,12,7,13,4,9,95,48,47
BROWN COUNTY,049,44 Years,469,229,240,345,168,177,14,9,5,7,2,5,103,50,53
BROWN COUNTY,049,45 Years,453,221,232,337,171,166,15,9,6,4,2,2,97,39,58
BROWN COUNTY,049,46 Years,471,257,214,359,192,167,18,14,4,8,5,3,86,46,40
BROWN COUNTY,049,47 Years,440,231,209,314,161,153,26,18,8,13,7,6,87,45,42
BROWN COUNTY,049,48 Years,425,221,204,309,162,147,17,10,7,11,5,6,88,44,44
BROWN COUNTY,049,49 Years,420,207,213,307,152,155,14,7,7,7,5,2,92,43,49
BROWN COUNTY,049,50 Years,444,217,227,330,164,166,11,6,5,9,4,5,94,43,51
BROWN COUNTY,049,51 Years,479,237,242,358,178,180,11,6,5,12,5,7,98,48,50
BROWN COUNTY,049,52 Years,505,266,239,377,191,186,13,7,6,12,7,5,103,61,42
BROWN COUNTY,049,53 Years,558,272,286,428,196,232,13,5,8,11,8,3,106,63,43
BROWN COUNTY,049,54 Years,539,265,274,416,204,212,14,5,9,12,5,7,97,51,46
BROWN COUNTY,049,55 Years,548,277,271,415,199,216,26,20,6,10,3,7,97,55,42
BROWN COUNTY,049,56 Years,561,274,287,435,202,233,23,17,6,11,4,7,92,51,41
BROWN COUNTY,049,57 Years,543,278,265,425,217,208,24,13,11,9,4,5,85,44,41
BROWN COUNTY,049,58 Years,523,254,269,415,198,217,26,13,13,8,4,4,74,39,35
BROWN COUNTY,049,59 Years,545,258,287,438,203,235,25,13,12,8,2,6,74,40,34
BROWN COUNTY,049,60 Years,524,248,276,440,206,234,18,10,8,7,3,4,59,29,30
BROWN COUNTY,049,61 Years,513,242,271,429,200,229,16,9,7,11,4,7,57,29,28
BROWN COUNTY,049,62 Years,500,239,261,407,197,210,14,7,7,14,6,8,65,29,36
BROWN COUNTY,049,63 Years,504,239,265,418,197,221,13,6,7,8,4,4,65,32,33
BROWN COUNTY,049,64 Years,511,243,268,427,200,227,13,6,7,8,3,5,63,34,29
BROWN COUNTY,049,65 Years,520,242,278,447,205,242,9,6,3,6,4,2,58,27,31
BROWN COUNTY,049,66 Years,546,259,287,464,221,243,9,4,5,9,4,5,64,30,34
BROWN COUNTY,049,67 Years,572,285,287,494,246,248,6,2,4,13,8,5,59,29,30
BROWN COUNTY,049,68 Years,551,266,285,478,228,250,12,6,6,13,8,5,48,24,24
BROWN COUNTY,049,69 Years,552,272,280,486,238,248,10,4,6,11,4,7,45,26,19
BROWN COUNTY,049,70 Years,471,240,231,413,209,204,7,4,3,11,7,4,40,20,20
BROWN COUNTY,049,71 Years,436,210,226,384,187,197,10,5,5,11,6,5,31,12,19
BROWN COUNTY,049,72 Years,426,212,214,379,189,190,7,3,4,10,4,6,30,16,14
BROWN COUNTY,049,73 Years,407,202,205,358,180,178,9,3,6,7,3,4,33,16,17
BROWN COUNTY,049,74 Years,372,166,206,329,149,180,5,1,4,6,3,3,32,13,19
BROWN COUNTY,049,75 Years,351,153,198,313,136,177,6,3,3,4,2,2,28,12,16
BROWN COUNTY,049,76 Years,316,148,168,274,126,148,7,3,4,9,5,4,26,14,12
BROWN COUNTY,049,77 Years,278,125,153,245,111,134,5,1,4,6,2,4,22,11,11
BROWN COUNTY,049,78 Years,253,121,132,222,106,116,3,1,2,6,4,2,22,10,12
BROWN COUNTY,049,79 Years,238,114,124,213,103,110,5,2,3,4,2,2,16,7,9
BROWN COUNTY,049,80 Years,243,114,129,217,100,117,5,2,3,7,4,3,14,8,6
BROWN COUNTY,049,81 Years,210,94,116,182,81,101,5,2,3,4,2,2,19,9,10
BROWN COUNTY,049,82 Years,174,78,96,154,69,85,1,0,1,2,1,1,17,8,9
BROWN COUNTY,049,83 Years,164,75,89,142,64,78,4,3,1,3,1,2,15,7,8
BROWN COUNTY,049,84 Years,163,69,94,140,57,83,6,4,2,4,3,1,13,5,8
BROWN COUNTY,049,85 Years +,828,313,515,744,276,468,13,4,9,15,6,9,56,27,29
BURLESON COUNTY,051,All Ages,18171,9003,9168,11630,5658,5972,2188,1063,1125,300,159,141,4053,2123,1930
BURLESON COUNTY,051,< 1 Year,198,104,94,87,45,42,20,9,11,8,6,2,83,44,39
BURLESON COUNTY,051,1 Years,197,97,100,85,40,45,20,10,10,7,5,2,85,42,43
BURLESON COUNTY,051,2 Years,190,92,98,81,38,43,21,10,11,6,3,3,82,41,41
BURLESON COUNTY,051,3 Years,182,92,90,77,38,39,21,11,10,4,3,1,80,40,40
BURLESON COUNTY,051,4 Years,182,94,88,81,42,39,19,8,11,5,3,2,77,41,36
BURLESON COUNTY,051,5 Years,199,105,94,85,42,43,20,11,9,5,3,2,89,49,40
BURLESON COUNTY,051,6 Years,201,107,94,95,52,43,18,7,11,7,2,5,81,46,35
BURLESON COUNTY,051,7 Years,211,117,94,107,61,46,17,10,7,13,5,8,74,41,33
BURLESON COUNTY,051,8 Years,244,131,113,128,67,61,21,12,9,11,5,6,84,47,37
BURLESON COUNTY,051,9 Years,243,125,118,117,57,60,27,16,11,6,4,2,93,48,45
BURLESON COUNTY,051,10 Years,238,120,118,112,54,58,28,14,14,7,6,1,91,46,45
BURLESON COUNTY,051,11 Years,255,128,127,120,60,60,36,16,20,9,6,3,90,46,44
BURLESON COUNTY,051,12 Years,259,140,119,122,70,52,44,20,24,5,3,2,88,47,41
BURLESON COUNTY,051,13 Years,228,116,112,116,59,57,34,17,17,4,1,3,74,39,35
BURLESON COUNTY,051,14 Years,235,121,114,131,66,65,26,13,13,2,1,1,76,41,35
BURLESON COUNTY,051,15 Years,259,129,130,138,64,74,32,17,15,4,1,3,85,47,38
BURLESON COUNTY,051,16 Years,247,126,121,137,64,73,32,18,14,5,2,3,73,42,31
BURLESON COUNTY,051,17 Years,235,124,111,122,62,60,40,18,22,5,4,1,68,40,28
BURLESON COUNTY,051,18 Years,234,113,121,125,55,70,32,16,16,7,5,2,70,37,33
BURLESON COUNTY,051,19 Years,226,117,109,124,62,62,31,18,13,8,6,2,63,31,32
BURLESON COUNTY,051,20 Years,221,128,93,116,68,48,29,16,13,6,4,2,70,40,30
BURLESON COUNTY,051,21 Years,224,117,107,119,61,58,38,17,21,4,2,2,63,37,26
BURLESON COUNTY,051,22 Years,198,103,95,112,56,56,32,18,14,3,1,2,51,28,23
BURLESON COUNTY,051,23 Years,202,98,104,104,53,51,33,12,21,4,2,2,61,31,30
BURLESON COUNTY,051,24 Years,210,102,108,121,61,60,33,12,21,3,3,0,53,26,27
BURLESON COUNTY,051,25 Years,203,97,106,120,55,65,30,13,17,4,3,1,49,26,23
BURLESON COUNTY,051,26 Years,193,99,94,104,48,56,28,16,12,5,2,3,56,33,23
BURLESON COUNTY,051,27 Years,169,92,77,92,52,40,21,9,12,2,1,1,54,30,24
BURLESON COUNTY,051,28 Years,170,77,93,105,48,57,22,8,14,2,1,1,41,20,21
BURLESON COUNTY,051,29 Years,171,83,88,100,49,51,27,13,14,2,1,1,42,20,22
BURLESON COUNTY,051,30 Years,179,91,88,101,52,49,19,9,10,2,0,2,57,30,27
BURLESON COUNTY,051,31 Years,174,91,83,95,47,48,22,11,11,1,0,1,56,33,23
BURLESON COUNTY,051,32 Years,160,82,78,92,42,50,16,10,6,0,0,0,52,30,22
BURLESON COUNTY,051,33 Years,157,74,83,86,43,43,22,11,11,1,0,1,48,20,28
BURLESON COUNTY,051,34 Years,177,90,87,112,59,53,22,10,12,1,1,0,42,20,22
BURLESON COUNTY,051,35 Years,195,103,92,119,66,53,26,11,15,2,2,0,48,24,24
BURLESON COUNTY,051,36 Years,182,85,97,103,48,55,23,12,11,3,1,2,53,24,29
BURLESON COUNTY,051,37 Years,165,75,90,96,44,52,20,9,11,1,1,0,48,21,27
BURLESON COUNTY,051,38 Years,163,83,80,94,53,41,21,9,12,3,1,2,45,20,25
BURLESON COUNTY,051,39 Years,173,89,84,100,57,43,22,8,14,5,1,4,46,23,23
BURLESON COUNTY,051,40 Years,179,88,91,101,50,51,23,11,12,3,1,2,52,26,26
BURLESON COUNTY,051,41 Years,192,99,93,110,56,54,26,13,13,2,1,1,54,29,25
BURLESON COUNTY,051,42 Years,187,90,97,108,53,55,27,12,15,4,2,2,48,23,25
BURLESON COUNTY,051,43 Years,207,99,108,127,58,69,27,13,14,3,2,1,50,26,24
BURLESON COUNTY,051,44 Years,213,110,103,139,69,70,27,15,12,2,2,0,45,24,21
BURLESON COUNTY,051,45 Years,217,122,95,148,85,63,23,10,13,2,1,1,44,26,18
BURLESON COUNTY,051,46 Years,233,117,116,158,82,76,23,10,13,2,0,2,50,25,25
BURLESON COUNTY,051,47 Years,227,111,116,156,76,80,26,12,14,1,1,0,44,22,22
BURLESON COUNTY,051,48 Years,253,136,117,168,83,85,37,23,14,1,1,0,47,29,18
BURLESON COUNTY,051,49 Years,241,116,125,163,76,87,29,16,13,3,0,3,46,24,22
BURLESON COUNTY,051,50 Years,257,125,132,180,87,93,24,14,10,4,2,2,49,22,27
BURLESON COUNTY,051,51 Years,249,124,125,179,83,96,18,11,7,2,1,1,50,29,21
BURLESON COUNTY,051,52 Years,267,138,129,191,97,94,31,16,15,1,1,0,44,24,20
BURLESON COUNTY,051,53 Years,293,144,149,202,95,107,35,19,16,6,3,3,50,27,23
BURLESON COUNTY,051,54 Years,272,131,141,192,84,108,31,21,10,4,2,2,45,24,21
BURLESON COUNTY,051,55 Years,275,134,141,202,92,110,24,16,8,4,2,2,45,24,21
BURLESON COUNTY,051,56 Years,295,145,150,222,108,114,25,15,10,4,1,3,44,21,23
BURLESON COUNTY,051,57 Years,290,139,151,216,98,118,30,19,11,5,2,3,39,20,19
BURLESON COUNTY,051,58 Years,301,143,158,228,101,127,38,21,17,2,1,1,33,20,13
BURLESON COUNTY,051,59 Years,296,135,161,222,103,119,40,16,24,2,1,1,32,15,17
BURLESON COUNTY,051,60 Years,288,129,159,227,109,118,28,6,22,2,1,1,31,13,18
BURLESON COUNTY,051,61 Years,281,128,153,225,103,122,29,11,18,1,0,1,26,14,12
BURLESON COUNTY,051,62 Years,281,131,150,212,95,117,35,20,15,4,2,2,30,14,16
BURLESON COUNTY,051,63 Years,268,142,126,202,106,96,37,22,15,4,2,2,25,12,13
BURLESON COUNTY,051,64 Years,237,112,125,180,87,93,32,16,16,2,1,1,23,8,15
BURLESON COUNTY,051,65 Years,253,127,126,179,91,88,38,19,19,4,2,2,32,15,17
BURLESON COUNTY,051,66 Years,256,125,131,185,91,94,39,17,22,5,2,3,27,15,12
BURLESON COUNTY,051,67 Years,241,119,122,179,88,91,33,13,20,5,1,4,24,17,7
BURLESON COUNTY,051,68 Years,229,114,115,176,88,88,31,13,18,1,0,1,21,13,8
BURLESON COUNTY,051,69 Years,241,118,123,187,92,95,24,10,14,5,2,3,25,14,11
BURLESON COUNTY,051,70 Years,213,108,105,163,86,77,16,7,9,3,1,2,31,14,17
BURLESON COUNTY,051,71 Years,189,103,86,146,81,65,19,11,8,3,2,1,21,9,12
BURLESON COUNTY,051,72 Years,184,98,86,149,77,72,15,9,6,3,2,1,17,10,7
BURLESON COUNTY,051,73 Years,162,81,81,129,63,66,16,9,7,4,2,2,13,7,6
BURLESON COUNTY,051,74 Years,140,73,67,112,60,52,11,3,8,2,2,0,15,8,7
BURLESON COUNTY,051,75 Years,137,62,75,112,49,63,13,4,9,3,3,0,9,6,3
BURLESON COUNTY,051,76 Years,138,68,70,108,49,59,16,8,8,1,1,0,13,10,3
BURLESON COUNTY,051,77 Years,137,62,75,106,48,58,16,7,9,1,0,1,14,7,7
BURLESON COUNTY,051,78 Years,114,51,63,93,44,49,12,4,8,0,0,0,9,3,6
BURLESON COUNTY,051,79 Years,111,51,60,93,47,46,10,3,7,0,0,0,8,1,7
BURLESON COUNTY,051,80 Years,110,52,58,89,43,46,13,6,7,0,0,0,8,3,5
BURLESON COUNTY,051,81 Years,93,39,54,70,28,42,14,6,8,0,0,0,9,5,4
BURLESON COUNTY,051,82 Years,101,42,59,80,32,48,10,5,5,0,0,0,11,5,6
BURLESON COUNTY,051,83 Years,89,39,50,65,27,38,11,5,6,1,1,0,12,6,6
BURLESON COUNTY,051,84 Years,82,34,48,64,28,36,9,3,6,0,0,0,9,3,6
BURLESON COUNTY,051,85 Years +,503,192,311,406,150,256,52,18,34,7,4,3,38,20,18
BURNET COUNTY,053,All Ages,46447,22762,23685,33878,16263,17615,746,412,334,1003,457,546,10820,5630,5190
BURNET COUNTY,053,< 1 Year,546,283,263,304,161,143,4,3,1,21,9,12,217,110,107
BURNET COUNTY,053,1 Years,522,271,251,284,148,136,4,3,1,20,10,10,214,110,104
BURNET COUNTY,053,2 Years,505,259,246,269,142,127,5,3,2,18,7,11,213,107,106
BURNET COUNTY,053,3 Years,483,255,228,266,140,126,5,3,2,19,8,11,193,104,89
BURNET COUNTY,053,4 Years,488,252,236,268,142,126,4,2,2,19,8,11,197,100,97
BURNET COUNTY,053,5 Years,491,252,239,265,133,132,3,2,1,20,10,10,203,107,96
BURNET COUNTY,053,6 Years,513,284,229,275,157,118,5,4,1,17,8,9,216,115,101
BURNET COUNTY,053,7 Years,493,270,223,264,143,121,8,6,2,11,7,4,210,114,96
BURNET COUNTY,053,8 Years,502,274,228,284,156,128,8,5,3,15,7,8,195,106,89
BURNET COUNTY,053,9 Years,513,275,238,283,157,126,9,5,4,17,9,8,204,104,100
BURNET COUNTY,053,10 Years,550,282,268,306,159,147,11,5,6,18,10,8,215,108,107
BURNET COUNTY,053,11 Years,584,299,285,336,172,164,7,4,3,20,10,10,221,113,108
BURNET COUNTY,053,12 Years,590,292,298,333,165,168,7,4,3,18,6,12,232,117,115
BURNET COUNTY,053,13 Years,608,298,310,358,179,179,8,4,4,18,6,12,224,109,115
BURNET COUNTY,053,14 Years,651,328,323,391,196,195,12,6,6,21,9,12,227,117,110
BURNET COUNTY,053,15 Years,627,320,307,375,188,187,13,7,6,24,13,11,215,112,103
BURNET COUNTY,053,16 Years,640,333,307,393,203,190,19,10,9,16,9,7,212,111,101
BURNET COUNTY,053,17 Years,665,330,335,401,198,203,16,10,6,17,8,9,231,114,117
BURNET COUNTY,053,18 Years,626,302,324,362,174,188,12,10,2,14,7,7,238,111,127
BURNET COUNTY,053,19 Years,570,288,282,339,171,168,11,7,4,16,8,8,204,102,102
BURNET COUNTY,053,20 Years,546,291,255,323,170,153,11,7,4,15,8,7,197,106,91
BURNET COUNTY,053,21 Years,510,260,250,313,155,158,10,5,5,14,7,7,173,93,80
BURNET COUNTY,053,22 Years,506,250,256,298,140,158,11,6,5,14,7,7,183,97,86
BURNET COUNTY,053,23 Years,568,287,281,357,174,183,15,8,7,14,9,5,182,96,86
BURNET COUNTY,053,24 Years,540,278,262,324,164,160,16,9,7,17,7,10,183,98,85
BURNET COUNTY,053,25 Years,465,238,227,250,112,138,20,13,7,14,8,6,181,105,76
BURNET COUNTY,053,26 Years,462,264,198,251,139,112,17,11,6,11,5,6,183,109,74
BURNET COUNTY,053,27 Years,404,210,194,228,115,113,15,11,4,7,3,4,154,81,73
BURNET COUNTY,053,28 Years,371,198,173,215,106,109,14,12,2,5,1,4,137,79,58
BURNET COUNTY,053,29 Years,363,182,181,212,100,112,12,7,5,9,2,7,130,73,57
BURNET COUNTY,053,30 Years,395,198,197,231,107,124,16,10,6,7,2,5,141,79,62
BURNET COUNTY,053,31 Years,401,206,195,228,114,114,17,7,10,8,4,4,148,81,67
BURNET COUNTY,053,32 Years,435,207,228,252,115,137,16,7,9,8,3,5,159,82,77
BURNET COUNTY,053,33 Years,435,201,234,253,114,139,17,10,7,8,3,5,157,74,83
BURNET COUNTY,053,34 Years,461,226,235,289,136,153,13,9,4,7,4,3,152,77,75
BURNET COUNTY,053,35 Years,504,251,253,333,158,175,17,10,7,10,5,5,144,78,66
BURNET COUNTY,053,36 Years,507,246,261,330,151,179,16,10,6,5,2,3,156,83,73
BURNET COUNTY,053,37 Years,483,235,248,308,145,163,16,11,5,8,3,5,151,76,75
BURNET COUNTY,053,38 Years,456,207,249,281,132,149,16,10,6,8,4,4,151,61,90
BURNET COUNTY,053,39 Years,447,207,240,290,133,157,15,10,5,7,4,3,135,60,75
BURNET COUNTY,053,40 Years,496,261,235,330,166,164,16,12,4,13,8,5,137,75,62
BURNET COUNTY,053,41 Years,464,238,226,319,153,166,12,8,4,7,4,3,126,73,53
BURNET COUNTY,053,42 Years,484,246,238,332,168,164,7,4,3,8,4,4,137,70,67
BURNET COUNTY,053,43 Years,529,260,269,371,187,184,10,3,7,6,2,4,142,68,74
BURNET COUNTY,053,44 Years,570,289,281,403,204,199,9,4,5,12,6,6,146,75,71
BURNET COUNTY,053,45 Years,569,273,296,417,199,218,13,5,8,10,3,7,129,66,63
BURNET COUNTY,053,46 Years,542,264,278,411,194,217,11,5,6,12,3,9,108,62,46
BURNET COUNTY,053,47 Years,531,268,263,396,189,207,10,5,5,8,4,4,117,70,47
BURNET COUNTY,053,48 Years,534,263,271,378,178,200,11,6,5,10,3,7,135,76,59
BURNET COUNTY,053,49 Years,506,247,259,360,167,193,7,3,4,11,5,6,128,72,56
BURNET COUNTY,053,50 Years,535,253,282,405,185,220,7,3,4,10,3,7,113,62,51
BURNET COUNTY,053,51 Years,616,292,324,484,230,254,10,4,6,12,5,7,110,53,57
BURNET COUNTY,053,52 Years,667,314,353,526,244,282,10,7,3,11,5,6,120,58,62
BURNET COUNTY,053,53 Years,672,306,366,536,239,297,11,4,7,12,3,9,113,60,53
BURNET COUNTY,053,54 Years,701,318,383,563,250,313,8,2,6,17,6,11,113,60,53
BURNET COUNTY,053,55 Years,749,345,404,610,282,328,11,3,8,13,6,7,115,54,61
BURNET COUNTY,053,56 Years,751,367,384,614,302,312,11,4,7,16,8,8,110,53,57
BURNET COUNTY,053,57 Years,712,331,381,597,271,326,7,4,3,17,9,8,91,47,44
BURNET COUNTY,053,58 Years,764,355,409,655,303,352,3,2,1,15,5,10,91,45,46
BURNET COUNTY,053,59 Years,732,330,402,627,280,347,4,2,2,13,3,10,88,45,43
BURNET COUNTY,053,60 Years,726,331,395,627,279,348,6,4,2,13,7,6,80,41,39
BURNET COUNTY,053,61 Years,714,335,379,619,282,337,5,3,2,13,7,6,77,43,34
BURNET COUNTY,053,62 Years,702,342,360,612,288,324,5,4,1,14,8,6,71,42,29
BURNET COUNTY,053,63 Years,731,334,397,653,295,358,3,2,1,12,4,8,63,33,30
BURNET COUNTY,053,64 Years,726,330,396,651,291,360,6,2,4,11,4,7,58,33,25
BURNET COUNTY,053,65 Years,734,335,399,655,292,363,5,3,2,10,5,5,64,35,29
BURNET COUNTY,053,66 Years,717,346,371,652,313,339,4,2,2,12,5,7,49,26,23
BURNET COUNTY,053,67 Years,750,367,383,693,338,355,2,2,0,8,3,5,47,24,23
BURNET COUNTY,053,68 Years,761,361,400,696,326,370,3,1,2,11,6,5,51,28,23
BURNET COUNTY,053,69 Years,746,365,381,672,328,344,3,0,3,17,9,8,54,28,26
BURNET COUNTY,053,70 Years,606,314,292,544,281,263,5,0,5,8,4,4,49,29,20
BURNET COUNTY,053,71 Years,570,300,270,524,274,250,4,1,3,6,3,3,36,22,14
BURNET COUNTY,053,72 Years,552,277,275,508,254,254,6,3,3,7,4,3,31,16,15
BURNET COUNTY,053,73 Years,533,270,263,490,244,246,3,2,1,10,7,3,30,17,13
BURNET COUNTY,053,74 Years,455,230,225,423,215,208,2,1,1,6,3,3,24,11,13
BURNET COUNTY,053,75 Years,400,188,212,376,180,196,2,1,1,6,3,3,16,4,12
BURNET COUNTY,053,76 Years,373,167,206,346,156,190,2,1,1,4,3,1,21,7,14
BURNET COUNTY,053,77 Years,369,160,209,342,151,191,4,0,4,3,1,2,20,8,12
BURNET COUNTY,053,78 Years,343,159,184,323,149,174,1,0,1,4,2,2,15,8,7
BURNET COUNTY,053,79 Years,308,151,157,284,139,145,2,1,1,5,3,2,17,8,9
BURNET COUNTY,053,80 Years,258,133,125,238,125,113,2,0,2,4,1,3,14,7,7
BURNET COUNTY,053,81 Years,260,114,146,240,107,133,2,0,2,4,2,2,14,5,9
BURNET COUNTY,053,82 Years,232,100,132,215,95,120,2,0,2,3,0,3,12,5,7
BURNET COUNTY,053,83 Years,220,99,121,204,93,111,1,0,1,4,1,3,11,5,6
BURNET COUNTY,053,84 Years,194,93,101,181,87,94,1,0,1,3,1,2,9,5,4
BURNET COUNTY,053,85 Years +,917,352,565,854,326,528,6,3,3,17,6,11,40,17,23
CALDWELL COUNTY,055,All Ages,40519,20345,20174,16343,8059,8284,2504,1315,1189,929,484,445,20743,10487,10256
CALDWELL COUNTY,055,< 1 Year,511,259,252,133,68,65,14,8,6,14,10,4,350,173,177
CALDWELL COUNTY,055,1 Years,497,255,242,133,70,63,13,7,6,15,10,5,336,168,168
CALDWELL COUNTY,055,2 Years,474,241,233,127,66,61,13,6,7,16,10,6,318,159,159
CALDWELL COUNTY,055,3 Years,451,237,214,120,66,54,13,7,6,12,7,5,306,157,149
CALDWELL COUNTY,055,4 Years,451,236,215,122,64,58,13,8,5,11,6,5,305,158,147
CALDWELL COUNTY,055,5 Years,474,242,232,126,64,62,16,9,7,9,3,6,323,166,157
CALDWELL COUNTY,055,6 Years,465,220,245,124,61,63,17,11,6,12,6,6,312,142,170
CALDWELL COUNTY,055,7 Years,500,244,256,139,70,69,22,10,12,13,6,7,326,158,168
CALDWELL COUNTY,055,8 Years,560,283,277,150,76,74,26,12,14,13,5,8,371,190,181
CALDWELL COUNTY,055,9 Years,525,270,255,135,73,62,22,11,11,13,6,7,355,180,175
CALDWELL COUNTY,055,10 Years,554,292,262,139,76,63,23,13,10,11,3,8,381,200,181
CALDWELL COUNTY,055,11 Years,589,316,273,144,80,64,25,13,12,10,3,7,410,220,190
CALDWELL COUNTY,055,12 Years,562,285,277,141,77,64,22,9,13,11,4,7,388,195,193
CALDWELL COUNTY,055,13 Years,556,290,266,141,80,61,19,10,9,16,5,11,380,195,185
CALDWELL COUNTY,055,14 Years,581,290,291,138,67,71,29,13,16,18,10,8,396,200,196
CALDWELL COUNTY,055,15 Years,602,306,296,156,81,75,37,21,16,18,6,12,391,198,193
CALDWELL COUNTY,055,16 Years,603,302,301,160,78,82,32,19,13,18,5,13,393,200,193
CALDWELL COUNTY,055,17 Years,607,336,271,160,90,70,33,20,13,31,17,14,383,209,174
CALDWELL COUNTY,055,18 Years,605,353,252,176,101,75,38,24,14,29,19,10,362,209,153
CALDWELL COUNTY,055,19 Years,603,344,259,164,91,73,45,27,18,25,15,10,369,211,158
CALDWELL COUNTY,055,20 Years,620,330,290,153,79,74,46,22,24,38,21,17,383,208,175
CALDWELL COUNTY,055,21 Years,630,335,295,164,87,77,34,18,16,29,15,14,403,215,188
CALDWELL COUNTY,055,22 Years,667,364,303,181,94,87,49,26,23,25,15,10,412,229,183
CALDWELL COUNTY,055,23 Years,749,409,340,217,104,113,65,37,28,29,20,9,438,248,190
CALDWELL COUNTY,055,24 Years,743,420,323,224,121,103,56,33,23,28,17,11,435,249,186
CALDWELL COUNTY,055,25 Years,775,436,339,260,147,113,75,40,35,31,17,14,409,232,177
CALDWELL COUNTY,055,26 Years,745,423,322,266,152,114,76,47,29,29,18,11,374,206,168
CALDWELL COUNTY,055,27 Years,657,364,293,254,138,116,55,34,21,25,14,11,323,178,145
CALDWELL COUNTY,055,28 Years,616,345,271,220,113,107,54,38,16,19,11,8,323,183,140
CALDWELL COUNTY,055,29 Years,569,317,252,205,111,94,43,26,17,17,11,6,304,169,135
CALDWELL COUNTY,055,30 Years,493,267,226,169,93,76,42,30,12,12,8,4,270,136,134
CALDWELL COUNTY,055,31 Years,472,238,234,180,96,84,39,24,15,13,7,6,240,111,129
CALDWELL COUNTY,055,32 Years,442,220,222,172,88,84,34,20,14,11,6,5,225,106,119
CALDWELL COUNTY,055,33 Years,461,223,238,173,85,88,33,20,13,10,4,6,245,114,131
CALDWELL COUNTY,055,34 Years,482,240,242,193,94,99,35,21,14,7,4,3,247,121,126
CALDWELL COUNTY,055,35 Years,509,251,258,219,104,115,27,15,12,6,5,1,257,127,130
CALDWELL COUNTY,055,36 Years,532,248,284,222,97,125,43,20,23,7,4,3,260,127,133
CALDWELL COUNTY,055,37 Years,520,240,280,211,96,115,33,12,21,6,3,3,270,129,141
CALDWELL COUNTY,055,38 Years,493,228,265,198,86,112,27,14,13,6,2,4,262,126,136
CALDWELL COUNTY,055,39 Years,478,230,248,190,97,93,32,18,14,5,1,4,251,114,137
CALDWELL COUNTY,055,40 Years,475,229,246,173,86,87,20,13,7,4,3,1,278,127,151
CALDWELL COUNTY,055,41 Years,474,235,239,180,92,88,22,11,11,7,4,3,265,128,137
CALDWELL COUNTY,055,42 Years,498,247,251,182,96,86,32,16,16,9,4,5,275,131,144
CALDWELL COUNTY,055,43 Years,493,245,248,205,101,104,26,12,14,4,3,1,258,129,129
CALDWELL COUNTY,055,44 Years,516,252,264,222,110,112,31,16,15,7,2,5,256,124,132
CALDWELL COUNTY,055,45 Years,538,255,283,240,115,125,31,17,14,8,3,5,259,120,139
CALDWELL COUNTY,055,46 Years,508,241,267,229,104,125,25,14,11,9,4,5,245,119,126
CALDWELL COUNTY,055,47 Years,476,229,247,206,96,110,27,14,13,7,5,2,236,114,122
CALDWELL COUNTY,055,48 Years,486,239,247,209,101,108,28,15,13,9,6,3,240,117,123
CALDWELL COUNTY,055,49 Years,474,234,240,202,101,101,28,18,10,8,5,3,236,110,126
CALDWELL COUNTY,055,50 Years,502,261,241,219,114,105,28,14,14,8,5,3,247,128,119
CALDWELL COUNTY,055,51 Years,539,265,274,239,112,127,35,15,20,4,3,1,261,135,126
CALDWELL COUNTY,055,52 Years,504,257,247,221,111,110,39,20,19,5,4,1,239,122,117
CALDWELL COUNTY,055,53 Years,512,262,250,243,121,122,47,22,25,7,5,2,215,114,101
CALDWELL COUNTY,055,54 Years,494,240,254,239,117,122,49,23,26,12,5,7,194,95,99
CALDWELL COUNTY,055,55 Years,504,236,268,264,127,137,38,17,21,11,2,9,191,90,101
CALDWELL COUNTY,055,56 Years,568,290,278,304,160,144,43,23,20,8,2,6,213,105,108
CALDWELL COUNTY,055,57 Years,520,256,264,279,138,141,40,21,19,7,3,4,194,94,100
CALDWELL COUNTY,055,58 Years,504,251,253,264,134,130,42,19,23,10,5,5,188,93,95
CALDWELL COUNTY,055,59 Years,506,243,263,284,136,148,34,15,19,9,4,5,179,88,91
CALDWELL COUNTY,055,60 Years,516,233,283,288,128,160,36,15,21,11,5,6,181,85,96
CALDWELL COUNTY,055,61 Years,491,221,270,263,120,143,28,14,14,6,3,3,194,84,110
CALDWELL COUNTY,055,62 Years,469,221,248,256,123,133,23,11,12,9,5,4,181,82,99
CALDWELL COUNTY,055,63 Years,406,195,211,220,103,117,20,10,10,5,3,2,161,79,82
CALDWELL COUNTY,055,64 Years,416,212,204,252,133,119,22,8,14,4,2,2,138,69,69
CALDWELL COUNTY,055,65 Years,421,212,209,249,130,119,28,10,18,5,3,2,139,69,70
CALDWELL COUNTY,055,66 Years,388,188,200,233,111,122,22,12,10,6,2,4,127,63,64
CALDWELL COUNTY,055,67 Years,377,181,196,223,106,117,20,12,8,5,1,4,129,62,67
CALDWELL COUNTY,055,68 Years,383,189,194,227,106,121,19,11,8,7,2,5,130,70,60
CALDWELL COUNTY,055,69 Years,373,179,194,232,115,117,18,9,9,3,1,2,120,54,66
CALDWELL COUNTY,055,70 Years,320,147,173,188,89,99,16,8,8,1,0,1,115,50,65
CALDWELL COUNTY,055,71 Years,294,130,164,176,77,99,16,7,9,1,0,1,101,46,55
CALDWELL COUNTY,055,72 Years,313,142,171,197,86,111,16,5,11,4,2,2,96,49,47
CALDWELL COUNTY,055,73 Years,298,124,174,187,79,108,17,2,15,4,1,3,90,42,48
CALDWELL COUNTY,055,74 Years,236,100,136,144,62,82,14,4,10,6,2,4,72,32,40
CALDWELL COUNTY,055,75 Years,222,103,119,140,65,75,13,8,5,3,2,1,66,28,38
CALDWELL COUNTY,055,76 Years,212,101,111,137,64,73,14,9,5,3,1,2,58,27,31
CALDWELL COUNTY,055,77 Years,206,93,113,132,61,71,13,8,5,2,1,1,59,23,36
CALDWELL COUNTY,055,78 Years,187,77,110,120,54,66,13,4,9,2,1,1,52,18,34
CALDWELL COUNTY,055,79 Years,157,70,87,94,43,51,12,4,8,3,2,1,48,21,27
CALDWELL COUNTY,055,80 Years,161,71,90,102,44,58,9,4,5,3,1,2,47,22,25
CALDWELL COUNTY,055,81 Years,165,80,85,105,48,57,12,5,7,1,1,0,47,26,21
CALDWELL COUNTY,055,82 Years,132,60,72,85,37,48,11,5,6,1,0,1,35,18,17
CALDWELL COUNTY,055,83 Years,123,51,72,83,34,49,9,5,4,5,2,3,26,10,16
CALDWELL COUNTY,055,84 Years,119,51,68,81,35,46,8,5,3,2,1,1,28,10,18
CALDWELL COUNTY,055,85 Years +,620,218,402,426,153,273,40,12,28,6,4,2,148,49,99
CALHOUN COUNTY,057,All Ages,21698,10915,10783,8960,4481,4479,493,251,242,1309,718,591,10936,5465,5471
CALHOUN COUNTY,057,< 1 Year,282,140,142,89,46,43,2,1,1,27,12,15,164,81,83
CALHOUN COUNTY,057,1 Years,281,145,136,87,45,42,3,2,1,25,13,12,166,85,81
CALHOUN COUNTY,057,2 Years,289,147,142,88,46,42,4,3,1,25,13,12,172,85,87
CALHOUN COUNTY,057,3 Years,278,138,140,81,39,42,4,1,3,24,15,9,169,83,86
CALHOUN COUNTY,057,4 Years,277,132,145,80,39,41,3,1,2,24,13,11,170,79,91
CALHOUN COUNTY,057,5 Years,283,137,146,80,39,41,3,1,2,24,14,10,176,83,93
CALHOUN COUNTY,057,6 Years,331,167,164,96,49,47,3,0,3,22,11,11,210,107,103
CALHOUN COUNTY,057,7 Years,304,158,146,72,33,39,8,5,3,19,10,9,205,110,95
CALHOUN COUNTY,057,8 Years,312,163,149,70,34,36,7,4,3,19,9,10,216,116,100
CALHOUN COUNTY,057,9 Years,309,154,155,77,37,40,6,2,4,15,7,8,211,108,103
CALHOUN COUNTY,057,10 Years,320,163,157,80,45,35,5,0,5,20,9,11,215,109,106
CALHOUN COUNTY,057,11 Years,301,150,151,74,35,39,4,1,3,25,13,12,198,101,97
CALHOUN COUNTY,057,12 Years,319,161,158,81,38,43,7,4,3,23,9,14,208,110,98
CALHOUN COUNTY,057,13 Years,322,172,150,86,50,36,8,5,3,24,8,16,204,109,95
CALHOUN COUNTY,057,14 Years,307,164,143,84,49,35,6,4,2,15,6,9,202,105,97
CALHOUN COUNTY,057,15 Years,300,155,145,76,40,36,4,2,2,13,5,8,207,108,99
CALHOUN COUNTY,057,16 Years,328,167,161,72,41,31,7,3,4,17,8,9,232,115,117
CALHOUN COUNTY,057,17 Years,338,185,153,82,46,36,7,4,3,17,9,8,232,126,106
CALHOUN COUNTY,057,18 Years,318,167,151,77,39,38,5,4,1,12,6,6,224,118,106
CALHOUN COUNTY,057,19 Years,311,159,152,85,44,41,4,2,2,18,9,9,204,104,100
CALHOUN COUNTY,057,20 Years,283,137,146,88,40,48,6,3,3,19,8,11,170,86,84
CALHOUN COUNTY,057,21 Years,272,151,121,76,42,34,4,3,1,22,15,7,170,91,79
CALHOUN COUNTY,057,22 Years,310,162,148,91,42,49,5,2,3,23,18,5,191,100,91
CALHOUN COUNTY,057,23 Years,313,166,147,96,47,49,8,3,5,25,16,9,184,100,84
CALHOUN COUNTY,057,24 Years,296,156,140,104,51,53,8,6,2,21,13,8,163,86,77
CALHOUN COUNTY,057,25 Years,282,135,147,97,45,52,8,3,5,16,9,7,161,78,83
CALHOUN COUNTY,057,26 Years,234,116,118,72,38,34,7,3,4,12,7,5,143,68,75
CALHOUN COUNTY,057,27 Years,247,134,113,99,53,46,2,1,1,10,8,2,136,72,64
CALHOUN COUNTY,057,28 Years,237,125,112,77,40,37,4,1,3,10,7,3,146,77,69
CALHOUN COUNTY,057,29 Years,224,120,104,74,41,33,5,2,3,10,6,4,135,71,64
CALHOUN COUNTY,057,30 Years,237,120,117,73,39,34,8,5,3,12,7,5,144,69,75
CALHOUN COUNTY,057,31 Years,240,126,114,73,43,30,6,3,3,13,8,5,148,72,76
CALHOUN COUNTY,057,32 Years,238,125,113,76,44,32,5,2,3,14,9,5,143,70,73
CALHOUN COUNTY,057,33 Years,250,114,136,81,29,52,4,3,1,18,11,7,147,71,76
CALHOUN COUNTY,057,34 Years,289,129,160,85,31,54,1,1,0,16,11,5,187,86,101
CALHOUN COUNTY,057,35 Years,279,140,139,93,46,47,6,4,2,11,8,3,169,82,87
CALHOUN COUNTY,057,36 Years,272,133,139,90,36,54,3,1,2,14,9,5,165,87,78
CALHOUN COUNTY,057,37 Years,245,118,127,76,41,35,4,1,3,12,6,6,153,70,83
CALHOUN COUNTY,057,38 Years,244,127,117,78,49,29,3,2,1,12,8,4,151,68,83
CALHOUN COUNTY,057,39 Years,232,118,114,84,50,34,2,1,1,13,6,7,133,61,72
CALHOUN COUNTY,057,40 Years,226,118,108,74,42,32,5,2,3,14,5,9,133,69,64
CALHOUN COUNTY,057,41 Years,224,114,110,70,34,36,6,3,3,11,4,7,137,73,64
CALHOUN COUNTY,057,42 Years,215,107,108,79,33,46,10,6,4,8,3,5,118,65,53
CALHOUN COUNTY,057,43 Years,224,110,114,82,39,43,7,3,4,7,4,3,128,64,64
CALHOUN COUNTY,057,44 Years,228,105,123,84,39,45,5,3,2,9,4,5,130,59,71
CALHOUN COUNTY,057,45 Years,238,116,122,98,48,50,7,4,3,12,7,5,121,57,64
CALHOUN COUNTY,057,46 Years,262,130,132,114,59,55,7,3,4,17,7,10,124,61,63
CALHOUN COUNTY,057,47 Years,253,125,128,116,55,61,6,3,3,13,5,8,118,62,56
CALHOUN COUNTY,057,48 Years,234,116,118,103,51,52,7,4,3,11,4,7,113,57,56
CALHOUN COUNTY,057,49 Years,252,120,132,104,47,57,7,4,3,17,6,11,124,63,61
CALHOUN COUNTY,057,50 Years,261,128,133,115,54,61,4,2,2,19,10,9,123,62,61
CALHOUN COUNTY,057,51 Years,299,155,144,140,75,65,9,4,5,16,9,7,134,67,67
CALHOUN COUNTY,057,52 Years,282,151,131,140,79,61,5,4,1,16,11,5,121,57,64
CALHOUN COUNTY,057,53 Years,306,161,145,146,75,71,8,5,3,21,13,8,131,68,63
CALHOUN COUNTY,057,54 Years,298,151,147,147,74,73,9,5,4,19,11,8,123,61,62
CALHOUN COUNTY,057,55 Years,286,144,142,153,77,76,6,3,3,23,10,13,104,54,50
CALHOUN COUNTY,057,56 Years,302,156,146,163,84,79,8,3,5,25,12,13,106,57,49
CALHOUN COUNTY,057,57 Years,305,156,149,161,78,83,9,5,4,20,13,7,115,60,55
CALHOUN COUNTY,057,58 Years,302,154,148,166,83,83,9,5,4,22,13,9,105,53,52
CALHOUN COUNTY,057,59 Years,294,150,144,174,89,85,10,6,4,22,12,10,88,43,45
CALHOUN COUNTY,057,60 Years,285,132,153,165,77,88,9,4,5,17,10,7,94,41,53
CALHOUN COUNTY,057,61 Years,294,149,145,169,85,84,12,6,6,11,7,4,102,51,51
CALHOUN COUNTY,057,62 Years,271,139,132,161,86,75,8,3,5,18,9,9,84,41,43
CALHOUN COUNTY,057,63 Years,268,142,126,151,80,71,8,5,3,23,12,11,86,45,41
CALHOUN COUNTY,057,64 Years,268,141,127,147,74,73,10,8,2,18,10,8,93,49,44
CALHOUN COUNTY,057,65 Years,230,118,112,128,63,65,4,4,0,20,14,6,78,37,41
CALHOUN COUNTY,057,66 Years,224,114,110,123,63,60,6,2,4,24,16,8,71,33,38
CALHOUN COUNTY,057,67 Years,238,118,120,142,69,73,9,3,6,18,9,9,69,37,32
CALHOUN COUNTY,057,68 Years,245,117,128,157,76,81,5,1,4,12,8,4,71,32,39
CALHOUN COUNTY,057,69 Years,223,110,113,148,76,72,2,1,1,9,6,3,64,27,37
CALHOUN COUNTY,057,70 Years,195,101,94,131,70,61,4,3,1,8,6,2,52,22,30
CALHOUN COUNTY,057,71 Years,189,98,91,127,67,60,4,2,2,8,7,1,50,22,28
CALHOUN COUNTY,057,72 Years,191,95,96,133,68,65,5,3,2,5,5,0,48,19,29
CALHOUN COUNTY,057,73 Years,200,99,101,141,71,70,4,2,2,8,5,3,47,21,26
CALHOUN COUNTY,057,74 Years,178,83,95,125,58,67,4,2,2,7,4,3,42,19,23
CALHOUN COUNTY,057,75 Years,153,69,84,106,44,62,5,2,3,6,4,2,36,19,17
CALHOUN COUNTY,057,76 Years,133,61,72,93,44,49,6,2,4,6,3,3,28,12,16
CALHOUN COUNTY,057,77 Years,129,61,68,85,44,41,5,2,3,6,3,3,33,12,21
CALHOUN COUNTY,057,78 Years,122,58,64,82,41,41,5,3,2,3,2,1,32,12,20
CALHOUN COUNTY,057,79 Years,126,60,66,81,40,41,7,4,3,8,5,3,30,11,19
CALHOUN COUNTY,057,80 Years,115,59,56,79,41,38,5,4,1,6,4,2,25,10,15
CALHOUN COUNTY,057,81 Years,101,46,55,65,32,33,3,1,2,6,3,3,27,10,17
CALHOUN COUNTY,057,82 Years,100,40,60,71,29,42,4,2,2,2,1,1,23,8,15
CALHOUN COUNTY,057,83 Years,83,32,51,57,21,36,3,1,2,3,2,1,20,8,12
CALHOUN COUNTY,057,84 Years,80,34,46,53,25,28,3,1,2,4,1,3,20,7,13
CALHOUN COUNTY,057,85 Years +,432,196,236,311,141,170,10,4,6,20,10,10,91,41,50
CALLAHAN COUNTY,059,All Ages,14147,6626,7521,12268,5652,6616,150,75,75,411,202,209,1318,697,621
CALLAHAN COUNTY,059,< 1 Year,161,88,73,129,70,59,2,1,1,6,4,2,24,13,11
CALLAHAN COUNTY,059,1 Years,163,90,73,127,68,59,2,1,1,9,6,3,25,15,10
CALLAHAN COUNTY,059,2 Years,155,89,66,120,69,51,3,2,1,10,5,5,22,13,9
CALLAHAN COUNTY,059,3 Years,154,85,69,112,61,51,2,1,1,15,7,8,25,16,9
CALLAHAN COUNTY,059,4 Years,140,78,62,102,56,46,2,1,1,14,8,6,22,13,9
CALLAHAN COUNTY,059,5 Years,143,82,61,105,57,48,2,1,1,14,11,3,22,13,9
CALLAHAN COUNTY,059,6 Years,176,100,76,143,80,63,3,0,3,7,5,2,23,15,8
CALLAHAN COUNTY,059,7 Years,153,76,77,123,57,66,3,1,2,4,2,2,23,16,7
CALLAHAN COUNTY,059,8 Years,153,74,79,122,56,66,2,1,1,5,2,3,24,15,9
CALLAHAN COUNTY,059,9 Years,174,89,85,138,70,68,3,1,2,6,3,3,27,15,12
CALLAHAN COUNTY,059,10 Years,186,99,87,146,77,69,3,1,2,9,6,3,28,15,13
CALLAHAN COUNTY,059,11 Years,177,95,82,138,74,64,2,1,1,11,6,5,26,14,12
CALLAHAN COUNTY,059,12 Years,201,97,104,165,77,88,4,2,2,8,5,3,24,13,11
CALLAHAN COUNTY,059,13 Years,203,92,111,165,67,98,1,1,0,6,5,1,31,19,12
CALLAHAN COUNTY,059,14 Years,228,97,131,189,76,113,2,1,1,7,5,2,30,15,15
CALLAHAN COUNTY,059,15 Years,212,92,120,177,76,101,1,0,1,6,4,2,28,12,16
CALLAHAN COUNTY,059,16 Years,200,90,110,151,65,86,2,2,0,8,5,3,39,18,21
CALLAHAN COUNTY,059,17 Years,218,91,127,166,67,99,3,2,1,11,6,5,38,16,22
CALLAHAN COUNTY,059,18 Years,198,86,112,152,66,86,3,0,3,11,4,7,32,16,16
CALLAHAN COUNTY,059,19 Years,178,83,95,138,59,79,3,2,1,12,6,6,25,16,9
CALLAHAN COUNTY,059,20 Years,172,77,95,140,62,78,3,1,2,4,1,3,25,13,12
CALLAHAN COUNTY,059,21 Years,169,75,94,139,62,77,2,1,1,3,0,3,25,12,13
CALLAHAN COUNTY,059,22 Years,164,79,85,133,61,72,5,4,1,5,2,3,21,12,9
CALLAHAN COUNTY,059,23 Years,181,94,87,155,80,75,3,2,1,5,3,2,18,9,9
CALLAHAN COUNTY,059,24 Years,147,72,75,122,58,64,3,2,1,3,2,1,19,10,9
CALLAHAN COUNTY,059,25 Years,142,75,67,122,64,58,2,1,1,2,2,0,16,8,8
CALLAHAN COUNTY,059,26 Years,138,73,65,111,58,53,3,1,2,4,2,2,20,12,8
CALLAHAN COUNTY,059,27 Years,146,74,72,122,60,62,3,1,2,3,1,2,18,12,6
CALLAHAN COUNTY,059,28 Years,135,63,72,118,55,63,1,1,0,4,0,4,12,7,5
CALLAHAN COUNTY,059,29 Years,124,62,62,106,56,50,1,1,0,2,0,2,15,5,10
CALLAHAN COUNTY,059,30 Years,123,60,63,103,52,51,0,0,0,3,1,2,17,7,10
CALLAHAN COUNTY,059,31 Years,123,55,68,106,47,59,1,1,0,2,0,2,14,7,7
CALLAHAN COUNTY,059,32 Years,146,65,81,122,53,69,2,1,1,5,2,3,17,9,8
CALLAHAN COUNTY,059,33 Years,151,75,76,127,62,65,2,1,1,3,0,3,19,12,7
CALLAHAN COUNTY,059,34 Years,152,75,77,128,61,67,1,1,0,3,1,2,20,12,8
CALLAHAN COUNTY,059,35 Years,147,72,75,124,61,63,2,1,1,3,2,1,18,8,10
CALLAHAN COUNTY,059,36 Years,161,75,86,134,60,74,4,1,3,4,2,2,19,12,7
CALLAHAN COUNTY,059,37 Years,152,65,87,131,53,78,1,0,1,4,1,3,16,11,5
CALLAHAN COUNTY,059,38 Years,161,70,91,148,64,84,0,0,0,4,2,2,9,4,5
CALLAHAN COUNTY,059,39 Years,158,72,86,146,67,79,2,2,0,3,0,3,7,3,4
CALLAHAN COUNTY,059,40 Years,151,63,88,138,58,80,1,1,0,3,0,3,9,4,5
CALLAHAN COUNTY,059,41 Years,148,59,89,130,55,75,3,1,2,5,0,5,10,3,7
CALLAHAN COUNTY,059,42 Years,151,63,88,134,58,76,2,1,1,3,1,2,12,3,9
CALLAHAN COUNTY,059,43 Years,141,55,86,130,50,80,3,3,0,2,1,1,6,1,5
CALLAHAN COUNTY,059,44 Years,149,65,84,139,59,80,1,1,0,1,1,0,8,4,4
CALLAHAN COUNTY,059,45 Years,170,66,104,160,62,98,0,0,0,3,1,2,7,3,4
CALLAHAN COUNTY,059,46 Years,163,69,94,148,63,85,1,0,1,4,1,3,10,5,5
CALLAHAN COUNTY,059,47 Years,173,79,94,150,67,83,3,2,1,5,1,4,15,9,6
CALLAHAN COUNTY,059,48 Years,167,79,88,150,72,78,3,2,1,3,0,3,11,5,6
CALLAHAN COUNTY,059,49 Years,167,84,83,146,74,72,1,1,0,4,1,3,16,8,8
CALLAHAN COUNTY,059,50 Years,155,76,79,136,69,67,0,0,0,3,1,2,16,6,10
CALLAHAN COUNTY,059,51 Years,170,82,88,153,75,78,0,0,0,3,2,1,14,5,9
CALLAHAN COUNTY,059,52 Years,203,98,105,182,89,93,0,0,0,3,1,2,18,8,10
CALLAHAN COUNTY,059,53 Years,235,115,120,207,102,105,2,1,1,2,2,0,24,10,14
CALLAHAN COUNTY,059,54 Years,235,109,126,209,94,115,1,1,0,5,4,1,20,10,10
CALLAHAN COUNTY,059,55 Years,217,105,112,189,88,101,3,2,1,10,6,4,15,9,6
CALLAHAN COUNTY,059,56 Years,242,109,133,208,95,113,3,1,2,9,2,7,22,11,11
CALLAHAN COUNTY,059,57 Years,223,105,118,200,93,107,4,2,2,2,1,1,17,9,8
CALLAHAN COUNTY,059,58 Years,200,91,109,182,80,102,1,0,1,4,4,0,13,7,6
CALLAHAN COUNTY,059,59 Years,193,92,101,172,78,94,1,0,1,5,3,2,15,11,4
CALLAHAN COUNTY,059,60 Years,193,85,108,178,76,102,0,0,0,5,2,3,10,7,3
CALLAHAN COUNTY,059,61 Years,214,96,118,193,86,107,2,0,2,9,5,4,10,5,5
CALLAHAN COUNTY,059,62 Years,218,105,113,200,94,106,2,0,2,8,5,3,8,6,2
CALLAHAN COUNTY,059,63 Years,189,97,92,177,89,88,1,1,0,2,1,1,9,6,3
CALLAHAN COUNTY,059,64 Years,183,88,95,168,79,89,1,1,0,5,3,2,9,5,4
CALLAHAN COUNTY,059,65 Years,183,85,98,170,80,90,1,1,0,5,2,3,7,2,5
CALLAHAN COUNTY,059,66 Years,191,81,110,178,76,102,2,0,2,4,2,2,7,3,4
CALLAHAN COUNTY,059,67 Years,197,81,116,188,79,109,0,0,0,2,0,2,7,2,5
CALLAHAN COUNTY,059,68 Years,194,78,116,187,77,110,0,0,0,2,0,2,5,1,4
CALLAHAN COUNTY,059,69 Years,186,87,99,176,83,93,2,2,0,3,0,3,5,2,3
CALLAHAN COUNTY,059,70 Years,148,74,74,136,68,68,0,0,0,3,1,2,9,5,4
CALLAHAN COUNTY,059,71 Years,157,67,90,146,61,85,3,2,1,3,2,1,5,2,3
CALLAHAN COUNTY,059,72 Years,147,76,71,136,68,68,1,1,0,2,2,0,8,5,3
CALLAHAN COUNTY,059,73 Years,136,65,71,130,60,70,1,1,0,1,1,0,4,3,1
CALLAHAN COUNTY,059,74 Years,128,65,63,117,57,60,1,1,0,3,2,1,7,5,2
CALLAHAN COUNTY,059,75 Years,119,55,64,112,51,61,1,0,1,2,2,0,4,2,2
CALLAHAN COUNTY,059,76 Years,122,55,67,116,52,64,1,0,1,2,1,1,3,2,1
CALLAHAN COUNTY,059,77 Years,120,47,73,113,44,69,1,0,1,3,1,2,3,2,1
CALLAHAN COUNTY,059,78 Years,118,48,70,113,48,65,1,0,1,1,0,1,3,0,3
CALLAHAN COUNTY,059,79 Years,110,55,55,100,50,50,0,0,0,4,2,2,6,3,3
CALLAHAN COUNTY,059,80 Years,85,38,47,78,37,41,0,0,0,3,0,3,4,1,3
CALLAHAN COUNTY,059,81 Years,83,41,42,79,40,39,0,0,0,2,0,2,2,1,1
CALLAHAN COUNTY,059,82 Years,60,25,35,56,24,32,1,0,1,1,0,1,2,1,1
CALLAHAN COUNTY,059,83 Years,62,19,43,57,18,39,1,0,1,1,0,1,3,1,2
CALLAHAN COUNTY,059,84 Years,64,25,39,60,23,37,0,0,0,2,1,1,2,1,1
CALLAHAN COUNTY,059,85 Years +,322,123,199,296,107,189,5,1,4,6,5,1,15,10,5
CAMERON COUNTY,061,All Ages,423998,205892,218106,39360,19929,19431,1340,789,551,4667,2327,2340,378631,182847,195784
CAMERON COUNTY,061,< 1 Year,7331,3735,3596,330,179,151,36,16,20,52,28,24,6913,3512,3401
CAMERON COUNTY,061,1 Years,7466,3817,3649,360,189,171,35,17,18,62,33,29,7009,3578,3431
CAMERON COUNTY,061,2 Years,7648,3921,3727,391,192,199,33,17,16,74,38,36,7150,3674,3476
CAMERON COUNTY,061,3 Years,7690,3945,3745,403,197,206,28,15,13,65,34,31,7194,3699,3495
CAMERON COUNTY,061,4 Years,7780,3988,3792,412,205,207,25,13,12,65,33,32,7278,3737,3541
CAMERON COUNTY,061,5 Years,7909,4058,3851,446,232,214,25,13,12,60,33,27,7378,3780,3598
CAMERON COUNTY,061,6 Years,7469,3803,3666,420,209,211,17,5,12,56,26,30,6976,3563,3413
CAMERON COUNTY,061,7 Years,6427,3269,3158,370,186,184,11,6,5,46,26,20,6000,3051,2949
CAMERON COUNTY,061,8 Years,6599,3358,3241,360,187,173,9,3,6,43,22,21,6187,3146,3041
CAMERON COUNTY,061,9 Years,6674,3464,3210,354,182,172,12,3,9,52,30,22,6256,3249,3007
CAMERON COUNTY,061,10 Years,6872,3542,3330,319,161,158,14,5,9,57,30,27,6482,3346,3136
CAMERON COUNTY,061,11 Years,7236,3677,3559,336,161,175,14,8,6,62,29,33,6824,3479,3345
CAMERON COUNTY,061,12 Years,7460,3835,3625,344,178,166,15,9,6,72,37,35,7029,3611,3418
CAMERON COUNTY,061,13 Years,7700,3949,3751,338,174,164,16,7,9,65,38,27,7281,3730,3551
CAMERON COUNTY,061,14 Years,7969,4042,3927,339,178,161,16,7,9,72,46,26,7542,3811,3731
CAMERON COUNTY,061,15 Years,8097,4185,3912,345,195,150,20,6,14,75,39,36,7657,3945,3712
CAMERON COUNTY,061,16 Years,8083,4206,3877,348,194,154,16,4,12,75,35,40,7644,3973,3671
CAMERON COUNTY,061,17 Years,7847,4100,3747,335,171,164,12,7,5,81,39,42,7419,3883,3536
CAMERON COUNTY,061,18 Years,7553,3888,3665,317,166,151,15,8,7,76,34,42,7145,3680,3465
CAMERON COUNTY,061,19 Years,7104,3696,3408,272,137,135,17,10,7,67,33,34,6748,3516,3232
CAMERON COUNTY,061,20 Years,6899,3624,3275,266,135,131,15,7,8,59,30,29,6559,3452,3107
CAMERON COUNTY,061,21 Years,6744,3482,3262,268,126,142,19,7,12,62,35,27,6395,3314,3081
CAMERON COUNTY,061,22 Years,6630,3415,3215,288,152,136,16,8,8,76,37,39,6250,3218,3032
CAMERON COUNTY,061,23 Years,6666,3433,3233,314,156,158,16,6,10,68,40,28,6268,3231,3037
CAMERON COUNTY,061,24 Years,6319,3246,3073,322,175,147,16,6,10,63,38,25,5918,3027,2891
CAMERON COUNTY,061,25 Years,5788,2931,2857,290,153,137,24,13,11,49,27,22,5425,2738,2687
CAMERON COUNTY,061,26 Years,5388,2707,2681,288,151,137,26,16,10,50,26,24,5024,2514,2510
CAMERON COUNTY,061,27 Years,4946,2476,2470,277,146,131,25,20,5,50,30,20,4594,2280,2314
CAMERON COUNTY,061,28 Years,4608,2299,2309,289,164,125,19,15,4,49,32,17,4251,2088,2163
CAMERON COUNTY,061,29 Years,4366,2122,2244,278,146,132,18,12,6,51,31,20,4019,1933,2086
CAMERON COUNTY,061,30 Years,4359,2125,2234,310,154,156,20,12,8,52,31,21,3977,1928,2049
CAMERON COUNTY,061,31 Years,4551,2195,2356,305,156,149,19,12,7,54,30,24,4173,1997,2176
CAMERON COUNTY,061,32 Years,4592,2207,2385,315,167,148,20,13,7,58,36,22,4199,1991,2208
CAMERON COUNTY,061,33 Years,4740,2276,2464,311,149,162,16,11,5,61,37,24,4352,2079,2273
CAMERON COUNTY,061,34 Years,5002,2343,2659,310,147,163,21,15,6,63,34,29,4608,2147,2461
CAMERON COUNTY,061,35 Years,5293,2453,2840,314,153,161,22,16,6,63,32,31,4894,2252,2642
CAMERON COUNTY,061,36 Years,5195,2432,2763,323,153,170,22,16,6,54,29,25,4796,2234,2562
CAMERON COUNTY,061,37 Years,4897,2260,2637,294,149,145,21,15,6,58,23,35,4524,2073,2451
CAMERON COUNTY,061,38 Years,4974,2326,2648,298,149,149,20,14,6,65,30,35,4591,2133,2458
CAMERON COUNTY,061,39 Years,5237,2434,2803,301,158,143,18,15,3,64,32,32,4854,2229,2625
CAMERON COUNTY,061,40 Years,5388,2489,2899,287,149,138,18,13,5,69,33,36,5014,2294,2720
CAMERON COUNTY,061,41 Years,5456,2566,2890,295,141,154,17,13,4,62,28,34,5082,2384,2698
CAMERON COUNTY,061,42 Years,5316,2475,2841,297,163,134,16,8,8,68,32,36,4935,2272,2663
CAMERON COUNTY,061,43 Years,5223,2361,2862,302,156,146,17,12,5,74,34,40,4830,2159,2671
CAMERON COUNTY,061,44 Years,5203,2353,2850,332,171,161,15,12,3,85,34,51,4771,2136,2635
CAMERON COUNTY,061,45 Years,5311,2361,2950,358,181,177,17,12,5,84,29,55,4852,2139,2713
CAMERON COUNTY,061,46 Years,5268,2399,2869,402,207,195,14,10,4,86,32,54,4766,2150,2616
CAMERON COUNTY,061,47 Years,4917,2281,2636,403,219,184,15,10,5,82,34,48,4417,2018,2399
CAMERON COUNTY,061,48 Years,4704,2160,2544,358,179,179,16,10,6,78,33,45,4252,1938,2314
CAMERON COUNTY,061,49 Years,4660,2147,2513,357,174,183,17,11,6,80,36,44,4206,1926,2280
CAMERON COUNTY,061,50 Years,4437,2070,2367,377,187,190,14,10,4,75,37,38,3971,1836,2135
CAMERON COUNTY,061,51 Years,4532,2125,2407,417,205,212,26,20,6,79,40,39,4010,1860,2150
CAMERON COUNTY,061,52 Years,4487,2051,2436,463,237,226,19,10,9,70,35,35,3935,1769,2166
CAMERON COUNTY,061,53 Years,4474,2068,2406,470,235,235,10,5,5,58,29,29,3936,1799,2137
CAMERON COUNTY,061,54 Years,4386,2047,2339,475,236,239,16,10,6,54,25,29,3841,1776,2065
CAMERON COUNTY,061,55 Years,4464,2039,2425,542,261,281,18,14,4,60,24,36,3844,1740,2104
CAMERON COUNTY,061,56 Years,4451,2090,2361,560,282,278,18,11,7,68,32,36,3805,1765,2040
CAMERON COUNTY,061,57 Years,4316,2038,2278,588,292,296,17,10,7,65,29,36,3646,1707,1939
CAMERON COUNTY,061,58 Years,4234,1977,2257,565,288,277,15,10,5,56,30,26,3598,1649,1949
CAMERON COUNTY,061,59 Years,4179,1904,2275,613,311,302,17,10,7,46,24,22,3503,1559,1944
CAMERON COUNTY,061,60 Years,4094,1846,2248,647,310,337,18,10,8,56,34,22,3373,1492,1881
CAMERON COUNTY,061,61 Years,3987,1763,2224,666,316,350,20,14,6,57,27,30,3244,1406,1838
CAMERON COUNTY,061,62 Years,3917,1784,2133,685,334,351,16,12,4,48,23,25,3168,1415,1753
CAMERON COUNTY,061,63 Years,3866,1813,2053,726,348,378,15,8,7,46,21,25,3079,1436,1643
CAMERON COUNTY,061,64 Years,3636,1681,1955,732,359,373,20,12,8,41,18,23,2843,1292,1551
CAMERON COUNTY,061,65 Years,3601,1647,1954,738,384,354,17,10,7,41,17,24,2805,1236,1569
CAMERON COUNTY,061,66 Years,3578,1682,1896,762,410,352,8,4,4,40,13,27,2768,1255,1513
CAMERON COUNTY,061,67 Years,3463,1646,1817,779,424,355,8,4,4,41,18,23,2635,1200,1435
CAMERON COUNTY,061,68 Years,3478,1631,1847,838,431,407,13,7,6,41,24,17,2586,1169,1417
CAMERON COUNTY,061,69 Years,3337,1602,1735,868,446,422,9,6,3,34,16,18,2426,1134,1292
CAMERON COUNTY,061,70 Years,3020,1451,1569,788,419,369,5,4,1,29,15,14,2198,1013,1185
CAMERON COUNTY,061,71 Years,2948,1403,1545,826,437,389,7,5,2,32,13,19,2083,948,1135
CAMERON COUNTY,061,72 Years,2781,1295,1486,850,453,397,9,5,4,26,9,17,1896,828,1068
CAMERON COUNTY,061,73 Years,2498,1176,1322,785,423,362,7,4,3,27,12,15,1679,737,942
CAMERON COUNTY,061,74 Years,2329,1067,1262,709,364,345,5,3,2,26,14,12,1589,686,903
CAMERON COUNTY,061,75 Years,2203,993,1210,675,339,336,6,4,2,25,13,12,1497,637,860
CAMERON COUNTY,061,76 Years,2077,948,1129,622,316,306,4,2,2,20,8,12,1431,622,809
CAMERON COUNTY,061,77 Years,1872,824,1048,552,271,281,5,4,1,19,9,10,1296,540,756
CAMERON COUNTY,061,78 Years,1784,780,1004,519,254,265,5,2,3,22,14,8,1238,510,728
CAMERON COUNTY,061,79 Years,1645,727,918,478,244,234,4,3,1,19,15,4,1144,465,679
CAMERON COUNTY,061,80 Years,1567,669,898,484,248,236,1,1,0,16,11,5,1066,409,657
CAMERON COUNTY,061,81 Years,1457,601,856,446,214,232,7,4,3,19,10,9,985,373,612
CAMERON COUNTY,061,82 Years,1281,536,745,368,181,187,4,2,2,12,6,6,897,347,550
CAMERON COUNTY,061,83 Years,1158,475,683,320,150,170,5,3,2,10,6,4,823,316,507
CAMERON COUNTY,061,84 Years,1094,431,663,316,144,172,2,2,0,10,3,7,766,282,484
CAMERON COUNTY,061,85 Years +,5813,2156,3657,1620,724,896,9,5,4,65,25,40,4119,1402,2717
CAMP COUNTY,063,All Ages,12778,6280,6498,7122,3451,3671,2156,1021,1135,435,207,228,3065,1601,1464
CAMP COUNTY,063,< 1 Year,148,69,79,57,28,29,21,9,12,17,11,6,53,21,32
CAMP COUNTY,063,1 Years,161,79,82,61,32,29,22,11,11,19,10,9,59,26,33
CAMP COUNTY,063,2 Years,175,89,86,67,39,28,25,14,11,20,5,15,63,31,32
CAMP COUNTY,063,3 Years,180,91,89,67,36,31,33,17,16,16,5,11,64,33,31
CAMP COUNTY,063,4 Years,159,79,80,60,31,29,30,14,16,15,6,9,54,28,26
CAMP COUNTY,063,5 Years,164,75,89,62,28,34,32,13,19,14,7,7,56,27,29
CAMP COUNTY,063,6 Years,162,87,75,58,34,24,29,17,12,18,7,11,57,29,28
CAMP COUNTY,063,7 Years,170,96,74,59,31,28,27,17,10,16,9,7,68,39,29
CAMP COUNTY,063,8 Years,178,87,91,69,32,37,28,14,14,17,7,10,64,34,30
CAMP COUNTY,063,9 Years,185,89,96,74,36,38,29,20,9,16,6,10,66,27,39
CAMP COUNTY,063,10 Years,180,87,93,77,41,36,24,16,8,14,5,9,65,25,40
CAMP COUNTY,063,11 Years,194,96,98,79,45,34,27,14,13,11,4,7,77,33,44
CAMP COUNTY,063,12 Years,198,95,103,79,38,41,33,19,14,8,5,3,78,33,45
CAMP COUNTY,063,13 Years,188,95,93,79,39,40,31,17,14,9,6,3,69,33,36
CAMP COUNTY,063,14 Years,188,90,98,79,37,42,26,11,15,8,5,3,75,37,38
CAMP COUNTY,063,15 Years,182,90,92,77,39,38,23,10,13,8,4,4,74,37,37
CAMP COUNTY,063,16 Years,190,93,97,89,44,45,28,12,16,8,4,4,65,33,32
CAMP COUNTY,063,17 Years,199,104,95,95,50,45,32,17,15,7,3,4,65,34,31
CAMP COUNTY,063,18 Years,199,115,84,91,55,36,32,17,15,7,4,3,69,39,30
CAMP COUNTY,063,19 Years,180,101,79,74,48,26,27,14,13,5,3,2,74,36,38
CAMP COUNTY,063,20 Years,167,91,76,71,39,32,27,14,13,5,3,2,64,35,29
CAMP COUNTY,063,21 Years,173,96,77,71,41,30,26,14,12,5,2,3,71,39,32
CAMP COUNTY,063,22 Years,172,96,76,71,38,33,33,23,10,6,3,3,62,32,30
CAMP COUNTY,063,23 Years,177,89,88,69,33,36,33,15,18,9,5,4,66,36,30
CAMP COUNTY,063,24 Years,171,78,93,75,32,43,32,13,19,5,2,3,59,31,28
CAMP COUNTY,063,25 Years,164,80,84,83,40,43,22,11,11,2,1,1,57,28,29
CAMP COUNTY,063,26 Years,170,89,81,78,36,42,36,23,13,4,1,3,52,29,23
CAMP COUNTY,063,27 Years,152,74,78,67,28,39,31,15,16,4,2,2,50,29,21
CAMP COUNTY,063,28 Years,129,66,63,61,35,26,18,9,9,4,1,3,46,21,25
CAMP COUNTY,063,29 Years,142,76,66,66,33,33,25,15,10,4,2,2,47,26,21
CAMP COUNTY,063,30 Years,121,57,64,55,25,30,22,9,13,3,2,1,41,21,20
CAMP COUNTY,063,31 Years,124,56,68,56,27,29,27,10,17,3,1,2,38,18,20
CAMP COUNTY,063,32 Years,116,63,53,59,28,31,22,13,9,3,2,1,32,20,12
CAMP COUNTY,063,33 Years,124,70,54,62,35,27,21,13,8,4,2,2,37,20,17
CAMP COUNTY,063,34 Years,130,69,61,60,31,29,23,12,11,5,2,3,42,24,18
CAMP COUNTY,063,35 Years,145,78,67,69,36,33,19,7,12,5,2,3,52,33,19
CAMP COUNTY,063,36 Years,143,68,75,72,33,39,26,9,17,5,3,2,40,23,17
CAMP COUNTY,063,37 Years,142,73,69,78,37,41,27,13,14,2,1,1,35,22,13
CAMP COUNTY,063,38 Years,152,64,88,87,34,53,24,7,17,3,2,1,38,21,17
CAMP COUNTY,063,39 Years,147,69,78,77,33,44,27,12,15,3,0,3,40,24,16
CAMP COUNTY,063,40 Years,129,72,57,71,36,35,18,11,7,3,2,1,37,23,14
CAMP COUNTY,063,41 Years,120,60,60,60,27,33,16,8,8,3,2,1,41,23,18
CAMP COUNTY,063,42 Years,112,56,56,61,25,36,14,6,8,2,1,1,35,24,11
CAMP COUNTY,063,43 Years,121,57,64,71,31,40,15,6,9,4,1,3,31,19,12
CAMP COUNTY,063,44 Years,142,61,81,83,36,47,21,8,13,2,1,1,36,16,20
CAMP COUNTY,063,45 Years,150,70,80,86,41,45,24,9,15,2,2,0,38,18,20
CAMP COUNTY,063,46 Years,147,70,77,79,39,40,27,11,16,3,2,1,38,18,20
CAMP COUNTY,063,47 Years,137,62,75,74,34,40,28,10,18,2,1,1,33,17,16
CAMP COUNTY,063,48 Years,132,56,76,76,36,40,21,6,15,3,1,2,32,13,19
CAMP COUNTY,063,49 Years,128,61,67,75,36,39,24,9,15,2,1,1,27,15,12
CAMP COUNTY,063,50 Years,134,58,76,66,30,36,34,13,21,2,0,2,32,15,17
CAMP COUNTY,063,51 Years,166,71,95,91,34,57,34,16,18,4,2,2,37,19,18
CAMP COUNTY,063,52 Years,151,78,73,89,43,46,30,13,17,4,2,2,28,20,8
CAMP COUNTY,063,53 Years,144,80,64,80,47,33,28,13,15,3,2,1,33,18,15
CAMP COUNTY,063,54 Years,170,90,80,111,62,49,25,10,15,4,2,2,30,16,14
CAMP COUNTY,063,55 Years,173,81,92,118,57,61,26,10,16,4,1,3,25,13,12
CAMP COUNTY,063,56 Years,163,77,86,104,50,54,34,12,22,3,1,2,22,14,8
CAMP COUNTY,063,57 Years,160,85,75,106,55,51,31,14,17,2,1,1,21,15,6
CAMP COUNTY,063,58 Years,172,88,84,117,60,57,34,15,19,3,1,2,18,12,6
CAMP COUNTY,063,59 Years,187,86,101,135,59,76,37,19,18,1,0,1,14,8,6
CAMP COUNTY,063,60 Years,170,77,93,125,54,71,33,16,17,3,2,1,9,5,4
CAMP COUNTY,063,61 Years,190,92,98,131,60,71,41,20,21,3,2,1,15,10,5
CAMP COUNTY,063,62 Years,185,89,96,127,58,69,38,19,19,3,1,2,17,11,6
CAMP COUNTY,063,63 Years,173,89,84,126,60,66,27,16,11,3,2,1,17,11,6
CAMP COUNTY,063,64 Years,159,79,80,117,59,58,27,12,15,3,2,1,12,6,6
CAMP COUNTY,063,65 Years,160,70,90,115,51,64,35,13,22,3,1,2,7,5,2
CAMP COUNTY,063,66 Years,170,78,92,131,59,72,30,14,16,2,1,1,7,4,3
CAMP COUNTY,063,67 Years,169,82,87,136,65,71,22,13,9,3,2,1,8,2,6
CAMP COUNTY,063,68 Years,159,79,80,127,63,64,25,12,13,2,1,1,5,3,2
CAMP COUNTY,063,69 Years,157,75,82,124,61,63,20,7,13,3,1,2,10,6,4
CAMP COUNTY,063,70 Years,133,61,72,108,50,58,16,6,10,1,0,1,8,5,3
CAMP COUNTY,063,71 Years,118,52,66,96,40,56,15,8,7,1,1,0,6,3,3
CAMP COUNTY,063,72 Years,115,54,61,88,40,48,18,10,8,2,2,0,7,2,5
CAMP COUNTY,063,73 Years,109,49,60,87,39,48,15,7,8,0,0,0,7,3,4
CAMP COUNTY,063,74 Years,103,52,51,76,41,35,20,8,12,0,0,0,7,3,4
CAMP COUNTY,063,75 Years,108,53,55,80,40,40,21,10,11,0,0,0,7,3,4
CAMP COUNTY,063,76 Years,105,54,51,82,43,39,20,9,11,2,2,0,1,0,1
CAMP COUNTY,063,77 Years,86,47,39,67,37,30,16,7,9,2,2,0,1,1,0
CAMP COUNTY,063,78 Years,83,43,40,66,32,34,13,7,6,1,1,0,3,3,0
CAMP COUNTY,063,79 Years,79,38,41,64,29,35,13,7,6,0,0,0,2,2,0
CAMP COUNTY,063,80 Years,77,38,39,58,28,30,15,7,8,0,0,0,4,3,1
CAMP COUNTY,063,81 Years,65,31,34,55,26,29,8,3,5,0,0,0,2,2,0
CAMP COUNTY,063,82 Years,59,25,34,51,21,30,7,3,4,0,0,0,1,1,0
CAMP COUNTY,063,83 Years,56,21,35,46,18,28,9,3,6,0,0,0,1,0,1
CAMP COUNTY,063,84 Years,56,23,33,49,21,28,5,1,4,1,1,0,1,0,1
CAMP COUNTY,063,85 Years +,255,101,154,197,81,116,46,14,32,4,2,2,8,4,4
CARSON COUNTY,065,All Ages,6098,2984,3114,5316,2601,2715,33,15,18,147,80,67,602,288,314
CARSON COUNTY,065,< 1 Year,61,27,34,51,23,28,0,0,0,0,0,0,10,4,6
CARSON COUNTY,065,1 Years,63,28,35,52,23,29,0,0,0,1,0,1,10,5,5
CARSON COUNTY,065,2 Years,60,28,32,49,24,25,1,0,1,2,1,1,8,3,5
CARSON COUNTY,065,3 Years,64,33,31,52,27,25,1,0,1,2,1,1,9,5,4
CARSON COUNTY,065,4 Years,63,35,28,52,29,23,1,0,1,2,1,1,8,5,3
CARSON COUNTY,065,5 Years,70,38,32,52,28,24,0,0,0,0,0,0,18,10,8
CARSON COUNTY,065,6 Years,56,27,29,42,21,21,0,0,0,0,0,0,14,6,8
CARSON COUNTY,065,7 Years,73,36,37,56,30,26,1,1,0,1,0,1,15,5,10
CARSON COUNTY,065,8 Years,76,40,36,60,32,28,2,1,1,1,1,0,13,6,7
CARSON COUNTY,065,9 Years,87,47,40,70,37,33,2,2,0,1,0,1,14,8,6
CARSON COUNTY,065,10 Years,89,45,44,69,32,37,0,0,0,3,0,3,17,13,4
CARSON COUNTY,065,11 Years,95,47,48,78,36,42,0,0,0,1,1,0,16,10,6
CARSON COUNTY,065,12 Years,98,52,46,78,41,37,0,0,0,5,4,1,15,7,8
CARSON COUNTY,065,13 Years,94,50,44,82,45,37,0,0,0,3,1,2,9,4,5
CARSON COUNTY,065,14 Years,89,46,43,77,38,39,0,0,0,4,3,1,8,5,3
CARSON COUNTY,065,15 Years,97,44,53,83,38,45,0,0,0,5,2,3,9,4,5
CARSON COUNTY,065,16 Years,95,47,48,79,39,40,0,0,0,4,3,1,12,5,7
CARSON COUNTY,065,17 Years,91,44,47,78,39,39,1,0,1,4,3,1,8,2,6
CARSON COUNTY,065,18 Years,89,37,52,76,32,44,1,0,1,3,2,1,9,3,6
CARSON COUNTY,065,19 Years,87,44,43,70,38,32,1,0,1,2,1,1,14,5,9
CARSON COUNTY,065,20 Years,87,48,39,73,41,32,2,1,1,2,2,0,10,4,6
CARSON COUNTY,065,21 Years,75,39,36,65,34,31,2,1,1,2,2,0,6,2,4
CARSON COUNTY,065,22 Years,79,41,38,65,33,32,2,1,1,3,2,1,9,5,4
CARSON COUNTY,065,23 Years,91,49,42,75,40,35,1,0,1,4,2,2,11,7,4
CARSON COUNTY,065,24 Years,76,39,37,63,30,33,0,0,0,4,3,1,9,6,3
CARSON COUNTY,065,25 Years,54,27,27,45,21,24,0,0,0,1,1,0,8,5,3
CARSON COUNTY,065,26 Years,57,25,32,48,22,26,1,1,0,1,0,1,7,2,5
CARSON COUNTY,065,27 Years,54,22,32,45,17,28,1,0,1,0,0,0,8,5,3
CARSON COUNTY,065,28 Years,47,24,23,39,20,19,1,1,0,0,0,0,7,3,4
CARSON COUNTY,065,29 Years,45,23,22,37,20,17,1,0,1,2,2,0,5,1,4
CARSON COUNTY,065,30 Years,49,26,23,43,22,21,0,0,0,0,0,0,6,4,2
CARSON COUNTY,065,31 Years,58,33,25,48,25,23,0,0,0,2,1,1,8,7,1
CARSON COUNTY,065,32 Years,45,25,20,39,21,18,0,0,0,3,2,1,3,2,1
CARSON COUNTY,065,33 Years,58,29,29,52,27,25,0,0,0,0,0,0,6,2,4
CARSON COUNTY,065,34 Years,67,35,32,58,30,28,0,0,0,1,1,0,8,4,4
CARSON COUNTY,065,35 Years,71,33,38,59,31,28,0,0,0,1,0,1,11,2,9
CARSON COUNTY,065,36 Years,75,35,40,61,31,30,0,0,0,3,1,2,11,3,8
CARSON COUNTY,065,37 Years,69,33,36,63,29,34,0,0,0,2,1,1,4,3,1
CARSON COUNTY,065,38 Years,67,28,39,64,28,36,0,0,0,1,0,1,2,0,2
CARSON COUNTY,065,39 Years,64,32,32,56,29,27,0,0,0,2,2,0,6,1,5
CARSON COUNTY,065,40 Years,54,29,25,47,25,22,0,0,0,2,1,1,5,3,2
CARSON COUNTY,065,41 Years,70,32,38,65,29,36,0,0,0,1,0,1,4,3,1
CARSON COUNTY,065,42 Years,67,35,32,60,31,29,0,0,0,2,0,2,5,4,1
CARSON COUNTY,065,43 Years,68,35,33,61,31,30,0,0,0,2,1,1,5,3,2
CARSON COUNTY,065,44 Years,68,35,33,60,30,30,0,0,0,1,0,1,7,5,2
CARSON COUNTY,065,45 Years,76,37,39,67,31,36,0,0,0,3,2,1,6,4,2
CARSON COUNTY,065,46 Years,68,30,38,62,27,35,0,0,0,1,1,0,5,2,3
CARSON COUNTY,065,47 Years,72,30,42,59,27,32,1,0,1,2,1,1,10,2,8
CARSON COUNTY,065,48 Years,78,39,39,72,37,35,1,0,1,0,0,0,5,2,3
CARSON COUNTY,065,49 Years,74,36,38,66,34,32,1,0,1,3,0,3,4,2,2
CARSON COUNTY,065,50 Years,74,36,38,63,31,32,0,0,0,3,1,2,8,4,4
CARSON COUNTY,065,51 Years,81,37,44,72,33,39,0,0,0,2,1,1,7,3,4
CARSON COUNTY,065,52 Years,88,40,48,80,38,42,0,0,0,1,0,1,7,2,5
CARSON COUNTY,065,53 Years,97,45,52,86,43,43,1,1,0,1,0,1,9,1,8
CARSON COUNTY,065,54 Years,97,54,43,83,45,38,2,2,0,0,0,0,12,7,5
CARSON COUNTY,065,55 Years,87,49,38,75,42,33,2,1,1,1,1,0,9,5,4
CARSON COUNTY,065,56 Years,99,45,54,89,40,49,1,1,0,1,1,0,8,3,5
CARSON COUNTY,065,57 Years,94,45,49,84,41,43,0,0,0,3,2,1,7,2,5
CARSON COUNTY,065,58 Years,102,56,46,88,47,41,0,0,0,4,3,1,10,6,4
CARSON COUNTY,065,59 Years,93,47,46,84,42,42,0,0,0,3,1,2,6,4,2
CARSON COUNTY,065,60 Years,94,44,50,85,40,45,0,0,0,2,1,1,7,3,4
CARSON COUNTY,065,61 Years,94,50,44,88,46,42,0,0,0,0,0,0,6,4,2
CARSON COUNTY,065,62 Years,97,47,50,90,45,45,0,0,0,3,1,2,4,1,3
CARSON COUNTY,065,63 Years,94,50,44,87,45,42,0,0,0,2,2,0,5,3,2
CARSON COUNTY,065,64 Years,89,46,43,85,43,42,0,0,0,1,1,0,3,2,1
CARSON COUNTY,065,65 Years,71,33,38,66,31,35,0,0,0,2,2,0,3,0,3
CARSON COUNTY,065,66 Years,72,33,39,69,32,37,0,0,0,0,0,0,3,1,2
CARSON COUNTY,065,67 Years,80,36,44,71,30,41,1,1,0,4,2,2,4,3,1
CARSON COUNTY,065,68 Years,73,32,41,68,29,39,0,0,0,2,1,1,3,2,1
CARSON COUNTY,065,69 Years,72,30,42,67,27,40,0,0,0,1,1,0,4,2,2
CARSON COUNTY,065,70 Years,50,24,26,45,21,24,0,0,0,1,1,0,4,2,2
CARSON COUNTY,065,71 Years,44,22,22,42,21,21,0,0,0,1,1,0,1,0,1
CARSON COUNTY,065,72 Years,60,28,32,56,28,28,0,0,0,1,0,1,3,0,3
CARSON COUNTY,065,73 Years,50,22,28,44,21,23,0,0,0,1,0,1,5,1,4
CARSON COUNTY,065,74 Years,48,24,24,45,23,22,1,0,1,0,0,0,2,1,1
CARSON COUNTY,065,75 Years,39,17,22,37,16,21,0,0,0,0,0,0,2,1,1
CARSON COUNTY,065,76 Years,46,19,27,44,18,26,0,0,0,1,0,1,1,1,0
CARSON COUNTY,065,77 Years,46,23,23,42,21,21,0,0,0,1,0,1,3,2,1
CARSON COUNTY,065,78 Years,39,20,19,36,18,18,0,0,0,1,1,0,2,1,1
CARSON COUNTY,065,79 Years,37,16,21,35,15,20,0,0,0,1,1,0,1,0,1
CARSON COUNTY,065,80 Years,36,19,17,33,18,15,0,0,0,2,1,1,1,0,1
CARSON COUNTY,065,81 Years,31,17,14,28,16,12,0,0,0,1,1,0,2,0,2
CARSON COUNTY,065,82 Years,24,13,11,22,12,10,0,0,0,1,0,1,1,1,0
CARSON COUNTY,065,83 Years,27,11,16,26,10,16,0,0,0,0,0,0,1,1,0
CARSON COUNTY,065,84 Years,23,10,13,21,9,12,0,0,0,0,0,0,2,1,1
CARSON COUNTY,065,85 Years +,170,65,105,157,59,98,0,0,0,4,1,3,9,5,4
CASS COUNTY,067,All Ages,30867,15077,15790,23433,11484,11949,5313,2551,2762,752,331,421,1369,711,658
CASS COUNTY,067,< 1 Year,334,165,169,220,110,110,66,35,31,24,8,16,24,12,12
CASS COUNTY,067,1 Years,347,173,174,227,114,113,71,39,32,25,7,18,24,13,11
CASS COUNTY,067,2 Years,363,186,177,232,120,112,74,42,32,29,9,20,28,15,13
CASS COUNTY,067,3 Years,350,179,171,224,113,111,77,44,33,20,8,12,29,14,15
CASS COUNTY,067,4 Years,346,177,169,221,112,109,66,36,30,22,10,12,37,19,18
CASS COUNTY,067,5 Years,360,178,182,232,112,120,67,36,31,14,7,7,47,23,24
CASS COUNTY,067,6 Years,366,184,182,244,126,118,61,25,36,17,8,9,44,25,19
CASS COUNTY,067,7 Years,354,189,165,223,119,104,68,39,29,20,6,14,43,25,18
CASS COUNTY,067,8 Years,367,196,171,241,130,111,72,41,31,21,8,13,33,17,16
CASS COUNTY,067,9 Years,372,194,178,255,137,118,67,32,35,20,7,13,30,18,12
CASS COUNTY,067,10 Years,392,207,185,267,142,125,71,36,35,21,10,11,33,19,14
CASS COUNTY,067,11 Years,401,199,202,275,136,139,77,36,41,19,10,9,30,17,13
CASS COUNTY,067,12 Years,404,205,199,282,135,147,79,45,34,14,7,7,29,18,11
CASS COUNTY,067,13 Years,400,216,184,288,150,138,67,43,24,12,6,6,33,17,16
CASS COUNTY,067,14 Years,398,210,188,286,155,131,69,37,32,13,8,5,30,10,20
CASS COUNTY,067,15 Years,409,209,200,301,159,142,67,29,38,17,11,6,24,10,14
CASS COUNTY,067,16 Years,435,213,222,317,158,159,71,30,41,17,8,9,30,17,13
CASS COUNTY,067,17 Years,438,229,209,303,160,143,82,42,40,16,8,8,37,19,18
CASS COUNTY,067,18 Years,408,215,193,286,145,141,78,45,33,11,5,6,33,20,13
CASS COUNTY,067,19 Years,362,188,174,250,128,122,75,39,36,10,5,5,27,16,11
CASS COUNTY,067,20 Years,351,202,149,242,146,96,69,38,31,8,3,5,32,15,17
CASS COUNTY,067,21 Years,376,206,170,264,145,119,75,42,33,10,5,5,27,14,13
CASS COUNTY,067,22 Years,379,197,182,265,128,137,78,46,32,10,7,3,26,16,10
CASS COUNTY,067,23 Years,363,185,178,253,119,134,80,48,32,9,6,3,21,12,9
CASS COUNTY,067,24 Years,365,182,183,259,132,127,83,38,45,7,5,2,16,7,9
CASS COUNTY,067,25 Years,315,162,153,233,125,108,59,25,34,6,3,3,17,9,8
CASS COUNTY,067,26 Years,325,154,171,236,112,124,62,29,33,7,3,4,20,10,10
CASS COUNTY,067,27 Years,324,160,164,235,115,120,70,37,33,6,2,4,13,6,7
CASS COUNTY,067,28 Years,274,128,146,195,89,106,62,32,30,6,3,3,11,4,7
CASS COUNTY,067,29 Years,249,114,135,179,78,101,56,28,28,3,3,0,11,5,6
CASS COUNTY,067,30 Years,279,117,162,204,84,120,55,23,32,6,4,2,14,6,8
CASS COUNTY,067,31 Years,273,132,141,196,102,94,55,20,35,6,1,5,16,9,7
CASS COUNTY,067,32 Years,261,121,140,199,98,101,48,19,29,4,0,4,10,4,6
CASS COUNTY,067,33 Years,263,122,141,193,91,102,50,22,28,5,2,3,15,7,8
CASS COUNTY,067,34 Years,284,136,148,214,103,111,50,23,27,4,2,2,16,8,8
CASS COUNTY,067,35 Years,313,141,172,237,111,126,48,20,28,6,1,5,22,9,13
CASS COUNTY,067,36 Years,326,161,165,228,117,111,69,33,36,5,1,4,24,10,14
CASS COUNTY,067,37 Years,328,158,170,236,117,119,66,30,36,9,3,6,17,8,9
CASS COUNTY,067,38 Years,327,158,169,247,120,127,61,29,32,6,2,4,13,7,6
CASS COUNTY,067,39 Years,313,153,160,241,117,124,50,24,26,2,1,1,20,11,9
CASS COUNTY,067,40 Years,290,130,160,205,91,114,58,23,35,4,3,1,23,13,10
CASS COUNTY,067,41 Years,327,158,169,236,122,114,64,26,38,6,1,5,21,9,12
CASS COUNTY,067,42 Years,321,159,162,234,119,115,59,28,31,8,2,6,20,10,10
CASS COUNTY,067,43 Years,343,163,180,270,129,141,49,23,26,10,4,6,14,7,7
CASS COUNTY,067,44 Years,370,175,195,291,137,154,58,29,29,9,4,5,12,5,7
CASS COUNTY,067,45 Years,382,185,197,304,149,155,51,24,27,12,6,6,15,6,9
CASS COUNTY,067,46 Years,385,171,214,306,137,169,55,24,31,9,3,6,15,7,8
CASS COUNTY,067,47 Years,380,180,200,297,140,157,59,29,30,7,3,4,17,8,9
CASS COUNTY,067,48 Years,357,184,173,267,140,127,70,35,35,6,3,3,14,6,8
CASS COUNTY,067,49 Years,361,180,181,277,138,139,66,33,33,6,4,2,12,5,7
CASS COUNTY,067,50 Years,386,189,197,300,147,153,67,29,38,7,6,1,12,7,5
CASS COUNTY,067,51 Years,428,218,210,347,177,170,64,32,32,7,3,4,10,6,4
CASS COUNTY,067,52 Years,440,213,227,345,167,178,75,38,37,11,4,7,9,4,5
CASS COUNTY,067,53 Years,437,201,236,347,159,188,71,32,39,8,4,4,11,6,5
CASS COUNTY,067,54 Years,435,208,227,331,162,169,82,31,51,11,7,4,11,8,3
CASS COUNTY,067,55 Years,444,221,223,341,181,160,86,31,55,7,3,4,10,6,4
CASS COUNTY,067,56 Years,459,222,237,358,178,180,85,38,47,6,3,3,10,3,7
CASS COUNTY,067,57 Years,478,233,245,373,179,194,86,46,40,6,1,5,13,7,6
CASS COUNTY,067,58 Years,484,246,238,383,193,190,79,38,41,5,1,4,17,14,3
CASS COUNTY,067,59 Years,479,231,248,385,188,197,81,35,46,5,1,4,8,7,1
CASS COUNTY,067,60 Years,457,218,239,366,177,189,77,35,42,9,4,5,5,2,3
CASS COUNTY,067,61 Years,478,229,249,387,192,195,77,33,44,9,3,6,5,1,4
CASS COUNTY,067,62 Years,454,212,242,369,177,192,72,29,43,4,2,2,9,4,5
CASS COUNTY,067,63 Years,409,198,211,335,169,166,63,25,38,5,1,4,6,3,3
CASS COUNTY,067,64 Years,395,202,193,331,174,157,56,25,31,3,1,2,5,2,3
CASS COUNTY,067,65 Years,412,209,203,335,173,162,70,33,37,4,2,2,3,1,2
CASS COUNTY,067,66 Years,429,210,219,349,166,183,74,41,33,3,1,2,3,2,1
CASS COUNTY,067,67 Years,423,208,215,343,164,179,71,40,31,6,3,3,3,1,2
CASS COUNTY,067,68 Years,439,231,208,357,184,173,70,38,32,5,3,2,7,6,1
CASS COUNTY,067,69 Years,438,213,225,368,176,192,63,33,30,4,1,3,3,3,0
CASS COUNTY,067,70 Years,383,182,201,317,152,165,55,23,32,7,4,3,4,3,1
CASS COUNTY,067,71 Years,381,177,204,326,154,172,46,18,28,4,2,2,5,3,2
CASS COUNTY,067,72 Years,382,182,200,333,161,172,40,16,24,6,4,2,3,1,2
CASS COUNTY,067,73 Years,372,185,187,312,150,162,51,29,22,6,5,1,3,1,2
CASS COUNTY,067,74 Years,349,177,172,302,153,149,39,20,19,6,3,3,2,1,1
CASS COUNTY,067,75 Years,293,143,150,257,130,127,31,11,20,3,1,2,2,1,1
CASS COUNTY,067,76 Years,278,130,148,238,114,124,37,16,21,2,0,2,1,0,1
CASS COUNTY,067,77 Years,259,111,148,223,94,129,30,15,15,4,2,2,2,0,2
CASS COUNTY,067,78 Years,214,90,124,186,79,107,22,9,13,4,2,2,2,0,2
CASS COUNTY,067,79 Years,199,92,107,167,76,91,25,11,14,2,1,1,5,4,1
CASS COUNTY,067,80 Years,189,85,104,155,75,80,30,8,22,2,1,1,2,1,1
CASS COUNTY,067,81 Years,191,81,110,164,67,97,24,11,13,2,2,0,1,1,0
CASS COUNTY,067,82 Years,162,70,92,141,60,81,17,8,9,3,1,2,1,1,0
CASS COUNTY,067,83 Years,158,69,89,137,61,76,19,7,12,2,1,1,0,0,0
CASS COUNTY,067,84 Years,139,57,82,122,52,70,15,4,11,1,0,1,1,1,0
CASS COUNTY,067,85 Years +,704,248,456,586,211,375,103,32,71,9,2,7,6,3,3
CASTRO COUNTY,069,All Ages,7594,3899,3695,2588,1332,1256,134,69,65,95,44,51,4777,2454,2323
CASTRO COUNTY,069,< 1 Year,100,54,46,22,13,9,2,1,1,5,3,2,71,37,34
CASTRO COUNTY,069,1 Years,103,57,46,21,12,9,1,1,0,5,3,2,76,41,35
CASTRO COUNTY,069,2 Years,105,57,48,21,12,9,1,1,0,3,2,1,80,42,38
CASTRO COUNTY,069,3 Years,109,55,54,19,9,10,1,1,0,4,2,2,85,43,42
CASTRO COUNTY,069,4 Years,115,55,60,19,9,10,1,0,1,4,2,2,91,44,47
CASTRO COUNTY,069,5 Years,121,60,61,23,13,10,2,1,1,4,1,3,92,45,47
CASTRO COUNTY,069,6 Years,132,74,58,26,14,12,3,2,1,4,1,3,99,57,42
CASTRO COUNTY,069,7 Years,131,74,57,26,15,11,4,3,1,1,0,1,100,56,44
CASTRO COUNTY,069,8 Years,122,63,59,31,18,13,1,0,1,1,0,1,89,45,44
CASTRO COUNTY,069,9 Years,129,67,62,28,16,12,2,0,2,3,0,3,96,51,45
CASTRO COUNTY,069,10 Years,125,70,55,33,19,14,2,1,1,2,1,1,88,49,39
CASTRO COUNTY,069,11 Years,127,66,61,35,21,14,2,1,1,1,0,1,89,44,45
CASTRO COUNTY,069,12 Years,134,72,62,33,17,16,1,1,0,1,1,0,99,53,46
CASTRO COUNTY,069,13 Years,128,76,52,35,22,13,3,1,2,1,1,0,89,52,37
CASTRO COUNTY,069,14 Years,115,61,54,28,15,13,3,2,1,2,1,1,82,43,39
CASTRO COUNTY,069,15 Years,135,64,71,33,14,19,3,0,3,1,0,1,98,50,48
CASTRO COUNTY,069,16 Years,127,62,65,27,10,17,1,0,1,1,1,0,98,51,47
CASTRO COUNTY,069,17 Years,122,56,66,25,10,15,2,1,1,0,0,0,95,45,50
CASTRO COUNTY,069,18 Years,131,68,63,28,15,13,4,1,3,1,0,1,98,52,46
CASTRO COUNTY,069,19 Years,122,64,58,25,15,10,4,3,1,1,0,1,92,46,46
CASTRO COUNTY,069,20 Years,110,51,59,25,10,15,2,2,0,2,1,1,81,38,43
CASTRO COUNTY,069,21 Years,106,54,52,22,7,15,4,3,1,1,0,1,79,44,35
CASTRO COUNTY,069,22 Years,117,61,56,29,13,16,2,2,0,2,2,0,84,44,40
CASTRO COUNTY,069,23 Years,115,51,64,36,18,18,1,1,0,2,2,0,76,30,46
CASTRO COUNTY,069,24 Years,110,59,51,36,23,13,1,1,0,1,1,0,72,34,38
CASTRO COUNTY,069,25 Years,84,46,38,20,12,8,0,0,0,0,0,0,64,34,30
CASTRO COUNTY,069,26 Years,79,38,41,20,10,10,1,0,1,0,0,0,58,28,30
CASTRO COUNTY,069,27 Years,82,40,42,14,6,8,3,0,3,2,0,2,63,34,29
CASTRO COUNTY,069,28 Years,75,39,36,17,9,8,3,2,1,1,0,1,54,28,26
CASTRO COUNTY,069,29 Years,82,40,42,23,9,14,5,3,2,0,0,0,54,28,26
CASTRO COUNTY,069,30 Years,79,39,40,18,6,12,3,2,1,0,0,0,58,31,27
CASTRO COUNTY,069,31 Years,88,54,34,20,13,7,1,0,1,1,1,0,66,40,26
CASTRO COUNTY,069,32 Years,80,41,39,21,14,7,1,0,1,3,1,2,55,26,29
CASTRO COUNTY,069,33 Years,80,37,43,19,9,10,1,0,1,1,0,1,59,28,31
CASTRO COUNTY,069,34 Years,79,37,42,23,10,13,1,0,1,2,2,0,53,25,28
CASTRO COUNTY,069,35 Years,83,48,35,22,13,9,1,1,0,2,2,0,58,32,26
CASTRO COUNTY,069,36 Years,87,43,44,20,8,12,2,2,0,1,1,0,64,32,32
CASTRO COUNTY,069,37 Years,84,38,46,22,10,12,1,1,0,1,1,0,60,26,34
CASTRO COUNTY,069,38 Years,85,46,39,21,10,11,0,0,0,2,1,1,62,35,27
CASTRO COUNTY,069,39 Years,76,39,37,19,8,11,0,0,0,2,1,1,55,30,25
CASTRO COUNTY,069,40 Years,91,46,45,23,11,12,2,1,1,1,0,1,65,34,31
CASTRO COUNTY,069,41 Years,75,39,36,19,11,8,2,2,0,2,0,2,52,26,26
CASTRO COUNTY,069,42 Years,83,37,46,25,14,11,3,1,2,3,1,2,52,21,31
CASTRO COUNTY,069,43 Years,78,36,42,20,10,10,1,0,1,1,0,1,56,26,30
CASTRO COUNTY,069,44 Years,72,44,28,19,11,8,0,0,0,1,0,1,52,33,19
CASTRO COUNTY,069,45 Years,86,51,35,28,16,12,0,0,0,1,1,0,57,34,23
CASTRO COUNTY,069,46 Years,92,48,44,34,19,15,1,0,1,0,0,0,57,29,28
CASTRO COUNTY,069,47 Years,80,40,40,27,15,12,0,0,0,0,0,0,53,25,28
CASTRO COUNTY,069,48 Years,78,37,41,30,14,16,1,0,1,1,1,0,46,22,24
CASTRO COUNTY,069,49 Years,72,33,39,26,13,13,0,0,0,1,0,1,45,20,25
CASTRO COUNTY,069,50 Years,81,44,37,23,13,10,1,1,0,2,2,0,55,28,27
CASTRO COUNTY,069,51 Years,79,42,37,34,19,15,2,1,1,0,0,0,43,22,21
CASTRO COUNTY,069,52 Years,93,44,49,47,24,23,2,1,1,0,0,0,44,19,25
CASTRO COUNTY,069,53 Years,90,42,48,44,22,22,1,0,1,1,0,1,44,20,24
CASTRO COUNTY,069,54 Years,92,50,42,37,21,16,2,0,2,0,0,0,53,29,24
CASTRO COUNTY,069,55 Years,105,59,46,44,24,20,3,2,1,0,0,0,58,33,25
CASTRO COUNTY,069,56 Years,89,43,46,41,21,20,2,0,2,0,0,0,46,22,24
CASTRO COUNTY,069,57 Years,95,52,43,48,25,23,2,1,1,0,0,0,45,26,19
CASTRO COUNTY,069,58 Years,99,54,45,49,27,22,4,2,2,0,0,0,46,25,21
CASTRO COUNTY,069,59 Years,100,56,44,48,31,17,3,2,1,2,1,1,47,22,25
CASTRO COUNTY,069,60 Years,88,46,42,44,23,21,5,3,2,0,0,0,39,20,19
CASTRO COUNTY,069,61 Years,111,57,54,55,28,27,2,1,1,0,0,0,54,28,26
CASTRO COUNTY,069,62 Years,106,54,52,56,28,28,1,0,1,1,1,0,48,25,23
CASTRO COUNTY,069,63 Years,102,59,43,50,28,22,2,1,1,0,0,0,50,30,20
CASTRO COUNTY,069,64 Years,97,53,44,50,25,25,4,2,2,0,0,0,43,26,17
CASTRO COUNTY,069,65 Years,79,42,37,38,22,16,3,2,1,0,0,0,38,18,20
CASTRO COUNTY,069,66 Years,66,31,35,33,19,14,2,1,1,1,0,1,30,11,19
CASTRO COUNTY,069,67 Years,59,27,32,33,18,15,0,0,0,1,0,1,25,9,16
CASTRO COUNTY,069,68 Years,73,38,35,40,21,19,0,0,0,1,0,1,32,17,15
CASTRO COUNTY,069,69 Years,70,40,30,42,22,20,0,0,0,0,0,0,28,18,10
CASTRO COUNTY,069,70 Years,60,30,30,37,20,17,0,0,0,0,0,0,23,10,13
CASTRO COUNTY,069,71 Years,53,27,26,32,17,15,0,0,0,0,0,0,21,10,11
CASTRO COUNTY,069,72 Years,46,22,24,28,13,15,1,1,0,0,0,0,17,8,9
CASTRO COUNTY,069,73 Years,60,27,33,37,16,21,0,0,0,0,0,0,23,11,12
CASTRO COUNTY,069,74 Years,53,31,22,27,16,11,0,0,0,1,1,0,25,14,11
CASTRO COUNTY,069,75 Years,48,26,22,26,14,12,0,0,0,1,1,0,21,11,10
CASTRO COUNTY,069,76 Years,42,19,23,26,12,14,0,0,0,0,0,0,16,7,9
CASTRO COUNTY,069,77 Years,41,19,22,25,11,14,0,0,0,0,0,0,16,8,8
CASTRO COUNTY,069,78 Years,37,17,20,21,7,14,0,0,0,0,0,0,16,10,6
CASTRO COUNTY,069,79 Years,41,22,19,25,13,12,0,0,0,0,0,0,16,9,7
CASTRO COUNTY,069,80 Years,36,17,19,22,10,12,1,1,0,0,0,0,13,6,7
CASTRO COUNTY,069,81 Years,40,19,21,24,11,13,1,1,0,0,0,0,15,7,8
CASTRO COUNTY,069,82 Years,43,18,25,33,15,18,0,0,0,1,0,1,9,3,6
CASTRO COUNTY,069,83 Years,34,14,20,22,8,14,0,0,0,0,0,0,12,6,6
CASTRO COUNTY,069,84 Years,29,12,17,17,6,11,0,0,0,1,0,1,11,6,5
CASTRO COUNTY,069,85 Years +,136,59,77,94,41,53,4,1,3,0,0,0,38,17,21
CHAMBERS COUNTY,071,All Ages,40863,20470,20393,26960,13322,13638,3256,1655,1601,1131,560,571,9516,4933,4583
CHAMBERS COUNTY,071,< 1 Year,492,254,238,302,157,145,32,17,15,22,12,10,136,68,68
CHAMBERS COUNTY,071,1 Years,477,253,224,292,155,137,29,16,13,22,10,12,134,72,62
CHAMBERS COUNTY,071,2 Years,454,239,215,279,143,136,26,13,13,17,9,8,132,74,58
CHAMBERS COUNTY,071,3 Years,440,230,210,273,140,133,26,13,13,11,8,3,130,69,61
CHAMBERS COUNTY,071,4 Years,442,225,217,261,131,130,23,12,11,11,6,5,147,76,71
CHAMBERS COUNTY,071,5 Years,484,237,247,260,127,133,28,14,14,19,9,10,177,87,90
CHAMBERS COUNTY,071,6 Years,502,229,273,275,120,155,29,14,15,20,7,13,178,88,90
CHAMBERS COUNTY,071,7 Years,558,288,270,299,155,144,31,17,14,25,10,15,203,106,97
CHAMBERS COUNTY,071,8 Years,566,295,271,324,170,154,30,14,16,29,14,15,183,97,86
CHAMBERS COUNTY,071,9 Years,576,295,281,332,172,160,36,17,19,29,14,15,179,92,87
CHAMBERS COUNTY,071,10 Years,618,329,289,352,191,161,38,19,19,26,14,12,202,105,97
CHAMBERS COUNTY,071,11 Years,640,330,310,365,190,175,40,19,21,23,11,12,212,110,102
CHAMBERS COUNTY,071,12 Years,672,348,324,405,211,194,39,20,19,23,11,12,205,106,99
CHAMBERS COUNTY,071,13 Years,698,373,325,421,236,185,37,19,18,25,13,12,215,105,110
CHAMBERS COUNTY,071,14 Years,712,387,325,434,239,195,45,23,22,24,12,12,209,113,96
CHAMBERS COUNTY,071,15 Years,757,405,352,471,258,213,52,32,20,26,10,16,208,105,103
CHAMBERS COUNTY,071,16 Years,760,391,369,457,239,218,63,34,29,28,12,16,212,106,106
CHAMBERS COUNTY,071,17 Years,724,368,356,433,222,211,55,27,28,21,12,9,215,107,108
CHAMBERS COUNTY,071,18 Years,695,353,342,405,209,196,50,27,23,26,14,12,214,103,111
CHAMBERS COUNTY,071,19 Years,607,310,297,350,182,168,44,24,20,25,11,14,188,93,95
CHAMBERS COUNTY,071,20 Years,591,301,290,341,171,170,48,27,21,25,13,12,177,90,87
CHAMBERS COUNTY,071,21 Years,565,285,280,326,166,160,50,25,25,18,8,10,171,86,85
CHAMBERS COUNTY,071,22 Years,565,288,277,318,160,158,60,34,26,17,9,8,170,85,85
CHAMBERS COUNTY,071,23 Years,571,302,269,321,172,149,57,33,24,13,6,7,180,91,89
CHAMBERS COUNTY,071,24 Years,546,281,265,304,157,147,61,33,28,15,7,8,166,84,82
CHAMBERS COUNTY,071,25 Years,493,263,230,281,147,134,48,27,21,11,8,3,153,81,72
CHAMBERS COUNTY,071,26 Years,419,211,208,241,118,123,38,19,19,5,4,1,135,70,65
CHAMBERS COUNTY,071,27 Years,378,182,196,204,92,112,34,18,16,6,3,3,134,69,65
CHAMBERS COUNTY,071,28 Years,381,185,196,200,90,110,34,21,13,10,2,8,137,72,65
CHAMBERS COUNTY,071,29 Years,353,180,173,193,96,97,21,12,9,12,6,6,127,66,61
CHAMBERS COUNTY,071,30 Years,389,203,186,213,104,109,22,13,9,12,9,3,142,77,65
CHAMBERS COUNTY,071,31 Years,416,209,207,237,104,133,23,14,9,10,6,4,146,85,61
CHAMBERS COUNTY,071,32 Years,421,195,226,246,100,146,19,10,9,10,6,4,146,79,67
CHAMBERS COUNTY,071,33 Years,473,215,258,276,110,166,26,16,10,8,3,5,163,86,77
CHAMBERS COUNTY,071,34 Years,530,244,286,318,131,187,34,20,14,10,4,6,168,89,79
CHAMBERS COUNTY,071,35 Years,567,276,291,354,168,186,31,15,16,12,5,7,170,88,82
CHAMBERS COUNTY,071,36 Years,589,294,295,383,193,190,37,14,23,14,6,8,155,81,74
CHAMBERS COUNTY,071,37 Years,531,262,269,353,167,186,28,13,15,8,3,5,142,79,63
CHAMBERS COUNTY,071,38 Years,563,264,299,369,167,202,36,18,18,10,3,7,148,76,72
CHAMBERS COUNTY,071,39 Years,604,281,323,393,180,213,46,20,26,8,4,4,157,77,80
CHAMBERS COUNTY,071,40 Years,602,284,318,384,179,205,50,20,30,7,3,4,161,82,79
CHAMBERS COUNTY,071,41 Years,588,277,311,375,174,201,54,23,31,9,4,5,150,76,74
CHAMBERS COUNTY,071,42 Years,606,284,322,389,178,211,51,22,29,10,5,5,156,79,77
CHAMBERS COUNTY,071,43 Years,619,294,325,397,187,210,60,30,30,12,5,7,150,72,78
CHAMBERS COUNTY,071,44 Years,653,294,359,433,195,238,59,30,29,16,3,13,145,66,79
CHAMBERS COUNTY,071,45 Years,686,325,361,460,215,245,73,40,33,22,7,15,131,63,68
CHAMBERS COUNTY,071,46 Years,665,321,344,454,211,243,65,37,28,18,9,9,128,64,64
CHAMBERS COUNTY,071,47 Years,634,309,325,443,206,237,58,33,25,12,6,6,121,64,57
CHAMBERS COUNTY,071,48 Years,587,286,301,408,193,215,51,26,25,14,9,5,114,58,56
CHAMBERS COUNTY,071,49 Years,594,289,305,413,196,217,46,21,25,19,10,9,116,62,54
CHAMBERS COUNTY,071,50 Years,578,289,289,417,203,214,46,28,18,17,9,8,98,49,49
CHAMBERS COUNTY,071,51 Years,565,290,275,415,208,207,49,29,20,16,9,7,85,44,41
CHAMBERS COUNTY,071,52 Years,546,285,261,402,204,198,50,29,21,16,8,8,78,44,34
CHAMBERS COUNTY,071,53 Years,560,302,258,417,222,195,50,28,22,17,10,7,76,42,34
CHAMBERS COUNTY,071,54 Years,566,296,270,421,212,209,54,29,25,19,10,9,72,45,27
CHAMBERS COUNTY,071,55 Years,564,296,268,413,212,201,50,26,24,28,16,12,73,42,31
CHAMBERS COUNTY,071,56 Years,583,303,280,422,225,197,58,25,33,21,12,9,82,41,41
CHAMBERS COUNTY,071,57 Years,535,266,269,400,199,201,49,23,26,12,9,3,74,35,39
CHAMBERS COUNTY,071,58 Years,514,255,259,392,188,204,46,27,19,9,5,4,67,35,32
CHAMBERS COUNTY,071,59 Years,542,288,254,420,230,190,45,23,22,12,6,6,65,29,36
CHAMBERS COUNTY,071,60 Years,516,284,232,398,218,180,39,21,18,10,8,2,69,37,32
CHAMBERS COUNTY,071,61 Years,503,259,244,394,201,193,37,19,18,9,6,3,63,33,30
CHAMBERS COUNTY,071,62 Years,507,250,257,398,191,207,41,23,18,12,6,6,56,30,26
CHAMBERS COUNTY,071,63 Years,505,249,256,396,191,205,49,22,27,6,3,3,54,33,21
CHAMBERS COUNTY,071,64 Years,413,222,191,326,174,152,41,19,22,5,3,2,41,26,15
CHAMBERS COUNTY,071,65 Years,365,197,168,284,150,134,37,20,17,6,4,2,38,23,15
CHAMBERS COUNTY,071,66 Years,359,187,172,281,145,136,38,19,19,11,5,6,29,18,11
CHAMBERS COUNTY,071,67 Years,364,177,187,293,138,155,36,19,17,7,3,4,28,17,11
CHAMBERS COUNTY,071,68 Years,385,189,196,310,152,158,36,18,18,11,3,8,28,16,12
CHAMBERS COUNTY,071,69 Years,379,183,196,302,148,154,37,16,21,12,4,8,28,15,13
CHAMBERS COUNTY,071,70 Years,308,149,159,249,117,132,33,15,18,4,2,2,22,15,7
CHAMBERS COUNTY,071,71 Years,261,125,136,210,102,108,29,14,15,3,1,2,19,8,11
CHAMBERS COUNTY,071,72 Years,243,119,124,196,98,98,27,10,17,4,3,1,16,8,8
CHAMBERS COUNTY,071,73 Years,231,118,113,193,101,92,19,6,13,3,1,2,16,10,6
CHAMBERS COUNTY,071,74 Years,202,92,110,169,81,88,15,2,13,7,5,2,11,4,7
CHAMBERS COUNTY,071,75 Years,189,87,102,153,73,80,20,8,12,4,2,2,12,4,8
CHAMBERS COUNTY,071,76 Years,172,83,89,133,63,70,20,8,12,3,1,2,16,11,5
CHAMBERS COUNTY,071,77 Years,152,76,76,117,58,59,18,7,11,1,0,1,16,11,5
CHAMBERS COUNTY,071,78 Years,124,62,62,101,51,50,13,5,8,3,1,2,7,5,2
CHAMBERS COUNTY,071,79 Years,122,58,64,100,47,53,14,7,7,2,1,1,6,3,3
CHAMBERS COUNTY,071,80 Years,115,60,55,100,53,47,10,3,7,1,1,0,4,3,1
CHAMBERS COUNTY,071,81 Years,107,54,53,88,46,42,13,5,8,2,1,1,4,2,2
CHAMBERS COUNTY,071,82 Years,100,48,52,87,39,48,10,6,4,1,1,0,2,2,0
CHAMBERS COUNTY,071,83 Years,86,43,43,72,36,36,11,5,6,1,1,0,2,1,1
CHAMBERS COUNTY,071,84 Years,72,30,42,63,26,37,6,3,3,1,0,1,2,1,1
CHAMBERS COUNTY,071,85 Years +,477,176,301,411,146,265,37,13,24,10,5,5,19,12,7
CHEROKEE COUNTY,073,All Ages,52278,26802,25476,30741,15111,15630,7388,4027,3361,1404,652,752,12745,7012,5733
CHEROKEE COUNTY,073,< 1 Year,706,350,356,342,172,170,90,51,39,32,10,22,242,117,125
CHEROKEE COUNTY,073,1 Years,717,362,355,344,173,171,91,51,40,35,16,19,247,122,125
CHEROKEE COUNTY,073,2 Years,732,368,364,331,166,165,98,53,45,43,20,23,260,129,131
CHEROKEE COUNTY,073,3 Years,702,364,338,322,161,161,97,54,43,40,20,20,243,129,114
CHEROKEE COUNTY,073,4 Years,698,354,344,319,161,158,96,49,47,41,20,21,242,124,118
CHEROKEE COUNTY,073,5 Years,711,365,346,326,168,158,91,47,44,55,28,27,239,122,117
CHEROKEE COUNTY,073,6 Years,694,353,341,314,155,159,89,52,37,44,18,26,247,128,119
CHEROKEE COUNTY,073,7 Years,731,377,354,316,160,156,102,56,46,45,17,28,268,144,124
CHEROKEE COUNTY,073,8 Years,706,366,340,311,160,151,84,44,40,43,22,21,268,140,128
CHEROKEE COUNTY,073,9 Years,707,368,339,311,162,149,93,50,43,39,22,17,264,134,130
CHEROKEE COUNTY,073,10 Years,755,402,353,336,181,155,93,45,48,41,22,19,285,154,131
CHEROKEE COUNTY,073,11 Years,766,399,367,339,182,157,106,46,60,41,22,19,280,149,131
CHEROKEE COUNTY,073,12 Years,770,391,379,349,187,162,95,40,55,43,21,22,283,143,140
CHEROKEE COUNTY,073,13 Years,792,402,390,342,167,175,109,53,56,46,23,23,295,159,136
CHEROKEE COUNTY,073,14 Years,778,399,379,348,164,184,86,48,38,37,19,18,307,168,139
CHEROKEE COUNTY,073,15 Years,783,408,375,370,183,187,102,61,41,26,10,16,285,154,131
CHEROKEE COUNTY,073,16 Years,785,413,372,362,183,179,105,57,48,35,13,22,283,160,123
CHEROKEE COUNTY,073,17 Years,787,402,385,373,191,182,100,53,47,25,9,16,289,149,140
CHEROKEE COUNTY,073,18 Years,766,418,348,350,178,172,128,88,40,16,6,10,272,146,126
CHEROKEE COUNTY,073,19 Years,777,450,327,328,174,154,176,124,52,17,8,9,256,144,112
CHEROKEE COUNTY,073,20 Years,712,390,322,308,156,152,144,94,50,14,8,6,246,132,114
CHEROKEE COUNTY,073,21 Years,675,364,311,304,153,151,105,65,40,17,11,6,249,135,114
CHEROKEE COUNTY,073,22 Years,718,375,343,329,162,167,111,57,54,18,11,7,260,145,115
CHEROKEE COUNTY,073,23 Years,730,395,335,322,164,158,130,71,59,17,6,11,261,154,107
CHEROKEE COUNTY,073,24 Years,750,387,363,329,154,175,126,68,58,21,10,11,274,155,119
CHEROKEE COUNTY,073,25 Years,810,421,389,359,170,189,152,88,64,19,9,10,280,154,126
CHEROKEE COUNTY,073,26 Years,757,402,355,353,175,178,134,81,53,18,9,9,252,137,115
CHEROKEE COUNTY,073,27 Years,665,359,306,328,166,162,114,72,42,13,5,8,210,116,94
CHEROKEE COUNTY,073,28 Years,623,337,286,312,155,157,105,59,46,11,6,5,195,117,78
CHEROKEE COUNTY,073,29 Years,564,307,257,276,141,135,90,48,42,10,4,6,188,114,74
CHEROKEE COUNTY,073,30 Years,495,278,217,245,122,123,74,46,28,6,3,3,170,107,63
CHEROKEE COUNTY,073,31 Years,490,264,226,243,117,126,83,52,31,7,3,4,157,92,65
CHEROKEE COUNTY,073,32 Years,538,276,262,271,135,136,84,43,41,11,5,6,172,93,79
CHEROKEE COUNTY,073,33 Years,516,257,259,279,142,137,68,34,34,14,7,7,155,74,81
CHEROKEE COUNTY,073,34 Years,508,260,248,274,136,138,72,37,35,12,3,9,150,84,66
CHEROKEE COUNTY,073,35 Years,558,281,277,295,144,151,83,40,43,17,7,10,163,90,73
CHEROKEE COUNTY,073,36 Years,600,296,304,317,149,168,95,48,47,15,6,9,173,93,80
CHEROKEE COUNTY,073,37 Years,566,294,272,302,149,153,74,39,35,12,4,8,178,102,76
CHEROKEE COUNTY,073,38 Years,560,298,262,294,149,145,89,52,37,11,5,6,166,92,74
CHEROKEE COUNTY,073,39 Years,614,332,282,317,157,160,94,55,39,10,4,6,193,116,77
CHEROKEE COUNTY,073,40 Years,577,312,265,315,169,146,82,45,37,9,4,5,171,94,77
CHEROKEE COUNTY,073,41 Years,582,302,280,329,164,165,76,45,31,7,2,5,170,91,79
CHEROKEE COUNTY,073,42 Years,625,320,305,369,179,190,78,40,38,8,3,5,170,98,72
CHEROKEE COUNTY,073,43 Years,625,332,293,365,182,183,85,49,36,5,3,2,170,98,72
CHEROKEE COUNTY,073,44 Years,620,318,302,362,179,183,82,48,34,6,4,2,170,87,83
CHEROKEE COUNTY,073,45 Years,635,334,301,393,199,194,86,47,39,6,4,2,150,84,66
CHEROKEE COUNTY,073,46 Years,611,330,281,375,191,184,83,46,37,6,2,4,147,91,56
CHEROKEE COUNTY,073,47 Years,621,342,279,371,192,179,107,62,45,11,8,3,132,80,52
CHEROKEE COUNTY,073,48 Years,592,308,284,368,181,187,88,52,36,10,5,5,126,70,56
CHEROKEE COUNTY,073,49 Years,573,312,261,335,173,162,102,60,42,8,2,6,128,77,51
CHEROKEE COUNTY,073,50 Years,627,343,284,364,193,171,109,62,47,12,4,8,142,84,58
CHEROKEE COUNTY,073,51 Years,678,389,289,424,244,180,118,76,42,13,5,8,123,64,59
CHEROKEE COUNTY,073,52 Years,657,360,297,430,224,206,105,66,39,12,7,5,110,63,47
CHEROKEE COUNTY,073,53 Years,686,376,310,441,233,208,119,69,50,15,8,7,111,66,45
CHEROKEE COUNTY,073,54 Years,677,361,316,437,216,221,117,68,49,15,7,8,108,70,38
CHEROKEE COUNTY,073,55 Years,662,335,327,421,202,219,113,55,58,18,7,11,110,71,39
CHEROKEE COUNTY,073,56 Years,715,361,354,493,246,247,118,57,61,13,7,6,91,51,40
CHEROKEE COUNTY,073,57 Years,714,365,349,510,252,258,108,57,51,13,6,7,83,50,33
CHEROKEE COUNTY,073,58 Years,672,357,315,479,248,231,99,58,41,14,6,8,80,45,35
CHEROKEE COUNTY,073,59 Years,668,341,327,489,243,246,97,51,46,16,7,9,66,40,26
CHEROKEE COUNTY,073,60 Years,649,328,321,471,229,242,97,48,49,13,6,7,68,45,23
CHEROKEE COUNTY,073,61 Years,656,328,328,489,236,253,99,52,47,11,7,4,57,33,24
CHEROKEE COUNTY,073,62 Years,687,334,353,511,233,278,114,66,48,11,6,5,51,29,22
CHEROKEE COUNTY,073,63 Years,658,315,343,510,238,272,93,48,45,12,5,7,43,24,19
CHEROKEE COUNTY,073,64 Years,627,303,324,490,238,252,79,34,45,8,2,6,50,29,21
CHEROKEE COUNTY,073,65 Years,628,307,321,475,226,249,91,45,46,7,3,4,55,33,22
CHEROKEE COUNTY,073,66 Years,612,313,299,481,236,245,86,48,38,8,5,3,37,24,13
CHEROKEE COUNTY,073,67 Years,588,298,290,475,232,243,70,40,30,7,5,2,36,21,15
CHEROKEE COUNTY,073,68 Years,603,281,322,492,220,272,66,38,28,7,3,4,38,20,18
CHEROKEE COUNTY,073,69 Years,589,268,321,495,217,278,48,26,22,8,3,5,38,22,16
CHEROKEE COUNTY,073,70 Years,501,239,262,428,202,226,43,21,22,4,1,3,26,15,11
CHEROKEE COUNTY,073,71 Years,491,240,251,417,205,212,40,18,22,6,1,5,28,16,12
CHEROKEE COUNTY,073,72 Years,448,213,235,383,186,197,37,10,27,7,5,2,21,12,9
CHEROKEE COUNTY,073,73 Years,443,215,228,380,181,199,37,15,22,3,2,1,23,17,6
CHEROKEE COUNTY,073,74 Years,410,193,217,356,167,189,31,14,17,6,2,4,17,10,7
CHEROKEE COUNTY,073,75 Years,377,177,200,330,158,172,26,11,15,5,3,2,16,5,11
CHEROKEE COUNTY,073,76 Years,348,168,180,298,146,152,26,9,17,6,3,3,18,10,8
CHEROKEE COUNTY,073,77 Years,301,147,154,258,126,132,25,12,13,1,0,1,17,9,8
CHEROKEE COUNTY,073,78 Years,268,131,137,228,114,114,23,8,15,5,3,2,12,6,6
CHEROKEE COUNTY,073,79 Years,275,125,150,237,110,127,23,10,13,4,1,3,11,4,7
CHEROKEE COUNTY,073,80 Years,256,114,142,224,99,125,21,8,13,2,1,1,9,6,3
CHEROKEE COUNTY,073,81 Years,265,121,144,222,103,119,27,9,18,4,2,2,12,7,5
CHEROKEE COUNTY,073,82 Years,233,97,136,195,81,114,27,8,19,2,1,1,9,7,2
CHEROKEE COUNTY,073,83 Years,184,81,103,156,67,89,17,7,10,3,3,0,8,4,4
CHEROKEE COUNTY,073,84 Years,164,71,93,139,62,77,14,5,9,3,1,2,8,3,5
CHEROKEE COUNTY,073,85 Years +,888,313,575,741,265,476,98,33,65,17,5,12,32,10,22
CHILDRESS COUNTY,075,All Ages,6937,4101,2836,4135,2176,1959,658,525,133,166,84,82,1978,1316,662
CHILDRESS COUNTY,075,< 1 Year,83,45,38,50,23,27,5,2,3,1,1,0,27,19,8
CHILDRESS COUNTY,075,1 Years,82,42,40,48,23,25,4,1,3,5,2,3,25,16,9
CHILDRESS COUNTY,075,2 Years,72,36,36,39,19,20,3,1,2,4,2,2,26,14,12
CHILDRESS COUNTY,075,3 Years,78,39,39,44,24,20,2,0,2,6,3,3,26,12,14
CHILDRESS COUNTY,075,4 Years,78,42,36,40,22,18,1,0,1,4,2,2,33,18,15
CHILDRESS COUNTY,075,5 Years,82,46,36,44,24,20,3,2,1,4,2,2,31,18,13
CHILDRESS COUNTY,075,6 Years,79,42,37,42,26,16,2,1,1,4,2,2,31,13,18
CHILDRESS COUNTY,075,7 Years,80,44,36,51,28,23,1,0,1,2,2,0,26,14,12
CHILDRESS COUNTY,075,8 Years,84,45,39,50,27,23,4,3,1,3,2,1,27,13,14
CHILDRESS COUNTY,075,9 Years,85,41,44,50,24,26,5,2,3,2,1,1,28,14,14
CHILDRESS COUNTY,075,10 Years,81,43,38,44,21,23,4,3,1,3,3,0,30,16,14
CHILDRESS COUNTY,075,11 Years,78,37,41,46,22,24,2,1,1,4,1,3,26,13,13
CHILDRESS COUNTY,075,12 Years,69,35,34,42,24,18,3,1,2,5,1,4,19,9,10
CHILDRESS COUNTY,075,13 Years,74,40,34,48,28,20,2,1,1,3,1,2,21,10,11
CHILDRESS COUNTY,075,14 Years,88,47,41,48,24,24,3,1,2,3,2,1,34,20,14
CHILDRESS COUNTY,075,15 Years,76,44,32,42,23,19,1,1,0,2,1,1,31,19,12
CHILDRESS COUNTY,075,16 Years,88,54,34,48,25,23,3,2,1,3,2,1,34,25,9
CHILDRESS COUNTY,075,17 Years,83,50,33,45,25,20,7,5,2,3,2,1,28,18,10
CHILDRESS COUNTY,075,18 Years,91,54,37,44,23,21,9,6,3,3,2,1,35,23,12
CHILDRESS COUNTY,075,19 Years,109,72,37,50,27,23,17,14,3,2,1,1,40,30,10
CHILDRESS COUNTY,075,20 Years,93,61,32,44,24,20,19,17,2,0,0,0,30,20,10
CHILDRESS COUNTY,075,21 Years,151,113,38,57,33,24,26,22,4,3,1,2,65,57,8
CHILDRESS COUNTY,075,22 Years,146,121,25,48,33,15,33,31,2,0,0,0,65,57,8
CHILDRESS COUNTY,075,23 Years,174,137,37,74,55,19,28,24,4,3,0,3,69,58,11
CHILDRESS COUNTY,075,24 Years,194,148,46,82,56,26,30,27,3,4,3,1,78,62,16
CHILDRESS COUNTY,075,25 Years,171,139,32,67,46,21,41,40,1,3,1,2,60,52,8
CHILDRESS COUNTY,075,26 Years,168,146,22,56,41,15,33,33,0,1,0,1,78,72,6
CHILDRESS COUNTY,075,27 Years,148,120,28,49,31,18,36,35,1,2,2,0,61,52,9
CHILDRESS COUNTY,075,28 Years,142,119,23,55,40,15,26,25,1,1,1,0,60,53,7
CHILDRESS COUNTY,075,29 Years,116,95,21,46,31,15,27,27,0,2,2,0,41,35,6
CHILDRESS COUNTY,075,30 Years,111,90,21,44,30,14,26,25,1,2,2,0,39,33,6
CHILDRESS COUNTY,075,31 Years,114,81,33,54,34,20,17,16,1,0,0,0,43,31,12
CHILDRESS COUNTY,075,32 Years,88,54,34,48,28,20,16,12,4,2,1,1,22,13,9
CHILDRESS COUNTY,075,33 Years,86,55,31,46,24,22,16,13,3,2,1,1,22,17,5
CHILDRESS COUNTY,075,34 Years,83,54,29,43,22,21,13,12,1,1,1,0,26,19,7
CHILDRESS COUNTY,075,35 Years,73,44,29,33,15,18,4,4,0,2,0,2,34,25,9
CHILDRESS COUNTY,075,36 Years,76,45,31,39,19,20,5,5,0,2,1,1,30,20,10
CHILDRESS COUNTY,075,37 Years,71,34,37,38,16,22,8,5,3,2,2,0,23,11,12
CHILDRESS COUNTY,075,38 Years,81,41,40,39,17,22,5,3,2,4,1,3,33,20,13
CHILDRESS COUNTY,075,39 Years,78,46,32,37,19,18,8,6,2,3,1,2,30,20,10
CHILDRESS COUNTY,075,40 Years,70,38,32,41,23,18,8,6,2,3,1,2,18,8,10
CHILDRESS COUNTY,075,41 Years,74,48,26,46,27,19,5,5,0,3,2,1,20,14,6
CHILDRESS COUNTY,075,42 Years,66,41,25,37,23,14,10,9,1,1,0,1,18,9,9
CHILDRESS COUNTY,075,43 Years,73,43,30,40,22,18,8,7,1,1,1,0,24,13,11
CHILDRESS COUNTY,075,44 Years,58,28,30,44,22,22,1,1,0,1,1,0,12,4,8
CHILDRESS COUNTY,075,45 Years,64,34,30,52,28,24,1,1,0,1,1,0,10,4,6
CHILDRESS COUNTY,075,46 Years,61,36,25,41,22,19,4,4,0,0,0,0,16,10,6
CHILDRESS COUNTY,075,47 Years,69,38,31,37,19,18,8,4,4,3,1,2,21,14,7
CHILDRESS COUNTY,075,48 Years,64,40,24,37,24,13,7,4,3,1,0,1,19,12,7
CHILDRESS COUNTY,075,49 Years,59,27,32,41,19,22,5,3,2,0,0,0,13,5,8
CHILDRESS COUNTY,075,50 Years,64,33,31,43,22,21,7,4,3,0,0,0,14,7,7
CHILDRESS COUNTY,075,51 Years,76,38,38,55,26,29,6,4,2,1,1,0,14,7,7
CHILDRESS COUNTY,075,52 Years,81,40,41,56,27,29,6,2,4,2,1,1,17,10,7
CHILDRESS COUNTY,075,53 Years,81,52,29,59,40,19,7,5,2,2,0,2,13,7,6
CHILDRESS COUNTY,075,54 Years,66,36,30,51,27,24,5,3,2,2,1,1,8,5,3
CHILDRESS COUNTY,075,55 Years,64,25,39,51,20,31,3,1,2,1,0,1,9,4,5
CHILDRESS COUNTY,075,56 Years,67,30,37,48,21,27,3,1,2,2,1,1,14,7,7
CHILDRESS COUNTY,075,57 Years,73,34,39,55,27,28,2,1,1,2,0,2,14,6,8
CHILDRESS COUNTY,075,58 Years,72,32,40,55,23,32,3,3,0,1,1,0,13,5,8
CHILDRESS COUNTY,075,59 Years,77,36,41,60,28,32,3,1,2,2,2,0,12,5,7
CHILDRESS COUNTY,075,60 Years,81,45,36,61,34,27,6,2,4,2,1,1,12,8,4
CHILDRESS COUNTY,075,61 Years,76,42,34,57,32,25,3,1,2,3,1,2,13,8,5
CHILDRESS COUNTY,075,62 Years,75,34,41,59,28,31,2,1,1,2,1,1,12,4,8
CHILDRESS COUNTY,075,63 Years,88,43,45,72,35,37,1,0,1,2,2,0,13,6,7
CHILDRESS COUNTY,075,64 Years,83,43,40,67,36,31,3,2,1,1,1,0,12,4,8
CHILDRESS COUNTY,075,65 Years,72,40,32,53,29,24,5,4,1,2,1,1,12,6,6
CHILDRESS COUNTY,075,66 Years,65,33,32,49,24,25,5,3,2,2,1,1,9,5,4
CHILDRESS COUNTY,075,67 Years,63,32,31,54,27,27,1,0,1,1,0,1,7,5,2
CHILDRESS COUNTY,075,68 Years,65,31,34,56,24,32,2,2,0,0,0,0,7,5,2
CHILDRESS COUNTY,075,69 Years,72,32,40,57,26,31,2,2,0,2,0,2,11,4,7
CHILDRESS COUNTY,075,70 Years,60,28,32,46,24,22,1,0,1,2,0,2,11,4,7
CHILDRESS COUNTY,075,71 Years,59,26,33,49,23,26,1,0,1,1,0,1,8,3,5
CHILDRESS COUNTY,075,72 Years,63,28,35,55,24,31,2,2,0,1,0,1,5,2,3
CHILDRESS COUNTY,075,73 Years,56,31,25,52,27,25,1,1,0,0,0,0,3,3,0
CHILDRESS COUNTY,075,74 Years,53,24,29,45,21,24,3,0,3,2,1,1,3,2,1
CHILDRESS COUNTY,075,75 Years,49,23,26,40,17,23,2,1,1,1,1,0,6,4,2
CHILDRESS COUNTY,075,76 Years,36,18,18,27,14,13,2,0,2,0,0,0,7,4,3
CHILDRESS COUNTY,075,77 Years,37,16,21,31,13,18,1,0,1,1,1,0,4,2,2
CHILDRESS COUNTY,075,78 Years,39,18,21,33,16,17,1,1,0,2,1,1,3,0,3
CHILDRESS COUNTY,075,79 Years,37,11,26,33,10,23,0,0,0,1,0,1,3,1,2
CHILDRESS COUNTY,075,80 Years,36,16,20,29,11,18,3,2,1,0,0,0,4,3,1
CHILDRESS COUNTY,075,81 Years,33,16,17,28,13,15,3,1,2,0,0,0,2,2,0
CHILDRESS COUNTY,075,82 Years,35,15,20,29,12,17,1,0,1,1,1,0,4,2,2
CHILDRESS COUNTY,075,83 Years,34,16,18,30,13,17,0,0,0,1,1,0,3,2,1
CHILDRESS COUNTY,075,84 Years,26,15,11,21,12,9,1,0,1,0,0,0,4,3,1
CHILDRESS COUNTY,075,85 Years +,161,55,106,139,45,94,6,2,4,2,1,1,14,7,7
CLAY COUNTY,077,All Ages,10465,5100,5365,9608,4708,4900,48,25,23,316,144,172,493,223,270
CLAY COUNTY,077,< 1 Year,101,51,50,94,48,46,0,0,0,0,0,0,7,3,4
CLAY COUNTY,077,1 Years,97,48,49,88,45,43,0,0,0,4,1,3,5,2,3
CLAY COUNTY,077,2 Years,100,50,50,86,43,43,0,0,0,5,2,3,9,5,4
CLAY COUNTY,077,3 Years,106,52,54,94,45,49,0,0,0,5,3,2,7,4,3
CLAY COUNTY,077,4 Years,106,49,57,94,43,51,0,0,0,4,1,3,8,5,3
CLAY COUNTY,077,5 Years,104,51,53,93,45,48,0,0,0,6,3,3,5,3,2
CLAY COUNTY,077,6 Years,151,71,80,133,66,67,0,0,0,7,1,6,11,4,7
CLAY COUNTY,077,7 Years,135,66,69,116,60,56,1,1,0,6,1,5,12,4,8
CLAY COUNTY,077,8 Years,131,69,62,115,59,56,1,1,0,6,3,3,9,6,3
CLAY COUNTY,077,9 Years,121,66,55,107,56,51,2,1,1,4,3,1,8,6,2
CLAY COUNTY,077,10 Years,123,69,54,106,59,47,2,1,1,4,4,0,11,5,6
CLAY COUNTY,077,11 Years,130,61,69,115,56,59,0,0,0,5,2,3,10,3,7
CLAY COUNTY,077,12 Years,130,65,65,119,59,60,0,0,0,4,2,2,7,4,3
CLAY COUNTY,077,13 Years,126,64,62,115,58,57,0,0,0,3,1,2,8,5,3
CLAY COUNTY,077,14 Years,129,67,62,113,59,54,1,1,0,4,2,2,11,5,6
CLAY COUNTY,077,15 Years,136,65,71,121,60,61,1,1,0,3,1,2,11,3,8
CLAY COUNTY,077,16 Years,137,65,72,119,61,58,1,0,1,3,1,2,14,3,11
CLAY COUNTY,077,17 Years,134,64,70,119,60,59,0,0,0,4,2,2,11,2,9
CLAY COUNTY,077,18 Years,136,73,63,123,68,55,1,1,0,5,4,1,7,0,7
CLAY COUNTY,077,19 Years,137,72,65,120,64,56,0,0,0,6,4,2,11,4,7
CLAY COUNTY,077,20 Years,132,63,69,114,57,57,2,1,1,5,2,3,11,3,8
CLAY COUNTY,077,21 Years,124,64,60,105,54,51,0,0,0,5,3,2,14,7,7
CLAY COUNTY,077,22 Years,136,76,60,116,67,49,0,0,0,8,5,3,12,4,8
CLAY COUNTY,077,23 Years,126,62,64,109,52,57,0,0,0,7,5,2,10,5,5
CLAY COUNTY,077,24 Years,126,62,64,115,58,57,1,0,1,3,2,1,7,2,5
CLAY COUNTY,077,25 Years,109,52,57,99,47,52,1,1,0,2,1,1,7,3,4
CLAY COUNTY,077,26 Years,106,47,59,95,43,52,3,1,2,2,1,1,6,2,4
CLAY COUNTY,077,27 Years,85,37,48,77,34,43,1,0,1,2,1,1,5,2,3
CLAY COUNTY,077,28 Years,83,45,38,79,43,36,1,1,0,1,0,1,2,1,1
CLAY COUNTY,077,29 Years,75,36,39,67,33,34,1,0,1,2,1,1,5,2,3
CLAY COUNTY,077,30 Years,68,33,35,63,31,32,1,0,1,1,1,0,3,1,2
CLAY COUNTY,077,31 Years,83,47,36,78,43,35,1,1,0,2,1,1,2,2,0
CLAY COUNTY,077,32 Years,76,32,44,71,29,42,1,1,0,2,1,1,2,1,1
CLAY COUNTY,077,33 Years,89,37,52,81,33,48,0,0,0,3,1,2,5,3,2
CLAY COUNTY,077,34 Years,94,43,51,86,40,46,0,0,0,2,0,2,6,3,3
CLAY COUNTY,077,35 Years,95,49,46,89,47,42,0,0,0,3,1,2,3,1,2
CLAY COUNTY,077,36 Years,106,56,50,98,52,46,0,0,0,2,1,1,6,3,3
CLAY COUNTY,077,37 Years,111,58,53,98,51,47,0,0,0,5,2,3,8,5,3
CLAY COUNTY,077,38 Years,124,58,66,114,53,61,1,1,0,3,1,2,6,3,3
CLAY COUNTY,077,39 Years,123,62,61,111,53,58,1,1,0,4,3,1,7,5,2
CLAY COUNTY,077,40 Years,122,58,64,109,52,57,1,0,1,5,1,4,7,5,2
CLAY COUNTY,077,41 Years,111,48,63,102,45,57,1,0,1,2,1,1,6,2,4
CLAY COUNTY,077,42 Years,115,57,58,101,51,50,3,0,3,3,1,2,8,5,3
CLAY COUNTY,077,43 Years,113,55,58,101,49,52,1,0,1,3,1,2,8,5,3
CLAY COUNTY,077,44 Years,122,54,68,112,50,62,2,2,0,3,0,3,5,2,3
CLAY COUNTY,077,45 Years,133,63,70,123,61,62,1,0,1,6,1,5,3,1,2
CLAY COUNTY,077,46 Years,142,67,75,129,61,68,0,0,0,5,2,3,8,4,4
CLAY COUNTY,077,47 Years,132,67,65,121,62,59,0,0,0,6,4,2,5,1,4
CLAY COUNTY,077,48 Years,134,65,69,120,57,63,0,0,0,8,4,4,6,4,2
CLAY COUNTY,077,49 Years,125,64,61,115,61,54,0,0,0,6,1,5,4,2,2
CLAY COUNTY,077,50 Years,125,59,66,115,55,60,0,0,0,3,1,2,7,3,4
CLAY COUNTY,077,51 Years,146,69,77,133,64,69,1,0,1,7,3,4,5,2,3
CLAY COUNTY,077,52 Years,172,80,92,158,77,81,2,2,0,8,1,7,4,0,4
CLAY COUNTY,077,53 Years,175,87,88,159,80,79,1,1,0,10,3,7,5,3,2
CLAY COUNTY,077,54 Years,167,83,84,152,78,74,1,0,1,5,1,4,9,4,5
CLAY COUNTY,077,55 Years,173,86,87,162,81,81,1,1,0,2,1,1,8,3,5
CLAY COUNTY,077,56 Years,180,93,87,168,86,82,0,0,0,4,3,1,8,4,4
CLAY COUNTY,077,57 Years,179,87,92,167,81,86,0,0,0,4,3,1,8,3,5
CLAY COUNTY,077,58 Years,182,89,93,171,84,87,1,0,1,5,2,3,5,3,2
CLAY COUNTY,077,59 Years,166,85,81,156,78,78,2,1,1,5,5,0,3,1,2
CLAY COUNTY,077,60 Years,178,77,101,174,74,100,0,0,0,2,2,0,2,1,1
CLAY COUNTY,077,61 Years,186,93,93,181,88,93,0,0,0,2,2,0,3,3,0
CLAY COUNTY,077,62 Years,179,91,88,173,88,85,1,1,0,4,1,3,1,1,0
CLAY COUNTY,077,63 Years,175,81,94,166,76,90,0,0,0,3,1,2,6,4,2
CLAY COUNTY,077,64 Years,163,75,88,155,71,84,1,1,0,3,2,1,4,1,3
CLAY COUNTY,077,65 Years,140,69,71,133,67,66,1,0,1,4,1,3,2,1,1
CLAY COUNTY,077,66 Years,134,66,68,128,63,65,1,0,1,2,2,0,3,1,2
CLAY COUNTY,077,67 Years,142,67,75,139,65,74,0,0,0,1,1,0,2,1,1
CLAY COUNTY,077,68 Years,145,71,74,137,66,71,0,0,0,4,2,2,4,3,1
CLAY COUNTY,077,69 Years,139,66,73,130,64,66,0,0,0,5,1,4,4,1,3
CLAY COUNTY,077,70 Years,106,52,54,100,49,51,0,0,0,3,1,2,3,2,1
CLAY COUNTY,077,71 Years,117,58,59,111,54,57,0,0,0,3,2,1,3,2,1
CLAY COUNTY,077,72 Years,124,59,65,123,58,65,0,0,0,0,0,0,1,1,0
CLAY COUNTY,077,73 Years,120,55,65,115,54,61,0,0,0,2,0,2,3,1,2
CLAY COUNTY,077,74 Years,96,50,46,92,47,45,0,0,0,2,2,0,2,1,1
CLAY COUNTY,077,75 Years,85,43,42,81,42,39,0,0,0,2,1,1,2,0,2
CLAY COUNTY,077,76 Years,81,38,43,76,36,40,1,1,0,2,1,1,2,0,2
CLAY COUNTY,077,77 Years,91,39,52,87,38,49,0,0,0,2,0,2,2,1,1
CLAY COUNTY,077,78 Years,86,41,45,80,39,41,0,0,0,5,2,3,1,0,1
CLAY COUNTY,077,79 Years,67,31,36,64,30,34,0,0,0,1,0,1,2,1,1
CLAY COUNTY,077,80 Years,61,31,30,59,31,28,0,0,0,1,0,1,1,0,1
CLAY COUNTY,077,81 Years,53,29,24,50,26,24,0,0,0,1,1,0,2,2,0
CLAY COUNTY,077,82 Years,52,22,30,50,21,29,0,0,0,2,1,1,0,0,0
CLAY COUNTY,077,83 Years,47,19,28,43,17,26,0,0,0,2,1,1,2,1,1
CLAY COUNTY,077,84 Years,43,18,25,41,18,23,0,0,0,1,0,1,1,0,1
CLAY COUNTY,077,85 Years +,200,86,114,191,79,112,0,0,0,5,4,1,4,3,1
COCHRAN COUNTY,079,All Ages,3011,1504,1507,1229,619,610,103,44,59,38,17,21,1641,824,817
COCHRAN COUNTY,079,< 1 Year,37,20,17,12,8,4,1,0,1,2,1,1,22,11,11
COCHRAN COUNTY,079,1 Years,43,25,18,16,11,5,0,0,0,1,1,0,26,13,13
COCHRAN COUNTY,079,2 Years,43,23,20,17,9,8,0,0,0,0,0,0,26,14,12
COCHRAN COUNTY,079,3 Years,46,27,19,17,11,6,0,0,0,0,0,0,29,16,13
COCHRAN COUNTY,079,4 Years,49,28,21,15,8,7,0,0,0,1,1,0,33,19,14
COCHRAN COUNTY,079,5 Years,50,27,23,15,7,8,1,1,0,2,1,1,32,18,14
COCHRAN COUNTY,079,6 Years,48,30,18,15,6,9,0,0,0,0,0,0,33,24,9
COCHRAN COUNTY,079,7 Years,47,22,25,10,4,6,0,0,0,0,0,0,37,18,19
COCHRAN COUNTY,079,8 Years,41,24,17,12,7,5,0,0,0,0,0,0,29,17,12
COCHRAN COUNTY,079,9 Years,45,19,26,11,4,7,0,0,0,0,0,0,34,15,19
COCHRAN COUNTY,079,10 Years,42,22,20,12,6,6,2,1,1,0,0,0,28,15,13
COCHRAN COUNTY,079,11 Years,44,22,22,13,9,4,2,1,1,1,0,1,28,12,16
COCHRAN COUNTY,079,12 Years,47,21,26,10,7,3,2,1,1,0,0,0,35,13,22
COCHRAN COUNTY,079,13 Years,50,28,22,10,6,4,0,0,0,0,0,0,40,22,18
COCHRAN COUNTY,079,14 Years,44,21,23,12,8,4,0,0,0,0,0,0,32,13,19
COCHRAN COUNTY,079,15 Years,35,14,21,8,4,4,1,0,1,0,0,0,26,10,16
COCHRAN COUNTY,079,16 Years,36,16,20,11,4,7,0,0,0,0,0,0,25,12,13
COCHRAN COUNTY,079,17 Years,51,28,23,17,8,9,1,1,0,1,0,1,32,19,13
COCHRAN COUNTY,079,18 Years,41,20,21,11,6,5,1,1,0,2,1,1,27,12,15
COCHRAN COUNTY,079,19 Years,41,23,18,12,5,7,2,1,1,2,2,0,25,15,10
COCHRAN COUNTY,079,20 Years,44,20,24,14,6,8,2,1,1,1,1,0,27,12,15
COCHRAN COUNTY,079,21 Years,41,21,20,11,6,5,2,2,0,0,0,0,28,13,15
COCHRAN COUNTY,079,22 Years,51,21,30,17,8,9,3,1,2,0,0,0,31,12,19
COCHRAN COUNTY,079,23 Years,55,24,31,18,8,10,3,0,3,0,0,0,34,16,18
COCHRAN COUNTY,079,24 Years,44,22,22,19,13,6,3,1,2,0,0,0,22,8,14
COCHRAN COUNTY,079,25 Years,50,27,23,22,12,10,2,1,1,1,0,1,25,14,11
COCHRAN COUNTY,079,26 Years,40,21,19,16,8,8,1,1,0,0,0,0,23,12,11
COCHRAN COUNTY,079,27 Years,40,21,19,18,11,7,1,1,0,0,0,0,21,9,12
COCHRAN COUNTY,079,28 Years,34,16,18,12,7,5,1,1,0,0,0,0,21,8,13
COCHRAN COUNTY,079,29 Years,37,19,18,12,5,7,0,0,0,0,0,0,25,14,11
COCHRAN COUNTY,079,30 Years,32,19,13,10,5,5,3,3,0,0,0,0,19,11,8
COCHRAN COUNTY,079,31 Years,35,20,15,14,8,6,1,1,0,0,0,0,20,11,9
COCHRAN COUNTY,079,32 Years,36,15,21,14,6,8,1,0,1,0,0,0,21,9,12
COCHRAN COUNTY,079,33 Years,23,10,13,10,5,5,1,0,1,0,0,0,12,5,7
COCHRAN COUNTY,079,34 Years,32,13,19,13,5,8,3,1,2,0,0,0,16,7,9
COCHRAN COUNTY,079,35 Years,38,20,18,8,5,3,2,0,2,0,0,0,28,15,13
COCHRAN COUNTY,079,36 Years,36,18,18,9,3,6,1,0,1,0,0,0,26,15,11
COCHRAN COUNTY,079,37 Years,25,16,9,8,4,4,0,0,0,0,0,0,17,12,5
COCHRAN COUNTY,079,38 Years,27,12,15,6,4,2,0,0,0,1,0,1,20,8,12
COCHRAN COUNTY,079,39 Years,28,15,13,11,6,5,0,0,0,0,0,0,17,9,8
COCHRAN COUNTY,079,40 Years,18,9,9,7,4,3,0,0,0,0,0,0,11,5,6
COCHRAN COUNTY,079,41 Years,21,10,11,8,4,4,0,0,0,0,0,0,13,6,7
COCHRAN COUNTY,079,42 Years,22,9,13,9,2,7,1,1,0,0,0,0,12,6,6
COCHRAN COUNTY,079,43 Years,23,8,15,12,4,8,0,0,0,0,0,0,11,4,7
COCHRAN COUNTY,079,44 Years,27,14,13,9,4,5,1,1,0,0,0,0,17,9,8
COCHRAN COUNTY,079,45 Years,33,17,16,9,4,5,1,1,0,0,0,0,23,12,11
COCHRAN COUNTY,079,46 Years,33,10,23,9,3,6,2,0,2,1,0,1,21,7,14
COCHRAN COUNTY,079,47 Years,29,14,15,9,3,6,1,1,0,0,0,0,19,10,9
COCHRAN COUNTY,079,48 Years,42,24,18,18,10,8,4,2,2,0,0,0,20,12,8
COCHRAN COUNTY,079,49 Years,31,19,12,13,9,4,2,0,2,1,0,1,15,10,5
COCHRAN COUNTY,079,50 Years,29,14,15,15,6,9,1,0,1,1,0,1,12,8,4
COCHRAN COUNTY,079,51 Years,38,17,21,16,6,10,1,1,0,0,0,0,21,10,11
COCHRAN COUNTY,079,52 Years,38,18,20,13,6,7,2,0,2,1,1,0,22,11,11
COCHRAN COUNTY,079,53 Years,47,25,22,20,11,9,2,0,2,1,0,1,24,14,10
COCHRAN COUNTY,079,54 Years,44,26,18,22,13,9,1,1,0,1,0,1,20,12,8
COCHRAN COUNTY,079,55 Years,39,20,19,21,11,10,2,0,2,1,0,1,15,9,6
COCHRAN COUNTY,079,56 Years,39,23,16,19,12,7,1,0,1,2,1,1,17,10,7
COCHRAN COUNTY,079,57 Years,37,18,19,18,8,10,3,2,1,0,0,0,16,8,8
COCHRAN COUNTY,079,58 Years,29,14,15,17,9,8,2,1,1,0,0,0,10,4,6
COCHRAN COUNTY,079,59 Years,35,12,23,21,9,12,3,1,2,0,0,0,11,2,9
COCHRAN COUNTY,079,60 Years,46,25,21,28,16,12,1,1,0,0,0,0,17,8,9
COCHRAN COUNTY,079,61 Years,43,22,21,28,16,12,1,0,1,0,0,0,14,6,8
COCHRAN COUNTY,079,62 Years,38,18,20,20,11,9,1,0,1,1,0,1,16,7,9
COCHRAN COUNTY,079,63 Years,29,15,14,16,8,8,1,0,1,0,0,0,12,7,5
COCHRAN COUNTY,079,64 Years,31,15,16,17,8,9,0,0,0,2,1,1,12,6,6
COCHRAN COUNTY,079,65 Years,30,17,13,17,10,7,1,0,1,1,0,1,11,7,4
COCHRAN COUNTY,079,66 Years,30,16,14,16,8,8,1,0,1,1,0,1,12,8,4
COCHRAN COUNTY,079,67 Years,32,17,15,11,7,4,2,1,1,1,0,1,18,9,9
COCHRAN COUNTY,079,68 Years,29,14,15,14,7,7,1,1,0,1,1,0,13,5,8
COCHRAN COUNTY,079,69 Years,31,15,16,19,9,10,2,1,1,0,0,0,10,5,5
COCHRAN COUNTY,079,70 Years,25,14,11,12,7,5,0,0,0,1,1,0,12,6,6
COCHRAN COUNTY,079,71 Years,25,13,12,15,6,9,1,1,0,0,0,0,9,6,3
COCHRAN COUNTY,079,72 Years,25,14,11,14,7,7,0,0,0,1,1,0,10,6,4
COCHRAN COUNTY,079,73 Years,20,11,9,10,5,5,0,0,0,1,1,0,9,5,4
COCHRAN COUNTY,079,74 Years,19,7,12,11,3,8,1,0,1,0,0,0,7,4,3
COCHRAN COUNTY,079,75 Years,28,12,16,18,8,10,2,2,0,0,0,0,8,2,6
COCHRAN COUNTY,079,76 Years,20,8,12,12,6,6,1,0,1,0,0,0,7,2,5
COCHRAN COUNTY,079,77 Years,22,9,13,13,6,7,1,0,1,1,0,1,7,3,4
COCHRAN COUNTY,079,78 Years,28,12,16,18,7,11,0,0,0,1,1,0,9,4,5
COCHRAN COUNTY,079,79 Years,23,11,12,16,8,8,0,0,0,0,0,0,7,3,4
COCHRAN COUNTY,079,80 Years,29,14,15,17,8,9,2,2,0,0,0,0,10,4,6
COCHRAN COUNTY,079,81 Years,21,13,8,12,7,5,2,1,1,0,0,0,7,5,2
COCHRAN COUNTY,079,82 Years,19,7,12,11,5,6,3,0,3,1,0,1,4,2,2
COCHRAN COUNTY,079,83 Years,17,5,12,10,3,7,2,0,2,1,1,0,4,1,3
COCHRAN COUNTY,079,84 Years,14,5,9,9,4,5,1,0,1,0,0,0,4,1,3
COCHRAN COUNTY,079,85 Years +,55,24,31,42,18,24,3,1,2,0,0,0,10,5,5
COKE COUNTY,081,All Ages,3245,1597,1648,2548,1240,1308,8,6,2,62,28,34,627,323,304
COKE COUNTY,081,< 1 Year,36,18,18,31,16,15,0,0,0,1,0,1,4,2,2
COKE COUNTY,081,1 Years,33,18,15,28,16,12,0,0,0,1,0,1,4,2,2
COKE COUNTY,081,2 Years,30,17,13,26,15,11,0,0,0,0,0,0,4,2,2
COKE COUNTY,081,3 Years,28,14,14,25,13,12,0,0,0,0,0,0,3,1,2
COKE COUNTY,081,4 Years,28,15,13,23,13,10,0,0,0,0,0,0,5,2,3
COKE COUNTY,081,5 Years,26,13,13,21,11,10,0,0,0,0,0,0,5,2,3
COKE COUNTY,081,6 Years,30,14,16,22,8,14,1,0,1,1,1,0,6,5,1
COKE COUNTY,081,7 Years,27,14,13,17,6,11,0,0,0,0,0,0,10,8,2
COKE COUNTY,081,8 Years,36,20,16,24,14,10,0,0,0,0,0,0,12,6,6
COKE COUNTY,081,9 Years,35,21,14,23,15,8,0,0,0,1,0,1,11,6,5
COKE COUNTY,081,10 Years,36,20,16,24,15,9,0,0,0,0,0,0,12,5,7
COKE COUNTY,081,11 Years,29,18,11,17,10,7,0,0,0,0,0,0,12,8,4
COKE COUNTY,081,12 Years,27,9,18,16,6,10,0,0,0,0,0,0,11,3,8
COKE COUNTY,081,13 Years,37,14,23,24,9,15,0,0,0,1,1,0,12,4,8
COKE COUNTY,081,14 Years,44,19,25,29,13,16,0,0,0,2,1,1,13,5,8
COKE COUNTY,081,15 Years,51,25,26,36,17,19,0,0,0,1,1,0,14,7,7
COKE COUNTY,081,16 Years,50,24,26,36,15,21,0,0,0,1,1,0,13,8,5
COKE COUNTY,081,17 Years,38,20,18,31,16,15,0,0,0,0,0,0,7,4,3
COKE COUNTY,081,18 Years,36,16,20,26,10,16,0,0,0,1,1,0,9,5,4
COKE COUNTY,081,19 Years,38,19,19,24,13,11,0,0,0,3,0,3,11,6,5
COKE COUNTY,081,20 Years,36,20,16,25,14,11,0,0,0,2,1,1,9,5,4
COKE COUNTY,081,21 Years,40,21,19,26,12,14,0,0,0,2,2,0,12,7,5
COKE COUNTY,081,22 Years,35,20,15,25,14,11,0,0,0,0,0,0,10,6,4
COKE COUNTY,081,23 Years,48,29,19,30,20,10,0,0,0,4,2,2,14,7,7
COKE COUNTY,081,24 Years,40,26,14,24,16,8,1,1,0,1,1,0,14,8,6
COKE COUNTY,081,25 Years,28,17,11,17,10,7,0,0,0,1,1,0,10,6,4
COKE COUNTY,081,26 Years,29,15,14,18,8,10,1,1,0,0,0,0,10,6,4
COKE COUNTY,081,27 Years,31,15,16,23,11,12,1,1,0,0,0,0,7,3,4
COKE COUNTY,081,28 Years,21,14,7,16,11,5,1,1,0,0,0,0,4,2,2
COKE COUNTY,081,29 Years,22,13,9,12,7,5,0,0,0,2,0,2,8,6,2
COKE COUNTY,081,30 Years,25,13,12,16,8,8,0,0,0,2,2,0,7,3,4
COKE COUNTY,081,31 Years,26,15,11,18,9,9,0,0,0,1,1,0,7,5,2
COKE COUNTY,081,32 Years,35,21,14,27,16,11,0,0,0,0,0,0,8,5,3
COKE COUNTY,081,33 Years,25,13,12,21,10,11,0,0,0,0,0,0,4,3,1
COKE COUNTY,081,34 Years,26,11,15,22,10,12,0,0,0,1,0,1,3,1,2
COKE COUNTY,081,35 Years,29,15,14,21,10,11,0,0,0,1,0,1,7,5,2
COKE COUNTY,081,36 Years,28,11,17,18,6,12,0,0,0,2,0,2,8,5,3
COKE COUNTY,081,37 Years,30,12,18,23,10,13,0,0,0,1,0,1,6,2,4
COKE COUNTY,081,38 Years,26,13,13,21,10,11,1,1,0,0,0,0,4,2,2
COKE COUNTY,081,39 Years,25,12,13,21,10,11,0,0,0,0,0,0,4,2,2
COKE COUNTY,081,40 Years,26,13,13,19,11,8,0,0,0,1,0,1,6,2,4
COKE COUNTY,081,41 Years,27,13,14,21,11,10,0,0,0,1,1,0,5,1,4
COKE COUNTY,081,42 Years,23,10,13,17,7,10,0,0,0,0,0,0,6,3,3
COKE COUNTY,081,43 Years,26,13,13,19,10,9,0,0,0,0,0,0,7,3,4
COKE COUNTY,081,44 Years,26,9,17,22,8,14,0,0,0,1,0,1,3,1,2
COKE COUNTY,081,45 Years,24,12,12,18,9,9,0,0,0,0,0,0,6,3,3
COKE COUNTY,081,46 Years,31,16,15,24,12,12,0,0,0,0,0,0,7,4,3
COKE COUNTY,081,47 Years,42,22,20,33,17,16,0,0,0,0,0,0,9,5,4
COKE COUNTY,081,48 Years,36,19,17,24,13,11,0,0,0,0,0,0,12,6,6
COKE COUNTY,081,49 Years,40,22,18,28,15,13,0,0,0,0,0,0,12,7,5
COKE COUNTY,081,50 Years,37,17,20,22,9,13,0,0,0,0,0,0,15,8,7
COKE COUNTY,081,51 Years,57,22,35,46,17,29,0,0,0,0,0,0,11,5,6
COKE COUNTY,081,52 Years,52,24,28,39,19,20,0,0,0,2,0,2,11,5,6
COKE COUNTY,081,53 Years,47,24,23,36,17,19,1,0,1,0,0,0,10,7,3
COKE COUNTY,081,54 Years,52,27,25,40,20,20,0,0,0,2,1,1,10,6,4
COKE COUNTY,081,55 Years,54,28,26,45,23,22,0,0,0,1,1,0,8,4,4
COKE COUNTY,081,56 Years,45,20,25,31,14,17,0,0,0,0,0,0,14,6,8
COKE COUNTY,081,57 Years,50,23,27,39,18,21,0,0,0,1,1,0,10,4,6
COKE COUNTY,081,58 Years,49,25,24,41,21,20,1,1,0,1,1,0,6,2,4
COKE COUNTY,081,59 Years,52,27,25,44,23,21,0,0,0,0,0,0,8,4,4
COKE COUNTY,081,60 Years,45,23,22,40,19,21,0,0,0,0,0,0,5,4,1
COKE COUNTY,081,61 Years,46,26,20,41,23,18,0,0,0,0,0,0,5,3,2
COKE COUNTY,081,62 Years,56,28,28,45,23,22,0,0,0,1,1,0,10,4,6
COKE COUNTY,081,63 Years,49,24,25,42,21,21,0,0,0,0,0,0,7,3,4
COKE COUNTY,081,64 Years,44,23,21,40,20,20,0,0,0,0,0,0,4,3,1
COKE COUNTY,081,65 Years,48,27,21,46,25,21,0,0,0,0,0,0,2,2,0
COKE COUNTY,081,66 Years,47,22,25,42,20,22,0,0,0,1,1,0,4,1,3
COKE COUNTY,081,67 Years,53,23,30,44,19,25,0,0,0,1,1,0,8,3,5
COKE COUNTY,081,68 Years,51,22,29,46,20,26,0,0,0,0,0,0,5,2,3
COKE COUNTY,081,69 Years,51,22,29,42,20,22,0,0,0,2,0,2,7,2,5
COKE COUNTY,081,70 Years,35,12,23,28,10,18,0,0,0,2,1,1,5,1,4
COKE COUNTY,081,71 Years,47,20,27,42,18,24,0,0,0,2,1,1,3,1,2
COKE COUNTY,081,72 Years,51,26,25,44,23,21,0,0,0,3,1,2,4,2,2
COKE COUNTY,081,73 Years,48,20,28,42,19,23,0,0,0,1,0,1,5,1,4
COKE COUNTY,081,74 Years,44,18,26,38,15,23,0,0,0,1,0,1,5,3,2
COKE COUNTY,081,75 Years,42,18,24,38,15,23,0,0,0,1,0,1,3,3,0
COKE COUNTY,081,76 Years,41,22,19,38,20,18,0,0,0,0,0,0,3,2,1
COKE COUNTY,081,77 Years,37,20,17,36,20,16,0,0,0,1,0,1,0,0,0
COKE COUNTY,081,78 Years,33,14,19,30,13,17,0,0,0,1,0,1,2,1,1
COKE COUNTY,081,79 Years,35,21,14,31,18,13,0,0,0,1,1,0,3,2,1
COKE COUNTY,081,80 Years,33,17,16,29,16,13,0,0,0,0,0,0,4,1,3
COKE COUNTY,081,81 Years,28,12,16,24,11,13,0,0,0,0,0,0,4,1,3
COKE COUNTY,081,82 Years,25,13,12,22,11,11,0,0,0,0,0,0,3,2,1
COKE COUNTY,081,83 Years,19,9,10,17,8,9,0,0,0,0,0,0,2,1,1
COKE COUNTY,081,84 Years,18,6,12,17,5,12,0,0,0,0,0,0,1,1,0
COKE COUNTY,081,85 Years +,123,49,74,109,41,68,0,0,0,1,0,1,13,8,5
COLEMAN COUNTY,083,All Ages,8657,4443,4214,6647,3410,3237,204,97,107,219,102,117,1587,834,753
COLEMAN COUNTY,083,< 1 Year,80,49,31,57,31,26,0,0,0,4,3,1,19,15,4
COLEMAN COUNTY,083,1 Years,84,43,41,54,32,22,6,1,5,7,3,4,17,7,10
COLEMAN COUNTY,083,2 Years,89,44,45,52,28,24,7,4,3,11,4,7,19,8,11
COLEMAN COUNTY,083,3 Years,100,48,52,59,32,27,6,3,3,11,3,8,24,10,14
COLEMAN COUNTY,083,4 Years,103,49,54,61,29,32,4,2,2,11,4,7,27,14,13
COLEMAN COUNTY,083,5 Years,114,60,54,67,34,33,5,1,4,8,5,3,34,20,14
COLEMAN COUNTY,083,6 Years,114,59,55,74,35,39,5,2,3,3,2,1,32,20,12
COLEMAN COUNTY,083,7 Years,94,44,50,65,29,36,2,1,1,2,0,2,25,14,11
COLEMAN COUNTY,083,8 Years,96,50,46,69,38,31,1,0,1,3,1,2,23,11,12
COLEMAN COUNTY,083,9 Years,109,54,55,67,33,34,2,1,1,4,1,3,36,19,17
COLEMAN COUNTY,083,10 Years,88,44,44,55,28,27,1,1,0,6,3,3,26,12,14
COLEMAN COUNTY,083,11 Years,101,55,46,70,39,31,2,1,1,3,2,1,26,13,13
COLEMAN COUNTY,083,12 Years,106,59,47,73,39,34,2,2,0,4,3,1,27,15,12
COLEMAN COUNTY,083,13 Years,111,56,55,79,41,38,3,0,3,2,1,1,27,14,13
COLEMAN COUNTY,083,14 Years,102,55,47,71,42,29,2,1,1,1,1,0,28,11,17
COLEMAN COUNTY,083,15 Years,104,58,46,77,44,33,2,1,1,1,1,0,24,12,12
COLEMAN COUNTY,083,16 Years,107,63,44,71,45,26,6,2,4,5,5,0,25,11,14
COLEMAN COUNTY,083,17 Years,126,80,46,87,58,29,2,1,1,3,2,1,34,19,15
COLEMAN COUNTY,083,18 Years,108,58,50,73,40,33,0,0,0,5,4,1,30,14,16
COLEMAN COUNTY,083,19 Years,95,48,47,63,30,33,3,3,0,3,2,1,26,13,13
COLEMAN COUNTY,083,20 Years,100,51,49,70,36,34,1,1,0,2,2,0,27,12,15
COLEMAN COUNTY,083,21 Years,84,49,35,54,31,23,1,1,0,1,1,0,28,16,12
COLEMAN COUNTY,083,22 Years,93,50,43,66,35,31,3,1,2,1,0,1,23,14,9
COLEMAN COUNTY,083,23 Years,121,64,57,84,41,43,5,3,2,3,1,2,29,19,10
COLEMAN COUNTY,083,24 Years,121,55,66,88,39,49,2,1,1,1,1,0,30,14,16
COLEMAN COUNTY,083,25 Years,98,50,48,73,35,38,4,3,1,1,0,1,20,12,8
COLEMAN COUNTY,083,26 Years,91,43,48,67,31,36,3,2,1,1,0,1,20,10,10
COLEMAN COUNTY,083,27 Years,83,45,38,57,32,25,1,1,0,1,0,1,24,12,12
COLEMAN COUNTY,083,28 Years,81,44,37,53,25,28,1,1,0,2,1,1,25,17,8
COLEMAN COUNTY,083,29 Years,81,36,45,57,19,38,3,1,2,2,1,1,19,15,4
COLEMAN COUNTY,083,30 Years,82,35,47,55,21,34,1,0,1,2,1,1,24,13,11
COLEMAN COUNTY,083,31 Years,68,34,34,49,23,26,0,0,0,1,0,1,18,11,7
COLEMAN COUNTY,083,32 Years,76,43,33,56,32,24,1,0,1,2,2,0,17,9,8
COLEMAN COUNTY,083,33 Years,72,36,36,50,26,24,2,1,1,3,1,2,17,8,9
COLEMAN COUNTY,083,34 Years,66,34,32,50,27,23,1,0,1,3,1,2,12,6,6
COLEMAN COUNTY,083,35 Years,67,37,30,51,29,22,1,0,1,0,0,0,15,8,7
COLEMAN COUNTY,083,36 Years,66,38,28,43,24,19,1,0,1,2,1,1,20,13,7
COLEMAN COUNTY,083,37 Years,73,42,31,51,28,23,1,1,0,0,0,0,21,13,8
COLEMAN COUNTY,083,38 Years,67,34,33,50,26,24,2,1,1,0,0,0,15,7,8
COLEMAN COUNTY,083,39 Years,83,37,46,65,30,35,1,0,1,2,0,2,15,7,8
COLEMAN COUNTY,083,40 Years,86,39,47,64,31,33,2,0,2,2,0,2,18,8,10
COLEMAN COUNTY,083,41 Years,89,43,46,66,34,32,2,1,1,1,0,1,20,8,12
COLEMAN COUNTY,083,42 Years,91,45,46,70,36,34,2,2,0,2,1,1,17,6,11
COLEMAN COUNTY,083,43 Years,92,42,50,69,32,37,1,1,0,3,2,1,19,7,12
COLEMAN COUNTY,083,44 Years,98,45,53,74,33,41,4,2,2,1,0,1,19,10,9
COLEMAN COUNTY,083,45 Years,114,59,55,90,46,44,2,1,1,3,1,2,19,11,8
COLEMAN COUNTY,083,46 Years,103,53,50,83,41,42,2,2,0,2,0,2,16,10,6
COLEMAN COUNTY,083,47 Years,95,55,40,70,41,29,2,1,1,1,0,1,22,13,9
COLEMAN COUNTY,083,48 Years,99,52,47,71,38,33,3,1,2,4,1,3,21,12,9
COLEMAN COUNTY,083,49 Years,92,55,37,69,42,27,1,0,1,5,1,4,17,12,5
COLEMAN COUNTY,083,50 Years,90,51,39,68,38,30,3,2,1,1,0,1,18,11,7
COLEMAN COUNTY,083,51 Years,96,56,40,71,42,29,3,1,2,2,1,1,20,12,8
COLEMAN COUNTY,083,52 Years,126,68,58,100,54,46,4,2,2,2,0,2,20,12,8
COLEMAN COUNTY,083,53 Years,118,60,58,97,50,47,3,1,2,2,0,2,16,9,7
COLEMAN COUNTY,083,54 Years,125,68,57,104,57,47,3,2,1,1,0,1,17,9,8
COLEMAN COUNTY,083,55 Years,131,68,63,104,56,48,2,1,1,2,0,2,23,11,12
COLEMAN COUNTY,083,56 Years,140,80,60,121,69,52,4,3,1,1,0,1,14,8,6
COLEMAN COUNTY,083,57 Years,140,74,66,121,64,57,3,1,2,3,1,2,13,8,5
COLEMAN COUNTY,083,58 Years,132,68,64,111,58,53,4,0,4,5,2,3,12,8,4
COLEMAN COUNTY,083,59 Years,120,65,55,101,54,47,3,1,2,4,3,1,12,7,5
COLEMAN COUNTY,083,60 Years,145,80,65,128,71,57,4,3,1,3,3,0,10,3,7
COLEMAN COUNTY,083,61 Years,142,76,66,124,70,54,3,1,2,4,2,2,11,3,8
COLEMAN COUNTY,083,62 Years,129,65,64,114,58,56,4,3,1,2,2,0,9,2,7
COLEMAN COUNTY,083,63 Years,116,54,62,102,47,55,2,1,1,1,1,0,11,5,6
COLEMAN COUNTY,083,64 Years,117,54,63,101,46,55,2,1,1,2,1,1,12,6,6
COLEMAN COUNTY,083,65 Years,115,53,62,102,47,55,4,3,1,2,0,2,7,3,4
COLEMAN COUNTY,083,66 Years,121,56,65,103,47,56,1,1,0,1,0,1,16,8,8
COLEMAN COUNTY,083,67 Years,135,67,68,115,58,57,3,1,2,2,0,2,15,8,7
COLEMAN COUNTY,083,68 Years,147,73,74,127,61,66,1,0,1,1,0,1,18,12,6
COLEMAN COUNTY,083,69 Years,126,66,60,108,56,52,2,1,1,1,0,1,15,9,6
COLEMAN COUNTY,083,70 Years,110,64,46,89,51,38,1,1,0,3,2,1,17,10,7
COLEMAN COUNTY,083,71 Years,115,58,57,91,45,46,3,2,1,3,3,0,18,8,10
COLEMAN COUNTY,083,72 Years,107,51,56,88,43,45,2,1,1,3,2,1,14,5,9
COLEMAN COUNTY,083,73 Years,98,58,40,84,51,33,2,1,1,1,1,0,11,5,6
COLEMAN COUNTY,083,74 Years,96,58,38,79,47,32,1,1,0,1,0,1,15,10,5
COLEMAN COUNTY,083,75 Years,91,48,43,75,41,34,1,0,1,1,0,1,14,7,7
COLEMAN COUNTY,083,76 Years,82,40,42,71,35,36,1,1,0,1,1,0,9,3,6
COLEMAN COUNTY,083,77 Years,76,35,41,64,30,34,3,2,1,1,0,1,8,3,5
COLEMAN COUNTY,083,78 Years,77,40,37,68,35,33,3,1,2,1,1,0,5,3,2
COLEMAN COUNTY,083,79 Years,70,36,34,59,29,30,2,1,1,3,2,1,6,4,2
COLEMAN COUNTY,083,80 Years,69,32,37,60,28,32,1,0,1,1,1,0,7,3,4
COLEMAN COUNTY,083,81 Years,65,29,36,57,25,32,1,0,1,1,1,0,6,3,3
COLEMAN COUNTY,083,82 Years,54,24,30,47,21,26,1,0,1,1,1,0,5,2,3
COLEMAN COUNTY,083,83 Years,51,22,29,46,20,26,1,0,1,1,1,0,3,1,2
COLEMAN COUNTY,083,84 Years,50,20,30,47,19,28,1,0,1,0,0,0,2,1,1
COLEMAN COUNTY,083,85 Years +,272,105,167,241,96,145,5,1,4,4,1,3,22,7,15
COLLIN COUNTY,085,All Ages,959054,469864,489190,545818,268413,277405,89991,41735,48256,155704,75836,79868,167541,83880,83661
COLLIN COUNTY,085,< 1 Year,10964,5579,5385,5119,2608,2511,1027,510,517,2455,1247,1208,2363,1214,1149
COLLIN COUNTY,085,1 Years,11014,5617,5397,5240,2661,2579,1007,507,500,2415,1242,1173,2352,1207,1145
COLLIN COUNTY,085,2 Years,10989,5578,5411,5384,2732,2652,989,502,487,2308,1181,1127,2308,1163,1145
COLLIN COUNTY,085,3 Years,10955,5576,5379,5389,2745,2644,984,497,487,2292,1183,1109,2290,1151,1139
COLLIN COUNTY,085,4 Years,11036,5622,5414,5439,2784,2655,988,496,492,2310,1183,1127,2299,1159,1140
COLLIN COUNTY,085,5 Years,11407,5854,5553,5546,2853,2693,1020,508,512,2424,1250,1174,2417,1243,1174
COLLIN COUNTY,085,6 Years,12262,6217,6045,5977,3051,2926,1077,517,560,2557,1294,1263,2651,1355,1296
COLLIN COUNTY,085,7 Years,12671,6452,6219,6121,3162,2959,1068,527,541,2675,1336,1339,2807,1427,1380
COLLIN COUNTY,085,8 Years,13596,6863,6733,6585,3361,3224,1172,597,575,2876,1408,1468,2963,1497,1466
COLLIN COUNTY,085,9 Years,14302,7250,7052,6986,3581,3405,1254,646,608,2949,1453,1496,3113,1570,1543
COLLIN COUNTY,085,10 Years,15148,7684,7464,7453,3847,3606,1360,693,667,3015,1474,1541,3320,1670,1650
COLLIN COUNTY,085,11 Years,15922,8117,7805,7861,4056,3805,1465,741,724,3047,1506,1541,3549,1814,1735
COLLIN COUNTY,085,12 Years,16438,8428,8010,8083,4186,3897,1506,779,727,3183,1582,1601,3666,1881,1785
COLLIN COUNTY,085,13 Years,16732,8556,8176,8236,4253,3983,1575,829,746,3207,1602,1605,3714,1872,1842
COLLIN COUNTY,085,14 Years,16955,8613,8342,8317,4248,4069,1654,852,802,3221,1629,1592,3763,1884,1879
COLLIN COUNTY,085,15 Years,17047,8669,8378,8310,4258,4052,1730,861,869,3175,1626,1549,3832,1924,1908
COLLIN COUNTY,085,16 Years,16995,8590,8405,8333,4225,4108,1737,849,888,3158,1632,1526,3767,1884,1883
COLLIN COUNTY,085,17 Years,16355,8370,7985,8045,4156,3889,1742,874,868,2969,1534,1435,3599,1806,1793
COLLIN COUNTY,085,18 Years,15211,7856,7355,7355,3820,3535,1685,876,809,2720,1400,1320,3451,1760,1691
COLLIN COUNTY,085,19 Years,13540,6895,6645,6329,3209,3120,1553,775,778,2454,1259,1195,3204,1652,1552
COLLIN COUNTY,085,20 Years,12737,6551,6186,5963,3093,2870,1503,759,744,2195,1096,1099,3076,1603,1473
COLLIN COUNTY,085,21 Years,12314,6402,5912,5739,2992,2747,1551,794,757,1997,1019,978,3027,1597,1430
COLLIN COUNTY,085,22 Years,11797,6112,5685,5527,2847,2680,1536,770,766,1830,940,890,2904,1555,1349
COLLIN COUNTY,085,23 Years,11614,5927,5687,5612,2816,2796,1511,744,767,1731,875,856,2760,1492,1268
COLLIN COUNTY,085,24 Years,11035,5713,5322,5381,2756,2625,1402,687,715,1578,794,784,2674,1476,1198
COLLIN COUNTY,085,25 Years,9759,5099,4660,4555,2382,2173,1251,602,649,1358,691,667,2595,1424,1171
COLLIN COUNTY,085,26 Years,9344,4840,4504,4403,2275,2128,1149,558,591,1256,636,620,2536,1371,1165
COLLIN COUNTY,085,27 Years,9107,4758,4349,4336,2243,2093,1049,510,539,1292,664,628,2430,1341,1089
COLLIN COUNTY,085,28 Years,9438,4788,4650,4579,2255,2324,997,478,519,1375,667,708,2487,1388,1099
COLLIN COUNTY,085,29 Years,10146,5161,4985,5172,2550,2622,1025,500,525,1424,676,748,2525,1435,1090
COLLIN COUNTY,085,30 Years,10981,5534,5447,5904,2933,2971,1007,474,533,1482,704,778,2588,1423,1165
COLLIN COUNTY,085,31 Years,11670,5823,5847,6427,3182,3245,1032,476,556,1629,772,857,2582,1393,1189
COLLIN COUNTY,085,32 Years,12266,6055,6211,6771,3323,3448,1109,509,600,1777,853,924,2609,1370,1239
COLLIN COUNTY,085,33 Years,13421,6601,6820,7428,3677,3751,1279,572,707,1919,926,993,2795,1426,1369
COLLIN COUNTY,085,34 Years,14047,6854,7193,7834,3876,3958,1281,564,717,2040,945,1095,2892,1469,1423
COLLIN COUNTY,085,35 Years,14484,7013,7471,8096,4006,4090,1397,583,814,2108,977,1131,2883,1447,1436
COLLIN COUNTY,085,36 Years,15014,7206,7808,8373,4121,4252,1489,619,870,2242,1026,1216,2910,1440,1470
COLLIN COUNTY,085,37 Years,15038,7169,7869,8308,4052,4256,1456,612,844,2413,1090,1323,2861,1415,1446
COLLIN COUNTY,085,38 Years,15329,7280,8049,8474,4206,4268,1395,560,835,2535,1096,1439,2925,1418,1507
COLLIN COUNTY,085,39 Years,15425,7220,8205,8323,4070,4253,1452,606,846,2668,1151,1517,2982,1393,1589
COLLIN COUNTY,085,40 Years,15605,7264,8341,8225,4048,4177,1585,649,936,2795,1198,1597,3000,1369,1631
COLLIN COUNTY,085,41 Years,16081,7537,8544,8482,4150,4332,1692,706,986,2936,1308,1628,2971,1373,1598
COLLIN COUNTY,085,42 Years,16040,7610,8430,8433,4188,4245,1746,739,1007,2942,1331,1611,2919,1352,1567
COLLIN COUNTY,085,43 Years,16198,7740,8458,8585,4288,4297,1784,769,1015,2985,1364,1621,2844,1319,1525
COLLIN COUNTY,085,44 Years,16776,8048,8728,9181,4611,4570,1833,799,1034,3037,1401,1636,2725,1237,1488
COLLIN COUNTY,085,45 Years,17332,8338,8994,9769,4844,4925,1859,812,1047,3047,1466,1581,2657,1216,1441
COLLIN COUNTY,085,46 Years,16820,8205,8615,9492,4674,4818,1718,791,927,3069,1539,1530,2541,1201,1340
COLLIN COUNTY,085,47 Years,15939,7872,8067,9125,4547,4578,1592,727,865,2922,1483,1439,2300,1115,1185
COLLIN COUNTY,085,48 Years,14917,7342,7575,8587,4280,4307,1511,664,847,2659,1357,1302,2160,1041,1119
COLLIN COUNTY,085,49 Years,14219,7045,7174,8275,4131,4144,1435,639,796,2442,1258,1184,2067,1017,1050
COLLIN COUNTY,085,50 Years,14060,6917,7143,8263,4035,4228,1410,645,765,2396,1246,1150,1991,991,1000
COLLIN COUNTY,085,51 Years,14503,7108,7395,8829,4320,4509,1443,644,799,2315,1208,1107,1916,936,980
COLLIN COUNTY,085,52 Years,14593,7243,7350,9118,4575,4543,1418,633,785,2248,1158,1090,1809,877,932
COLLIN COUNTY,085,53 Years,14244,7010,7234,9141,4542,4599,1395,642,753,2059,1046,1013,1649,780,869
COLLIN COUNTY,085,54 Years,13650,6749,6901,8985,4489,4496,1351,614,737,1776,908,868,1538,738,800
COLLIN COUNTY,085,55 Years,13177,6508,6669,8844,4417,4427,1284,586,698,1648,836,812,1401,669,732
COLLIN COUNTY,085,56 Years,12625,6291,6334,8586,4317,4269,1203,558,645,1528,768,760,1308,648,660
COLLIN COUNTY,085,57 Years,11843,5865,5978,8143,4111,4032,1091,488,603,1404,699,705,1205,567,638
COLLIN COUNTY,085,58 Years,11183,5394,5789,7771,3765,4006,994,429,565,1325,667,658,1093,533,560
COLLIN COUNTY,085,59 Years,10756,5193,5563,7520,3684,3836,935,396,539,1303,622,681,998,491,507
COLLIN COUNTY,085,60 Years,10049,4805,5244,7040,3393,3647,855,391,464,1248,594,654,906,427,479
COLLIN COUNTY,085,61 Years,9650,4565,5085,6852,3240,3612,750,349,401,1174,554,620,874,422,452
COLLIN COUNTY,085,62 Years,9063,4276,4787,6507,3105,3402,678,307,371,1095,492,603,783,372,411
COLLIN COUNTY,085,63 Years,8622,4047,4575,6199,2977,3222,636,265,371,1080,475,605,707,330,377
COLLIN COUNTY,085,64 Years,8115,3719,4396,5908,2771,3137,581,227,354,1005,434,571,621,287,334
COLLIN COUNTY,085,65 Years,7668,3469,4199,5526,2536,2990,561,226,335,1017,445,572,564,262,302
COLLIN COUNTY,085,66 Years,7426,3351,4075,5366,2452,2914,519,216,303,992,425,567,549,258,291
COLLIN COUNTY,085,67 Years,7319,3292,4027,5481,2519,2962,477,179,298,873,388,485,488,206,282
COLLIN COUNTY,085,68 Years,7323,3287,4036,5622,2578,3044,439,173,266,830,363,467,432,173,259
COLLIN COUNTY,085,69 Years,7186,3279,3907,5608,2613,2995,386,170,216,785,331,454,407,165,242
COLLIN COUNTY,085,70 Years,5820,2666,3154,4462,2080,2382,320,144,176,661,290,371,377,152,225
COLLIN COUNTY,085,71 Years,5219,2387,2832,3996,1848,2148,265,111,154,607,280,327,351,148,203
COLLIN COUNTY,085,72 Years,5025,2259,2766,3912,1770,2142,232,101,131,553,247,306,328,141,187
COLLIN COUNTY,085,73 Years,4881,2237,2644,3832,1784,2048,209,89,120,536,233,303,304,131,173
COLLIN COUNTY,085,74 Years,4384,1993,2391,3443,1590,1853,182,77,105,493,215,278,266,111,155
COLLIN COUNTY,085,75 Years,3843,1688,2155,3008,1325,1683,162,64,98,446,195,251,227,104,123
COLLIN COUNTY,085,76 Years,3545,1561,1984,2773,1221,1552,133,51,82,442,199,243,197,90,107
COLLIN COUNTY,085,77 Years,3261,1448,1813,2528,1128,1400,109,43,66,426,197,229,198,80,118
COLLIN COUNTY,085,78 Years,2991,1318,1673,2339,1036,1303,105,38,67,357,164,193,190,80,110
COLLIN COUNTY,085,79 Years,2695,1169,1526,2122,929,1193,90,34,56,323,139,184,160,67,93
COLLIN COUNTY,085,80 Years,2517,1062,1455,1995,844,1151,88,29,59,292,129,163,142,60,82
COLLIN COUNTY,085,81 Years,2272,919,1353,1826,731,1095,72,23,49,232,101,131,142,64,78
COLLIN COUNTY,085,82 Years,2003,799,1204,1644,658,986,51,9,42,190,83,107,118,49,69
COLLIN COUNTY,085,83 Years,1767,704,1063,1462,587,875,47,10,37,167,71,96,91,36,55
COLLIN COUNTY,085,84 Years,1587,618,969,1318,520,798,45,11,34,143,59,84,81,28,53
COLLIN COUNTY,085,85 Years +,9757,3175,6582,8382,2711,5671,256,55,201,642,251,391,477,158,319
COLLINGSWORTH COUNTY,087,All Ages,2950,1438,1512,1755,865,890,126,53,73,80,40,40,989,480,509
COLLINGSWORTH COUNTY,087,< 1 Year,35,17,18,17,8,9,2,1,1,0,0,0,16,8,8
COLLINGSWORTH COUNTY,087,1 Years,31,14,17,15,7,8,2,0,2,0,0,0,14,7,7
COLLINGSWORTH COUNTY,087,2 Years,32,12,20,15,7,8,2,0,2,3,1,2,12,4,8
COLLINGSWORTH COUNTY,087,3 Years,37,12,25,17,6,11,3,1,2,0,0,0,17,5,12
COLLINGSWORTH COUNTY,087,4 Years,46,18,28,24,9,15,1,0,1,0,0,0,21,9,12
COLLINGSWORTH COUNTY,087,5 Years,49,23,26,21,9,12,2,1,1,1,1,0,25,12,13
COLLINGSWORTH COUNTY,087,6 Years,55,25,30,22,12,10,2,0,2,3,1,2,28,12,16
COLLINGSWORTH COUNTY,087,7 Years,50,23,27,24,13,11,0,0,0,3,0,3,23,10,13
COLLINGSWORTH COUNTY,087,8 Years,45,20,25,20,7,13,0,0,0,0,0,0,25,13,12
COLLINGSWORTH COUNTY,087,9 Years,51,29,22,25,13,12,0,0,0,0,0,0,26,16,10
COLLINGSWORTH COUNTY,087,10 Years,48,27,21,17,9,8,0,0,0,0,0,0,31,18,13
COLLINGSWORTH COUNTY,087,11 Years,46,24,22,16,8,8,2,1,1,1,1,0,27,14,13
COLLINGSWORTH COUNTY,087,12 Years,36,16,20,15,6,9,1,0,1,2,2,0,18,8,10
COLLINGSWORTH COUNTY,087,13 Years,42,21,21,18,9,9,1,0,1,3,2,1,20,10,10
COLLINGSWORTH COUNTY,087,14 Years,51,22,29,20,9,11,2,1,1,3,1,2,26,11,15
COLLINGSWORTH COUNTY,087,15 Years,45,24,21,16,8,8,2,1,1,2,1,1,25,14,11
COLLINGSWORTH COUNTY,087,16 Years,41,25,16,19,11,8,1,0,1,1,0,1,20,14,6
COLLINGSWORTH COUNTY,087,17 Years,41,24,17,19,9,10,2,1,1,1,0,1,19,14,5
COLLINGSWORTH COUNTY,087,18 Years,37,18,19,22,10,12,2,2,0,2,1,1,11,5,6
COLLINGSWORTH COUNTY,087,19 Years,43,24,19,22,12,10,2,1,1,2,2,0,17,9,8
COLLINGSWORTH COUNTY,087,20 Years,45,21,24,20,9,11,2,1,1,0,0,0,23,11,12
COLLINGSWORTH COUNTY,087,21 Years,36,21,15,16,10,6,1,1,0,0,0,0,19,10,9
COLLINGSWORTH COUNTY,087,22 Years,42,21,21,25,14,11,2,1,1,1,0,1,14,6,8
COLLINGSWORTH COUNTY,087,23 Years,43,24,19,23,13,10,1,1,0,1,1,0,18,9,9
COLLINGSWORTH COUNTY,087,24 Years,44,25,19,21,15,6,3,1,2,2,1,1,18,8,10
COLLINGSWORTH COUNTY,087,25 Years,27,13,14,11,6,5,2,0,2,1,0,1,13,7,6
COLLINGSWORTH COUNTY,087,26 Years,29,16,13,13,7,6,1,0,1,0,0,0,15,9,6
COLLINGSWORTH COUNTY,087,27 Years,25,12,13,12,6,6,1,0,1,2,1,1,10,5,5
COLLINGSWORTH COUNTY,087,28 Years,29,13,16,15,8,7,0,0,0,1,0,1,13,5,8
COLLINGSWORTH COUNTY,087,29 Years,26,16,10,15,9,6,0,0,0,1,1,0,10,6,4
COLLINGSWORTH COUNTY,087,30 Years,34,17,17,19,8,11,2,2,0,1,1,0,12,6,6
COLLINGSWORTH COUNTY,087,31 Years,38,16,22,21,10,11,3,2,1,0,0,0,14,4,10
COLLINGSWORTH COUNTY,087,32 Years,35,17,18,17,11,6,2,1,1,1,1,0,15,4,11
COLLINGSWORTH COUNTY,087,33 Years,30,15,15,15,8,7,1,1,0,1,0,1,13,6,7
COLLINGSWORTH COUNTY,087,34 Years,27,18,9,12,7,5,1,0,1,1,1,0,13,10,3
COLLINGSWORTH COUNTY,087,35 Years,30,19,11,14,9,5,2,2,0,1,0,1,13,8,5
COLLINGSWORTH COUNTY,087,36 Years,36,17,19,19,12,7,1,0,1,1,0,1,15,5,10
COLLINGSWORTH COUNTY,087,37 Years,30,16,14,16,8,8,0,0,0,1,1,0,13,7,6
COLLINGSWORTH COUNTY,087,38 Years,30,17,13,17,10,7,2,1,1,0,0,0,11,6,5
COLLINGSWORTH COUNTY,087,39 Years,30,14,16,19,10,9,1,0,1,0,0,0,10,4,6
COLLINGSWORTH COUNTY,087,40 Years,30,14,16,18,8,10,1,0,1,1,1,0,10,5,5
COLLINGSWORTH COUNTY,087,41 Years,31,16,15,18,11,7,2,1,1,0,0,0,11,4,7
COLLINGSWORTH COUNTY,087,42 Years,24,12,12,17,9,8,0,0,0,0,0,0,7,3,4
COLLINGSWORTH COUNTY,087,43 Years,28,15,13,19,10,9,1,0,1,0,0,0,8,5,3
COLLINGSWORTH COUNTY,087,44 Years,27,14,13,14,7,7,1,0,1,0,0,0,12,7,5
COLLINGSWORTH COUNTY,087,45 Years,26,9,17,14,5,9,1,0,1,0,0,0,11,4,7
COLLINGSWORTH COUNTY,087,46 Years,26,12,14,14,7,7,1,0,1,0,0,0,11,5,6
COLLINGSWORTH COUNTY,087,47 Years,29,14,15,20,8,12,1,1,0,1,0,1,7,5,2
COLLINGSWORTH COUNTY,087,48 Years,29,12,17,18,8,10,3,0,3,2,1,1,6,3,3
COLLINGSWORTH COUNTY,087,49 Years,34,19,15,21,13,8,1,0,1,2,0,2,10,6,4
COLLINGSWORTH COUNTY,087,50 Years,35,18,17,21,11,10,1,1,0,1,1,0,12,5,7
COLLINGSWORTH COUNTY,087,51 Years,43,19,24,24,13,11,1,0,1,2,1,1,16,5,11
COLLINGSWORTH COUNTY,087,52 Years,37,16,21,23,11,12,2,0,2,2,1,1,10,4,6
COLLINGSWORTH COUNTY,087,53 Years,34,16,18,24,12,12,1,0,1,1,0,1,8,4,4
COLLINGSWORTH COUNTY,087,54 Years,35,19,16,21,13,8,3,2,1,1,1,0,10,3,7
COLLINGSWORTH COUNTY,087,55 Years,45,16,29,29,11,18,1,1,0,3,1,2,12,3,9
COLLINGSWORTH COUNTY,087,56 Years,40,22,18,26,14,12,3,2,1,2,2,0,9,4,5
COLLINGSWORTH COUNTY,087,57 Years,42,21,21,29,14,15,3,2,1,1,1,0,9,4,5
COLLINGSWORTH COUNTY,087,58 Years,33,14,19,25,12,13,0,0,0,0,0,0,8,2,6
COLLINGSWORTH COUNTY,087,59 Years,32,16,16,22,11,11,0,0,0,1,0,1,9,5,4
COLLINGSWORTH COUNTY,087,60 Years,45,22,23,32,14,18,3,1,2,2,1,1,8,6,2
COLLINGSWORTH COUNTY,087,61 Years,45,23,22,30,16,14,4,2,2,2,0,2,9,5,4
COLLINGSWORTH COUNTY,087,62 Years,42,25,17,33,20,13,3,2,1,0,0,0,6,3,3
COLLINGSWORTH COUNTY,087,63 Years,33,18,15,25,12,13,1,1,0,0,0,0,7,5,2
COLLINGSWORTH COUNTY,087,64 Years,29,13,16,23,12,11,0,0,0,0,0,0,6,1,5
COLLINGSWORTH COUNTY,087,65 Years,35,15,20,24,11,13,4,3,1,2,1,1,5,0,5
COLLINGSWORTH COUNTY,087,66 Years,31,18,13,22,12,10,2,1,1,2,1,1,5,4,1
COLLINGSWORTH COUNTY,087,67 Years,29,16,13,19,10,9,1,0,1,3,2,1,6,4,2
COLLINGSWORTH COUNTY,087,68 Years,33,13,20,29,11,18,1,0,1,1,1,0,2,1,1
COLLINGSWORTH COUNTY,087,69 Years,38,16,22,33,14,19,2,0,2,0,0,0,3,2,1
COLLINGSWORTH COUNTY,087,70 Years,26,11,15,21,9,12,2,0,2,0,0,0,3,2,1
COLLINGSWORTH COUNTY,087,71 Years,21,11,10,19,10,9,0,0,0,0,0,0,2,1,1
COLLINGSWORTH COUNTY,087,72 Years,31,18,13,26,16,10,1,0,1,0,0,0,4,2,2
COLLINGSWORTH COUNTY,087,73 Years,26,10,16,22,9,13,1,0,1,0,0,0,3,1,2
COLLINGSWORTH COUNTY,087,74 Years,30,13,17,24,10,14,3,2,1,1,0,1,2,1,1
COLLINGSWORTH COUNTY,087,75 Years,29,16,13,25,13,12,2,1,1,0,0,0,2,2,0
COLLINGSWORTH COUNTY,087,76 Years,26,11,15,22,10,12,1,0,1,0,0,0,3,1,2
COLLINGSWORTH COUNTY,087,77 Years,20,10,10,16,8,8,3,1,2,0,0,0,1,1,0
COLLINGSWORTH COUNTY,087,78 Years,18,11,7,16,10,6,1,1,0,0,0,0,1,0,1
COLLINGSWORTH COUNTY,087,79 Years,17,8,9,14,6,8,1,1,0,1,0,1,1,1,0
COLLINGSWORTH COUNTY,087,80 Years,16,7,9,14,6,8,0,0,0,0,0,0,2,1,1
COLLINGSWORTH COUNTY,087,81 Years,18,6,12,15,5,10,1,1,0,0,0,0,2,0,2
COLLINGSWORTH COUNTY,087,82 Years,15,6,9,13,6,7,1,0,1,0,0,0,1,0,1
COLLINGSWORTH COUNTY,087,83 Years,15,7,8,12,5,7,1,1,0,1,1,0,1,0,1
COLLINGSWORTH COUNTY,087,84 Years,15,7,8,11,5,6,1,1,0,1,1,0,2,0,2
COLLINGSWORTH COUNTY,087,85 Years +,80,27,53,74,25,49,2,0,2,1,1,0,3,1,2
COLORADO COUNTY,089,All Ages,21934,10989,10945,12156,6027,6129,2839,1401,1438,406,170,236,6533,3391,3142
COLORADO COUNTY,089,< 1 Year,261,126,135,85,46,39,32,14,18,17,5,12,127,61,66
COLORADO COUNTY,089,1 Years,265,125,140,89,44,45,34,16,18,13,4,9,129,61,68
COLORADO COUNTY,089,2 Years,263,128,135,85,42,43,34,19,15,13,4,9,131,63,68
COLORADO COUNTY,089,3 Years,255,124,131,83,39,44,30,17,13,14,4,10,128,64,64
COLORADO COUNTY,089,4 Years,250,123,127,80,40,40,27,16,11,18,4,14,125,63,62
COLORADO COUNTY,089,5 Years,266,126,140,82,41,41,32,16,16,25,4,21,127,65,62
COLORADO COUNTY,089,6 Years,296,162,134,99,55,44,40,17,23,8,2,6,149,88,61
COLORADO COUNTY,089,7 Years,265,144,121,89,50,39,33,15,18,7,4,3,136,75,61
COLORADO COUNTY,089,8 Years,272,138,134,97,44,53,30,16,14,11,7,4,134,71,63
COLORADO COUNTY,089,9 Years,276,146,130,94,48,46,36,20,16,12,5,7,134,73,61
COLORADO COUNTY,089,10 Years,277,141,136,96,47,49,32,20,12,12,4,8,137,70,67
COLORADO COUNTY,089,11 Years,266,136,130,97,52,45,31,15,16,10,4,6,128,65,63
COLORADO COUNTY,089,12 Years,276,144,132,102,60,42,35,14,21,7,4,3,132,66,66
COLORADO COUNTY,089,13 Years,283,143,140,112,63,49,39,17,22,6,2,4,126,61,65
COLORADO COUNTY,089,14 Years,277,141,136,104,60,44,35,17,18,9,5,4,129,59,70
COLORADO COUNTY,089,15 Years,299,158,141,114,63,51,51,28,23,5,3,2,129,64,65
COLORADO COUNTY,089,16 Years,301,159,142,121,64,57,56,27,29,4,1,3,120,67,53
COLORADO COUNTY,089,17 Years,290,159,131,125,69,56,50,29,21,4,3,1,111,58,53
COLORADO COUNTY,089,18 Years,289,154,135,124,65,59,43,25,18,5,3,2,117,61,56
COLORADO COUNTY,089,19 Years,274,143,131,114,58,56,44,25,19,4,2,2,112,58,54
COLORADO COUNTY,089,20 Years,249,115,134,110,46,64,35,19,16,7,4,3,97,46,51
COLORADO COUNTY,089,21 Years,249,128,121,115,58,57,33,21,12,7,4,3,94,45,49
COLORADO COUNTY,089,22 Years,280,148,132,125,71,54,48,26,22,5,3,2,102,48,54
COLORADO COUNTY,089,23 Years,284,152,132,133,70,63,45,26,19,5,2,3,101,54,47
COLORADO COUNTY,089,24 Years,286,158,128,128,64,64,50,31,19,3,1,2,105,62,43
COLORADO COUNTY,089,25 Years,257,135,122,113,55,58,37,21,16,3,1,2,104,58,46
COLORADO COUNTY,089,26 Years,202,95,107,81,35,46,22,8,14,3,0,3,96,52,44
COLORADO COUNTY,089,27 Years,192,97,95,74,37,37,37,21,16,2,1,1,79,38,41
COLORADO COUNTY,089,28 Years,198,102,96,72,34,38,43,24,19,2,1,1,81,43,38
COLORADO COUNTY,089,29 Years,221,128,93,95,61,34,34,15,19,4,2,2,88,50,38
COLORADO COUNTY,089,30 Years,194,104,90,84,47,37,25,12,13,2,0,2,83,45,38
COLORADO COUNTY,089,31 Years,188,92,96,97,44,53,19,10,9,2,1,1,70,37,33
COLORADO COUNTY,089,32 Years,182,96,86,86,46,40,32,18,14,1,1,0,63,31,32
COLORADO COUNTY,089,33 Years,192,85,107,68,35,33,35,15,20,3,2,1,86,33,53
COLORADO COUNTY,089,34 Years,203,110,93,85,49,36,26,10,16,2,1,1,90,50,40
COLORADO COUNTY,089,35 Years,239,137,102,111,66,45,26,9,17,4,1,3,98,61,37
COLORADO COUNTY,089,36 Years,223,111,112,101,47,54,25,10,15,4,2,2,93,52,41
COLORADO COUNTY,089,37 Years,210,93,117,99,44,55,32,13,19,4,2,2,75,34,41
COLORADO COUNTY,089,38 Years,198,100,98,103,54,49,24,12,12,3,1,2,68,33,35
COLORADO COUNTY,089,39 Years,209,101,108,107,50,57,25,11,14,0,0,0,77,40,37
COLORADO COUNTY,089,40 Years,195,100,95,97,44,53,26,14,12,2,1,1,70,41,29
COLORADO COUNTY,089,41 Years,193,101,92,92,49,43,22,10,12,2,1,1,77,41,36
COLORADO COUNTY,089,42 Years,186,98,88,93,52,41,26,12,14,3,1,2,64,33,31
COLORADO COUNTY,089,43 Years,203,103,100,114,58,56,23,11,12,2,2,0,64,32,32
COLORADO COUNTY,089,44 Years,226,117,109,118,63,55,32,13,19,4,2,2,72,39,33
COLORADO COUNTY,089,45 Years,212,112,100,118,60,58,28,15,13,4,2,2,62,35,27
COLORADO COUNTY,089,46 Years,234,114,120,139,65,74,25,11,14,5,2,3,65,36,29
COLORADO COUNTY,089,47 Years,250,116,134,145,69,76,32,14,18,4,1,3,69,32,37
COLORADO COUNTY,089,48 Years,251,119,132,159,75,84,25,14,11,5,1,4,62,29,33
COLORADO COUNTY,089,49 Years,247,113,134,148,73,75,27,7,20,5,1,4,67,32,35
COLORADO COUNTY,089,50 Years,242,123,119,144,75,69,27,12,15,4,3,1,67,33,34
COLORADO COUNTY,089,51 Years,276,146,130,166,87,79,40,22,18,0,0,0,70,37,33
COLORADO COUNTY,089,52 Years,298,143,155,176,82,94,41,16,25,5,3,2,76,42,34
COLORADO COUNTY,089,53 Years,305,163,142,183,95,88,46,25,21,3,2,1,73,41,32
COLORADO COUNTY,089,54 Years,302,145,157,184,85,99,46,25,21,3,1,2,69,34,35
COLORADO COUNTY,089,55 Years,350,175,175,223,107,116,51,26,25,6,2,4,70,40,30
COLORADO COUNTY,089,56 Years,379,200,179,248,130,118,48,26,22,9,5,4,74,39,35
COLORADO COUNTY,089,57 Years,354,184,170,230,118,112,48,20,28,4,3,1,72,43,29
COLORADO COUNTY,089,58 Years,353,174,179,224,115,109,50,17,33,2,1,1,77,41,36
COLORADO COUNTY,089,59 Years,369,183,186,247,121,126,47,23,24,4,2,2,71,37,34
COLORADO COUNTY,089,60 Years,353,180,173,237,119,118,46,24,22,4,1,3,66,36,30
COLORADO COUNTY,089,61 Years,341,176,165,241,123,118,47,23,24,2,1,1,51,29,22
COLORADO COUNTY,089,62 Years,369,180,189,259,123,136,52,24,28,4,3,1,54,30,24
COLORADO COUNTY,089,63 Years,380,181,199,271,124,147,48,24,24,3,1,2,58,32,26
COLORADO COUNTY,089,64 Years,343,173,170,255,121,134,39,23,16,4,1,3,45,28,17
COLORADO COUNTY,089,65 Years,327,169,158,250,128,122,35,19,16,4,2,2,38,20,18
COLORADO COUNTY,089,66 Years,323,167,156,250,123,127,32,16,16,4,3,1,37,25,12
COLORADO COUNTY,089,67 Years,314,146,168,230,109,121,33,15,18,3,1,2,48,21,27
COLORADO COUNTY,089,68 Years,290,140,150,212,102,110,43,20,23,1,1,0,34,17,17
COLORADO COUNTY,089,69 Years,274,133,141,205,97,108,35,18,17,2,2,0,32,16,16
COLORADO COUNTY,089,70 Years,246,123,123,179,87,92,25,14,11,7,4,3,35,18,17
COLORADO COUNTY,089,71 Years,242,123,119,179,93,86,25,12,13,5,2,3,33,16,17
COLORADO COUNTY,089,72 Years,235,130,105,183,98,85,26,13,13,2,2,0,24,17,7
COLORADO COUNTY,089,73 Years,234,125,109,189,98,91,21,12,9,2,2,0,22,13,9
COLORADO COUNTY,089,74 Years,209,102,107,169,88,81,18,9,9,1,0,1,21,5,16
COLORADO COUNTY,089,75 Years,205,88,117,161,72,89,21,10,11,0,0,0,23,6,17
COLORADO COUNTY,089,76 Years,196,90,106,149,67,82,23,11,12,0,0,0,24,12,12
COLORADO COUNTY,089,77 Years,166,81,85,122,59,63,20,8,12,0,0,0,24,14,10
COLORADO COUNTY,089,78 Years,156,80,76,116,59,57,19,8,11,0,0,0,21,13,8
COLORADO COUNTY,089,79 Years,149,71,78,114,57,57,16,8,8,1,0,1,18,6,12
COLORADO COUNTY,089,80 Years,146,72,74,112,56,56,16,7,9,0,0,0,18,9,9
COLORADO COUNTY,089,81 Years,121,58,63,89,44,45,15,6,9,0,0,0,17,8,9
COLORADO COUNTY,089,82 Years,108,45,63,86,37,49,7,3,4,2,1,1,13,4,9
COLORADO COUNTY,089,83 Years,108,48,60,87,37,50,9,4,5,2,1,1,10,6,4
COLORADO COUNTY,089,84 Years,111,50,61,89,40,49,11,5,6,0,0,0,11,5,6
COLORADO COUNTY,089,85 Years +,606,222,384,495,180,315,50,17,33,7,2,5,54,23,31
COMAL COUNTY,091,All Ages,134668,66348,68320,94063,46420,47643,2169,1152,1017,3817,1768,2049,34619,17008,17611
COMAL COUNTY,091,< 1 Year,1479,732,747,812,416,396,20,10,10,63,28,35,584,278,306
COMAL COUNTY,091,1 Years,1490,755,735,815,415,400,19,9,10,69,32,37,587,299,288
COMAL COUNTY,091,2 Years,1476,767,709,808,414,394,18,8,10,72,36,36,578,309,269
COMAL COUNTY,091,3 Years,1378,719,659,769,391,378,18,9,9,70,38,32,521,281,240
COMAL COUNTY,091,4 Years,1321,674,647,746,377,369,15,6,9,61,34,27,499,257,242
COMAL COUNTY,091,5 Years,1311,662,649,728,367,361,14,7,7,75,35,40,494,253,241
COMAL COUNTY,091,6 Years,1184,587,597,639,318,321,14,4,10,57,25,32,474,240,234
COMAL COUNTY,091,7 Years,1328,666,662,738,352,386,17,9,8,60,32,28,513,273,240
COMAL COUNTY,091,8 Years,1405,711,694,769,389,380,24,12,12,66,35,31,546,275,271
COMAL COUNTY,091,9 Years,1439,729,710,807,410,397,23,11,12,62,37,25,547,271,276
COMAL COUNTY,091,10 Years,1548,773,775,880,441,439,22,10,12,67,38,29,579,284,295
COMAL COUNTY,091,11 Years,1655,839,816,954,493,461,21,9,12,65,33,32,615,304,311
COMAL COUNTY,091,12 Years,1785,958,827,1029,569,460,23,9,14,64,32,32,669,348,321
COMAL COUNTY,091,13 Years,1875,1004,871,1125,615,510,23,11,12,66,32,34,661,346,315
COMAL COUNTY,091,14 Years,1884,987,897,1126,587,539,28,15,13,54,28,26,676,357,319
COMAL COUNTY,091,15 Years,2025,1067,958,1196,631,565,39,24,15,55,29,26,735,383,352
COMAL COUNTY,091,16 Years,2093,1126,967,1256,685,571,42,28,14,61,31,30,734,382,352
COMAL COUNTY,091,17 Years,2001,1029,972,1183,624,559,42,27,15,56,26,30,720,352,368
COMAL COUNTY,091,18 Years,1941,1006,935,1130,600,530,35,22,13,55,29,26,721,355,366
COMAL COUNTY,091,19 Years,1765,920,845,1026,554,472,32,16,16,51,26,25,656,324,332
COMAL COUNTY,091,20 Years,1601,835,766,910,479,431,30,15,15,49,26,23,612,315,297
COMAL COUNTY,091,21 Years,1535,785,750,846,428,418,32,15,17,49,25,24,608,317,291
COMAL COUNTY,091,22 Years,1519,755,764,850,413,437,29,15,14,60,35,25,580,292,288
COMAL COUNTY,091,23 Years,1485,753,732,853,419,434,28,18,10,58,36,22,546,280,266
COMAL COUNTY,091,24 Years,1410,746,664,830,422,408,24,17,7,45,28,17,511,279,232
COMAL COUNTY,091,25 Years,1154,600,554,638,331,307,18,7,11,29,16,13,469,246,223
COMAL COUNTY,091,26 Years,1069,549,520,572,284,288,29,16,13,31,13,18,437,236,201
COMAL COUNTY,091,27 Years,1082,550,532,622,320,302,25,14,11,39,15,24,396,201,195
COMAL COUNTY,091,28 Years,1036,528,508,601,308,293,15,8,7,31,12,19,389,200,189
COMAL COUNTY,091,29 Years,1067,540,527,589,284,305,24,15,9,27,13,14,427,228,199
COMAL COUNTY,091,30 Years,1138,577,561,652,311,341,18,11,7,31,14,17,437,241,196
COMAL COUNTY,091,31 Years,1195,599,596,690,335,355,19,13,6,32,16,16,454,235,219
COMAL COUNTY,091,32 Years,1238,632,606,737,364,373,19,12,7,42,23,19,440,233,207
COMAL COUNTY,091,33 Years,1272,606,666,808,385,423,14,7,7,41,22,19,409,192,217
COMAL COUNTY,091,34 Years,1314,617,697,862,406,456,17,10,7,44,20,24,391,181,210
COMAL COUNTY,091,35 Years,1389,662,727,912,431,481,19,10,9,46,17,29,412,204,208
COMAL COUNTY,091,36 Years,1418,666,752,934,445,489,20,9,11,45,17,28,419,195,224
COMAL COUNTY,091,37 Years,1370,618,752,917,417,500,19,7,12,49,20,29,385,174,211
COMAL COUNTY,091,38 Years,1426,702,724,976,471,505,18,10,8,50,25,25,382,196,186
COMAL COUNTY,091,39 Years,1467,718,749,999,474,525,19,14,5,47,25,22,402,205,197
COMAL COUNTY,091,40 Years,1525,737,788,1025,502,523,22,14,8,53,22,31,425,199,226
COMAL COUNTY,091,41 Years,1642,783,859,1100,540,560,25,12,13,65,27,38,452,204,248
COMAL COUNTY,091,42 Years,1666,805,861,1157,568,589,26,10,16,49,21,28,434,206,228
COMAL COUNTY,091,43 Years,1752,842,910,1209,607,602,37,21,16,51,19,32,455,195,260
COMAL COUNTY,091,44 Years,1829,883,946,1281,626,655,30,18,12,52,19,33,466,220,246
COMAL COUNTY,091,45 Years,1969,944,1025,1408,696,712,33,18,15,59,20,39,469,210,259
COMAL COUNTY,091,46 Years,1991,968,1023,1451,731,720,36,21,15,58,21,37,446,195,251
COMAL COUNTY,091,47 Years,1897,922,975,1377,694,683,37,18,19,54,23,31,429,187,242
COMAL COUNTY,091,48 Years,1847,903,944,1332,675,657,37,18,19,54,20,34,424,190,234
COMAL COUNTY,091,49 Years,1817,909,908,1326,672,654,42,24,18,45,18,27,404,195,209
COMAL COUNTY,091,50 Years,1931,939,992,1419,690,729,44,25,19,47,20,27,421,204,217
COMAL COUNTY,091,51 Years,2053,1002,1051,1520,752,768,41,23,18,58,26,32,434,201,233
COMAL COUNTY,091,52 Years,2120,1020,1100,1596,778,818,45,23,22,56,25,31,423,194,229
COMAL COUNTY,091,53 Years,2154,1037,1117,1642,797,845,45,21,24,52,23,29,415,196,219
COMAL COUNTY,091,54 Years,2199,1068,1131,1686,826,860,48,24,24,51,23,28,414,195,219
COMAL COUNTY,091,55 Years,2229,1088,1141,1706,838,868,49,22,27,57,25,32,417,203,214
COMAL COUNTY,091,56 Years,2219,1076,1143,1721,839,882,56,29,27,52,22,30,390,186,204
COMAL COUNTY,091,57 Years,2195,1076,1119,1733,856,877,46,26,20,44,14,30,372,180,192
COMAL COUNTY,091,58 Years,2221,1098,1123,1753,853,900,44,26,18,34,13,21,390,206,184
COMAL COUNTY,091,59 Years,2250,1083,1167,1781,853,928,38,22,16,52,21,31,379,187,192
COMAL COUNTY,091,60 Years,2178,1062,1116,1737,849,888,36,17,19,55,22,33,350,174,176
COMAL COUNTY,091,61 Years,2150,1020,1130,1724,820,904,40,18,22,53,22,31,333,160,173
COMAL COUNTY,091,62 Years,2152,1019,1133,1744,826,918,38,17,21,39,20,19,331,156,175
COMAL COUNTY,091,63 Years,2108,1004,1104,1692,818,874,29,14,15,47,18,29,340,154,186
COMAL COUNTY,091,64 Years,2037,986,1051,1663,805,858,30,14,16,49,21,28,295,146,149
COMAL COUNTY,091,65 Years,1993,946,1047,1648,788,860,30,15,15,44,17,27,271,126,145
COMAL COUNTY,091,66 Years,2010,969,1041,1668,809,859,28,13,15,34,15,19,280,132,148
COMAL COUNTY,091,67 Years,1990,956,1034,1666,802,864,31,16,15,31,14,17,262,124,138
COMAL COUNTY,091,68 Years,1995,977,1018,1678,834,844,27,17,10,29,10,19,261,116,145
COMAL COUNTY,091,69 Years,1906,930,976,1608,805,803,22,15,7,31,11,20,245,99,146
COMAL COUNTY,091,70 Years,1500,729,771,1263,626,637,18,10,8,24,8,16,195,85,110
COMAL COUNTY,091,71 Years,1424,707,717,1193,599,594,16,8,8,25,9,16,190,91,99
COMAL COUNTY,091,72 Years,1402,700,702,1176,600,576,16,7,9,29,13,16,181,80,101
COMAL COUNTY,091,73 Years,1323,674,649,1129,585,544,13,9,4,27,13,14,154,67,87
COMAL COUNTY,091,74 Years,1140,599,541,966,513,453,13,8,5,25,12,13,136,66,70
COMAL COUNTY,091,75 Years,990,503,487,841,426,415,11,7,4,20,10,10,118,60,58
COMAL COUNTY,091,76 Years,901,436,465,770,366,404,11,7,4,13,8,5,107,55,52
COMAL COUNTY,091,77 Years,815,398,417,690,336,354,13,6,7,12,7,5,100,49,51
COMAL COUNTY,091,78 Years,757,359,398,652,314,338,6,3,3,11,6,5,88,36,52
COMAL COUNTY,091,79 Years,686,324,362,591,285,306,5,3,2,6,3,3,84,33,51
COMAL COUNTY,091,80 Years,637,296,341,545,260,285,4,3,1,8,2,6,80,31,49
COMAL COUNTY,091,81 Years,601,274,327,508,234,274,3,1,2,15,9,6,75,30,45
COMAL COUNTY,091,82 Years,508,218,290,425,189,236,3,2,1,8,5,3,72,22,50
COMAL COUNTY,091,83 Years,486,209,277,416,187,229,1,0,1,9,3,6,60,19,41
COMAL COUNTY,091,84 Years,422,186,236,357,162,195,2,1,1,8,3,5,55,20,35
COMAL COUNTY,091,85 Years +,2483,935,1548,2156,814,1342,17,7,10,28,11,17,282,103,179
COMANCHE COUNTY,093,All Ages,13865,6931,6934,9516,4678,4838,27,12,15,216,103,113,4106,2138,1968
COMANCHE COUNTY,093,< 1 Year,165,87,78,87,45,42,0,0,0,5,3,2,73,39,34
COMANCHE COUNTY,093,1 Years,161,85,76,80,43,37,1,1,0,6,3,3,74,38,36
COMANCHE COUNTY,093,2 Years,162,83,79,80,43,37,0,0,0,6,3,3,76,37,39
COMANCHE COUNTY,093,3 Years,159,88,71,81,47,34,0,0,0,0,0,0,78,41,37
COMANCHE COUNTY,093,4 Years,175,89,86,91,49,42,0,0,0,4,2,2,80,38,42
COMANCHE COUNTY,093,5 Years,181,90,91,89,47,42,0,0,0,5,3,2,87,40,47
COMANCHE COUNTY,093,6 Years,211,96,115,106,46,60,0,0,0,2,0,2,103,50,53
COMANCHE COUNTY,093,7 Years,188,95,93,91,39,52,1,1,0,4,2,2,92,53,39
COMANCHE COUNTY,093,8 Years,182,92,90,91,47,44,1,1,0,2,0,2,88,44,44
COMANCHE COUNTY,093,9 Years,191,91,100,92,47,45,1,0,1,3,1,2,95,43,52
COMANCHE COUNTY,093,10 Years,173,80,93,88,42,46,1,0,1,5,1,4,79,37,42
COMANCHE COUNTY,093,11 Years,179,80,99,91,39,52,1,0,1,3,1,2,84,40,44
COMANCHE COUNTY,093,12 Years,167,91,76,89,51,38,0,0,0,1,1,0,77,39,38
COMANCHE COUNTY,093,13 Years,167,83,84,92,50,42,0,0,0,3,3,0,72,30,42
COMANCHE COUNTY,093,14 Years,173,85,88,90,50,40,3,0,3,5,3,2,75,32,43
COMANCHE COUNTY,093,15 Years,169,93,76,87,48,39,1,0,1,4,3,1,77,42,35
COMANCHE COUNTY,093,16 Years,190,90,100,103,51,52,0,0,0,3,2,1,84,37,47
COMANCHE COUNTY,093,17 Years,203,114,89,109,63,46,0,0,0,3,1,2,91,50,41
COMANCHE COUNTY,093,18 Years,195,97,98,102,49,53,0,0,0,1,1,0,92,47,45
COMANCHE COUNTY,093,19 Years,168,76,92,91,36,55,1,0,1,3,3,0,73,37,36
COMANCHE COUNTY,093,20 Years,150,77,73,79,38,41,1,0,1,2,2,0,68,37,31
COMANCHE COUNTY,093,21 Years,167,87,80,81,37,44,1,1,0,3,1,2,82,48,34
COMANCHE COUNTY,093,22 Years,173,93,80,94,44,50,0,0,0,4,2,2,75,47,28
COMANCHE COUNTY,093,23 Years,193,105,88,113,61,52,0,0,0,2,2,0,78,42,36
COMANCHE COUNTY,093,24 Years,176,100,76,103,60,43,1,1,0,1,1,0,71,38,33
COMANCHE COUNTY,093,25 Years,157,79,78,87,43,44,0,0,0,5,0,5,65,36,29
COMANCHE COUNTY,093,26 Years,142,70,72,78,34,44,1,0,1,2,1,1,61,35,26
COMANCHE COUNTY,093,27 Years,141,75,66,86,41,45,0,0,0,1,0,1,54,34,20
COMANCHE COUNTY,093,28 Years,150,88,62,84,47,37,1,1,0,1,0,1,64,40,24
COMANCHE COUNTY,093,29 Years,126,67,59,71,36,35,1,0,1,2,1,1,52,30,22
COMANCHE COUNTY,093,30 Years,132,64,68,72,36,36,1,0,1,1,1,0,58,27,31
COMANCHE COUNTY,093,31 Years,111,60,51,66,36,30,0,0,0,1,1,0,44,23,21
COMANCHE COUNTY,093,32 Years,118,63,55,68,36,32,0,0,0,4,2,2,46,25,21
COMANCHE COUNTY,093,33 Years,116,55,61,66,30,36,0,0,0,2,1,1,48,24,24
COMANCHE COUNTY,093,34 Years,122,64,58,70,37,33,0,0,0,2,1,1,50,26,24
COMANCHE COUNTY,093,35 Years,115,60,55,70,38,32,0,0,0,3,1,2,42,21,21
COMANCHE COUNTY,093,36 Years,119,61,58,69,36,33,0,0,0,2,2,0,48,23,25
COMANCHE COUNTY,093,37 Years,121,64,57,76,39,37,0,0,0,2,2,0,43,23,20
COMANCHE COUNTY,093,38 Years,126,64,62,88,43,45,0,0,0,1,1,0,37,20,17
COMANCHE COUNTY,093,39 Years,133,65,68,85,38,47,1,0,1,0,0,0,47,27,20
COMANCHE COUNTY,093,40 Years,129,67,62,77,37,40,0,0,0,1,0,1,51,30,21
COMANCHE COUNTY,093,41 Years,133,71,62,83,45,38,0,0,0,3,1,2,47,25,22
COMANCHE COUNTY,093,42 Years,138,65,73,89,42,47,0,0,0,3,1,2,46,22,24
COMANCHE COUNTY,093,43 Years,129,57,72,82,35,47,0,0,0,1,0,1,46,22,24
COMANCHE COUNTY,093,44 Years,144,63,81,90,39,51,0,0,0,2,0,2,52,24,28
COMANCHE COUNTY,093,45 Years,160,74,86,104,48,56,0,0,0,3,1,2,53,25,28
COMANCHE COUNTY,093,46 Years,170,89,81,113,64,49,0,0,0,1,0,1,56,25,31
COMANCHE COUNTY,093,47 Years,158,85,73,113,62,51,0,0,0,6,3,3,39,20,19
COMANCHE COUNTY,093,48 Years,165,78,87,117,55,62,0,0,0,3,1,2,45,22,23
COMANCHE COUNTY,093,49 Years,186,92,94,128,59,69,0,0,0,2,2,0,56,31,25
COMANCHE COUNTY,093,50 Years,170,97,73,122,70,52,1,1,0,1,1,0,46,25,21
COMANCHE COUNTY,093,51 Years,186,103,83,132,72,60,0,0,0,3,2,1,51,29,22
COMANCHE COUNTY,093,52 Years,210,108,102,159,76,83,2,1,1,1,1,0,48,30,18
COMANCHE COUNTY,093,53 Years,195,99,96,149,69,80,1,1,0,1,0,1,44,29,15
COMANCHE COUNTY,093,54 Years,198,98,100,156,77,79,0,0,0,2,0,2,40,21,19
COMANCHE COUNTY,093,55 Years,196,101,95,154,78,76,0,0,0,3,2,1,39,21,18
COMANCHE COUNTY,093,56 Years,187,95,92,150,78,72,0,0,0,2,2,0,35,15,20
COMANCHE COUNTY,093,57 Years,189,99,90,149,78,71,0,0,0,1,0,1,39,21,18
COMANCHE COUNTY,093,58 Years,211,110,101,175,90,85,0,0,0,4,2,2,32,18,14
COMANCHE COUNTY,093,59 Years,188,96,92,155,75,80,0,0,0,6,4,2,27,17,10
COMANCHE COUNTY,093,60 Years,199,97,102,162,78,84,1,1,0,6,2,4,30,16,14
COMANCHE COUNTY,093,61 Years,181,81,100,148,66,82,1,0,1,5,1,4,27,14,13
COMANCHE COUNTY,093,62 Years,169,74,95,142,60,82,0,0,0,3,0,3,24,14,10
COMANCHE COUNTY,093,63 Years,172,94,78,145,76,69,0,0,0,2,1,1,25,17,8
COMANCHE COUNTY,093,64 Years,180,96,84,152,81,71,0,0,0,2,0,2,26,15,11
COMANCHE COUNTY,093,65 Years,185,93,92,151,75,76,0,0,0,4,2,2,30,16,14
COMANCHE COUNTY,093,66 Years,186,90,96,150,74,76,0,0,0,2,0,2,34,16,18
COMANCHE COUNTY,093,67 Years,192,90,102,162,77,85,0,0,0,2,0,2,28,13,15
COMANCHE COUNTY,093,68 Years,186,93,93,164,82,82,0,0,0,1,0,1,21,11,10
COMANCHE COUNTY,093,69 Years,201,100,101,169,83,86,0,0,0,5,2,3,27,15,12
COMANCHE COUNTY,093,70 Years,163,79,84,144,69,75,0,0,0,3,1,2,16,9,7
COMANCHE COUNTY,093,71 Years,169,78,91,155,73,82,0,0,0,0,0,0,14,5,9
COMANCHE COUNTY,093,72 Years,182,90,92,165,79,86,0,0,0,0,0,0,17,11,6
COMANCHE COUNTY,093,73 Years,175,85,90,161,78,83,0,0,0,0,0,0,14,7,7
COMANCHE COUNTY,093,74 Years,154,72,82,144,67,77,0,0,0,0,0,0,10,5,5
COMANCHE COUNTY,093,75 Years,134,60,74,126,57,69,0,0,0,1,0,1,7,3,4
COMANCHE COUNTY,093,76 Years,141,66,75,130,61,69,0,0,0,1,0,1,10,5,5
COMANCHE COUNTY,093,77 Years,129,64,65,118,60,58,0,0,0,1,0,1,10,4,6
COMANCHE COUNTY,093,78 Years,108,54,54,96,48,48,0,0,0,2,1,1,10,5,5
COMANCHE COUNTY,093,79 Years,107,51,56,101,48,53,0,0,0,0,0,0,6,3,3
COMANCHE COUNTY,093,80 Years,102,48,54,93,42,51,0,0,0,3,3,0,6,3,3
COMANCHE COUNTY,093,81 Years,104,55,49,93,48,45,0,0,0,3,2,1,8,5,3
COMANCHE COUNTY,093,82 Years,86,42,44,79,39,40,0,0,0,2,0,2,5,3,2
COMANCHE COUNTY,093,83 Years,62,31,31,57,28,29,1,1,0,1,1,0,3,1,2
COMANCHE COUNTY,093,84 Years,64,30,34,56,25,31,1,1,0,1,1,0,6,3,3
COMANCHE COUNTY,093,85 Years +,345,125,220,320,113,207,0,0,0,8,5,3,17,7,10
CONCHO COUNTY,095,All Ages,4168,2827,1341,1810,915,895,57,50,7,45,25,20,2256,1837,419
CONCHO COUNTY,095,< 1 Year,27,11,16,14,5,9,1,0,1,0,0,0,12,6,6
CONCHO COUNTY,095,1 Years,31,15,16,16,8,8,1,0,1,0,0,0,14,7,7
CONCHO COUNTY,095,2 Years,32,18,14,17,9,8,0,0,0,0,0,0,15,9,6
CONCHO COUNTY,095,3 Years,28,17,11,17,9,8,0,0,0,0,0,0,11,8,3
CONCHO COUNTY,095,4 Years,33,18,15,18,9,9,0,0,0,0,0,0,15,9,6
CONCHO COUNTY,095,5 Years,32,18,14,18,9,9,0,0,0,0,0,0,14,9,5
CONCHO COUNTY,095,6 Years,28,16,12,16,9,7,0,0,0,0,0,0,12,7,5
CONCHO COUNTY,095,7 Years,33,18,15,16,6,10,0,0,0,1,1,0,16,11,5
CONCHO COUNTY,095,8 Years,39,20,19,22,9,13,1,1,0,0,0,0,16,10,6
CONCHO COUNTY,095,9 Years,37,15,22,21,9,12,0,0,0,0,0,0,16,6,10
CONCHO COUNTY,095,10 Years,29,11,18,16,6,10,0,0,0,0,0,0,13,5,8
CONCHO COUNTY,095,11 Years,42,21,21,19,8,11,0,0,0,0,0,0,23,13,10
CONCHO COUNTY,095,12 Years,30,16,14,13,6,7,0,0,0,0,0,0,17,10,7
CONCHO COUNTY,095,13 Years,30,11,19,16,5,11,0,0,0,1,0,1,13,6,7
CONCHO COUNTY,095,14 Years,31,19,12,17,11,6,0,0,0,1,0,1,13,8,5
CONCHO COUNTY,095,15 Years,27,18,9,16,9,7,0,0,0,0,0,0,11,9,2
CONCHO COUNTY,095,16 Years,36,19,17,21,11,10,0,0,0,0,0,0,15,8,7
CONCHO COUNTY,095,17 Years,38,17,21,24,13,11,0,0,0,0,0,0,14,4,10
CONCHO COUNTY,095,18 Years,30,14,16,16,7,9,1,1,0,1,0,1,12,6,6
CONCHO COUNTY,095,19 Years,38,27,11,14,7,7,1,1,0,0,0,0,23,19,4
CONCHO COUNTY,095,20 Years,39,21,18,16,7,9,1,1,0,1,1,0,21,12,9
CONCHO COUNTY,095,21 Years,34,19,15,13,6,7,1,1,0,0,0,0,20,12,8
CONCHO COUNTY,095,22 Years,72,55,17,14,7,7,1,1,0,3,2,1,54,45,9
CONCHO COUNTY,095,23 Years,57,40,17,21,13,8,3,3,0,4,2,2,29,22,7
CONCHO COUNTY,095,24 Years,50,31,19,25,13,12,1,1,0,2,0,2,22,17,5
CONCHO COUNTY,095,25 Years,91,75,16,23,11,12,2,2,0,3,2,1,63,60,3
CONCHO COUNTY,095,26 Years,64,53,11,8,4,4,1,1,0,1,0,1,54,48,6
CONCHO COUNTY,095,27 Years,64,55,9,12,8,4,2,2,0,1,0,1,49,45,4
CONCHO COUNTY,095,28 Years,69,62,7,18,14,4,1,1,0,1,1,0,49,46,3
CONCHO COUNTY,095,29 Years,40,31,9,7,3,4,0,0,0,0,0,0,33,28,5
CONCHO COUNTY,095,30 Years,64,58,6,12,8,4,0,0,0,1,1,0,51,49,2
CONCHO COUNTY,095,31 Years,46,40,6,9,5,4,0,0,0,0,0,0,37,35,2
CONCHO COUNTY,095,32 Years,51,40,11,9,4,5,1,1,0,1,1,0,40,34,6
CONCHO COUNTY,095,33 Years,66,55,11,11,7,4,1,0,1,0,0,0,54,48,6
CONCHO COUNTY,095,34 Years,76,66,10,11,6,5,2,2,0,0,0,0,63,58,5
CONCHO COUNTY,095,35 Years,87,71,16,23,14,9,3,3,0,2,2,0,59,52,7
CONCHO COUNTY,095,36 Years,80,67,13,19,13,6,2,2,0,1,0,1,58,52,6
CONCHO COUNTY,095,37 Years,52,38,14,15,8,7,0,0,0,0,0,0,37,30,7
CONCHO COUNTY,095,38 Years,74,64,10,12,6,6,0,0,0,1,1,0,61,57,4
CONCHO COUNTY,095,39 Years,87,80,7,12,8,4,3,3,0,1,1,0,71,68,3
CONCHO COUNTY,095,40 Years,64,54,10,14,7,7,1,1,0,1,0,1,48,46,2
CONCHO COUNTY,095,41 Years,102,90,12,19,11,8,4,4,0,1,1,0,78,74,4
CONCHO COUNTY,095,42 Years,90,79,11,23,15,8,1,1,0,1,1,0,65,62,3
CONCHO COUNTY,095,43 Years,68,54,14,15,7,8,0,0,0,0,0,0,53,47,6
CONCHO COUNTY,095,44 Years,87,68,19,30,17,13,2,2,0,2,2,0,53,47,6
CONCHO COUNTY,095,45 Years,64,53,11,12,5,7,3,3,0,0,0,0,49,45,4
CONCHO COUNTY,095,46 Years,76,62,14,15,7,8,3,3,0,0,0,0,58,52,6
CONCHO COUNTY,095,47 Years,77,61,16,14,7,7,1,1,0,1,0,1,61,53,8
CONCHO COUNTY,095,48 Years,74,58,16,18,12,6,0,0,0,1,0,1,55,46,9
CONCHO COUNTY,095,49 Years,76,62,14,17,11,6,0,0,0,1,1,0,58,50,8
CONCHO COUNTY,095,50 Years,41,31,10,16,12,4,1,0,1,0,0,0,24,19,5
CONCHO COUNTY,095,51 Years,51,32,19,28,13,15,0,0,0,0,0,0,23,19,4
CONCHO COUNTY,095,52 Years,65,36,29,33,13,20,1,1,0,0,0,0,31,22,9
CONCHO COUNTY,095,53 Years,62,41,21,26,12,14,0,0,0,1,0,1,35,29,6
CONCHO COUNTY,095,54 Years,43,30,13,21,11,10,0,0,0,0,0,0,22,19,3
CONCHO COUNTY,095,55 Years,60,51,9,17,9,8,2,2,0,0,0,0,41,40,1
CONCHO COUNTY,095,56 Years,45,29,16,26,12,14,0,0,0,1,1,0,18,16,2
CONCHO COUNTY,095,57 Years,44,22,22,31,15,16,0,0,0,0,0,0,13,7,6
CONCHO COUNTY,095,58 Years,59,36,23,39,24,15,0,0,0,3,1,2,17,11,6
CONCHO COUNTY,095,59 Years,53,31,22,30,13,17,3,3,0,0,0,0,20,15,5
CONCHO COUNTY,095,60 Years,59,36,23,33,16,17,1,1,0,0,0,0,25,19,6
CONCHO COUNTY,095,61 Years,50,31,19,32,16,16,0,0,0,0,0,0,18,15,3
CONCHO COUNTY,095,62 Years,49,28,21,38,21,17,0,0,0,0,0,0,11,7,4
CONCHO COUNTY,095,63 Years,39,22,17,23,12,11,0,0,0,0,0,0,16,10,6
CONCHO COUNTY,095,64 Years,32,17,15,22,12,10,0,0,0,0,0,0,10,5,5
CONCHO COUNTY,095,65 Years,45,24,21,32,15,17,1,1,0,0,0,0,12,8,4
CONCHO COUNTY,095,66 Years,58,30,28,48,25,23,0,0,0,1,0,1,9,5,4
CONCHO COUNTY,095,67 Years,61,33,28,49,24,25,0,0,0,3,2,1,9,7,2
CONCHO COUNTY,095,68 Years,60,31,29,48,24,24,1,0,1,0,0,0,11,7,4
CONCHO COUNTY,095,69 Years,44,23,21,34,17,17,0,0,0,1,1,0,9,5,4
CONCHO COUNTY,095,70 Years,35,16,19,32,15,17,0,0,0,0,0,0,3,1,2
CONCHO COUNTY,095,71 Years,36,18,18,30,15,15,0,0,0,0,0,0,6,3,3
CONCHO COUNTY,095,72 Years,30,17,13,25,14,11,0,0,0,0,0,0,5,3,2
CONCHO COUNTY,095,73 Years,36,18,18,28,15,13,1,0,1,0,0,0,7,3,4
CONCHO COUNTY,095,74 Years,29,14,15,25,13,12,1,0,1,0,0,0,3,1,2
CONCHO COUNTY,095,75 Years,27,14,13,20,10,10,0,0,0,0,0,0,7,4,3
CONCHO COUNTY,095,76 Years,30,15,15,24,12,12,0,0,0,0,0,0,6,3,3
CONCHO COUNTY,095,77 Years,27,8,19,20,6,14,0,0,0,0,0,0,7,2,5
CONCHO COUNTY,095,78 Years,26,12,14,18,8,10,0,0,0,0,0,0,8,4,4
CONCHO COUNTY,095,79 Years,23,12,11,18,8,10,0,0,0,0,0,0,5,4,1
CONCHO COUNTY,095,80 Years,24,13,11,20,9,11,0,0,0,0,0,0,4,4,0
CONCHO COUNTY,095,81 Years,19,8,11,17,7,10,0,0,0,0,0,0,2,1,1
CONCHO COUNTY,095,82 Years,15,8,7,14,7,7,0,0,0,0,0,0,1,1,0
CONCHO COUNTY,095,83 Years,18,7,11,13,5,8,0,0,0,0,0,0,5,2,3
CONCHO COUNTY,095,84 Years,17,7,10,13,5,8,0,0,0,0,0,0,4,2,2
CONCHO COUNTY,095,85 Years +,64,25,39,53,21,32,0,0,0,0,0,0,11,4,7
COOKE COUNTY,097,All Ages,39545,19820,19725,29611,14586,15025,1101,612,489,1393,634,759,7440,3988,3452
COOKE COUNTY,097,< 1 Year,527,273,254,304,159,145,18,9,9,39,19,20,166,86,80
COOKE COUNTY,097,1 Years,524,273,251,314,165,149,18,9,9,33,17,16,159,82,77
COOKE COUNTY,097,2 Years,506,261,245,307,159,148,18,8,10,26,15,11,155,79,76
COOKE COUNTY,097,3 Years,515,271,244,321,163,158,18,10,8,24,16,8,152,82,70
COOKE COUNTY,097,4 Years,497,253,244,311,153,158,17,9,8,24,16,8,145,75,70
COOKE COUNTY,097,5 Years,495,257,238,309,157,152,15,9,6,27,15,12,144,76,68
COOKE COUNTY,097,6 Years,500,261,239,315,174,141,13,6,7,29,14,15,143,67,76
COOKE COUNTY,097,7 Years,536,284,252,324,179,145,16,9,7,42,20,22,154,76,78
COOKE COUNTY,097,8 Years,560,295,265,343,184,159,10,6,4,42,19,23,165,86,79
COOKE COUNTY,097,9 Years,546,268,278,331,155,176,13,7,6,36,15,21,166,91,75
COOKE COUNTY,097,10 Years,564,282,282,353,176,177,16,8,8,33,16,17,162,82,80
COOKE COUNTY,097,11 Years,539,284,255,328,182,146,17,9,8,34,14,20,160,79,81
COOKE COUNTY,097,12 Years,537,284,253,328,175,153,17,9,8,25,11,14,167,89,78
COOKE COUNTY,097,13 Years,554,284,270,351,167,184,16,7,9,26,11,15,161,99,62
COOKE COUNTY,097,14 Years,545,269,276,348,165,183,15,5,10,25,11,14,157,88,69
COOKE COUNTY,097,15 Years,570,278,292,363,173,190,17,8,9,22,9,13,168,88,80
COOKE COUNTY,097,16 Years,543,267,276,349,170,179,14,6,8,21,7,14,159,84,75
COOKE COUNTY,097,17 Years,519,274,245,336,175,161,7,5,2,21,7,14,155,87,68
COOKE COUNTY,097,18 Years,544,282,262,360,187,173,13,5,8,19,7,12,152,83,69
COOKE COUNTY,097,19 Years,506,266,240,331,170,161,8,4,4,22,11,11,145,81,64
COOKE COUNTY,097,20 Years,492,250,242,313,157,156,10,7,3,21,9,12,148,77,71
COOKE COUNTY,097,21 Years,513,282,231,303,162,141,24,19,5,18,9,9,168,92,76
COOKE COUNTY,097,22 Years,562,338,224,329,179,150,40,37,3,20,12,8,173,110,63
COOKE COUNTY,097,23 Years,574,346,228,333,171,162,56,51,5,24,14,10,161,110,51
COOKE COUNTY,097,24 Years,567,315,252,358,194,164,40,30,10,27,13,14,142,78,64
COOKE COUNTY,097,25 Years,538,268,270,369,180,189,25,16,9,18,7,11,126,65,61
COOKE COUNTY,097,26 Years,518,261,257,375,188,187,20,9,11,12,6,6,111,58,53
COOKE COUNTY,097,27 Years,452,244,208,321,175,146,17,8,9,12,8,4,102,53,49
COOKE COUNTY,097,28 Years,435,227,208,309,164,145,13,6,7,12,7,5,101,50,51
COOKE COUNTY,097,29 Years,402,209,193,293,148,145,9,5,4,8,3,5,92,53,39
COOKE COUNTY,097,30 Years,391,213,178,270,137,133,12,6,6,11,5,6,98,65,33
COOKE COUNTY,097,31 Years,360,186,174,250,129,121,11,5,6,9,4,5,90,48,42
COOKE COUNTY,097,32 Years,368,184,184,252,130,122,11,5,6,9,3,6,96,46,50
COOKE COUNTY,097,33 Years,416,196,220,287,138,149,15,7,8,18,4,14,96,47,49
COOKE COUNTY,097,34 Years,405,200,205,271,127,144,12,7,5,14,5,9,108,61,47
COOKE COUNTY,097,35 Years,412,210,202,287,146,141,10,8,2,20,6,14,95,50,45
COOKE COUNTY,097,36 Years,420,216,204,291,150,141,8,6,2,16,5,11,105,55,50
COOKE COUNTY,097,37 Years,405,212,193,267,138,129,8,5,3,14,7,7,116,62,54
COOKE COUNTY,097,38 Years,402,210,192,275,139,136,11,8,3,14,10,4,102,53,49
COOKE COUNTY,097,39 Years,384,195,189,259,130,129,11,5,6,14,8,6,100,52,48
COOKE COUNTY,097,40 Years,379,187,192,251,124,127,11,7,4,15,6,9,102,50,52
COOKE COUNTY,097,41 Years,410,203,207,281,139,142,14,8,6,21,11,10,94,45,49
COOKE COUNTY,097,42 Years,414,200,214,291,144,147,9,6,3,12,5,7,102,45,57
COOKE COUNTY,097,43 Years,402,201,201,286,139,147,7,5,2,9,4,5,100,53,47
COOKE COUNTY,097,44 Years,421,208,213,304,139,165,12,7,5,13,9,4,92,53,39
COOKE COUNTY,097,45 Years,443,203,240,342,150,192,11,6,5,11,7,4,79,40,39
COOKE COUNTY,097,46 Years,442,208,234,346,157,189,14,8,6,5,1,4,77,42,35
COOKE COUNTY,097,47 Years,445,207,238,345,161,184,14,6,8,12,4,8,74,36,38
COOKE COUNTY,097,48 Years,446,229,217,340,174,166,12,8,4,16,7,9,78,40,38
COOKE COUNTY,097,49 Years,468,232,236,370,186,184,11,4,7,12,3,9,75,39,36
COOKE COUNTY,097,50 Years,471,221,250,382,176,206,9,3,6,14,5,9,66,37,29
COOKE COUNTY,097,51 Years,478,230,248,389,182,207,7,2,5,13,7,6,69,39,30
COOKE COUNTY,097,52 Years,516,247,269,428,204,224,8,4,4,16,6,10,64,33,31
COOKE COUNTY,097,53 Years,574,271,303,480,224,256,9,6,3,18,6,12,67,35,32
COOKE COUNTY,097,54 Years,540,281,259,449,228,221,11,6,5,17,10,7,63,37,26
COOKE COUNTY,097,55 Years,569,287,282,493,239,254,13,9,4,16,11,5,47,28,19
COOKE COUNTY,097,56 Years,585,291,294,494,245,249,16,5,11,17,9,8,58,32,26
COOKE COUNTY,097,57 Years,596,276,320,518,240,278,13,4,9,16,5,11,49,27,22
COOKE COUNTY,097,58 Years,605,294,311,527,257,270,14,6,8,17,3,14,47,28,19
COOKE COUNTY,097,59 Years,560,280,280,487,241,246,15,9,6,16,4,12,42,26,16
COOKE COUNTY,097,60 Years,572,291,281,495,251,244,18,10,8,11,3,8,48,27,21
COOKE COUNTY,097,61 Years,589,305,284,503,258,245,21,12,9,14,5,9,51,30,21
COOKE COUNTY,097,62 Years,588,302,286,522,262,260,13,8,5,11,7,4,42,25,17
COOKE COUNTY,097,63 Years,561,281,280,495,245,250,12,8,4,10,3,7,44,25,19
COOKE COUNTY,097,64 Years,519,259,260,456,225,231,9,4,5,18,10,8,36,20,16
COOKE COUNTY,097,65 Years,494,257,237,442,232,210,9,5,4,12,6,6,31,14,17
COOKE COUNTY,097,66 Years,497,250,247,446,226,220,15,6,9,6,2,4,30,16,14
COOKE COUNTY,097,67 Years,505,236,269,450,212,238,13,3,10,14,7,7,28,14,14
COOKE COUNTY,097,68 Years,465,214,251,422,195,227,6,2,4,11,5,6,26,12,14
COOKE COUNTY,097,69 Years,477,231,246,436,212,224,10,5,5,10,6,4,21,8,13
COOKE COUNTY,097,70 Years,416,206,210,381,188,193,9,4,5,10,5,5,16,9,7
COOKE COUNTY,097,71 Years,393,191,202,364,178,186,7,2,5,10,4,6,12,7,5
COOKE COUNTY,097,72 Years,366,168,198,344,159,185,2,0,2,7,3,4,13,6,7
COOKE COUNTY,097,73 Years,364,182,182,334,165,169,7,4,3,6,3,3,17,10,7
COOKE COUNTY,097,74 Years,313,152,161,287,141,146,7,3,4,6,1,5,13,7,6
COOKE COUNTY,097,75 Years,295,137,158,271,126,145,5,2,3,7,2,5,12,7,5
COOKE COUNTY,097,76 Years,296,141,155,277,133,144,6,2,4,6,2,4,7,4,3
COOKE COUNTY,097,77 Years,264,122,142,241,112,129,4,1,3,7,1,6,12,8,4
COOKE COUNTY,097,78 Years,236,107,129,217,98,119,6,2,4,4,2,2,9,5,4
COOKE COUNTY,097,79 Years,229,96,133,209,90,119,4,0,4,8,3,5,8,3,5
COOKE COUNTY,097,80 Years,216,101,115,206,97,109,2,0,2,4,3,1,4,1,3
COOKE COUNTY,097,81 Years,204,90,114,191,85,106,3,0,3,2,2,0,8,3,5
COOKE COUNTY,097,82 Years,197,84,113,186,77,109,3,2,1,2,2,0,6,3,3
COOKE COUNTY,097,83 Years,170,73,97,156,66,90,3,2,1,5,1,4,6,4,2
COOKE COUNTY,097,84 Years,149,65,84,133,57,76,4,3,1,5,2,3,7,3,4
COOKE COUNTY,097,85 Years +,763,295,468,706,277,429,14,5,9,20,6,14,23,7,16
CORYELL COUNTY,099,All Ages,75948,37002,38946,44472,21591,22881,10980,5267,5713,6337,3039,3298,14159,7105,7054
CORYELL COUNTY,099,< 1 Year,881,436,445,460,223,237,101,47,54,94,45,49,226,121,105
CORYELL COUNTY,099,1 Years,951,476,475,502,251,251,108,49,59,103,54,49,238,122,116
CORYELL COUNTY,099,2 Years,1028,521,507,548,278,270,116,58,58,114,58,56,250,127,123
CORYELL COUNTY,099,3 Years,1014,520,494,534,275,259,110,57,53,107,60,47,263,128,135
CORYELL COUNTY,099,4 Years,1037,538,499,549,278,271,112,65,47,116,63,53,260,132,128
CORYELL COUNTY,099,5 Years,1121,577,544,538,275,263,114,61,53,156,91,65,313,150,163
CORYELL COUNTY,099,6 Years,1370,657,713,659,319,340,157,66,91,184,94,90,370,178,192
CORYELL COUNTY,099,7 Years,1500,728,772,718,342,376,183,80,103,194,102,92,405,204,201
CORYELL COUNTY,099,8 Years,1478,724,754,703,332,371,179,86,93,201,107,94,395,199,196
CORYELL COUNTY,099,9 Years,1523,777,746,735,379,356,183,88,95,213,117,96,392,193,199
CORYELL COUNTY,099,10 Years,1563,814,749,756,394,362,200,100,100,190,102,88,417,218,199
CORYELL COUNTY,099,11 Years,1384,725,659,662,346,316,176,90,86,159,86,73,387,203,184
CORYELL COUNTY,099,12 Years,1285,665,620,636,320,316,162,81,81,141,72,69,346,192,154
CORYELL COUNTY,099,13 Years,1307,663,644,661,321,340,181,94,87,143,69,74,322,179,143
CORYELL COUNTY,099,14 Years,1199,621,578,627,322,305,156,75,81,126,65,61,290,159,131
CORYELL COUNTY,099,15 Years,1145,594,551,575,292,283,151,81,70,137,70,67,282,151,131
CORYELL COUNTY,099,16 Years,1095,555,540,560,277,283,157,84,73,130,64,66,248,130,118
CORYELL COUNTY,099,17 Years,1236,717,519,651,388,263,173,99,74,132,70,62,280,160,120
CORYELL COUNTY,099,18 Years,1122,619,503,574,328,246,165,87,78,124,65,59,259,139,120
CORYELL COUNTY,099,19 Years,1036,582,454,508,295,213,169,93,76,100,52,48,259,142,117
CORYELL COUNTY,099,20 Years,1501,1007,494,807,581,226,245,155,90,119,71,48,330,200,130
CORYELL COUNTY,099,21 Years,1600,1081,519,893,654,239,259,147,112,131,84,47,317,196,121
CORYELL COUNTY,099,22 Years,1664,1046,618,978,637,341,272,148,124,114,68,46,300,193,107
CORYELL COUNTY,099,23 Years,1626,970,656,974,599,375,257,144,113,116,64,52,279,163,116
CORYELL COUNTY,099,24 Years,1609,935,674,975,603,372,222,109,113,107,52,55,305,171,134
CORYELL COUNTY,099,25 Years,1397,750,647,808,431,377,241,127,114,92,45,47,256,147,109
CORYELL COUNTY,099,26 Years,1260,544,716,795,333,462,183,86,97,71,29,42,211,96,115
CORYELL COUNTY,099,27 Years,1005,372,633,563,178,385,150,66,84,83,32,51,209,96,113
CORYELL COUNTY,099,28 Years,989,378,611,496,168,328,161,74,87,114,49,65,218,87,131
CORYELL COUNTY,099,29 Years,917,335,582,450,152,298,179,72,107,80,34,46,208,77,131
CORYELL COUNTY,099,30 Years,801,188,613,374,52,322,145,52,93,96,39,57,186,45,141
CORYELL COUNTY,099,31 Years,1029,450,579,591,253,338,129,61,68,90,39,51,219,97,122
CORYELL COUNTY,099,32 Years,1098,463,635,598,251,347,161,69,92,87,39,48,252,104,148
CORYELL COUNTY,099,33 Years,1171,546,625,645,297,348,185,89,96,76,46,30,265,114,151
CORYELL COUNTY,099,34 Years,1107,493,614,633,275,358,161,78,83,97,49,48,216,91,125
CORYELL COUNTY,099,35 Years,1025,424,601,588,247,341,155,55,100,89,42,47,193,80,113
CORYELL COUNTY,099,36 Years,1148,539,609,657,316,341,157,75,82,96,49,47,238,99,139
CORYELL COUNTY,099,37 Years,1084,511,573,616,293,323,160,74,86,90,41,49,218,103,115
CORYELL COUNTY,099,38 Years,1091,523,568,615,293,322,207,101,106,76,34,42,193,95,98
CORYELL COUNTY,099,39 Years,1012,474,538,573,263,310,182,88,94,71,38,33,186,85,101
CORYELL COUNTY,099,40 Years,960,424,536,515,222,293,187,82,105,66,29,37,192,91,101
CORYELL COUNTY,099,41 Years,996,437,559,574,252,322,163,72,91,73,29,44,186,84,102
CORYELL COUNTY,099,42 Years,970,429,541,569,242,327,169,81,88,61,25,36,171,81,90
CORYELL COUNTY,099,43 Years,1038,481,557,582,272,310,230,105,125,59,20,39,167,84,83
CORYELL COUNTY,099,44 Years,1043,480,563,629,275,354,202,100,102,59,24,35,153,81,72
CORYELL COUNTY,099,45 Years,1078,479,599,671,297,374,205,83,122,65,28,37,137,71,66
CORYELL COUNTY,099,46 Years,1023,425,598,641,274,367,172,63,109,71,27,44,139,61,78
CORYELL COUNTY,099,47 Years,925,419,506,589,263,326,159,72,87,55,25,30,122,59,63
CORYELL COUNTY,099,48 Years,930,418,512,584,265,319,180,69,111,49,27,22,117,57,60
CORYELL COUNTY,099,49 Years,881,430,451,552,273,279,169,71,98,48,25,23,112,61,51
CORYELL COUNTY,099,50 Years,845,396,449,529,244,285,163,75,88,47,22,25,106,55,51
CORYELL COUNTY,099,51 Years,867,429,438,554,275,279,154,72,82,55,25,30,104,57,47
CORYELL COUNTY,099,52 Years,866,423,443,567,266,301,150,74,76,41,19,22,108,64,44
CORYELL COUNTY,099,53 Years,827,381,446,546,253,293,149,61,88,34,16,18,98,51,47
CORYELL COUNTY,099,54 Years,830,405,425,544,263,281,158,79,79,33,14,19,95,49,46
CORYELL COUNTY,099,55 Years,779,368,411,496,241,255,142,64,78,45,17,28,96,46,50
CORYELL COUNTY,099,56 Years,734,335,399,490,228,262,119,57,62,47,15,32,78,35,43
CORYELL COUNTY,099,57 Years,715,315,400,472,209,263,124,62,62,48,18,30,71,26,45
CORYELL COUNTY,099,58 Years,712,318,394,481,219,262,122,53,69,44,18,26,65,28,37
CORYELL COUNTY,099,59 Years,705,318,387,499,209,290,106,54,52,38,22,16,62,33,29
CORYELL COUNTY,099,60 Years,633,284,349,451,202,249,86,41,45,39,16,23,57,25,32
CORYELL COUNTY,099,61 Years,605,273,332,430,197,233,81,36,45,40,13,27,54,27,27
CORYELL COUNTY,099,62 Years,577,265,312,405,188,217,74,38,36,44,10,34,54,29,25
CORYELL COUNTY,099,63 Years,540,249,291,405,194,211,59,25,34,38,7,31,38,23,15
CORYELL COUNTY,099,64 Years,534,261,273,396,199,197,59,26,33,30,8,22,49,28,21
CORYELL COUNTY,099,65 Years,510,241,269,368,181,187,54,25,29,34,14,20,54,21,33
CORYELL COUNTY,099,66 Years,459,214,245,350,167,183,50,27,23,25,7,18,34,13,21
CORYELL COUNTY,099,67 Years,467,219,248,369,171,198,40,23,17,22,7,15,36,18,18
CORYELL COUNTY,099,68 Years,492,222,270,378,171,207,41,19,22,23,7,16,50,25,25
CORYELL COUNTY,099,69 Years,491,225,266,387,184,203,39,18,21,24,7,17,41,16,25
CORYELL COUNTY,099,70 Years,371,159,212,292,129,163,33,16,17,15,5,10,31,9,22
CORYELL COUNTY,099,71 Years,355,153,202,271,122,149,40,18,22,18,4,14,26,9,17
CORYELL COUNTY,099,72 Years,354,160,194,283,132,151,34,14,20,18,4,14,19,10,9
CORYELL COUNTY,099,73 Years,342,161,181,271,130,141,26,11,15,17,4,13,28,16,12
CORYELL COUNTY,099,74 Years,317,150,167,259,125,134,21,10,11,16,3,13,21,12,9
CORYELL COUNTY,099,75 Years,291,129,162,242,110,132,20,11,9,13,2,11,16,6,10
CORYELL COUNTY,099,76 Years,258,109,149,208,93,115,20,10,10,14,1,13,16,5,11
CORYELL COUNTY,099,77 Years,247,100,147,191,79,112,20,8,12,14,4,10,22,9,13
CORYELL COUNTY,099,78 Years,253,111,142,208,95,113,16,5,11,13,4,9,16,7,9
CORYELL COUNTY,099,79 Years,244,104,140,205,88,117,12,5,7,11,4,7,16,7,9
CORYELL COUNTY,099,80 Years,199,80,119,165,65,100,10,4,6,9,3,6,15,8,7
CORYELL COUNTY,099,81 Years,172,69,103,145,59,86,8,2,6,6,0,6,13,8,5
CORYELL COUNTY,099,82 Years,148,63,85,124,56,68,8,2,6,9,2,7,7,3,4
CORYELL COUNTY,099,83 Years,137,60,77,111,52,59,8,3,5,12,2,10,6,3,3
CORYELL COUNTY,099,84 Years,133,53,80,107,44,63,8,4,4,6,0,6,12,5,7
CORYELL COUNTY,099,85 Years +,686,240,446,582,205,377,26,6,20,30,6,24,48,23,25
COTTLE COUNTY,101,All Ages,1431,702,729,961,464,497,126,60,66,18,9,9,326,169,157
COTTLE COUNTY,101,< 1 Year,15,8,7,7,3,4,2,1,1,0,0,0,6,4,2
COTTLE COUNTY,101,1 Years,14,8,6,7,4,3,2,1,1,0,0,0,5,3,2
COTTLE COUNTY,101,2 Years,17,9,8,8,4,4,3,2,1,0,0,0,6,3,3
COTTLE COUNTY,101,3 Years,16,9,7,6,4,2,3,2,1,0,0,0,7,3,4
COTTLE COUNTY,101,4 Years,16,10,6,7,5,2,3,2,1,0,0,0,6,3,3
COTTLE COUNTY,101,5 Years,19,11,8,8,5,3,1,0,1,0,0,0,10,6,4
COTTLE COUNTY,101,6 Years,19,8,11,9,2,7,0,0,0,1,0,1,9,6,3
COTTLE COUNTY,101,7 Years,17,9,8,9,6,3,0,0,0,1,0,1,7,3,4
COTTLE COUNTY,101,8 Years,11,8,3,5,4,1,0,0,0,1,1,0,5,3,2
COTTLE COUNTY,101,9 Years,14,9,5,6,4,2,1,1,0,0,0,0,7,4,3
COTTLE COUNTY,101,10 Years,17,7,10,9,4,5,2,0,2,0,0,0,6,3,3
COTTLE COUNTY,101,11 Years,14,5,9,9,4,5,1,0,1,0,0,0,4,1,3
COTTLE COUNTY,101,12 Years,20,9,11,14,6,8,1,1,0,0,0,0,5,2,3
COTTLE COUNTY,101,13 Years,27,13,14,18,9,9,1,1,0,0,0,0,8,3,5
COTTLE COUNTY,101,14 Years,25,16,9,18,11,7,2,2,0,1,1,0,4,2,2
COTTLE COUNTY,101,15 Years,27,16,11,20,12,8,1,0,1,0,0,0,6,4,2
COTTLE COUNTY,101,16 Years,23,15,8,16,11,5,0,0,0,0,0,0,7,4,3
COTTLE COUNTY,101,17 Years,19,10,9,11,7,4,2,0,2,0,0,0,6,3,3
COTTLE COUNTY,101,18 Years,14,7,7,7,3,4,1,0,1,1,1,0,5,3,2
COTTLE COUNTY,101,19 Years,17,11,6,11,6,5,1,1,0,0,0,0,5,4,1
COTTLE COUNTY,101,20 Years,15,8,7,7,3,4,1,0,1,1,1,0,6,4,2
COTTLE COUNTY,101,21 Years,16,8,8,5,2,3,3,1,2,1,1,0,7,4,3
COTTLE COUNTY,101,22 Years,16,8,8,6,3,3,7,3,4,0,0,0,3,2,1
COTTLE COUNTY,101,23 Years,21,14,7,9,5,4,7,6,1,0,0,0,5,3,2
COTTLE COUNTY,101,24 Years,20,12,8,9,7,2,5,4,1,1,1,0,5,0,5
COTTLE COUNTY,101,25 Years,13,7,6,7,4,3,2,1,1,1,0,1,3,2,1
COTTLE COUNTY,101,26 Years,12,6,6,8,3,5,0,0,0,1,0,1,3,3,0
COTTLE COUNTY,101,27 Years,8,2,6,3,0,3,1,0,1,0,0,0,4,2,2
COTTLE COUNTY,101,28 Years,7,3,4,4,2,2,1,0,1,0,0,0,2,1,1
COTTLE COUNTY,101,29 Years,10,5,5,5,3,2,2,1,1,0,0,0,3,1,2
COTTLE COUNTY,101,30 Years,13,5,8,8,5,3,2,0,2,0,0,0,3,0,3
COTTLE COUNTY,101,31 Years,12,8,4,8,5,3,0,0,0,0,0,0,4,3,1
COTTLE COUNTY,101,32 Years,8,5,3,5,3,2,0,0,0,0,0,0,3,2,1
COTTLE COUNTY,101,33 Years,14,6,8,7,4,3,2,1,1,1,0,1,4,1,3
COTTLE COUNTY,101,34 Years,11,7,4,8,6,2,1,1,0,0,0,0,2,0,2
COTTLE COUNTY,101,35 Years,10,4,6,6,3,3,1,0,1,0,0,0,3,1,2
COTTLE COUNTY,101,36 Years,14,6,8,8,5,3,1,0,1,0,0,0,5,1,4
COTTLE COUNTY,101,37 Years,12,6,6,7,3,4,0,0,0,0,0,0,5,3,2
COTTLE COUNTY,101,38 Years,12,6,6,7,4,3,0,0,0,0,0,0,5,2,3
COTTLE COUNTY,101,39 Years,10,2,8,5,1,4,1,0,1,0,0,0,4,1,3
COTTLE COUNTY,101,40 Years,10,3,7,7,2,5,1,1,0,0,0,0,2,0,2
COTTLE COUNTY,101,41 Years,13,3,10,9,2,7,1,1,0,0,0,0,3,0,3
COTTLE COUNTY,101,42 Years,17,6,11,9,3,6,4,1,3,0,0,0,4,2,2
COTTLE COUNTY,101,43 Years,9,5,4,4,2,2,2,1,1,0,0,0,3,2,1
COTTLE COUNTY,101,44 Years,8,3,5,5,3,2,1,0,1,0,0,0,2,0,2
COTTLE COUNTY,101,45 Years,8,4,4,4,2,2,2,1,1,0,0,0,2,1,1
COTTLE COUNTY,101,46 Years,13,7,6,8,4,4,2,1,1,0,0,0,3,2,1
COTTLE COUNTY,101,47 Years,12,5,7,9,3,6,0,0,0,1,0,1,2,2,0
COTTLE COUNTY,101,48 Years,20,8,12,16,5,11,2,2,0,0,0,0,2,1,1
COTTLE COUNTY,101,49 Years,16,8,8,12,7,5,2,0,2,0,0,0,2,1,1
COTTLE COUNTY,101,50 Years,11,5,6,8,4,4,0,0,0,0,0,0,3,1,2
COTTLE COUNTY,101,51 Years,17,8,9,10,6,4,4,1,3,0,0,0,3,1,2
COTTLE COUNTY,101,52 Years,20,10,10,16,8,8,1,0,1,0,0,0,3,2,1
COTTLE COUNTY,101,53 Years,24,11,13,16,8,8,2,0,2,1,1,0,5,2,3
COTTLE COUNTY,101,54 Years,21,10,11,14,6,8,3,2,1,0,0,0,4,2,2
COTTLE COUNTY,101,55 Years,23,10,13,15,7,8,2,0,2,0,0,0,6,3,3
COTTLE COUNTY,101,56 Years,21,11,10,15,7,8,1,1,0,0,0,0,5,3,2
COTTLE COUNTY,101,57 Years,18,13,5,14,9,5,0,0,0,0,0,0,4,4,0
COTTLE COUNTY,101,58 Years,19,10,9,12,6,6,1,0,1,0,0,0,6,4,2
COTTLE COUNTY,101,59 Years,19,9,10,14,6,8,2,1,1,0,0,0,3,2,1
COTTLE COUNTY,101,60 Years,14,9,5,9,5,4,1,1,0,1,0,1,3,3,0
COTTLE COUNTY,101,61 Years,20,10,10,11,5,6,2,1,1,0,0,0,7,4,3
COTTLE COUNTY,101,62 Years,18,8,10,13,6,7,1,0,1,0,0,0,4,2,2
COTTLE COUNTY,101,63 Years,17,6,11,14,5,9,1,0,1,0,0,0,2,1,1
COTTLE COUNTY,101,64 Years,18,7,11,13,5,8,3,1,2,0,0,0,2,1,1
COTTLE COUNTY,101,65 Years,28,15,13,23,12,11,2,1,1,0,0,0,3,2,1
COTTLE COUNTY,101,66 Years,24,15,9,20,13,7,2,1,1,0,0,0,2,1,1
COTTLE COUNTY,101,67 Years,17,9,8,13,6,7,1,1,0,0,0,0,3,2,1
COTTLE COUNTY,101,68 Years,19,8,11,16,6,10,1,1,0,0,0,0,2,1,1
COTTLE COUNTY,101,69 Years,21,9,12,19,7,12,0,0,0,0,0,0,2,2,0
COTTLE COUNTY,101,70 Years,20,10,10,18,9,9,1,1,0,0,0,0,1,0,1
COTTLE COUNTY,101,71 Years,20,13,7,14,9,5,2,1,1,1,1,0,3,2,1
COTTLE COUNTY,101,72 Years,22,11,11,18,8,10,1,0,1,0,0,0,3,3,0
COTTLE COUNTY,101,73 Years,18,8,10,16,7,9,2,1,1,0,0,0,0,0,0
COTTLE COUNTY,101,74 Years,16,6,10,15,6,9,1,0,1,0,0,0,0,0,0
COTTLE COUNTY,101,75 Years,21,8,13,19,7,12,0,0,0,0,0,0,2,1,1
COTTLE COUNTY,101,76 Years,18,5,13,13,3,10,1,1,0,2,1,1,2,0,2
COTTLE COUNTY,101,77 Years,19,10,9,16,9,7,2,1,1,1,0,1,0,0,0
COTTLE COUNTY,101,78 Years,15,8,7,14,7,7,0,0,0,0,0,0,1,1,0
COTTLE COUNTY,101,79 Years,14,5,9,12,4,8,0,0,0,0,0,0,2,1,1
COTTLE COUNTY,101,80 Years,11,4,7,10,4,6,0,0,0,0,0,0,1,0,1
COTTLE COUNTY,101,81 Years,12,7,5,11,6,5,0,0,0,0,0,0,1,1,0
COTTLE COUNTY,101,82 Years,13,6,7,12,5,7,0,0,0,0,0,0,1,1,0
COTTLE COUNTY,101,83 Years,14,6,8,13,6,7,0,0,0,0,0,0,1,0,1
COTTLE COUNTY,101,84 Years,14,6,8,11,4,7,0,0,0,0,0,0,3,2,1
COTTLE COUNTY,101,85 Years +,54,18,36,44,15,29,5,3,2,0,0,0,5,0,5
CRANE COUNTY,103,All Ages,4886,2435,2451,1798,875,923,123,61,62,81,41,40,2884,1458,1426
CRANE COUNTY,103,< 1 Year,71,43,28,12,7,5,0,0,0,0,0,0,59,36,23
CRANE COUNTY,103,1 Years,73,41,32,12,6,6,2,1,1,0,0,0,59,34,25
CRANE COUNTY,103,2 Years,72,40,32,13,8,5,3,2,1,0,0,0,56,30,26
CRANE COUNTY,103,3 Years,75,36,39,17,8,9,0,0,0,0,0,0,58,28,30
CRANE COUNTY,103,4 Years,69,33,36,16,8,8,0,0,0,0,0,0,53,25,28
CRANE COUNTY,103,5 Years,64,27,37,12,5,7,3,1,2,0,0,0,49,21,28
CRANE COUNTY,103,6 Years,74,30,44,14,5,9,3,0,3,0,0,0,57,25,32
CRANE COUNTY,103,7 Years,72,35,37,16,6,10,3,2,1,1,1,0,52,26,26
CRANE COUNTY,103,8 Years,65,34,31,18,7,11,1,1,0,0,0,0,46,26,20
CRANE COUNTY,103,9 Years,62,31,31,12,7,5,3,2,1,3,2,1,44,20,24
CRANE COUNTY,103,10 Years,67,35,32,16,9,7,2,1,1,1,1,0,48,24,24
CRANE COUNTY,103,11 Years,80,42,38,23,12,11,1,0,1,0,0,0,56,30,26
CRANE COUNTY,103,12 Years,83,38,45,22,13,9,2,0,2,0,0,0,59,25,34
CRANE COUNTY,103,13 Years,70,38,32,21,14,7,2,1,1,0,0,0,47,23,24
CRANE COUNTY,103,14 Years,70,40,30,21,11,10,4,2,2,2,1,1,43,26,17
CRANE COUNTY,103,15 Years,76,39,37,19,8,11,3,2,1,2,1,1,52,28,24
CRANE COUNTY,103,16 Years,86,46,40,27,12,15,1,1,0,1,1,0,57,32,25
CRANE COUNTY,103,17 Years,80,41,39,22,11,11,2,1,1,0,0,0,56,29,27
CRANE COUNTY,103,18 Years,74,37,37,16,9,7,0,0,0,1,0,1,57,28,29
CRANE COUNTY,103,19 Years,70,31,39,15,7,8,3,1,2,1,0,1,51,23,28
CRANE COUNTY,103,20 Years,70,34,36,18,11,7,3,0,3,0,0,0,49,23,26
CRANE COUNTY,103,21 Years,78,38,40,21,11,10,1,0,1,1,1,0,55,26,29
CRANE COUNTY,103,22 Years,88,41,47,26,11,15,3,0,3,1,1,0,58,29,29
CRANE COUNTY,103,23 Years,81,40,41,23,8,15,2,1,1,2,2,0,54,29,25
CRANE COUNTY,103,24 Years,83,45,38,21,13,8,1,1,0,6,3,3,55,28,27
CRANE COUNTY,103,25 Years,65,37,28,14,8,6,2,2,0,5,3,2,44,24,20
CRANE COUNTY,103,26 Years,50,27,23,12,5,7,1,1,0,2,1,1,35,20,15
CRANE COUNTY,103,27 Years,54,27,27,20,9,11,0,0,0,1,1,0,33,17,16
CRANE COUNTY,103,28 Years,52,28,24,16,10,6,1,1,0,1,1,0,34,16,18
CRANE COUNTY,103,29 Years,42,24,18,10,6,4,4,3,1,1,0,1,27,15,12
CRANE COUNTY,103,30 Years,54,29,25,16,8,8,2,1,1,1,1,0,35,19,16
CRANE COUNTY,103,31 Years,55,26,29,18,8,10,3,2,1,2,2,0,32,14,18
CRANE COUNTY,103,32 Years,55,26,29,13,6,7,1,1,0,2,1,1,39,18,21
CRANE COUNTY,103,33 Years,56,23,33,16,7,9,0,0,0,2,0,2,38,16,22
CRANE COUNTY,103,34 Years,58,25,33,22,8,14,2,1,1,2,1,1,32,15,17
CRANE COUNTY,103,35 Years,63,32,31,24,10,14,1,1,0,1,1,0,37,20,17
CRANE COUNTY,103,36 Years,49,25,24,17,10,7,2,1,1,0,0,0,30,14,16
CRANE COUNTY,103,37 Years,44,27,17,16,12,4,1,1,0,0,0,0,27,14,13
CRANE COUNTY,103,38 Years,57,32,25,18,10,8,2,1,1,1,1,0,36,20,16
CRANE COUNTY,103,39 Years,52,29,23,13,6,7,2,1,1,1,1,0,36,21,15
CRANE COUNTY,103,40 Years,53,29,24,12,8,4,0,0,0,0,0,0,41,21,20
CRANE COUNTY,103,41 Years,53,26,27,12,5,7,0,0,0,1,0,1,40,21,19
CRANE COUNTY,103,42 Years,44,26,18,8,4,4,0,0,0,1,0,1,35,22,13
CRANE COUNTY,103,43 Years,48,22,26,14,5,9,1,1,0,0,0,0,33,16,17
CRANE COUNTY,103,44 Years,59,28,31,17,8,9,0,0,0,0,0,0,42,20,22
CRANE COUNTY,103,45 Years,62,22,40,23,8,15,0,0,0,0,0,0,39,14,25
CRANE COUNTY,103,46 Years,52,22,30,24,11,13,1,0,1,2,2,0,25,9,16
CRANE COUNTY,103,47 Years,60,34,26,23,12,11,1,0,1,2,0,2,34,22,12
CRANE COUNTY,103,48 Years,65,36,29,29,14,15,0,0,0,0,0,0,36,22,14
CRANE COUNTY,103,49 Years,71,35,36,35,17,18,0,0,0,0,0,0,36,18,18
CRANE COUNTY,103,50 Years,72,32,40,32,16,16,0,0,0,0,0,0,40,16,24
CRANE COUNTY,103,51 Years,69,35,34,33,15,18,3,2,1,0,0,0,33,18,15
CRANE COUNTY,103,52 Years,76,35,41,34,13,21,2,1,1,1,0,1,39,21,18
CRANE COUNTY,103,53 Years,79,40,39,43,22,21,1,1,0,0,0,0,35,17,18
CRANE COUNTY,103,54 Years,75,40,35,42,22,20,1,1,0,2,0,2,30,17,13
CRANE COUNTY,103,55 Years,70,33,37,32,14,18,1,0,1,4,1,3,33,18,15
CRANE COUNTY,103,56 Years,71,39,32,35,18,17,2,2,0,2,0,2,32,19,13
CRANE COUNTY,103,57 Years,69,31,38,35,15,20,0,0,0,2,1,1,32,15,17
CRANE COUNTY,103,58 Years,62,33,29,39,21,18,1,0,1,1,1,0,21,11,10
CRANE COUNTY,103,59 Years,62,31,31,30,17,13,2,1,1,3,2,1,27,11,16
CRANE COUNTY,103,60 Years,61,34,27,30,16,14,3,2,1,1,0,1,27,16,11
CRANE COUNTY,103,61 Years,61,28,33,27,11,16,4,1,3,2,1,1,28,15,13
CRANE COUNTY,103,62 Years,54,26,28,30,14,16,2,1,1,0,0,0,22,11,11
CRANE COUNTY,103,63 Years,51,29,22,28,14,14,2,2,0,1,1,0,20,12,8
CRANE COUNTY,103,64 Years,53,29,24,30,16,14,2,1,1,0,0,0,21,12,9
CRANE COUNTY,103,65 Years,43,24,19,26,14,12,2,1,1,0,0,0,15,9,6
CRANE COUNTY,103,66 Years,47,21,26,22,10,12,2,1,1,1,0,1,22,10,12
CRANE COUNTY,103,67 Years,43,23,20,18,11,7,2,1,1,2,1,1,21,10,11
CRANE COUNTY,103,68 Years,39,22,17,28,17,11,2,0,2,2,1,1,7,4,3
CRANE COUNTY,103,69 Years,41,20,21,28,15,13,1,0,1,2,1,1,10,4,6
CRANE COUNTY,103,70 Years,38,16,22,21,10,11,0,0,0,1,0,1,16,6,10
CRANE COUNTY,103,71 Years,32,13,19,16,8,8,2,1,1,0,0,0,14,4,10
CRANE COUNTY,103,72 Years,30,13,17,14,5,9,1,1,0,0,0,0,15,7,8
CRANE COUNTY,103,73 Years,33,16,17,21,9,12,1,1,0,0,0,0,11,6,5
CRANE COUNTY,103,74 Years,24,12,12,17,8,9,0,0,0,0,0,0,7,4,3
CRANE COUNTY,103,75 Years,32,14,18,17,8,9,2,0,2,0,0,0,13,6,7
CRANE COUNTY,103,76 Years,27,13,14,17,8,9,1,0,1,0,0,0,9,5,4
CRANE COUNTY,103,77 Years,28,14,14,20,10,10,1,0,1,0,0,0,7,4,3
CRANE COUNTY,103,78 Years,22,9,13,16,6,10,0,0,0,0,0,0,6,3,3
CRANE COUNTY,103,79 Years,22,12,10,12,7,5,1,1,0,1,0,1,8,4,4
CRANE COUNTY,103,80 Years,23,11,12,13,5,8,1,1,0,0,0,0,9,5,4
CRANE COUNTY,103,81 Years,21,7,14,14,5,9,0,0,0,1,0,1,6,2,4
CRANE COUNTY,103,82 Years,18,8,10,10,5,5,0,0,0,0,0,0,8,3,5
CRANE COUNTY,103,83 Years,16,7,9,11,6,5,0,0,0,0,0,0,5,1,4
CRANE COUNTY,103,84 Years,13,4,9,8,3,5,0,0,0,0,0,0,5,1,4
CRANE COUNTY,103,85 Years +,83,29,54,54,19,35,3,0,3,2,1,1,24,9,15
CROCKETT COUNTY,105,All Ages,3649,1807,1842,1241,613,628,11,7,4,42,29,13,2355,1158,1197
CROCKETT COUNTY,105,< 1 Year,48,26,22,11,6,5,0,0,0,0,0,0,37,20,17
CROCKETT COUNTY,105,1 Years,52,26,26,13,7,6,0,0,0,0,0,0,39,19,20
CROCKETT COUNTY,105,2 Years,53,25,28,13,6,7,0,0,0,1,1,0,39,18,21
CROCKETT COUNTY,105,3 Years,50,23,27,14,6,8,0,0,0,0,0,0,36,17,19
CROCKETT COUNTY,105,4 Years,53,27,26,17,7,10,0,0,0,0,0,0,36,20,16
CROCKETT COUNTY,105,5 Years,55,27,28,18,6,12,0,0,0,0,0,0,37,21,16
CROCKETT COUNTY,105,6 Years,51,28,23,17,7,10,0,0,0,0,0,0,34,21,13
CROCKETT COUNTY,105,7 Years,51,28,23,13,6,7,0,0,0,1,1,0,37,21,16
CROCKETT COUNTY,105,8 Years,53,25,28,16,7,9,0,0,0,1,0,1,36,18,18
CROCKETT COUNTY,105,9 Years,60,30,30,16,8,8,0,0,0,0,0,0,44,22,22
CROCKETT COUNTY,105,10 Years,53,22,31,11,6,5,0,0,0,0,0,0,42,16,26
CROCKETT COUNTY,105,11 Years,50,24,26,10,5,5,0,0,0,1,1,0,39,18,21
CROCKETT COUNTY,105,12 Years,54,30,24,11,7,4,0,0,0,0,0,0,43,23,20
CROCKETT COUNTY,105,13 Years,52,28,24,6,5,1,0,0,0,1,1,0,45,22,23
CROCKETT COUNTY,105,14 Years,49,26,23,7,3,4,0,0,0,1,1,0,41,22,19
CROCKETT COUNTY,105,15 Years,43,24,19,7,5,2,0,0,0,0,0,0,36,19,17
CROCKETT COUNTY,105,16 Years,42,23,19,7,5,2,0,0,0,0,0,0,35,18,17
CROCKETT COUNTY,105,17 Years,44,22,22,7,2,5,0,0,0,0,0,0,37,20,17
CROCKETT COUNTY,105,18 Years,49,21,28,11,7,4,0,0,0,0,0,0,38,14,24
CROCKETT COUNTY,105,19 Years,45,20,25,8,3,5,0,0,0,0,0,0,37,17,20
CROCKETT COUNTY,105,20 Years,45,20,25,6,3,3,0,0,0,0,0,0,39,17,22
CROCKETT COUNTY,105,21 Years,42,19,23,7,3,4,0,0,0,0,0,0,35,16,19
CROCKETT COUNTY,105,22 Years,55,26,29,9,4,5,0,0,0,0,0,0,46,22,24
CROCKETT COUNTY,105,23 Years,52,27,25,13,6,7,1,1,0,1,1,0,37,19,18
CROCKETT COUNTY,105,24 Years,49,21,28,14,6,8,0,0,0,1,1,0,34,14,20
CROCKETT COUNTY,105,25 Years,36,17,19,13,6,7,0,0,0,0,0,0,23,11,12
CROCKETT COUNTY,105,26 Years,32,15,17,13,7,6,0,0,0,1,0,1,18,8,10
CROCKETT COUNTY,105,27 Years,21,12,9,7,5,2,0,0,0,0,0,0,14,7,7
CROCKETT COUNTY,105,28 Years,30,17,13,11,8,3,0,0,0,0,0,0,19,9,10
CROCKETT COUNTY,105,29 Years,34,17,17,13,9,4,0,0,0,0,0,0,21,8,13
CROCKETT COUNTY,105,30 Years,32,13,19,9,4,5,0,0,0,0,0,0,23,9,14
CROCKETT COUNTY,105,31 Years,32,18,14,9,5,4,0,0,0,0,0,0,23,13,10
CROCKETT COUNTY,105,32 Years,34,16,18,13,5,8,0,0,0,0,0,0,21,11,10
CROCKETT COUNTY,105,33 Years,35,15,20,13,6,7,0,0,0,0,0,0,22,9,13
CROCKETT COUNTY,105,34 Years,45,24,21,15,8,7,0,0,0,0,0,0,30,16,14
CROCKETT COUNTY,105,35 Years,48,28,20,18,9,9,0,0,0,0,0,0,30,19,11
CROCKETT COUNTY,105,36 Years,50,22,28,17,7,10,0,0,0,0,0,0,33,15,18
CROCKETT COUNTY,105,37 Years,35,14,21,12,6,6,0,0,0,0,0,0,23,8,15
CROCKETT COUNTY,105,38 Years,35,16,19,11,6,5,0,0,0,0,0,0,24,10,14
CROCKETT COUNTY,105,39 Years,38,18,20,9,6,3,1,0,1,0,0,0,28,12,16
CROCKETT COUNTY,105,40 Years,41,19,22,10,4,6,0,0,0,0,0,0,31,15,16
CROCKETT COUNTY,105,41 Years,31,16,15,7,4,3,0,0,0,0,0,0,24,12,12
CROCKETT COUNTY,105,42 Years,33,18,15,9,6,3,0,0,0,2,2,0,22,10,12
CROCKETT COUNTY,105,43 Years,46,24,22,13,6,7,0,0,0,1,1,0,32,17,15
CROCKETT COUNTY,105,44 Years,47,24,23,14,8,6,1,1,0,1,1,0,31,14,17
CROCKETT COUNTY,105,45 Years,46,28,18,12,7,5,0,0,0,1,0,1,33,21,12
CROCKETT COUNTY,105,46 Years,35,19,16,10,4,6,0,0,0,0,0,0,25,15,10
CROCKETT COUNTY,105,47 Years,39,22,17,12,7,5,0,0,0,0,0,0,27,15,12
CROCKETT COUNTY,105,48 Years,39,19,20,11,4,7,1,1,0,0,0,0,27,14,13
CROCKETT COUNTY,105,49 Years,39,18,21,9,6,3,0,0,0,1,0,1,29,12,17
CROCKETT COUNTY,105,50 Years,52,28,24,16,9,7,0,0,0,3,3,0,33,16,17
CROCKETT COUNTY,105,51 Years,47,22,25,21,7,14,1,1,0,2,1,1,23,13,10
CROCKETT COUNTY,105,52 Years,43,16,27,21,9,12,0,0,0,1,0,1,21,7,14
CROCKETT COUNTY,105,53 Years,50,22,28,25,11,14,0,0,0,1,0,1,24,11,13
CROCKETT COUNTY,105,54 Years,45,26,19,17,10,7,0,0,0,1,0,1,27,16,11
CROCKETT COUNTY,105,55 Years,48,25,23,24,13,11,0,0,0,2,1,1,22,11,11
CROCKETT COUNTY,105,56 Years,52,26,26,25,13,12,0,0,0,0,0,0,27,13,14
CROCKETT COUNTY,105,57 Years,54,28,26,28,13,15,0,0,0,2,2,0,24,13,11
CROCKETT COUNTY,105,58 Years,59,29,30,25,10,15,0,0,0,2,2,0,32,17,15
CROCKETT COUNTY,105,59 Years,52,28,24,23,12,11,0,0,0,2,1,1,27,15,12
CROCKETT COUNTY,105,60 Years,64,36,28,34,18,16,0,0,0,1,0,1,29,18,11
CROCKETT COUNTY,105,61 Years,66,35,31,32,15,17,0,0,0,0,0,0,34,20,14
CROCKETT COUNTY,105,62 Years,53,31,22,27,15,12,0,0,0,1,1,0,25,15,10
CROCKETT COUNTY,105,63 Years,54,24,30,21,12,9,0,0,0,1,0,1,32,12,20
CROCKETT COUNTY,105,64 Years,46,24,22,20,13,7,0,0,0,0,0,0,26,11,15
CROCKETT COUNTY,105,65 Years,40,23,17,17,9,8,0,0,0,2,2,0,21,12,9
CROCKETT COUNTY,105,66 Years,46,17,29,17,6,11,0,0,0,2,1,1,27,10,17
CROCKETT COUNTY,105,67 Years,43,23,20,22,11,11,0,0,0,2,2,0,19,10,9
CROCKETT COUNTY,105,68 Years,36,19,17,22,12,10,0,0,0,0,0,0,14,7,7
CROCKETT COUNTY,105,69 Years,43,24,19,23,14,9,0,0,0,1,1,0,19,9,10
CROCKETT COUNTY,105,70 Years,32,14,18,14,7,7,1,0,1,0,0,0,17,7,10
CROCKETT COUNTY,105,71 Years,33,16,17,19,10,9,0,0,0,0,0,0,14,6,8
CROCKETT COUNTY,105,72 Years,45,24,21,15,7,8,0,0,0,1,1,0,29,16,13
CROCKETT COUNTY,105,73 Years,39,20,19,17,8,9,0,0,0,0,0,0,22,12,10
CROCKETT COUNTY,105,74 Years,30,13,17,13,5,8,0,0,0,0,0,0,17,8,9
CROCKETT COUNTY,105,75 Years,28,9,19,13,3,10,0,0,0,0,0,0,15,6,9
CROCKETT COUNTY,105,76 Years,26,10,16,10,3,7,1,0,1,0,0,0,15,7,8
CROCKETT COUNTY,105,77 Years,22,10,12,9,4,5,1,1,0,0,0,0,12,5,7
CROCKETT COUNTY,105,78 Years,24,12,12,8,5,3,1,1,0,0,0,0,15,6,9
CROCKETT COUNTY,105,79 Years,21,12,9,13,8,5,1,1,0,0,0,0,7,3,4
CROCKETT COUNTY,105,80 Years,22,11,11,10,5,5,0,0,0,0,0,0,12,6,6
CROCKETT COUNTY,105,81 Years,22,11,11,10,3,7,0,0,0,0,0,0,12,8,4
CROCKETT COUNTY,105,82 Years,18,9,9,7,4,3,0,0,0,0,0,0,11,5,6
CROCKETT COUNTY,105,83 Years,20,10,10,10,5,5,0,0,0,0,0,0,10,5,5
CROCKETT COUNTY,105,84 Years,18,5,13,9,3,6,0,0,0,0,0,0,9,2,7
CROCKETT COUNTY,105,85 Years +,73,28,45,32,12,20,1,0,1,0,0,0,40,16,24
CROSBY COUNTY,107,All Ages,5908,2857,3051,2193,1044,1149,169,73,96,67,35,32,3479,1705,1774
CROSBY COUNTY,107,< 1 Year,74,42,32,15,9,6,2,1,1,0,0,0,57,32,25
CROSBY COUNTY,107,1 Years,77,42,35,15,8,7,2,1,1,0,0,0,60,33,27
CROSBY COUNTY,107,2 Years,78,41,37,15,8,7,1,0,1,1,1,0,61,32,29
CROSBY COUNTY,107,3 Years,73,35,38,14,7,7,0,0,0,1,1,0,58,27,31
CROSBY COUNTY,107,4 Years,67,29,38,15,7,8,0,0,0,1,1,0,51,21,30
CROSBY COUNTY,107,5 Years,79,37,42,14,6,8,1,1,0,0,0,0,64,30,34
CROSBY COUNTY,107,6 Years,99,56,43,16,8,8,2,2,0,1,1,0,80,45,35
CROSBY COUNTY,107,7 Years,87,46,41,22,11,11,3,2,1,0,0,0,62,33,29
CROSBY COUNTY,107,8 Years,95,51,44,22,15,7,5,1,4,1,0,1,67,35,32
CROSBY COUNTY,107,9 Years,101,48,53,25,11,14,6,3,3,2,1,1,68,33,35
CROSBY COUNTY,107,10 Years,103,52,51,26,12,14,4,2,2,2,1,1,71,37,34
CROSBY COUNTY,107,11 Years,91,50,41,21,10,11,3,2,1,1,1,0,66,37,29
CROSBY COUNTY,107,12 Years,95,46,49,24,14,10,2,1,1,0,0,0,69,31,38
CROSBY COUNTY,107,13 Years,92,46,46,23,12,11,2,1,1,0,0,0,67,33,34
CROSBY COUNTY,107,14 Years,95,52,43,22,14,8,4,3,1,1,1,0,68,34,34
CROSBY COUNTY,107,15 Years,94,48,46,24,14,10,2,1,1,2,1,1,66,32,34
CROSBY COUNTY,107,16 Years,94,45,49,23,11,12,2,1,1,0,0,0,69,33,36
CROSBY COUNTY,107,17 Years,91,43,48,25,11,14,2,0,2,0,0,0,64,32,32
CROSBY COUNTY,107,18 Years,100,52,48,27,15,12,4,2,2,1,1,0,68,34,34
CROSBY COUNTY,107,19 Years,90,53,37,21,11,10,6,4,2,1,1,0,62,37,25
CROSBY COUNTY,107,20 Years,79,37,42,19,8,11,2,1,1,0,0,0,58,28,30
CROSBY COUNTY,107,21 Years,81,39,42,21,12,9,1,1,0,2,0,2,57,26,31
CROSBY COUNTY,107,22 Years,89,44,45,28,17,11,2,2,0,1,0,1,58,25,33
CROSBY COUNTY,107,23 Years,100,47,53,31,16,15,2,0,2,3,0,3,64,31,33
CROSBY COUNTY,107,24 Years,87,39,48,25,13,12,1,0,1,1,0,1,60,26,34
CROSBY COUNTY,107,25 Years,60,26,34,11,4,7,1,1,0,1,1,0,47,20,27
CROSBY COUNTY,107,26 Years,57,26,31,13,5,8,0,0,0,2,2,0,42,19,23
CROSBY COUNTY,107,27 Years,63,35,28,16,10,6,3,2,1,2,2,0,42,21,21
CROSBY COUNTY,107,28 Years,51,26,25,9,4,5,1,1,0,1,1,0,40,20,20
CROSBY COUNTY,107,29 Years,50,24,26,12,6,6,1,0,1,2,0,2,35,18,17
CROSBY COUNTY,107,30 Years,45,21,24,13,5,8,1,0,1,1,0,1,30,16,14
CROSBY COUNTY,107,31 Years,55,23,32,19,9,10,1,0,1,0,0,0,35,14,21
CROSBY COUNTY,107,32 Years,62,28,34,19,9,10,3,0,3,0,0,0,40,19,21
CROSBY COUNTY,107,33 Years,63,28,35,19,10,9,2,0,2,0,0,0,42,18,24
CROSBY COUNTY,107,34 Years,64,25,39,21,6,15,1,0,1,0,0,0,42,19,23
CROSBY COUNTY,107,35 Years,67,31,36,20,7,13,4,2,2,0,0,0,43,22,21
CROSBY COUNTY,107,36 Years,70,34,36,23,11,12,2,0,2,0,0,0,45,23,22
CROSBY COUNTY,107,37 Years,69,36,33,25,14,11,2,2,0,0,0,0,42,20,22
CROSBY COUNTY,107,38 Years,80,35,45,26,11,15,4,1,3,2,0,2,48,23,25
CROSBY COUNTY,107,39 Years,78,36,42,27,11,16,1,1,0,0,0,0,50,24,26
CROSBY COUNTY,107,40 Years,64,33,31,24,12,12,1,1,0,0,0,0,39,20,19
CROSBY COUNTY,107,41 Years,57,28,29,18,8,10,2,1,1,1,0,1,36,19,17
CROSBY COUNTY,107,42 Years,53,25,28,19,10,9,1,0,1,2,1,1,31,14,17
CROSBY COUNTY,107,43 Years,65,33,32,23,11,12,1,0,1,2,1,1,39,21,18
CROSBY COUNTY,107,44 Years,62,28,34,24,11,13,0,0,0,1,0,1,37,17,20
CROSBY COUNTY,107,45 Years,66,33,33,25,13,12,2,0,2,0,0,0,39,20,19
CROSBY COUNTY,107,46 Years,61,29,32,22,11,11,2,0,2,1,0,1,36,18,18
CROSBY COUNTY,107,47 Years,56,24,32,18,8,10,0,0,0,1,0,1,37,16,21
CROSBY COUNTY,107,48 Years,69,34,35,30,16,14,0,0,0,0,0,0,39,18,21
CROSBY COUNTY,107,49 Years,63,31,32,20,11,9,2,2,0,0,0,0,41,18,23
CROSBY COUNTY,107,50 Years,69,37,32,20,11,9,4,2,2,1,0,1,44,24,20
CROSBY COUNTY,107,51 Years,68,32,36,30,15,15,2,1,1,1,0,1,35,16,19
CROSBY COUNTY,107,52 Years,57,27,30,29,15,14,1,1,0,1,0,1,26,11,15
CROSBY COUNTY,107,53 Years,61,27,34,30,13,17,1,1,0,1,1,0,29,12,17
CROSBY COUNTY,107,54 Years,69,31,38,29,15,14,2,0,2,1,0,1,37,16,21
CROSBY COUNTY,107,55 Years,71,38,33,34,19,15,2,1,1,0,0,0,35,18,17
CROSBY COUNTY,107,56 Years,86,43,43,42,19,23,2,2,0,0,0,0,42,22,20
CROSBY COUNTY,107,57 Years,70,32,38,35,13,22,1,1,0,0,0,0,34,18,16
CROSBY COUNTY,107,58 Years,77,35,42,37,15,22,3,2,1,1,1,0,36,17,19
CROSBY COUNTY,107,59 Years,81,39,42,38,18,20,2,1,1,1,1,0,40,19,21
CROSBY COUNTY,107,60 Years,81,39,42,45,25,20,2,1,1,1,0,1,33,13,20
CROSBY COUNTY,107,61 Years,63,29,34,32,14,18,0,0,0,2,1,1,29,14,15
CROSBY COUNTY,107,62 Years,70,30,40,35,14,21,1,0,1,1,1,0,33,15,18
CROSBY COUNTY,107,63 Years,65,33,32,35,19,16,3,1,2,1,0,1,26,13,13
CROSBY COUNTY,107,64 Years,69,37,32,34,17,17,2,0,2,2,1,1,31,19,12
CROSBY COUNTY,107,65 Years,67,36,31,38,19,19,1,0,1,0,0,0,28,17,11
CROSBY COUNTY,107,66 Years,56,28,28,36,17,19,0,0,0,0,0,0,20,11,9
CROSBY COUNTY,107,67 Years,64,33,31,37,17,20,2,1,1,0,0,0,25,15,10
CROSBY COUNTY,107,68 Years,67,27,40,37,17,20,2,0,2,1,0,1,27,10,17
CROSBY COUNTY,107,69 Years,46,25,21,24,14,10,2,1,1,0,0,0,20,10,10
CROSBY COUNTY,107,70 Years,53,31,22,25,14,11,2,1,1,2,2,0,24,14,10
CROSBY COUNTY,107,71 Years,65,29,36,31,15,16,2,0,2,3,3,0,29,11,18
CROSBY COUNTY,107,72 Years,57,26,31,36,17,19,0,0,0,2,2,0,19,7,12
CROSBY COUNTY,107,73 Years,62,29,33,36,16,20,2,1,1,1,0,1,23,12,11
CROSBY COUNTY,107,74 Years,53,26,27,34,15,19,3,1,2,0,0,0,16,10,6
CROSBY COUNTY,107,75 Years,48,18,30,30,13,17,2,0,2,0,0,0,16,5,11
CROSBY COUNTY,107,76 Years,45,19,26,28,12,16,1,0,1,0,0,0,16,7,9
CROSBY COUNTY,107,77 Years,40,18,22,28,11,17,1,1,0,1,1,0,10,5,5
CROSBY COUNTY,107,78 Years,33,13,20,23,9,14,1,0,1,1,1,0,8,3,5
CROSBY COUNTY,107,79 Years,39,18,21,23,10,13,2,1,1,1,1,0,13,6,7
CROSBY COUNTY,107,80 Years,33,15,18,19,8,11,0,0,0,0,0,0,14,7,7
CROSBY COUNTY,107,81 Years,31,17,14,22,12,10,1,0,1,0,0,0,8,5,3
CROSBY COUNTY,107,82 Years,30,15,15,16,8,8,3,1,2,0,0,0,11,6,5
CROSBY COUNTY,107,83 Years,24,10,14,13,6,7,3,1,2,0,0,0,8,3,5
CROSBY COUNTY,107,84 Years,28,10,18,16,5,11,3,0,3,0,0,0,9,5,4
CROSBY COUNTY,107,85 Years +,149,53,96,107,34,73,9,4,5,0,0,0,33,15,18
CULBERSON COUNTY,109,All Ages,2233,1095,1138,460,235,225,6,3,3,53,26,27,1714,831,883
CULBERSON COUNTY,109,< 1 Year,38,22,16,10,3,7,0,0,0,1,1,0,27,18,9
CULBERSON COUNTY,109,1 Years,38,23,15,9,4,5,0,0,0,1,1,0,28,18,10
CULBERSON COUNTY,109,2 Years,37,23,14,6,4,2,0,0,0,1,0,1,30,19,11
CULBERSON COUNTY,109,3 Years,36,20,16,6,3,3,0,0,0,0,0,0,30,17,13
CULBERSON COUNTY,109,4 Years,34,18,16,5,3,2,0,0,0,1,0,1,28,15,13
CULBERSON COUNTY,109,5 Years,31,13,18,5,1,4,0,0,0,1,0,1,25,12,13
CULBERSON COUNTY,109,6 Years,35,12,23,5,3,2,0,0,0,0,0,0,30,9,21
CULBERSON COUNTY,109,7 Years,32,14,18,5,3,2,0,0,0,0,0,0,27,11,16
CULBERSON COUNTY,109,8 Years,36,22,14,3,2,1,0,0,0,0,0,0,33,20,13
CULBERSON COUNTY,109,9 Years,25,16,9,2,1,1,0,0,0,0,0,0,23,15,8
CULBERSON COUNTY,109,10 Years,28,12,16,3,1,2,0,0,0,0,0,0,25,11,14
CULBERSON COUNTY,109,11 Years,28,11,17,3,1,2,0,0,0,0,0,0,25,10,15
CULBERSON COUNTY,109,12 Years,27,15,12,2,0,2,0,0,0,0,0,0,25,15,10
CULBERSON COUNTY,109,13 Years,35,18,17,5,3,2,0,0,0,0,0,0,30,15,15
CULBERSON COUNTY,109,14 Years,29,16,13,3,2,1,0,0,0,0,0,0,26,14,12
CULBERSON COUNTY,109,15 Years,34,19,15,5,3,2,0,0,0,0,0,0,29,16,13
CULBERSON COUNTY,109,16 Years,32,16,16,5,3,2,0,0,0,0,0,0,27,13,14
CULBERSON COUNTY,109,17 Years,29,17,12,5,3,2,0,0,0,1,1,0,23,13,10
CULBERSON COUNTY,109,18 Years,33,18,15,6,3,3,0,0,0,1,1,0,26,14,12
CULBERSON COUNTY,109,19 Years,28,14,14,6,3,3,0,0,0,2,2,0,20,9,11
CULBERSON COUNTY,109,20 Years,32,17,15,4,1,3,0,0,0,2,2,0,26,14,12
CULBERSON COUNTY,109,21 Years,33,14,19,6,1,5,0,0,0,1,0,1,26,13,13
CULBERSON COUNTY,109,22 Years,33,17,16,5,3,2,0,0,0,2,1,1,26,13,13
CULBERSON COUNTY,109,23 Years,33,20,13,2,2,0,0,0,0,1,1,0,30,17,13
CULBERSON COUNTY,109,24 Years,32,14,18,5,3,2,0,0,0,2,1,1,25,10,15
CULBERSON COUNTY,109,25 Years,25,11,14,3,1,2,0,0,0,1,1,0,21,9,12
CULBERSON COUNTY,109,26 Years,31,17,14,4,1,3,0,0,0,2,1,1,25,15,10
CULBERSON COUNTY,109,27 Years,31,14,17,5,3,2,0,0,0,1,0,1,25,11,14
CULBERSON COUNTY,109,28 Years,22,13,9,2,2,0,0,0,0,1,1,0,19,10,9
CULBERSON COUNTY,109,29 Years,23,15,8,4,3,1,1,1,0,1,1,0,17,10,7
CULBERSON COUNTY,109,30 Years,22,9,13,5,1,4,1,1,0,0,0,0,16,7,9
CULBERSON COUNTY,109,31 Years,19,8,11,7,4,3,1,1,0,0,0,0,11,3,8
CULBERSON COUNTY,109,32 Years,16,10,6,5,4,1,0,0,0,0,0,0,11,6,5
CULBERSON COUNTY,109,33 Years,20,8,12,3,2,1,0,0,0,1,0,1,16,6,10
CULBERSON COUNTY,109,34 Years,26,14,12,4,3,1,0,0,0,1,0,1,21,11,10
CULBERSON COUNTY,109,35 Years,24,10,14,5,3,2,0,0,0,2,1,1,17,6,11
CULBERSON COUNTY,109,36 Years,25,12,13,5,3,2,0,0,0,1,0,1,19,9,10
CULBERSON COUNTY,109,37 Years,19,9,10,1,0,1,0,0,0,1,0,1,17,9,8
CULBERSON COUNTY,109,38 Years,22,8,14,5,2,3,0,0,0,1,0,1,16,6,10
CULBERSON COUNTY,109,39 Years,22,13,9,5,3,2,0,0,0,0,0,0,17,10,7
CULBERSON COUNTY,109,40 Years,18,11,7,5,2,3,0,0,0,1,1,0,12,8,4
CULBERSON COUNTY,109,41 Years,19,7,12,3,1,2,0,0,0,1,0,1,15,6,9
CULBERSON COUNTY,109,42 Years,25,7,18,6,2,4,0,0,0,1,0,1,18,5,13
CULBERSON COUNTY,109,43 Years,23,13,10,4,3,1,0,0,0,0,0,0,19,10,9
CULBERSON COUNTY,109,44 Years,26,13,13,5,4,1,0,0,0,0,0,0,21,9,12
CULBERSON COUNTY,109,45 Years,25,13,12,5,3,2,0,0,0,0,0,0,20,10,10
CULBERSON COUNTY,109,46 Years,22,10,12,6,4,2,0,0,0,1,0,1,15,6,9
CULBERSON COUNTY,109,47 Years,23,7,16,3,1,2,1,0,1,0,0,0,19,6,13
CULBERSON COUNTY,109,48 Years,26,13,13,2,2,0,0,0,0,0,0,0,24,11,13
CULBERSON COUNTY,109,49 Years,28,12,16,5,3,2,0,0,0,1,0,1,22,9,13
CULBERSON COUNTY,109,50 Years,28,13,15,6,4,2,0,0,0,0,0,0,22,9,13
CULBERSON COUNTY,109,51 Years,31,15,16,7,3,4,0,0,0,1,1,0,23,11,12
CULBERSON COUNTY,109,52 Years,26,11,15,5,2,3,0,0,0,0,0,0,21,9,12
CULBERSON COUNTY,109,53 Years,24,9,15,6,2,4,0,0,0,1,0,1,17,7,10
CULBERSON COUNTY,109,54 Years,30,16,14,7,4,3,0,0,0,1,0,1,22,12,10
CULBERSON COUNTY,109,55 Years,31,17,14,3,2,1,0,0,0,0,0,0,28,15,13
CULBERSON COUNTY,109,56 Years,25,11,14,4,2,2,0,0,0,0,0,0,21,9,12
CULBERSON COUNTY,109,57 Years,24,13,11,5,3,2,0,0,0,1,1,0,18,9,9
CULBERSON COUNTY,109,58 Years,33,18,15,10,4,6,0,0,0,1,1,0,22,13,9
CULBERSON COUNTY,109,59 Years,29,14,15,7,2,5,0,0,0,1,0,1,21,12,9
CULBERSON COUNTY,109,60 Years,29,14,15,8,4,4,0,0,0,1,0,1,20,10,10
CULBERSON COUNTY,109,61 Years,31,14,17,8,5,3,0,0,0,0,0,0,23,9,14
CULBERSON COUNTY,109,62 Years,24,10,14,8,4,4,0,0,0,1,1,0,15,5,10
CULBERSON COUNTY,109,63 Years,26,11,15,9,4,5,0,0,0,2,2,0,15,5,10
CULBERSON COUNTY,109,64 Years,31,14,17,10,5,5,0,0,0,1,0,1,20,9,11
CULBERSON COUNTY,109,65 Years,26,12,14,6,2,4,0,0,0,0,0,0,20,10,10
CULBERSON COUNTY,109,66 Years,28,13,15,8,3,5,0,0,0,1,0,1,19,10,9
CULBERSON COUNTY,109,67 Years,27,13,14,9,5,4,0,0,0,1,0,1,17,8,9
CULBERSON COUNTY,109,68 Years,25,13,12,7,5,2,0,0,0,0,0,0,18,8,10
CULBERSON COUNTY,109,69 Years,23,9,14,5,3,2,0,0,0,1,1,0,17,5,12
CULBERSON COUNTY,109,70 Years,22,7,15,5,2,3,0,0,0,0,0,0,17,5,12
CULBERSON COUNTY,109,71 Years,21,9,12,6,3,3,0,0,0,0,0,0,15,6,9
CULBERSON COUNTY,109,72 Years,26,16,10,11,6,5,0,0,0,1,1,0,14,9,5
CULBERSON COUNTY,109,73 Years,18,9,9,6,4,2,0,0,0,0,0,0,12,5,7
CULBERSON COUNTY,109,74 Years,17,10,7,6,3,3,0,0,0,0,0,0,11,7,4
CULBERSON COUNTY,109,75 Years,18,9,9,5,1,4,0,0,0,0,0,0,13,8,5
CULBERSON COUNTY,109,76 Years,12,3,9,4,1,3,1,0,1,0,0,0,7,2,5
CULBERSON COUNTY,109,77 Years,16,10,6,5,4,1,1,0,1,0,0,0,10,6,4
CULBERSON COUNTY,109,78 Years,15,7,8,3,2,1,0,0,0,1,1,0,11,4,7
CULBERSON COUNTY,109,79 Years,18,5,13,7,1,6,0,0,0,1,0,1,10,4,6
CULBERSON COUNTY,109,80 Years,15,6,9,7,2,5,0,0,0,0,0,0,8,4,4
CULBERSON COUNTY,109,81 Years,13,6,7,2,1,1,0,0,0,0,0,0,11,5,6
CULBERSON COUNTY,109,82 Years,10,4,6,2,1,1,0,0,0,1,0,1,7,3,4
CULBERSON COUNTY,109,83 Years,7,3,4,3,2,1,0,0,0,0,0,0,4,1,3
CULBERSON COUNTY,109,84 Years,13,7,6,4,4,0,0,0,0,0,0,0,9,3,6
CULBERSON COUNTY,109,85 Years +,51,26,25,18,11,7,0,0,0,0,0,0,33,15,18
DALLAM COUNTY,111,All Ages,7193,3801,3392,3696,1918,1778,82,43,39,239,140,99,3176,1700,1476
DALLAM COUNTY,111,< 1 Year,141,73,68,41,21,20,2,1,1,17,13,4,81,38,43
DALLAM COUNTY,111,1 Years,128,67,61,41,21,20,1,0,1,16,11,5,70,35,35
DALLAM COUNTY,111,2 Years,120,65,55,46,25,21,0,0,0,13,8,5,61,32,29
DALLAM COUNTY,111,3 Years,118,62,56,49,25,24,0,0,0,11,7,4,58,30,28
DALLAM COUNTY,111,4 Years,124,65,59,53,28,25,2,1,1,7,4,3,62,32,30
DALLAM COUNTY,111,5 Years,122,59,63,57,26,31,2,1,1,4,3,1,59,29,30
DALLAM COUNTY,111,6 Years,108,55,53,50,26,24,0,0,0,4,2,2,54,27,27
DALLAM COUNTY,111,7 Years,123,68,55,58,32,26,0,0,0,1,0,1,64,36,28
DALLAM COUNTY,111,8 Years,125,70,55,55,28,27,1,0,1,5,3,2,64,39,25
DALLAM COUNTY,111,9 Years,124,63,61,52,26,26,0,0,0,6,3,3,66,34,32
DALLAM COUNTY,111,10 Years,131,68,63,56,29,27,2,2,0,5,2,3,68,35,33
DALLAM COUNTY,111,11 Years,112,61,51,51,29,22,1,1,0,7,3,4,53,28,25
DALLAM COUNTY,111,12 Years,115,66,49,42,24,18,0,0,0,8,5,3,65,37,28
DALLAM COUNTY,111,13 Years,122,68,54,51,29,22,1,0,1,6,4,2,64,35,29
DALLAM COUNTY,111,14 Years,107,62,45,42,24,18,1,0,1,1,1,0,63,37,26
DALLAM COUNTY,111,15 Years,100,52,48,37,19,18,1,0,1,2,0,2,60,33,27
DALLAM COUNTY,111,16 Years,109,51,58,49,20,29,1,1,0,2,0,2,57,30,27
DALLAM COUNTY,111,17 Years,110,55,55,40,22,18,2,0,2,6,3,3,62,30,32
DALLAM COUNTY,111,18 Years,95,53,42,33,18,15,0,0,0,5,3,2,57,32,25
DALLAM COUNTY,111,19 Years,89,48,41,35,16,19,1,1,0,1,1,0,52,30,22
DALLAM COUNTY,111,20 Years,87,45,42,38,18,20,1,0,1,2,1,1,46,26,20
DALLAM COUNTY,111,21 Years,88,44,44,33,17,16,2,0,2,2,1,1,51,26,25
DALLAM COUNTY,111,22 Years,87,42,45,40,22,18,3,2,1,0,0,0,44,18,26
DALLAM COUNTY,111,23 Years,99,49,50,47,23,24,1,1,0,3,2,1,48,23,25
DALLAM COUNTY,111,24 Years,94,48,46,50,25,25,1,0,1,1,0,1,42,23,19
DALLAM COUNTY,111,25 Years,97,51,46,48,23,25,2,0,2,0,0,0,47,28,19
DALLAM COUNTY,111,26 Years,92,51,41,39,20,19,1,0,1,0,0,0,52,31,21
DALLAM COUNTY,111,27 Years,91,57,34,43,24,19,2,1,1,1,1,0,45,31,14
DALLAM COUNTY,111,28 Years,92,52,40,51,28,23,1,0,1,2,2,0,38,22,16
DALLAM COUNTY,111,29 Years,82,42,40,44,23,21,1,0,1,2,1,1,35,18,17
DALLAM COUNTY,111,30 Years,104,54,50,57,28,29,1,0,1,3,2,1,43,24,19
DALLAM COUNTY,111,31 Years,111,62,49,62,34,28,3,1,2,5,4,1,41,23,18
DALLAM COUNTY,111,32 Years,111,63,48,61,33,28,1,1,0,3,3,0,46,26,20
DALLAM COUNTY,111,33 Years,108,61,47,59,33,26,0,0,0,2,2,0,47,26,21
DALLAM COUNTY,111,34 Years,97,59,38,49,28,21,1,1,0,2,1,1,45,29,16
DALLAM COUNTY,111,35 Years,97,57,40,48,29,19,0,0,0,2,1,1,47,27,20
DALLAM COUNTY,111,36 Years,103,64,39,47,32,15,2,1,1,5,2,3,49,29,20
DALLAM COUNTY,111,37 Years,85,46,39,41,22,19,1,1,0,2,0,2,41,23,18
DALLAM COUNTY,111,38 Years,84,42,42,35,17,18,1,0,1,2,1,1,46,24,22
DALLAM COUNTY,111,39 Years,73,33,40,31,11,20,1,1,0,5,2,3,36,19,17
DALLAM COUNTY,111,40 Years,79,40,39,28,13,15,2,1,1,2,1,1,47,25,22
DALLAM COUNTY,111,41 Years,89,49,40,41,23,18,2,1,1,1,0,1,45,25,20
DALLAM COUNTY,111,42 Years,92,41,51,46,20,26,2,1,1,2,1,1,42,19,23
DALLAM COUNTY,111,43 Years,97,53,44,48,28,20,1,1,0,3,3,0,45,21,24
DALLAM COUNTY,111,44 Years,91,44,47,49,24,25,0,0,0,3,1,2,39,19,20
DALLAM COUNTY,111,45 Years,89,43,46,47,19,28,0,0,0,3,2,1,39,22,17
DALLAM COUNTY,111,46 Years,81,45,36,44,24,20,0,0,0,2,1,1,35,20,15
DALLAM COUNTY,111,47 Years,84,52,32,45,26,19,1,1,0,1,1,0,37,24,13
DALLAM COUNTY,111,48 Years,91,45,46,49,26,23,1,1,0,1,1,0,40,17,23
DALLAM COUNTY,111,49 Years,85,42,43,44,24,20,0,0,0,3,2,1,38,16,22
DALLAM COUNTY,111,50 Years,89,45,44,44,20,24,1,0,1,3,3,0,41,22,19
DALLAM COUNTY,111,51 Years,92,51,41,51,27,24,2,1,1,1,1,0,38,22,16
DALLAM COUNTY,111,52 Years,86,47,39,50,25,25,2,2,0,4,2,2,30,18,12
DALLAM COUNTY,111,53 Years,103,56,47,58,31,27,2,2,0,2,0,2,41,23,18
DALLAM COUNTY,111,54 Years,103,55,48,63,35,28,1,1,0,2,0,2,37,19,18
DALLAM COUNTY,111,55 Years,81,41,40,46,22,24,1,1,0,3,2,1,31,16,15
DALLAM COUNTY,111,56 Years,77,42,35,46,22,24,1,1,0,1,1,0,29,18,11
DALLAM COUNTY,111,57 Years,80,39,41,53,30,23,0,0,0,2,1,1,25,8,17
DALLAM COUNTY,111,58 Years,75,41,34,52,32,20,0,0,0,2,0,2,21,9,12
DALLAM COUNTY,111,59 Years,78,35,43,51,23,28,0,0,0,3,2,1,24,10,14
DALLAM COUNTY,111,60 Years,67,33,34,44,22,22,0,0,0,1,0,1,22,11,11
DALLAM COUNTY,111,61 Years,65,37,28,42,23,19,3,2,1,2,2,0,18,10,8
DALLAM COUNTY,111,62 Years,85,50,35,62,33,29,2,2,0,2,1,1,19,14,5
DALLAM COUNTY,111,63 Years,87,52,35,63,38,25,3,1,2,1,1,0,20,12,8
DALLAM COUNTY,111,64 Years,68,39,29,50,29,21,1,1,0,1,0,1,16,9,7
DALLAM COUNTY,111,65 Years,70,39,31,48,27,21,1,1,0,2,1,1,19,10,9
DALLAM COUNTY,111,66 Years,76,40,36,52,29,23,1,0,1,1,1,0,22,10,12
DALLAM COUNTY,111,67 Years,69,36,33,48,27,21,0,0,0,0,0,0,21,9,12
DALLAM COUNTY,111,68 Years,66,32,34,47,23,24,0,0,0,0,0,0,19,9,10
DALLAM COUNTY,111,69 Years,59,32,27,40,21,19,0,0,0,2,0,2,17,11,6
DALLAM COUNTY,111,70 Years,41,22,19,26,13,13,2,1,1,1,1,0,12,7,5
DALLAM COUNTY,111,71 Years,42,22,20,31,16,15,1,1,0,0,0,0,10,5,5
DALLAM COUNTY,111,72 Years,42,20,22,30,15,15,1,0,1,0,0,0,11,5,6
DALLAM COUNTY,111,73 Years,41,18,23,29,11,18,0,0,0,0,0,0,12,7,5
DALLAM COUNTY,111,74 Years,41,22,19,27,13,14,0,0,0,1,1,0,13,8,5
DALLAM COUNTY,111,75 Years,40,22,18,29,15,14,0,0,0,2,2,0,9,5,4
DALLAM COUNTY,111,76 Years,34,18,16,24,13,11,1,0,1,1,1,0,8,4,4
DALLAM COUNTY,111,77 Years,29,14,15,22,10,12,1,0,1,1,1,0,5,3,2
DALLAM COUNTY,111,78 Years,28,13,15,21,8,13,0,0,0,0,0,0,7,5,2
DALLAM COUNTY,111,79 Years,25,11,14,21,9,12,0,0,0,0,0,0,4,2,2
DALLAM COUNTY,111,80 Years,25,9,16,20,8,12,0,0,0,0,0,0,5,1,4
DALLAM COUNTY,111,81 Years,16,9,7,10,7,3,0,0,0,0,0,0,6,2,4
DALLAM COUNTY,111,82 Years,17,11,6,13,7,6,2,2,0,0,0,0,2,2,0
DALLAM COUNTY,111,83 Years,19,9,10,12,5,7,0,0,0,1,1,0,6,3,3
DALLAM COUNTY,111,84 Years,15,6,9,11,4,7,0,0,0,0,0,0,4,2,2
DALLAM COUNTY,111,85 Years +,79,26,53,58,20,38,0,0,0,5,0,5,16,6,10
DALLAS COUNTY,113,All Ages,2591002,1291873,1299129,703882,347508,356374,576938,269504,307434,206893,102490,104403,1103289,572371,530918
DALLAS COUNTY,113,< 1 Year,43037,22052,20985,7919,4059,3860,8948,4574,4374,4271,2176,2095,21899,11243,10656
DALLAS COUNTY,113,1 Years,42734,21894,20840,7953,4086,3867,8899,4550,4349,4208,2145,2063,21674,11113,10561
DALLAS COUNTY,113,2 Years,41998,21550,20448,7855,4051,3804,8748,4461,4287,4061,2092,1969,21334,10946,10388
DALLAS COUNTY,113,3 Years,41406,21339,20067,7588,3937,3651,8640,4433,4207,3970,2058,1912,21208,10911,10297
DALLAS COUNTY,113,4 Years,40819,21040,19779,7333,3795,3538,8562,4402,4160,3826,2001,1825,21098,10842,10256
DALLAS COUNTY,113,5 Years,41075,21114,19961,7320,3770,3550,8614,4421,4193,3722,1969,1753,21419,10954,10465
DALLAS COUNTY,113,6 Years,39652,20286,19366,6726,3501,3225,8222,4223,3999,3341,1747,1594,21363,10815,10548
DALLAS COUNTY,113,7 Years,38090,19467,18623,6245,3205,3040,7963,4042,3921,3283,1676,1607,20599,10544,10055
DALLAS COUNTY,113,8 Years,38930,20002,18928,6181,3137,3044,8162,4199,3963,3391,1721,1670,21196,10945,10251
DALLAS COUNTY,113,9 Years,39056,20150,18906,6036,3140,2896,8239,4260,3979,3336,1679,1657,21445,11071,10374
DALLAS COUNTY,113,10 Years,38672,19868,18804,5784,3019,2765,8349,4267,4082,3340,1701,1639,21199,10881,10318
DALLAS COUNTY,113,11 Years,38133,19582,18551,5667,2953,2714,8323,4244,4079,3209,1647,1562,20934,10738,10196
DALLAS COUNTY,113,12 Years,37539,19273,18266,5572,2889,2683,8356,4231,4125,3072,1598,1474,20539,10555,9984
DALLAS COUNTY,113,13 Years,36983,19004,17979,5412,2831,2581,8410,4279,4131,2860,1468,1392,20301,10426,9875
DALLAS COUNTY,113,14 Years,37376,19229,18147,5435,2827,2608,8678,4443,4235,2588,1318,1270,20675,10641,10034
DALLAS COUNTY,113,15 Years,37603,19429,18174,5589,2954,2635,8833,4575,4258,2504,1271,1233,20677,10629,10048
DALLAS COUNTY,113,16 Years,37121,19095,18026,5670,2953,2717,9011,4588,4423,2309,1175,1134,20131,10379,9752
DALLAS COUNTY,113,17 Years,35858,18363,17495,5694,2957,2737,8704,4425,4279,2164,1099,1065,19296,9882,9414
DALLAS COUNTY,113,18 Years,34315,17724,16591,5477,2865,2612,8307,4282,4025,2049,1048,1001,18482,9529,8953
DALLAS COUNTY,113,19 Years,32682,16910,15772,5234,2724,2510,7795,3963,3832,1941,977,964,17712,9246,8466
DALLAS COUNTY,113,20 Years,32377,16757,15620,5150,2647,2503,7617,3899,3718,1997,1022,975,17613,9189,8424
DALLAS COUNTY,113,21 Years,33079,17258,15821,5367,2769,2598,7866,3964,3902,2080,1068,1012,17766,9457,8309
DALLAS COUNTY,113,22 Years,34154,17756,16398,5778,2950,2828,8015,3964,4051,2189,1097,1092,18172,9745,8427
DALLAS COUNTY,113,23 Years,35810,18597,17213,6299,3174,3125,8384,4081,4303,2231,1112,1119,18896,10230,8666
DALLAS COUNTY,113,24 Years,36860,19237,17623,7013,3492,3521,8123,3978,4145,2358,1184,1174,19366,10583,8783
DALLAS COUNTY,113,25 Years,38108,19959,18149,7622,3787,3835,7939,3836,4103,2544,1305,1239,20003,11031,8972
DALLAS COUNTY,113,26 Years,39652,20857,18795,8509,4272,4237,7784,3691,4093,2885,1472,1413,20474,11422,9052
DALLAS COUNTY,113,27 Years,40390,21136,19254,9062,4431,4631,7621,3596,4025,3249,1646,1603,20458,11463,8995
DALLAS COUNTY,113,28 Years,42147,21834,20313,10226,4989,5237,7493,3533,3960,3664,1875,1789,20764,11437,9327
DALLAS COUNTY,113,29 Years,43553,22175,21378,11396,5503,5893,7381,3482,3899,4099,2012,2087,20677,11178,9499
DALLAS COUNTY,113,30 Years,44768,22541,22227,12405,6025,6380,7569,3481,4088,4504,2243,2261,20290,10792,9498
DALLAS COUNTY,113,31 Years,44939,22517,22422,12734,6244,6490,7716,3512,4204,4810,2412,2398,19679,10349,9330
DALLAS COUNTY,113,32 Years,44394,22147,22247,12220,6177,6043,7844,3540,4304,5125,2468,2657,19205,9962,9243
DALLAS COUNTY,113,33 Years,44970,22383,22587,11991,6148,5843,8273,3670,4603,5244,2523,2721,19462,10042,9420
DALLAS COUNTY,113,34 Years,43751,21983,21768,11401,5879,5522,8505,3764,4741,5017,2455,2562,18828,9885,8943
DALLAS COUNTY,113,35 Years,42711,21389,21322,10750,5565,5185,8878,3877,5001,4646,2261,2385,18437,9686,8751
DALLAS COUNTY,113,36 Years,41887,21018,20869,10061,5275,4786,9074,3933,5141,4511,2231,2280,18241,9579,8662
DALLAS COUNTY,113,37 Years,38644,19508,19136,8928,4700,4228,8679,3791,4888,4097,2041,2056,16940,8976,7964
DALLAS COUNTY,113,38 Years,36824,18534,18290,8326,4341,3985,8240,3579,4661,3683,1808,1875,16575,8806,7769
DALLAS COUNTY,113,39 Years,35653,17785,17868,7899,4170,3729,8061,3493,4568,3459,1690,1769,16234,8432,7802
DALLAS COUNTY,113,40 Years,34952,17228,17724,7541,3949,3592,7859,3393,4466,3453,1681,1772,16099,8205,7894
DALLAS COUNTY,113,41 Years,35547,17712,17835,7747,4056,3691,7891,3473,4418,3343,1662,1681,16566,8521,8045
DALLAS COUNTY,113,42 Years,34224,16887,17337,7494,3871,3623,7810,3415,4395,3028,1524,1504,15892,8077,7815
DALLAS COUNTY,113,43 Years,33790,16764,17026,7610,3991,3619,7950,3544,4406,2886,1445,1441,15344,7784,7560
DALLAS COUNTY,113,44 Years,34083,16882,17201,8036,4172,3864,8202,3686,4516,2719,1381,1338,15126,7643,7483
DALLAS COUNTY,113,45 Years,34518,16968,17550,8892,4621,4271,8486,3754,4732,2653,1344,1309,14487,7249,7238
DALLAS COUNTY,113,46 Years,34766,17193,17573,9290,4828,4462,8350,3701,4649,2585,1275,1310,14541,7389,7152
DALLAS COUNTY,113,47 Years,32744,16433,16311,8946,4642,4304,7799,3560,4239,2451,1232,1219,13548,6999,6549
DALLAS COUNTY,113,48 Years,31590,15778,15812,8703,4468,4235,7793,3546,4247,2301,1155,1146,12793,6609,6184
DALLAS COUNTY,113,49 Years,30893,15431,15462,8763,4530,4233,7709,3498,4211,2082,996,1086,12339,6407,5932
DALLAS COUNTY,113,50 Years,30795,15353,15442,8860,4535,4325,7980,3602,4378,2094,1019,1075,11861,6197,5664
DALLAS COUNTY,113,51 Years,32054,16111,15943,9859,5096,4763,8456,3849,4607,2194,1067,1127,11545,6099,5446
DALLAS COUNTY,113,52 Years,31943,16006,15937,10644,5398,5246,8318,3769,4549,2191,1079,1112,10790,5760,5030
DALLAS COUNTY,113,53 Years,31723,15707,16016,11351,5740,5611,8202,3696,4506,2120,1023,1097,10050,5248,4802
DALLAS COUNTY,113,54 Years,31336,15446,15890,11871,5915,5956,8132,3727,4405,1966,932,1034,9367,4872,4495
DALLAS COUNTY,113,55 Years,31425,15540,15885,12129,6048,6081,8184,3761,4423,1973,946,1027,9139,4785,4354
DALLAS COUNTY,113,56 Years,31484,15639,15845,12452,6195,6257,8183,3813,4370,1972,934,1038,8877,4697,4180
DALLAS COUNTY,113,57 Years,29949,14727,15222,12298,6143,6155,7788,3580,4208,1815,828,987,8048,4176,3872
DALLAS COUNTY,113,58 Years,29117,14264,14853,12424,6208,6216,7563,3481,4082,1828,849,979,7302,3726,3576
DALLAS COUNTY,113,59 Years,28272,13693,14579,12246,6029,6217,7309,3308,4001,1818,849,969,6899,3507,3392
DALLAS COUNTY,113,60 Years,27025,13166,13859,11983,5970,6013,6843,3107,3736,1700,793,907,6499,3296,3203
DALLAS COUNTY,113,61 Years,26013,12657,13356,11902,5892,6010,6454,2926,3528,1604,751,853,6053,3088,2965
DALLAS COUNTY,113,62 Years,23980,11427,12553,11232,5393,5839,5853,2629,3224,1534,715,819,5361,2690,2671
DALLAS COUNTY,113,63 Years,23001,10921,12080,10967,5286,5681,5533,2464,3069,1576,719,857,4925,2452,2473
DALLAS COUNTY,113,64 Years,21730,10167,11563,10436,4975,5461,5313,2299,3014,1413,662,751,4568,2231,2337
DALLAS COUNTY,113,65 Years,20720,9717,11003,9727,4661,5066,5210,2233,2977,1404,652,752,4379,2171,2208
DALLAS COUNTY,113,66 Years,19776,9239,10537,9411,4481,4930,4939,2145,2794,1417,654,763,4009,1959,2050
DALLAS COUNTY,113,67 Years,18678,8716,9962,9038,4282,4756,4691,2041,2650,1276,590,686,3673,1803,1870
DALLAS COUNTY,113,68 Years,18143,8355,9788,9241,4336,4905,4412,1909,2503,1145,535,610,3345,1575,1770
DALLAS COUNTY,113,69 Years,17618,8096,9522,9622,4547,5075,3847,1640,2207,1066,490,576,3083,1419,1664
DALLAS COUNTY,113,70 Years,14325,6547,7778,7370,3446,3924,3279,1384,1895,916,427,489,2760,1290,1470
DALLAS COUNTY,113,71 Years,13196,5913,7283,6672,3028,3644,3136,1272,1864,931,438,493,2457,1175,1282
DALLAS COUNTY,113,72 Years,12648,5712,6936,6634,3089,3545,2847,1170,1677,871,402,469,2296,1051,1245
DALLAS COUNTY,113,73 Years,11982,5350,6632,6532,2975,3557,2634,1084,1550,790,380,410,2026,911,1115
DALLAS COUNTY,113,74 Years,10617,4650,5967,5798,2575,3223,2363,955,1408,677,311,366,1779,809,970
DALLAS COUNTY,113,75 Years,9781,4238,5543,5356,2370,2986,2143,828,1315,598,272,326,1684,768,916
DALLAS COUNTY,113,76 Years,8970,3842,5128,4939,2157,2782,1912,740,1172,552,253,299,1567,692,875
DALLAS COUNTY,113,77 Years,8291,3558,4733,4702,2056,2646,1686,658,1028,505,236,269,1398,608,790
DALLAS COUNTY,113,78 Years,7689,3292,4397,4441,1937,2504,1514,585,929,452,213,239,1282,557,725
DALLAS COUNTY,113,79 Years,7074,2944,4130,4091,1727,2364,1416,531,885,428,194,234,1139,492,647
DALLAS COUNTY,113,80 Years,6632,2727,3905,3911,1647,2264,1296,465,831,394,170,224,1031,445,586
DALLAS COUNTY,113,81 Years,6340,2515,3825,3854,1533,2321,1217,460,757,334,140,194,935,382,553
DALLAS COUNTY,113,82 Years,5810,2307,3503,3574,1417,2157,1136,419,717,278,121,157,822,350,472
DALLAS COUNTY,113,83 Years,5288,2048,3240,3315,1308,2007,1028,343,685,251,111,140,694,286,408
DALLAS COUNTY,113,84 Years,4838,1866,2972,3158,1242,1916,824,271,553,235,93,142,621,260,361
DALLAS COUNTY,113,85 Years +,27882,9399,18483,18993,6552,12441,4623,1264,3359,1237,456,781,3029,1127,1902
DAWSON COUNTY,115,All Ages,13436,7634,5802,4884,2731,2153,833,610,223,244,135,109,7475,4158,3317
DAWSON COUNTY,115,< 1 Year,171,87,84,38,16,22,6,3,3,17,10,7,110,58,52
DAWSON COUNTY,115,1 Years,168,84,84,41,18,23,5,4,1,16,8,8,106,54,52
DAWSON COUNTY,115,2 Years,169,84,85,42,20,22,7,6,1,13,6,7,107,52,55
DAWSON COUNTY,115,3 Years,165,84,81,44,23,21,8,5,3,9,5,4,104,51,53
DAWSON COUNTY,115,4 Years,169,88,81,47,25,22,7,4,3,8,5,3,107,54,53
DAWSON COUNTY,115,5 Years,168,89,79,48,25,23,7,4,3,6,5,1,107,55,52
DAWSON COUNTY,115,6 Years,188,102,86,50,33,17,7,1,6,6,3,3,125,65,60
DAWSON COUNTY,115,7 Years,195,103,92,63,36,27,7,4,3,3,1,2,122,62,60
DAWSON COUNTY,115,8 Years,195,102,93,50,27,23,5,3,2,3,1,2,137,71,66
DAWSON COUNTY,115,9 Years,196,103,93,41,22,19,5,2,3,3,1,2,147,78,69
DAWSON COUNTY,115,10 Years,191,100,91,52,30,22,2,0,2,4,3,1,133,67,66
DAWSON COUNTY,115,11 Years,175,92,83,51,28,23,5,2,3,6,4,2,113,58,55
DAWSON COUNTY,115,12 Years,167,95,72,42,24,18,4,1,3,4,3,1,117,67,50
DAWSON COUNTY,115,13 Years,173,94,79,39,22,17,7,3,4,2,2,0,125,67,58
DAWSON COUNTY,115,14 Years,172,93,79,43,24,19,6,3,3,5,4,1,118,62,56
DAWSON COUNTY,115,15 Years,184,93,91,44,21,23,7,4,3,3,1,2,130,67,63
DAWSON COUNTY,115,16 Years,183,103,80,50,23,27,9,5,4,4,1,3,120,74,46
DAWSON COUNTY,115,17 Years,175,97,78,49,27,22,14,10,4,2,1,1,110,59,51
DAWSON COUNTY,115,18 Years,156,91,65,38,24,14,11,10,1,1,0,1,106,57,49
DAWSON COUNTY,115,19 Years,178,113,65,35,20,15,15,12,3,2,2,0,126,79,47
DAWSON COUNTY,115,20 Years,205,129,76,47,28,19,13,9,4,2,2,0,143,90,53
DAWSON COUNTY,115,21 Years,237,160,77,47,28,19,31,26,5,3,0,3,156,106,50
DAWSON COUNTY,115,22 Years,238,166,72,47,32,15,32,29,3,2,2,0,157,103,54
DAWSON COUNTY,115,23 Years,242,159,83,65,40,25,21,18,3,5,5,0,151,96,55
DAWSON COUNTY,115,24 Years,270,187,83,71,45,26,24,21,3,3,1,2,172,120,52
DAWSON COUNTY,115,25 Years,268,202,66,84,64,20,36,33,3,3,2,1,145,103,42
DAWSON COUNTY,115,26 Years,241,177,64,72,53,19,32,30,2,5,3,2,132,91,41
DAWSON COUNTY,115,27 Years,241,169,72,84,61,23,30,28,2,4,2,2,123,78,45
DAWSON COUNTY,115,28 Years,218,174,44,83,64,19,35,34,1,2,2,0,98,74,24
DAWSON COUNTY,115,29 Years,252,184,68,90,68,22,30,27,3,3,2,1,129,87,42
DAWSON COUNTY,115,30 Years,245,188,57,91,75,16,23,21,2,4,3,1,127,89,38
DAWSON COUNTY,115,31 Years,229,164,65,88,67,21,21,20,1,2,1,1,118,76,42
DAWSON COUNTY,115,32 Years,226,148,78,84,55,29,18,16,2,2,1,1,122,76,46
DAWSON COUNTY,115,33 Years,210,132,78,82,53,29,9,6,3,1,0,1,118,73,45
DAWSON COUNTY,115,34 Years,180,107,73,72,48,24,5,3,2,3,3,0,100,53,47
DAWSON COUNTY,115,35 Years,177,106,71,65,41,24,11,8,3,4,3,1,97,54,43
DAWSON COUNTY,115,36 Years,170,100,70,59,37,22,12,10,2,4,2,2,95,51,44
DAWSON COUNTY,115,37 Years,197,132,65,59,38,21,11,10,1,1,1,0,126,83,43
DAWSON COUNTY,115,38 Years,165,106,59,47,31,16,6,4,2,2,1,1,110,70,40
DAWSON COUNTY,115,39 Years,149,90,59,52,34,18,10,9,1,2,2,0,85,45,40
DAWSON COUNTY,115,40 Years,147,86,61,50,34,16,10,9,1,2,0,2,85,43,42
DAWSON COUNTY,115,41 Years,144,88,56,53,33,20,11,10,1,1,1,0,79,44,35
DAWSON COUNTY,115,42 Years,137,78,59,48,30,18,10,8,2,1,0,1,78,40,38
DAWSON COUNTY,115,43 Years,135,76,59,46,26,20,12,10,2,2,1,1,75,39,36
DAWSON COUNTY,115,44 Years,112,57,55,52,30,22,6,3,3,4,2,2,50,22,28
DAWSON COUNTY,115,45 Years,145,79,66,57,32,25,4,3,1,5,1,4,79,43,36
DAWSON COUNTY,115,46 Years,150,86,64,54,32,22,15,12,3,2,1,1,79,41,38
DAWSON COUNTY,115,47 Years,121,56,65,55,28,27,6,5,1,1,1,0,59,22,37
DAWSON COUNTY,115,48 Years,120,59,61,44,19,25,4,4,0,0,0,0,72,36,36
DAWSON COUNTY,115,49 Years,132,74,58,34,19,15,15,12,3,4,2,2,79,41,38
DAWSON COUNTY,115,50 Years,128,75,53,34,20,14,9,6,3,2,1,1,83,48,35
DAWSON COUNTY,115,51 Years,148,82,66,53,33,20,12,8,4,1,0,1,82,41,41
DAWSON COUNTY,115,52 Years,147,84,63,56,35,21,11,7,4,2,1,1,78,41,37
DAWSON COUNTY,115,53 Years,145,77,68,56,33,23,4,1,3,0,0,0,85,43,42
DAWSON COUNTY,115,54 Years,177,91,86,67,34,33,9,5,4,0,0,0,101,52,49
DAWSON COUNTY,115,55 Years,162,85,77,64,34,30,6,2,4,0,0,0,92,49,43
DAWSON COUNTY,115,56 Years,149,78,71,66,35,31,5,2,3,1,0,1,77,41,36
DAWSON COUNTY,115,57 Years,140,73,67,68,36,32,7,4,3,1,1,0,64,32,32
DAWSON COUNTY,115,58 Years,131,63,68,58,28,30,4,1,3,4,1,3,65,33,32
DAWSON COUNTY,115,59 Years,158,77,81,68,33,35,9,4,5,3,1,2,78,39,39
DAWSON COUNTY,115,60 Years,143,69,74,72,37,35,8,3,5,1,1,0,62,28,34
DAWSON COUNTY,115,61 Years,156,81,75,75,37,38,9,7,2,2,0,2,70,37,33
DAWSON COUNTY,115,62 Years,132,72,60,66,36,30,7,5,2,2,1,1,57,30,27
DAWSON COUNTY,115,63 Years,136,73,63,67,36,31,8,5,3,2,1,1,59,31,28
DAWSON COUNTY,115,64 Years,126,61,65,64,28,36,7,3,4,2,2,0,53,28,25
DAWSON COUNTY,115,65 Years,130,64,66,63,30,33,3,1,2,2,1,1,62,32,30
DAWSON COUNTY,115,66 Years,111,52,59,59,27,32,4,2,2,2,1,1,46,22,24
DAWSON COUNTY,115,67 Years,108,59,49,57,30,27,3,2,1,1,1,0,47,26,21
DAWSON COUNTY,115,68 Years,116,60,56,66,31,35,4,1,3,2,2,0,44,26,18
DAWSON COUNTY,115,69 Years,119,51,68,63,27,36,2,1,1,1,0,1,53,23,30
DAWSON COUNTY,115,70 Years,107,40,67,49,18,31,4,1,3,1,0,1,53,21,32
DAWSON COUNTY,115,71 Years,100,40,60,49,19,30,5,0,5,1,1,0,45,20,25
DAWSON COUNTY,115,72 Years,106,44,62,51,23,28,6,1,5,3,1,2,46,19,27
DAWSON COUNTY,115,73 Years,95,46,49,54,27,27,2,1,1,1,0,1,38,18,20
DAWSON COUNTY,115,74 Years,88,37,51,54,23,31,2,1,1,0,0,0,32,13,19
DAWSON COUNTY,115,75 Years,78,34,44,49,23,26,4,2,2,1,1,0,24,8,16
DAWSON COUNTY,115,76 Years,76,34,42,41,19,22,4,2,2,1,0,1,30,13,17
DAWSON COUNTY,115,77 Years,75,31,44,41,18,23,3,0,3,1,0,1,30,13,17
DAWSON COUNTY,115,78 Years,73,31,42,44,20,24,3,0,3,0,0,0,26,11,15
DAWSON COUNTY,115,79 Years,66,27,39,41,18,23,1,0,1,2,1,1,22,8,14
DAWSON COUNTY,115,80 Years,72,24,48,47,16,31,1,0,1,1,0,1,23,8,15
DAWSON COUNTY,115,81 Years,72,29,43,47,18,29,1,0,1,2,2,0,22,9,13
DAWSON COUNTY,115,82 Years,60,27,33,39,17,22,2,1,1,1,1,0,18,8,10
DAWSON COUNTY,115,83 Years,55,23,32,37,16,21,2,1,1,0,0,0,16,6,10
DAWSON COUNTY,115,84 Years,54,23,31,40,17,23,2,1,1,0,0,0,12,5,7
DAWSON COUNTY,115,85 Years +,256,101,155,170,66,104,13,5,8,2,0,2,71,30,41
DEAF SMITH COUNTY,117,All Ages,19567,9835,9732,5200,2537,2663,155,75,80,226,107,119,13986,7116,6870
DEAF SMITH COUNTY,117,< 1 Year,337,169,168,40,18,22,2,1,1,1,1,0,294,149,145
DEAF SMITH COUNTY,117,1 Years,333,166,167,43,19,24,2,1,1,1,1,0,287,145,142
DEAF SMITH COUNTY,117,2 Years,339,166,173,41,21,20,2,1,1,1,0,1,295,144,151
DEAF SMITH COUNTY,117,3 Years,341,171,170,49,23,26,2,1,1,1,0,1,289,147,142
DEAF SMITH COUNTY,117,4 Years,351,173,178,52,24,28,2,1,1,1,0,1,296,148,148
DEAF SMITH COUNTY,117,5 Years,346,175,171,51,23,28,3,2,1,2,1,1,290,149,141
DEAF SMITH COUNTY,117,6 Years,350,167,183,56,28,28,1,0,1,1,1,0,292,138,154
DEAF SMITH COUNTY,117,7 Years,336,159,177,52,27,25,1,0,1,5,3,2,278,129,149
DEAF SMITH COUNTY,117,8 Years,367,180,187,54,29,25,0,0,0,7,3,4,306,148,158
DEAF SMITH COUNTY,117,9 Years,365,197,168,43,22,21,2,1,1,5,3,2,315,171,144
DEAF SMITH COUNTY,117,10 Years,337,181,156,50,27,23,1,1,0,3,3,0,283,150,133
DEAF SMITH COUNTY,117,11 Years,329,169,160,53,29,24,2,1,1,5,3,2,269,136,133
DEAF SMITH COUNTY,117,12 Years,341,169,172,48,24,24,5,1,4,8,5,3,280,139,141
DEAF SMITH COUNTY,117,13 Years,335,161,174,57,25,32,1,0,1,3,2,1,274,134,140
DEAF SMITH COUNTY,117,14 Years,329,170,159,66,36,30,0,0,0,4,2,2,259,132,127
DEAF SMITH COUNTY,117,15 Years,324,162,162,65,32,33,1,1,0,4,0,4,254,129,125
DEAF SMITH COUNTY,117,16 Years,334,163,171,61,29,32,0,0,0,4,1,3,269,133,136
DEAF SMITH COUNTY,117,17 Years,330,167,163,74,37,37,1,1,0,3,2,1,252,127,125
DEAF SMITH COUNTY,117,18 Years,317,166,151,63,31,32,2,1,1,2,1,1,250,133,117
DEAF SMITH COUNTY,117,19 Years,281,142,139,49,27,22,2,1,1,3,3,0,227,111,116
DEAF SMITH COUNTY,117,20 Years,277,144,133,57,32,25,3,2,1,3,3,0,214,107,107
DEAF SMITH COUNTY,117,21 Years,274,147,127,54,27,27,2,2,0,0,0,0,218,118,100
DEAF SMITH COUNTY,117,22 Years,282,157,125,49,25,24,1,1,0,3,1,2,229,130,99
DEAF SMITH COUNTY,117,23 Years,290,160,130,58,27,31,3,2,1,3,1,2,226,130,96
DEAF SMITH COUNTY,117,24 Years,314,169,145,62,37,25,2,0,2,4,1,3,246,131,115
DEAF SMITH COUNTY,117,25 Years,283,140,143,44,23,21,1,0,1,5,1,4,233,116,117
DEAF SMITH COUNTY,117,26 Years,250,136,114,38,18,20,2,1,1,3,2,1,207,115,92
DEAF SMITH COUNTY,117,27 Years,250,137,113,44,24,20,0,0,0,2,0,2,204,113,91
DEAF SMITH COUNTY,117,28 Years,260,146,114,54,35,19,2,0,2,3,1,2,201,110,91
DEAF SMITH COUNTY,117,29 Years,222,126,96,44,26,18,2,0,2,2,1,1,174,99,75
DEAF SMITH COUNTY,117,30 Years,225,110,115,43,20,23,4,1,3,2,1,1,176,88,88
DEAF SMITH COUNTY,117,31 Years,228,120,108,49,25,24,3,1,2,4,2,2,172,92,80
DEAF SMITH COUNTY,117,32 Years,247,124,123,54,23,31,1,1,0,2,1,1,190,99,91
DEAF SMITH COUNTY,117,33 Years,243,126,117,46,26,20,1,0,1,7,3,4,189,97,92
DEAF SMITH COUNTY,117,34 Years,235,116,119,39,24,15,2,1,1,4,1,3,190,90,100
DEAF SMITH COUNTY,117,35 Years,234,120,114,50,26,24,1,1,0,1,0,1,182,93,89
DEAF SMITH COUNTY,117,36 Years,262,134,128,53,23,30,3,1,2,6,3,3,200,107,93
DEAF SMITH COUNTY,117,37 Years,246,127,119,49,23,26,2,1,1,3,2,1,192,101,91
DEAF SMITH COUNTY,117,38 Years,230,122,108,42,20,22,2,1,1,2,1,1,184,100,84
DEAF SMITH COUNTY,117,39 Years,238,114,124,47,21,26,2,1,1,4,3,1,185,89,96
DEAF SMITH COUNTY,117,40 Years,237,117,120,53,26,27,4,2,2,2,1,1,178,88,90
DEAF SMITH COUNTY,117,41 Years,224,113,111,49,23,26,3,1,2,1,1,0,171,88,83
DEAF SMITH COUNTY,117,42 Years,196,100,96,45,25,20,1,0,1,2,1,1,148,74,74
DEAF SMITH COUNTY,117,43 Years,197,103,94,48,25,23,0,0,0,3,1,2,146,77,69
DEAF SMITH COUNTY,117,44 Years,224,108,116,54,27,27,1,0,1,6,2,4,163,79,84
DEAF SMITH COUNTY,117,45 Years,228,118,110,67,33,34,3,3,0,4,1,3,154,81,73
DEAF SMITH COUNTY,117,46 Years,231,122,109,72,34,38,7,2,5,1,1,0,151,85,66
DEAF SMITH COUNTY,117,47 Years,227,112,115,60,28,32,2,1,1,3,2,1,162,81,81
DEAF SMITH COUNTY,117,48 Years,201,96,105,47,21,26,0,0,0,3,1,2,151,74,77
DEAF SMITH COUNTY,117,49 Years,220,114,106,63,37,26,2,1,1,3,2,1,152,74,78
DEAF SMITH COUNTY,117,50 Years,219,119,100,63,31,32,2,1,1,1,1,0,153,86,67
DEAF SMITH COUNTY,117,51 Years,236,119,117,70,35,35,3,2,1,5,3,2,158,79,79
DEAF SMITH COUNTY,117,52 Years,212,114,98,68,37,31,3,2,1,2,1,1,139,74,65
DEAF SMITH COUNTY,117,53 Years,209,113,96,66,36,30,3,1,2,2,1,1,138,75,63
DEAF SMITH COUNTY,117,54 Years,215,108,107,77,36,41,2,1,1,2,1,1,134,70,64
DEAF SMITH COUNTY,117,55 Years,235,110,125,89,43,46,3,2,1,5,1,4,138,64,74
DEAF SMITH COUNTY,117,56 Years,209,107,102,78,39,39,1,1,0,2,0,2,128,67,61
DEAF SMITH COUNTY,117,57 Years,210,115,95,82,41,41,4,2,2,1,1,0,123,71,52
DEAF SMITH COUNTY,117,58 Years,236,119,117,100,51,49,3,2,1,1,0,1,132,66,66
DEAF SMITH COUNTY,117,59 Years,224,117,107,103,56,47,2,2,0,0,0,0,119,59,60
DEAF SMITH COUNTY,117,60 Years,212,102,110,97,47,50,2,1,1,0,0,0,113,54,59
DEAF SMITH COUNTY,117,61 Years,206,99,107,93,42,51,1,1,0,0,0,0,112,56,56
DEAF SMITH COUNTY,117,62 Years,208,98,110,96,46,50,4,2,2,2,1,1,106,49,57
DEAF SMITH COUNTY,117,63 Years,190,95,95,94,48,46,2,1,1,4,3,1,90,43,47
DEAF SMITH COUNTY,117,64 Years,186,90,96,91,44,47,2,2,0,5,3,2,88,41,47
DEAF SMITH COUNTY,117,65 Years,181,85,96,85,39,46,1,0,1,3,1,2,92,45,47
DEAF SMITH COUNTY,117,66 Years,175,84,91,91,42,49,1,0,1,1,0,1,82,42,40
DEAF SMITH COUNTY,117,67 Years,167,85,82,85,42,43,1,1,0,2,0,2,79,42,37
DEAF SMITH COUNTY,117,68 Years,146,69,77,75,36,39,0,0,0,4,0,4,67,33,34
DEAF SMITH COUNTY,117,69 Years,129,61,68,74,35,39,1,0,1,3,1,2,51,25,26
DEAF SMITH COUNTY,117,70 Years,105,44,61,57,25,32,0,0,0,3,1,2,45,18,27
DEAF SMITH COUNTY,117,71 Years,110,42,68,49,20,29,2,1,1,3,1,2,56,20,36
DEAF SMITH COUNTY,117,72 Years,117,49,68,60,27,33,3,1,2,1,1,0,53,20,33
DEAF SMITH COUNTY,117,73 Years,105,55,50,51,27,24,2,1,1,2,2,0,50,25,25
DEAF SMITH COUNTY,117,74 Years,87,47,40,48,27,21,0,0,0,2,1,1,37,19,18
DEAF SMITH COUNTY,117,75 Years,94,44,50,54,25,29,0,0,0,1,1,0,39,18,21
DEAF SMITH COUNTY,117,76 Years,92,41,51,54,25,29,2,1,1,0,0,0,36,15,21
DEAF SMITH COUNTY,117,77 Years,80,38,42,44,23,21,1,0,1,1,1,0,34,14,20
DEAF SMITH COUNTY,117,78 Years,82,37,45,49,23,26,1,0,1,1,0,1,31,14,17
DEAF SMITH COUNTY,117,79 Years,81,34,47,45,18,27,0,0,0,2,1,1,34,15,19
DEAF SMITH COUNTY,117,80 Years,71,31,40,45,19,26,2,1,1,2,1,1,22,10,12
DEAF SMITH COUNTY,117,81 Years,63,30,33,41,19,22,0,0,0,1,0,1,21,11,10
DEAF SMITH COUNTY,117,82 Years,63,25,38,45,17,28,0,0,0,0,0,0,18,8,10
DEAF SMITH COUNTY,117,83 Years,54,23,31,37,16,21,1,0,1,0,0,0,16,7,9
DEAF SMITH COUNTY,117,84 Years,52,22,30,35,14,21,2,1,1,0,0,0,15,7,8
DEAF SMITH COUNTY,117,85 Years +,309,113,196,208,71,137,4,3,1,7,3,4,90,36,54
DELTA COUNTY,119,All Ages,5211,2558,2653,4242,2071,2171,393,181,212,229,105,124,347,201,146
DELTA COUNTY,119,< 1 Year,60,36,24,39,20,19,7,4,3,0,0,0,14,12,2
DELTA COUNTY,119,1 Years,61,34,27,39,21,18,8,3,5,0,0,0,14,10,4
DELTA COUNTY,119,2 Years,55,28,27,33,19,14,6,2,4,4,1,3,12,6,6
DELTA COUNTY,119,3 Years,57,26,31,34,17,17,8,3,5,4,3,1,11,3,8
DELTA COUNTY,119,4 Years,53,24,29,32,15,17,6,3,3,5,3,2,10,3,7
DELTA COUNTY,119,5 Years,54,24,30,35,15,20,7,3,4,6,5,1,6,1,5
DELTA COUNTY,119,6 Years,58,24,34,38,17,21,7,2,5,6,4,2,7,1,6
DELTA COUNTY,119,7 Years,61,29,32,38,17,21,7,3,4,7,5,2,9,4,5
DELTA COUNTY,119,8 Years,48,25,23,34,16,18,5,4,1,3,2,1,6,3,3
DELTA COUNTY,119,9 Years,64,33,31,46,22,24,6,3,3,4,1,3,8,7,1
DELTA COUNTY,119,10 Years,67,39,28,46,26,20,5,2,3,5,2,3,11,9,2
DELTA COUNTY,119,11 Years,56,28,28,43,22,21,2,0,2,5,2,3,6,4,2
DELTA COUNTY,119,12 Years,55,26,29,40,19,21,3,0,3,4,2,2,8,5,3
DELTA COUNTY,119,13 Years,66,35,31,46,25,21,3,1,2,6,3,3,11,6,5
DELTA COUNTY,119,14 Years,63,36,27,53,31,22,2,1,1,2,1,1,6,3,3
DELTA COUNTY,119,15 Years,59,34,25,46,28,18,3,2,1,6,2,4,4,2,2
DELTA COUNTY,119,16 Years,66,34,32,50,27,23,6,4,2,5,2,3,5,1,4
DELTA COUNTY,119,17 Years,66,25,41,51,21,30,6,1,5,3,1,2,6,2,4
DELTA COUNTY,119,18 Years,53,22,31,40,17,23,4,1,3,3,0,3,6,4,2
DELTA COUNTY,119,19 Years,54,30,24,40,20,20,5,3,2,5,3,2,4,4,0
DELTA COUNTY,119,20 Years,65,38,27,46,26,20,6,4,2,5,3,2,8,5,3
DELTA COUNTY,119,21 Years,70,37,33,48,25,23,9,3,6,5,4,1,8,5,3
DELTA COUNTY,119,22 Years,72,38,34,52,27,25,11,5,6,2,1,1,7,5,2
DELTA COUNTY,119,23 Years,68,39,29,55,30,25,6,4,2,3,2,1,4,3,1
DELTA COUNTY,119,24 Years,65,38,27,47,28,19,9,4,5,5,3,2,4,3,1
DELTA COUNTY,119,25 Years,58,35,23,44,27,17,7,3,4,2,1,1,5,4,1
DELTA COUNTY,119,26 Years,64,35,29,48,26,22,7,4,3,1,1,0,8,4,4
DELTA COUNTY,119,27 Years,61,35,26,52,29,23,5,3,2,2,2,0,2,1,1
DELTA COUNTY,119,28 Years,41,18,23,33,12,21,5,3,2,2,2,0,1,1,0
DELTA COUNTY,119,29 Years,56,27,29,44,22,22,7,2,5,2,1,1,3,2,1
DELTA COUNTY,119,30 Years,49,22,27,37,19,18,7,1,6,1,1,0,4,1,3
DELTA COUNTY,119,31 Years,46,23,23,38,19,19,3,1,2,2,1,1,3,2,1
DELTA COUNTY,119,32 Years,55,28,27,48,24,24,4,2,2,0,0,0,3,2,1
DELTA COUNTY,119,33 Years,58,31,27,46,23,23,3,1,2,3,3,0,6,4,2
DELTA COUNTY,119,34 Years,46,21,25,38,19,19,2,0,2,3,1,2,3,1,2
DELTA COUNTY,119,35 Years,47,17,30,39,15,24,3,0,3,3,1,2,2,1,1
DELTA COUNTY,119,36 Years,64,27,37,55,22,33,2,1,1,3,1,2,4,3,1
DELTA COUNTY,119,37 Years,52,27,25,46,23,23,1,1,0,1,0,1,4,3,1
DELTA COUNTY,119,38 Years,46,24,22,42,21,21,2,2,0,0,0,0,2,1,1
DELTA COUNTY,119,39 Years,50,25,25,41,20,21,2,1,1,2,1,1,5,3,2
DELTA COUNTY,119,40 Years,52,28,24,44,24,20,4,2,2,0,0,0,4,2,2
DELTA COUNTY,119,41 Years,51,26,25,46,24,22,2,1,1,1,0,1,2,1,1
DELTA COUNTY,119,42 Years,64,33,31,48,27,21,6,2,4,4,0,4,6,4,2
DELTA COUNTY,119,43 Years,57,32,25,45,27,18,6,2,4,1,0,1,5,3,2
DELTA COUNTY,119,44 Years,60,28,32,50,27,23,4,0,4,3,0,3,3,1,2
DELTA COUNTY,119,45 Years,61,29,32,52,26,26,4,2,2,2,0,2,3,1,2
DELTA COUNTY,119,46 Years,62,30,32,56,25,31,3,3,0,0,0,0,3,2,1
DELTA COUNTY,119,47 Years,67,30,37,53,23,30,8,4,4,3,1,2,3,2,1
DELTA COUNTY,119,48 Years,61,31,30,50,24,26,6,4,2,3,1,2,2,2,0
DELTA COUNTY,119,49 Years,62,29,33,52,23,29,7,5,2,1,0,1,2,1,1
DELTA COUNTY,119,50 Years,70,29,41,61,24,37,6,4,2,1,0,1,2,1,1
DELTA COUNTY,119,51 Years,73,30,43,64,25,39,4,3,1,1,0,1,4,2,2
DELTA COUNTY,119,52 Years,62,28,34,53,24,29,7,4,3,1,0,1,1,0,1
DELTA COUNTY,119,53 Years,58,28,30,47,23,24,5,1,4,2,0,2,4,4,0
DELTA COUNTY,119,54 Years,62,35,27,56,31,25,2,1,1,2,1,1,2,2,0
DELTA COUNTY,119,55 Years,73,41,32,64,37,27,3,2,1,4,1,3,2,1,1
DELTA COUNTY,119,56 Years,70,37,33,62,32,30,3,2,1,5,3,2,0,0,0
DELTA COUNTY,119,57 Years,81,32,49,66,27,39,7,4,3,2,0,2,6,1,5
DELTA COUNTY,119,58 Years,89,47,42,76,40,36,5,3,2,4,3,1,4,1,3
DELTA COUNTY,119,59 Years,94,46,48,82,39,43,4,3,1,6,3,3,2,1,1
DELTA COUNTY,119,60 Years,90,44,46,72,37,35,6,2,4,8,3,5,4,2,2
DELTA COUNTY,119,61 Years,67,33,34,55,27,28,5,3,2,4,2,2,3,1,2
DELTA COUNTY,119,62 Years,75,35,40,63,29,34,3,2,1,4,1,3,5,3,2
DELTA COUNTY,119,63 Years,81,38,43,75,34,41,3,2,1,2,1,1,1,1,0
DELTA COUNTY,119,64 Years,73,33,40,62,26,36,6,4,2,4,2,2,1,1,0
DELTA COUNTY,119,65 Years,70,32,38,65,29,36,2,1,1,2,1,1,1,1,0
DELTA COUNTY,119,66 Years,78,36,42,67,28,39,5,2,3,3,3,0,3,3,0
DELTA COUNTY,119,67 Years,79,33,46,72,30,42,4,1,3,1,0,1,2,2,0
DELTA COUNTY,119,68 Years,76,38,38,69,35,34,3,1,2,2,0,2,2,2,0
DELTA COUNTY,119,69 Years,74,36,38,67,31,36,3,2,1,2,1,1,2,2,0
DELTA COUNTY,119,70 Years,70,30,40,64,27,37,4,2,2,2,1,1,0,0,0
DELTA COUNTY,119,71 Years,64,29,35,59,27,32,3,1,2,2,1,1,0,0,0
DELTA COUNTY,119,72 Years,67,33,34,61,30,31,4,2,2,2,1,1,0,0,0
DELTA COUNTY,119,73 Years,69,32,37,58,28,30,6,2,4,4,2,2,1,0,1
DELTA COUNTY,119,74 Years,59,28,31,53,27,26,3,0,3,2,1,1,1,0,1
DELTA COUNTY,119,75 Years,54,24,30,48,22,26,3,1,2,2,1,1,1,0,1
DELTA COUNTY,119,76 Years,63,28,35,57,25,32,5,2,3,0,0,0,1,1,0
DELTA COUNTY,119,77 Years,44,23,21,42,22,20,2,1,1,0,0,0,0,0,0
DELTA COUNTY,119,78 Years,36,19,17,32,17,15,3,2,1,0,0,0,1,0,1
DELTA COUNTY,119,79 Years,37,19,18,32,18,14,3,1,2,1,0,1,1,0,1
DELTA COUNTY,119,80 Years,34,15,19,29,13,16,4,2,2,1,0,1,0,0,0
DELTA COUNTY,119,81 Years,31,19,12,26,15,11,2,1,1,0,0,0,3,3,0
DELTA COUNTY,119,82 Years,28,16,12,24,14,10,1,0,1,0,0,0,3,2,1
DELTA COUNTY,119,83 Years,21,11,10,19,11,8,1,0,1,1,0,1,0,0,0
DELTA COUNTY,119,84 Years,18,9,9,15,8,7,1,1,0,2,0,2,0,0,0
DELTA COUNTY,119,85 Years +,115,39,76,107,37,70,5,1,4,2,0,2,1,1,0
DENTON COUNTY,121,All Ages,805292,396537,408755,465994,229553,236441,72572,34572,38000,91485,44946,46539,175241,87466,87775
DENTON COUNTY,121,< 1 Year,10134,5187,4947,4965,2558,2407,976,481,495,1500,771,729,2693,1377,1316
DENTON COUNTY,121,1 Years,10150,5192,4958,5004,2569,2435,937,476,461,1522,774,748,2687,1373,1314
DENTON COUNTY,121,2 Years,10063,5133,4930,5013,2556,2457,902,472,430,1476,744,732,2672,1361,1311
DENTON COUNTY,121,3 Years,9969,5076,4893,4978,2520,2458,865,461,404,1466,746,720,2660,1349,1311
DENTON COUNTY,121,4 Years,9940,5074,4866,4966,2528,2438,849,447,402,1484,761,723,2641,1338,1303
DENTON COUNTY,121,5 Years,10023,5167,4856,4927,2543,2384,819,428,391,1581,824,757,2696,1372,1324
DENTON COUNTY,121,6 Years,10490,5473,5017,5160,2680,2480,838,454,384,1641,863,778,2851,1476,1375
DENTON COUNTY,121,7 Years,10679,5503,5176,5194,2667,2527,854,453,401,1710,886,824,2921,1497,1424
DENTON COUNTY,121,8 Years,11220,5675,5545,5492,2780,2712,906,458,448,1755,899,856,3067,1538,1529
DENTON COUNTY,121,9 Years,11763,5997,5766,5803,3012,2791,922,459,463,1787,917,870,3251,1609,1642
DENTON COUNTY,121,10 Years,12258,6289,5969,6071,3154,2917,982,505,477,1756,901,855,3449,1729,1720
DENTON COUNTY,121,11 Years,12782,6651,6131,6294,3265,3029,1044,558,486,1817,952,865,3627,1876,1751
DENTON COUNTY,121,12 Years,13094,6764,6330,6361,3270,3091,1128,597,531,1821,936,885,3784,1961,1823
DENTON COUNTY,121,13 Years,13304,6768,6536,6441,3291,3150,1152,597,555,1833,917,916,3878,1963,1915
DENTON COUNTY,121,14 Years,13367,6812,6555,6471,3311,3160,1209,636,573,1769,889,880,3918,1976,1942
DENTON COUNTY,121,15 Years,13414,6927,6487,6497,3336,3161,1272,701,571,1713,873,840,3932,2017,1915
DENTON COUNTY,121,16 Years,13278,6842,6436,6501,3331,3170,1302,678,624,1714,894,820,3761,1939,1822
DENTON COUNTY,121,17 Years,13020,6650,6370,6435,3279,3156,1257,637,620,1674,858,816,3654,1876,1778
DENTON COUNTY,121,18 Years,13090,6591,6499,6367,3242,3125,1387,667,720,1583,795,788,3753,1887,1866
DENTON COUNTY,121,19 Years,13209,6602,6607,6203,3111,3092,1581,741,840,1549,745,804,3876,2005,1871
DENTON COUNTY,121,20 Years,12881,6348,6533,6163,3004,3159,1641,760,881,1466,723,743,3611,1861,1750
DENTON COUNTY,121,21 Years,13069,6403,6666,6400,3069,3331,1681,765,916,1443,717,726,3545,1852,1693
DENTON COUNTY,121,22 Years,13393,6625,6768,6754,3257,3497,1672,762,910,1517,757,760,3450,1849,1601
DENTON COUNTY,121,23 Years,13124,6409,6715,6728,3225,3503,1581,736,845,1504,723,781,3311,1725,1586
DENTON COUNTY,121,24 Years,12461,6034,6427,6576,3181,3395,1444,654,790,1340,619,721,3101,1580,1521
DENTON COUNTY,121,25 Years,12043,5573,6470,6476,3015,3461,1335,570,765,1302,590,712,2930,1398,1532
DENTON COUNTY,121,26 Years,11661,5442,6219,6403,2978,3425,1214,526,688,1245,608,637,2799,1330,1469
DENTON COUNTY,121,27 Years,11266,5458,5808,6227,3001,3226,1102,482,620,1192,610,582,2745,1365,1380
DENTON COUNTY,121,28 Years,10916,5531,5385,5979,3038,2941,1072,487,585,1128,588,540,2737,1418,1319
DENTON COUNTY,121,29 Years,10588,5511,5077,5794,3023,2771,988,455,533,1094,580,514,2712,1453,1259
DENTON COUNTY,121,30 Years,10605,5571,5034,5823,3075,2748,1030,507,523,1092,578,514,2660,1411,1249
DENTON COUNTY,121,31 Years,10716,5591,5125,5897,3098,2799,1094,536,558,1080,567,513,2645,1390,1255
DENTON COUNTY,121,32 Years,10630,5583,5047,5685,3004,2681,1130,560,570,1108,569,539,2707,1450,1257
DENTON COUNTY,121,33 Years,10973,5673,5300,5794,3012,2782,1167,586,581,1139,569,570,2873,1506,1367
DENTON COUNTY,121,34 Years,11017,5550,5467,5770,2953,2817,1166,562,604,1150,550,600,2931,1485,1446
DENTON COUNTY,121,35 Years,11178,5556,5622,5842,2953,2889,1232,592,640,1164,560,604,2940,1451,1489
DENTON COUNTY,121,36 Years,11459,5640,5819,5956,2992,2964,1239,589,650,1283,594,689,2981,1465,1516
DENTON COUNTY,121,37 Years,11217,5368,5849,5841,2904,2937,1154,502,652,1356,594,762,2866,1368,1498
DENTON COUNTY,121,38 Years,11303,5310,5993,5952,2861,3091,1130,490,640,1357,581,776,2864,1378,1486
DENTON COUNTY,121,39 Years,11671,5526,6145,6193,2974,3219,1150,519,631,1407,620,787,2921,1413,1508
DENTON COUNTY,121,40 Years,11898,5736,6162,6299,3117,3182,1133,507,626,1516,691,825,2950,1421,1529
DENTON COUNTY,121,41 Years,12152,5823,6329,6504,3196,3308,1109,510,599,1572,708,864,2967,1409,1558
DENTON COUNTY,121,42 Years,12167,5829,6338,6631,3260,3371,1175,559,616,1577,713,864,2784,1297,1487
DENTON COUNTY,121,43 Years,12460,6137,6323,6830,3432,3398,1238,599,639,1654,795,859,2738,1311,1427
DENTON COUNTY,121,44 Years,12964,6423,6541,7444,3785,3659,1236,597,639,1601,776,825,2683,1265,1418
DENTON COUNTY,121,45 Years,13498,6620,6878,8152,4059,4093,1229,583,646,1577,772,805,2540,1206,1334
DENTON COUNTY,121,46 Years,13224,6508,6716,8137,4045,4092,1154,566,588,1483,725,758,2450,1172,1278
DENTON COUNTY,121,47 Years,12361,6102,6259,7610,3814,3796,1076,515,561,1367,679,688,2308,1094,1214
DENTON COUNTY,121,48 Years,11515,5708,5807,7057,3552,3505,1038,483,555,1245,622,623,2175,1051,1124
DENTON COUNTY,121,49 Years,11120,5512,5608,6886,3483,3403,1052,493,559,1147,565,582,2035,971,1064
DENTON COUNTY,121,50 Years,10921,5372,5549,6796,3377,3419,1079,515,564,1102,530,572,1944,950,994
DENTON COUNTY,121,51 Years,11312,5557,5755,7247,3580,3667,1082,516,566,1083,521,562,1900,940,960
DENTON COUNTY,121,52 Years,11492,5700,5792,7623,3830,3793,1033,466,567,1060,525,535,1776,879,897
DENTON COUNTY,121,53 Years,11255,5527,5728,7559,3759,3800,998,452,546,1053,507,546,1645,809,836
DENTON COUNTY,121,54 Years,10874,5298,5576,7407,3649,3758,929,422,507,977,462,515,1561,765,796
DENTON COUNTY,121,55 Years,10391,5138,5253,7281,3631,3650,832,394,438,895,437,458,1383,676,707
DENTON COUNTY,121,56 Years,10018,4949,5069,7096,3516,3580,812,387,425,834,412,422,1276,634,642
DENTON COUNTY,121,57 Years,9339,4587,4752,6654,3282,3372,738,339,399,793,398,395,1154,568,586
DENTON COUNTY,121,58 Years,9035,4453,4582,6497,3214,3283,669,315,354,781,397,384,1088,527,561
DENTON COUNTY,121,59 Years,8580,4147,4433,6222,3016,3206,627,299,328,738,363,375,993,469,524
DENTON COUNTY,121,60 Years,8002,3865,4137,5786,2818,2968,585,276,309,727,351,376,904,420,484
DENTON COUNTY,121,61 Years,7632,3726,3906,5590,2761,2829,551,251,300,668,317,351,823,397,426
DENTON COUNTY,121,62 Years,7192,3388,3804,5369,2540,2829,498,220,278,606,288,318,719,340,379
DENTON COUNTY,121,63 Years,6705,3171,3534,5013,2399,2614,454,193,261,574,269,305,664,310,354
DENTON COUNTY,121,64 Years,6331,3027,3304,4723,2301,2422,429,185,244,542,247,295,637,294,343
DENTON COUNTY,121,65 Years,6028,2838,3190,4461,2111,2350,420,185,235,532,247,285,615,295,320
DENTON COUNTY,121,66 Years,5999,2778,3221,4495,2100,2395,399,165,234,531,250,281,574,263,311
DENTON COUNTY,121,67 Years,5788,2713,3075,4420,2108,2312,351,140,211,494,231,263,523,234,289
DENTON COUNTY,121,68 Years,5754,2716,3038,4491,2135,2356,326,142,184,451,213,238,486,226,260
DENTON COUNTY,121,69 Years,5548,2594,2954,4447,2082,2365,255,114,141,393,187,206,453,211,242
DENTON COUNTY,121,70 Years,4429,2043,2386,3461,1601,1860,203,88,115,363,173,190,402,181,221
DENTON COUNTY,121,71 Years,4069,1844,2225,3214,1459,1755,153,64,89,346,165,181,356,156,200
DENTON COUNTY,121,72 Years,3964,1773,2191,3194,1450,1744,147,62,85,308,138,170,315,123,192
DENTON COUNTY,121,73 Years,3734,1683,2051,3037,1382,1655,132,56,76,287,131,156,278,114,164
DENTON COUNTY,121,74 Years,3246,1495,1751,2612,1210,1402,130,57,73,265,121,144,239,107,132
DENTON COUNTY,121,75 Years,2876,1316,1560,2315,1059,1256,106,45,61,233,108,125,222,104,118
DENTON COUNTY,121,76 Years,2580,1150,1430,2047,919,1128,104,39,65,227,109,118,202,83,119
DENTON COUNTY,121,77 Years,2313,1028,1285,1845,834,1011,95,39,56,198,93,105,175,62,113
DENTON COUNTY,121,78 Years,2138,928,1210,1731,755,976,86,35,51,166,71,95,155,67,88
DENTON COUNTY,121,79 Years,1981,847,1134,1594,684,910,82,30,52,159,66,93,146,67,79
DENTON COUNTY,121,80 Years,1796,767,1029,1436,622,814,67,24,43,152,62,90,141,59,82
DENTON COUNTY,121,81 Years,1658,657,1001,1358,547,811,60,18,42,127,54,73,113,38,75
DENTON COUNTY,121,82 Years,1512,584,928,1264,487,777,50,15,35,102,45,57,96,37,59
DENTON COUNTY,121,83 Years,1316,526,790,1103,441,662,41,14,27,79,34,45,93,37,56
DENTON COUNTY,121,84 Years,1208,481,727,1027,409,618,32,9,23,72,34,38,77,29,48
DENTON COUNTY,121,85 Years +,7499,2398,5101,6633,2122,4511,173,43,130,310,102,208,383,131,252
DE WITT COUNTY,123,All Ages,20960,11048,9912,11064,5588,5476,1872,1113,759,449,208,241,7575,4139,3436
DE WITT COUNTY,123,< 1 Year,246,127,119,102,51,51,8,5,3,22,8,14,114,63,51
DE WITT COUNTY,123,1 Years,259,130,129,113,53,60,9,5,4,16,6,10,121,66,55
DE WITT COUNTY,123,2 Years,264,136,128,122,58,64,8,5,3,12,7,5,122,66,56
DE WITT COUNTY,123,3 Years,262,135,127,113,54,59,8,4,4,11,8,3,130,69,61
DE WITT COUNTY,123,4 Years,240,128,112,97,50,47,8,4,4,10,7,3,125,67,58
DE WITT COUNTY,123,5 Years,241,132,109,90,45,45,8,4,4,17,16,1,126,67,59
DE WITT COUNTY,123,6 Years,234,116,118,88,44,44,8,5,3,13,8,5,125,59,66
DE WITT COUNTY,123,7 Years,258,137,121,99,57,42,16,9,7,15,6,9,128,65,63
DE WITT COUNTY,123,8 Years,265,142,123,106,62,44,20,8,12,15,5,10,124,67,57
DE WITT COUNTY,123,9 Years,277,147,130,113,66,47,18,11,7,13,5,8,133,65,68
DE WITT COUNTY,123,10 Years,260,129,131,103,58,45,20,10,10,13,4,9,124,57,67
DE WITT COUNTY,123,11 Years,249,122,127,100,53,47,22,11,11,12,3,9,115,55,60
DE WITT COUNTY,123,12 Years,273,147,126,104,55,49,22,14,8,12,5,7,135,73,62
DE WITT COUNTY,123,13 Years,273,144,129,109,56,53,22,11,11,11,7,4,131,70,61
DE WITT COUNTY,123,14 Years,228,117,111,86,47,39,23,10,13,8,4,4,111,56,55
DE WITT COUNTY,123,15 Years,262,147,115,107,55,52,23,13,10,9,7,2,123,72,51
DE WITT COUNTY,123,16 Years,280,154,126,112,63,49,33,17,16,9,5,4,126,69,57
DE WITT COUNTY,123,17 Years,251,132,119,104,57,47,26,14,12,9,4,5,112,57,55
DE WITT COUNTY,123,18 Years,245,133,112,112,60,52,21,14,7,7,2,5,105,57,48
DE WITT COUNTY,123,19 Years,244,130,114,107,59,48,21,13,8,9,3,6,107,55,52
DE WITT COUNTY,123,20 Years,232,121,111,110,57,53,14,7,7,10,4,6,98,53,45
DE WITT COUNTY,123,21 Years,242,132,110,111,60,51,17,10,7,11,6,5,103,56,47
DE WITT COUNTY,123,22 Years,251,129,122,123,61,62,20,11,9,9,4,5,99,53,46
DE WITT COUNTY,123,23 Years,267,136,131,136,72,64,20,8,12,8,2,6,103,54,49
DE WITT COUNTY,123,24 Years,288,150,138,148,73,75,23,8,15,4,2,2,113,67,46
DE WITT COUNTY,123,25 Years,269,159,110,142,88,54,24,13,11,3,2,1,100,56,44
DE WITT COUNTY,123,26 Years,222,123,99,117,62,55,23,13,10,3,2,1,79,46,33
DE WITT COUNTY,123,27 Years,238,142,96,133,74,59,22,14,8,3,1,2,80,53,27
DE WITT COUNTY,123,28 Years,245,152,93,104,65,39,31,26,5,4,1,3,106,60,46
DE WITT COUNTY,123,29 Years,220,120,100,90,49,41,25,18,7,4,1,3,101,52,49
DE WITT COUNTY,123,30 Years,230,130,100,96,50,46,27,20,7,3,1,2,104,59,45
DE WITT COUNTY,123,31 Years,225,122,103,95,49,46,25,17,8,2,1,1,103,55,48
DE WITT COUNTY,123,32 Years,225,136,89,84,46,38,24,16,8,1,0,1,116,74,42
DE WITT COUNTY,123,33 Years,230,147,83,92,54,38,27,21,6,3,2,1,108,70,38
DE WITT COUNTY,123,34 Years,239,145,94,92,49,43,30,24,6,5,3,2,112,69,43
DE WITT COUNTY,123,35 Years,238,140,98,105,55,50,29,20,9,2,1,1,102,64,38
DE WITT COUNTY,123,36 Years,224,132,92,88,41,47,34,24,10,1,1,0,101,66,35
DE WITT COUNTY,123,37 Years,242,145,97,105,58,47,28,21,7,3,2,1,106,64,42
DE WITT COUNTY,123,38 Years,251,159,92,105,63,42,27,21,6,4,2,2,115,73,42
DE WITT COUNTY,123,39 Years,250,146,104,109,60,49,35,28,7,2,0,2,104,58,46
DE WITT COUNTY,123,40 Years,262,155,107,113,63,50,27,23,4,3,1,2,119,68,51
DE WITT COUNTY,123,41 Years,243,151,92,111,66,45,26,24,2,1,0,1,105,61,44
DE WITT COUNTY,123,42 Years,231,141,90,102,55,47,26,22,4,2,0,2,101,64,37
DE WITT COUNTY,123,43 Years,219,131,88,98,50,48,24,17,7,3,1,2,94,63,31
DE WITT COUNTY,123,44 Years,242,140,102,117,65,52,25,16,9,5,4,1,95,55,40
DE WITT COUNTY,123,45 Years,268,152,116,130,69,61,27,16,11,4,3,1,107,64,43
DE WITT COUNTY,123,46 Years,270,150,120,146,71,75,22,14,8,3,1,2,99,64,35
DE WITT COUNTY,123,47 Years,264,145,119,135,65,70,29,16,13,4,1,3,96,63,33
DE WITT COUNTY,123,48 Years,240,135,105,117,64,53,31,18,13,3,1,2,89,52,37
DE WITT COUNTY,123,49 Years,251,143,108,139,83,56,34,23,11,3,1,2,75,36,39
DE WITT COUNTY,123,50 Years,266,143,123,136,68,68,30,20,10,6,2,4,94,53,41
DE WITT COUNTY,123,51 Years,279,163,116,151,86,65,31,21,10,4,1,3,93,55,38
DE WITT COUNTY,123,52 Years,300,169,131,179,97,82,27,19,8,4,1,3,90,52,38
DE WITT COUNTY,123,53 Years,285,150,135,164,82,82,29,16,13,3,2,1,89,50,39
DE WITT COUNTY,123,54 Years,289,156,133,152,75,77,31,20,11,3,0,3,103,61,42
DE WITT COUNTY,123,55 Years,311,182,129,180,101,79,28,21,7,3,1,2,100,59,41
DE WITT COUNTY,123,56 Years,315,158,157,190,98,92,24,14,10,6,3,3,95,43,52
DE WITT COUNTY,123,57 Years,331,173,158,194,102,92,33,21,12,6,3,3,98,47,51
DE WITT COUNTY,123,58 Years,309,156,153,197,92,105,26,14,12,2,1,1,84,49,35
DE WITT COUNTY,123,59 Years,296,141,155,194,85,109,23,11,12,1,0,1,78,45,33
DE WITT COUNTY,123,60 Years,281,139,142,171,85,86,33,16,17,2,0,2,75,38,37
DE WITT COUNTY,123,61 Years,281,151,130,187,105,82,28,12,16,2,2,0,64,32,32
DE WITT COUNTY,123,62 Years,286,149,137,178,90,88,32,18,14,2,2,0,74,39,35
DE WITT COUNTY,123,63 Years,278,147,131,188,98,90,30,15,15,1,1,0,59,33,26
DE WITT COUNTY,123,64 Years,266,130,136,177,82,95,26,14,12,3,2,1,60,32,28
DE WITT COUNTY,123,65 Years,262,128,134,167,75,92,37,22,15,2,1,1,56,30,26
DE WITT COUNTY,123,66 Years,254,125,129,170,80,90,27,16,11,2,1,1,55,28,27
DE WITT COUNTY,123,67 Years,267,126,141,188,90,98,16,7,9,2,0,2,61,29,32
DE WITT COUNTY,123,68 Years,246,118,128,169,80,89,18,10,8,2,1,1,57,27,30
DE WITT COUNTY,123,69 Years,240,116,124,164,81,83,16,8,8,2,0,2,58,27,31
DE WITT COUNTY,123,70 Years,225,105,120,151,74,77,17,8,9,3,1,2,54,22,32
DE WITT COUNTY,123,71 Years,237,105,132,148,67,81,27,10,17,3,1,2,59,27,32
DE WITT COUNTY,123,72 Years,196,87,109,133,58,75,10,3,7,0,0,0,53,26,27
DE WITT COUNTY,123,73 Years,185,84,101,140,60,80,7,5,2,2,1,1,36,18,18
DE WITT COUNTY,123,74 Years,162,67,95,120,48,72,13,5,8,2,1,1,27,13,14
DE WITT COUNTY,123,75 Years,152,72,80,114,56,58,9,4,5,0,0,0,29,12,17
DE WITT COUNTY,123,76 Years,135,63,72,98,47,51,9,4,5,3,1,2,25,11,14
DE WITT COUNTY,123,77 Years,141,65,76,101,49,52,10,3,7,3,1,2,27,12,15
DE WITT COUNTY,123,78 Years,132,57,75,94,40,54,12,5,7,1,0,1,25,12,13
DE WITT COUNTY,123,79 Years,141,65,76,107,49,58,8,5,3,1,1,0,25,10,15
DE WITT COUNTY,123,80 Years,131,59,72,95,44,51,9,3,6,3,2,1,24,10,14
DE WITT COUNTY,123,81 Years,121,53,68,86,40,46,11,3,8,2,1,1,22,9,13
DE WITT COUNTY,123,82 Years,102,48,54,72,34,38,9,4,5,1,1,0,20,9,11
DE WITT COUNTY,123,83 Years,108,40,68,70,27,43,9,3,6,1,0,1,28,10,18
DE WITT COUNTY,123,84 Years,96,42,54,65,30,35,10,4,6,2,1,1,19,7,12
DE WITT COUNTY,123,85 Years +,625,222,403,494,173,321,37,13,24,5,1,4,89,35,54
DICKENS COUNTY,125,All Ages,2131,1210,921,1356,704,652,72,64,8,51,33,18,652,409,243
DICKENS COUNTY,125,< 1 Year,19,8,11,11,5,6,0,0,0,1,1,0,7,2,5
DICKENS COUNTY,125,1 Years,16,7,9,10,5,5,0,0,0,0,0,0,6,2,4
DICKENS COUNTY,125,2 Years,18,10,8,11,6,5,0,0,0,0,0,0,7,4,3
DICKENS COUNTY,125,3 Years,15,9,6,8,4,4,0,0,0,0,0,0,7,5,2
DICKENS COUNTY,125,4 Years,18,10,8,11,6,5,0,0,0,0,0,0,7,4,3
DICKENS COUNTY,125,5 Years,18,10,8,11,5,6,0,0,0,0,0,0,7,5,2
DICKENS COUNTY,125,6 Years,34,21,13,22,11,11,0,0,0,0,0,0,12,10,2
DICKENS COUNTY,125,7 Years,17,12,5,8,4,4,0,0,0,0,0,0,9,8,1
DICKENS COUNTY,125,8 Years,19,9,10,9,3,6,0,0,0,0,0,0,10,6,4
DICKENS COUNTY,125,9 Years,23,12,11,10,4,6,0,0,0,2,1,1,11,7,4
DICKENS COUNTY,125,10 Years,23,11,12,12,4,8,0,0,0,1,1,0,10,6,4
DICKENS COUNTY,125,11 Years,24,14,10,10,5,5,0,0,0,0,0,0,14,9,5
DICKENS COUNTY,125,12 Years,24,13,11,12,6,6,0,0,0,0,0,0,12,7,5
DICKENS COUNTY,125,13 Years,25,14,11,13,8,5,0,0,0,0,0,0,12,6,6
DICKENS COUNTY,125,14 Years,26,14,12,14,9,5,1,0,1,0,0,0,11,5,6
DICKENS COUNTY,125,15 Years,30,17,13,17,11,6,0,0,0,1,0,1,12,6,6
DICKENS COUNTY,125,16 Years,23,9,14,12,7,5,0,0,0,1,0,1,10,2,8
DICKENS COUNTY,125,17 Years,21,14,7,14,10,4,0,0,0,1,1,0,6,3,3
DICKENS COUNTY,125,18 Years,19,11,8,12,7,5,0,0,0,0,0,0,7,4,3
DICKENS COUNTY,125,19 Years,20,12,8,8,6,2,0,0,0,3,1,2,9,5,4
DICKENS COUNTY,125,20 Years,24,14,10,9,6,3,0,0,0,1,1,0,14,7,7
DICKENS COUNTY,125,21 Years,18,9,9,10,4,6,0,0,0,1,1,0,7,4,3
DICKENS COUNTY,125,22 Years,23,13,10,12,5,7,0,0,0,2,2,0,9,6,3
DICKENS COUNTY,125,23 Years,24,15,9,14,8,6,1,0,1,0,0,0,9,7,2
DICKENS COUNTY,125,24 Years,22,12,10,11,6,5,0,0,0,0,0,0,11,6,5
DICKENS COUNTY,125,25 Years,27,19,8,12,7,5,6,6,0,0,0,0,9,6,3
DICKENS COUNTY,125,26 Years,24,17,7,10,5,5,4,4,0,0,0,0,10,8,2
DICKENS COUNTY,125,27 Years,23,18,5,7,4,3,4,4,0,0,0,0,12,10,2
DICKENS COUNTY,125,28 Years,29,22,7,18,12,6,2,2,0,1,1,0,8,7,1
DICKENS COUNTY,125,29 Years,19,11,8,10,6,4,0,0,0,1,0,1,8,5,3
DICKENS COUNTY,125,30 Years,18,11,7,8,6,2,1,1,0,1,0,1,8,4,4
DICKENS COUNTY,125,31 Years,21,17,4,8,7,1,3,3,0,1,1,0,9,6,3
DICKENS COUNTY,125,32 Years,25,20,5,10,8,2,3,3,0,1,1,0,11,8,3
DICKENS COUNTY,125,33 Years,25,19,6,11,8,3,3,3,0,0,0,0,11,8,3
DICKENS COUNTY,125,34 Years,30,21,9,15,10,5,2,2,0,0,0,0,13,9,4
DICKENS COUNTY,125,35 Years,26,21,5,11,7,4,1,1,0,0,0,0,14,13,1
DICKENS COUNTY,125,36 Years,33,24,9,15,8,7,4,4,0,0,0,0,14,12,2
DICKENS COUNTY,125,37 Years,33,25,8,16,12,4,4,4,0,1,0,1,12,9,3
DICKENS COUNTY,125,38 Years,28,22,6,13,8,5,3,3,0,0,0,0,12,11,1
DICKENS COUNTY,125,39 Years,29,21,8,12,7,5,2,2,0,1,1,0,14,11,3
DICKENS COUNTY,125,40 Years,25,17,8,10,5,5,2,2,0,2,2,0,11,8,3
DICKENS COUNTY,125,41 Years,26,15,11,16,7,9,2,2,0,1,1,0,7,5,2
DICKENS COUNTY,125,42 Years,26,16,10,18,9,9,0,0,0,1,1,0,7,6,1
DICKENS COUNTY,125,43 Years,30,18,12,20,12,8,0,0,0,1,0,1,9,6,3
DICKENS COUNTY,125,44 Years,29,17,12,14,7,7,2,2,0,0,0,0,13,8,5
DICKENS COUNTY,125,45 Years,25,16,9,12,7,5,0,0,0,2,1,1,11,8,3
DICKENS COUNTY,125,46 Years,26,20,6,15,12,3,0,0,0,1,1,0,10,7,3
DICKENS COUNTY,125,47 Years,19,13,6,12,8,4,1,1,0,0,0,0,6,4,2
DICKENS COUNTY,125,48 Years,19,11,8,8,4,4,2,1,1,0,0,0,9,6,3
DICKENS COUNTY,125,49 Years,23,14,9,11,6,5,2,2,0,0,0,0,10,6,4
DICKENS COUNTY,125,50 Years,22,10,12,13,6,7,2,2,0,0,0,0,7,2,5
DICKENS COUNTY,125,51 Years,21,10,11,15,6,9,2,2,0,0,0,0,4,2,2
DICKENS COUNTY,125,52 Years,27,15,12,21,11,10,1,1,0,1,1,0,4,2,2
DICKENS COUNTY,125,53 Years,31,16,15,22,10,12,1,1,0,1,1,0,7,4,3
DICKENS COUNTY,125,54 Years,30,17,13,20,9,11,0,0,0,1,1,0,9,7,2
DICKENS COUNTY,125,55 Years,35,19,16,21,10,11,0,0,0,0,0,0,14,9,5
DICKENS COUNTY,125,56 Years,41,21,20,27,12,15,2,2,0,1,1,0,11,6,5
DICKENS COUNTY,125,57 Years,34,20,14,26,15,11,1,0,1,1,1,0,6,4,2
DICKENS COUNTY,125,58 Years,32,15,17,24,13,11,1,0,1,1,0,1,6,2,4
DICKENS COUNTY,125,59 Years,34,17,17,26,12,14,0,0,0,3,2,1,5,3,2
DICKENS COUNTY,125,60 Years,37,18,19,28,13,15,0,0,0,1,0,1,8,5,3
DICKENS COUNTY,125,61 Years,38,23,15,32,20,12,1,1,0,1,0,1,4,2,2
DICKENS COUNTY,125,62 Years,28,18,10,23,14,9,1,1,0,0,0,0,4,3,1
DICKENS COUNTY,125,63 Years,27,13,14,23,10,13,1,0,1,0,0,0,3,3,0
DICKENS COUNTY,125,64 Years,26,13,13,19,9,10,0,0,0,1,0,1,6,4,2
DICKENS COUNTY,125,65 Years,22,10,12,17,8,9,0,0,0,1,1,0,4,1,3
DICKENS COUNTY,125,66 Years,27,10,17,21,8,13,0,0,0,0,0,0,6,2,4
DICKENS COUNTY,125,67 Years,27,11,16,23,10,13,0,0,0,1,0,1,3,1,2
DICKENS COUNTY,125,68 Years,28,12,16,22,9,13,0,0,0,1,0,1,5,3,2
DICKENS COUNTY,125,69 Years,26,9,17,21,7,14,0,0,0,1,1,0,4,1,3
DICKENS COUNTY,125,70 Years,24,10,14,20,9,11,0,0,0,0,0,0,4,1,3
DICKENS COUNTY,125,71 Years,26,15,11,23,14,9,0,0,0,0,0,0,3,1,2
DICKENS COUNTY,125,72 Years,28,12,16,25,11,14,0,0,0,0,0,0,3,1,2
DICKENS COUNTY,125,73 Years,24,11,13,22,9,13,0,0,0,1,1,0,1,1,0
DICKENS COUNTY,125,74 Years,26,14,12,25,13,12,0,0,0,0,0,0,1,1,0
DICKENS COUNTY,125,75 Years,28,13,15,24,11,13,0,0,0,0,0,0,4,2,2
DICKENS COUNTY,125,76 Years,19,9,10,18,9,9,0,0,0,0,0,0,1,0,1
DICKENS COUNTY,125,77 Years,20,10,10,19,9,10,0,0,0,0,0,0,1,1,0
DICKENS COUNTY,125,78 Years,21,10,11,20,9,11,0,0,0,0,0,0,1,1,0
DICKENS COUNTY,125,79 Years,20,8,12,16,7,9,2,1,1,0,0,0,2,0,2
DICKENS COUNTY,125,80 Years,17,9,8,13,7,6,1,1,0,0,0,0,3,1,2
DICKENS COUNTY,125,81 Years,12,5,7,9,5,4,1,0,1,0,0,0,2,0,2
DICKENS COUNTY,125,82 Years,10,7,3,9,6,3,0,0,0,0,0,0,1,1,0
DICKENS COUNTY,125,83 Years,12,6,6,10,5,5,0,0,0,1,1,0,1,0,1
DICKENS COUNTY,125,84 Years,12,6,6,10,4,6,0,0,0,1,1,0,1,1,0
DICKENS COUNTY,125,85 Years +,58,23,35,46,17,29,0,0,0,3,2,1,9,4,5
DIMMIT COUNTY,127,All Ages,10459,5117,5342,1324,699,625,78,40,38,96,44,52,8961,4334,4627
DIMMIT COUNTY,127,< 1 Year,152,81,71,24,15,9,0,0,0,0,0,0,128,66,62
DIMMIT COUNTY,127,1 Years,160,83,77,24,14,10,0,0,0,2,1,1,134,68,66
DIMMIT COUNTY,127,2 Years,168,84,84,26,13,13,0,0,0,2,1,1,140,70,70
DIMMIT COUNTY,127,3 Years,175,89,86,26,12,14,0,0,0,3,2,1,146,75,71
DIMMIT COUNTY,127,4 Years,169,87,82,27,14,13,0,0,0,3,2,1,139,71,68
DIMMIT COUNTY,127,5 Years,151,78,73,22,12,10,2,1,1,2,1,1,125,64,61
DIMMIT COUNTY,127,6 Years,140,66,74,18,8,10,1,0,1,2,1,1,119,57,62
DIMMIT COUNTY,127,7 Years,154,78,76,17,10,7,1,0,1,1,0,1,135,68,67
DIMMIT COUNTY,127,8 Years,144,73,71,12,9,3,2,1,1,2,1,1,128,62,66
DIMMIT COUNTY,127,9 Years,159,77,82,14,8,6,3,1,2,1,1,0,141,67,74
DIMMIT COUNTY,127,10 Years,173,84,89,15,8,7,3,1,2,0,0,0,155,75,80
DIMMIT COUNTY,127,11 Years,170,85,85,14,7,7,1,1,0,2,1,1,153,76,77
DIMMIT COUNTY,127,12 Years,170,86,84,15,6,9,2,2,0,1,1,0,152,77,75
DIMMIT COUNTY,127,13 Years,149,75,74,14,8,6,2,1,1,1,0,1,132,66,66
DIMMIT COUNTY,127,14 Years,155,85,70,15,9,6,2,1,1,1,1,0,137,74,63
DIMMIT COUNTY,127,15 Years,176,88,88,8,5,3,1,0,1,0,0,0,167,83,84
DIMMIT COUNTY,127,16 Years,160,81,79,11,4,7,0,0,0,2,2,0,147,75,72
DIMMIT COUNTY,127,17 Years,167,82,85,17,8,9,1,0,1,2,2,0,147,72,75
DIMMIT COUNTY,127,18 Years,161,77,84,11,3,8,1,1,0,0,0,0,149,73,76
DIMMIT COUNTY,127,19 Years,153,69,84,8,2,6,1,1,0,1,0,1,143,66,77
DIMMIT COUNTY,127,20 Years,149,72,77,11,4,7,0,0,0,1,0,1,137,68,69
DIMMIT COUNTY,127,21 Years,151,81,70,8,4,4,1,0,1,0,0,0,142,77,65
DIMMIT COUNTY,127,22 Years,165,87,78,10,5,5,2,1,1,1,0,1,152,81,71
DIMMIT COUNTY,127,23 Years,162,86,76,12,5,7,2,1,1,2,0,2,146,80,66
DIMMIT COUNTY,127,24 Years,160,79,81,13,7,6,1,0,1,2,1,1,144,71,73
DIMMIT COUNTY,127,25 Years,110,55,55,14,7,7,1,0,1,0,0,0,95,48,47
DIMMIT COUNTY,127,26 Years,112,57,55,16,6,10,0,0,0,1,1,0,95,50,45
DIMMIT COUNTY,127,27 Years,108,60,48,10,6,4,2,1,1,2,2,0,94,51,43
DIMMIT COUNTY,127,28 Years,128,75,53,16,13,3,0,0,0,2,2,0,110,60,50
DIMMIT COUNTY,127,29 Years,101,56,45,16,10,6,0,0,0,1,1,0,84,45,39
DIMMIT COUNTY,127,30 Years,103,49,54,11,8,3,1,0,1,1,0,1,90,41,49
DIMMIT COUNTY,127,31 Years,91,49,42,11,8,3,1,0,1,1,0,1,78,41,37
DIMMIT COUNTY,127,32 Years,96,54,42,17,11,6,0,0,0,2,1,1,77,42,35
DIMMIT COUNTY,127,33 Years,99,47,52,13,7,6,1,1,0,1,0,1,84,39,45
DIMMIT COUNTY,127,34 Years,102,44,58,14,5,9,2,1,1,3,0,3,83,38,45
DIMMIT COUNTY,127,35 Years,97,46,51,12,7,5,1,0,1,2,0,2,82,39,43
DIMMIT COUNTY,127,36 Years,114,55,59,11,3,8,0,0,0,1,1,0,102,51,51
DIMMIT COUNTY,127,37 Years,94,47,47,13,6,7,1,0,1,0,0,0,80,41,39
DIMMIT COUNTY,127,38 Years,89,42,47,14,10,4,0,0,0,0,0,0,75,32,43
DIMMIT COUNTY,127,39 Years,115,53,62,16,11,5,0,0,0,1,0,1,98,42,56
DIMMIT COUNTY,127,40 Years,129,56,73,19,8,11,1,0,1,0,0,0,109,48,61
DIMMIT COUNTY,127,41 Years,122,61,61,16,9,7,0,0,0,1,0,1,105,52,53
DIMMIT COUNTY,127,42 Years,110,50,60,16,10,6,0,0,0,1,1,0,93,39,54
DIMMIT COUNTY,127,43 Years,87,40,47,10,5,5,0,0,0,1,0,1,76,35,41
DIMMIT COUNTY,127,44 Years,103,48,55,12,5,7,1,1,0,2,1,1,88,41,47
DIMMIT COUNTY,127,45 Years,118,62,56,14,9,5,1,1,0,1,0,1,102,52,50
DIMMIT COUNTY,127,46 Years,138,67,71,16,5,11,1,0,1,0,0,0,121,62,59
DIMMIT COUNTY,127,47 Years,114,57,57,14,7,7,1,1,0,0,0,0,99,49,50
DIMMIT COUNTY,127,48 Years,113,52,61,18,9,9,0,0,0,1,1,0,94,42,52
DIMMIT COUNTY,127,49 Years,119,53,66,18,8,10,1,1,0,2,0,2,98,44,54
DIMMIT COUNTY,127,50 Years,121,58,63,9,5,4,1,1,0,1,0,1,110,52,58
DIMMIT COUNTY,127,51 Years,129,63,66,10,4,6,1,0,1,2,1,1,116,58,58
DIMMIT COUNTY,127,52 Years,127,65,62,16,11,5,1,0,1,2,1,1,108,53,55
DIMMIT COUNTY,127,53 Years,117,63,54,12,9,3,1,1,0,1,0,1,103,53,50
DIMMIT COUNTY,127,54 Years,129,76,53,14,10,4,1,1,0,3,3,0,111,62,49
DIMMIT COUNTY,127,55 Years,138,67,71,22,10,12,1,1,0,1,1,0,114,55,59
DIMMIT COUNTY,127,56 Years,132,69,63,25,18,7,1,1,0,1,1,0,105,49,56
DIMMIT COUNTY,127,57 Years,114,60,54,17,13,4,1,0,1,1,0,1,95,47,48
DIMMIT COUNTY,127,58 Years,125,62,63,20,11,9,1,1,0,1,0,1,103,50,53
DIMMIT COUNTY,127,59 Years,131,66,65,14,7,7,2,1,1,2,1,1,113,57,56
DIMMIT COUNTY,127,60 Years,130,64,66,18,11,7,2,0,2,2,1,1,108,52,56
DIMMIT COUNTY,127,61 Years,127,62,65,16,9,7,2,1,1,4,1,3,105,51,54
DIMMIT COUNTY,127,62 Years,125,58,67,19,8,11,3,2,1,2,0,2,101,48,53
DIMMIT COUNTY,127,63 Years,131,61,70,18,10,8,0,0,0,1,0,1,112,51,61
DIMMIT COUNTY,127,64 Years,130,61,69,15,7,8,1,1,0,2,2,0,112,51,61
DIMMIT COUNTY,127,65 Years,124,60,64,23,13,10,2,2,0,0,0,0,99,45,54
DIMMIT COUNTY,127,66 Years,123,50,73,16,10,6,1,1,0,0,0,0,106,39,67
DIMMIT COUNTY,127,67 Years,140,56,84,22,12,10,1,1,0,1,0,1,116,43,73
DIMMIT COUNTY,127,68 Years,122,57,65,23,12,11,1,1,0,0,0,0,98,44,54
DIMMIT COUNTY,127,69 Years,125,59,66,23,11,12,1,0,1,0,0,0,101,48,53
DIMMIT COUNTY,127,70 Years,106,50,56,19,11,8,0,0,0,1,0,1,86,39,47
DIMMIT COUNTY,127,71 Years,95,43,52,17,7,10,0,0,0,1,1,0,77,35,42
DIMMIT COUNTY,127,72 Years,86,43,43,13,6,7,0,0,0,0,0,0,73,37,36
DIMMIT COUNTY,127,73 Years,81,35,46,14,8,6,0,0,0,0,0,0,67,27,40
DIMMIT COUNTY,127,74 Years,73,31,42,12,6,6,1,1,0,0,0,0,60,24,36
DIMMIT COUNTY,127,75 Years,73,32,41,17,10,7,2,1,1,0,0,0,54,21,33
DIMMIT COUNTY,127,76 Years,62,27,35,13,7,6,0,0,0,1,0,1,48,20,28
DIMMIT COUNTY,127,77 Years,59,26,33,9,4,5,0,0,0,0,0,0,50,22,28
DIMMIT COUNTY,127,78 Years,55,23,32,4,1,3,0,0,0,0,0,0,51,22,29
DIMMIT COUNTY,127,79 Years,53,28,25,5,3,2,1,1,0,0,0,0,47,24,23
DIMMIT COUNTY,127,80 Years,49,22,27,11,6,5,1,1,0,1,1,0,36,14,22
DIMMIT COUNTY,127,81 Years,51,22,29,12,5,7,0,0,0,0,0,0,39,17,22
DIMMIT COUNTY,127,82 Years,54,23,31,9,4,5,0,0,0,0,0,0,45,19,26
DIMMIT COUNTY,127,83 Years,46,25,21,12,6,6,0,0,0,0,0,0,34,19,15
DIMMIT COUNTY,127,84 Years,41,18,23,10,4,6,0,0,0,0,0,0,31,14,17
DIMMIT COUNTY,127,85 Years +,230,84,146,46,17,29,3,0,3,4,1,3,177,66,111
DONLEY COUNTY,129,All Ages,3463,1753,1710,2898,1483,1415,183,91,92,66,21,45,316,158,158
DONLEY COUNTY,129,< 1 Year,38,24,14,29,18,11,5,4,1,0,0,0,4,2,2
DONLEY COUNTY,129,1 Years,37,22,15,25,14,11,8,6,2,0,0,0,4,2,2
DONLEY COUNTY,129,2 Years,33,19,14,23,13,10,8,5,3,0,0,0,2,1,1
DONLEY COUNTY,129,3 Years,37,20,17,25,13,12,7,5,2,0,0,0,5,2,3
DONLEY COUNTY,129,4 Years,40,24,16,28,16,12,8,6,2,0,0,0,4,2,2
DONLEY COUNTY,129,5 Years,40,20,20,30,14,16,4,3,1,0,0,0,6,3,3
DONLEY COUNTY,129,6 Years,43,20,23,33,18,15,5,2,3,0,0,0,5,0,5
DONLEY COUNTY,129,7 Years,49,22,27,41,22,19,1,0,1,2,0,2,5,0,5
DONLEY COUNTY,129,8 Years,39,22,17,30,18,12,2,2,0,1,0,1,6,2,4
DONLEY COUNTY,129,9 Years,36,21,15,28,17,11,2,1,1,0,0,0,6,3,3
DONLEY COUNTY,129,10 Years,34,20,14,26,16,10,2,1,1,2,0,2,4,3,1
DONLEY COUNTY,129,11 Years,27,14,13,17,9,8,3,2,1,1,0,1,6,3,3
DONLEY COUNTY,129,12 Years,37,16,21,28,11,17,4,2,2,1,1,0,4,2,2
DONLEY COUNTY,129,13 Years,36,18,18,26,12,14,3,2,1,2,1,1,5,3,2
DONLEY COUNTY,129,14 Years,31,15,16,23,13,10,3,0,3,1,0,1,4,2,2
DONLEY COUNTY,129,15 Years,36,20,16,23,15,8,3,1,2,2,1,1,8,3,5
DONLEY COUNTY,129,16 Years,31,18,13,24,15,9,3,1,2,0,0,0,4,2,2
DONLEY COUNTY,129,17 Years,43,22,21,33,19,14,2,0,2,2,0,2,6,3,3
DONLEY COUNTY,129,18 Years,39,22,17,32,19,13,1,0,1,1,0,1,5,3,2
DONLEY COUNTY,129,19 Years,38,19,19,29,17,12,3,1,2,1,0,1,5,1,4
DONLEY COUNTY,129,20 Years,35,17,18,26,16,10,3,0,3,1,0,1,5,1,4
DONLEY COUNTY,129,21 Years,45,25,20,35,21,14,4,0,4,0,0,0,6,4,2
DONLEY COUNTY,129,22 Years,54,29,25,40,23,17,3,0,3,3,1,2,8,5,3
DONLEY COUNTY,129,23 Years,52,23,29,40,20,20,3,1,2,1,0,1,8,2,6
DONLEY COUNTY,129,24 Years,72,34,38,49,23,26,5,3,2,3,1,2,15,7,8
DONLEY COUNTY,129,25 Years,128,67,61,99,50,49,8,4,4,2,1,1,19,12,7
DONLEY COUNTY,129,26 Years,116,70,46,93,53,40,8,5,3,1,1,0,14,11,3
DONLEY COUNTY,129,27 Years,54,27,27,44,21,23,4,2,2,1,0,1,5,4,1
DONLEY COUNTY,129,28 Years,40,21,19,31,14,17,4,4,0,0,0,0,5,3,2
DONLEY COUNTY,129,29 Years,23,12,11,18,9,9,2,1,1,1,1,0,2,1,1
DONLEY COUNTY,129,30 Years,23,14,9,19,11,8,0,0,0,1,1,0,3,2,1
DONLEY COUNTY,129,31 Years,32,16,16,25,12,13,0,0,0,1,1,0,6,3,3
DONLEY COUNTY,129,32 Years,32,17,15,27,15,12,1,1,0,0,0,0,4,1,3
DONLEY COUNTY,129,33 Years,31,17,14,26,15,11,0,0,0,0,0,0,5,2,3
DONLEY COUNTY,129,34 Years,42,22,20,33,18,15,1,0,1,1,0,1,7,4,3
DONLEY COUNTY,129,35 Years,32,18,14,26,14,12,1,1,0,1,1,0,4,2,2
DONLEY COUNTY,129,36 Years,34,19,15,29,16,13,1,0,1,0,0,0,4,3,1
DONLEY COUNTY,129,37 Years,31,19,12,25,16,9,1,0,1,0,0,0,5,3,2
DONLEY COUNTY,129,38 Years,27,16,11,23,14,9,1,0,1,1,1,0,2,1,1
DONLEY COUNTY,129,39 Years,26,12,14,20,10,10,1,0,1,1,1,0,4,1,3
DONLEY COUNTY,129,40 Years,27,12,15,22,10,12,2,0,2,0,0,0,3,2,1
DONLEY COUNTY,129,41 Years,28,16,12,24,14,10,0,0,0,0,0,0,4,2,2
DONLEY COUNTY,129,42 Years,26,11,15,23,10,13,2,1,1,0,0,0,1,0,1
DONLEY COUNTY,129,43 Years,26,12,14,19,7,12,3,2,1,0,0,0,4,3,1
DONLEY COUNTY,129,44 Years,29,16,13,22,11,11,2,2,0,1,1,0,4,2,2
DONLEY COUNTY,129,45 Years,36,19,17,33,17,16,3,2,1,0,0,0,0,0,0
DONLEY COUNTY,129,46 Years,34,20,14,31,17,14,2,2,0,1,1,0,0,0,0
DONLEY COUNTY,129,47 Years,32,16,16,27,14,13,1,1,0,3,1,2,1,0,1
DONLEY COUNTY,129,48 Years,30,14,16,25,13,12,1,0,1,2,0,2,2,1,1
DONLEY COUNTY,129,49 Years,31,15,16,27,14,13,0,0,0,1,0,1,3,1,2
DONLEY COUNTY,129,50 Years,41,15,26,35,13,22,2,0,2,1,0,1,3,2,1
DONLEY COUNTY,129,51 Years,36,18,18,34,17,17,1,0,1,0,0,0,1,1,0
DONLEY COUNTY,129,52 Years,44,20,24,41,19,22,1,1,0,0,0,0,2,0,2
DONLEY COUNTY,129,53 Years,53,27,26,48,26,22,0,0,0,3,0,3,2,1,1
DONLEY COUNTY,129,54 Years,52,26,26,44,24,20,4,1,3,2,0,2,2,1,1
DONLEY COUNTY,129,55 Years,49,24,25,41,21,20,1,0,1,1,0,1,6,3,3
DONLEY COUNTY,129,56 Years,48,23,25,40,18,22,3,2,1,0,0,0,5,3,2
DONLEY COUNTY,129,57 Years,45,21,24,38,17,21,2,1,1,1,1,0,4,2,2
DONLEY COUNTY,129,58 Years,41,18,23,36,17,19,2,0,2,1,1,0,2,0,2
DONLEY COUNTY,129,59 Years,46,23,23,40,20,20,0,0,0,2,1,1,4,2,2
DONLEY COUNTY,129,60 Years,54,27,27,50,25,25,0,0,0,1,0,1,3,2,1
DONLEY COUNTY,129,61 Years,54,31,23,50,30,20,2,0,2,1,0,1,1,1,0
DONLEY COUNTY,129,62 Years,45,25,20,43,25,18,2,0,2,0,0,0,0,0,0
DONLEY COUNTY,129,63 Years,42,24,18,39,22,17,2,1,1,0,0,0,1,1,0
DONLEY COUNTY,129,64 Years,43,22,21,40,20,20,1,1,0,0,0,0,2,1,1
DONLEY COUNTY,129,65 Years,49,25,24,47,23,24,0,0,0,0,0,0,2,2,0
DONLEY COUNTY,129,66 Years,52,27,25,48,26,22,1,1,0,0,0,0,3,0,3
DONLEY COUNTY,129,67 Years,56,30,26,51,27,24,1,1,0,1,0,1,3,2,1
DONLEY COUNTY,129,68 Years,49,19,30,46,18,28,1,1,0,1,0,1,1,0,1
DONLEY COUNTY,129,69 Years,46,22,24,44,21,23,0,0,0,2,1,1,0,0,0
DONLEY COUNTY,129,70 Years,40,18,22,37,16,21,0,0,0,0,0,0,3,2,1
DONLEY COUNTY,129,71 Years,37,18,19,33,15,18,1,1,0,0,0,0,3,2,1
DONLEY COUNTY,129,72 Years,42,19,23,40,18,22,0,0,0,0,0,0,2,1,1
DONLEY COUNTY,129,73 Years,39,18,21,37,17,20,0,0,0,2,1,1,0,0,0
DONLEY COUNTY,129,74 Years,34,14,20,32,13,19,1,1,0,0,0,0,1,0,1
DONLEY COUNTY,129,75 Years,35,16,19,32,16,16,2,0,2,0,0,0,1,0,1
DONLEY COUNTY,129,76 Years,37,18,19,33,16,17,2,1,1,0,0,0,2,1,1
DONLEY COUNTY,129,77 Years,28,12,16,27,12,15,0,0,0,0,0,0,1,0,1
DONLEY COUNTY,129,78 Years,25,10,15,24,10,14,0,0,0,0,0,0,1,0,1
DONLEY COUNTY,129,79 Years,28,13,15,27,13,14,0,0,0,1,0,1,0,0,0
DONLEY COUNTY,129,80 Years,25,11,14,23,10,13,0,0,0,1,0,1,1,1,0
DONLEY COUNTY,129,81 Years,25,12,13,23,11,12,0,0,0,1,0,1,1,1,0
DONLEY COUNTY,129,82 Years,21,10,11,18,8,10,1,1,0,1,0,1,1,1,0
DONLEY COUNTY,129,83 Years,16,7,9,15,7,8,1,0,1,0,0,0,0,0,0
DONLEY COUNTY,129,84 Years,15,7,8,15,7,8,0,0,0,0,0,0,0,0,0
DONLEY COUNTY,129,85 Years +,99,39,60,93,38,55,5,1,4,0,0,0,1,0,1
DUVAL COUNTY,131,All Ages,11223,5809,5414,1095,616,479,80,76,4,64,33,31,9984,5084,4900
DUVAL COUNTY,131,< 1 Year,148,80,68,9,5,4,0,0,0,0,0,0,139,75,64
DUVAL COUNTY,131,1 Years,160,80,80,7,3,4,0,0,0,0,0,0,153,77,76
DUVAL COUNTY,131,2 Years,159,77,82,6,3,3,0,0,0,0,0,0,153,74,79
DUVAL COUNTY,131,3 Years,159,78,81,7,4,3,0,0,0,0,0,0,152,74,78
DUVAL COUNTY,131,4 Years,156,75,81,9,4,5,0,0,0,0,0,0,147,71,76
DUVAL COUNTY,131,5 Years,157,79,78,9,5,4,0,0,0,1,1,0,147,73,74
DUVAL COUNTY,131,6 Years,159,74,85,9,4,5,1,1,0,1,1,0,148,68,80
DUVAL COUNTY,131,7 Years,160,84,76,12,5,7,0,0,0,0,0,0,148,79,69
DUVAL COUNTY,131,8 Years,157,72,85,13,5,8,1,1,0,2,1,1,141,65,76
DUVAL COUNTY,131,9 Years,147,77,70,9,4,5,0,0,0,1,0,1,137,73,64
DUVAL COUNTY,131,10 Years,135,59,76,8,4,4,0,0,0,1,0,1,126,55,71
DUVAL COUNTY,131,11 Years,164,87,77,17,10,7,0,0,0,1,1,0,146,76,70
DUVAL COUNTY,131,12 Years,152,83,69,12,6,6,0,0,0,1,0,1,139,77,62
DUVAL COUNTY,131,13 Years,153,91,62,14,9,5,0,0,0,0,0,0,139,82,57
DUVAL COUNTY,131,14 Years,143,79,64,11,9,2,0,0,0,1,1,0,131,69,62
DUVAL COUNTY,131,15 Years,138,69,69,10,6,4,0,0,0,1,1,0,127,62,65
DUVAL COUNTY,131,16 Years,175,80,95,18,8,10,0,0,0,1,0,1,156,72,84
DUVAL COUNTY,131,17 Years,152,73,79,14,7,7,0,0,0,0,0,0,138,66,72
DUVAL COUNTY,131,18 Years,150,74,76,10,6,4,0,0,0,1,0,1,139,68,71
DUVAL COUNTY,131,19 Years,167,87,80,8,5,3,0,0,0,1,0,1,158,82,76
DUVAL COUNTY,131,20 Years,174,94,80,16,8,8,0,0,0,0,0,0,158,86,72
DUVAL COUNTY,131,21 Years,181,106,75,9,3,6,1,1,0,1,0,1,170,102,68
DUVAL COUNTY,131,22 Years,180,100,80,18,10,8,0,0,0,1,0,1,161,90,71
DUVAL COUNTY,131,23 Years,170,103,67,13,9,4,3,3,0,0,0,0,154,91,63
DUVAL COUNTY,131,24 Years,165,89,76,15,10,5,2,2,0,0,0,0,148,77,71
DUVAL COUNTY,131,25 Years,166,89,77,17,13,4,2,2,0,0,0,0,147,74,73
DUVAL COUNTY,131,26 Years,148,89,59,16,12,4,2,2,0,0,0,0,130,75,55
DUVAL COUNTY,131,27 Years,134,80,54,16,11,5,1,1,0,2,2,0,115,66,49
DUVAL COUNTY,131,28 Years,136,84,52,11,9,2,2,2,0,1,1,0,122,72,50
DUVAL COUNTY,131,29 Years,134,84,50,10,7,3,1,1,0,0,0,0,123,76,47
DUVAL COUNTY,131,30 Years,122,65,57,8,5,3,1,1,0,2,2,0,111,57,54
DUVAL COUNTY,131,31 Years,111,61,50,11,9,2,1,1,0,1,1,0,98,50,48
DUVAL COUNTY,131,32 Years,107,53,54,9,5,4,1,1,0,0,0,0,97,47,50
DUVAL COUNTY,131,33 Years,119,67,52,13,8,5,1,1,0,1,0,1,104,58,46
DUVAL COUNTY,131,34 Years,108,62,46,11,6,5,2,2,0,1,0,1,94,54,40
DUVAL COUNTY,131,35 Years,118,61,57,9,6,3,2,1,1,0,0,0,107,54,53
DUVAL COUNTY,131,36 Years,126,63,63,11,5,6,1,0,1,1,0,1,113,58,55
DUVAL COUNTY,131,37 Years,110,60,50,11,7,4,0,0,0,2,2,0,97,51,46
DUVAL COUNTY,131,38 Years,113,60,53,15,7,8,1,1,0,1,1,0,96,51,45
DUVAL COUNTY,131,39 Years,121,66,55,14,8,6,2,2,0,2,2,0,103,54,49
DUVAL COUNTY,131,40 Years,123,71,52,15,8,7,0,0,0,1,1,0,107,62,45
DUVAL COUNTY,131,41 Years,110,58,52,9,5,4,3,3,0,1,1,0,97,49,48
DUVAL COUNTY,131,42 Years,129,62,67,11,6,5,2,2,0,0,0,0,116,54,62
DUVAL COUNTY,131,43 Years,127,64,63,13,6,7,1,1,0,1,0,1,112,57,55
DUVAL COUNTY,131,44 Years,130,83,47,18,14,4,4,4,0,1,0,1,107,65,42
DUVAL COUNTY,131,45 Years,141,78,63,13,7,6,5,5,0,0,0,0,123,66,57
DUVAL COUNTY,131,46 Years,118,65,53,9,7,2,4,4,0,0,0,0,105,54,51
DUVAL COUNTY,131,47 Years,124,63,61,14,10,4,2,2,0,1,0,1,107,51,56
DUVAL COUNTY,131,48 Years,129,72,57,18,15,3,2,2,0,2,1,1,107,54,53
DUVAL COUNTY,131,49 Years,124,70,54,13,9,4,5,5,0,0,0,0,106,56,50
DUVAL COUNTY,131,50 Years,135,72,63,7,4,3,4,4,0,2,0,2,122,64,58
DUVAL COUNTY,131,51 Years,135,71,64,11,10,1,1,1,0,2,1,1,121,59,62
DUVAL COUNTY,131,52 Years,127,65,62,12,7,5,0,0,0,1,1,0,114,57,57
DUVAL COUNTY,131,53 Years,150,75,75,17,10,7,1,1,0,1,0,1,131,64,67
DUVAL COUNTY,131,54 Years,158,81,77,12,4,8,1,1,0,1,1,0,144,75,69
DUVAL COUNTY,131,55 Years,177,101,76,17,10,7,4,3,1,0,0,0,156,88,68
DUVAL COUNTY,131,56 Years,160,80,80,17,11,6,3,2,1,2,1,1,138,66,72
DUVAL COUNTY,131,57 Years,141,74,67,19,13,6,1,1,0,1,1,0,120,59,61
DUVAL COUNTY,131,58 Years,149,80,69,18,10,8,3,3,0,0,0,0,128,67,61
DUVAL COUNTY,131,59 Years,142,75,67,17,7,10,1,1,0,0,0,0,124,67,57
DUVAL COUNTY,131,60 Years,126,67,59,15,5,10,2,2,0,0,0,0,109,60,49
DUVAL COUNTY,131,61 Years,127,61,66,16,7,9,1,1,0,1,1,0,109,52,57
DUVAL COUNTY,131,62 Years,121,61,60,11,6,5,0,0,0,0,0,0,110,55,55
DUVAL COUNTY,131,63 Years,121,70,51,14,11,3,0,0,0,1,1,0,106,58,48
DUVAL COUNTY,131,64 Years,112,69,43,17,14,3,1,1,0,1,1,0,93,53,40
DUVAL COUNTY,131,65 Years,110,51,59,12,6,6,1,1,0,0,0,0,97,44,53
DUVAL COUNTY,131,66 Years,110,45,65,16,5,11,0,0,0,1,0,1,93,40,53
DUVAL COUNTY,131,67 Years,115,56,59,13,7,6,0,0,0,1,0,1,101,49,52
DUVAL COUNTY,131,68 Years,113,57,56,13,7,6,0,0,0,2,1,1,98,49,49
DUVAL COUNTY,131,69 Years,115,62,53,14,6,8,0,0,0,1,1,0,100,55,45
DUVAL COUNTY,131,70 Years,120,55,65,14,7,7,0,0,0,1,1,0,105,47,58
DUVAL COUNTY,131,71 Years,134,64,70,16,9,7,0,0,0,1,1,0,117,54,63
DUVAL COUNTY,131,72 Years,121,59,62,15,7,8,0,0,0,2,1,1,104,51,53
DUVAL COUNTY,131,73 Years,100,51,49,7,4,3,0,0,0,1,0,1,92,47,45
DUVAL COUNTY,131,74 Years,86,43,43,9,5,4,0,0,0,0,0,0,77,38,39
DUVAL COUNTY,131,75 Years,81,35,46,12,5,7,0,0,0,1,0,1,68,30,38
DUVAL COUNTY,131,76 Years,74,34,40,12,3,9,0,0,0,2,0,2,60,31,29
DUVAL COUNTY,131,77 Years,89,38,51,16,6,10,0,0,0,1,0,1,72,32,40
DUVAL COUNTY,131,78 Years,61,23,38,13,5,8,0,0,0,0,0,0,48,18,30
DUVAL COUNTY,131,79 Years,57,25,32,10,6,4,0,0,0,0,0,0,47,19,28
DUVAL COUNTY,131,80 Years,69,29,40,11,5,6,0,0,0,0,0,0,58,24,34
DUVAL COUNTY,131,81 Years,65,29,36,10,6,4,0,0,0,0,0,0,55,23,32
DUVAL COUNTY,131,82 Years,52,22,30,9,6,3,0,0,0,1,0,1,42,16,26
DUVAL COUNTY,131,83 Years,58,25,33,10,6,4,0,0,0,0,0,0,48,19,29
DUVAL COUNTY,131,84 Years,57,24,33,10,5,5,0,0,0,0,0,0,47,19,28
DUVAL COUNTY,131,85 Years +,266,100,166,35,14,21,0,0,0,0,0,0,231,86,145
EASTLAND COUNTY,133,All Ages,18516,9125,9391,14874,7215,7659,330,197,133,350,178,172,2962,1535,1427
EASTLAND COUNTY,133,< 1 Year,231,119,112,181,92,89,4,3,1,9,5,4,37,19,18
EASTLAND COUNTY,133,1 Years,234,123,111,184,94,90,3,2,1,8,6,2,39,21,18
EASTLAND COUNTY,133,2 Years,226,121,105,181,97,84,2,1,1,7,4,3,36,19,17
EASTLAND COUNTY,133,3 Years,215,114,101,171,93,78,2,1,1,7,4,3,35,16,19
EASTLAND COUNTY,133,4 Years,210,110,100,162,86,76,2,1,1,7,4,3,39,19,20
EASTLAND COUNTY,133,5 Years,218,110,108,167,84,83,2,1,1,5,4,1,44,21,23
EASTLAND COUNTY,133,6 Years,244,128,116,179,95,84,2,2,0,3,1,2,60,30,30
EASTLAND COUNTY,133,7 Years,216,111,105,145,76,69,2,1,1,4,2,2,65,32,33
EASTLAND COUNTY,133,8 Years,224,112,112,147,73,74,3,2,1,5,2,3,69,35,34
EASTLAND COUNTY,133,9 Years,216,106,110,146,77,69,1,1,0,6,3,3,63,25,38
EASTLAND COUNTY,133,10 Years,241,111,130,165,79,86,1,1,0,5,3,2,70,28,42
EASTLAND COUNTY,133,11 Years,228,108,120,154,71,83,3,2,1,5,3,2,66,32,34
EASTLAND COUNTY,133,12 Years,233,110,123,156,74,82,2,0,2,6,2,4,69,34,35
EASTLAND COUNTY,133,13 Years,248,133,115,176,96,80,2,1,1,5,3,2,65,33,32
EASTLAND COUNTY,133,14 Years,229,123,106,167,90,77,1,0,1,4,1,3,57,32,25
EASTLAND COUNTY,133,15 Years,219,121,98,155,88,67,3,1,2,4,1,3,57,31,26
EASTLAND COUNTY,133,16 Years,225,123,102,162,93,69,2,1,1,4,1,3,57,28,29
EASTLAND COUNTY,133,17 Years,239,126,113,173,91,82,1,0,1,8,5,3,57,30,27
EASTLAND COUNTY,133,18 Years,206,99,107,144,69,75,2,0,2,3,1,2,57,29,28
EASTLAND COUNTY,133,19 Years,209,107,102,152,71,81,1,1,0,2,1,1,54,34,20
EASTLAND COUNTY,133,20 Years,221,110,111,163,75,88,1,0,1,2,1,1,55,34,21
EASTLAND COUNTY,133,21 Years,213,104,109,147,64,83,2,2,0,4,2,2,60,36,24
EASTLAND COUNTY,133,22 Years,216,106,110,152,72,80,3,2,1,3,3,0,58,29,29
EASTLAND COUNTY,133,23 Years,222,123,99,156,85,71,8,6,2,2,2,0,56,30,26
EASTLAND COUNTY,133,24 Years,287,140,147,189,84,105,23,10,13,3,2,1,72,44,28
EASTLAND COUNTY,133,25 Years,447,254,193,281,162,119,59,37,22,13,10,3,94,45,49
EASTLAND COUNTY,133,26 Years,356,202,154,229,129,100,39,26,13,11,8,3,77,39,38
EASTLAND COUNTY,133,27 Years,240,131,109,159,82,77,28,23,5,6,4,2,47,22,25
EASTLAND COUNTY,133,28 Years,181,96,85,124,61,63,16,12,4,2,1,1,39,22,17
EASTLAND COUNTY,133,29 Years,160,87,73,106,57,49,8,5,3,2,2,0,44,23,21
EASTLAND COUNTY,133,30 Years,160,78,82,116,55,61,3,2,1,1,1,0,40,20,20
EASTLAND COUNTY,133,31 Years,183,82,101,137,58,79,1,1,0,4,2,2,41,21,20
EASTLAND COUNTY,133,32 Years,148,73,75,113,57,56,1,0,1,3,1,2,31,15,16
EASTLAND COUNTY,133,33 Years,179,85,94,129,59,70,3,2,1,2,0,2,45,24,21
EASTLAND COUNTY,133,34 Years,180,93,87,143,71,72,1,1,0,2,1,1,34,20,14
EASTLAND COUNTY,133,35 Years,180,93,87,143,76,67,3,3,0,3,1,2,31,13,18
EASTLAND COUNTY,133,36 Years,190,89,101,150,68,82,2,2,0,4,2,2,34,17,17
EASTLAND COUNTY,133,37 Years,180,91,89,138,66,72,1,0,1,5,3,2,36,22,14
EASTLAND COUNTY,133,38 Years,160,77,83,124,61,63,2,1,1,3,1,2,31,14,17
EASTLAND COUNTY,133,39 Years,171,92,79,135,73,62,2,1,1,2,1,1,32,17,15
EASTLAND COUNTY,133,40 Years,186,97,89,157,78,79,1,1,0,1,0,1,27,18,9
EASTLAND COUNTY,133,41 Years,177,94,83,150,78,72,2,1,1,2,0,2,23,15,8
EASTLAND COUNTY,133,42 Years,158,84,74,131,70,61,2,1,1,4,2,2,21,11,10
EASTLAND COUNTY,133,43 Years,156,69,87,127,59,68,0,0,0,5,2,3,24,8,16
EASTLAND COUNTY,133,44 Years,177,88,89,151,76,75,0,0,0,3,2,1,23,10,13
EASTLAND COUNTY,133,45 Years,174,82,92,144,69,75,0,0,0,5,2,3,25,11,14
EASTLAND COUNTY,133,46 Years,183,91,92,146,74,72,0,0,0,2,1,1,35,16,19
EASTLAND COUNTY,133,47 Years,185,93,92,151,74,77,0,0,0,4,3,1,30,16,14
EASTLAND COUNTY,133,48 Years,176,81,95,148,68,80,1,0,1,5,1,4,22,12,10
EASTLAND COUNTY,133,49 Years,187,82,105,158,67,91,1,1,0,3,1,2,25,13,12
EASTLAND COUNTY,133,50 Years,199,97,102,167,79,88,1,1,0,3,2,1,28,15,13
EASTLAND COUNTY,133,51 Years,221,109,112,191,94,97,0,0,0,3,0,3,27,15,12
EASTLAND COUNTY,133,52 Years,241,114,127,202,96,106,3,2,1,6,2,4,30,14,16
EASTLAND COUNTY,133,53 Years,265,132,133,213,109,104,2,1,1,6,1,5,44,21,23
EASTLAND COUNTY,133,54 Years,282,141,141,245,120,125,5,4,1,4,3,1,28,14,14
EASTLAND COUNTY,133,55 Years,264,132,132,224,105,119,3,2,1,5,4,1,32,21,11
EASTLAND COUNTY,133,56 Years,272,128,144,229,103,126,3,1,2,4,3,1,36,21,15
EASTLAND COUNTY,133,57 Years,300,138,162,259,115,144,3,2,1,5,4,1,33,17,16
EASTLAND COUNTY,133,58 Years,296,147,149,255,124,131,5,2,3,7,5,2,29,16,13
EASTLAND COUNTY,133,59 Years,266,131,135,229,113,116,4,1,3,4,2,2,29,15,14
EASTLAND COUNTY,133,60 Years,259,128,131,228,110,118,4,2,2,3,1,2,24,15,9
EASTLAND COUNTY,133,61 Years,251,126,125,219,109,110,2,0,2,5,0,5,25,17,8
EASTLAND COUNTY,133,62 Years,222,117,105,197,100,97,2,2,0,4,2,2,19,13,6
EASTLAND COUNTY,133,63 Years,236,122,114,202,100,102,3,3,0,5,2,3,26,17,9
EASTLAND COUNTY,133,64 Years,269,131,138,239,115,124,2,1,1,5,3,2,23,12,11
EASTLAND COUNTY,133,65 Years,268,128,140,245,116,129,2,1,1,4,2,2,17,9,8
EASTLAND COUNTY,133,66 Years,256,119,137,238,109,129,3,1,2,2,1,1,13,8,5
EASTLAND COUNTY,133,67 Years,231,106,125,220,102,118,3,1,2,1,0,1,7,3,4
EASTLAND COUNTY,133,68 Years,274,124,150,247,111,136,1,0,1,5,1,4,21,12,9
EASTLAND COUNTY,133,69 Years,283,126,157,257,111,146,1,0,1,5,3,2,20,12,8
EASTLAND COUNTY,133,70 Years,223,103,120,204,93,111,0,0,0,4,2,2,15,8,7
EASTLAND COUNTY,133,71 Years,208,101,107,197,96,101,0,0,0,2,1,1,9,4,5
EASTLAND COUNTY,133,72 Years,203,103,100,188,97,91,2,0,2,3,2,1,10,4,6
EASTLAND COUNTY,133,73 Years,213,97,116,197,90,107,2,1,1,5,3,2,9,3,6
EASTLAND COUNTY,133,74 Years,190,86,104,174,81,93,0,0,0,5,2,3,11,3,8
EASTLAND COUNTY,133,75 Years,162,70,92,153,66,87,0,0,0,1,1,0,8,3,5
EASTLAND COUNTY,133,76 Years,164,74,90,151,70,81,4,2,2,3,1,2,6,1,5
EASTLAND COUNTY,133,77 Years,164,76,88,150,72,78,1,0,1,4,1,3,9,3,6
EASTLAND COUNTY,133,78 Years,140,66,74,131,62,69,0,0,0,3,1,2,6,3,3
EASTLAND COUNTY,133,79 Years,129,57,72,119,51,68,2,0,2,3,2,1,5,4,1
EASTLAND COUNTY,133,80 Years,116,50,66,106,46,60,1,0,1,1,0,1,8,4,4
EASTLAND COUNTY,133,81 Years,119,53,66,111,49,62,0,0,0,2,1,1,6,3,3
EASTLAND COUNTY,133,82 Years,103,47,56,94,43,51,3,2,1,0,0,0,6,2,4
EASTLAND COUNTY,133,83 Years,101,46,55,90,40,50,2,1,1,1,0,1,8,5,3
EASTLAND COUNTY,133,84 Years,94,41,53,86,36,50,2,1,1,1,0,1,5,4,1
EASTLAND COUNTY,133,85 Years +,488,177,311,453,165,288,5,1,4,8,2,6,22,9,13
ECTOR COUNTY,135,All Ages,159974,79639,80335,57036,28134,28902,6377,3114,3263,4198,2186,2012,92363,46205,46158
ECTOR COUNTY,135,< 1 Year,2817,1469,1348,622,328,294,120,57,63,125,64,61,1950,1020,930
ECTOR COUNTY,135,1 Years,2935,1535,1400,666,349,317,111,58,53,149,80,69,2009,1048,961
ECTOR COUNTY,135,2 Years,2962,1534,1428,692,359,333,102,58,44,150,82,68,2018,1035,983
ECTOR COUNTY,135,3 Years,2879,1499,1380,681,357,324,104,61,43,139,83,56,1955,998,957
ECTOR COUNTY,135,4 Years,2645,1362,1283,634,333,301,100,54,46,109,62,47,1802,913,889
ECTOR COUNTY,135,5 Years,2502,1288,1214,601,314,287,104,51,53,105,58,47,1692,865,827
ECTOR COUNTY,135,6 Years,2426,1255,1171,561,308,253,107,50,57,80,44,36,1678,853,825
ECTOR COUNTY,135,7 Years,2601,1310,1291,670,351,319,95,48,47,68,34,34,1768,877,891
ECTOR COUNTY,135,8 Years,2577,1304,1273,658,349,309,114,57,57,71,36,35,1734,862,872
ECTOR COUNTY,135,9 Years,2543,1301,1242,642,320,322,102,47,55,69,36,33,1730,898,832
ECTOR COUNTY,135,10 Years,2419,1245,1174,583,289,294,90,49,41,66,34,32,1680,873,807
ECTOR COUNTY,135,11 Years,2449,1264,1185,572,295,277,93,48,45,73,37,36,1711,884,827
ECTOR COUNTY,135,12 Years,2497,1287,1210,615,316,299,91,49,42,68,38,30,1723,884,839
ECTOR COUNTY,135,13 Years,2533,1280,1253,591,292,299,104,51,53,64,33,31,1774,904,870
ECTOR COUNTY,135,14 Years,2448,1256,1192,582,317,265,98,45,53,56,23,33,1712,871,841
ECTOR COUNTY,135,15 Years,2374,1235,1139,566,298,268,85,42,43,65,34,31,1658,861,797
ECTOR COUNTY,135,16 Years,2371,1239,1132,560,295,265,104,56,48,71,38,33,1636,850,786
ECTOR COUNTY,135,17 Years,2343,1234,1109,577,318,259,101,55,46,69,40,29,1596,821,775
ECTOR COUNTY,135,18 Years,2269,1182,1087,596,314,282,91,46,45,66,39,27,1516,783,733
ECTOR COUNTY,135,19 Years,2099,1090,1009,529,273,256,73,42,31,55,32,23,1442,743,699
ECTOR COUNTY,135,20 Years,2009,1028,981,510,247,263,82,42,40,42,24,18,1375,715,660
ECTOR COUNTY,135,21 Years,1986,995,991,474,235,239,78,37,41,54,31,23,1380,692,688
ECTOR COUNTY,135,22 Years,2092,1043,1049,531,274,257,85,45,40,36,19,17,1440,705,735
ECTOR COUNTY,135,23 Years,2308,1127,1181,621,311,310,106,50,56,43,26,17,1538,740,798
ECTOR COUNTY,135,24 Years,2512,1236,1276,744,372,372,107,46,61,59,35,24,1602,783,819
ECTOR COUNTY,135,25 Years,2648,1285,1363,866,408,458,113,52,61,57,32,25,1612,793,819
ECTOR COUNTY,135,26 Years,2677,1319,1358,877,406,471,115,53,62,54,29,25,1631,831,800
ECTOR COUNTY,135,27 Years,2627,1329,1298,835,438,397,115,52,63,50,26,24,1627,813,814
ECTOR COUNTY,135,28 Years,2451,1216,1235,822,422,400,111,47,64,48,22,26,1470,725,745
ECTOR COUNTY,135,29 Years,2469,1239,1230,813,420,393,109,58,51,57,28,29,1490,733,757
ECTOR COUNTY,135,30 Years,2421,1236,1185,801,409,392,98,48,50,58,26,32,1464,753,711
ECTOR COUNTY,135,31 Years,2328,1160,1168,788,392,396,91,46,45,52,23,29,1397,699,698
ECTOR COUNTY,135,32 Years,2262,1151,1111,742,382,360,80,44,36,48,22,26,1392,703,689
ECTOR COUNTY,135,33 Years,2400,1247,1153,795,408,387,84,41,43,54,30,24,1467,768,699
ECTOR COUNTY,135,34 Years,2302,1195,1107,752,376,376,80,46,34,64,33,31,1406,740,666
ECTOR COUNTY,135,35 Years,2234,1149,1085,752,377,375,81,45,36,62,34,28,1339,693,646
ECTOR COUNTY,135,36 Years,2182,1124,1058,763,379,384,73,41,32,58,30,28,1288,674,614
ECTOR COUNTY,135,37 Years,1993,1008,985,691,365,326,77,40,37,54,22,32,1171,581,590
ECTOR COUNTY,135,38 Years,1907,951,956,658,350,308,78,37,41,54,21,33,1117,543,574
ECTOR COUNTY,135,39 Years,1921,957,964,629,325,304,66,33,33,47,22,25,1179,577,602
ECTOR COUNTY,135,40 Years,1906,968,938,595,315,280,64,34,30,49,26,23,1198,593,605
ECTOR COUNTY,135,41 Years,1872,942,930,605,312,293,69,40,29,39,20,19,1159,570,589
ECTOR COUNTY,135,42 Years,1783,851,932,592,295,297,66,35,31,38,21,17,1087,500,587
ECTOR COUNTY,135,43 Years,1766,863,903,621,307,314,57,30,27,43,23,20,1045,503,542
ECTOR COUNTY,135,44 Years,1867,908,959,638,310,328,72,35,37,56,30,26,1101,533,568
ECTOR COUNTY,135,45 Years,1920,969,951,689,336,353,71,40,31,60,29,31,1100,564,536
ECTOR COUNTY,135,46 Years,1814,925,889,671,347,324,65,35,30,45,25,20,1033,518,515
ECTOR COUNTY,135,47 Years,1739,847,892,667,322,345,61,29,32,32,19,13,979,477,502
ECTOR COUNTY,135,48 Years,1734,853,881,636,307,329,65,31,34,37,22,15,996,493,503
ECTOR COUNTY,135,49 Years,1677,837,840,609,296,313,69,29,40,31,21,10,968,491,477
ECTOR COUNTY,135,50 Years,1726,853,873,677,330,347,64,34,30,33,22,11,952,467,485
ECTOR COUNTY,135,51 Years,1835,916,919,742,379,363,80,45,35,35,19,16,978,473,505
ECTOR COUNTY,135,52 Years,1842,889,953,795,388,407,91,42,49,34,17,17,922,442,480
ECTOR COUNTY,135,53 Years,1929,934,995,894,417,477,74,35,39,42,23,19,919,459,460
ECTOR COUNTY,135,54 Years,1935,962,973,885,435,450,78,38,40,41,24,17,931,465,466
ECTOR COUNTY,135,55 Years,1973,971,1002,923,447,476,96,46,50,44,20,24,910,458,452
ECTOR COUNTY,135,56 Years,1948,959,989,908,449,459,91,49,42,44,21,23,905,440,465
ECTOR COUNTY,135,57 Years,1935,933,1002,974,484,490,87,40,47,41,19,22,833,390,443
ECTOR COUNTY,135,58 Years,1899,916,983,951,467,484,79,36,43,50,20,30,819,393,426
ECTOR COUNTY,135,59 Years,1894,933,961,953,474,479,87,44,43,62,27,35,792,388,404
ECTOR COUNTY,135,60 Years,1871,911,960,975,479,496,81,42,39,45,22,23,770,368,402
ECTOR COUNTY,135,61 Years,1755,859,896,927,454,473,73,34,39,39,21,18,716,350,366
ECTOR COUNTY,135,62 Years,1647,803,844,882,444,438,73,32,41,44,25,19,648,302,346
ECTOR COUNTY,135,63 Years,1592,802,790,855,440,415,61,28,33,37,20,17,639,314,325
ECTOR COUNTY,135,64 Years,1506,738,768,831,400,431,54,24,30,34,19,15,587,295,292
ECTOR COUNTY,135,65 Years,1364,663,701,729,343,386,54,27,27,28,13,15,553,280,273
ECTOR COUNTY,135,66 Years,1368,681,687,740,382,358,55,26,29,30,13,17,543,260,283
ECTOR COUNTY,135,67 Years,1250,617,633,699,359,340,52,22,30,24,10,14,475,226,249
ECTOR COUNTY,135,68 Years,1179,557,622,675,320,355,43,19,24,21,10,11,440,208,232
ECTOR COUNTY,135,69 Years,1147,551,596,675,325,350,36,17,19,21,10,11,415,199,216
ECTOR COUNTY,135,70 Years,979,462,517,533,257,276,36,16,20,20,12,8,390,177,213
ECTOR COUNTY,135,71 Years,902,441,461,499,244,255,36,15,21,17,7,10,350,175,175
ECTOR COUNTY,135,72 Years,896,433,463,522,250,272,37,14,23,22,13,9,315,156,159
ECTOR COUNTY,135,73 Years,838,360,478,483,210,273,32,13,19,25,10,15,298,127,171
ECTOR COUNTY,135,74 Years,761,326,435,467,207,260,29,12,17,15,9,6,250,98,152
ECTOR COUNTY,135,75 Years,719,311,408,429,184,245,27,11,16,14,8,6,249,108,141
ECTOR COUNTY,135,76 Years,632,283,349,363,160,203,30,11,19,16,7,9,223,105,118
ECTOR COUNTY,135,77 Years,626,283,343,397,174,223,25,10,15,12,7,5,192,92,100
ECTOR COUNTY,135,78 Years,623,279,344,405,174,231,21,8,13,11,7,4,186,90,96
ECTOR COUNTY,135,79 Years,572,270,302,357,158,199,20,7,13,15,9,6,180,96,84
ECTOR COUNTY,135,80 Years,526,224,302,343,143,200,20,7,13,12,5,7,151,69,82
ECTOR COUNTY,135,81 Years,507,195,312,339,128,211,20,8,12,11,5,6,137,54,83
ECTOR COUNTY,135,82 Years,460,178,282,310,118,192,17,5,12,8,2,6,125,53,72
ECTOR COUNTY,135,83 Years,416,160,256,291,114,177,15,5,10,6,1,5,104,40,64
ECTOR COUNTY,135,84 Years,373,154,219,254,103,151,14,6,8,7,3,4,98,42,56
ECTOR COUNTY,135,85 Years +,2053,705,1348,1369,476,893,112,21,91,39,8,31,533,200,333
EDWARDS COUNTY,137,All Ages,1876,964,912,841,411,430,8,6,2,16,8,8,1011,539,472
EDWARDS COUNTY,137,< 1 Year,25,13,12,7,4,3,0,0,0,1,1,0,17,8,9
EDWARDS COUNTY,137,1 Years,26,13,13,7,3,4,0,0,0,0,0,0,19,10,9
EDWARDS COUNTY,137,2 Years,23,12,11,5,2,3,0,0,0,0,0,0,18,10,8
EDWARDS COUNTY,137,3 Years,23,13,10,5,2,3,0,0,0,0,0,0,18,11,7
EDWARDS COUNTY,137,4 Years,23,14,9,8,4,4,0,0,0,0,0,0,15,10,5
EDWARDS COUNTY,137,5 Years,25,14,11,10,4,6,0,0,0,0,0,0,15,10,5
EDWARDS COUNTY,137,6 Years,24,11,13,8,5,3,0,0,0,0,0,0,16,6,10
EDWARDS COUNTY,137,7 Years,22,9,13,6,2,4,0,0,0,0,0,0,16,7,9
EDWARDS COUNTY,137,8 Years,16,8,8,6,3,3,0,0,0,0,0,0,10,5,5
EDWARDS COUNTY,137,9 Years,18,12,6,6,4,2,0,0,0,0,0,0,12,8,4
EDWARDS COUNTY,137,10 Years,25,14,11,9,4,5,0,0,0,1,1,0,15,9,6
EDWARDS COUNTY,137,11 Years,26,15,11,8,5,3,0,0,0,0,0,0,18,10,8
EDWARDS COUNTY,137,12 Years,22,14,8,8,4,4,1,1,0,0,0,0,13,9,4
EDWARDS COUNTY,137,13 Years,25,13,12,11,4,7,1,1,0,0,0,0,13,8,5
EDWARDS COUNTY,137,14 Years,26,17,9,12,8,4,0,0,0,0,0,0,14,9,5
EDWARDS COUNTY,137,15 Years,22,15,7,8,4,4,0,0,0,0,0,0,14,11,3
EDWARDS COUNTY,137,16 Years,15,6,9,3,1,2,0,0,0,0,0,0,12,5,7
EDWARDS COUNTY,137,17 Years,15,8,7,1,0,1,0,0,0,0,0,0,14,8,6
EDWARDS COUNTY,137,18 Years,16,8,8,1,0,1,0,0,0,0,0,0,15,8,7
EDWARDS COUNTY,137,19 Years,14,8,6,2,0,2,0,0,0,0,0,0,12,8,4
EDWARDS COUNTY,137,20 Years,24,13,11,4,2,2,0,0,0,0,0,0,20,11,9
EDWARDS COUNTY,137,21 Years,20,10,10,4,3,1,0,0,0,0,0,0,16,7,9
EDWARDS COUNTY,137,22 Years,18,9,9,5,3,2,0,0,0,0,0,0,13,6,7
EDWARDS COUNTY,137,23 Years,24,13,11,8,4,4,1,1,0,0,0,0,15,8,7
EDWARDS COUNTY,137,24 Years,26,14,12,6,4,2,1,1,0,0,0,0,19,9,10
EDWARDS COUNTY,137,25 Years,21,10,11,3,2,1,1,0,1,1,1,0,16,7,9
EDWARDS COUNTY,137,26 Years,20,10,10,3,1,2,0,0,0,0,0,0,17,9,8
EDWARDS COUNTY,137,27 Years,14,9,5,2,1,1,0,0,0,0,0,0,12,8,4
EDWARDS COUNTY,137,28 Years,10,5,5,1,0,1,0,0,0,0,0,0,9,5,4
EDWARDS COUNTY,137,29 Years,15,7,8,1,0,1,0,0,0,0,0,0,14,7,7
EDWARDS COUNTY,137,30 Years,23,12,11,6,2,4,0,0,0,0,0,0,17,10,7
EDWARDS COUNTY,137,31 Years,17,7,10,6,2,4,1,1,0,0,0,0,10,4,6
EDWARDS COUNTY,137,32 Years,16,7,9,5,2,3,0,0,0,1,0,1,10,5,5
EDWARDS COUNTY,137,33 Years,16,10,6,4,3,1,0,0,0,1,0,1,11,7,4
EDWARDS COUNTY,137,34 Years,15,9,6,5,3,2,0,0,0,0,0,0,10,6,4
EDWARDS COUNTY,137,35 Years,14,5,9,5,2,3,0,0,0,0,0,0,9,3,6
EDWARDS COUNTY,137,36 Years,18,9,9,4,1,3,0,0,0,0,0,0,14,8,6
EDWARDS COUNTY,137,37 Years,16,6,10,4,2,2,0,0,0,0,0,0,12,4,8
EDWARDS COUNTY,137,38 Years,16,9,7,7,5,2,0,0,0,0,0,0,9,4,5
EDWARDS COUNTY,137,39 Years,12,7,5,7,4,3,0,0,0,0,0,0,5,3,2
EDWARDS COUNTY,137,40 Years,11,5,6,6,2,4,0,0,0,0,0,0,5,3,2
EDWARDS COUNTY,137,41 Years,10,4,6,3,1,2,0,0,0,0,0,0,7,3,4
EDWARDS COUNTY,137,42 Years,16,7,9,5,3,2,0,0,0,0,0,0,11,4,7
EDWARDS COUNTY,137,43 Years,18,7,11,8,3,5,0,0,0,0,0,0,10,4,6
EDWARDS COUNTY,137,44 Years,20,7,13,8,4,4,0,0,0,0,0,0,12,3,9
EDWARDS COUNTY,137,45 Years,19,12,7,7,3,4,0,0,0,1,1,0,11,8,3
EDWARDS COUNTY,137,46 Years,20,10,10,9,2,7,0,0,0,0,0,0,11,8,3
EDWARDS COUNTY,137,47 Years,21,12,9,11,5,6,0,0,0,0,0,0,10,7,3
EDWARDS COUNTY,137,48 Years,19,9,10,10,4,6,0,0,0,1,1,0,8,4,4
EDWARDS COUNTY,137,49 Years,15,3,12,5,1,4,0,0,0,0,0,0,10,2,8
EDWARDS COUNTY,137,50 Years,17,8,9,7,3,4,0,0,0,0,0,0,10,5,5
EDWARDS COUNTY,137,51 Years,22,9,13,11,2,9,0,0,0,0,0,0,11,7,4
EDWARDS COUNTY,137,52 Years,34,19,15,13,8,5,0,0,0,2,0,2,19,11,8
EDWARDS COUNTY,137,53 Years,30,13,17,10,5,5,0,0,0,1,0,1,19,8,11
EDWARDS COUNTY,137,54 Years,27,12,15,10,5,5,0,0,0,0,0,0,17,7,10
EDWARDS COUNTY,137,55 Years,22,11,11,8,3,5,0,0,0,0,0,0,14,8,6
EDWARDS COUNTY,137,56 Years,26,14,12,12,6,6,0,0,0,0,0,0,14,8,6
EDWARDS COUNTY,137,57 Years,25,15,10,13,9,4,1,0,1,1,0,1,10,6,4
EDWARDS COUNTY,137,58 Years,25,14,11,12,5,7,0,0,0,0,0,0,13,9,4
EDWARDS COUNTY,137,59 Years,28,12,16,16,6,10,0,0,0,0,0,0,12,6,6
EDWARDS COUNTY,137,60 Years,25,12,13,16,6,10,0,0,0,0,0,0,9,6,3
EDWARDS COUNTY,137,61 Years,28,14,14,13,7,6,0,0,0,1,1,0,14,6,8
EDWARDS COUNTY,137,62 Years,29,13,16,17,7,10,0,0,0,1,0,1,11,6,5
EDWARDS COUNTY,137,63 Years,37,21,16,25,11,14,0,0,0,1,1,0,11,9,2
EDWARDS COUNTY,137,64 Years,32,16,16,22,10,12,0,0,0,0,0,0,10,6,4
EDWARDS COUNTY,137,65 Years,34,20,14,23,14,9,0,0,0,0,0,0,11,6,5
EDWARDS COUNTY,137,66 Years,29,12,17,16,7,9,0,0,0,1,0,1,12,5,7
EDWARDS COUNTY,137,67 Years,23,10,13,12,5,7,0,0,0,0,0,0,11,5,6
EDWARDS COUNTY,137,68 Years,33,23,10,22,17,5,0,0,0,0,0,0,11,6,5
EDWARDS COUNTY,137,69 Years,32,20,12,19,13,6,0,0,0,1,1,0,12,6,6
EDWARDS COUNTY,137,70 Years,25,14,11,15,9,6,0,0,0,0,0,0,10,5,5
EDWARDS COUNTY,137,71 Years,30,15,15,20,12,8,0,0,0,0,0,0,10,3,7
EDWARDS COUNTY,137,72 Years,32,17,15,24,13,11,0,0,0,0,0,0,8,4,4
EDWARDS COUNTY,137,73 Years,25,14,11,17,10,7,0,0,0,0,0,0,8,4,4
EDWARDS COUNTY,137,74 Years,30,17,13,22,12,10,0,0,0,0,0,0,8,5,3
EDWARDS COUNTY,137,75 Years,25,10,15,18,7,11,0,0,0,0,0,0,7,3,4
EDWARDS COUNTY,137,76 Years,20,10,10,15,8,7,0,0,0,0,0,0,5,2,3
EDWARDS COUNTY,137,77 Years,22,13,9,17,10,7,0,0,0,0,0,0,5,3,2
EDWARDS COUNTY,137,78 Years,16,9,7,12,5,7,0,0,0,0,0,0,4,4,0
EDWARDS COUNTY,137,79 Years,14,7,7,7,4,3,0,0,0,0,0,0,7,3,4
EDWARDS COUNTY,137,80 Years,14,7,7,9,4,5,1,1,0,0,0,0,4,2,2
EDWARDS COUNTY,137,81 Years,15,7,8,12,5,7,0,0,0,0,0,0,3,2,1
EDWARDS COUNTY,137,82 Years,12,6,6,8,3,5,0,0,0,0,0,0,4,3,1
EDWARDS COUNTY,137,83 Years,15,5,10,10,4,6,0,0,0,0,0,0,5,1,4
EDWARDS COUNTY,137,84 Years,14,5,9,10,3,7,0,0,0,0,0,0,4,2,2
EDWARDS COUNTY,137,85 Years +,54,26,28,35,16,19,0,0,0,0,0,0,19,10,9
ELLIS COUNTY,139,All Ages,168716,82982,85734,103220,50152,53068,15403,7443,7960,4575,2208,2367,45518,23179,22339
ELLIS COUNTY,139,< 1 Year,2173,1147,1026,1118,587,531,191,100,91,74,48,26,790,412,378
ELLIS COUNTY,139,1 Years,2155,1124,1031,1132,587,545,186,96,90,73,43,30,764,398,366
ELLIS COUNTY,139,2 Years,2113,1072,1041,1142,575,567,175,89,86,69,36,33,727,372,355
ELLIS COUNTY,139,3 Years,2031,1035,996,1092,566,526,168,84,84,71,36,35,700,349,351
ELLIS COUNTY,139,4 Years,1998,1029,969,1075,560,515,159,79,80,76,40,36,688,350,338
ELLIS COUNTY,139,5 Years,2043,1093,950,1072,576,496,168,88,80,92,54,38,711,375,336
ELLIS COUNTY,139,6 Years,2167,1140,1027,1140,599,541,183,92,91,85,43,42,759,406,353
ELLIS COUNTY,139,7 Years,2128,1120,1008,1081,569,512,196,99,97,95,52,43,756,400,356
ELLIS COUNTY,139,8 Years,2270,1193,1077,1145,600,545,212,106,106,107,58,49,806,429,377
ELLIS COUNTY,139,9 Years,2387,1243,1144,1197,625,572,219,117,102,107,51,56,864,450,414
ELLIS COUNTY,139,10 Years,2510,1278,1232,1255,619,636,246,125,121,102,41,61,907,493,414
ELLIS COUNTY,139,11 Years,2585,1321,1264,1304,654,650,230,117,113,101,41,60,950,509,441
ELLIS COUNTY,139,12 Years,2670,1364,1306,1333,683,650,235,118,117,98,43,55,1004,520,484
ELLIS COUNTY,139,13 Years,2854,1475,1379,1430,748,682,267,127,140,107,51,56,1050,549,501
ELLIS COUNTY,139,14 Years,2958,1537,1421,1505,792,713,295,140,155,100,52,48,1058,553,505
ELLIS COUNTY,139,15 Years,2960,1532,1428,1504,772,732,310,163,147,100,53,47,1046,544,502
ELLIS COUNTY,139,16 Years,3022,1585,1437,1542,796,746,310,162,148,107,52,55,1063,575,488
ELLIS COUNTY,139,17 Years,3005,1567,1438,1564,810,754,313,163,150,117,65,52,1011,529,482
ELLIS COUNTY,139,18 Years,2892,1512,1380,1474,769,705,297,159,138,112,63,49,1009,521,488
ELLIS COUNTY,139,19 Years,2687,1389,1298,1344,690,654,291,154,137,101,53,48,951,492,459
ELLIS COUNTY,139,20 Years,2607,1353,1254,1288,666,622,309,166,143,94,47,47,916,474,442
ELLIS COUNTY,139,21 Years,2515,1277,1238,1238,623,615,277,150,127,84,44,40,916,460,456
ELLIS COUNTY,139,22 Years,2435,1234,1201,1220,605,615,254,142,112,81,40,41,880,447,433
ELLIS COUNTY,139,23 Years,2392,1194,1198,1214,597,617,262,128,134,86,44,42,830,425,405
ELLIS COUNTY,139,24 Years,2255,1126,1129,1168,570,598,255,130,125,78,41,37,754,385,369
ELLIS COUNTY,139,25 Years,2154,1068,1086,1137,567,570,228,116,112,61,29,32,728,356,372
ELLIS COUNTY,139,26 Years,2031,1030,1001,1065,527,538,200,102,98,55,32,23,711,369,342
ELLIS COUNTY,139,27 Years,1885,993,892,1010,502,508,166,90,76,53,32,21,656,369,287
ELLIS COUNTY,139,28 Years,1774,935,839,993,491,502,149,90,59,49,25,24,583,329,254
ELLIS COUNTY,139,29 Years,1761,877,884,997,477,520,156,74,82,36,14,22,572,312,260
ELLIS COUNTY,139,30 Years,1794,884,910,1059,497,562,122,62,60,27,13,14,586,312,274
ELLIS COUNTY,139,31 Years,1828,857,971,1062,469,593,129,68,61,29,14,15,608,306,302
ELLIS COUNTY,139,32 Years,1877,874,1003,1083,485,598,122,63,59,37,14,23,635,312,323
ELLIS COUNTY,139,33 Years,1975,931,1044,1147,525,622,119,54,65,43,20,23,666,332,334
ELLIS COUNTY,139,34 Years,2074,940,1134,1202,538,664,137,56,81,42,20,22,693,326,367
ELLIS COUNTY,139,35 Years,2171,1016,1155,1264,593,671,154,71,83,48,22,26,705,330,375
ELLIS COUNTY,139,36 Years,2176,1050,1126,1281,619,662,172,76,96,43,23,20,680,332,348
ELLIS COUNTY,139,37 Years,2165,1036,1129,1280,598,682,185,83,102,42,17,25,658,338,320
ELLIS COUNTY,139,38 Years,2216,1052,1164,1300,614,686,195,90,105,44,16,28,677,332,345
ELLIS COUNTY,139,39 Years,2281,1066,1215,1342,643,699,203,93,110,42,21,21,694,309,385
ELLIS COUNTY,139,40 Years,2323,1097,1226,1367,671,696,206,90,116,53,21,32,697,315,382
ELLIS COUNTY,139,41 Years,2318,1089,1229,1380,657,723,207,88,119,53,19,34,678,325,353
ELLIS COUNTY,139,42 Years,2287,1048,1239,1347,616,731,235,99,136,54,28,26,651,305,346
ELLIS COUNTY,139,43 Years,2333,1111,1222,1400,671,729,247,108,139,59,26,33,627,306,321
ELLIS COUNTY,139,44 Years,2430,1170,1260,1503,743,760,247,103,144,55,24,31,625,300,325
ELLIS COUNTY,139,45 Years,2584,1286,1298,1631,829,802,255,114,141,59,27,32,639,316,323
ELLIS COUNTY,139,46 Years,2476,1205,1271,1576,774,802,238,111,127,61,27,34,601,293,308
ELLIS COUNTY,139,47 Years,2293,1126,1167,1442,706,736,230,118,112,63,30,33,558,272,286
ELLIS COUNTY,139,48 Years,2246,1114,1132,1368,687,681,227,112,115,67,30,37,584,285,299
ELLIS COUNTY,139,49 Years,2245,1095,1150,1400,693,707,224,101,123,56,24,32,565,277,288
ELLIS COUNTY,139,50 Years,2249,1094,1155,1419,694,725,248,108,140,50,18,32,532,274,258
ELLIS COUNTY,139,51 Years,2284,1133,1151,1508,749,759,235,114,121,54,21,33,487,249,238
ELLIS COUNTY,139,52 Years,2307,1147,1160,1608,798,810,214,108,106,59,28,31,426,213,213
ELLIS COUNTY,139,53 Years,2325,1148,1177,1619,799,820,220,104,116,54,26,28,432,219,213
ELLIS COUNTY,139,54 Years,2384,1137,1247,1682,792,890,213,89,124,44,22,22,445,234,211
ELLIS COUNTY,139,55 Years,2367,1123,1244,1723,805,918,204,94,110,46,20,26,394,204,190
ELLIS COUNTY,139,56 Years,2365,1129,1236,1749,826,923,201,93,108,46,17,29,369,193,176
ELLIS COUNTY,139,57 Years,2187,1054,1133,1611,758,853,205,94,111,44,16,28,327,186,141
ELLIS COUNTY,139,58 Years,2220,1077,1143,1639,786,853,202,97,105,49,21,28,330,173,157
ELLIS COUNTY,139,59 Years,2159,1074,1085,1598,784,814,194,102,92,49,26,23,318,162,156
ELLIS COUNTY,139,60 Years,2094,1072,1022,1556,799,757,198,98,100,39,20,19,301,155,146
ELLIS COUNTY,139,61 Years,2010,1004,1006,1486,740,746,205,100,105,33,15,18,286,149,137
ELLIS COUNTY,139,62 Years,1906,930,976,1438,702,736,184,86,98,40,20,20,244,122,122
ELLIS COUNTY,139,63 Years,1756,841,915,1318,625,693,168,78,90,41,18,23,229,120,109
ELLIS COUNTY,139,64 Years,1661,798,863,1246,599,647,163,76,87,37,14,23,215,109,106
ELLIS COUNTY,139,65 Years,1628,769,859,1225,587,638,152,63,89,33,13,20,218,106,112
ELLIS COUNTY,139,66 Years,1563,751,812,1160,562,598,158,69,89,33,14,19,212,106,106
ELLIS COUNTY,139,67 Years,1499,710,789,1155,551,604,136,67,69,24,10,14,184,82,102
ELLIS COUNTY,139,68 Years,1501,705,796,1181,562,619,119,55,64,28,9,19,173,79,94
ELLIS COUNTY,139,69 Years,1467,689,778,1166,545,621,108,49,59,29,11,18,164,84,80
ELLIS COUNTY,139,70 Years,1171,551,620,906,422,484,105,47,58,23,10,13,137,72,65
ELLIS COUNTY,139,71 Years,1096,523,573,845,406,439,100,45,55,20,7,13,131,65,66
ELLIS COUNTY,139,72 Years,1072,519,553,852,410,442,83,41,42,22,11,11,115,57,58
ELLIS COUNTY,139,73 Years,998,476,522,799,382,417,76,37,39,19,11,8,104,46,58
ELLIS COUNTY,139,74 Years,890,419,471,731,344,387,58,29,29,12,7,5,89,39,50
ELLIS COUNTY,139,75 Years,809,385,424,666,321,345,51,21,30,10,5,5,82,38,44
ELLIS COUNTY,139,76 Years,763,346,417,633,289,344,41,13,28,11,4,7,78,40,38
ELLIS COUNTY,139,77 Years,688,315,373,578,267,311,38,15,23,7,3,4,65,30,35
ELLIS COUNTY,139,78 Years,629,285,344,518,233,285,43,18,25,8,5,3,60,29,31
ELLIS COUNTY,139,79 Years,559,246,313,455,201,254,38,15,23,10,5,5,56,25,31
ELLIS COUNTY,139,80 Years,518,224,294,428,182,246,30,14,16,10,7,3,50,21,29
ELLIS COUNTY,139,81 Years,493,207,286,402,168,234,36,15,21,4,3,1,51,21,30
ELLIS COUNTY,139,82 Years,440,180,260,364,147,217,34,14,20,6,2,4,36,17,19
ELLIS COUNTY,139,83 Years,387,142,245,320,118,202,27,10,17,7,1,6,33,13,20
ELLIS COUNTY,139,84 Years,369,137,232,314,116,198,21,5,16,5,1,4,29,15,14
ELLIS COUNTY,139,85 Years +,2393,752,1641,2109,653,1456,134,34,100,21,8,13,129,57,72
EL PASO COUNTY,141,All Ages,841570,410597,430973,95674,51014,44660,21273,12195,9078,20852,10177,10675,703771,337211,366560
EL PASO COUNTY,141,< 1 Year,13225,6764,6461,1355,702,653,442,221,221,469,246,223,10959,5595,5364
EL PASO COUNTY,141,1 Years,13397,6830,6567,1417,735,682,429,220,209,520,272,248,11031,5603,5428
EL PASO COUNTY,141,2 Years,13609,6923,6686,1468,755,713,393,197,196,578,302,276,11170,5669,5501
EL PASO COUNTY,141,3 Years,13706,6988,6718,1490,768,722,380,191,189,550,289,261,11286,5740,5546
EL PASO COUNTY,141,4 Years,13784,7011,6773,1493,772,721,374,180,194,517,268,249,11400,5791,5609
EL PASO COUNTY,141,5 Years,13775,7044,6731,1450,750,700,358,173,185,506,264,242,11461,5857,5604
EL PASO COUNTY,141,6 Years,12500,6369,6131,1181,608,573,293,162,131,420,206,214,10606,5393,5213
EL PASO COUNTY,141,7 Years,11939,6050,5889,1128,587,541,267,141,126,389,193,196,10155,5129,5026
EL PASO COUNTY,141,8 Years,12123,6121,6002,1113,561,552,293,167,126,392,197,195,10325,5196,5129
EL PASO COUNTY,141,9 Years,12198,6268,5930,1041,546,495,284,163,121,350,179,171,10523,5380,5143
EL PASO COUNTY,141,10 Years,12450,6387,6063,956,487,469,283,148,135,337,166,171,10874,5586,5288
EL PASO COUNTY,141,11 Years,12722,6457,6265,950,479,471,285,145,140,308,152,156,11179,5681,5498
EL PASO COUNTY,141,12 Years,12921,6572,6349,884,439,445,268,127,141,292,147,145,11477,5859,5618
EL PASO COUNTY,141,13 Years,13284,6832,6452,879,437,442,262,121,141,293,141,152,11850,6133,5717
EL PASO COUNTY,141,14 Years,13317,6816,6501,828,397,431,260,122,138,268,136,132,11961,6161,5800
EL PASO COUNTY,141,15 Years,13881,7167,6714,856,450,406,291,141,150,262,131,131,12472,6445,6027
EL PASO COUNTY,141,16 Years,13863,7186,6677,836,428,408,305,155,150,283,142,141,12439,6461,5978
EL PASO COUNTY,141,17 Years,13969,7267,6702,918,492,426,325,167,158,239,119,120,12487,6489,5998
EL PASO COUNTY,141,18 Years,13640,7069,6571,805,443,362,302,167,135,221,107,114,12312,6352,5960
EL PASO COUNTY,141,19 Years,13489,7126,6363,907,564,343,312,182,130,247,118,129,12023,6262,5761
EL PASO COUNTY,141,20 Years,13975,7472,6503,1111,661,450,338,210,128,248,123,125,12278,6478,5800
EL PASO COUNTY,141,21 Years,14194,7566,6628,1146,691,455,344,210,134,260,125,135,12444,6540,5904
EL PASO COUNTY,141,22 Years,14441,7612,6829,1208,693,515,356,216,140,277,143,134,12600,6560,6040
EL PASO COUNTY,141,23 Years,14783,7759,7024,1325,725,600,365,223,142,272,156,116,12821,6655,6166
EL PASO COUNTY,141,24 Years,14993,7864,7129,1451,801,650,351,216,135,272,154,118,12919,6693,6226
EL PASO COUNTY,141,25 Years,15161,7905,7256,1626,905,721,346,216,130,309,178,131,12880,6606,6274
EL PASO COUNTY,141,26 Years,14257,7439,6818,1673,990,683,351,217,134,346,194,152,11887,6038,5849
EL PASO COUNTY,141,27 Years,13268,6940,6328,1670,1007,663,408,258,150,327,178,149,10863,5497,5366
EL PASO COUNTY,141,28 Years,12714,6693,6021,1585,1001,584,427,290,137,340,187,153,10362,5215,5147
EL PASO COUNTY,141,29 Years,11908,6126,5782,1458,911,547,309,188,121,343,188,155,9798,4839,4959
EL PASO COUNTY,141,30 Years,11519,5851,5668,1427,871,556,300,167,133,350,185,165,9442,4628,4814
EL PASO COUNTY,141,31 Years,11030,5482,5548,1273,704,569,278,166,112,368,203,165,9111,4409,4702
EL PASO COUNTY,141,32 Years,10642,5248,5394,1273,671,602,293,167,126,377,188,189,8699,4222,4477
EL PASO COUNTY,141,33 Years,10326,4918,5408,1201,632,569,269,148,121,356,171,185,8500,3967,4533
EL PASO COUNTY,141,34 Years,10236,4876,5360,1181,601,580,267,138,129,350,169,181,8438,3968,4470
EL PASO COUNTY,141,35 Years,10189,4905,5284,1085,574,511,299,169,130,321,147,174,8484,4015,4469
EL PASO COUNTY,141,36 Years,9977,4726,5251,1024,532,492,302,170,132,337,158,179,8314,3866,4448
EL PASO COUNTY,141,37 Years,9461,4435,5026,973,524,449,297,186,111,322,159,163,7869,3566,4303
EL PASO COUNTY,141,38 Years,9537,4527,5010,1010,539,471,279,166,113,319,144,175,7929,3678,4251
EL PASO COUNTY,141,39 Years,9760,4635,5125,973,520,453,267,165,102,313,143,170,8207,3807,4400
EL PASO COUNTY,141,40 Years,9979,4677,5302,961,505,456,281,171,110,283,132,151,8454,3869,4585
EL PASO COUNTY,141,41 Years,10243,4836,5407,998,554,444,265,168,97,266,130,136,8714,3984,4730
EL PASO COUNTY,141,42 Years,10317,4853,5464,979,530,449,290,185,105,280,139,141,8768,3999,4769
EL PASO COUNTY,141,43 Years,10643,4923,5720,980,535,445,282,168,114,285,135,150,9096,4085,5011
EL PASO COUNTY,141,44 Years,10609,4918,5691,1084,590,494,307,191,116,286,141,145,8932,3996,4936
EL PASO COUNTY,141,45 Years,10390,4873,5517,1140,632,508,306,184,122,256,123,133,8688,3934,4754
EL PASO COUNTY,141,46 Years,10346,4870,5476,1119,614,505,333,200,133,216,99,117,8678,3957,4721
EL PASO COUNTY,141,47 Years,9855,4656,5199,1114,629,485,295,178,117,208,97,111,8238,3752,4486
EL PASO COUNTY,141,48 Years,9639,4519,5120,1065,608,457,304,186,118,205,100,105,8065,3625,4440
EL PASO COUNTY,141,49 Years,9514,4409,5105,1103,634,469,319,198,121,186,94,92,7906,3483,4423
EL PASO COUNTY,141,50 Years,9624,4499,5125,1253,695,558,306,192,114,189,102,87,7876,3510,4366
EL PASO COUNTY,141,51 Years,9898,4629,5269,1265,710,555,329,210,119,201,101,100,8103,3608,4495
EL PASO COUNTY,141,52 Years,9798,4600,5198,1304,703,601,302,189,113,191,83,108,8001,3625,4376
EL PASO COUNTY,141,53 Years,9783,4577,5206,1264,683,581,265,157,108,190,86,104,8064,3651,4413
EL PASO COUNTY,141,54 Years,9946,4624,5322,1334,717,617,243,149,94,173,77,96,8196,3681,4515
EL PASO COUNTY,141,55 Years,9953,4613,5340,1348,715,633,231,151,80,163,69,94,8211,3678,4533
EL PASO COUNTY,141,56 Years,10040,4709,5331,1357,718,639,258,160,98,184,88,96,8241,3743,4498
EL PASO COUNTY,141,57 Years,9625,4474,5151,1339,700,639,276,169,107,194,88,106,7816,3517,4299
EL PASO COUNTY,141,58 Years,9468,4398,5070,1369,717,652,245,156,89,198,93,105,7656,3432,4224
EL PASO COUNTY,141,59 Years,9121,4196,4925,1367,716,651,238,152,86,208,98,110,7308,3230,4078
EL PASO COUNTY,141,60 Years,8939,4089,4850,1338,686,652,241,150,91,174,79,95,7186,3174,4012
EL PASO COUNTY,141,61 Years,8528,3896,4632,1316,678,638,224,125,99,196,84,112,6792,3009,3783
EL PASO COUNTY,141,62 Years,8085,3682,4403,1323,684,639,186,110,76,156,65,91,6420,2823,3597
EL PASO COUNTY,141,63 Years,7683,3477,4206,1315,672,643,170,99,71,160,69,91,6038,2637,3401
EL PASO COUNTY,141,64 Years,7192,3337,3855,1257,672,585,150,90,60,148,56,92,5637,2519,3118
EL PASO COUNTY,141,65 Years,6935,3204,3731,1139,610,529,132,80,52,132,55,77,5532,2459,3073
EL PASO COUNTY,141,66 Years,6660,3059,3601,1133,611,522,126,76,50,145,59,86,5256,2313,2943
EL PASO COUNTY,141,67 Years,6383,2903,3480,1101,579,522,112,72,40,145,62,83,5025,2190,2835
EL PASO COUNTY,141,68 Years,6250,2881,3369,1149,630,519,105,65,40,129,57,72,4867,2129,2738
EL PASO COUNTY,141,69 Years,5963,2768,3195,1182,660,522,105,56,49,128,57,71,4548,1995,2553
EL PASO COUNTY,141,70 Years,5119,2335,2784,886,492,394,95,54,41,112,49,63,4026,1740,2286
EL PASO COUNTY,141,71 Years,4765,2127,2638,789,416,373,98,52,46,87,34,53,3791,1625,2166
EL PASO COUNTY,141,72 Years,4526,1974,2552,809,422,387,97,47,50,83,32,51,3537,1473,2064
EL PASO COUNTY,141,73 Years,4361,1903,2458,821,431,390,92,48,44,83,30,53,3365,1394,1971
EL PASO COUNTY,141,74 Years,4015,1727,2288,760,383,377,85,43,42,75,26,49,3095,1275,1820
EL PASO COUNTY,141,75 Years,3743,1543,2200,686,322,364,73,33,40,62,21,41,2922,1167,1755
EL PASO COUNTY,141,76 Years,3603,1501,2102,623,293,330,64,27,37,66,19,47,2850,1162,1688
EL PASO COUNTY,141,77 Years,3391,1401,1990,611,298,313,59,31,28,60,21,39,2661,1051,1610
EL PASO COUNTY,141,78 Years,3213,1344,1869,590,293,297,56,24,32,54,25,29,2513,1002,1511
EL PASO COUNTY,141,79 Years,3004,1235,1769,575,277,298,53,22,31,45,19,26,2331,917,1414
EL PASO COUNTY,141,80 Years,2866,1160,1706,563,255,308,54,29,25,40,16,24,2209,860,1349
EL PASO COUNTY,141,81 Years,2645,1051,1594,523,240,283,45,21,24,37,13,24,2040,777,1263
EL PASO COUNTY,141,82 Years,2451,952,1499,490,213,277,55,26,29,34,11,23,1872,702,1170
EL PASO COUNTY,141,83 Years,2251,864,1387,464,200,264,46,23,23,44,10,34,1697,631,1066
EL PASO COUNTY,141,84 Years,2126,830,1296,425,197,228,49,22,27,41,11,30,1611,600,1011
EL PASO COUNTY,141,85 Years +,11919,4275,7644,2435,942,1493,174,80,94,206,54,152,9104,3199,5905
ERATH COUNTY,143,All Ages,41392,20405,20987,30627,14782,15845,512,302,210,1077,541,536,9176,4780,4396
ERATH COUNTY,143,< 1 Year,563,282,281,330,167,163,21,11,10,18,7,11,194,97,97
ERATH COUNTY,143,1 Years,586,300,286,349,180,169,15,8,7,22,7,15,200,105,95
ERATH COUNTY,143,2 Years,592,306,286,359,188,171,10,6,4,27,10,17,196,102,94
ERATH COUNTY,143,3 Years,616,314,302,371,192,179,13,5,8,30,13,17,202,104,98
ERATH COUNTY,143,4 Years,605,301,304,363,184,179,9,3,6,28,15,13,205,99,106
ERATH COUNTY,143,5 Years,593,302,291,345,174,171,10,4,6,31,17,14,207,107,100
ERATH COUNTY,143,6 Years,598,319,279,358,188,170,7,5,2,23,15,8,210,111,99
ERATH COUNTY,143,7 Years,525,268,257,327,163,164,5,3,2,18,12,6,175,90,85
ERATH COUNTY,143,8 Years,519,276,243,326,170,156,3,3,0,17,11,6,173,92,81
ERATH COUNTY,143,9 Years,515,267,248,313,159,154,3,2,1,20,11,9,179,95,84
ERATH COUNTY,143,10 Years,515,263,252,297,153,144,2,1,1,25,10,15,191,99,92
ERATH COUNTY,143,11 Years,505,270,235,308,171,137,5,1,4,24,12,12,168,86,82
ERATH COUNTY,143,12 Years,521,273,248,310,155,155,6,4,2,23,14,9,182,100,82
ERATH COUNTY,143,13 Years,528,261,267,317,154,163,6,2,4,16,10,6,189,95,94
ERATH COUNTY,143,14 Years,469,235,234,288,147,141,3,0,3,9,6,3,169,82,87
ERATH COUNTY,143,15 Years,490,235,255,324,158,166,4,1,3,11,6,5,151,70,81
ERATH COUNTY,143,16 Years,491,247,244,309,157,152,2,1,1,11,8,3,169,81,88
ERATH COUNTY,143,17 Years,486,254,232,309,163,146,4,3,1,11,4,7,162,84,78
ERATH COUNTY,143,18 Years,749,353,396,523,234,289,26,12,14,14,8,6,186,99,87
ERATH COUNTY,143,19 Years,1270,573,697,963,431,532,33,17,16,24,12,12,250,113,137
ERATH COUNTY,143,20 Years,1168,517,651,889,394,495,26,11,15,18,7,11,235,105,130
ERATH COUNTY,143,21 Years,1138,525,613,874,386,488,35,22,13,13,6,7,216,111,105
ERATH COUNTY,143,22 Years,1124,547,577,809,376,433,35,26,9,19,10,9,261,135,126
ERATH COUNTY,143,23 Years,925,419,506,645,270,375,18,12,6,16,6,10,246,131,115
ERATH COUNTY,143,24 Years,847,440,407,591,292,299,14,9,5,29,14,15,213,125,88
ERATH COUNTY,143,25 Years,755,374,381,502,247,255,23,14,9,27,9,18,203,104,99
ERATH COUNTY,143,26 Years,712,330,382,486,211,275,19,15,4,27,18,9,180,86,94
ERATH COUNTY,143,27 Years,683,319,364,471,211,260,17,14,3,27,16,11,168,78,90
ERATH COUNTY,143,28 Years,639,306,333,460,211,249,22,13,9,19,12,7,138,70,68
ERATH COUNTY,143,29 Years,624,348,276,467,258,209,12,8,4,16,12,4,129,70,59
ERATH COUNTY,143,30 Years,534,298,236,381,205,176,9,6,3,11,6,5,133,81,52
ERATH COUNTY,143,31 Years,550,296,254,395,218,177,4,3,1,9,5,4,142,70,72
ERATH COUNTY,143,32 Years,446,225,221,311,159,152,5,3,2,11,4,7,119,59,60
ERATH COUNTY,143,33 Years,444,221,223,318,158,160,2,1,1,12,3,9,112,59,53
ERATH COUNTY,143,34 Years,429,240,189,298,174,124,2,1,1,6,2,4,123,63,60
ERATH COUNTY,143,35 Years,383,215,168,270,146,124,2,2,0,8,4,4,103,63,40
ERATH COUNTY,143,36 Years,389,193,196,269,130,139,3,2,1,10,4,6,107,57,50
ERATH COUNTY,143,37 Years,327,156,171,231,110,121,5,4,1,10,5,5,81,37,44
ERATH COUNTY,143,38 Years,332,181,151,238,130,108,2,1,1,7,4,3,85,46,39
ERATH COUNTY,143,39 Years,366,200,166,271,149,122,6,4,2,12,4,8,77,43,34
ERATH COUNTY,143,40 Years,371,186,185,271,133,138,4,2,2,13,2,11,83,49,34
ERATH COUNTY,143,41 Years,391,201,190,292,145,147,2,0,2,10,4,6,87,52,35
ERATH COUNTY,143,42 Years,365,188,177,272,142,130,1,0,1,9,3,6,83,43,40
ERATH COUNTY,143,43 Years,372,182,190,273,139,134,5,3,2,11,6,5,83,34,49
ERATH COUNTY,143,44 Years,401,189,212,305,152,153,2,1,1,3,2,1,91,34,57
ERATH COUNTY,143,45 Years,424,204,220,314,154,160,3,1,2,10,7,3,97,42,55
ERATH COUNTY,143,46 Years,446,224,222,324,162,162,1,1,0,11,7,4,110,54,56
ERATH COUNTY,143,47 Years,420,209,211,313,155,158,2,0,2,12,4,8,93,50,43
ERATH COUNTY,143,48 Years,440,223,217,326,159,167,5,2,3,10,3,7,99,59,40
ERATH COUNTY,143,49 Years,398,200,198,299,142,157,3,2,1,5,4,1,91,52,39
ERATH COUNTY,143,50 Years,406,192,214,294,130,164,3,3,0,7,6,1,102,53,49
ERATH COUNTY,143,51 Years,470,234,236,347,164,183,4,2,2,11,6,5,108,62,46
ERATH COUNTY,143,52 Years,475,235,240,369,172,197,3,3,0,10,5,5,93,55,38
ERATH COUNTY,143,53 Years,493,249,244,383,185,198,2,2,0,16,8,8,92,54,38
ERATH COUNTY,143,54 Years,516,257,259,407,200,207,5,3,2,13,6,7,91,48,43
ERATH COUNTY,143,55 Years,459,228,231,375,185,190,2,2,0,5,2,3,77,39,38
ERATH COUNTY,143,56 Years,446,240,206,373,196,177,1,1,0,6,3,3,66,40,26
ERATH COUNTY,143,57 Years,439,227,212,375,188,187,0,0,0,7,4,3,57,35,22
ERATH COUNTY,143,58 Years,432,219,213,361,175,186,0,0,0,9,4,5,62,40,22
ERATH COUNTY,143,59 Years,450,235,215,371,185,186,1,1,0,8,5,3,70,44,26
ERATH COUNTY,143,60 Years,430,216,214,367,177,190,1,1,0,7,5,2,55,33,22
ERATH COUNTY,143,61 Years,427,232,195,367,190,177,0,0,0,13,10,3,47,32,15
ERATH COUNTY,143,62 Years,432,216,216,371,180,191,0,0,0,15,9,6,46,27,19
ERATH COUNTY,143,63 Years,441,191,250,383,164,219,2,1,1,11,6,5,45,20,25
ERATH COUNTY,143,64 Years,421,197,224,375,173,202,3,2,1,9,5,4,34,17,17
ERATH COUNTY,143,65 Years,406,195,211,358,167,191,1,1,0,12,6,6,35,21,14
ERATH COUNTY,143,66 Years,417,200,217,361,170,191,0,0,0,17,7,10,39,23,16
ERATH COUNTY,143,67 Years,398,197,201,354,172,182,0,0,0,12,4,8,32,21,11
ERATH COUNTY,143,68 Years,413,204,209,367,181,186,0,0,0,11,4,7,35,19,16
ERATH COUNTY,143,69 Years,406,192,214,375,175,200,0,0,0,7,3,4,24,14,10
ERATH COUNTY,143,70 Years,347,165,182,308,142,166,1,1,0,8,6,2,30,16,14
ERATH COUNTY,143,71 Years,337,162,175,307,146,161,0,0,0,5,2,3,25,14,11
ERATH COUNTY,143,72 Years,335,167,168,312,153,159,1,1,0,3,1,2,19,12,7
ERATH COUNTY,143,73 Years,302,147,155,278,132,146,1,1,0,5,4,1,18,10,8
ERATH COUNTY,143,74 Years,265,124,141,250,117,133,0,0,0,3,2,1,12,5,7
ERATH COUNTY,143,75 Years,258,126,132,240,116,124,0,0,0,4,1,3,14,9,5
ERATH COUNTY,143,76 Years,222,108,114,208,100,108,0,0,0,6,4,2,8,4,4
ERATH COUNTY,143,77 Years,193,92,101,178,84,94,1,0,1,2,1,1,12,7,5
ERATH COUNTY,143,78 Years,196,89,107,178,80,98,2,1,1,4,2,2,12,6,6
ERATH COUNTY,143,79 Years,174,75,99,159,70,89,1,1,0,2,1,1,12,3,9
ERATH COUNTY,143,80 Years,171,76,95,163,74,89,0,0,0,2,0,2,6,2,4
ERATH COUNTY,143,81 Years,156,68,88,146,66,80,0,0,0,2,0,2,8,2,6
ERATH COUNTY,143,82 Years,141,51,90,133,50,83,0,0,0,3,0,3,5,1,4
ERATH COUNTY,143,83 Years,136,53,83,129,51,78,0,0,0,3,1,2,4,1,3
ERATH COUNTY,143,84 Years,126,54,72,118,49,69,0,0,0,2,1,1,6,4,2
ERATH COUNTY,143,85 Years +,677,237,440,633,217,416,1,0,1,14,6,8,29,14,15
FALLS COUNTY,145,All Ages,17377,8314,9063,8678,4099,4579,4341,1902,2439,390,194,196,3968,2119,1849
FALLS COUNTY,145,< 1 Year,211,106,105,78,37,41,57,31,26,14,6,8,62,32,30
FALLS COUNTY,145,1 Years,206,101,105,73,34,39,55,28,27,13,6,7,65,33,32
FALLS COUNTY,145,2 Years,190,97,93,63,30,33,51,27,24,15,9,6,61,31,30
FALLS COUNTY,145,3 Years,194,104,90,62,32,30,57,29,28,15,9,6,60,34,26
FALLS COUNTY,145,4 Years,187,99,88,62,32,30,57,30,27,14,8,6,54,29,25
FALLS COUNTY,145,5 Years,189,87,102,59,28,31,57,27,30,20,5,15,53,27,26
FALLS COUNTY,145,6 Years,202,102,100,68,31,37,59,33,26,13,4,9,62,34,28
FALLS COUNTY,145,7 Years,185,98,87,63,33,30,56,30,26,10,5,5,56,30,26
FALLS COUNTY,145,8 Years,199,99,100,72,34,38,52,27,25,9,5,4,66,33,33
FALLS COUNTY,145,9 Years,209,115,94,70,37,33,52,26,26,7,5,2,80,47,33
FALLS COUNTY,145,10 Years,219,113,106,81,42,39,49,22,27,7,6,1,82,43,39
FALLS COUNTY,145,11 Years,203,109,94,76,39,37,42,20,22,10,8,2,75,42,33
FALLS COUNTY,145,12 Years,215,121,94,78,47,31,54,26,28,7,6,1,76,42,34
FALLS COUNTY,145,13 Years,201,108,93,82,45,37,43,25,18,5,3,2,71,35,36
FALLS COUNTY,145,14 Years,196,108,88,81,46,35,39,23,16,6,4,2,70,35,35
FALLS COUNTY,145,15 Years,201,103,98,82,49,33,46,18,28,6,3,3,67,33,34
FALLS COUNTY,145,16 Years,209,110,99,86,46,40,47,23,24,5,1,4,71,40,31
FALLS COUNTY,145,17 Years,193,96,97,78,39,39,50,26,24,5,3,2,60,28,32
FALLS COUNTY,145,18 Years,186,104,82,76,43,33,50,27,23,6,5,1,54,29,25
FALLS COUNTY,145,19 Years,184,99,85,69,38,31,44,22,22,8,4,4,63,35,28
FALLS COUNTY,145,20 Years,197,109,88,62,33,29,57,27,30,6,2,4,72,47,25
FALLS COUNTY,145,21 Years,215,116,99,71,34,37,75,39,36,6,4,2,63,39,24
FALLS COUNTY,145,22 Years,209,104,105,75,36,39,73,33,40,7,5,2,54,30,24
FALLS COUNTY,145,23 Years,259,123,136,87,39,48,96,45,51,8,5,3,68,34,34
FALLS COUNTY,145,24 Years,263,135,128,99,48,51,87,41,46,4,2,2,73,44,29
FALLS COUNTY,145,25 Years,263,133,130,90,40,50,83,39,44,3,0,3,87,54,33
FALLS COUNTY,145,26 Years,259,131,128,91,47,44,87,39,48,3,1,2,78,44,34
FALLS COUNTY,145,27 Years,245,115,130,94,48,46,77,25,52,1,0,1,73,42,31
FALLS COUNTY,145,28 Years,232,116,116,89,41,48,76,36,40,1,1,0,66,38,28
FALLS COUNTY,145,29 Years,226,110,116,92,45,47,68,31,37,2,0,2,64,34,30
FALLS COUNTY,145,30 Years,233,113,120,79,35,44,73,35,38,3,2,1,78,41,37
FALLS COUNTY,145,31 Years,224,110,114,83,42,41,63,27,36,3,1,2,75,40,35
FALLS COUNTY,145,32 Years,194,89,105,87,36,51,53,25,28,2,1,1,52,27,25
FALLS COUNTY,145,33 Years,196,87,109,89,33,56,50,22,28,4,2,2,53,30,23
FALLS COUNTY,145,34 Years,208,92,116,87,34,53,66,26,40,1,0,1,54,32,22
FALLS COUNTY,145,35 Years,225,94,131,90,35,55,66,26,40,3,2,1,66,31,35
FALLS COUNTY,145,36 Years,214,91,123,95,38,57,55,20,35,3,3,0,61,30,31
FALLS COUNTY,145,37 Years,221,101,120,103,47,56,56,21,35,2,1,1,60,32,28
FALLS COUNTY,145,38 Years,195,77,118,95,38,57,44,13,31,4,1,3,52,25,27
FALLS COUNTY,145,39 Years,208,89,119,90,38,52,60,23,37,4,1,3,54,27,27
FALLS COUNTY,145,40 Years,190,75,115,86,37,49,44,13,31,4,1,3,56,24,32
FALLS COUNTY,145,41 Years,190,74,116,81,29,52,55,17,38,2,0,2,52,28,24
FALLS COUNTY,145,42 Years,184,76,108,85,36,49,45,15,30,2,0,2,52,25,27
FALLS COUNTY,145,43 Years,203,89,114,98,43,55,51,20,31,3,2,1,51,24,27
FALLS COUNTY,145,44 Years,205,78,127,107,44,63,54,17,37,6,1,5,38,16,22
FALLS COUNTY,145,45 Years,223,95,128,108,41,67,60,22,38,3,2,1,52,30,22
FALLS COUNTY,145,46 Years,227,102,125,109,47,62,60,21,39,2,2,0,56,32,24
FALLS COUNTY,145,47 Years,213,94,119,115,49,66,49,17,32,2,1,1,47,27,20
FALLS COUNTY,145,48 Years,232,100,132,124,53,71,59,21,38,4,2,2,45,24,21
FALLS COUNTY,145,49 Years,257,111,146,124,52,72,79,28,51,3,1,2,51,30,21
FALLS COUNTY,145,50 Years,257,120,137,132,57,75,73,33,40,1,0,1,51,30,21
FALLS COUNTY,145,51 Years,264,123,141,136,66,70,75,32,43,4,2,2,49,23,26
FALLS COUNTY,145,52 Years,268,130,138,144,71,73,79,38,41,2,1,1,43,20,23
FALLS COUNTY,145,53 Years,266,118,148,151,66,85,69,31,38,2,0,2,44,21,23
FALLS COUNTY,145,54 Years,245,116,129,149,71,78,55,21,34,3,2,1,38,22,16
FALLS COUNTY,145,55 Years,230,109,121,153,75,78,44,17,27,2,0,2,31,17,14
FALLS COUNTY,145,56 Years,250,125,125,162,76,86,48,22,26,2,2,0,38,25,13
FALLS COUNTY,145,57 Years,229,104,125,149,69,80,50,19,31,2,1,1,28,15,13
FALLS COUNTY,145,58 Years,253,119,134,162,82,80,54,21,33,3,1,2,34,15,19
FALLS COUNTY,145,59 Years,247,117,130,149,72,77,60,29,31,2,1,1,36,15,21
FALLS COUNTY,145,60 Years,241,117,124,148,74,74,60,30,30,3,2,1,30,11,19
FALLS COUNTY,145,61 Years,239,121,118,149,70,79,48,27,21,4,1,3,38,23,15
FALLS COUNTY,145,62 Years,236,124,112,151,76,75,50,26,24,3,1,2,32,21,11
FALLS COUNTY,145,63 Years,225,115,110,149,78,71,49,22,27,3,0,3,24,15,9
FALLS COUNTY,145,64 Years,211,98,113,148,70,78,42,17,25,1,0,1,20,11,9
FALLS COUNTY,145,65 Years,218,111,107,143,72,71,41,20,21,3,3,0,31,16,15
FALLS COUNTY,145,66 Years,211,106,105,146,72,74,36,17,19,2,1,1,27,16,11
FALLS COUNTY,145,67 Years,205,104,101,145,75,70,34,15,19,4,3,1,22,11,11
FALLS COUNTY,145,68 Years,193,92,101,142,73,69,31,10,21,2,2,0,18,7,11
FALLS COUNTY,145,69 Years,180,86,94,129,64,65,32,12,20,2,0,2,17,10,7
FALLS COUNTY,145,70 Years,164,80,84,110,54,56,30,13,17,2,1,1,22,12,10
FALLS COUNTY,145,71 Years,162,71,91,120,56,64,26,9,17,3,1,2,13,5,8
FALLS COUNTY,145,72 Years,157,76,81,111,57,54,24,8,16,5,2,3,17,9,8
FALLS COUNTY,145,73 Years,149,78,71,105,56,49,25,11,14,5,3,2,14,8,6
FALLS COUNTY,145,74 Years,150,65,85,104,46,58,25,10,15,5,2,3,16,7,9
FALLS COUNTY,145,75 Years,145,62,83,110,47,63,22,10,12,3,0,3,10,5,5
FALLS COUNTY,145,76 Years,112,57,55,77,38,39,23,11,12,1,1,0,11,7,4
FALLS COUNTY,145,77 Years,119,56,63,85,40,45,21,9,12,5,3,2,8,4,4
FALLS COUNTY,145,78 Years,104,44,60,74,32,42,17,7,10,3,0,3,10,5,5
FALLS COUNTY,145,79 Years,100,46,54,72,33,39,14,4,10,2,1,1,12,8,4
FALLS COUNTY,145,80 Years,91,45,46,68,34,34,16,6,10,1,1,0,6,4,2
FALLS COUNTY,145,81 Years,80,37,43,58,29,29,14,5,9,2,1,1,6,2,4
FALLS COUNTY,145,82 Years,80,32,48,54,23,31,16,5,11,1,0,1,9,4,5
FALLS COUNTY,145,83 Years,78,37,41,53,25,28,13,5,8,1,1,0,11,6,5
FALLS COUNTY,145,84 Years,68,33,35,50,25,25,11,4,7,0,0,0,7,4,3
FALLS COUNTY,145,85 Years +,361,132,229,246,95,151,76,22,54,5,3,2,34,12,22
FANNIN COUNTY,147,All Ages,35048,18614,16434,27570,14041,13529,2273,1535,738,1188,588,600,4017,2450,1567
FANNIN COUNTY,147,< 1 Year,385,198,187,266,137,129,13,3,10,26,12,14,80,46,34
FANNIN COUNTY,147,1 Years,371,196,175,262,136,126,14,4,10,23,13,10,72,43,29
FANNIN COUNTY,147,2 Years,355,187,168,252,126,126,17,8,9,18,11,7,68,42,26
FANNIN COUNTY,147,3 Years,349,180,169,241,120,121,16,6,10,18,10,8,74,44,30
FANNIN COUNTY,147,4 Years,355,181,174,244,123,121,18,8,10,18,7,11,75,43,32
FANNIN COUNTY,147,5 Years,373,186,187,253,127,126,15,7,8,27,12,15,78,40,38
FANNIN COUNTY,147,6 Years,425,221,204,292,160,132,20,7,13,36,20,16,77,34,43
FANNIN COUNTY,147,7 Years,416,217,199,292,156,136,16,7,9,41,19,22,67,35,32
FANNIN COUNTY,147,8 Years,399,203,196,275,138,137,13,8,5,36,17,19,75,40,35
FANNIN COUNTY,147,9 Years,427,227,200,293,151,142,15,10,5,33,20,13,86,46,40
FANNIN COUNTY,147,10 Years,441,226,215,313,161,152,17,9,8,32,15,17,79,41,38
FANNIN COUNTY,147,11 Years,453,235,218,329,171,158,25,13,12,24,11,13,75,40,35
FANNIN COUNTY,147,12 Years,449,233,216,319,167,152,23,14,9,27,11,16,80,41,39
FANNIN COUNTY,147,13 Years,448,231,217,325,167,158,24,11,13,23,9,14,76,44,32
FANNIN COUNTY,147,14 Years,432,222,210,308,151,157,26,14,12,22,11,11,76,46,30
FANNIN COUNTY,147,15 Years,437,227,210,315,160,155,23,12,11,20,10,10,79,45,34
FANNIN COUNTY,147,16 Years,463,245,218,342,176,166,21,11,10,21,12,9,79,46,33
FANNIN COUNTY,147,17 Years,418,213,205,315,158,157,22,13,9,18,11,7,63,31,32
FANNIN COUNTY,147,18 Years,435,225,210,330,167,163,26,16,10,17,8,9,62,34,28
FANNIN COUNTY,147,19 Years,425,236,189,294,154,140,32,24,8,16,8,8,83,50,33
FANNIN COUNTY,147,20 Years,414,240,174,280,156,124,45,34,11,16,8,8,73,42,31
FANNIN COUNTY,147,21 Years,469,290,179,308,176,132,50,42,8,16,10,6,95,62,33
FANNIN COUNTY,147,22 Years,474,281,193,319,173,146,54,43,11,18,10,8,83,55,28
FANNIN COUNTY,147,23 Years,484,308,176,338,203,135,52,42,10,15,9,6,79,54,25
FANNIN COUNTY,147,24 Years,540,339,201,364,210,154,53,42,11,16,6,10,107,81,26
FANNIN COUNTY,147,25 Years,484,305,179,323,190,133,61,49,12,11,6,5,89,60,29
FANNIN COUNTY,147,26 Years,475,296,179,333,192,141,47,39,8,14,9,5,81,56,25
FANNIN COUNTY,147,27 Years,439,264,175,318,176,142,46,39,7,12,6,6,63,43,20
FANNIN COUNTY,147,28 Years,404,254,150,275,156,119,46,40,6,13,6,7,70,52,18
FANNIN COUNTY,147,29 Years,348,224,124,224,129,95,45,40,5,11,5,6,68,50,18
FANNIN COUNTY,147,30 Years,357,215,142,238,130,108,43,36,7,9,4,5,67,45,22
FANNIN COUNTY,147,31 Years,334,192,142,217,111,106,40,29,11,12,7,5,65,45,20
FANNIN COUNTY,147,32 Years,347,205,142,244,134,110,32,23,9,10,5,5,61,43,18
FANNIN COUNTY,147,33 Years,367,211,156,252,126,126,49,40,9,9,7,2,57,38,19
FANNIN COUNTY,147,34 Years,327,182,145,240,128,112,30,20,10,8,4,4,49,30,19
FANNIN COUNTY,147,35 Years,393,230,163,286,155,131,36,29,7,9,4,5,62,42,20
FANNIN COUNTY,147,36 Years,379,212,167,282,146,136,31,25,6,5,4,1,61,37,24
FANNIN COUNTY,147,37 Years,397,221,176,284,148,136,32,24,8,8,1,7,73,48,25
FANNIN COUNTY,147,38 Years,364,199,165,257,124,133,32,25,7,10,3,7,65,47,18
FANNIN COUNTY,147,39 Years,378,209,169,258,127,131,31,23,8,12,3,9,77,56,21
FANNIN COUNTY,147,40 Years,375,213,162,265,133,132,41,35,6,10,7,3,59,38,21
FANNIN COUNTY,147,41 Years,367,214,153,271,146,125,35,30,5,11,10,1,50,28,22
FANNIN COUNTY,147,42 Years,386,204,182,292,147,145,26,19,7,8,3,5,60,35,25
FANNIN COUNTY,147,43 Years,375,197,178,278,138,140,41,33,8,7,2,5,49,24,25
FANNIN COUNTY,147,44 Years,386,202,184,299,150,149,27,20,7,15,6,9,45,26,19
FANNIN COUNTY,147,45 Years,419,227,192,337,184,153,21,13,8,16,6,10,45,24,21
FANNIN COUNTY,147,46 Years,462,242,220,364,184,180,26,15,11,16,8,8,56,35,21
FANNIN COUNTY,147,47 Years,431,221,210,341,161,180,35,24,11,12,6,6,43,30,13
FANNIN COUNTY,147,48 Years,414,211,203,328,155,173,37,27,10,11,4,7,38,25,13
FANNIN COUNTY,147,49 Years,472,271,201,375,202,173,37,28,9,13,6,7,47,35,12
FANNIN COUNTY,147,50 Years,488,264,224,395,199,196,39,28,11,12,6,6,42,31,11
FANNIN COUNTY,147,51 Years,476,257,219,386,194,192,34,26,8,15,9,6,41,28,13
FANNIN COUNTY,147,52 Years,532,284,248,434,222,212,42,28,14,16,8,8,40,26,14
FANNIN COUNTY,147,53 Years,513,248,265,450,217,233,27,15,12,15,4,11,21,12,9
FANNIN COUNTY,147,54 Years,528,264,264,456,228,228,30,14,16,13,5,8,29,17,12
FANNIN COUNTY,147,55 Years,518,250,268,455,212,243,23,16,7,12,7,5,28,15,13
FANNIN COUNTY,147,56 Years,552,270,282,480,229,251,28,19,9,11,6,5,33,16,17
FANNIN COUNTY,147,57 Years,541,270,271,469,230,239,31,17,14,9,4,5,32,19,13
FANNIN COUNTY,147,58 Years,518,256,262,455,225,230,26,12,14,13,5,8,24,14,10
FANNIN COUNTY,147,59 Years,517,262,255,443,216,227,37,25,12,16,8,8,21,13,8
FANNIN COUNTY,147,60 Years,515,280,235,454,242,212,29,22,7,15,10,5,17,6,11
FANNIN COUNTY,147,61 Years,469,256,213,424,231,193,16,9,7,11,5,6,18,11,7
FANNIN COUNTY,147,62 Years,456,235,221,405,209,196,17,6,11,12,6,6,22,14,8
FANNIN COUNTY,147,63 Years,462,241,221,414,215,199,21,12,9,11,6,5,16,8,8
FANNIN COUNTY,147,64 Years,449,222,227,392,189,203,22,12,10,14,8,6,21,13,8
FANNIN COUNTY,147,65 Years,433,212,221,388,190,198,16,7,9,14,7,7,15,8,7
FANNIN COUNTY,147,66 Years,453,223,230,411,204,207,21,9,12,7,4,3,14,6,8
FANNIN COUNTY,147,67 Years,483,239,244,445,217,228,17,10,7,7,3,4,14,9,5
FANNIN COUNTY,147,68 Years,461,237,224,426,217,209,13,10,3,8,3,5,14,7,7
FANNIN COUNTY,147,69 Years,460,254,206,418,228,190,16,10,6,13,8,5,13,8,5
FANNIN COUNTY,147,70 Years,392,204,188,361,186,175,13,8,5,10,6,4,8,4,4
FANNIN COUNTY,147,71 Years,388,180,208,361,167,194,14,8,6,6,3,3,7,2,5
FANNIN COUNTY,147,72 Years,379,187,192,344,166,178,16,10,6,6,3,3,13,8,5
FANNIN COUNTY,147,73 Years,348,169,179,316,154,162,16,8,8,8,3,5,8,4,4
FANNIN COUNTY,147,74 Years,327,159,168,305,147,158,10,4,6,8,5,3,4,3,1
FANNIN COUNTY,147,75 Years,274,136,138,248,119,129,15,9,6,7,5,2,4,3,1
FANNIN COUNTY,147,76 Years,262,121,141,237,108,129,12,7,5,7,3,4,6,3,3
FANNIN COUNTY,147,77 Years,244,115,129,228,108,120,9,5,4,3,1,2,4,1,3
FANNIN COUNTY,147,78 Years,246,124,122,233,116,117,9,6,3,1,1,0,3,1,2
FANNIN COUNTY,147,79 Years,204,99,105,188,88,100,8,5,3,2,2,0,6,4,2
FANNIN COUNTY,147,80 Years,202,97,105,183,89,94,7,2,5,5,2,3,7,4,3
FANNIN COUNTY,147,81 Years,195,98,97,184,93,91,6,4,2,1,0,1,4,1,3
FANNIN COUNTY,147,82 Years,185,87,98,170,81,89,5,2,3,6,2,4,4,2,2
FANNIN COUNTY,147,83 Years,173,79,94,155,72,83,8,2,6,6,2,4,4,3,1
FANNIN COUNTY,147,84 Years,144,67,77,130,63,67,8,2,6,4,1,3,2,1,1
FANNIN COUNTY,147,85 Years +,744,300,444,677,274,403,35,13,22,15,5,10,17,8,9
FAYETTE COUNTY,149,All Ages,25524,12665,12859,18019,8850,9169,1658,826,832,379,177,202,5468,2812,2656
FAYETTE COUNTY,149,< 1 Year,242,124,118,137,71,66,25,14,11,9,3,6,71,36,35
FAYETTE COUNTY,149,1 Years,249,128,121,140,73,67,23,14,9,8,2,6,78,39,39
FAYETTE COUNTY,149,2 Years,257,131,126,143,76,67,22,14,8,12,5,7,80,36,44
FAYETTE COUNTY,149,3 Years,238,122,116,133,73,60,18,9,9,11,5,6,76,35,41
FAYETTE COUNTY,149,4 Years,241,124,117,137,75,62,18,8,10,11,5,6,75,36,39
FAYETTE COUNTY,149,5 Years,244,128,116,135,70,65,19,7,12,7,3,4,83,48,35
FAYETTE COUNTY,149,6 Years,281,153,128,151,81,70,24,12,12,8,6,2,98,54,44
FAYETTE COUNTY,149,7 Years,286,145,141,137,72,65,23,10,13,8,2,6,118,61,57
FAYETTE COUNTY,149,8 Years,280,147,133,139,73,66,17,8,9,7,4,3,117,62,55
FAYETTE COUNTY,149,9 Years,280,140,140,138,70,68,19,10,9,5,4,1,118,56,62
FAYETTE COUNTY,149,10 Years,287,140,147,143,71,72,22,12,10,3,1,2,119,56,63
FAYETTE COUNTY,149,11 Years,303,162,141,143,79,64,29,12,17,5,4,1,126,67,59
FAYETTE COUNTY,149,12 Years,296,149,147,146,72,74,33,15,18,8,4,4,109,58,51
FAYETTE COUNTY,149,13 Years,327,160,167,187,97,90,28,12,16,11,6,5,101,45,56
FAYETTE COUNTY,149,14 Years,318,150,168,176,83,93,28,15,13,7,3,4,107,49,58
FAYETTE COUNTY,149,15 Years,336,166,170,187,93,94,26,15,11,5,1,4,118,57,61
FAYETTE COUNTY,149,16 Years,327,158,169,189,93,96,23,10,13,8,3,5,107,52,55
FAYETTE COUNTY,149,17 Years,318,146,172,170,79,91,29,15,14,8,1,7,111,51,60
FAYETTE COUNTY,149,18 Years,322,169,153,192,99,93,25,13,12,7,4,3,98,53,45
FAYETTE COUNTY,149,19 Years,301,160,141,185,96,89,23,13,10,6,4,2,87,47,40
FAYETTE COUNTY,149,20 Years,312,172,140,181,99,82,22,13,9,6,3,3,103,57,46
FAYETTE COUNTY,149,21 Years,294,142,152,169,83,86,18,7,11,6,3,3,101,49,52
FAYETTE COUNTY,149,22 Years,265,135,130,161,82,79,20,8,12,3,3,0,81,42,39
FAYETTE COUNTY,149,23 Years,277,133,144,161,73,88,27,15,12,5,3,2,84,42,42
FAYETTE COUNTY,149,24 Years,291,160,131,168,93,75,30,15,15,4,2,2,89,50,39
FAYETTE COUNTY,149,25 Years,243,132,111,130,72,58,20,8,12,7,6,1,86,46,40
FAYETTE COUNTY,149,26 Years,207,107,100,94,50,44,20,11,9,4,2,2,89,44,45
FAYETTE COUNTY,149,27 Years,226,115,111,114,56,58,19,12,7,4,3,1,89,44,45
FAYETTE COUNTY,149,28 Years,192,91,101,102,41,61,15,9,6,3,2,1,72,39,33
FAYETTE COUNTY,149,29 Years,197,99,98,103,44,59,13,9,4,3,1,2,78,45,33
FAYETTE COUNTY,149,30 Years,195,103,92,102,51,51,13,6,7,3,1,2,77,45,32
FAYETTE COUNTY,149,31 Years,207,105,102,107,54,53,14,5,9,7,3,4,79,43,36
FAYETTE COUNTY,149,32 Years,210,104,106,111,51,60,14,6,8,5,3,2,80,44,36
FAYETTE COUNTY,149,33 Years,227,112,115,120,57,63,22,8,14,6,4,2,79,43,36
FAYETTE COUNTY,149,34 Years,236,118,118,131,69,62,19,9,10,3,2,1,83,38,45
FAYETTE COUNTY,149,35 Years,240,117,123,152,75,77,15,7,8,3,2,1,70,33,37
FAYETTE COUNTY,149,36 Years,247,128,119,153,77,76,23,13,10,3,1,2,68,37,31
FAYETTE COUNTY,149,37 Years,240,119,121,158,78,80,16,9,7,3,1,2,63,31,32
FAYETTE COUNTY,149,38 Years,239,122,117,149,73,76,19,13,6,1,0,1,70,36,34
FAYETTE COUNTY,149,39 Years,235,116,119,143,69,74,19,12,7,5,2,3,68,33,35
FAYETTE COUNTY,149,40 Years,256,134,122,155,81,74,14,6,8,3,1,2,84,46,38
FAYETTE COUNTY,149,41 Years,263,141,122,158,81,77,10,6,4,5,2,3,90,52,38
FAYETTE COUNTY,149,42 Years,247,133,114,151,81,70,14,7,7,4,3,1,78,42,36
FAYETTE COUNTY,149,43 Years,277,139,138,176,91,85,23,12,11,4,2,2,74,34,40
FAYETTE COUNTY,149,44 Years,264,146,118,176,98,78,16,11,5,3,2,1,69,35,34
FAYETTE COUNTY,149,45 Years,271,140,131,188,98,90,17,9,8,0,0,0,66,33,33
FAYETTE COUNTY,149,46 Years,271,139,132,197,104,93,12,5,7,1,1,0,61,29,32
FAYETTE COUNTY,149,47 Years,269,127,142,197,93,104,9,4,5,4,1,3,59,29,30
FAYETTE COUNTY,149,48 Years,290,131,159,205,94,111,10,5,5,4,2,2,71,30,41
FAYETTE COUNTY,149,49 Years,270,136,134,196,102,94,12,6,6,4,1,3,58,27,31
FAYETTE COUNTY,149,50 Years,314,157,157,215,104,111,20,10,10,4,0,4,75,43,32
FAYETTE COUNTY,149,51 Years,364,168,196,258,114,144,30,15,15,9,4,5,67,35,32
FAYETTE COUNTY,149,52 Years,379,184,195,290,139,151,26,14,12,5,2,3,58,29,29
FAYETTE COUNTY,149,53 Years,396,189,207,310,149,161,24,13,11,2,0,2,60,27,33
FAYETTE COUNTY,149,54 Years,416,201,215,325,152,173,24,13,11,3,0,3,64,36,28
FAYETTE COUNTY,149,55 Years,424,220,204,337,175,162,29,14,15,1,0,1,57,31,26
FAYETTE COUNTY,149,56 Years,410,210,200,330,165,165,24,14,10,4,1,3,52,30,22
FAYETTE COUNTY,149,57 Years,403,198,205,328,159,169,25,14,11,4,1,3,46,24,22
FAYETTE COUNTY,149,58 Years,402,200,202,323,154,169,24,15,9,4,2,2,51,29,22
FAYETTE COUNTY,149,59 Years,404,203,201,331,164,167,21,13,8,5,2,3,47,24,23
FAYETTE COUNTY,149,60 Years,443,223,220,364,186,178,27,12,15,3,1,2,49,24,25
FAYETTE COUNTY,149,61 Years,460,229,231,373,185,188,29,9,20,5,4,1,53,31,22
FAYETTE COUNTY,149,62 Years,456,218,238,378,175,203,29,14,15,4,2,2,45,27,18
FAYETTE COUNTY,149,63 Years,428,198,230,358,168,190,28,12,16,5,2,3,37,16,21
FAYETTE COUNTY,149,64 Years,403,202,201,340,172,168,27,11,16,3,2,1,33,17,16
FAYETTE COUNTY,149,65 Years,394,207,187,337,176,161,22,10,12,2,1,1,33,20,13
FAYETTE COUNTY,149,66 Years,403,200,203,351,171,180,18,8,10,0,0,0,34,21,13
FAYETTE COUNTY,149,67 Years,416,206,210,373,180,193,15,10,5,2,2,0,26,14,12
FAYETTE COUNTY,149,68 Years,391,203,188,357,185,172,12,5,7,4,3,1,18,10,8
FAYETTE COUNTY,149,69 Years,401,197,204,363,175,188,13,5,8,5,3,2,20,14,6
FAYETTE COUNTY,149,70 Years,354,173,181,314,153,161,15,7,8,3,2,1,22,11,11
FAYETTE COUNTY,149,71 Years,341,171,170,302,149,153,15,9,6,3,1,2,21,12,9
FAYETTE COUNTY,149,72 Years,349,161,188,315,144,171,12,7,5,4,1,3,18,9,9
FAYETTE COUNTY,149,73 Years,320,158,162,283,139,144,12,7,5,4,2,2,21,10,11
FAYETTE COUNTY,149,74 Years,288,159,129,253,141,112,14,7,7,3,0,3,18,11,7
FAYETTE COUNTY,149,75 Years,252,123,129,221,106,115,15,9,6,2,0,2,14,8,6
FAYETTE COUNTY,149,76 Years,240,118,122,216,107,109,14,6,8,1,0,1,9,5,4
FAYETTE COUNTY,149,77 Years,232,117,115,212,103,109,11,8,3,2,2,0,7,4,3
FAYETTE COUNTY,149,78 Years,210,106,104,187,93,94,9,7,2,0,0,0,14,6,8
FAYETTE COUNTY,149,79 Years,194,99,95,171,88,83,8,5,3,0,0,0,15,6,9
FAYETTE COUNTY,149,80 Years,166,82,84,153,75,78,3,2,1,1,0,1,9,5,4
FAYETTE COUNTY,149,81 Years,150,67,83,136,62,74,7,1,6,0,0,0,7,4,3
FAYETTE COUNTY,149,82 Years,136,58,78,119,50,69,9,4,5,1,0,1,7,4,3
FAYETTE COUNTY,149,83 Years,126,51,75,109,45,64,9,2,7,1,0,1,7,4,3
FAYETTE COUNTY,149,84 Years,122,52,70,108,49,59,7,1,6,0,0,0,7,2,5
FAYETTE COUNTY,149,85 Years +,746,259,487,663,232,431,42,9,33,10,5,5,31,13,18
FISHER COUNTY,151,All Ages,3855,1936,1919,2610,1297,1313,125,60,65,51,28,23,1069,551,518
FISHER COUNTY,151,< 1 Year,41,26,15,25,16,9,2,1,1,0,0,0,14,9,5
FISHER COUNTY,151,1 Years,48,27,21,30,16,14,2,2,0,0,0,0,16,9,7
FISHER COUNTY,151,2 Years,47,23,24,30,14,16,0,0,0,0,0,0,17,9,8
FISHER COUNTY,151,3 Years,42,20,22,26,12,14,0,0,0,0,0,0,16,8,8
FISHER COUNTY,151,4 Years,35,16,19,19,7,12,2,1,1,0,0,0,14,8,6
FISHER COUNTY,151,5 Years,42,23,19,23,11,12,2,1,1,0,0,0,17,11,6
FISHER COUNTY,151,6 Years,46,23,23,24,10,14,0,0,0,1,0,1,21,13,8
FISHER COUNTY,151,7 Years,40,17,23,20,6,14,0,0,0,1,0,1,19,11,8
FISHER COUNTY,151,8 Years,40,24,16,23,15,8,0,0,0,1,0,1,16,9,7
FISHER COUNTY,151,9 Years,46,22,24,27,14,13,0,0,0,1,1,0,18,7,11
FISHER COUNTY,151,10 Years,47,23,24,29,14,15,1,0,1,2,0,2,15,9,6
FISHER COUNTY,151,11 Years,43,21,22,23,10,13,1,1,0,2,1,1,17,9,8
FISHER COUNTY,151,12 Years,43,24,19,23,12,11,1,1,0,2,2,0,17,9,8
FISHER COUNTY,151,13 Years,40,19,21,23,13,10,1,0,1,0,0,0,16,6,10
FISHER COUNTY,151,14 Years,48,26,22,33,18,15,1,0,1,0,0,0,14,8,6
FISHER COUNTY,151,15 Years,41,20,21,29,14,15,0,0,0,0,0,0,12,6,6
FISHER COUNTY,151,16 Years,45,19,26,27,10,17,0,0,0,2,2,0,16,7,9
FISHER COUNTY,151,17 Years,40,22,18,24,13,11,1,1,0,1,0,1,14,8,6
FISHER COUNTY,151,18 Years,48,24,24,26,14,12,4,3,1,0,0,0,18,7,11
FISHER COUNTY,151,19 Years,43,23,20,25,14,11,2,2,0,0,0,0,16,7,9
FISHER COUNTY,151,20 Years,40,25,15,24,14,10,0,0,0,0,0,0,16,11,5
FISHER COUNTY,151,21 Years,54,27,27,29,12,17,4,2,2,0,0,0,21,13,8
FISHER COUNTY,151,22 Years,67,36,31,40,24,16,5,1,4,2,0,2,20,11,9
FISHER COUNTY,151,23 Years,71,35,36,44,24,20,3,1,2,3,1,2,21,9,12
FISHER COUNTY,151,24 Years,59,27,32,36,16,20,4,1,3,2,1,1,17,9,8
FISHER COUNTY,151,25 Years,47,26,21,23,10,13,3,2,1,1,1,0,20,13,7
FISHER COUNTY,151,26 Years,39,24,15,21,12,9,4,4,0,0,0,0,14,8,6
FISHER COUNTY,151,27 Years,34,19,15,21,10,11,1,1,0,1,1,0,11,7,4
FISHER COUNTY,151,28 Years,39,21,18,28,14,14,1,0,1,1,1,0,9,6,3
FISHER COUNTY,151,29 Years,32,19,13,20,9,11,2,2,0,1,1,0,9,7,2
FISHER COUNTY,151,30 Years,26,14,12,20,10,10,1,1,0,0,0,0,5,3,2
FISHER COUNTY,151,31 Years,32,15,17,18,10,8,0,0,0,0,0,0,14,5,9
FISHER COUNTY,151,32 Years,35,15,20,20,10,10,0,0,0,0,0,0,15,5,10
FISHER COUNTY,151,33 Years,37,18,19,24,11,13,0,0,0,0,0,0,13,7,6
FISHER COUNTY,151,34 Years,30,14,16,20,9,11,1,0,1,0,0,0,9,5,4
FISHER COUNTY,151,35 Years,36,14,22,21,10,11,0,0,0,2,0,2,13,4,9
FISHER COUNTY,151,36 Years,25,15,10,19,12,7,0,0,0,0,0,0,6,3,3
FISHER COUNTY,151,37 Years,22,12,10,17,9,8,0,0,0,0,0,0,5,3,2
FISHER COUNTY,151,38 Years,30,14,16,24,10,14,0,0,0,0,0,0,6,4,2
FISHER COUNTY,151,39 Years,31,19,12,20,11,9,0,0,0,0,0,0,11,8,3
FISHER COUNTY,151,40 Years,34,20,14,19,10,9,2,1,1,1,0,1,12,9,3
FISHER COUNTY,151,41 Years,32,13,19,15,7,8,4,2,2,0,0,0,13,4,9
FISHER COUNTY,151,42 Years,36,15,21,23,10,13,3,0,3,0,0,0,10,5,5
FISHER COUNTY,151,43 Years,44,23,21,28,16,12,2,0,2,0,0,0,14,7,7
FISHER COUNTY,151,44 Years,48,27,21,30,17,13,3,2,1,0,0,0,15,8,7
FISHER COUNTY,151,45 Years,57,25,32,41,20,21,1,0,1,0,0,0,15,5,10
FISHER COUNTY,151,46 Years,50,26,24,37,21,16,3,1,2,0,0,0,10,4,6
FISHER COUNTY,151,47 Years,43,21,22,33,16,17,2,1,1,0,0,0,8,4,4
FISHER COUNTY,151,48 Years,40,18,22,25,12,13,1,0,1,0,0,0,14,6,8
FISHER COUNTY,151,49 Years,41,22,19,26,15,11,2,1,1,0,0,0,13,6,7
FISHER COUNTY,151,50 Years,42,21,21,28,12,16,3,3,0,0,0,0,11,6,5
FISHER COUNTY,151,51 Years,45,26,19,26,14,12,5,3,2,1,0,1,13,9,4
FISHER COUNTY,151,52 Years,53,29,24,33,18,15,2,0,2,2,1,1,16,10,6
FISHER COUNTY,151,53 Years,57,31,26,40,23,17,2,1,1,1,1,0,14,6,8
FISHER COUNTY,151,54 Years,58,27,31,44,23,21,1,0,1,1,0,1,12,4,8
FISHER COUNTY,151,55 Years,53,30,23,37,22,15,1,1,0,0,0,0,15,7,8
FISHER COUNTY,151,56 Years,65,38,27,45,26,19,2,2,0,1,1,0,17,9,8
FISHER COUNTY,151,57 Years,60,35,25,45,26,19,2,1,1,2,2,0,11,6,5
FISHER COUNTY,151,58 Years,56,27,29,42,18,24,2,2,0,1,1,0,11,6,5
FISHER COUNTY,151,59 Years,55,23,32,40,16,24,1,1,0,0,0,0,14,6,8
FISHER COUNTY,151,60 Years,65,35,30,49,24,25,0,0,0,1,1,0,15,10,5
FISHER COUNTY,151,61 Years,64,38,26,46,27,19,1,0,1,1,1,0,16,10,6
FISHER COUNTY,151,62 Years,60,30,30,47,22,25,0,0,0,1,1,0,12,7,5
FISHER COUNTY,151,63 Years,53,28,25,39,19,20,0,0,0,1,1,0,13,8,5
FISHER COUNTY,151,64 Years,53,25,28,43,20,23,1,1,0,0,0,0,9,4,5
FISHER COUNTY,151,65 Years,50,25,25,42,22,20,0,0,0,0,0,0,8,3,5
FISHER COUNTY,151,66 Years,56,28,28,40,20,20,1,0,1,3,1,2,12,7,5
FISHER COUNTY,151,67 Years,50,22,28,39,17,22,1,0,1,1,1,0,9,4,5
FISHER COUNTY,151,68 Years,52,22,30,43,21,22,2,0,2,0,0,0,7,1,6
FISHER COUNTY,151,69 Years,50,30,20,40,25,15,3,2,1,0,0,0,7,3,4
FISHER COUNTY,151,70 Years,47,26,21,34,19,15,3,1,2,1,1,0,9,5,4
FISHER COUNTY,151,71 Years,41,23,18,30,15,15,2,1,1,1,1,0,8,6,2
FISHER COUNTY,151,72 Years,43,25,18,33,18,15,1,1,0,1,1,0,8,5,3
FISHER COUNTY,151,73 Years,40,18,22,29,12,17,3,1,2,0,0,0,8,5,3
FISHER COUNTY,151,74 Years,42,15,27,31,11,20,1,0,1,1,0,1,9,4,5
FISHER COUNTY,151,75 Years,38,17,21,33,14,19,1,1,0,0,0,0,4,2,2
FISHER COUNTY,151,76 Years,42,16,26,33,13,20,0,0,0,0,0,0,9,3,6
FISHER COUNTY,151,77 Years,40,16,24,32,13,19,2,1,1,1,1,0,5,1,4
FISHER COUNTY,151,78 Years,36,16,20,26,11,15,1,1,0,1,0,1,8,4,4
FISHER COUNTY,151,79 Years,35,17,18,28,14,14,0,0,0,0,0,0,7,3,4
FISHER COUNTY,151,80 Years,36,18,18,27,15,12,2,0,2,0,0,0,7,3,4
FISHER COUNTY,151,81 Years,33,17,16,26,14,12,0,0,0,0,0,0,7,3,4
FISHER COUNTY,151,82 Years,27,14,13,23,13,10,0,0,0,0,0,0,4,1,3
FISHER COUNTY,151,83 Years,21,11,10,19,10,9,0,0,0,0,0,0,2,1,1
FISHER COUNTY,151,84 Years,20,8,12,13,6,7,1,0,1,0,0,0,6,2,4
FISHER COUNTY,151,85 Years +,141,48,93,110,40,70,6,0,6,1,0,1,24,8,16
FLOYD COUNTY,153,All Ages,5871,2914,2957,2248,1099,1149,194,99,95,51,19,32,3378,1697,1681
FLOYD COUNTY,153,< 1 Year,77,42,35,13,6,7,1,1,0,3,2,1,60,33,27
FLOYD COUNTY,153,1 Years,71,38,33,9,4,5,1,1,0,2,1,1,59,32,27
FLOYD COUNTY,153,2 Years,73,35,38,10,5,5,2,1,1,0,0,0,61,29,32
FLOYD COUNTY,153,3 Years,78,36,42,12,6,6,2,1,1,0,0,0,64,29,35
FLOYD COUNTY,153,4 Years,85,39,46,16,8,8,1,0,1,3,1,2,65,30,35
FLOYD COUNTY,153,5 Years,88,44,44,17,10,7,2,1,1,2,1,1,67,32,35
FLOYD COUNTY,153,6 Years,95,51,44,18,13,5,2,0,2,2,1,1,73,37,36
FLOYD COUNTY,153,7 Years,77,36,41,18,10,8,2,0,2,0,0,0,57,26,31
FLOYD COUNTY,153,8 Years,90,44,46,18,8,10,3,0,3,0,0,0,69,36,33
FLOYD COUNTY,153,9 Years,85,47,38,16,9,7,4,2,2,0,0,0,65,36,29
FLOYD COUNTY,153,10 Years,90,51,39,19,12,7,2,1,1,1,0,1,68,38,30
FLOYD COUNTY,153,11 Years,93,46,47,15,8,7,3,1,2,1,0,1,74,37,37
FLOYD COUNTY,153,12 Years,87,41,46,20,9,11,3,2,1,1,0,1,63,30,33
FLOYD COUNTY,153,13 Years,91,48,43,25,15,10,3,2,1,1,0,1,62,31,31
FLOYD COUNTY,153,14 Years,91,46,45,23,12,11,3,2,1,1,0,1,64,32,32
FLOYD COUNTY,153,15 Years,82,47,35,17,11,6,2,1,1,0,0,0,63,35,28
FLOYD COUNTY,153,16 Years,91,54,37,23,13,10,3,2,1,1,0,1,64,39,25
FLOYD COUNTY,153,17 Years,96,51,45,22,10,12,5,4,1,0,0,0,69,37,32
FLOYD COUNTY,153,18 Years,94,55,39,22,14,8,3,3,0,0,0,0,69,38,31
FLOYD COUNTY,153,19 Years,91,44,47,25,12,13,1,1,0,2,1,1,63,30,33
FLOYD COUNTY,153,20 Years,79,42,37,22,10,12,2,1,1,0,0,0,55,31,24
FLOYD COUNTY,153,21 Years,87,48,39,25,12,13,3,2,1,1,1,0,58,33,25
FLOYD COUNTY,153,22 Years,94,44,50,28,11,17,3,3,0,0,0,0,63,30,33
FLOYD COUNTY,153,23 Years,98,54,44,25,12,13,5,4,1,1,0,1,67,38,29
FLOYD COUNTY,153,24 Years,88,47,41,30,16,14,3,2,1,0,0,0,55,29,26
FLOYD COUNTY,153,25 Years,59,32,27,14,9,5,3,2,1,2,1,1,40,20,20
FLOYD COUNTY,153,26 Years,58,24,34,14,9,5,3,1,2,2,1,1,39,13,26
FLOYD COUNTY,153,27 Years,59,23,36,18,10,8,2,0,2,1,0,1,38,13,25
FLOYD COUNTY,153,28 Years,61,33,28,19,12,7,1,0,1,1,0,1,40,21,19
FLOYD COUNTY,153,29 Years,53,26,27,19,11,8,1,1,0,0,0,0,33,14,19
FLOYD COUNTY,153,30 Years,57,28,29,19,11,8,2,1,1,1,1,0,35,15,20
FLOYD COUNTY,153,31 Years,60,32,28,21,11,10,2,1,1,0,0,0,37,20,17
FLOYD COUNTY,153,32 Years,50,23,27,17,6,11,2,2,0,0,0,0,31,15,16
FLOYD COUNTY,153,33 Years,59,27,32,18,6,12,3,2,1,0,0,0,38,19,19
FLOYD COUNTY,153,34 Years,56,31,25,19,10,9,4,1,3,0,0,0,33,20,13
FLOYD COUNTY,153,35 Years,63,26,37,17,10,7,2,1,1,1,0,1,43,15,28
FLOYD COUNTY,153,36 Years,60,29,31,17,9,8,1,1,0,1,0,1,41,19,22
FLOYD COUNTY,153,37 Years,52,27,25,18,8,10,0,0,0,1,1,0,33,18,15
FLOYD COUNTY,153,38 Years,54,25,29,22,10,12,1,0,1,0,0,0,31,15,16
FLOYD COUNTY,153,39 Years,55,29,26,20,12,8,1,0,1,1,0,1,33,17,16
FLOYD COUNTY,153,40 Years,63,24,39,19,9,10,1,0,1,0,0,0,43,15,28
FLOYD COUNTY,153,41 Years,55,21,34,17,7,10,1,0,1,0,0,0,37,14,23
FLOYD COUNTY,153,42 Years,56,26,30,20,9,11,2,1,1,0,0,0,34,16,18
FLOYD COUNTY,153,43 Years,56,28,28,17,6,11,1,1,0,0,0,0,38,21,17
FLOYD COUNTY,153,44 Years,61,33,28,19,9,10,1,1,0,1,1,0,40,22,18
FLOYD COUNTY,153,45 Years,74,42,32,24,13,11,1,1,0,1,1,0,48,27,21
FLOYD COUNTY,153,46 Years,72,40,32,21,11,10,2,1,1,1,0,1,48,28,20
FLOYD COUNTY,153,47 Years,63,34,29,24,12,12,1,0,1,0,0,0,38,22,16
FLOYD COUNTY,153,48 Years,59,27,32,28,10,18,2,1,1,0,0,0,29,16,13
FLOYD COUNTY,153,49 Years,70,39,31,33,17,16,3,3,0,0,0,0,34,19,15
FLOYD COUNTY,153,50 Years,66,31,35,25,12,13,4,2,2,1,0,1,36,17,19
FLOYD COUNTY,153,51 Years,67,31,36,29,16,13,4,2,2,0,0,0,34,13,21
FLOYD COUNTY,153,52 Years,74,32,42,37,18,19,4,2,2,1,1,0,32,11,21
FLOYD COUNTY,153,53 Years,66,30,36,34,15,19,2,2,0,0,0,0,30,13,17
FLOYD COUNTY,153,54 Years,76,34,42,37,15,22,2,1,1,0,0,0,37,18,19
FLOYD COUNTY,153,55 Years,81,42,39,40,19,21,2,1,1,0,0,0,39,22,17
FLOYD COUNTY,153,56 Years,86,49,37,50,26,24,2,1,1,1,1,0,33,21,12
FLOYD COUNTY,153,57 Years,83,43,40,47,21,26,2,0,2,1,1,0,33,21,12
FLOYD COUNTY,153,58 Years,75,43,32,43,27,16,3,1,2,0,0,0,29,15,14
FLOYD COUNTY,153,59 Years,66,35,31,32,19,13,2,1,1,0,0,0,32,15,17
FLOYD COUNTY,153,60 Years,72,39,33,37,20,17,2,1,1,0,0,0,33,18,15
FLOYD COUNTY,153,61 Years,81,44,37,43,22,21,3,1,2,0,0,0,35,21,14
FLOYD COUNTY,153,62 Years,72,39,33,38,23,15,3,1,2,1,0,1,30,15,15
FLOYD COUNTY,153,63 Years,79,45,34,44,22,22,5,4,1,1,1,0,29,18,11
FLOYD COUNTY,153,64 Years,80,40,40,46,26,20,3,2,1,1,1,0,30,11,19
FLOYD COUNTY,153,65 Years,68,31,37,37,19,18,2,1,1,0,0,0,29,11,18
FLOYD COUNTY,153,66 Years,60,29,31,37,20,17,1,0,1,1,0,1,21,9,12
FLOYD COUNTY,153,67 Years,58,26,32,34,15,19,1,1,0,1,0,1,22,10,12
FLOYD COUNTY,153,68 Years,54,28,26,26,11,15,3,3,0,0,0,0,25,14,11
FLOYD COUNTY,153,69 Years,49,25,24,26,14,12,2,1,1,0,0,0,21,10,11
FLOYD COUNTY,153,70 Years,52,27,25,33,18,15,1,0,1,0,0,0,18,9,9
FLOYD COUNTY,153,71 Years,50,20,30,29,10,19,1,0,1,1,0,1,19,10,9
FLOYD COUNTY,153,72 Years,48,23,25,29,12,17,1,0,1,1,0,1,17,11,6
FLOYD COUNTY,153,73 Years,55,22,33,36,15,21,1,0,1,0,0,0,18,7,11
FLOYD COUNTY,153,74 Years,52,20,32,31,11,20,2,2,0,1,0,1,18,7,11
FLOYD COUNTY,153,75 Years,51,23,28,32,16,16,3,2,1,2,0,2,14,5,9
FLOYD COUNTY,153,76 Years,46,19,27,30,13,17,1,0,1,1,0,1,14,6,8
FLOYD COUNTY,153,77 Years,44,17,27,26,10,16,1,0,1,0,0,0,17,7,10
FLOYD COUNTY,153,78 Years,39,17,22,24,10,14,1,1,0,0,0,0,14,6,8
FLOYD COUNTY,153,79 Years,37,17,20,21,9,12,1,1,0,0,0,0,15,7,8
FLOYD COUNTY,153,80 Years,37,20,17,28,14,14,3,2,1,0,0,0,6,4,2
FLOYD COUNTY,153,81 Years,33,13,20,24,8,16,2,1,1,0,0,0,7,4,3
FLOYD COUNTY,153,82 Years,28,10,18,16,6,10,1,0,1,0,0,0,11,4,7
FLOYD COUNTY,153,83 Years,32,11,21,15,6,9,5,0,5,0,0,0,12,5,7
FLOYD COUNTY,153,84 Years,23,9,14,16,6,10,2,0,2,0,0,0,5,3,2
FLOYD COUNTY,153,85 Years +,175,71,104,134,52,82,9,2,7,0,0,0,32,17,15
FOARD COUNTY,155,All Ages,1191,576,615,941,454,487,50,18,32,9,5,4,191,99,92
FOARD COUNTY,155,< 1 Year,14,7,7,11,5,6,0,0,0,0,0,0,3,2,1
FOARD COUNTY,155,1 Years,10,5,5,7,3,4,0,0,0,0,0,0,3,2,1
FOARD COUNTY,155,2 Years,9,4,5,6,2,4,0,0,0,0,0,0,3,2,1
FOARD COUNTY,155,3 Years,14,6,8,7,3,4,3,1,2,0,0,0,4,2,2
FOARD COUNTY,155,4 Years,16,8,8,9,5,4,2,1,1,0,0,0,5,2,3
FOARD COUNTY,155,5 Years,16,8,8,8,4,4,2,1,1,0,0,0,6,3,3
FOARD COUNTY,155,6 Years,14,4,10,7,2,5,3,1,2,0,0,0,4,1,3
FOARD COUNTY,155,7 Years,11,4,7,8,3,5,1,0,1,0,0,0,2,1,1
FOARD COUNTY,155,8 Years,11,8,3,8,5,3,0,0,0,0,0,0,3,3,0
FOARD COUNTY,155,9 Years,7,3,4,6,2,4,0,0,0,0,0,0,1,1,0
FOARD COUNTY,155,10 Years,9,5,4,7,4,3,0,0,0,0,0,0,2,1,1
FOARD COUNTY,155,11 Years,13,5,8,9,4,5,0,0,0,0,0,0,4,1,3
FOARD COUNTY,155,12 Years,12,5,7,8,4,4,1,0,1,0,0,0,3,1,2
FOARD COUNTY,155,13 Years,11,6,5,7,4,3,1,0,1,1,0,1,2,2,0
FOARD COUNTY,155,14 Years,17,8,9,14,7,7,2,1,1,0,0,0,1,0,1
FOARD COUNTY,155,15 Years,15,5,10,12,4,8,2,1,1,0,0,0,1,0,1
FOARD COUNTY,155,16 Years,12,5,7,10,3,7,1,1,0,0,0,0,1,1,0
FOARD COUNTY,155,17 Years,10,5,5,6,2,4,1,1,0,0,0,0,3,2,1
FOARD COUNTY,155,18 Years,14,7,7,9,5,4,3,0,3,0,0,0,2,2,0
FOARD COUNTY,155,19 Years,11,6,5,6,3,3,1,0,1,0,0,0,4,3,1
FOARD COUNTY,155,20 Years,14,6,8,10,4,6,2,1,1,0,0,0,2,1,1
FOARD COUNTY,155,21 Years,19,9,10,13,8,5,2,0,2,0,0,0,4,1,3
FOARD COUNTY,155,22 Years,18,9,9,12,8,4,1,0,1,0,0,0,5,1,4
FOARD COUNTY,155,23 Years,16,9,7,9,7,2,1,0,1,0,0,0,6,2,4
FOARD COUNTY,155,24 Years,18,8,10,14,6,8,0,0,0,0,0,0,4,2,2
FOARD COUNTY,155,25 Years,14,4,10,11,3,8,0,0,0,0,0,0,3,1,2
FOARD COUNTY,155,26 Years,13,5,8,11,4,7,0,0,0,0,0,0,2,1,1
FOARD COUNTY,155,27 Years,13,7,6,9,6,3,2,0,2,0,0,0,2,1,1
FOARD COUNTY,155,28 Years,8,4,4,5,3,2,0,0,0,0,0,0,3,1,2
FOARD COUNTY,155,29 Years,7,2,5,5,2,3,0,0,0,1,0,1,1,0,1
FOARD COUNTY,155,30 Years,14,9,5,10,6,4,0,0,0,0,0,0,4,3,1
FOARD COUNTY,155,31 Years,12,5,7,8,3,5,0,0,0,0,0,0,4,2,2
FOARD COUNTY,155,32 Years,10,7,3,7,4,3,1,1,0,0,0,0,2,2,0
FOARD COUNTY,155,33 Years,14,9,5,10,7,3,1,0,1,0,0,0,3,2,1
FOARD COUNTY,155,34 Years,10,6,4,9,5,4,0,0,0,0,0,0,1,1,0
FOARD COUNTY,155,35 Years,7,3,4,5,1,4,0,0,0,0,0,0,2,2,0
FOARD COUNTY,155,36 Years,10,5,5,7,4,3,0,0,0,0,0,0,3,1,2
FOARD COUNTY,155,37 Years,7,4,3,5,3,2,0,0,0,0,0,0,2,1,1
FOARD COUNTY,155,38 Years,5,3,2,4,3,1,0,0,0,0,0,0,1,0,1
FOARD COUNTY,155,39 Years,7,5,2,5,3,2,0,0,0,0,0,0,2,2,0
FOARD COUNTY,155,40 Years,11,5,6,10,5,5,1,0,1,0,0,0,0,0,0
FOARD COUNTY,155,41 Years,12,6,6,10,6,4,1,0,1,0,0,0,1,0,1
FOARD COUNTY,155,42 Years,8,4,4,5,2,3,0,0,0,0,0,0,3,2,1
FOARD COUNTY,155,43 Years,7,5,2,5,3,2,0,0,0,0,0,0,2,2,0
FOARD COUNTY,155,44 Years,11,7,4,8,5,3,0,0,0,0,0,0,3,2,1
FOARD COUNTY,155,45 Years,16,7,9,14,6,8,1,0,1,0,0,0,1,1,0
FOARD COUNTY,155,46 Years,17,7,10,15,6,9,0,0,0,0,0,0,2,1,1
FOARD COUNTY,155,47 Years,12,6,6,11,6,5,0,0,0,0,0,0,1,0,1
FOARD COUNTY,155,48 Years,18,11,7,14,9,5,1,1,0,0,0,0,3,1,2
FOARD COUNTY,155,49 Years,15,9,6,11,5,6,1,1,0,0,0,0,3,3,0
FOARD COUNTY,155,50 Years,14,3,11,11,2,9,0,0,0,0,0,0,3,1,2
FOARD COUNTY,155,51 Years,14,8,6,9,4,5,1,1,0,0,0,0,4,3,1
FOARD COUNTY,155,52 Years,24,13,11,20,10,10,1,1,0,0,0,0,3,2,1
FOARD COUNTY,155,53 Years,19,10,9,13,7,6,0,0,0,0,0,0,6,3,3
FOARD COUNTY,155,54 Years,20,10,10,16,8,8,0,0,0,0,0,0,4,2,2
FOARD COUNTY,155,55 Years,21,12,9,17,11,6,1,0,1,0,0,0,3,1,2
FOARD COUNTY,155,56 Years,21,13,8,19,13,6,0,0,0,0,0,0,2,0,2
FOARD COUNTY,155,57 Years,15,9,6,14,8,6,0,0,0,0,0,0,1,1,0
FOARD COUNTY,155,58 Years,14,10,4,10,7,3,0,0,0,2,2,0,2,1,1
FOARD COUNTY,155,59 Years,21,9,12,18,7,11,0,0,0,1,1,0,2,1,1
FOARD COUNTY,155,60 Years,16,6,10,14,4,10,0,0,0,0,0,0,2,2,0
FOARD COUNTY,155,61 Years,9,4,5,6,2,4,0,0,0,0,0,0,3,2,1
FOARD COUNTY,155,62 Years,9,5,4,7,3,4,0,0,0,0,0,0,2,2,0
FOARD COUNTY,155,63 Years,15,8,7,13,7,6,0,0,0,0,0,0,2,1,1
FOARD COUNTY,155,64 Years,18,11,7,16,9,7,1,1,0,1,1,0,0,0,0
FOARD COUNTY,155,65 Years,21,12,9,18,10,8,0,0,0,1,1,0,2,1,1
FOARD COUNTY,155,66 Years,15,7,8,13,6,7,1,1,0,0,0,0,1,0,1
FOARD COUNTY,155,67 Years,16,9,7,15,9,6,0,0,0,0,0,0,1,0,1
FOARD COUNTY,155,68 Years,18,9,9,16,9,7,0,0,0,0,0,0,2,0,2
FOARD COUNTY,155,69 Years,16,7,9,16,7,9,0,0,0,0,0,0,0,0,0
FOARD COUNTY,155,70 Years,15,7,8,15,7,8,0,0,0,0,0,0,0,0,0
FOARD COUNTY,155,71 Years,16,6,10,12,5,7,0,0,0,1,0,1,3,1,2
FOARD COUNTY,155,72 Years,15,7,8,12,5,7,1,1,0,0,0,0,2,1,1
FOARD COUNTY,155,73 Years,15,8,7,13,7,6,0,0,0,0,0,0,2,1,1
FOARD COUNTY,155,74 Years,13,7,6,12,7,5,0,0,0,0,0,0,1,0,1
FOARD COUNTY,155,75 Years,15,8,7,13,7,6,0,0,0,0,0,0,2,1,1
FOARD COUNTY,155,76 Years,15,6,9,15,6,9,0,0,0,0,0,0,0,0,0
FOARD COUNTY,155,77 Years,18,6,12,16,6,10,2,0,2,0,0,0,0,0,0
FOARD COUNTY,155,78 Years,12,2,10,10,2,8,1,0,1,0,0,0,1,0,1
FOARD COUNTY,155,79 Years,14,5,9,11,4,7,1,1,0,1,0,1,1,0,1
FOARD COUNTY,155,80 Years,13,6,7,12,6,6,0,0,0,0,0,0,1,0,1
FOARD COUNTY,155,81 Years,11,6,5,11,6,5,0,0,0,0,0,0,0,0,0
FOARD COUNTY,155,82 Years,9,4,5,9,4,5,0,0,0,0,0,0,0,0,0
FOARD COUNTY,155,83 Years,10,5,5,9,4,5,0,0,0,0,0,0,1,1,0
FOARD COUNTY,155,84 Years,8,2,6,8,2,6,0,0,0,0,0,0,0,0,0
FOARD COUNTY,155,85 Years +,47,16,31,45,16,29,2,0,2,0,0,0,0,0,0
FORT BEND COUNTY,157,All Ages,744199,363586,380613,235981,116355,119626,158245,74251,83994,157889,77999,79890,192084,94981,97103
FORT BEND COUNTY,157,< 1 Year,8903,4497,4406,2327,1167,1160,1786,897,889,2227,1132,1095,2563,1301,1262
FORT BEND COUNTY,157,1 Years,8811,4478,4333,2378,1198,1180,1749,882,867,2150,1123,1027,2534,1275,1259
FORT BEND COUNTY,157,2 Years,8504,4360,4144,2396,1220,1176,1652,843,809,1994,1057,937,2462,1240,1222
FORT BEND COUNTY,157,3 Years,8192,4215,3977,2350,1184,1166,1526,785,741,1911,1026,885,2405,1220,1185
FORT BEND COUNTY,157,4 Years,7989,4113,3876,2287,1163,1124,1463,758,705,1865,981,884,2374,1211,1163
FORT BEND COUNTY,157,5 Years,8224,4231,3993,2255,1155,1100,1505,769,736,1924,1010,914,2540,1297,1243
FORT BEND COUNTY,157,6 Years,8959,4607,4352,2460,1304,1156,1676,835,841,2052,1071,981,2771,1397,1374
FORT BEND COUNTY,157,7 Years,10504,5352,5152,2925,1487,1438,2060,1031,1029,2371,1251,1120,3148,1583,1565
FORT BEND COUNTY,157,8 Years,11289,5743,5546,3089,1538,1551,2276,1152,1124,2593,1357,1236,3331,1696,1635
FORT BEND COUNTY,157,9 Years,12052,6108,5944,3325,1645,1680,2458,1250,1208,2666,1391,1275,3603,1822,1781
FORT BEND COUNTY,157,10 Years,12648,6472,6176,3576,1808,1768,2614,1350,1264,2636,1366,1270,3822,1948,1874
FORT BEND COUNTY,157,11 Years,13148,6684,6464,3675,1834,1841,2779,1407,1372,2614,1357,1257,4080,2086,1994
FORT BEND COUNTY,157,12 Years,13556,6874,6682,3736,1809,1927,2985,1536,1449,2605,1363,1242,4230,2166,2064
FORT BEND COUNTY,157,13 Years,13664,6970,6694,3684,1787,1897,3116,1645,1471,2522,1322,1200,4342,2216,2126
FORT BEND COUNTY,157,14 Years,13697,7092,6605,3640,1835,1805,3209,1669,1540,2482,1344,1138,4366,2244,2122
FORT BEND COUNTY,157,15 Years,13958,7221,6737,3595,1838,1757,3394,1731,1663,2628,1410,1218,4341,2242,2099
FORT BEND COUNTY,157,16 Years,14033,7242,6791,3601,1877,1724,3469,1764,1705,2648,1371,1277,4315,2230,2085
FORT BEND COUNTY,157,17 Years,13780,7041,6739,3414,1746,1668,3494,1765,1729,2675,1371,1304,4197,2159,2038
FORT BEND COUNTY,157,18 Years,13094,6768,6326,3150,1616,1534,3364,1707,1657,2673,1396,1277,3907,2049,1858
FORT BEND COUNTY,157,19 Years,11887,6226,5661,2809,1459,1350,3048,1587,1461,2489,1313,1176,3541,1867,1674
FORT BEND COUNTY,157,20 Years,11238,5892,5346,2626,1369,1257,2879,1486,1393,2352,1244,1108,3381,1793,1588
FORT BEND COUNTY,157,21 Years,10672,5536,5136,2424,1238,1186,2753,1391,1362,2237,1159,1078,3258,1748,1510
FORT BEND COUNTY,157,22 Years,10324,5329,4995,2405,1197,1208,2653,1367,1286,2132,1101,1031,3134,1664,1470
FORT BEND COUNTY,157,23 Years,10033,5281,4752,2422,1236,1186,2561,1346,1215,2056,1090,966,2994,1609,1385
FORT BEND COUNTY,157,24 Years,9048,4792,4256,2287,1186,1101,2279,1189,1090,1756,924,832,2726,1493,1233
FORT BEND COUNTY,157,25 Years,7613,4014,3599,1698,873,825,1951,1034,917,1470,738,732,2494,1369,1125
FORT BEND COUNTY,157,26 Years,6962,3624,3338,1458,752,706,1736,904,832,1409,700,709,2359,1268,1091
FORT BEND COUNTY,157,27 Years,6584,3431,3153,1444,743,701,1563,808,755,1355,691,664,2222,1189,1033
FORT BEND COUNTY,157,28 Years,6435,3273,3162,1539,775,764,1390,664,726,1364,681,683,2142,1153,989
FORT BEND COUNTY,157,29 Years,6728,3388,3340,1745,860,885,1358,667,691,1402,710,692,2223,1151,1072
FORT BEND COUNTY,157,30 Years,7146,3578,3568,1959,998,961,1384,672,712,1446,717,729,2357,1191,1166
FORT BEND COUNTY,157,31 Years,7672,3730,3942,2227,1097,1130,1442,675,767,1549,788,761,2454,1170,1284
FORT BEND COUNTY,157,32 Years,7936,3743,4193,2324,1115,1209,1486,673,813,1572,767,805,2554,1188,1366
FORT BEND COUNTY,157,33 Years,8725,4134,4591,2636,1277,1359,1644,751,893,1604,772,832,2841,1334,1507
FORT BEND COUNTY,157,34 Years,9214,4358,4856,2835,1364,1471,1728,770,958,1677,805,872,2974,1419,1555
FORT BEND COUNTY,157,35 Years,9672,4498,5174,2960,1423,1537,1908,826,1082,1733,803,930,3071,1446,1625
FORT BEND COUNTY,157,36 Years,9937,4534,5403,3004,1430,1574,2033,850,1183,1831,802,1029,3069,1452,1617
FORT BEND COUNTY,157,37 Years,9905,4496,5409,3003,1410,1593,1957,798,1159,1896,817,1079,3049,1471,1578
FORT BEND COUNTY,157,38 Years,10194,4638,5556,3083,1456,1627,1978,815,1163,1993,856,1137,3140,1511,1629
FORT BEND COUNTY,157,39 Years,10614,4784,5830,3186,1517,1669,2107,875,1232,2095,877,1218,3226,1515,1711
FORT BEND COUNTY,157,40 Years,11089,5001,6088,3280,1557,1723,2221,910,1311,2223,948,1275,3365,1586,1779
FORT BEND COUNTY,157,41 Years,11670,5244,6426,3498,1648,1850,2391,978,1413,2391,1018,1373,3390,1600,1790
FORT BEND COUNTY,157,42 Years,11905,5368,6537,3542,1712,1830,2654,1086,1568,2469,1069,1400,3240,1501,1739
FORT BEND COUNTY,157,43 Years,12402,5636,6766,3707,1803,1904,2887,1186,1701,2536,1139,1397,3272,1508,1764
FORT BEND COUNTY,157,44 Years,12819,5840,6979,3948,1903,2045,3002,1258,1744,2619,1173,1446,3250,1506,1744
FORT BEND COUNTY,157,45 Years,12970,5995,6975,4105,1994,2111,3019,1287,1732,2704,1242,1462,3142,1472,1670
FORT BEND COUNTY,157,46 Years,12606,5838,6768,4028,1941,2087,2855,1223,1632,2716,1261,1455,3007,1413,1594
FORT BEND COUNTY,157,47 Years,11920,5594,6326,3778,1837,1941,2696,1189,1507,2675,1251,1424,2771,1317,1454
FORT BEND COUNTY,157,48 Years,11383,5420,5963,3618,1824,1794,2554,1141,1413,2604,1223,1381,2607,1232,1375
FORT BEND COUNTY,157,49 Years,11165,5402,5763,3570,1802,1768,2446,1124,1322,2672,1292,1380,2477,1184,1293
FORT BEND COUNTY,157,50 Years,11036,5365,5671,3512,1762,1750,2388,1102,1286,2691,1328,1363,2445,1173,1272
FORT BEND COUNTY,157,51 Years,11000,5345,5655,3642,1829,1813,2362,1064,1298,2616,1304,1312,2380,1148,1232
FORT BEND COUNTY,157,52 Years,10914,5210,5704,3666,1783,1883,2317,1015,1302,2653,1331,1322,2278,1081,1197
FORT BEND COUNTY,157,53 Years,10820,5264,5556,3799,1914,1885,2258,1025,1233,2615,1307,1308,2148,1018,1130
FORT BEND COUNTY,157,54 Years,10446,5094,5352,3879,1924,1955,2162,999,1163,2397,1200,1197,2008,971,1037
FORT BEND COUNTY,157,55 Years,10400,4999,5401,3967,1929,2038,2199,1025,1174,2350,1147,1203,1884,898,986
FORT BEND COUNTY,157,56 Years,10538,5154,5384,4211,2097,2114,2194,1036,1158,2285,1110,1175,1848,911,937
FORT BEND COUNTY,157,57 Years,10328,5009,5319,4335,2138,2197,2090,957,1133,2155,1055,1100,1748,859,889
FORT BEND COUNTY,157,58 Years,10067,4888,5179,4305,2171,2134,2045,914,1131,2058,1010,1048,1659,793,866
FORT BEND COUNTY,157,59 Years,9734,4763,4971,4217,2153,2064,1971,892,1079,1985,966,1019,1561,752,809
FORT BEND COUNTY,157,60 Years,9291,4607,4684,3928,2016,1912,1905,888,1017,1970,970,1000,1488,733,755
FORT BEND COUNTY,157,61 Years,8777,4250,4527,3696,1842,1854,1882,859,1023,1832,903,929,1367,646,721
FORT BEND COUNTY,157,62 Years,8099,3906,4193,3439,1734,1705,1710,737,973,1697,856,841,1253,579,674
FORT BEND COUNTY,157,63 Years,7788,3745,4043,3312,1654,1658,1621,695,926,1684,836,848,1171,560,611
FORT BEND COUNTY,157,64 Years,7411,3530,3881,3200,1634,1566,1546,628,918,1564,735,829,1101,533,568
FORT BEND COUNTY,157,65 Years,6872,3282,3590,2911,1459,1452,1427,620,807,1546,727,819,988,476,512
FORT BEND COUNTY,157,66 Years,6598,3174,3424,2745,1374,1371,1393,617,776,1508,725,783,952,458,494
FORT BEND COUNTY,157,67 Years,6139,2925,3214,2567,1285,1282,1309,559,750,1391,669,722,872,412,460
FORT BEND COUNTY,157,68 Years,5875,2779,3096,2579,1283,1296,1161,501,660,1311,632,679,824,363,461
FORT BEND COUNTY,157,69 Years,5565,2650,2915,2576,1289,1287,991,419,572,1228,601,627,770,341,429
FORT BEND COUNTY,157,70 Years,4540,2151,2389,1960,967,993,784,341,443,1109,538,571,687,305,382
FORT BEND COUNTY,157,71 Years,4088,1907,2181,1770,852,918,688,287,401,1035,505,530,595,263,332
FORT BEND COUNTY,157,72 Years,3815,1790,2025,1739,852,887,627,246,381,923,470,453,526,222,304
FORT BEND COUNTY,157,73 Years,3486,1669,1817,1611,790,821,541,226,315,849,446,403,485,207,278
FORT BEND COUNTY,157,74 Years,3024,1439,1585,1367,658,709,460,195,265,769,388,381,428,198,230
FORT BEND COUNTY,157,75 Years,2722,1254,1468,1197,561,636,415,171,244,698,342,356,412,180,232
FORT BEND COUNTY,157,76 Years,2485,1163,1322,1109,518,591,358,147,211,631,332,299,387,166,221
FORT BEND COUNTY,157,77 Years,2227,1017,1210,1022,471,551,329,133,196,542,285,257,334,128,206
FORT BEND COUNTY,157,78 Years,1999,881,1118,916,410,506,288,104,184,478,240,238,317,127,190
FORT BEND COUNTY,157,79 Years,1766,759,1007,807,365,442,240,83,157,433,207,226,286,104,182
FORT BEND COUNTY,157,80 Years,1653,691,962,783,340,443,208,76,132,397,182,215,265,93,172
FORT BEND COUNTY,157,81 Years,1456,622,834,714,300,414,181,68,113,331,160,171,230,94,136
FORT BEND COUNTY,157,82 Years,1271,526,745,642,256,386,172,62,110,264,133,131,193,75,118
FORT BEND COUNTY,157,83 Years,1202,479,723,628,246,382,153,49,104,238,113,125,183,71,112
FORT BEND COUNTY,157,84 Years,1081,430,651,597,232,365,115,37,78,196,94,102,173,67,106
FORT BEND COUNTY,157,85 Years +,6213,2184,4029,3622,1260,2362,617,168,449,1197,482,715,777,274,503
FRANKLIN COUNTY,159,All Ages,10757,5505,5252,8340,4242,4098,432,219,213,291,120,171,1694,924,770
FRANKLIN COUNTY,159,< 1 Year,114,65,49,72,40,32,5,3,2,7,3,4,30,19,11
FRANKLIN COUNTY,159,1 Years,108,61,47,67,37,30,6,3,3,6,3,3,29,18,11
FRANKLIN COUNTY,159,2 Years,117,63,54,71,38,33,8,5,3,7,3,4,31,17,14
FRANKLIN COUNTY,159,3 Years,105,51,54,61,30,31,7,4,3,6,2,4,31,15,16
FRANKLIN COUNTY,159,4 Years,117,58,59,68,33,35,6,4,2,7,2,5,36,19,17
FRANKLIN COUNTY,159,5 Years,125,59,66,66,32,34,4,2,2,6,2,4,49,23,26
FRANKLIN COUNTY,159,6 Years,152,73,79,90,42,48,7,3,4,7,6,1,48,22,26
FRANKLIN COUNTY,159,7 Years,142,75,67,89,50,39,2,1,1,5,3,2,46,21,25
FRANKLIN COUNTY,159,8 Years,143,81,62,84,50,34,5,2,3,5,2,3,49,27,22
FRANKLIN COUNTY,159,9 Years,160,86,74,99,50,49,8,4,4,4,2,2,49,30,19
FRANKLIN COUNTY,159,10 Years,146,75,71,95,48,47,5,1,4,7,3,4,39,23,16
FRANKLIN COUNTY,159,11 Years,178,98,80,118,67,51,7,4,3,11,5,6,42,22,20
FRANKLIN COUNTY,159,12 Years,176,106,70,113,72,41,10,6,4,10,5,5,43,23,20
FRANKLIN COUNTY,159,13 Years,139,80,59,91,56,35,9,6,3,3,1,2,36,17,19
FRANKLIN COUNTY,159,14 Years,165,95,70,118,69,49,8,6,2,4,1,3,35,19,16
FRANKLIN COUNTY,159,15 Years,158,92,66,112,66,46,10,5,5,6,2,4,30,19,11
FRANKLIN COUNTY,159,16 Years,156,82,74,107,61,46,14,6,8,4,2,2,31,13,18
FRANKLIN COUNTY,159,17 Years,148,73,75,104,57,47,7,3,4,4,1,3,33,12,21
FRANKLIN COUNTY,159,18 Years,140,75,65,98,57,41,4,2,2,6,1,5,32,15,17
FRANKLIN COUNTY,159,19 Years,135,75,60,92,52,40,4,2,2,8,3,5,31,18,13
FRANKLIN COUNTY,159,20 Years,123,70,53,88,49,39,4,3,1,2,1,1,29,17,12
FRANKLIN COUNTY,159,21 Years,126,63,63,84,41,43,7,3,4,7,4,3,28,15,13
FRANKLIN COUNTY,159,22 Years,134,70,64,89,49,40,6,2,4,4,1,3,35,18,17
FRANKLIN COUNTY,159,23 Years,146,80,66,95,50,45,7,4,3,3,2,1,41,24,17
FRANKLIN COUNTY,159,24 Years,146,75,71,95,46,49,8,6,2,6,3,3,37,20,17
FRANKLIN COUNTY,159,25 Years,133,70,63,87,43,44,8,6,2,4,2,2,34,19,15
FRANKLIN COUNTY,159,26 Years,133,71,62,92,47,45,7,4,3,3,1,2,31,19,12
FRANKLIN COUNTY,159,27 Years,123,64,59,92,47,45,3,1,2,3,1,2,25,15,10
FRANKLIN COUNTY,159,28 Years,125,64,61,90,44,46,4,1,3,4,2,2,27,17,10
FRANKLIN COUNTY,159,29 Years,115,59,56,80,41,39,3,1,2,2,2,0,30,15,15
FRANKLIN COUNTY,159,30 Years,110,51,59,78,35,43,3,2,1,2,1,1,27,13,14
FRANKLIN COUNTY,159,31 Years,98,48,50,71,34,37,3,1,2,1,1,0,23,12,11
FRANKLIN COUNTY,159,32 Years,86,43,43,63,29,34,5,2,3,1,1,0,17,11,6
FRANKLIN COUNTY,159,33 Years,90,46,44,64,29,35,8,5,3,1,0,1,17,12,5
FRANKLIN COUNTY,159,34 Years,100,47,53,71,33,38,5,2,3,1,0,1,23,12,11
FRANKLIN COUNTY,159,35 Years,91,47,44,72,34,38,1,0,1,1,0,1,17,13,4
FRANKLIN COUNTY,159,36 Years,112,52,60,87,37,50,8,3,5,2,1,1,15,11,4
FRANKLIN COUNTY,159,37 Years,96,49,47,70,35,35,7,4,3,3,0,3,16,10,6
FRANKLIN COUNTY,159,38 Years,96,54,42,67,36,31,6,4,2,3,2,1,20,12,8
FRANKLIN COUNTY,159,39 Years,97,43,54,70,32,38,7,3,4,4,1,3,16,7,9
FRANKLIN COUNTY,159,40 Years,93,47,46,70,35,35,7,4,3,1,0,1,15,8,7
FRANKLIN COUNTY,159,41 Years,101,43,58,78,35,43,4,2,2,2,0,2,17,6,11
FRANKLIN COUNTY,159,42 Years,96,48,48,75,39,36,3,1,2,1,0,1,17,8,9
FRANKLIN COUNTY,159,43 Years,113,60,53,87,46,41,4,1,3,5,2,3,17,11,6
FRANKLIN COUNTY,159,44 Years,116,59,57,89,48,41,3,0,3,2,0,2,22,11,11
FRANKLIN COUNTY,159,45 Years,123,66,57,95,51,44,4,3,1,3,1,2,21,11,10
FRANKLIN COUNTY,159,46 Years,121,67,54,93,53,40,7,3,4,4,2,2,17,9,8
FRANKLIN COUNTY,159,47 Years,133,76,57,112,64,48,6,4,2,5,3,2,10,5,5
FRANKLIN COUNTY,159,48 Years,121,68,53,97,53,44,5,3,2,2,1,1,17,11,6
FRANKLIN COUNTY,159,49 Years,115,56,59,87,43,44,6,2,4,2,0,2,20,11,9
FRANKLIN COUNTY,159,50 Years,127,60,67,103,50,53,5,1,4,3,3,0,16,6,10
FRANKLIN COUNTY,159,51 Years,145,70,75,119,59,60,4,1,3,3,1,2,19,9,10
FRANKLIN COUNTY,159,52 Years,152,72,80,124,53,71,4,4,0,5,2,3,19,13,6
FRANKLIN COUNTY,159,53 Years,159,91,68,133,71,62,5,5,0,3,2,1,18,13,5
FRANKLIN COUNTY,159,54 Years,148,80,68,122,62,60,5,3,2,4,2,2,17,13,4
FRANKLIN COUNTY,159,55 Years,144,75,69,123,61,62,6,4,2,1,1,0,14,9,5
FRANKLIN COUNTY,159,56 Years,146,72,74,122,61,61,5,2,3,5,2,3,14,7,7
FRANKLIN COUNTY,159,57 Years,154,76,78,129,62,67,6,3,3,3,2,1,16,9,7
FRANKLIN COUNTY,159,58 Years,145,71,74,127,61,66,3,1,2,4,2,2,11,7,4
FRANKLIN COUNTY,159,59 Years,149,73,76,127,62,65,7,3,4,3,1,2,12,7,5
FRANKLIN COUNTY,159,60 Years,141,72,69,123,63,60,9,4,5,0,0,0,9,5,4
FRANKLIN COUNTY,159,61 Years,140,75,65,120,64,56,10,6,4,2,0,2,8,5,3
FRANKLIN COUNTY,159,62 Years,134,66,68,122,61,61,3,2,1,1,0,1,8,3,5
FRANKLIN COUNTY,159,63 Years,146,67,79,130,62,68,4,2,2,4,1,3,8,2,6
FRANKLIN COUNTY,159,64 Years,159,71,88,143,66,77,5,3,2,2,0,2,9,2,7
FRANKLIN COUNTY,159,65 Years,152,78,74,136,72,64,4,1,3,3,1,2,9,4,5
FRANKLIN COUNTY,159,66 Years,149,85,64,136,78,58,4,2,2,3,1,2,6,4,2
FRANKLIN COUNTY,159,67 Years,154,85,69,143,79,64,2,1,1,3,1,2,6,4,2
FRANKLIN COUNTY,159,68 Years,152,73,79,143,70,73,3,1,2,3,0,3,3,2,1
FRANKLIN COUNTY,159,69 Years,151,68,83,142,61,81,1,1,0,2,0,2,6,6,0
FRANKLIN COUNTY,159,70 Years,134,66,68,122,57,65,2,1,1,3,2,1,7,6,1
FRANKLIN COUNTY,159,71 Years,106,57,49,99,54,45,1,0,1,2,1,1,4,2,2
FRANKLIN COUNTY,159,72 Years,120,60,60,109,56,53,3,2,1,4,1,3,4,1,3
FRANKLIN COUNTY,159,73 Years,117,56,61,112,54,58,3,1,2,1,0,1,1,1,0
FRANKLIN COUNTY,159,74 Years,104,50,54,101,48,53,1,0,1,1,1,0,1,1,0
FRANKLIN COUNTY,159,75 Years,93,51,42,85,46,39,3,1,2,2,1,1,3,3,0
FRANKLIN COUNTY,159,76 Years,83,44,39,76,40,36,1,1,0,3,2,1,3,1,2
FRANKLIN COUNTY,159,77 Years,86,41,45,83,40,43,3,1,2,0,0,0,0,0,0
FRANKLIN COUNTY,159,78 Years,94,42,52,86,38,48,6,3,3,2,1,1,0,0,0
FRANKLIN COUNTY,159,79 Years,81,36,45,74,34,40,5,2,3,1,0,1,1,0,1
FRANKLIN COUNTY,159,80 Years,66,29,37,59,26,33,2,1,1,1,0,1,4,2,2
FRANKLIN COUNTY,159,81 Years,65,33,32,61,31,30,1,1,0,1,0,1,2,1,1
FRANKLIN COUNTY,159,82 Years,59,28,31,59,28,31,0,0,0,0,0,0,0,0,0
FRANKLIN COUNTY,159,83 Years,50,19,31,48,19,29,1,0,1,0,0,0,1,0,1
FRANKLIN COUNTY,159,84 Years,43,19,24,42,19,23,0,0,0,0,0,0,1,0,1
FRANKLIN COUNTY,159,85 Years +,273,115,158,254,109,145,10,3,7,6,2,4,3,1,2
FREESTONE COUNTY,161,All Ages,20131,10594,9537,13409,6818,6591,3249,1783,1466,332,175,157,3141,1818,1323
FREESTONE COUNTY,161,< 1 Year,219,110,109,111,59,52,40,20,20,6,3,3,62,28,34
FREESTONE COUNTY,161,1 Years,215,105,110,111,59,52,41,17,24,6,2,4,57,27,30
FREESTONE COUNTY,161,2 Years,218,108,110,115,62,53,42,18,24,7,2,5,54,26,28
FREESTONE COUNTY,161,3 Years,226,113,113,119,61,58,45,19,26,5,3,2,57,30,27
FREESTONE COUNTY,161,4 Years,237,121,116,127,67,60,44,20,24,5,3,2,61,31,30
FREESTONE COUNTY,161,5 Years,241,117,124,131,66,65,45,19,26,5,3,2,60,29,31
FREESTONE COUNTY,161,6 Years,250,117,133,141,65,76,44,20,24,6,2,4,59,30,29
FREESTONE COUNTY,161,7 Years,233,120,113,132,69,63,37,17,20,5,2,3,59,32,27
FREESTONE COUNTY,161,8 Years,258,146,112,164,95,69,33,20,13,8,4,4,53,27,26
FREESTONE COUNTY,161,9 Years,258,137,121,158,89,69,41,22,19,10,5,5,49,21,28
FREESTONE COUNTY,161,10 Years,254,132,122,148,77,71,37,20,17,8,6,2,61,29,32
FREESTONE COUNTY,161,11 Years,263,129,134,155,73,82,27,13,14,8,4,4,73,39,34
FREESTONE COUNTY,161,12 Years,265,122,143,159,77,82,30,11,19,4,3,1,72,31,41
FREESTONE COUNTY,161,13 Years,267,128,139,164,83,81,31,14,17,5,3,2,67,28,39
FREESTONE COUNTY,161,14 Years,292,155,137,179,93,86,41,27,14,8,5,3,64,30,34
FREESTONE COUNTY,161,15 Years,298,159,139,181,96,85,44,25,19,7,5,2,66,33,33
FREESTONE COUNTY,161,16 Years,282,149,133,176,92,84,46,25,21,3,3,0,57,29,28
FREESTONE COUNTY,161,17 Years,255,142,113,165,88,77,35,21,14,3,2,1,52,31,21
FREESTONE COUNTY,161,18 Years,234,124,110,149,77,72,38,22,16,7,4,3,40,21,19
FREESTONE COUNTY,161,19 Years,218,113,105,136,74,62,36,20,16,4,1,3,42,18,24
FREESTONE COUNTY,161,20 Years,217,118,99,126,68,58,32,17,15,5,4,1,54,29,25
FREESTONE COUNTY,161,21 Years,218,113,105,136,66,70,36,20,16,3,2,1,43,25,18
FREESTONE COUNTY,161,22 Years,235,124,111,146,75,71,37,16,21,3,1,2,49,32,17
FREESTONE COUNTY,161,23 Years,225,125,100,130,70,60,39,18,21,4,1,3,52,36,16
FREESTONE COUNTY,161,24 Years,226,118,108,135,66,69,41,21,20,4,2,2,46,29,17
FREESTONE COUNTY,161,25 Years,192,101,91,115,59,56,26,13,13,3,1,2,48,28,20
FREESTONE COUNTY,161,26 Years,203,114,89,114,64,50,30,18,12,3,1,2,56,31,25
FREESTONE COUNTY,161,27 Years,220,141,79,120,76,44,44,30,14,4,1,3,52,34,18
FREESTONE COUNTY,161,28 Years,223,123,100,126,69,57,41,22,19,4,1,3,52,31,21
FREESTONE COUNTY,161,29 Years,211,118,93,114,59,55,45,25,20,3,2,1,49,32,17
FREESTONE COUNTY,161,30 Years,216,122,94,113,57,56,50,31,19,5,2,3,48,32,16
FREESTONE COUNTY,161,31 Years,206,123,83,119,69,50,36,25,11,4,1,3,47,28,19
FREESTONE COUNTY,161,32 Years,216,133,83,124,69,55,37,29,8,2,1,1,53,34,19
FREESTONE COUNTY,161,33 Years,218,125,93,124,68,56,31,18,13,3,3,0,60,36,24
FREESTONE COUNTY,161,34 Years,238,127,111,133,63,70,36,22,14,4,3,1,65,39,26
FREESTONE COUNTY,161,35 Years,248,140,108,150,75,75,31,19,12,3,2,1,64,44,20
FREESTONE COUNTY,161,36 Years,254,145,109,154,82,72,39,20,19,2,2,0,59,41,18
FREESTONE COUNTY,161,37 Years,243,135,108,140,76,64,44,23,21,1,1,0,58,35,23
FREESTONE COUNTY,161,38 Years,266,162,104,162,92,70,48,29,19,4,3,1,52,38,14
FREESTONE COUNTY,161,39 Years,251,156,95,159,92,67,40,25,15,3,2,1,49,37,12
FREESTONE COUNTY,161,40 Years,246,150,96,153,85,68,41,32,9,2,1,1,50,32,18
FREESTONE COUNTY,161,41 Years,243,145,98,149,81,68,39,28,11,3,2,1,52,34,18
FREESTONE COUNTY,161,42 Years,241,144,97,155,88,67,35,27,8,5,3,2,46,26,20
FREESTONE COUNTY,161,43 Years,246,165,81,156,100,56,37,28,9,4,3,1,49,34,15
FREESTONE COUNTY,161,44 Years,262,145,117,163,84,79,39,26,13,6,3,3,54,32,22
FREESTONE COUNTY,161,45 Years,308,174,134,198,100,98,56,40,16,3,1,2,51,33,18
FREESTONE COUNTY,161,46 Years,301,167,134,212,109,103,41,27,14,3,1,2,45,30,15
FREESTONE COUNTY,161,47 Years,279,163,116,191,104,87,52,37,15,3,1,2,33,21,12
FREESTONE COUNTY,161,48 Years,248,160,88,167,98,69,38,28,10,1,1,0,42,33,9
FREESTONE COUNTY,161,49 Years,235,130,105,152,74,78,46,30,16,3,2,1,34,24,10
FREESTONE COUNTY,161,50 Years,243,130,113,161,79,82,39,23,16,6,4,2,37,24,13
FREESTONE COUNTY,161,51 Years,259,131,128,180,89,91,45,23,22,6,2,4,28,17,11
FREESTONE COUNTY,161,52 Years,269,147,122,190,102,88,50,28,22,2,1,1,27,16,11
FREESTONE COUNTY,161,53 Years,250,137,113,180,95,85,42,26,16,3,0,3,25,16,9
FREESTONE COUNTY,161,54 Years,266,130,136,183,87,96,51,29,22,3,1,2,29,13,16
FREESTONE COUNTY,161,55 Years,265,133,132,186,87,99,54,32,22,4,4,0,21,10,11
FREESTONE COUNTY,161,56 Years,295,157,138,212,112,100,52,26,26,4,3,1,27,16,11
FREESTONE COUNTY,161,57 Years,275,148,127,197,101,96,54,32,22,4,3,1,20,12,8
FREESTONE COUNTY,161,58 Years,274,138,136,203,101,102,50,25,25,4,3,1,17,9,8
FREESTONE COUNTY,161,59 Years,278,153,125,196,103,93,54,32,22,5,3,2,23,15,8
FREESTONE COUNTY,161,60 Years,286,151,135,205,108,97,54,27,27,2,1,1,25,15,10
FREESTONE COUNTY,161,61 Years,289,150,139,216,112,104,51,27,24,3,1,2,19,10,9
FREESTONE COUNTY,161,62 Years,287,153,134,224,115,109,45,27,18,5,3,2,13,8,5
FREESTONE COUNTY,161,63 Years,296,148,148,227,111,116,49,22,27,5,3,2,15,12,3
FREESTONE COUNTY,161,64 Years,265,133,132,206,101,105,44,20,24,1,1,0,14,11,3
FREESTONE COUNTY,161,65 Years,246,127,119,191,93,98,39,21,18,1,1,0,15,12,3
FREESTONE COUNTY,161,66 Years,277,134,143,213,102,111,45,24,21,5,1,4,14,7,7
FREESTONE COUNTY,161,67 Years,271,121,150,221,95,126,36,19,17,3,1,2,11,6,5
FREESTONE COUNTY,161,68 Years,267,121,146,223,98,125,33,17,16,4,2,2,7,4,3
FREESTONE COUNTY,161,69 Years,266,132,134,217,108,109,36,18,18,5,3,2,8,3,5
FREESTONE COUNTY,161,70 Years,209,95,114,162,74,88,35,13,22,3,2,1,9,6,3
FREESTONE COUNTY,161,71 Years,205,90,115,162,73,89,29,10,19,5,2,3,9,5,4
FREESTONE COUNTY,161,72 Years,219,97,122,178,78,100,29,12,17,3,1,2,9,6,3
FREESTONE COUNTY,161,73 Years,214,101,113,178,81,97,27,13,14,2,1,1,7,6,1
FREESTONE COUNTY,161,74 Years,197,94,103,166,76,90,23,12,11,2,1,1,6,5,1
FREESTONE COUNTY,161,75 Years,162,83,79,139,71,68,19,10,9,2,1,1,2,1,1
FREESTONE COUNTY,161,76 Years,146,75,71,123,64,59,18,9,9,3,1,2,2,1,1
FREESTONE COUNTY,161,77 Years,145,70,75,122,61,61,17,7,10,3,1,2,3,1,2
FREESTONE COUNTY,161,78 Years,136,65,71,114,56,58,19,8,11,1,0,1,2,1,1
FREESTONE COUNTY,161,79 Years,119,58,61,99,49,50,18,8,10,1,1,0,1,0,1
FREESTONE COUNTY,161,80 Years,115,52,63,96,43,53,15,7,8,1,0,1,3,2,1
FREESTONE COUNTY,161,81 Years,103,47,56,84,37,47,14,6,8,2,2,0,3,2,1
FREESTONE COUNTY,161,82 Years,88,40,48,73,33,40,13,5,8,0,0,0,2,2,0
FREESTONE COUNTY,161,83 Years,77,27,50,62,22,40,12,5,7,2,0,2,1,0,1
FREESTONE COUNTY,161,84 Years,67,28,39,53,23,30,12,5,7,2,0,2,0,0,0
FREESTONE COUNTY,161,85 Years +,387,145,242,310,118,192,62,21,41,5,2,3,10,4,6
FRIO COUNTY,163,All Ages,18822,10990,7832,2901,1558,1343,525,486,39,576,482,94,14820,8464,6356
FRIO COUNTY,163,< 1 Year,242,119,123,27,13,14,0,0,0,2,1,1,213,105,108
FRIO COUNTY,163,1 Years,248,121,127,28,13,15,0,0,0,2,1,1,218,107,111
FRIO COUNTY,163,2 Years,254,126,128,31,16,15,2,1,1,3,1,2,218,108,110
FRIO COUNTY,163,3 Years,256,130,126,35,20,15,2,1,1,3,1,2,216,108,108
FRIO COUNTY,163,4 Years,247,124,123,33,17,16,0,0,0,4,2,2,210,105,105
FRIO COUNTY,163,5 Years,239,122,117,32,18,14,0,0,0,2,1,1,205,103,102
FRIO COUNTY,163,6 Years,239,123,116,28,14,14,0,0,0,1,1,0,210,108,102
FRIO COUNTY,163,7 Years,222,117,105,21,11,10,0,0,0,2,0,2,199,106,93
FRIO COUNTY,163,8 Years,238,137,101,23,12,11,0,0,0,2,0,2,213,125,88
FRIO COUNTY,163,9 Years,235,120,115,26,12,14,1,1,0,3,1,2,205,106,99
FRIO COUNTY,163,10 Years,248,128,120,22,12,10,1,0,1,2,0,2,223,116,107
FRIO COUNTY,163,11 Years,236,119,117,20,11,9,1,0,1,3,2,1,212,106,106
FRIO COUNTY,163,12 Years,212,108,104,21,9,12,0,0,0,2,2,0,189,97,92
FRIO COUNTY,163,13 Years,225,115,110,27,10,17,0,0,0,3,2,1,195,103,92
FRIO COUNTY,163,14 Years,253,118,135,28,17,11,1,0,1,2,1,1,222,100,122
FRIO COUNTY,163,15 Years,260,134,126,23,12,11,1,0,1,2,1,1,234,121,113
FRIO COUNTY,163,16 Years,265,135,130,30,16,14,1,1,0,2,2,0,232,116,116
FRIO COUNTY,163,17 Years,238,117,121,24,12,12,0,0,0,3,1,2,211,104,107
FRIO COUNTY,163,18 Years,238,132,106,22,13,9,6,5,1,3,1,2,207,113,94
FRIO COUNTY,163,19 Years,245,149,96,22,12,10,7,6,1,12,11,1,204,120,84
FRIO COUNTY,163,20 Years,256,164,92,22,16,6,13,13,0,10,8,2,211,127,84
FRIO COUNTY,163,21 Years,315,199,116,30,19,11,26,25,1,8,8,0,251,147,104
FRIO COUNTY,163,22 Years,340,218,122,27,16,11,29,28,1,7,7,0,277,167,110
FRIO COUNTY,163,23 Years,374,245,129,39,29,10,41,41,0,9,7,2,285,168,117
FRIO COUNTY,163,24 Years,420,286,134,47,34,13,35,35,0,11,10,1,327,207,120
FRIO COUNTY,163,25 Years,414,294,120,39,30,9,28,28,0,22,20,2,325,216,109
FRIO COUNTY,163,26 Years,344,258,86,29,21,8,28,28,0,24,20,4,263,189,74
FRIO COUNTY,163,27 Years,371,279,92,46,33,13,27,26,1,27,25,2,271,195,76
FRIO COUNTY,163,28 Years,326,245,81,24,15,9,20,20,0,25,24,1,257,186,71
FRIO COUNTY,163,29 Years,334,249,85,38,28,10,24,24,0,25,22,3,247,175,72
FRIO COUNTY,163,30 Years,329,242,87,31,19,12,27,27,0,21,20,1,250,176,74
FRIO COUNTY,163,31 Years,297,212,85,27,18,9,18,18,0,19,18,1,233,158,75
FRIO COUNTY,163,32 Years,324,237,87,34,23,11,15,15,0,23,23,0,252,176,76
FRIO COUNTY,163,33 Years,307,210,97,27,16,11,10,10,0,13,13,0,257,171,86
FRIO COUNTY,163,34 Years,280,201,79,22,13,9,21,21,0,15,14,1,222,153,69
FRIO COUNTY,163,35 Years,261,184,77,23,12,11,16,16,0,12,11,1,210,145,65
FRIO COUNTY,163,36 Years,252,172,80,26,13,13,10,10,0,10,10,0,206,139,67
FRIO COUNTY,163,37 Years,236,159,77,28,16,12,7,6,1,16,15,1,185,122,63
FRIO COUNTY,163,38 Years,230,163,67,26,19,7,5,4,1,15,14,1,184,126,58
FRIO COUNTY,163,39 Years,229,156,73,23,14,9,8,8,0,13,12,1,185,122,63
FRIO COUNTY,163,40 Years,242,171,71,18,10,8,10,10,0,15,14,1,199,137,62
FRIO COUNTY,163,41 Years,232,157,75,26,17,9,5,5,0,15,15,0,186,120,66
FRIO COUNTY,163,42 Years,211,129,82,22,15,7,1,1,0,11,10,1,177,103,74
FRIO COUNTY,163,43 Years,228,144,84,24,16,8,4,3,1,15,13,2,185,112,73
FRIO COUNTY,163,44 Years,227,144,83,22,14,8,4,3,1,13,11,2,188,116,72
FRIO COUNTY,163,45 Years,223,134,89,28,11,17,7,6,1,7,6,1,181,111,70
FRIO COUNTY,163,46 Years,208,126,82,33,14,19,4,3,1,7,4,3,164,105,59
FRIO COUNTY,163,47 Years,203,115,88,29,13,16,2,0,2,5,3,2,167,99,68
FRIO COUNTY,163,48 Years,213,137,76,36,21,15,1,1,0,6,5,1,170,110,60
FRIO COUNTY,163,49 Years,233,138,95,37,19,18,7,5,2,7,6,1,182,108,74
FRIO COUNTY,163,50 Years,233,114,119,25,11,14,7,3,4,7,5,2,194,95,99
FRIO COUNTY,163,51 Years,220,121,99,29,17,12,2,1,1,7,5,2,182,98,84
FRIO COUNTY,163,52 Years,244,125,119,49,21,28,2,1,1,10,7,3,183,96,87
FRIO COUNTY,163,53 Years,218,128,90,45,21,24,4,3,1,8,7,1,161,97,64
FRIO COUNTY,163,54 Years,187,99,88,42,23,19,5,5,0,5,4,1,135,67,68
FRIO COUNTY,163,55 Years,191,102,89,46,29,17,1,1,0,4,3,1,140,69,71
FRIO COUNTY,163,56 Years,209,119,90,47,29,18,3,3,0,6,3,3,153,84,69
FRIO COUNTY,163,57 Years,223,120,103,46,26,20,4,3,1,5,3,2,168,88,80
FRIO COUNTY,163,58 Years,218,110,108,51,26,25,3,1,2,4,3,1,160,80,80
FRIO COUNTY,163,59 Years,208,97,111,51,22,29,0,0,0,2,1,1,155,74,81
FRIO COUNTY,163,60 Years,193,94,99,49,23,26,1,0,1,5,3,2,138,68,70
FRIO COUNTY,163,61 Years,181,92,89,52,28,24,1,0,1,4,3,1,124,61,63
FRIO COUNTY,163,62 Years,175,94,81,54,28,26,2,2,0,1,0,1,118,64,54
FRIO COUNTY,163,63 Years,180,88,92,56,27,29,2,1,1,2,2,0,120,58,62
FRIO COUNTY,163,64 Years,164,74,90,54,26,28,0,0,0,2,2,0,108,46,62
FRIO COUNTY,163,65 Years,175,85,90,50,24,26,0,0,0,2,2,0,123,59,64
FRIO COUNTY,163,66 Years,199,110,89,57,31,26,2,2,0,1,1,0,139,76,63
FRIO COUNTY,163,67 Years,185,87,98,60,29,31,0,0,0,1,0,1,124,58,66
FRIO COUNTY,163,68 Years,162,73,89,56,25,31,1,0,1,1,1,0,104,47,57
FRIO COUNTY,163,69 Years,144,74,70,41,22,19,1,0,1,0,0,0,102,52,50
FRIO COUNTY,163,70 Years,141,66,75,46,25,21,0,0,0,0,0,0,95,41,54
FRIO COUNTY,163,71 Years,140,69,71,43,22,21,0,0,0,0,0,0,97,47,50
FRIO COUNTY,163,72 Years,136,73,63,47,23,24,0,0,0,1,1,0,88,49,39
FRIO COUNTY,163,73 Years,118,53,65,43,20,23,1,1,0,1,0,1,73,32,41
FRIO COUNTY,163,74 Years,99,47,52,34,17,17,1,1,0,1,0,1,63,29,34
FRIO COUNTY,163,75 Years,91,42,49,35,14,21,2,2,0,1,1,0,53,25,28
FRIO COUNTY,163,76 Years,83,42,41,32,14,18,1,1,0,0,0,0,50,27,23
FRIO COUNTY,163,77 Years,74,32,42,29,13,16,0,0,0,2,0,2,43,19,24
FRIO COUNTY,163,78 Years,73,33,40,30,15,15,0,0,0,1,0,1,42,18,24
FRIO COUNTY,163,79 Years,76,33,43,24,12,12,0,0,0,0,0,0,52,21,31
FRIO COUNTY,163,80 Years,71,29,42,22,10,12,0,0,0,0,0,0,49,19,30
FRIO COUNTY,163,81 Years,77,31,46,15,8,7,2,0,2,1,1,0,59,22,37
FRIO COUNTY,163,82 Years,65,26,39,16,7,9,1,0,1,0,0,0,48,19,29
FRIO COUNTY,163,83 Years,49,23,26,15,6,9,0,0,0,0,0,0,34,17,17
FRIO COUNTY,163,84 Years,48,21,27,14,6,8,0,0,0,0,0,0,34,15,19
FRIO COUNTY,163,85 Years +,273,102,171,90,34,56,0,0,0,7,4,3,176,64,112
GAINES COUNTY,165,All Ages,20000,9981,10019,12240,6007,6233,307,154,153,257,142,115,7196,3678,3518
GAINES COUNTY,165,< 1 Year,381,197,184,215,110,105,7,3,4,5,3,2,154,81,73
GAINES COUNTY,165,1 Years,383,188,195,222,109,113,6,2,4,5,2,3,150,75,75
GAINES COUNTY,165,2 Years,370,181,189,219,107,112,7,3,4,3,1,2,141,70,71
GAINES COUNTY,165,3 Years,343,167,176,203,101,102,7,3,4,3,1,2,130,62,68
GAINES COUNTY,165,4 Years,341,170,171,208,107,101,8,3,5,2,0,2,123,60,63
GAINES COUNTY,165,5 Years,334,173,161,201,107,94,10,3,7,3,1,2,120,62,58
GAINES COUNTY,165,6 Years,372,193,179,225,121,104,9,4,5,2,2,0,136,66,70
GAINES COUNTY,165,7 Years,423,213,210,272,132,140,10,6,4,2,1,1,139,74,65
GAINES COUNTY,165,8 Years,440,208,232,294,131,163,5,2,3,6,2,4,135,73,62
GAINES COUNTY,165,9 Years,428,199,229,296,128,168,6,3,3,4,1,3,122,67,55
GAINES COUNTY,165,10 Years,445,219,226,302,146,156,6,4,2,2,1,1,135,68,67
GAINES COUNTY,165,11 Years,451,211,240,303,140,163,3,2,1,5,1,4,140,68,72
GAINES COUNTY,165,12 Years,439,212,227,282,134,148,5,4,1,4,1,3,148,73,75
GAINES COUNTY,165,13 Years,413,209,204,261,132,129,3,2,1,6,2,4,143,73,70
GAINES COUNTY,165,14 Years,380,197,183,245,124,121,2,1,1,3,2,1,130,70,60
GAINES COUNTY,165,15 Years,383,185,198,242,117,125,5,2,3,1,1,0,135,65,70
GAINES COUNTY,165,16 Years,374,177,197,235,112,123,5,4,1,6,3,3,128,58,70
GAINES COUNTY,165,17 Years,358,177,181,223,108,115,4,3,1,7,6,1,124,60,64
GAINES COUNTY,165,18 Years,330,171,159,198,101,97,4,3,1,9,6,3,119,61,58
GAINES COUNTY,165,19 Years,293,153,140,172,87,85,4,2,2,7,5,2,110,59,51
GAINES COUNTY,165,20 Years,302,154,148,165,82,83,4,2,2,8,5,3,125,65,60
GAINES COUNTY,165,21 Years,294,150,144,159,81,78,4,2,2,6,4,2,125,63,62
GAINES COUNTY,165,22 Years,285,148,137,164,87,77,3,2,1,7,5,2,111,54,57
GAINES COUNTY,165,23 Years,313,159,154,176,91,85,6,2,4,13,8,5,118,58,60
GAINES COUNTY,165,24 Years,329,176,153,183,93,90,6,4,2,13,10,3,127,69,58
GAINES COUNTY,165,25 Years,290,161,129,170,91,79,5,4,1,5,4,1,110,62,48
GAINES COUNTY,165,26 Years,255,138,117,149,75,74,4,3,1,5,5,0,97,55,42
GAINES COUNTY,165,27 Years,272,137,135,159,75,84,2,1,1,5,3,2,106,58,48
GAINES COUNTY,165,28 Years,264,133,131,159,81,78,3,2,1,1,1,0,101,49,52
GAINES COUNTY,165,29 Years,243,132,111,143,82,61,2,1,1,1,0,1,97,49,48
GAINES COUNTY,165,30 Years,259,133,126,157,79,78,3,2,1,2,1,1,97,51,46
GAINES COUNTY,165,31 Years,244,113,131,144,72,72,4,2,2,2,0,2,94,39,55
GAINES COUNTY,165,32 Years,263,137,126,159,87,72,3,2,1,2,0,2,99,48,51
GAINES COUNTY,165,33 Years,246,124,122,146,79,67,3,1,2,3,0,3,94,44,50
GAINES COUNTY,165,34 Years,234,123,111,139,76,63,3,2,1,3,1,2,89,44,45
GAINES COUNTY,165,35 Years,253,136,117,147,79,68,3,2,1,2,1,1,101,54,47
GAINES COUNTY,165,36 Years,238,118,120,141,68,73,2,1,1,0,0,0,95,49,46
GAINES COUNTY,165,37 Years,225,113,112,136,68,68,1,1,0,1,0,1,87,44,43
GAINES COUNTY,165,38 Years,213,106,107,124,62,62,2,1,1,2,1,1,85,42,43
GAINES COUNTY,165,39 Years,218,112,106,119,58,61,3,1,2,0,0,0,96,53,43
GAINES COUNTY,165,40 Years,221,113,108,125,57,68,4,2,2,3,2,1,89,52,37
GAINES COUNTY,165,41 Years,195,98,97,115,53,62,3,1,2,3,3,0,74,41,33
GAINES COUNTY,165,42 Years,200,106,94,123,64,59,4,1,3,1,1,0,72,40,32
GAINES COUNTY,165,43 Years,189,93,96,110,54,56,2,0,2,3,1,2,74,38,36
GAINES COUNTY,165,44 Years,210,100,110,131,58,73,3,2,1,4,2,2,72,38,34
GAINES COUNTY,165,45 Years,204,89,115,133,55,78,6,2,4,1,0,1,64,32,32
GAINES COUNTY,165,46 Years,214,103,111,150,68,82,3,0,3,2,0,2,59,35,24
GAINES COUNTY,165,47 Years,207,99,108,131,62,69,2,1,1,1,1,0,73,35,38
GAINES COUNTY,165,48 Years,221,105,116,139,69,70,3,1,2,1,0,1,78,35,43
GAINES COUNTY,165,49 Years,206,101,105,128,64,64,2,1,1,1,0,1,75,36,39
GAINES COUNTY,165,50 Years,205,103,102,129,63,66,2,2,0,2,2,0,72,36,36
GAINES COUNTY,165,51 Years,227,112,115,140,69,71,6,2,4,4,4,0,77,37,40
GAINES COUNTY,165,52 Years,230,121,109,139,77,62,4,1,3,2,2,0,85,41,44
GAINES COUNTY,165,53 Years,230,113,117,142,73,69,5,1,4,3,2,1,80,37,43
GAINES COUNTY,165,54 Years,235,113,122,137,68,69,6,4,2,6,2,4,86,39,47
GAINES COUNTY,165,55 Years,231,114,117,135,60,75,5,4,1,4,2,2,87,48,39
GAINES COUNTY,165,56 Years,243,128,115,150,74,76,5,4,1,6,3,3,82,47,35
GAINES COUNTY,165,57 Years,227,125,102,143,77,66,2,1,1,6,2,4,76,45,31
GAINES COUNTY,165,58 Years,215,116,99,121,65,56,4,1,3,4,2,2,86,48,38
GAINES COUNTY,165,59 Years,200,102,98,120,60,60,4,3,1,5,2,3,71,37,34
GAINES COUNTY,165,60 Years,185,97,88,110,58,52,2,2,0,4,2,2,69,35,34
GAINES COUNTY,165,61 Years,178,91,87,106,50,56,1,1,0,1,1,0,70,39,31
GAINES COUNTY,165,62 Years,163,80,83,101,46,55,2,1,1,3,2,1,57,31,26
GAINES COUNTY,165,63 Years,175,85,90,110,50,60,3,1,2,2,1,1,60,33,27
GAINES COUNTY,165,64 Years,169,86,83,104,53,51,1,1,0,1,0,1,63,32,31
GAINES COUNTY,165,65 Years,135,65,70,84,38,46,0,0,0,1,0,1,50,27,23
GAINES COUNTY,165,66 Years,135,63,72,82,36,46,2,1,1,1,0,1,50,26,24
GAINES COUNTY,165,67 Years,137,74,63,83,42,41,2,2,0,0,0,0,52,30,22
GAINES COUNTY,165,68 Years,129,61,68,76,37,39,0,0,0,1,1,0,52,23,29
GAINES COUNTY,165,69 Years,106,56,50,62,33,29,1,1,0,3,3,0,40,19,21
GAINES COUNTY,165,70 Years,88,46,42,52,26,26,3,1,2,1,1,0,32,18,14
GAINES COUNTY,165,71 Years,93,39,54,60,24,36,1,0,1,1,1,0,31,14,17
GAINES COUNTY,165,72 Years,87,37,50,54,24,30,1,0,1,1,1,0,31,12,19
GAINES COUNTY,165,73 Years,90,46,44,57,26,31,2,1,1,1,1,0,30,18,12
GAINES COUNTY,165,74 Years,82,38,44,50,18,32,3,1,2,1,1,0,28,18,10
GAINES COUNTY,165,75 Years,61,27,34,37,14,23,2,1,1,1,1,0,21,11,10
GAINES COUNTY,165,76 Years,67,31,36,43,18,25,1,1,0,0,0,0,23,12,11
GAINES COUNTY,165,77 Years,66,29,37,46,22,24,1,0,1,0,0,0,19,7,12
GAINES COUNTY,165,78 Years,68,31,37,42,22,20,2,1,1,1,0,1,23,8,15
GAINES COUNTY,165,79 Years,70,27,43,46,17,29,3,0,3,0,0,0,21,10,11
GAINES COUNTY,165,80 Years,65,31,34,42,20,22,2,0,2,1,1,0,20,10,10
GAINES COUNTY,165,81 Years,57,30,27,38,20,18,1,1,0,1,0,1,17,9,8
GAINES COUNTY,165,82 Years,54,23,31,36,14,22,4,2,2,0,0,0,14,7,7
GAINES COUNTY,165,83 Years,46,19,27,33,13,20,3,1,2,0,0,0,10,5,5
GAINES COUNTY,165,84 Years,45,18,27,33,12,21,2,0,2,0,0,0,10,6,4
GAINES COUNTY,165,85 Years +,218,94,124,155,64,91,5,3,2,3,1,2,55,26,29
GALVESTON COUNTY,167,All Ages,326418,163235,163183,183268,92259,91009,41553,19873,21680,19785,9802,9983,81812,41301,40511
GALVESTON COUNTY,167,< 1 Year,4355,2232,2123,1979,1003,976,651,344,307,310,168,142,1415,717,698
GALVESTON COUNTY,167,1 Years,4374,2238,2136,2031,1033,998,634,327,307,303,167,136,1406,711,695
GALVESTON COUNTY,167,2 Years,4342,2217,2125,2018,1031,987,619,314,305,305,172,133,1400,700,700
GALVESTON COUNTY,167,3 Years,4285,2170,2115,1990,1000,990,594,302,292,328,186,142,1373,682,691
GALVESTON COUNTY,167,4 Years,4263,2178,2085,1934,983,951,570,292,278,365,202,163,1394,701,693
GALVESTON COUNTY,167,5 Years,4295,2176,2119,1920,975,945,560,283,277,380,197,183,1435,721,714
GALVESTON COUNTY,167,6 Years,4281,2163,2118,1919,961,958,559,275,284,360,196,164,1443,731,712
GALVESTON COUNTY,167,7 Years,4299,2224,2075,1932,999,933,574,290,284,356,198,158,1437,737,700
GALVESTON COUNTY,167,8 Years,4404,2295,2109,1949,1003,946,590,311,279,361,204,157,1504,777,727
GALVESTON COUNTY,167,9 Years,4422,2281,2141,1989,1014,975,581,310,271,343,188,155,1509,769,740
GALVESTON COUNTY,167,10 Years,4377,2242,2135,1990,1013,977,600,319,281,346,185,161,1441,725,716
GALVESTON COUNTY,167,11 Years,4412,2278,2134,2057,1064,993,541,297,244,329,168,161,1485,749,736
GALVESTON COUNTY,167,12 Years,4589,2423,2166,2190,1144,1046,579,317,262,318,172,146,1502,790,712
GALVESTON COUNTY,167,13 Years,4616,2368,2248,2155,1097,1058,648,328,320,313,157,156,1500,786,714
GALVESTON COUNTY,167,14 Years,4535,2320,2215,2108,1076,1032,590,287,303,302,153,149,1535,804,731
GALVESTON COUNTY,167,15 Years,4675,2419,2256,2200,1125,1075,592,313,279,324,167,157,1559,814,745
GALVESTON COUNTY,167,16 Years,4739,2449,2290,2237,1181,1056,653,330,323,300,158,142,1549,780,769
GALVESTON COUNTY,167,17 Years,4691,2437,2254,2285,1195,1090,629,348,281,279,152,127,1498,742,756
GALVESTON COUNTY,167,18 Years,4434,2303,2131,2113,1125,988,609,324,285,267,134,133,1445,720,725
GALVESTON COUNTY,167,19 Years,3998,2051,1947,1821,948,873,532,277,255,257,120,137,1388,706,682
GALVESTON COUNTY,167,20 Years,3875,2012,1863,1734,912,822,513,265,248,255,119,136,1373,716,657
GALVESTON COUNTY,167,21 Years,3924,2006,1918,1735,873,862,566,293,273,229,117,112,1394,723,671
GALVESTON COUNTY,167,22 Years,4083,2101,1982,1829,947,882,612,306,306,244,131,113,1398,717,681
GALVESTON COUNTY,167,23 Years,4289,2191,2098,1955,1020,935,700,334,366,267,131,136,1367,706,661
GALVESTON COUNTY,167,24 Years,4425,2311,2114,2101,1109,992,686,328,358,253,132,121,1385,742,643
GALVESTON COUNTY,167,25 Years,4463,2355,2108,2210,1175,1035,672,315,357,245,136,109,1336,729,607
GALVESTON COUNTY,167,26 Years,4276,2265,2011,2167,1121,1046,634,328,306,233,125,108,1242,691,551
GALVESTON COUNTY,167,27 Years,3956,2057,1899,1987,1011,976,606,304,302,229,120,109,1134,622,512
GALVESTON COUNTY,167,28 Years,3913,1972,1941,1985,1020,965,578,246,332,260,126,134,1090,580,510
GALVESTON COUNTY,167,29 Years,4074,2025,2049,2137,1080,1057,537,223,314,286,135,151,1114,587,527
GALVESTON COUNTY,167,30 Years,4229,2173,2056,2269,1172,1097,524,259,265,277,134,143,1159,608,551
GALVESTON COUNTY,167,31 Years,4266,2205,2061,2291,1186,1105,530,278,252,277,135,142,1168,606,562
GALVESTON COUNTY,167,32 Years,4257,2093,2164,2292,1126,1166,523,252,271,275,132,143,1167,583,584
GALVESTON COUNTY,167,33 Years,4296,2142,2154,2296,1132,1164,497,260,237,295,136,159,1208,614,594
GALVESTON COUNTY,167,34 Years,4345,2190,2155,2371,1183,1188,485,267,218,311,139,172,1178,601,577
GALVESTON COUNTY,167,35 Years,4537,2264,2273,2431,1215,1216,570,285,285,306,136,170,1230,628,602
GALVESTON COUNTY,167,36 Years,4707,2376,2331,2500,1286,1214,614,289,325,314,145,169,1279,656,623
GALVESTON COUNTY,167,37 Years,4449,2236,2213,2405,1235,1170,545,253,292,294,139,155,1205,609,596
GALVESTON COUNTY,167,38 Years,4224,2114,2110,2274,1158,1116,507,240,267,263,122,141,1180,594,586
GALVESTON COUNTY,167,39 Years,4208,2106,2102,2220,1145,1075,500,226,274,303,142,161,1185,593,592
GALVESTON COUNTY,167,40 Years,4229,2112,2117,2223,1118,1105,496,231,265,320,163,157,1190,600,590
GALVESTON COUNTY,167,41 Years,4234,2121,2113,2261,1127,1134,468,233,235,314,152,162,1191,609,582
GALVESTON COUNTY,167,42 Years,4147,2024,2123,2230,1103,1127,464,207,257,303,136,167,1150,578,572
GALVESTON COUNTY,167,43 Years,4212,2082,2130,2297,1159,1138,456,207,249,332,150,182,1127,566,561
GALVESTON COUNTY,167,44 Years,4233,2099,2134,2299,1167,1132,449,218,231,363,166,197,1122,548,574
GALVESTON COUNTY,167,45 Years,4542,2234,2308,2655,1332,1323,463,215,248,338,159,179,1086,528,558
GALVESTON COUNTY,167,46 Years,4420,2162,2258,2633,1322,1311,445,215,230,304,141,163,1038,484,554
GALVESTON COUNTY,167,47 Years,4165,2088,2077,2467,1267,1200,412,208,204,283,124,159,1003,489,514
GALVESTON COUNTY,167,48 Years,4160,2050,2110,2502,1251,1251,435,208,227,265,117,148,958,474,484
GALVESTON COUNTY,167,49 Years,4068,2025,2043,2420,1210,1210,472,237,235,240,115,125,936,463,473
GALVESTON COUNTY,167,50 Years,4304,2094,2210,2578,1274,1304,536,256,280,262,127,135,928,437,491
GALVESTON COUNTY,167,51 Years,4571,2236,2335,2781,1391,1390,565,249,316,252,115,137,973,481,492
GALVESTON COUNTY,167,52 Years,4619,2276,2343,2907,1447,1460,572,262,310,241,111,130,899,456,443
GALVESTON COUNTY,167,53 Years,4800,2403,2397,3106,1576,1530,556,263,293,230,105,125,908,459,449
GALVESTON COUNTY,167,54 Years,4882,2412,2470,3172,1579,1593,578,281,297,236,114,122,896,438,458
GALVESTON COUNTY,167,55 Years,5027,2505,2522,3326,1676,1650,605,289,316,234,113,121,862,427,435
GALVESTON COUNTY,167,56 Years,5095,2549,2546,3425,1729,1696,612,290,322,233,118,115,825,412,413
GALVESTON COUNTY,167,57 Years,4920,2448,2472,3323,1683,1640,613,278,335,221,106,115,763,381,382
GALVESTON COUNTY,167,58 Years,4769,2383,2386,3222,1633,1589,577,268,309,222,114,108,748,368,380
GALVESTON COUNTY,167,59 Years,4631,2350,2281,3158,1615,1543,566,274,292,211,105,106,696,356,340
GALVESTON COUNTY,167,60 Years,4445,2245,2200,3037,1552,1485,561,271,290,206,99,107,641,323,318
GALVESTON COUNTY,167,61 Years,4290,2127,2163,2943,1507,1436,543,241,302,203,95,108,601,284,317
GALVESTON COUNTY,167,62 Years,4128,2019,2109,2831,1431,1400,537,224,313,173,78,95,587,286,301
GALVESTON COUNTY,167,63 Years,3973,1972,2001,2720,1382,1338,535,228,307,157,80,77,561,282,279
GALVESTON COUNTY,167,64 Years,3769,1856,1913,2614,1320,1294,473,204,269,149,77,72,533,255,278
GALVESTON COUNTY,167,65 Years,3423,1686,1737,2331,1179,1152,438,190,248,139,69,70,515,248,267
GALVESTON COUNTY,167,66 Years,3278,1618,1660,2229,1129,1100,432,192,240,136,67,69,481,230,251
GALVESTON COUNTY,167,67 Years,3096,1497,1599,2126,1050,1076,398,176,222,133,62,71,439,209,230
GALVESTON COUNTY,167,68 Years,3088,1503,1585,2228,1116,1112,367,153,214,101,44,57,392,190,202
GALVESTON COUNTY,167,69 Years,2943,1471,1472,2148,1091,1057,313,153,160,108,55,53,374,172,202
GALVESTON COUNTY,167,70 Years,2349,1170,1179,1663,855,808,279,126,153,95,43,52,312,146,166
GALVESTON COUNTY,167,71 Years,2171,1083,1088,1504,780,724,265,105,160,97,42,55,305,156,149
GALVESTON COUNTY,167,72 Years,2208,1062,1146,1596,795,801,250,92,158,90,43,47,272,132,140
GALVESTON COUNTY,167,73 Years,2068,975,1093,1498,723,775,224,90,134,81,35,46,265,127,138
GALVESTON COUNTY,167,74 Years,1860,869,991,1321,631,690,209,88,121,81,36,45,249,114,135
GALVESTON COUNTY,167,75 Years,1676,781,895,1195,571,624,199,78,121,79,35,44,203,97,106
GALVESTON COUNTY,167,76 Years,1521,703,818,1084,519,565,178,68,110,69,32,37,190,84,106
GALVESTON COUNTY,167,77 Years,1382,640,742,994,476,518,164,67,97,52,25,27,172,72,100
GALVESTON COUNTY,167,78 Years,1296,597,699,927,441,486,158,61,97,57,29,28,154,66,88
GALVESTON COUNTY,167,79 Years,1212,531,681,854,393,461,159,52,107,48,21,27,151,65,86
GALVESTON COUNTY,167,80 Years,1102,475,627,775,351,424,153,49,104,39,16,23,135,59,76
GALVESTON COUNTY,167,81 Years,1022,434,588,732,321,411,128,42,86,33,14,19,129,57,72
GALVESTON COUNTY,167,82 Years,897,368,529,634,267,367,113,38,75,30,13,17,120,50,70
GALVESTON COUNTY,167,83 Years,835,341,494,585,248,337,110,36,74,26,10,16,114,47,67
GALVESTON COUNTY,167,84 Years,772,310,462,558,230,328,96,32,64,21,9,12,97,39,58
GALVESTON COUNTY,167,85 Years +,4404,1591,2813,3150,1166,1984,627,189,438,116,46,70,511,190,321
GARZA COUNTY,169,All Ages,6389,3998,2391,2855,1603,1252,388,261,127,73,26,47,3073,2108,965
GARZA COUNTY,169,< 1 Year,74,34,40,36,18,18,4,0,4,2,1,1,32,15,17
GARZA COUNTY,169,1 Years,74,34,40,36,18,18,4,1,3,2,1,1,32,14,18
GARZA COUNTY,169,2 Years,74,34,40,35,16,19,4,3,1,2,1,1,33,14,19
GARZA COUNTY,169,3 Years,65,26,39,29,12,17,4,2,2,4,1,3,28,11,17
GARZA COUNTY,169,4 Years,66,29,37,29,14,15,3,1,2,4,2,2,30,12,18
GARZA COUNTY,169,5 Years,73,35,38,36,17,19,3,1,2,0,0,0,34,17,17
GARZA COUNTY,169,6 Years,87,41,46,38,15,23,4,1,3,1,0,1,44,25,19
GARZA COUNTY,169,7 Years,88,47,41,27,16,11,5,3,2,2,0,2,54,28,26
GARZA COUNTY,169,8 Years,69,36,33,27,15,12,3,1,2,2,1,1,37,19,18
GARZA COUNTY,169,9 Years,71,37,34,28,16,12,4,2,2,2,1,1,37,18,19
GARZA COUNTY,169,10 Years,61,26,35,29,13,16,3,3,0,1,0,1,28,10,18
GARZA COUNTY,169,11 Years,61,25,36,27,13,14,4,2,2,1,0,1,29,10,19
GARZA COUNTY,169,12 Years,63,35,28,28,15,13,3,2,1,0,0,0,32,18,14
GARZA COUNTY,169,13 Years,72,38,34,27,14,13,5,2,3,2,1,1,38,21,17
GARZA COUNTY,169,14 Years,56,26,30,23,12,11,4,2,2,0,0,0,29,12,17
GARZA COUNTY,169,15 Years,58,27,31,22,11,11,3,2,1,1,0,1,32,14,18
GARZA COUNTY,169,16 Years,54,31,23,25,14,11,5,2,3,0,0,0,24,15,9
GARZA COUNTY,169,17 Years,68,42,26,22,14,8,4,3,1,1,1,0,41,24,17
GARZA COUNTY,169,18 Years,114,84,30,37,26,11,10,9,1,1,0,1,66,49,17
GARZA COUNTY,169,19 Years,98,73,25,23,15,8,8,7,1,2,2,0,65,49,16
GARZA COUNTY,169,20 Years,95,69,26,26,17,9,6,4,2,4,2,2,59,46,13
GARZA COUNTY,169,21 Years,130,109,21,41,33,8,11,9,2,1,0,1,77,67,10
GARZA COUNTY,169,22 Years,195,164,31,51,38,13,13,11,2,3,1,2,128,114,14
GARZA COUNTY,169,23 Years,117,80,37,49,29,20,7,5,2,1,0,1,60,46,14
GARZA COUNTY,169,24 Years,102,64,38,46,29,17,4,3,1,1,0,1,51,32,19
GARZA COUNTY,169,25 Years,125,98,27,21,12,9,17,16,1,1,0,1,86,70,16
GARZA COUNTY,169,26 Years,172,144,28,55,44,11,13,11,2,2,0,2,102,89,13
GARZA COUNTY,169,27 Years,125,94,31,38,27,11,15,11,4,1,0,1,71,56,15
GARZA COUNTY,169,28 Years,97,68,29,40,26,14,5,4,1,1,0,1,51,38,13
GARZA COUNTY,169,29 Years,182,155,27,63,50,13,10,9,1,1,0,1,108,96,12
GARZA COUNTY,169,30 Years,139,108,31,27,19,8,16,13,3,1,0,1,95,76,19
GARZA COUNTY,169,31 Years,119,83,36,38,22,16,12,11,1,1,0,1,68,50,18
GARZA COUNTY,169,32 Years,105,72,33,33,20,13,10,7,3,0,0,0,62,45,17
GARZA COUNTY,169,33 Years,63,36,27,25,13,12,3,2,1,1,1,0,34,20,14
GARZA COUNTY,169,34 Years,92,70,22,21,15,6,4,4,0,1,0,1,66,51,15
GARZA COUNTY,169,35 Years,48,29,19,20,11,9,3,2,1,2,1,1,23,15,8
GARZA COUNTY,169,36 Years,60,37,23,26,15,11,6,4,2,0,0,0,28,18,10
GARZA COUNTY,169,37 Years,52,30,22,22,12,10,5,4,1,0,0,0,25,14,11
GARZA COUNTY,169,38 Years,100,80,20,36,26,10,5,4,1,0,0,0,59,50,9
GARZA COUNTY,169,39 Years,44,28,16,14,6,8,3,2,1,0,0,0,27,20,7
GARZA COUNTY,169,40 Years,78,49,29,31,16,15,9,5,4,0,0,0,38,28,10
GARZA COUNTY,169,41 Years,57,26,31,26,11,15,7,3,4,1,1,0,23,11,12
GARZA COUNTY,169,42 Years,45,21,24,21,10,11,3,1,2,0,0,0,21,10,11
GARZA COUNTY,169,43 Years,117,90,27,45,31,14,4,4,0,0,0,0,68,55,13
GARZA COUNTY,169,44 Years,57,31,26,26,12,14,5,3,2,1,1,0,25,15,10
GARZA COUNTY,169,45 Years,139,104,35,51,32,19,8,6,2,0,0,0,80,66,14
GARZA COUNTY,169,46 Years,110,77,33,44,23,21,6,4,2,0,0,0,60,50,10
GARZA COUNTY,169,47 Years,120,74,46,54,29,25,4,1,3,0,0,0,62,44,18
GARZA COUNTY,169,48 Years,86,54,32,40,24,16,4,2,2,3,3,0,39,25,14
GARZA COUNTY,169,49 Years,54,30,24,29,17,12,2,1,1,1,0,1,22,12,10
GARZA COUNTY,169,50 Years,84,60,24,31,16,15,0,0,0,1,0,1,52,44,8
GARZA COUNTY,169,51 Years,66,37,29,38,20,18,2,2,0,1,0,1,25,15,10
GARZA COUNTY,169,52 Years,101,71,30,52,32,20,3,2,1,1,1,0,45,36,9
GARZA COUNTY,169,53 Years,69,39,30,42,23,19,7,4,3,1,0,1,19,12,7
GARZA COUNTY,169,54 Years,63,41,22,39,25,14,2,1,1,1,0,1,21,15,6
GARZA COUNTY,169,55 Years,75,41,34,56,33,23,3,2,1,0,0,0,16,6,10
GARZA COUNTY,169,56 Years,165,125,40,76,51,25,11,8,3,0,0,0,78,66,12
GARZA COUNTY,169,57 Years,106,72,34,40,22,18,6,5,1,2,0,2,58,45,13
GARZA COUNTY,169,58 Years,66,42,24,36,22,14,6,4,2,0,0,0,24,16,8
GARZA COUNTY,169,59 Years,57,30,27,35,18,17,1,1,0,0,0,0,21,11,10
GARZA COUNTY,169,60 Years,56,30,26,40,21,19,5,2,3,0,0,0,11,7,4
GARZA COUNTY,169,61 Years,47,27,20,27,15,12,7,4,3,0,0,0,13,8,5
GARZA COUNTY,169,62 Years,53,31,22,33,19,14,2,1,1,1,1,0,17,10,7
GARZA COUNTY,169,63 Years,70,39,31,42,23,19,0,0,0,2,1,1,26,15,11
GARZA COUNTY,169,64 Years,62,32,30,36,19,17,1,0,1,1,0,1,24,13,11
GARZA COUNTY,169,65 Years,48,24,24,36,18,18,4,2,2,0,0,0,8,4,4
GARZA COUNTY,169,66 Years,53,24,29,39,18,21,3,1,2,0,0,0,11,5,6
GARZA COUNTY,169,67 Years,53,29,24,34,17,17,1,1,0,2,1,1,16,10,6
GARZA COUNTY,169,68 Years,45,21,24,30,15,15,0,0,0,0,0,0,15,6,9
GARZA COUNTY,169,69 Years,47,25,22,37,21,16,2,1,1,1,0,1,7,3,4
GARZA COUNTY,169,70 Years,49,24,25,38,19,19,1,0,1,0,0,0,10,5,5
GARZA COUNTY,169,71 Years,40,17,23,29,15,14,2,1,1,0,0,0,9,1,8
GARZA COUNTY,169,72 Years,37,15,22,25,13,12,1,0,1,0,0,0,11,2,9
GARZA COUNTY,169,73 Years,31,14,17,25,12,13,0,0,0,0,0,0,6,2,4
GARZA COUNTY,169,74 Years,33,12,21,28,11,17,0,0,0,0,0,0,5,1,4
GARZA COUNTY,169,75 Years,32,14,18,24,11,13,0,0,0,0,0,0,8,3,5
GARZA COUNTY,169,76 Years,30,11,19,22,8,14,1,0,1,0,0,0,7,3,4
GARZA COUNTY,169,77 Years,32,11,21,26,10,16,1,0,1,1,0,1,4,1,3
GARZA COUNTY,169,78 Years,29,12,17,25,12,13,1,0,1,0,0,0,3,0,3
GARZA COUNTY,169,79 Years,28,12,16,22,9,13,0,0,0,0,0,0,6,3,3
GARZA COUNTY,169,80 Years,26,11,15,18,8,10,1,0,1,0,0,0,7,3,4
GARZA COUNTY,169,81 Years,26,12,14,20,10,10,1,0,1,0,0,0,5,2,3
GARZA COUNTY,169,82 Years,20,9,11,17,7,10,0,0,0,0,0,0,3,2,1
GARZA COUNTY,169,83 Years,15,7,8,13,6,7,0,0,0,0,0,0,2,1,1
GARZA COUNTY,169,84 Years,18,9,9,12,5,7,1,1,0,0,0,0,5,3,2
GARZA COUNTY,169,85 Years +,86,34,52,69,26,43,5,3,2,0,0,0,12,5,7
GILLESPIE COUNTY,171,All Ages,26733,12877,13856,20230,9497,10733,85,43,42,382,182,200,6036,3155,2881
GILLESPIE COUNTY,171,< 1 Year,272,131,141,118,56,62,11,3,8,8,2,6,135,70,65
GILLESPIE COUNTY,171,1 Years,273,132,141,122,60,62,11,5,6,7,1,6,133,66,67
GILLESPIE COUNTY,171,2 Years,264,140,124,121,65,56,8,6,2,7,5,2,128,64,64
GILLESPIE COUNTY,171,3 Years,262,139,123,120,65,55,7,5,2,8,7,1,127,62,65
GILLESPIE COUNTY,171,4 Years,252,131,121,118,66,52,0,0,0,10,7,3,124,58,66
GILLESPIE COUNTY,171,5 Years,259,127,132,122,64,58,0,0,0,10,7,3,127,56,71
GILLESPIE COUNTY,171,6 Years,232,118,114,106,57,49,2,2,0,6,1,5,118,58,60
GILLESPIE COUNTY,171,7 Years,243,129,114,144,76,68,0,0,0,4,2,2,95,51,44
GILLESPIE COUNTY,171,8 Years,268,141,127,154,79,75,1,0,1,7,5,2,106,57,49
GILLESPIE COUNTY,171,9 Years,251,128,123,147,73,74,1,0,1,2,1,1,101,54,47
GILLESPIE COUNTY,171,10 Years,250,137,113,150,79,71,0,0,0,4,1,3,96,57,39
GILLESPIE COUNTY,171,11 Years,279,154,125,169,94,75,0,0,0,6,1,5,104,59,45
GILLESPIE COUNTY,171,12 Years,316,172,144,191,105,86,3,1,2,7,2,5,115,64,51
GILLESPIE COUNTY,171,13 Years,316,165,151,212,111,101,1,0,1,5,3,2,98,51,47
GILLESPIE COUNTY,171,14 Years,321,165,156,224,116,108,0,0,0,3,1,2,94,48,46
GILLESPIE COUNTY,171,15 Years,321,166,155,219,113,106,0,0,0,6,4,2,96,49,47
GILLESPIE COUNTY,171,16 Years,344,177,167,228,119,109,0,0,0,6,3,3,110,55,55
GILLESPIE COUNTY,171,17 Years,336,166,170,219,107,112,0,0,0,6,2,4,111,57,54
GILLESPIE COUNTY,171,18 Years,330,171,159,205,102,103,0,0,0,5,1,4,120,68,52
GILLESPIE COUNTY,171,19 Years,311,167,144,185,91,94,1,0,1,8,4,4,117,72,45
GILLESPIE COUNTY,171,20 Years,282,138,144,160,71,89,0,0,0,8,4,4,114,63,51
GILLESPIE COUNTY,171,21 Years,277,146,131,155,76,79,1,0,1,7,4,3,114,66,48
GILLESPIE COUNTY,171,22 Years,276,143,133,155,77,78,1,1,0,8,7,1,112,58,54
GILLESPIE COUNTY,171,23 Years,273,136,137,161,75,86,1,1,0,2,2,0,109,58,51
GILLESPIE COUNTY,171,24 Years,265,130,135,158,75,83,0,0,0,3,1,2,104,54,50
GILLESPIE COUNTY,171,25 Years,211,116,95,110,61,49,1,0,1,5,2,3,95,53,42
GILLESPIE COUNTY,171,26 Years,183,99,84,83,47,36,1,0,1,7,2,5,92,50,42
GILLESPIE COUNTY,171,27 Years,184,90,94,98,41,57,2,1,1,4,2,2,80,46,34
GILLESPIE COUNTY,171,28 Years,187,107,80,101,52,49,2,1,1,3,3,0,81,51,30
GILLESPIE COUNTY,171,29 Years,212,112,100,119,52,67,0,0,0,4,4,0,89,56,33
GILLESPIE COUNTY,171,30 Years,184,99,85,110,56,54,1,0,1,3,1,2,70,42,28
GILLESPIE COUNTY,171,31 Years,199,101,98,130,60,70,1,1,0,3,1,2,65,39,26
GILLESPIE COUNTY,171,32 Years,211,103,108,140,65,75,0,0,0,4,1,3,67,37,30
GILLESPIE COUNTY,171,33 Years,215,111,104,138,66,72,0,0,0,3,2,1,74,43,31
GILLESPIE COUNTY,171,34 Years,214,105,109,140,64,76,1,1,0,4,2,2,69,38,31
GILLESPIE COUNTY,171,35 Years,240,126,114,156,79,77,1,0,1,4,2,2,79,45,34
GILLESPIE COUNTY,171,36 Years,238,122,116,153,78,75,1,0,1,3,2,1,81,42,39
GILLESPIE COUNTY,171,37 Years,223,120,103,143,73,70,1,0,1,4,3,1,75,44,31
GILLESPIE COUNTY,171,38 Years,213,108,105,145,70,75,2,2,0,5,3,2,61,33,28
GILLESPIE COUNTY,171,39 Years,209,103,106,145,68,77,1,1,0,3,2,1,60,32,28
GILLESPIE COUNTY,171,40 Years,236,107,129,163,75,88,0,0,0,3,2,1,70,30,40
GILLESPIE COUNTY,171,41 Years,249,108,141,163,72,91,0,0,0,6,2,4,80,34,46
GILLESPIE COUNTY,171,42 Years,263,134,129,178,85,93,0,0,0,4,2,2,81,47,34
GILLESPIE COUNTY,171,43 Years,252,119,133,178,81,97,0,0,0,2,1,1,72,37,35
GILLESPIE COUNTY,171,44 Years,259,121,138,195,93,102,0,0,0,1,1,0,63,27,36
GILLESPIE COUNTY,171,45 Years,289,143,146,220,115,105,1,0,1,3,1,2,65,27,38
GILLESPIE COUNTY,171,46 Years,292,138,154,210,100,110,1,1,0,5,1,4,76,36,40
GILLESPIE COUNTY,171,47 Years,281,132,149,199,89,110,0,0,0,5,2,3,77,41,36
GILLESPIE COUNTY,171,48 Years,289,130,159,207,93,114,0,0,0,3,0,3,79,37,42
GILLESPIE COUNTY,171,49 Years,295,144,151,213,103,110,0,0,0,3,2,1,79,39,40
GILLESPIE COUNTY,171,50 Years,314,166,148,235,120,115,2,2,0,3,1,2,74,43,31
GILLESPIE COUNTY,171,51 Years,330,160,170,244,119,125,0,0,0,5,1,4,81,40,41
GILLESPIE COUNTY,171,52 Years,356,164,192,267,118,149,0,0,0,7,5,2,82,41,41
GILLESPIE COUNTY,171,53 Years,387,166,221,308,127,181,0,0,0,7,3,4,72,36,36
GILLESPIE COUNTY,171,54 Years,420,199,221,341,160,181,1,0,1,4,2,2,74,37,37
GILLESPIE COUNTY,171,55 Years,419,198,221,341,157,184,0,0,0,5,2,3,73,39,34
GILLESPIE COUNTY,171,56 Years,423,205,218,357,166,191,0,0,0,6,3,3,60,36,24
GILLESPIE COUNTY,171,57 Years,417,182,235,356,149,207,0,0,0,8,2,6,53,31,22
GILLESPIE COUNTY,171,58 Years,412,176,236,355,146,209,1,0,1,4,0,4,52,30,22
GILLESPIE COUNTY,171,59 Years,437,179,258,375,154,221,1,1,0,4,1,3,57,23,34
GILLESPIE COUNTY,171,60 Years,421,185,236,371,161,210,1,0,1,2,1,1,47,23,24
GILLESPIE COUNTY,171,61 Years,424,193,231,373,169,204,2,1,1,5,1,4,44,22,22
GILLESPIE COUNTY,171,62 Years,444,194,250,395,175,220,1,1,0,4,1,3,44,17,27
GILLESPIE COUNTY,171,63 Years,475,203,272,428,186,242,2,1,1,5,1,4,40,15,25
GILLESPIE COUNTY,171,64 Years,474,207,267,432,184,248,1,0,1,2,1,1,39,22,17
GILLESPIE COUNTY,171,65 Years,457,206,251,417,187,230,0,0,0,3,2,1,37,17,20
GILLESPIE COUNTY,171,66 Years,440,209,231,410,195,215,0,0,0,4,1,3,26,13,13
GILLESPIE COUNTY,171,67 Years,430,201,229,396,185,211,1,1,0,5,2,3,28,13,15
GILLESPIE COUNTY,171,68 Years,468,230,238,430,209,221,1,1,0,5,4,1,32,16,16
GILLESPIE COUNTY,171,69 Years,490,219,271,461,204,257,0,0,0,2,1,1,27,14,13
GILLESPIE COUNTY,171,70 Years,436,207,229,404,185,219,1,1,0,2,2,0,29,19,10
GILLESPIE COUNTY,171,71 Years,408,194,214,379,180,199,1,1,0,4,2,2,24,11,13
GILLESPIE COUNTY,171,72 Years,409,195,214,383,184,199,0,0,0,4,0,4,22,11,11
GILLESPIE COUNTY,171,73 Years,391,183,208,365,170,195,2,1,1,3,1,2,21,11,10
GILLESPIE COUNTY,171,74 Years,353,171,182,326,154,172,0,0,0,2,1,1,25,16,9
GILLESPIE COUNTY,171,75 Years,339,159,180,311,144,167,0,0,0,2,1,1,26,14,12
GILLESPIE COUNTY,171,76 Years,307,147,160,289,138,151,0,0,0,2,2,0,16,7,9
GILLESPIE COUNTY,171,77 Years,295,148,147,277,139,138,1,0,1,3,3,0,14,6,8
GILLESPIE COUNTY,171,78 Years,273,133,140,257,128,129,0,0,0,3,2,1,13,3,10
GILLESPIE COUNTY,171,79 Years,244,118,126,231,112,119,0,0,0,2,1,1,11,5,6
GILLESPIE COUNTY,171,80 Years,217,106,111,202,100,102,0,0,0,2,1,1,13,5,8
GILLESPIE COUNTY,171,81 Years,217,107,110,202,101,101,0,0,0,2,1,1,13,5,8
GILLESPIE COUNTY,171,82 Years,198,98,100,182,91,91,0,0,0,0,0,0,16,7,9
GILLESPIE COUNTY,171,83 Years,169,76,93,157,71,86,0,0,0,0,0,0,12,5,7
GILLESPIE COUNTY,171,84 Years,149,65,84,139,61,78,0,0,0,1,0,1,9,4,5
GILLESPIE COUNTY,171,85 Years +,989,381,608,934,358,576,0,0,0,13,6,7,42,17,25
GLASSCOCK COUNTY,173,All Ages,1286,666,620,840,435,405,14,8,6,7,4,3,425,219,206
GLASSCOCK COUNTY,173,< 1 Year,17,8,9,8,4,4,0,0,0,0,0,0,9,4,5
GLASSCOCK COUNTY,173,1 Years,16,8,8,8,5,3,0,0,0,0,0,0,8,3,5
GLASSCOCK COUNTY,173,2 Years,15,7,8,8,4,4,0,0,0,0,0,0,7,3,4
GLASSCOCK COUNTY,173,3 Years,15,4,11,8,2,6,0,0,0,0,0,0,7,2,5
GLASSCOCK COUNTY,173,4 Years,14,5,9,8,3,5,0,0,0,0,0,0,6,2,4
GLASSCOCK COUNTY,173,5 Years,14,7,7,7,4,3,0,0,0,0,0,0,7,3,4
GLASSCOCK COUNTY,173,6 Years,14,6,8,6,2,4,0,0,0,0,0,0,8,4,4
GLASSCOCK COUNTY,173,7 Years,16,8,8,9,4,5,1,1,0,0,0,0,6,3,3
GLASSCOCK COUNTY,173,8 Years,18,8,10,10,4,6,0,0,0,0,0,0,8,4,4
GLASSCOCK COUNTY,173,9 Years,15,6,9,9,4,5,0,0,0,0,0,0,6,2,4
GLASSCOCK COUNTY,173,10 Years,17,8,9,9,4,5,0,0,0,0,0,0,8,4,4
GLASSCOCK COUNTY,173,11 Years,21,12,9,11,8,3,0,0,0,0,0,0,10,4,6
GLASSCOCK COUNTY,173,12 Years,17,9,8,10,5,5,0,0,0,0,0,0,7,4,3
GLASSCOCK COUNTY,173,13 Years,20,11,9,12,5,7,0,0,0,0,0,0,8,6,2
GLASSCOCK COUNTY,173,14 Years,16,12,4,11,8,3,0,0,0,0,0,0,5,4,1
GLASSCOCK COUNTY,173,15 Years,17,11,6,11,8,3,0,0,0,0,0,0,6,3,3
GLASSCOCK COUNTY,173,16 Years,18,5,13,11,4,7,0,0,0,0,0,0,7,1,6
GLASSCOCK COUNTY,173,17 Years,17,7,10,11,6,5,0,0,0,0,0,0,6,1,5
GLASSCOCK COUNTY,173,18 Years,22,14,8,11,7,4,0,0,0,0,0,0,11,7,4
GLASSCOCK COUNTY,173,19 Years,19,12,7,10,7,3,1,0,1,0,0,0,8,5,3
GLASSCOCK COUNTY,173,20 Years,21,15,6,12,9,3,0,0,0,0,0,0,9,6,3
GLASSCOCK COUNTY,173,21 Years,23,17,6,13,10,3,2,2,0,0,0,0,8,5,3
GLASSCOCK COUNTY,173,22 Years,21,11,10,12,5,7,2,1,1,0,0,0,7,5,2
GLASSCOCK COUNTY,173,23 Years,25,11,14,17,8,9,1,0,1,0,0,0,7,3,4
GLASSCOCK COUNTY,173,24 Years,18,5,13,11,3,8,1,1,0,0,0,0,6,1,5
GLASSCOCK COUNTY,173,25 Years,11,5,6,6,2,4,0,0,0,1,0,1,4,3,1
GLASSCOCK COUNTY,173,26 Years,6,1,5,2,0,2,0,0,0,0,0,0,4,1,3
GLASSCOCK COUNTY,173,27 Years,5,3,2,2,1,1,0,0,0,0,0,0,3,2,1
GLASSCOCK COUNTY,173,28 Years,9,7,2,4,3,1,1,0,1,0,0,0,4,4,0
GLASSCOCK COUNTY,173,29 Years,14,9,5,8,5,3,1,1,0,0,0,0,5,3,2
GLASSCOCK COUNTY,173,30 Years,8,5,3,4,2,2,0,0,0,0,0,0,4,3,1
GLASSCOCK COUNTY,173,31 Years,11,5,6,10,5,5,0,0,0,0,0,0,1,0,1
GLASSCOCK COUNTY,173,32 Years,15,9,6,11,6,5,0,0,0,0,0,0,4,3,1
GLASSCOCK COUNTY,173,33 Years,12,5,7,8,4,4,0,0,0,0,0,0,4,1,3
GLASSCOCK COUNTY,173,34 Years,13,8,5,5,4,1,0,0,0,0,0,0,8,4,4
GLASSCOCK COUNTY,173,35 Years,11,4,7,6,3,3,0,0,0,1,0,1,4,1,3
GLASSCOCK COUNTY,173,36 Years,13,5,8,8,4,4,0,0,0,0,0,0,5,1,4
GLASSCOCK COUNTY,173,37 Years,13,7,6,6,3,3,0,0,0,1,0,1,6,4,2
GLASSCOCK COUNTY,173,38 Years,15,7,8,9,4,5,0,0,0,0,0,0,6,3,3
GLASSCOCK COUNTY,173,39 Years,17,9,8,7,2,5,0,0,0,1,1,0,9,6,3
GLASSCOCK COUNTY,173,40 Years,20,9,11,12,6,6,0,0,0,1,1,0,7,2,5
GLASSCOCK COUNTY,173,41 Years,15,6,9,7,3,4,0,0,0,0,0,0,8,3,5
GLASSCOCK COUNTY,173,42 Years,15,11,4,8,6,2,0,0,0,0,0,0,7,5,2
GLASSCOCK COUNTY,173,43 Years,12,8,4,7,5,2,1,0,1,0,0,0,4,3,1
GLASSCOCK COUNTY,173,44 Years,18,8,10,11,6,5,0,0,0,0,0,0,7,2,5
GLASSCOCK COUNTY,173,45 Years,19,9,10,12,5,7,0,0,0,0,0,0,7,4,3
GLASSCOCK COUNTY,173,46 Years,21,14,7,15,10,5,1,0,1,0,0,0,5,4,1
GLASSCOCK COUNTY,173,47 Years,13,7,6,10,5,5,0,0,0,0,0,0,3,2,1
GLASSCOCK COUNTY,173,48 Years,9,3,6,6,1,5,1,1,0,0,0,0,2,1,1
GLASSCOCK COUNTY,173,49 Years,13,10,3,9,6,3,0,0,0,0,0,0,4,4,0
GLASSCOCK COUNTY,173,50 Years,15,9,6,6,4,2,0,0,0,0,0,0,9,5,4
GLASSCOCK COUNTY,173,51 Years,15,10,5,10,7,3,0,0,0,0,0,0,5,3,2
GLASSCOCK COUNTY,173,52 Years,18,7,11,14,6,8,0,0,0,0,0,0,4,1,3
GLASSCOCK COUNTY,173,53 Years,22,10,12,15,8,7,0,0,0,0,0,0,7,2,5
GLASSCOCK COUNTY,173,54 Years,14,6,8,11,5,6,0,0,0,0,0,0,3,1,2
GLASSCOCK COUNTY,173,55 Years,18,6,12,14,3,11,0,0,0,0,0,0,4,3,1
GLASSCOCK COUNTY,173,56 Years,20,11,9,15,8,7,1,1,0,0,0,0,4,2,2
GLASSCOCK COUNTY,173,57 Years,23,14,9,19,12,7,0,0,0,0,0,0,4,2,2
GLASSCOCK COUNTY,173,58 Years,27,14,13,20,10,10,0,0,0,0,0,0,7,4,3
GLASSCOCK COUNTY,173,59 Years,18,10,8,13,7,6,0,0,0,0,0,0,5,3,2
GLASSCOCK COUNTY,173,60 Years,13,5,8,12,5,7,0,0,0,0,0,0,1,0,1
GLASSCOCK COUNTY,173,61 Years,15,7,8,14,7,7,0,0,0,0,0,0,1,0,1
GLASSCOCK COUNTY,173,62 Years,14,8,6,12,6,6,0,0,0,0,0,0,2,2,0
GLASSCOCK COUNTY,173,63 Years,15,9,6,7,4,3,0,0,0,0,0,0,8,5,3
GLASSCOCK COUNTY,173,64 Years,13,9,4,10,7,3,0,0,0,0,0,0,3,2,1
GLASSCOCK COUNTY,173,65 Years,16,6,10,13,6,7,0,0,0,0,0,0,3,0,3
GLASSCOCK COUNTY,173,66 Years,20,13,7,13,9,4,0,0,0,0,0,0,7,4,3
GLASSCOCK COUNTY,173,67 Years,14,10,4,8,6,2,0,0,0,0,0,0,6,4,2
GLASSCOCK COUNTY,173,68 Years,17,9,8,14,8,6,0,0,0,0,0,0,3,1,2
GLASSCOCK COUNTY,173,69 Years,18,11,7,14,7,7,0,0,0,1,1,0,3,3,0
GLASSCOCK COUNTY,173,70 Years,13,9,4,10,6,4,0,0,0,1,1,0,2,2,0
GLASSCOCK COUNTY,173,71 Years,7,4,3,6,3,3,0,0,0,0,0,0,1,1,0
GLASSCOCK COUNTY,173,72 Years,11,6,5,8,3,5,0,0,0,0,0,0,3,3,0
GLASSCOCK COUNTY,173,73 Years,16,8,8,14,7,7,0,0,0,0,0,0,2,1,1
GLASSCOCK COUNTY,173,74 Years,13,6,7,12,6,6,0,0,0,0,0,0,1,0,1
GLASSCOCK COUNTY,173,75 Years,6,3,3,6,3,3,0,0,0,0,0,0,0,0,0
GLASSCOCK COUNTY,173,76 Years,7,1,6,6,1,5,0,0,0,0,0,0,1,0,1
GLASSCOCK COUNTY,173,77 Years,9,3,6,7,2,5,0,0,0,0,0,0,2,1,1
GLASSCOCK COUNTY,173,78 Years,14,5,9,11,5,6,0,0,0,0,0,0,3,0,3
GLASSCOCK COUNTY,173,79 Years,10,5,5,8,5,3,0,0,0,0,0,0,2,0,2
GLASSCOCK COUNTY,173,80 Years,10,5,5,8,3,5,0,0,0,0,0,0,2,2,0
GLASSCOCK COUNTY,173,81 Years,11,7,4,8,5,3,0,0,0,0,0,0,3,2,1
GLASSCOCK COUNTY,173,82 Years,9,3,6,7,2,5,0,0,0,0,0,0,2,1,1
GLASSCOCK COUNTY,173,83 Years,9,4,5,8,4,4,0,0,0,0,0,0,1,0,1
GLASSCOCK COUNTY,173,84 Years,4,3,1,4,3,1,0,0,0,0,0,0,0,0,0
GLASSCOCK COUNTY,173,85 Years +,18,9,9,17,8,9,0,0,0,0,0,0,1,1,0
GOLIAD COUNTY,175,All Ages,7742,3852,3890,4440,2188,2252,322,159,163,107,59,48,2873,1446,1427
GOLIAD COUNTY,175,< 1 Year,79,47,32,28,16,12,0,0,0,0,0,0,51,31,20
GOLIAD COUNTY,175,1 Years,75,46,29,27,16,11,5,4,1,0,0,0,43,26,17
GOLIAD COUNTY,175,2 Years,71,40,31,26,14,12,7,5,2,3,2,1,35,19,16
GOLIAD COUNTY,175,3 Years,66,30,36,23,11,12,6,4,2,2,1,1,35,14,21
GOLIAD COUNTY,175,4 Years,62,29,33,21,10,11,6,4,2,2,1,1,33,14,19
GOLIAD COUNTY,175,5 Years,70,33,37,22,11,11,5,2,3,1,1,0,42,19,23
GOLIAD COUNTY,175,6 Years,80,40,40,30,17,13,6,1,5,2,1,1,42,21,21
GOLIAD COUNTY,175,7 Years,76,44,32,33,20,13,5,2,3,2,1,1,36,21,15
GOLIAD COUNTY,175,8 Years,91,51,40,31,19,12,6,3,3,3,2,1,51,27,24
GOLIAD COUNTY,175,9 Years,79,41,38,30,18,12,4,2,2,1,1,0,44,20,24
GOLIAD COUNTY,175,10 Years,78,43,35,33,15,18,3,1,2,1,1,0,41,26,15
GOLIAD COUNTY,175,11 Years,89,49,40,39,16,23,5,4,1,1,0,1,44,29,15
GOLIAD COUNTY,175,12 Years,93,50,43,39,18,21,5,3,2,2,0,2,47,29,18
GOLIAD COUNTY,175,13 Years,99,56,43,44,23,21,4,2,2,0,0,0,51,31,20
GOLIAD COUNTY,175,14 Years,117,64,53,46,24,22,5,3,2,2,1,1,64,36,28
GOLIAD COUNTY,175,15 Years,99,51,48,49,23,26,4,1,3,1,1,0,45,26,19
GOLIAD COUNTY,175,16 Years,99,45,54,47,22,25,3,2,1,0,0,0,49,21,28
GOLIAD COUNTY,175,17 Years,107,53,54,50,28,22,4,2,2,1,0,1,52,23,29
GOLIAD COUNTY,175,18 Years,106,60,46,55,32,23,3,2,1,3,2,1,45,24,21
GOLIAD COUNTY,175,19 Years,93,53,40,44,23,21,5,4,1,3,2,1,41,24,17
GOLIAD COUNTY,175,20 Years,93,53,40,37,18,19,2,1,1,3,2,1,51,32,19
GOLIAD COUNTY,175,21 Years,105,53,52,47,24,23,1,1,0,2,1,1,55,27,28
GOLIAD COUNTY,175,22 Years,101,54,47,48,27,21,5,2,3,2,1,1,46,24,22
GOLIAD COUNTY,175,23 Years,106,51,55,64,31,33,2,0,2,2,2,0,38,18,20
GOLIAD COUNTY,175,24 Years,96,53,43,59,31,28,2,1,1,1,1,0,34,20,14
GOLIAD COUNTY,175,25 Years,90,49,41,45,23,22,5,4,1,2,1,1,38,21,17
GOLIAD COUNTY,175,26 Years,74,41,33,35,22,13,5,1,4,1,0,1,33,18,15
GOLIAD COUNTY,175,27 Years,57,30,27,30,16,14,3,0,3,0,0,0,24,14,10
GOLIAD COUNTY,175,28 Years,51,23,28,25,13,12,2,0,2,1,1,0,23,9,14
GOLIAD COUNTY,175,29 Years,51,23,28,24,12,12,2,1,1,2,0,2,23,10,13
GOLIAD COUNTY,175,30 Years,59,33,26,35,20,15,2,2,0,1,1,0,21,10,11
GOLIAD COUNTY,175,31 Years,55,24,31,33,13,20,1,0,1,0,0,0,21,11,10
GOLIAD COUNTY,175,32 Years,59,27,32,34,13,21,2,1,1,1,0,1,22,13,9
GOLIAD COUNTY,175,33 Years,69,34,35,40,20,20,1,0,1,1,0,1,27,14,13
GOLIAD COUNTY,175,34 Years,69,32,37,38,19,19,1,0,1,0,0,0,30,13,17
GOLIAD COUNTY,175,35 Years,80,36,44,44,21,23,3,2,1,0,0,0,33,13,20
GOLIAD COUNTY,175,36 Years,72,40,32,36,21,15,2,1,1,0,0,0,34,18,16
GOLIAD COUNTY,175,37 Years,68,40,28,37,22,15,4,3,1,1,0,1,26,15,11
GOLIAD COUNTY,175,38 Years,69,29,40,36,13,23,2,2,0,1,1,0,30,13,17
GOLIAD COUNTY,175,39 Years,74,33,41,39,19,20,3,2,1,1,0,1,31,12,19
GOLIAD COUNTY,175,40 Years,67,30,37,37,16,21,4,2,2,1,0,1,25,12,13
GOLIAD COUNTY,175,41 Years,82,38,44,43,18,25,2,1,1,1,0,1,36,19,17
GOLIAD COUNTY,175,42 Years,89,42,47,50,23,27,5,4,1,0,0,0,34,15,19
GOLIAD COUNTY,175,43 Years,89,44,45,45,23,22,4,2,2,3,3,0,37,16,21
GOLIAD COUNTY,175,44 Years,95,49,46,55,27,28,3,2,1,1,1,0,36,19,17
GOLIAD COUNTY,175,45 Years,91,42,49,51,26,25,5,1,4,1,0,1,34,15,19
GOLIAD COUNTY,175,46 Years,100,53,47,61,32,29,3,2,1,1,0,1,35,19,16
GOLIAD COUNTY,175,47 Years,91,53,38,52,32,20,1,1,0,3,2,1,35,18,17
GOLIAD COUNTY,175,48 Years,97,53,44,59,33,26,2,1,1,1,1,0,35,18,17
GOLIAD COUNTY,175,49 Years,98,48,50,59,27,32,4,2,2,3,1,2,32,18,14
GOLIAD COUNTY,175,50 Years,111,46,65,63,24,39,5,3,2,1,0,1,42,19,23
GOLIAD COUNTY,175,51 Years,107,44,63,69,26,43,3,2,1,2,1,1,33,15,18
GOLIAD COUNTY,175,52 Years,109,49,60,69,33,36,2,0,2,4,3,1,34,13,21
GOLIAD COUNTY,175,53 Years,99,46,53,64,32,32,3,1,2,3,2,1,29,11,18
GOLIAD COUNTY,175,54 Years,118,56,62,77,38,39,3,1,2,2,1,1,36,16,20
GOLIAD COUNTY,175,55 Years,130,67,63,82,43,39,4,2,2,2,2,0,42,20,22
GOLIAD COUNTY,175,56 Years,134,68,66,83,40,43,7,4,3,1,1,0,43,23,20
GOLIAD COUNTY,175,57 Years,127,66,61,78,41,37,6,4,2,2,2,0,41,19,22
GOLIAD COUNTY,175,58 Years,137,64,73,86,41,45,8,3,5,1,1,0,42,19,23
GOLIAD COUNTY,175,59 Years,132,69,63,88,43,45,6,2,4,0,0,0,38,24,14
GOLIAD COUNTY,175,60 Years,117,63,54,83,43,40,4,2,2,1,1,0,29,17,12
GOLIAD COUNTY,175,61 Years,137,65,72,94,44,50,6,2,4,1,1,0,36,18,18
GOLIAD COUNTY,175,62 Years,130,56,74,94,40,54,7,2,5,0,0,0,29,14,15
GOLIAD COUNTY,175,63 Years,125,57,68,88,38,50,6,2,4,1,1,0,30,16,14
GOLIAD COUNTY,175,64 Years,136,63,73,99,43,56,4,3,1,1,1,0,32,16,16
GOLIAD COUNTY,175,65 Years,134,67,67,92,44,48,5,3,2,1,1,0,36,19,17
GOLIAD COUNTY,175,66 Years,120,62,58,84,44,40,5,3,2,0,0,0,31,15,16
GOLIAD COUNTY,175,67 Years,118,62,56,86,45,41,7,5,2,1,0,1,24,12,12
GOLIAD COUNTY,175,68 Years,112,59,53,83,44,39,3,2,1,0,0,0,26,13,13
GOLIAD COUNTY,175,69 Years,121,54,67,84,42,42,5,0,5,3,0,3,29,12,17
GOLIAD COUNTY,175,70 Years,99,46,53,66,30,36,3,2,1,2,1,1,28,13,15
GOLIAD COUNTY,175,71 Years,92,42,50,66,30,36,2,1,1,2,1,1,22,10,12
GOLIAD COUNTY,175,72 Years,89,39,50,63,29,34,4,3,1,1,0,1,21,7,14
GOLIAD COUNTY,175,73 Years,88,39,49,61,31,30,3,1,2,1,0,1,23,7,16
GOLIAD COUNTY,175,74 Years,80,32,48,53,24,29,3,1,2,1,0,1,23,7,16
GOLIAD COUNTY,175,75 Years,87,43,44,61,29,32,6,4,2,0,0,0,20,10,10
GOLIAD COUNTY,175,76 Years,76,41,35,56,29,27,3,2,1,1,0,1,16,10,6
GOLIAD COUNTY,175,77 Years,54,25,29,40,19,21,0,0,0,1,0,1,13,6,7
GOLIAD COUNTY,175,78 Years,63,28,35,45,21,24,1,0,1,1,0,1,16,7,9
GOLIAD COUNTY,175,79 Years,46,23,23,33,17,16,1,0,1,0,0,0,12,6,6
GOLIAD COUNTY,175,80 Years,43,23,20,27,15,12,1,0,1,0,0,0,15,8,7
GOLIAD COUNTY,175,81 Years,48,25,23,28,17,11,2,0,2,1,1,0,17,7,10
GOLIAD COUNTY,175,82 Years,40,17,23,20,10,10,2,0,2,0,0,0,18,7,11
GOLIAD COUNTY,175,83 Years,32,13,19,20,7,13,2,1,1,0,0,0,10,5,5
GOLIAD COUNTY,175,84 Years,34,17,17,21,11,10,1,1,0,0,0,0,12,5,7
GOLIAD COUNTY,175,85 Years +,191,81,110,119,50,69,15,4,11,2,2,0,55,25,30
GONZALES COUNTY,177,All Ages,20557,10486,10071,8394,4156,4238,1375,724,651,304,138,166,10484,5468,5016
GONZALES COUNTY,177,< 1 Year,318,165,153,77,43,34,14,7,7,7,4,3,220,111,109
GONZALES COUNTY,177,1 Years,323,163,160,86,46,40,16,8,8,7,3,4,214,106,108
GONZALES COUNTY,177,2 Years,318,165,153,90,49,41,15,9,6,8,3,5,205,104,101
GONZALES COUNTY,177,3 Years,293,154,139,88,48,40,14,7,7,7,3,4,184,96,88
GONZALES COUNTY,177,4 Years,278,150,128,78,42,36,12,7,5,6,3,3,182,98,84
GONZALES COUNTY,177,5 Years,282,150,132,80,41,39,15,8,7,7,4,3,180,97,83
GONZALES COUNTY,177,6 Years,290,144,146,73,36,37,16,11,5,9,4,5,192,93,99
GONZALES COUNTY,177,7 Years,291,151,140,69,37,32,16,7,9,8,4,4,198,103,95
GONZALES COUNTY,177,8 Years,296,163,133,74,42,32,15,7,8,7,2,5,200,112,88
GONZALES COUNTY,177,9 Years,297,154,143,77,40,37,15,6,9,9,6,3,196,102,94
GONZALES COUNTY,177,10 Years,303,158,145,77,41,36,17,8,9,7,3,4,202,106,96
GONZALES COUNTY,177,11 Years,295,152,143,62,31,31,15,8,7,4,0,4,214,113,101
GONZALES COUNTY,177,12 Years,305,161,144,72,36,36,15,9,6,4,2,2,214,114,100
GONZALES COUNTY,177,13 Years,332,163,169,82,36,46,14,7,7,8,2,6,228,118,110
GONZALES COUNTY,177,14 Years,315,159,156,82,40,42,16,8,8,7,1,6,210,110,100
GONZALES COUNTY,177,15 Years,309,161,148,82,46,36,23,13,10,6,2,4,198,100,98
GONZALES COUNTY,177,16 Years,297,146,151,95,45,50,20,12,8,7,4,3,175,85,90
GONZALES COUNTY,177,17 Years,305,149,156,94,44,50,20,13,7,6,3,3,185,89,96
GONZALES COUNTY,177,18 Years,283,155,128,94,52,42,16,10,6,4,3,1,169,90,79
GONZALES COUNTY,177,19 Years,264,141,123,93,53,40,17,9,8,4,2,2,150,77,73
GONZALES COUNTY,177,20 Years,250,137,113,86,42,44,18,9,9,3,2,1,143,84,59
GONZALES COUNTY,177,21 Years,241,132,109,75,36,39,15,7,8,4,3,1,147,86,61
GONZALES COUNTY,177,22 Years,268,136,132,83,42,41,14,7,7,5,3,2,166,84,82
GONZALES COUNTY,177,23 Years,274,137,137,88,45,43,22,9,13,4,2,2,160,81,79
GONZALES COUNTY,177,24 Years,291,143,148,90,46,44,21,13,8,7,3,4,173,81,92
GONZALES COUNTY,177,25 Years,257,143,114,76,45,31,22,15,7,3,1,2,156,82,74
GONZALES COUNTY,177,26 Years,253,151,102,75,49,26,24,17,7,2,0,2,152,85,67
GONZALES COUNTY,177,27 Years,252,140,112,87,46,41,22,12,10,2,1,1,141,81,60
GONZALES COUNTY,177,28 Years,241,132,109,76,35,41,21,14,7,1,0,1,143,83,60
GONZALES COUNTY,177,29 Years,218,115,103,69,31,38,18,12,6,2,0,2,129,72,57
GONZALES COUNTY,177,30 Years,238,114,124,65,31,34,24,16,8,3,1,2,146,66,80
GONZALES COUNTY,177,31 Years,232,120,112,62,31,31,24,15,9,4,1,3,142,73,69
GONZALES COUNTY,177,32 Years,213,109,104,63,30,33,16,8,8,1,0,1,133,71,62
GONZALES COUNTY,177,33 Years,245,135,110,76,36,40,21,11,10,0,0,0,148,88,60
GONZALES COUNTY,177,34 Years,213,111,102,64,28,36,16,10,6,3,0,3,130,73,57
GONZALES COUNTY,177,35 Years,197,109,88,62,31,31,14,11,3,2,0,2,119,67,52
GONZALES COUNTY,177,36 Years,234,127,107,75,46,29,13,8,5,1,1,0,145,72,73
GONZALES COUNTY,177,37 Years,223,114,109,74,34,40,12,7,5,5,3,2,132,70,62
GONZALES COUNTY,177,38 Years,218,115,103,60,27,33,15,10,5,6,3,3,137,75,62
GONZALES COUNTY,177,39 Years,212,109,103,65,30,35,13,7,6,5,2,3,129,70,59
GONZALES COUNTY,177,40 Years,213,103,110,70,30,40,11,5,6,3,2,1,129,66,63
GONZALES COUNTY,177,41 Years,232,119,113,78,36,42,16,10,6,2,2,0,136,71,65
GONZALES COUNTY,177,42 Years,218,121,97,78,43,35,14,9,5,4,1,3,122,68,54
GONZALES COUNTY,177,43 Years,206,101,105,79,37,42,14,7,7,5,2,3,108,55,53
GONZALES COUNTY,177,44 Years,226,114,112,95,46,49,9,4,5,3,2,1,119,62,57
GONZALES COUNTY,177,45 Years,227,116,111,105,57,48,10,5,5,2,1,1,110,53,57
GONZALES COUNTY,177,46 Years,243,125,118,95,51,44,14,6,8,2,2,0,132,66,66
GONZALES COUNTY,177,47 Years,252,126,126,103,53,50,9,4,5,6,4,2,134,65,69
GONZALES COUNTY,177,48 Years,217,109,108,89,47,42,7,3,4,3,1,2,118,58,60
GONZALES COUNTY,177,49 Years,213,104,109,87,40,47,13,3,10,4,2,2,109,59,50
GONZALES COUNTY,177,50 Years,236,122,114,105,53,52,15,7,8,2,1,1,114,61,53
GONZALES COUNTY,177,51 Years,252,136,116,115,64,51,17,11,6,3,1,2,117,60,57
GONZALES COUNTY,177,52 Years,267,136,131,119,64,55,22,11,11,2,0,2,124,61,63
GONZALES COUNTY,177,53 Years,289,145,144,137,67,70,22,8,14,3,1,2,127,69,58
GONZALES COUNTY,177,54 Years,295,146,149,148,71,77,22,9,13,1,1,0,124,65,59
GONZALES COUNTY,177,55 Years,281,144,137,140,69,71,29,14,15,1,0,1,111,61,50
GONZALES COUNTY,177,56 Years,299,154,145,155,73,82,26,14,12,3,1,2,115,66,49
GONZALES COUNTY,177,57 Years,303,148,155,152,68,84,24,13,11,2,0,2,125,67,58
GONZALES COUNTY,177,58 Years,295,146,149,159,74,85,20,10,10,3,0,3,113,62,51
GONZALES COUNTY,177,59 Years,288,145,143,162,78,84,23,12,11,4,2,2,99,53,46
GONZALES COUNTY,177,60 Years,278,142,136,157,74,83,26,14,12,5,2,3,90,52,38
GONZALES COUNTY,177,61 Years,266,136,130,146,69,77,25,13,12,2,1,1,93,53,40
GONZALES COUNTY,177,62 Years,255,129,126,145,72,73,22,12,10,2,1,1,86,44,42
GONZALES COUNTY,177,63 Years,246,129,117,148,76,72,23,12,11,2,1,1,73,40,33
GONZALES COUNTY,177,64 Years,237,122,115,139,67,72,26,17,9,1,1,0,71,37,34
GONZALES COUNTY,177,65 Years,209,99,110,120,55,65,17,8,9,2,0,2,70,36,34
GONZALES COUNTY,177,66 Years,208,110,98,128,68,60,14,6,8,1,0,1,65,36,29
GONZALES COUNTY,177,67 Years,242,127,115,163,86,77,14,7,7,2,2,0,63,32,31
GONZALES COUNTY,177,68 Years,225,116,109,150,83,67,11,4,7,2,1,1,62,28,34
GONZALES COUNTY,177,69 Years,237,119,118,166,84,82,12,5,7,1,1,0,58,29,29
GONZALES COUNTY,177,70 Years,186,93,93,119,59,60,8,4,4,3,3,0,56,27,29
GONZALES COUNTY,177,71 Years,160,71,89,92,42,50,6,4,2,4,1,3,58,24,34
GONZALES COUNTY,177,72 Years,167,81,86,111,54,57,6,3,3,6,1,5,44,23,21
GONZALES COUNTY,177,73 Years,163,80,83,117,55,62,7,3,4,2,1,1,37,21,16
GONZALES COUNTY,177,74 Years,168,82,86,123,59,64,9,4,5,0,0,0,36,19,17
GONZALES COUNTY,177,75 Years,154,74,80,104,53,51,13,4,9,0,0,0,37,17,20
GONZALES COUNTY,177,76 Years,144,64,80,95,45,50,8,2,6,1,1,0,40,16,24
GONZALES COUNTY,177,77 Years,139,63,76,94,42,52,13,6,7,1,1,0,31,14,17
GONZALES COUNTY,177,78 Years,118,53,65,80,38,42,11,4,7,0,0,0,27,11,16
GONZALES COUNTY,177,79 Years,112,52,60,75,36,39,9,3,6,0,0,0,28,13,15
GONZALES COUNTY,177,80 Years,102,46,56,66,31,35,8,2,6,1,1,0,27,12,15
GONZALES COUNTY,177,81 Years,105,57,48,66,35,31,9,5,4,3,3,0,27,14,13
GONZALES COUNTY,177,82 Years,81,38,43,51,23,28,8,5,3,1,1,0,21,9,12
GONZALES COUNTY,177,83 Years,82,36,46,55,25,30,7,3,4,0,0,0,20,8,12
GONZALES COUNTY,177,84 Years,72,34,38,50,24,26,6,3,3,0,0,0,16,7,9
GONZALES COUNTY,177,85 Years +,385,140,245,267,91,176,34,14,20,9,5,4,75,30,45
GRAY COUNTY,179,All Ages,22683,11927,10756,14277,7181,7096,1045,757,288,621,310,311,6740,3679,3061
GRAY COUNTY,179,< 1 Year,305,162,143,149,80,69,8,5,3,10,2,8,138,75,63
GRAY COUNTY,179,1 Years,320,167,153,157,84,73,7,4,3,12,4,8,144,75,69
GRAY COUNTY,179,2 Years,336,176,160,167,88,79,6,3,3,13,7,6,150,78,72
GRAY COUNTY,179,3 Years,337,175,162,162,85,77,7,4,3,14,8,6,154,78,76
GRAY COUNTY,179,4 Years,339,185,154,165,86,79,7,3,4,20,16,4,147,80,67
GRAY COUNTY,179,5 Years,345,184,161,162,82,80,9,4,5,20,16,4,154,82,72
GRAY COUNTY,179,6 Years,343,175,168,162,84,78,9,2,7,17,10,7,155,79,76
GRAY COUNTY,179,7 Years,328,166,162,160,78,82,7,3,4,13,8,5,148,77,71
GRAY COUNTY,179,8 Years,351,181,170,172,87,85,6,3,3,14,5,9,159,86,73
GRAY COUNTY,179,9 Years,334,163,171,159,82,77,7,4,3,14,4,10,154,73,81
GRAY COUNTY,179,10 Years,344,182,162,161,91,70,5,3,2,15,6,9,163,82,81
GRAY COUNTY,179,11 Years,374,201,173,177,95,82,10,6,4,13,3,10,174,97,77
GRAY COUNTY,179,12 Years,339,164,175,166,81,85,13,4,9,10,2,8,150,77,73
GRAY COUNTY,179,13 Years,323,154,169,156,73,83,13,7,6,9,4,5,145,70,75
GRAY COUNTY,179,14 Years,318,162,156,166,84,82,10,7,3,11,6,5,131,65,66
GRAY COUNTY,179,15 Years,311,162,149,168,86,82,8,5,3,8,6,2,127,65,62
GRAY COUNTY,179,16 Years,309,170,139,157,84,73,7,4,3,8,6,2,137,76,61
GRAY COUNTY,179,17 Years,287,146,141,148,83,65,6,1,5,9,6,3,124,56,68
GRAY COUNTY,179,18 Years,265,123,142,148,75,73,9,5,4,9,4,5,99,39,60
GRAY COUNTY,179,19 Years,252,125,127,130,67,63,6,3,3,6,2,4,110,53,57
GRAY COUNTY,179,20 Years,233,126,107,116,62,54,10,7,3,6,3,3,101,54,47
GRAY COUNTY,179,21 Years,248,129,119,121,62,59,9,5,4,8,5,3,110,57,53
GRAY COUNTY,179,22 Years,278,138,140,151,73,78,13,5,8,7,4,3,107,56,51
GRAY COUNTY,179,23 Years,287,148,139,159,79,80,12,5,7,6,2,4,110,62,48
GRAY COUNTY,179,24 Years,286,151,135,167,82,85,14,9,5,8,5,3,97,55,42
GRAY COUNTY,179,25 Years,237,121,116,124,59,65,10,6,4,4,2,2,99,54,45
GRAY COUNTY,179,26 Years,262,154,108,137,75,62,19,15,4,4,2,2,102,62,40
GRAY COUNTY,179,27 Years,281,169,112,141,75,66,20,16,4,6,3,3,114,75,39
GRAY COUNTY,179,28 Years,290,178,112,147,80,67,23,20,3,5,2,3,115,76,39
GRAY COUNTY,179,29 Years,294,172,122,150,75,75,25,23,2,6,3,3,113,71,42
GRAY COUNTY,179,30 Years,291,171,120,143,77,66,28,25,3,6,4,2,114,65,49
GRAY COUNTY,179,31 Years,287,163,124,162,86,76,24,21,3,3,1,2,98,55,43
GRAY COUNTY,179,32 Years,280,159,121,153,86,67,21,16,5,9,3,6,97,54,43
GRAY COUNTY,179,33 Years,269,158,111,145,86,59,18,16,2,8,3,5,98,53,45
GRAY COUNTY,179,34 Years,287,149,138,170,81,89,16,14,2,7,3,4,94,51,43
GRAY COUNTY,179,35 Years,269,155,114,157,81,76,17,15,2,5,3,2,90,56,34
GRAY COUNTY,179,36 Years,276,149,127,161,79,82,13,11,2,3,2,1,99,57,42
GRAY COUNTY,179,37 Years,279,161,118,159,85,74,17,15,2,6,3,3,97,58,39
GRAY COUNTY,179,38 Years,238,136,102,128,68,60,13,10,3,10,6,4,87,52,35
GRAY COUNTY,179,39 Years,264,138,126,152,71,81,15,12,3,8,4,4,89,51,38
GRAY COUNTY,179,40 Years,282,162,120,158,86,72,23,21,2,6,3,3,95,52,43
GRAY COUNTY,179,41 Years,261,160,101,157,93,64,11,10,1,4,2,2,89,55,34
GRAY COUNTY,179,42 Years,277,165,112,154,82,72,26,23,3,7,4,3,90,56,34
GRAY COUNTY,179,43 Years,285,165,120,162,83,79,19,19,0,4,2,2,100,61,39
GRAY COUNTY,179,44 Years,301,179,122,186,101,85,21,20,1,4,3,1,90,55,35
GRAY COUNTY,179,45 Years,304,174,130,202,110,92,17,16,1,4,2,2,81,46,35
GRAY COUNTY,179,46 Years,299,165,134,196,104,92,17,14,3,7,3,4,79,44,35
GRAY COUNTY,179,47 Years,296,172,124,181,103,78,30,25,5,4,1,3,81,43,38
GRAY COUNTY,179,48 Years,282,162,120,185,107,78,17,12,5,5,3,2,75,40,35
GRAY COUNTY,179,49 Years,267,155,112,169,89,80,21,20,1,5,3,2,72,43,29
GRAY COUNTY,179,50 Years,261,149,112,177,94,83,21,19,2,3,2,1,60,34,26
GRAY COUNTY,179,51 Years,261,155,106,180,100,80,25,22,3,6,3,3,50,30,20
GRAY COUNTY,179,52 Years,288,168,120,193,100,93,25,22,3,5,3,2,65,43,22
GRAY COUNTY,179,53 Years,294,167,127,223,122,101,13,10,3,8,4,4,50,31,19
GRAY COUNTY,179,54 Years,297,158,139,220,111,109,18,15,3,7,3,4,52,29,23
GRAY COUNTY,179,55 Years,309,155,154,227,109,118,16,13,3,10,4,6,56,29,27
GRAY COUNTY,179,56 Years,305,157,148,221,107,114,15,10,5,9,6,3,60,34,26
GRAY COUNTY,179,57 Years,298,152,146,217,104,113,13,9,4,9,4,5,59,35,24
GRAY COUNTY,179,58 Years,284,144,140,217,106,111,18,13,5,9,1,8,40,24,16
GRAY COUNTY,179,59 Years,301,163,138,242,124,118,12,9,3,6,3,3,41,27,14
GRAY COUNTY,179,60 Years,287,148,139,226,112,114,12,9,3,8,4,4,41,23,18
GRAY COUNTY,179,61 Years,279,145,134,214,107,107,13,9,4,8,6,2,44,23,21
GRAY COUNTY,179,62 Years,277,137,140,225,107,118,20,12,8,7,4,3,25,14,11
GRAY COUNTY,179,63 Years,263,130,133,207,97,110,19,11,8,5,3,2,32,19,13
GRAY COUNTY,179,64 Years,240,128,112,195,104,91,10,4,6,6,3,3,29,17,12
GRAY COUNTY,179,65 Years,233,118,115,204,102,102,4,1,3,4,2,2,21,13,8
GRAY COUNTY,179,66 Years,236,123,113,200,108,92,6,1,5,4,3,1,26,11,15
GRAY COUNTY,179,67 Years,219,109,110,180,94,86,6,2,4,6,2,4,27,11,16
GRAY COUNTY,179,68 Years,209,99,110,176,84,92,9,5,4,5,2,3,19,8,11
GRAY COUNTY,179,69 Years,209,98,111,180,84,96,3,2,1,8,5,3,18,7,11
GRAY COUNTY,179,70 Years,190,91,99,152,75,77,7,4,3,9,4,5,22,8,14
GRAY COUNTY,179,71 Years,183,88,95,155,74,81,5,2,3,5,2,3,18,10,8
GRAY COUNTY,179,72 Years,183,89,94,159,75,84,4,4,0,5,1,4,15,9,6
GRAY COUNTY,179,73 Years,183,83,100,154,68,86,7,4,3,6,4,2,16,7,9
GRAY COUNTY,179,74 Years,145,62,83,130,56,74,3,1,2,3,1,2,9,4,5
GRAY COUNTY,179,75 Years,141,65,76,127,59,68,4,2,2,2,1,1,8,3,5
GRAY COUNTY,179,76 Years,145,71,74,126,59,67,5,3,2,2,2,0,12,7,5
GRAY COUNTY,179,77 Years,145,70,75,121,56,65,5,3,2,6,4,2,13,7,6
GRAY COUNTY,179,78 Years,130,51,79,118,47,71,2,0,2,4,1,3,6,3,3
GRAY COUNTY,179,79 Years,120,45,75,109,40,69,2,1,1,2,1,1,7,3,4
GRAY COUNTY,179,80 Years,129,56,73,112,52,60,2,0,2,5,0,5,10,4,6
GRAY COUNTY,179,81 Years,117,48,69,99,45,54,6,0,6,4,1,3,8,2,6
GRAY COUNTY,179,82 Years,99,38,61,90,34,56,2,1,1,2,1,1,5,2,3
GRAY COUNTY,179,83 Years,114,44,70,104,37,67,1,1,0,2,1,1,7,5,2
GRAY COUNTY,179,84 Years,94,38,56,85,31,54,3,3,0,1,1,0,5,3,2
GRAY COUNTY,179,85 Years +,465,178,287,427,162,265,10,4,6,10,4,6,18,8,10
GRAYSON COUNTY,181,All Ages,126364,61889,64475,94180,45728,48452,7075,3523,3552,6895,3260,3635,18214,9378,8836
GRAYSON COUNTY,181,< 1 Year,1498,743,755,901,466,435,87,46,41,156,69,87,354,162,192
GRAYSON COUNTY,181,1 Years,1520,758,762,925,472,453,87,44,43,152,71,81,356,171,185
GRAYSON COUNTY,181,2 Years,1520,770,750,937,484,453,85,43,42,146,65,81,352,178,174
GRAYSON COUNTY,181,3 Years,1500,780,720,931,495,436,89,41,48,133,62,71,347,182,165
GRAYSON COUNTY,181,4 Years,1487,776,711,920,495,425,92,43,49,126,54,72,349,184,165
GRAYSON COUNTY,181,5 Years,1523,802,721,934,492,442,92,46,46,149,78,71,348,186,162
GRAYSON COUNTY,181,6 Years,1552,799,753,963,502,461,95,46,49,134,74,60,360,177,183
GRAYSON COUNTY,181,7 Years,1585,800,785,988,498,490,99,47,52,141,75,66,357,180,177
GRAYSON COUNTY,181,8 Years,1621,822,799,1007,509,498,101,57,44,148,76,72,365,180,185
GRAYSON COUNTY,181,9 Years,1579,807,772,983,504,479,113,67,46,137,67,70,346,169,177
GRAYSON COUNTY,181,10 Years,1681,853,828,1061,536,525,108,56,52,157,79,78,355,182,173
GRAYSON COUNTY,181,11 Years,1718,867,851,1099,559,540,96,41,55,147,72,75,376,195,181
GRAYSON COUNTY,181,12 Years,1662,829,833,1073,543,530,104,52,52,121,59,62,364,175,189
GRAYSON COUNTY,181,13 Years,1632,795,837,1065,532,533,122,55,67,108,53,55,337,155,182
GRAYSON COUNTY,181,14 Years,1709,910,799,1090,591,499,119,59,60,124,63,61,376,197,179
GRAYSON COUNTY,181,15 Years,1741,918,823,1123,596,527,108,62,46,116,59,57,394,201,193
GRAYSON COUNTY,181,16 Years,1746,881,865,1119,576,543,115,58,57,128,68,60,384,179,205
GRAYSON COUNTY,181,17 Years,1757,889,868,1127,581,546,118,59,59,119,65,54,393,184,209
GRAYSON COUNTY,181,18 Years,1639,853,786,1066,564,502,101,58,43,112,52,60,360,179,181
GRAYSON COUNTY,181,19 Years,1543,811,732,991,528,463,105,63,42,106,48,58,341,172,169
GRAYSON COUNTY,181,20 Years,1482,765,717,946,489,457,100,54,46,105,51,54,331,171,160
GRAYSON COUNTY,181,21 Years,1467,788,679,932,494,438,92,49,43,116,64,52,327,181,146
GRAYSON COUNTY,181,22 Years,1587,837,750,1035,541,494,97,46,51,120,66,54,335,184,151
GRAYSON COUNTY,181,23 Years,1726,904,822,1118,588,530,106,45,61,121,64,57,381,207,174
GRAYSON COUNTY,181,24 Years,1895,982,913,1221,643,578,116,61,55,149,70,79,409,208,201
GRAYSON COUNTY,181,25 Years,2162,1081,1081,1434,716,718,139,70,69,161,72,89,428,223,205
GRAYSON COUNTY,181,26 Years,2072,1010,1062,1374,661,713,139,64,75,140,64,76,419,221,198
GRAYSON COUNTY,181,27 Years,1880,916,964,1263,587,676,124,63,61,130,64,66,363,202,161
GRAYSON COUNTY,181,28 Years,1716,877,839,1156,585,571,104,55,49,98,45,53,358,192,166
GRAYSON COUNTY,181,29 Years,1534,774,760,1019,505,514,98,50,48,82,39,43,335,180,155
GRAYSON COUNTY,181,30 Years,1359,701,658,907,461,446,77,41,36,72,31,41,303,168,135
GRAYSON COUNTY,181,31 Years,1342,682,660,904,443,461,91,52,39,59,25,34,288,162,126
GRAYSON COUNTY,181,32 Years,1243,620,623,827,397,430,85,47,38,72,34,38,259,142,117
GRAYSON COUNTY,181,33 Years,1255,626,629,849,414,435,77,44,33,64,33,31,265,135,130
GRAYSON COUNTY,181,34 Years,1295,663,632,890,457,433,90,48,42,58,28,30,257,130,127
GRAYSON COUNTY,181,35 Years,1372,676,696,931,471,460,99,47,52,70,30,40,272,128,144
GRAYSON COUNTY,181,36 Years,1382,700,682,928,476,452,95,49,46,84,35,49,275,140,135
GRAYSON COUNTY,181,37 Years,1288,659,629,876,444,432,93,46,47,77,34,43,242,135,107
GRAYSON COUNTY,181,38 Years,1293,656,637,877,428,449,82,44,38,74,37,37,260,147,113
GRAYSON COUNTY,181,39 Years,1297,641,656,907,450,457,73,28,45,77,41,36,240,122,118
GRAYSON COUNTY,181,40 Years,1281,625,656,899,439,460,70,31,39,80,35,45,232,120,112
GRAYSON COUNTY,181,41 Years,1388,690,698,972,478,494,71,37,34,84,37,47,261,138,123
GRAYSON COUNTY,181,42 Years,1427,711,716,1019,503,516,74,39,35,73,33,40,261,136,125
GRAYSON COUNTY,181,43 Years,1390,683,707,1009,494,515,82,37,45,66,26,40,233,126,107
GRAYSON COUNTY,181,44 Years,1467,700,767,1087,508,579,76,34,42,75,35,40,229,123,106
GRAYSON COUNTY,181,45 Years,1569,759,810,1194,568,626,72,34,38,80,38,42,223,119,104
GRAYSON COUNTY,181,46 Years,1565,742,823,1189,547,642,79,39,40,73,35,38,224,121,103
GRAYSON COUNTY,181,47 Years,1551,761,790,1199,575,624,70,38,32,64,30,34,218,118,100
GRAYSON COUNTY,181,48 Years,1485,676,809,1145,516,629,76,37,39,67,32,35,197,91,106
GRAYSON COUNTY,181,49 Years,1455,702,753,1125,531,594,85,47,38,70,35,35,175,89,86
GRAYSON COUNTY,181,50 Years,1545,768,777,1210,588,622,77,43,34,70,34,36,188,103,85
GRAYSON COUNTY,181,51 Years,1672,807,865,1334,641,693,93,48,45,78,31,47,167,87,80
GRAYSON COUNTY,181,52 Years,1785,892,893,1457,727,730,106,54,52,74,33,41,148,78,70
GRAYSON COUNTY,181,53 Years,1805,877,928,1480,714,766,110,59,51,69,30,39,146,74,72
GRAYSON COUNTY,181,54 Years,1777,875,902,1451,715,736,106,53,53,76,32,44,144,75,69
GRAYSON COUNTY,181,55 Years,1849,904,945,1515,738,777,112,61,51,77,31,46,145,74,71
GRAYSON COUNTY,181,56 Years,1840,886,954,1542,742,800,106,51,55,71,33,38,121,60,61
GRAYSON COUNTY,181,57 Years,1839,877,962,1564,741,823,107,55,52,63,26,37,105,55,50
GRAYSON COUNTY,181,58 Years,1843,912,931,1561,773,788,107,52,55,72,31,41,103,56,47
GRAYSON COUNTY,181,59 Years,1829,865,964,1538,728,810,119,53,66,71,31,40,101,53,48
GRAYSON COUNTY,181,60 Years,1815,841,974,1555,720,835,102,48,54,66,29,37,92,44,48
GRAYSON COUNTY,181,61 Years,1738,837,901,1501,719,782,95,46,49,62,30,32,80,42,38
GRAYSON COUNTY,181,62 Years,1643,773,870,1434,677,757,79,36,43,59,22,37,71,38,33
GRAYSON COUNTY,181,63 Years,1535,729,806,1357,645,712,73,36,37,42,14,28,63,34,29
GRAYSON COUNTY,181,64 Years,1523,720,803,1341,626,715,72,40,32,48,21,27,62,33,29
GRAYSON COUNTY,181,65 Years,1444,674,770,1260,584,676,77,40,37,47,21,26,60,29,31
GRAYSON COUNTY,181,66 Years,1528,703,825,1340,609,731,79,42,37,45,20,25,64,32,32
GRAYSON COUNTY,181,67 Years,1490,706,784,1333,626,707,73,35,38,34,16,18,50,29,21
GRAYSON COUNTY,181,68 Years,1510,733,777,1374,661,713,57,29,28,36,17,19,43,26,17
GRAYSON COUNTY,181,69 Years,1545,727,818,1399,658,741,65,35,30,37,13,24,44,21,23
GRAYSON COUNTY,181,70 Years,1308,594,714,1186,543,643,50,22,28,37,14,23,35,15,20
GRAYSON COUNTY,181,71 Years,1212,557,655,1094,509,585,39,14,25,41,21,20,38,13,25
GRAYSON COUNTY,181,72 Years,1228,588,640,1115,533,582,45,23,22,37,16,21,31,16,15
GRAYSON COUNTY,181,73 Years,1193,577,616,1099,529,570,37,18,19,30,15,15,27,15,12
GRAYSON COUNTY,181,74 Years,1095,514,581,1005,473,532,29,13,16,25,12,13,36,16,20
GRAYSON COUNTY,181,75 Years,942,415,527,866,381,485,28,12,16,17,8,9,31,14,17
GRAYSON COUNTY,181,76 Years,872,400,472,791,362,429,39,15,24,14,9,5,28,14,14
GRAYSON COUNTY,181,77 Years,805,375,430,741,348,393,26,10,16,17,9,8,21,8,13
GRAYSON COUNTY,181,78 Years,724,330,394,664,302,362,19,7,12,21,11,10,20,10,10
GRAYSON COUNTY,181,79 Years,695,320,375,635,295,340,21,7,14,19,8,11,20,10,10
GRAYSON COUNTY,181,80 Years,605,260,345,555,236,319,19,8,11,19,8,11,12,8,4
GRAYSON COUNTY,181,81 Years,606,255,351,560,235,325,17,6,11,15,7,8,14,7,7
GRAYSON COUNTY,181,82 Years,549,227,322,509,211,298,14,5,9,12,4,8,14,7,7
GRAYSON COUNTY,181,83 Years,522,212,310,487,197,290,12,5,7,11,4,7,12,6,6
GRAYSON COUNTY,181,84 Years,460,188,272,429,175,254,12,5,7,7,2,5,12,6,6
GRAYSON COUNTY,181,85 Years +,2555,901,1654,2363,835,1528,85,18,67,55,25,30,52,23,29
GREGG COUNTY,183,All Ages,125907,62253,63654,69818,33916,35902,24218,11458,12760,4978,2463,2515,26893,14416,12477
GREGG COUNTY,183,< 1 Year,1718,870,848,751,381,370,337,165,172,110,51,59,520,273,247
GREGG COUNTY,183,1 Years,1787,923,864,770,401,369,348,174,174,124,57,67,545,291,254
GREGG COUNTY,183,2 Years,1829,952,877,778,402,376,351,180,171,132,63,69,568,307,261
GREGG COUNTY,183,3 Years,1850,952,898,782,401,381,361,184,177,125,61,64,582,306,276
GREGG COUNTY,183,4 Years,1839,938,901,772,391,381,352,180,172,128,59,69,587,308,279
GREGG COUNTY,183,5 Years,1899,969,930,791,408,383,342,178,164,144,69,75,622,314,308
GREGG COUNTY,183,6 Years,1783,935,848,749,392,357,324,172,152,120,67,53,590,304,286
GREGG COUNTY,183,7 Years,1738,910,828,732,395,337,344,177,167,101,51,50,561,287,274
GREGG COUNTY,183,8 Years,1758,898,860,716,373,343,366,185,181,112,49,63,564,291,273
GREGG COUNTY,183,9 Years,1744,879,865,737,378,359,325,167,158,99,49,50,583,285,298
GREGG COUNTY,183,10 Years,1744,909,835,724,395,329,323,170,153,88,44,44,609,300,309
GREGG COUNTY,183,11 Years,1760,878,882,707,367,340,361,180,181,106,42,64,586,289,297
GREGG COUNTY,183,12 Years,1732,878,854,684,362,322,364,185,179,102,46,56,582,285,297
GREGG COUNTY,183,13 Years,1739,889,850,727,384,343,352,174,178,91,51,40,569,280,289
GREGG COUNTY,183,14 Years,1726,906,820,741,385,356,369,201,168,81,46,35,535,274,261
GREGG COUNTY,183,15 Years,1678,883,795,717,377,340,370,189,181,86,49,37,505,268,237
GREGG COUNTY,183,16 Years,1694,899,795,733,388,345,388,190,198,88,48,40,485,273,212
GREGG COUNTY,183,17 Years,1681,894,787,750,397,353,387,186,201,88,47,41,456,264,192
GREGG COUNTY,183,18 Years,1624,838,786,734,365,369,361,185,176,81,44,37,448,244,204
GREGG COUNTY,183,19 Years,1503,780,723,647,322,325,350,185,165,79,44,35,427,229,198
GREGG COUNTY,183,20 Years,1515,775,740,654,333,321,357,180,177,82,41,41,422,221,201
GREGG COUNTY,183,21 Years,1564,807,757,689,358,331,349,177,172,79,37,42,447,235,212
GREGG COUNTY,183,22 Years,1599,815,784,708,351,357,348,169,179,76,33,43,467,262,205
GREGG COUNTY,183,23 Years,1734,876,858,783,387,396,396,191,205,79,37,42,476,261,215
GREGG COUNTY,183,24 Years,1996,1042,954,963,492,471,426,220,206,100,56,44,507,274,233
GREGG COUNTY,183,25 Years,2195,1149,1046,1112,565,547,449,233,216,98,57,41,536,294,242
GREGG COUNTY,183,26 Years,2231,1158,1073,1154,589,565,431,215,216,91,49,42,555,305,250
GREGG COUNTY,183,27 Years,2108,1136,972,1137,605,532,351,187,164,88,51,37,532,293,239
GREGG COUNTY,183,28 Years,2046,1069,977,1083,564,519,358,169,189,80,44,36,525,292,233
GREGG COUNTY,183,29 Years,1927,982,945,1007,498,509,333,155,178,72,39,33,515,290,225
GREGG COUNTY,183,30 Years,1763,902,861,905,441,464,307,144,163,63,37,26,488,280,208
GREGG COUNTY,183,31 Years,1733,887,846,861,424,437,298,137,161,71,43,28,503,283,220
GREGG COUNTY,183,32 Years,1714,856,858,839,402,437,291,142,149,66,37,29,518,275,243
GREGG COUNTY,183,33 Years,1731,878,853,838,427,411,325,152,173,57,32,25,511,267,244
GREGG COUNTY,183,34 Years,1701,847,854,805,410,395,332,151,181,57,31,26,507,255,252
GREGG COUNTY,183,35 Years,1671,813,858,822,407,415,326,139,187,63,33,30,460,234,226
GREGG COUNTY,183,36 Years,1653,836,817,807,405,402,335,155,180,72,34,38,439,242,197
GREGG COUNTY,183,37 Years,1557,797,760,751,392,359,334,154,180,67,30,37,405,221,184
GREGG COUNTY,183,38 Years,1567,796,771,762,377,385,352,166,186,58,29,29,395,224,171
GREGG COUNTY,183,39 Years,1533,788,745,753,387,366,329,158,171,53,22,31,398,221,177
GREGG COUNTY,183,40 Years,1446,724,722,735,380,355,281,106,175,50,23,27,380,215,165
GREGG COUNTY,183,41 Years,1415,721,694,724,371,353,266,110,156,50,23,27,375,217,158
GREGG COUNTY,183,42 Years,1412,715,697,731,367,364,288,131,157,49,22,27,344,195,149
GREGG COUNTY,183,43 Years,1365,683,682,706,346,360,294,132,162,45,23,22,320,182,138
GREGG COUNTY,183,44 Years,1428,704,724,756,359,397,306,139,167,47,24,23,319,182,137
GREGG COUNTY,183,45 Years,1552,770,782,834,401,433,337,166,171,55,21,34,326,182,144
GREGG COUNTY,183,46 Years,1558,777,781,891,444,447,314,143,171,48,21,27,305,169,136
GREGG COUNTY,183,47 Years,1455,702,753,859,403,456,289,129,160,39,18,21,268,152,116
GREGG COUNTY,183,48 Years,1360,674,686,770,381,389,288,132,156,43,20,23,259,141,118
GREGG COUNTY,183,49 Years,1349,682,667,771,390,381,276,129,147,47,21,26,255,142,113
GREGG COUNTY,183,50 Years,1354,675,679,797,389,408,260,123,137,46,23,23,251,140,111
GREGG COUNTY,183,51 Years,1483,730,753,908,442,466,287,131,156,38,16,22,250,141,109
GREGG COUNTY,183,52 Years,1520,730,790,946,454,492,290,132,158,39,16,23,245,128,117
GREGG COUNTY,183,53 Years,1531,744,787,946,453,493,309,141,168,52,25,27,224,125,99
GREGG COUNTY,183,54 Years,1625,769,856,1036,490,546,325,136,189,43,19,24,221,124,97
GREGG COUNTY,183,55 Years,1597,760,837,1020,480,540,326,145,181,45,22,23,206,113,93
GREGG COUNTY,183,56 Years,1644,777,867,1064,505,559,348,151,197,43,20,23,189,101,88
GREGG COUNTY,183,57 Years,1581,757,824,1052,494,558,329,156,173,44,17,27,156,90,66
GREGG COUNTY,183,58 Years,1640,797,843,1133,551,582,327,149,178,38,12,26,142,85,57
GREGG COUNTY,183,59 Years,1582,799,783,1106,557,549,321,155,166,35,13,22,120,74,46
GREGG COUNTY,183,60 Years,1518,751,767,1047,520,527,321,153,168,39,15,24,111,63,48
GREGG COUNTY,183,61 Years,1490,734,756,1024,505,519,312,146,166,45,24,21,109,59,50
GREGG COUNTY,183,62 Years,1400,663,737,993,469,524,276,122,154,39,21,18,92,51,41
GREGG COUNTY,183,63 Years,1408,641,767,1009,454,555,258,114,144,37,19,18,104,54,50
GREGG COUNTY,183,64 Years,1346,665,681,994,490,504,248,119,129,30,15,15,74,41,33
GREGG COUNTY,183,65 Years,1286,641,645,942,478,464,243,109,134,29,15,14,72,39,33
GREGG COUNTY,183,66 Years,1235,584,651,913,443,470,226,95,131,27,14,13,69,32,37
GREGG COUNTY,183,67 Years,1157,519,638,862,388,474,204,85,119,28,11,17,63,35,28
GREGG COUNTY,183,68 Years,1130,508,622,877,399,478,183,71,112,18,10,8,52,28,24
GREGG COUNTY,183,69 Years,1127,509,618,890,409,481,169,70,99,19,9,10,49,21,28
GREGG COUNTY,183,70 Years,916,428,488,711,327,384,145,68,77,16,8,8,44,25,19
GREGG COUNTY,183,71 Years,821,379,442,647,291,356,118,53,65,17,11,6,39,24,15
GREGG COUNTY,183,72 Years,855,385,470,698,313,385,106,44,62,18,11,7,33,17,16
GREGG COUNTY,183,73 Years,872,390,482,719,318,401,106,50,56,15,8,7,32,14,18
GREGG COUNTY,183,74 Years,753,331,422,606,267,339,108,49,59,15,6,9,24,9,15
GREGG COUNTY,183,75 Years,715,320,395,573,259,314,109,47,62,13,6,7,20,8,12
GREGG COUNTY,183,76 Years,675,289,386,558,239,319,85,33,52,10,6,4,22,11,11
GREGG COUNTY,183,77 Years,660,277,383,533,228,305,87,31,56,12,6,6,28,12,16
GREGG COUNTY,183,78 Years,618,255,363,511,208,303,76,32,44,6,4,2,25,11,14
GREGG COUNTY,183,79 Years,615,247,368,507,200,307,76,32,44,10,5,5,22,10,12
GREGG COUNTY,183,80 Years,591,240,351,495,199,296,69,29,40,9,4,5,18,8,10
GREGG COUNTY,183,81 Years,557,222,335,466,191,275,69,25,44,7,1,6,15,5,10
GREGG COUNTY,183,82 Years,491,201,290,410,170,240,64,24,40,5,1,4,12,6,6
GREGG COUNTY,183,83 Years,485,198,287,413,168,245,48,19,29,11,5,6,13,6,7
GREGG COUNTY,183,84 Years,450,172,278,379,144,235,47,14,33,11,8,3,13,6,7
GREGG COUNTY,183,85 Years +,2475,825,1650,2081,704,1377,302,87,215,39,12,27,53,22,31
GRIMES COUNTY,185,All Ages,27647,15281,12366,16028,8709,7319,4386,2583,1803,629,303,326,6604,3686,2918
GRIMES COUNTY,185,< 1 Year,336,153,183,154,75,79,35,17,18,40,10,30,107,51,56
GRIMES COUNTY,185,1 Years,331,157,174,153,75,78,38,20,18,29,6,23,111,56,55
GRIMES COUNTY,185,2 Years,323,161,162,146,72,74,45,20,25,27,12,15,105,57,48
GRIMES COUNTY,185,3 Years,314,167,147,146,75,71,43,23,20,27,15,12,98,54,44
GRIMES COUNTY,185,4 Years,292,156,136,137,71,66,39,20,19,24,16,8,92,49,43
GRIMES COUNTY,185,5 Years,295,156,139,150,79,71,37,20,17,18,9,9,90,48,42
GRIMES COUNTY,185,6 Years,288,135,153,139,64,75,38,17,21,11,1,10,100,53,47
GRIMES COUNTY,185,7 Years,292,143,149,128,58,70,37,19,18,12,6,6,115,60,55
GRIMES COUNTY,185,8 Years,311,153,158,151,74,77,31,15,16,9,4,5,120,60,60
GRIMES COUNTY,185,9 Years,332,159,173,151,70,81,48,25,23,14,8,6,119,56,63
GRIMES COUNTY,185,10 Years,321,162,159,135,61,74,52,32,20,14,9,5,120,60,60
GRIMES COUNTY,185,11 Years,326,174,152,135,69,66,47,30,17,16,10,6,128,65,63
GRIMES COUNTY,185,12 Years,345,176,169,144,75,69,58,31,27,9,4,5,134,66,68
GRIMES COUNTY,185,13 Years,348,176,172,161,82,79,46,22,24,6,3,3,135,69,66
GRIMES COUNTY,185,14 Years,337,158,179,140,64,76,55,21,34,6,2,4,136,71,65
GRIMES COUNTY,185,15 Years,366,191,175,164,90,74,56,26,30,12,6,6,134,69,65
GRIMES COUNTY,185,16 Years,355,180,175,165,81,84,57,28,29,10,6,4,123,65,58
GRIMES COUNTY,185,17 Years,350,191,159,176,95,81,45,22,23,7,5,2,122,69,53
GRIMES COUNTY,185,18 Years,349,195,154,164,89,75,49,30,19,7,5,2,129,71,58
GRIMES COUNTY,185,19 Years,335,168,167,152,80,72,51,28,23,8,3,5,124,57,67
GRIMES COUNTY,185,20 Years,360,194,166,160,84,76,58,32,26,12,8,4,130,70,60
GRIMES COUNTY,185,21 Years,367,203,164,165,84,81,59,33,26,11,6,5,132,80,52
GRIMES COUNTY,185,22 Years,368,216,152,162,89,73,62,39,23,6,4,2,138,84,54
GRIMES COUNTY,185,23 Years,398,229,169,173,100,73,78,45,33,9,3,6,138,81,57
GRIMES COUNTY,185,24 Years,399,235,164,180,102,78,91,61,30,10,5,5,118,67,51
GRIMES COUNTY,185,25 Years,385,234,151,194,104,90,84,63,21,6,2,4,101,65,36
GRIMES COUNTY,185,26 Years,356,229,127,187,119,68,72,55,17,2,0,2,95,55,40
GRIMES COUNTY,185,27 Years,371,236,135,192,119,73,75,53,22,1,0,1,103,64,39
GRIMES COUNTY,185,28 Years,341,221,120,152,95,57,84,61,23,2,2,0,103,63,40
GRIMES COUNTY,185,29 Years,332,221,111,159,101,58,71,56,15,6,5,1,96,59,37
GRIMES COUNTY,185,30 Years,345,221,124,175,108,67,70,55,15,8,5,3,92,53,39
GRIMES COUNTY,185,31 Years,345,222,123,177,113,64,63,45,18,6,2,4,99,62,37
GRIMES COUNTY,185,32 Years,331,208,123,165,96,69,53,36,17,5,2,3,108,74,34
GRIMES COUNTY,185,33 Years,295,179,116,157,91,66,56,33,23,2,2,0,80,53,27
GRIMES COUNTY,185,34 Years,288,172,116,142,82,60,61,37,24,3,3,0,82,50,32
GRIMES COUNTY,185,35 Years,335,200,135,167,96,71,71,48,23,3,3,0,94,53,41
GRIMES COUNTY,185,36 Years,293,154,139,159,84,75,57,32,25,4,2,2,73,36,37
GRIMES COUNTY,185,37 Years,298,169,129,157,91,66,62,40,22,4,1,3,75,37,38
GRIMES COUNTY,185,38 Years,282,164,118,148,87,61,45,28,17,2,1,1,87,48,39
GRIMES COUNTY,185,39 Years,297,173,124,153,89,64,49,30,19,2,2,0,93,52,41
GRIMES COUNTY,185,40 Years,345,201,144,171,100,71,58,36,22,3,2,1,113,63,50
GRIMES COUNTY,185,41 Years,323,179,144,178,98,80,47,30,17,3,0,3,95,51,44
GRIMES COUNTY,185,42 Years,320,184,136,178,105,73,47,31,16,3,1,2,92,47,45
GRIMES COUNTY,185,43 Years,353,208,145,193,115,78,56,35,21,7,3,4,97,55,42
GRIMES COUNTY,185,44 Years,349,198,151,215,125,90,49,28,21,6,3,3,79,42,37
GRIMES COUNTY,185,45 Years,382,245,137,224,135,89,62,46,16,3,2,1,93,62,31
GRIMES COUNTY,185,46 Years,361,220,141,211,120,91,54,39,15,5,3,2,91,58,33
GRIMES COUNTY,185,47 Years,362,222,140,211,128,83,58,39,19,4,2,2,89,53,36
GRIMES COUNTY,185,48 Years,370,235,135,212,131,81,65,49,16,5,3,2,88,52,36
GRIMES COUNTY,185,49 Years,334,203,131,198,128,70,54,32,22,6,4,2,76,39,37
GRIMES COUNTY,185,50 Years,363,211,152,192,112,80,84,50,34,9,4,5,78,45,33
GRIMES COUNTY,185,51 Years,390,221,169,221,123,98,88,52,36,8,2,6,73,44,29
GRIMES COUNTY,185,52 Years,414,242,172,255,151,104,80,47,33,9,4,5,70,40,30
GRIMES COUNTY,185,53 Years,426,240,186,270,143,127,93,60,33,6,3,3,57,34,23
GRIMES COUNTY,185,54 Years,393,214,179,273,142,131,66,40,26,3,1,2,51,31,20
GRIMES COUNTY,185,55 Years,412,223,189,286,147,139,65,41,24,4,3,1,57,32,25
GRIMES COUNTY,185,56 Years,454,246,208,307,160,147,72,46,26,8,2,6,67,38,29
GRIMES COUNTY,185,57 Years,461,265,196,303,168,135,87,53,34,8,3,5,63,41,22
GRIMES COUNTY,185,58 Years,424,235,189,295,156,139,71,42,29,7,3,4,51,34,17
GRIMES COUNTY,185,59 Years,416,228,188,288,147,141,60,38,22,6,4,2,62,39,23
GRIMES COUNTY,185,60 Years,436,237,199,303,158,145,68,34,34,8,5,3,57,40,17
GRIMES COUNTY,185,61 Years,438,234,204,313,160,153,58,32,26,7,3,4,60,39,21
GRIMES COUNTY,185,62 Years,425,241,184,308,178,130,63,33,30,5,3,2,49,27,22
GRIMES COUNTY,185,63 Years,386,221,165,289,172,117,53,24,29,7,4,3,37,21,16
GRIMES COUNTY,185,64 Years,358,184,174,261,134,127,58,28,30,5,2,3,34,20,14
GRIMES COUNTY,185,65 Years,359,189,170,256,135,121,53,28,25,5,5,0,45,21,24
GRIMES COUNTY,185,66 Years,334,186,148,249,135,114,47,27,20,5,4,1,33,20,13
GRIMES COUNTY,185,67 Years,314,179,135,228,132,96,45,22,23,6,4,2,35,21,14
GRIMES COUNTY,185,68 Years,345,189,156,259,148,111,40,19,21,4,1,3,42,21,21
GRIMES COUNTY,185,69 Years,317,172,145,245,134,111,34,18,16,5,3,2,33,17,16
GRIMES COUNTY,185,70 Years,274,153,121,209,115,94,30,17,13,2,1,1,33,20,13
GRIMES COUNTY,185,71 Years,273,150,123,211,118,93,25,12,13,3,0,3,34,20,14
GRIMES COUNTY,185,72 Years,271,146,125,216,122,94,19,7,12,6,2,4,30,15,15
GRIMES COUNTY,185,73 Years,261,130,131,206,103,103,20,10,10,6,3,3,29,14,15
GRIMES COUNTY,185,74 Years,199,103,96,161,84,77,16,8,8,3,2,1,19,9,10
GRIMES COUNTY,185,75 Years,189,105,84,147,84,63,23,12,11,2,2,0,17,7,10
GRIMES COUNTY,185,76 Years,173,94,79,134,78,56,21,9,12,4,2,2,14,5,9
GRIMES COUNTY,185,77 Years,150,81,69,121,64,57,15,8,7,2,2,0,12,7,5
GRIMES COUNTY,185,78 Years,131,62,69,103,47,56,17,8,9,1,1,0,10,6,4
GRIMES COUNTY,185,79 Years,122,57,65,97,46,51,16,6,10,2,0,2,7,5,2
GRIMES COUNTY,185,80 Years,116,50,66,94,43,51,15,6,9,3,0,3,4,1,3
GRIMES COUNTY,185,81 Years,109,49,60,83,39,44,14,5,9,2,1,1,10,4,6
GRIMES COUNTY,185,82 Years,95,42,53,75,35,40,10,3,7,1,1,0,9,3,6
GRIMES COUNTY,185,83 Years,75,29,46,61,23,38,10,4,6,0,0,0,4,2,2
GRIMES COUNTY,185,84 Years,81,34,47,63,27,36,10,4,6,3,0,3,5,3,2
GRIMES COUNTY,185,85 Years +,432,153,279,340,128,212,62,17,45,9,2,7,21,6,15
GUADALUPE COUNTY,187,All Ages,156046,75836,80210,80906,38613,42293,9743,4916,4827,6281,2864,3417,59116,29443,29673
GUADALUPE COUNTY,187,< 1 Year,1735,889,846,748,382,366,87,47,40,81,40,41,819,420,399
GUADALUPE COUNTY,187,1 Years,1737,892,845,752,387,365,89,45,44,78,39,39,818,421,397
GUADALUPE COUNTY,187,2 Years,1723,888,835,747,385,362,87,44,43,76,38,38,813,421,392
GUADALUPE COUNTY,187,3 Years,1735,891,844,754,384,370,84,44,40,80,45,35,817,418,399
GUADALUPE COUNTY,187,4 Years,1735,894,841,745,374,371,81,44,37,84,51,33,825,425,400
GUADALUPE COUNTY,187,5 Years,1830,927,903,745,370,375,85,43,42,104,64,40,896,450,446
GUADALUPE COUNTY,187,6 Years,1993,1047,946,800,426,374,94,53,41,110,52,58,989,516,473
GUADALUPE COUNTY,187,7 Years,2132,1099,1033,836,424,412,99,51,48,121,56,65,1076,568,508
GUADALUPE COUNTY,187,8 Years,2231,1147,1084,900,447,453,98,50,48,126,67,59,1107,583,524
GUADALUPE COUNTY,187,9 Years,2308,1179,1129,952,469,483,104,49,55,118,62,56,1134,599,535
GUADALUPE COUNTY,187,10 Years,2370,1225,1145,972,496,476,98,50,48,128,69,59,1172,610,562
GUADALUPE COUNTY,187,11 Years,2437,1263,1174,1020,514,506,101,60,41,135,71,64,1181,618,563
GUADALUPE COUNTY,187,12 Years,2433,1258,1175,1041,524,517,122,69,53,119,61,58,1151,604,547
GUADALUPE COUNTY,187,13 Years,2504,1277,1227,1082,528,554,143,76,67,111,58,53,1168,615,553
GUADALUPE COUNTY,187,14 Years,2599,1320,1279,1129,555,574,162,85,77,115,62,53,1193,618,575
GUADALUPE COUNTY,187,15 Years,2722,1370,1352,1155,561,594,165,84,81,131,67,64,1271,658,613
GUADALUPE COUNTY,187,16 Years,2724,1380,1344,1158,571,587,176,89,87,128,65,63,1262,655,607
GUADALUPE COUNTY,187,17 Years,2731,1416,1315,1202,612,590,186,95,91,125,59,66,1218,650,568
GUADALUPE COUNTY,187,18 Years,2629,1384,1245,1130,579,551,176,97,79,127,63,64,1196,645,551
GUADALUPE COUNTY,187,19 Years,2392,1235,1157,974,495,479,176,89,87,124,62,62,1118,589,529
GUADALUPE COUNTY,187,20 Years,2292,1188,1104,923,456,467,184,92,92,125,64,61,1060,576,484
GUADALUPE COUNTY,187,21 Years,2253,1160,1093,906,443,463,179,93,86,115,61,54,1053,563,490
GUADALUPE COUNTY,187,22 Years,2144,1110,1034,872,445,427,193,101,92,102,51,51,977,513,464
GUADALUPE COUNTY,187,23 Years,2056,1040,1016,841,418,423,187,88,99,117,61,56,911,473,438
GUADALUPE COUNTY,187,24 Years,1936,930,1006,822,383,439,153,75,78,117,56,61,844,416,428
GUADALUPE COUNTY,187,25 Years,1813,906,907,791,378,413,151,77,74,89,46,43,782,405,377
GUADALUPE COUNTY,187,26 Years,1584,812,772,695,341,354,127,71,56,75,39,36,687,361,326
GUADALUPE COUNTY,187,27 Years,1577,808,769,715,341,374,115,68,47,66,34,32,681,365,316
GUADALUPE COUNTY,187,28 Years,1490,725,765,654,299,355,101,58,43,52,28,24,683,340,343
GUADALUPE COUNTY,187,29 Years,1407,720,687,600,296,304,93,53,40,46,27,19,668,344,324
GUADALUPE COUNTY,187,30 Years,1445,737,708,624,309,315,78,44,34,38,24,14,705,360,345
GUADALUPE COUNTY,187,31 Years,1506,742,764,676,327,349,81,41,40,45,20,25,704,354,350
GUADALUPE COUNTY,187,32 Years,1614,761,853,728,342,386,87,43,44,57,26,31,742,350,392
GUADALUPE COUNTY,187,33 Years,1801,856,945,833,405,428,97,51,46,62,26,36,809,374,435
GUADALUPE COUNTY,187,34 Years,1898,891,1007,939,446,493,95,49,46,63,27,36,801,369,432
GUADALUPE COUNTY,187,35 Years,1975,910,1065,1011,466,545,101,56,45,63,22,41,800,366,434
GUADALUPE COUNTY,187,36 Years,2061,950,1111,1060,485,575,102,52,50,74,26,48,825,387,438
GUADALUPE COUNTY,187,37 Years,2047,929,1118,1077,484,593,106,41,65,78,32,46,786,372,414
GUADALUPE COUNTY,187,38 Years,2062,916,1146,1108,491,617,106,41,65,82,33,49,766,351,415
GUADALUPE COUNTY,187,39 Years,2088,958,1130,1116,502,614,105,45,60,91,42,49,776,369,407
GUADALUPE COUNTY,187,40 Years,2183,1008,1175,1176,534,642,110,50,60,88,36,52,809,388,421
GUADALUPE COUNTY,187,41 Years,2265,1028,1237,1231,556,675,121,55,66,89,36,53,824,381,443
GUADALUPE COUNTY,187,42 Years,2188,1015,1173,1169,538,631,128,65,63,82,34,48,809,378,431
GUADALUPE COUNTY,187,43 Years,2310,1075,1235,1235,574,661,137,71,66,81,29,52,857,401,456
GUADALUPE COUNTY,187,44 Years,2449,1119,1330,1356,630,726,153,71,82,81,30,51,859,388,471
GUADALUPE COUNTY,187,45 Years,2484,1169,1315,1378,633,745,166,84,82,85,35,50,855,417,438
GUADALUPE COUNTY,187,46 Years,2458,1168,1290,1349,629,720,169,79,90,98,46,52,842,414,428
GUADALUPE COUNTY,187,47 Years,2354,1114,1240,1309,616,693,155,69,86,99,44,55,791,385,406
GUADALUPE COUNTY,187,48 Years,2302,1101,1201,1273,591,682,181,91,90,91,39,52,757,380,377
GUADALUPE COUNTY,187,49 Years,2271,1096,1175,1245,590,655,192,101,91,85,45,40,749,360,389
GUADALUPE COUNTY,187,50 Years,2243,1073,1170,1228,584,644,202,98,104,91,45,46,722,346,376
GUADALUPE COUNTY,187,51 Years,2321,1112,1209,1289,631,658,209,100,109,87,32,55,736,349,387
GUADALUPE COUNTY,187,52 Years,2264,1082,1182,1292,622,670,205,97,108,87,33,54,680,330,350
GUADALUPE COUNTY,187,53 Years,2258,1075,1183,1283,624,659,197,98,99,88,36,52,690,317,373
GUADALUPE COUNTY,187,54 Years,2237,1084,1153,1276,620,656,203,106,97,93,36,57,665,322,343
GUADALUPE COUNTY,187,55 Years,2175,1068,1107,1275,635,640,185,94,91,92,39,53,623,300,323
GUADALUPE COUNTY,187,56 Years,2209,1087,1122,1291,648,643,153,76,77,71,26,45,694,337,357
GUADALUPE COUNTY,187,57 Years,2049,1004,1045,1220,596,624,155,79,76,70,28,42,604,301,303
GUADALUPE COUNTY,187,58 Years,1944,943,1001,1154,560,594,156,74,82,74,25,49,560,284,276
GUADALUPE COUNTY,187,59 Years,1854,887,967,1137,548,589,148,70,78,70,17,53,499,252,247
GUADALUPE COUNTY,187,60 Years,1871,908,963,1155,547,608,149,86,63,59,19,40,508,256,252
GUADALUPE COUNTY,187,61 Years,1818,858,960,1126,508,618,135,76,59,68,27,41,489,247,242
GUADALUPE COUNTY,187,62 Years,1696,801,895,1057,483,574,114,60,54,61,28,33,464,230,234
GUADALUPE COUNTY,187,63 Years,1629,769,860,1019,483,536,105,55,50,52,17,35,453,214,239
GUADALUPE COUNTY,187,64 Years,1565,745,820,976,449,527,92,54,38,50,16,34,447,226,221
GUADALUPE COUNTY,187,65 Years,1471,677,794,941,437,504,79,42,37,47,11,36,404,187,217
GUADALUPE COUNTY,187,66 Years,1492,679,813,980,462,518,78,38,40,41,10,31,393,169,224
GUADALUPE COUNTY,187,67 Years,1474,672,802,977,446,531,83,41,42,36,15,21,378,170,208
GUADALUPE COUNTY,187,68 Years,1457,685,772,986,470,516,75,38,37,38,13,25,358,164,194
GUADALUPE COUNTY,187,69 Years,1423,671,752,980,466,514,64,28,36,33,10,23,346,167,179
GUADALUPE COUNTY,187,70 Years,1235,595,640,814,395,419,60,28,32,30,9,21,331,163,168
GUADALUPE COUNTY,187,71 Years,1130,522,608,757,355,402,55,24,31,25,10,15,293,133,160
GUADALUPE COUNTY,187,72 Years,1131,543,588,791,384,407,54,25,29,26,12,14,260,122,138
GUADALUPE COUNTY,187,73 Years,1064,494,570,766,371,395,56,25,31,27,12,15,215,86,129
GUADALUPE COUNTY,187,74 Years,954,445,509,680,328,352,50,21,29,25,9,16,199,87,112
GUADALUPE COUNTY,187,75 Years,845,405,440,598,295,303,45,20,25,23,4,19,179,86,93
GUADALUPE COUNTY,187,76 Years,741,342,399,520,238,282,38,20,18,23,8,15,160,76,84
GUADALUPE COUNTY,187,77 Years,710,323,387,534,242,292,28,13,15,15,6,9,133,62,71
GUADALUPE COUNTY,187,78 Years,641,282,359,468,203,265,27,15,12,12,5,7,134,59,75
GUADALUPE COUNTY,187,79 Years,625,278,347,443,196,247,31,19,12,16,7,9,135,56,79
GUADALUPE COUNTY,187,80 Years,601,261,340,425,192,233,23,11,12,16,4,12,137,54,83
GUADALUPE COUNTY,187,81 Years,531,229,302,381,165,216,18,7,11,13,4,9,119,53,66
GUADALUPE COUNTY,187,82 Years,480,201,279,348,145,203,15,7,8,11,4,7,106,45,61
GUADALUPE COUNTY,187,83 Years,418,178,240,303,130,173,11,5,6,10,4,6,94,39,55
GUADALUPE COUNTY,187,84 Years,372,166,206,277,129,148,10,5,5,8,3,5,77,29,48
GUADALUPE COUNTY,187,85 Years +,2105,769,1336,1605,595,1010,69,22,47,36,10,26,395,142,253
HALE COUNTY,189,All Ages,34932,18135,16797,12004,6139,5865,1746,1086,660,605,312,293,20577,10598,9979
HALE COUNTY,189,< 1 Year,504,252,252,113,56,57,14,3,11,17,11,6,360,182,178
HALE COUNTY,189,1 Years,517,265,252,119,62,57,15,4,11,17,9,8,366,190,176
HALE COUNTY,189,2 Years,551,279,272,132,66,66,16,6,10,16,9,7,387,198,189
HALE COUNTY,189,3 Years,567,280,287,127,65,62,17,8,9,10,4,6,413,203,210
HALE COUNTY,189,4 Years,605,306,299,128,64,64,19,10,9,10,7,3,448,225,223
HALE COUNTY,189,5 Years,642,335,307,134,71,63,20,10,10,17,9,8,471,245,226
HALE COUNTY,189,6 Years,652,298,354,130,64,66,24,10,14,14,9,5,484,215,269
HALE COUNTY,189,7 Years,562,287,275,122,62,60,27,15,12,11,6,5,402,204,198
HALE COUNTY,189,8 Years,555,287,268,113,57,56,24,14,10,13,7,6,405,209,196
HALE COUNTY,189,9 Years,544,276,268,109,60,49,23,13,10,9,4,5,403,199,204
HALE COUNTY,189,10 Years,536,276,260,116,63,53,17,11,6,11,3,8,392,199,193
HALE COUNTY,189,11 Years,539,281,258,123,68,55,15,7,8,6,3,3,395,203,192
HALE COUNTY,189,12 Years,561,276,285,115,54,61,18,7,11,6,3,3,422,212,210
HALE COUNTY,189,13 Years,525,282,243,112,61,51,20,8,12,9,6,3,384,207,177
HALE COUNTY,189,14 Years,549,272,277,137,75,62,18,7,11,12,5,7,382,185,197
HALE COUNTY,189,15 Years,522,249,273,129,65,64,17,11,6,10,4,6,366,169,197
HALE COUNTY,189,16 Years,559,303,256,137,73,64,18,13,5,13,8,5,391,209,182
HALE COUNTY,189,17 Years,527,278,249,121,61,60,19,14,5,7,4,3,380,199,181
HALE COUNTY,189,18 Years,523,282,241,124,68,56,21,14,7,7,5,2,371,195,176
HALE COUNTY,189,19 Years,504,284,220,123,66,57,28,19,9,8,5,3,345,194,151
HALE COUNTY,189,20 Years,545,306,239,138,83,55,24,18,6,8,6,2,375,199,176
HALE COUNTY,189,21 Years,510,294,216,137,88,49,32,25,7,9,6,3,332,175,157
HALE COUNTY,189,22 Years,510,293,217,121,72,49,41,27,14,11,8,3,337,186,151
HALE COUNTY,189,23 Years,520,285,235,122,68,54,46,32,14,11,4,7,341,181,160
HALE COUNTY,189,24 Years,562,323,239,148,87,61,47,33,14,12,6,6,355,197,158
HALE COUNTY,189,25 Years,558,304,254,178,92,86,49,35,14,10,3,7,321,174,147
HALE COUNTY,189,26 Years,528,280,248,194,100,94,51,33,18,11,5,6,272,142,130
HALE COUNTY,189,27 Years,517,298,219,195,114,81,45,34,11,12,8,4,265,142,123
HALE COUNTY,189,28 Years,533,305,228,184,108,76,42,33,9,8,4,4,299,160,139
HALE COUNTY,189,29 Years,492,276,216,168,92,76,45,31,14,10,6,4,269,147,122
HALE COUNTY,189,30 Years,468,272,196,142,82,60,37,25,12,9,5,4,280,160,120
HALE COUNTY,189,31 Years,431,244,187,133,79,54,32,24,8,2,1,1,264,140,124
HALE COUNTY,189,32 Years,413,247,166,118,75,43,23,18,5,1,0,1,271,154,117
HALE COUNTY,189,33 Years,439,251,188,126,73,53,18,13,5,5,3,2,290,162,128
HALE COUNTY,189,34 Years,453,251,202,123,68,55,27,24,3,11,5,6,292,154,138
HALE COUNTY,189,35 Years,433,232,201,119,63,56,28,24,4,8,5,3,278,140,138
HALE COUNTY,189,36 Years,427,227,200,144,77,67,24,17,7,4,2,2,255,131,124
HALE COUNTY,189,37 Years,413,227,186,131,76,55,25,18,7,6,2,4,251,131,120
HALE COUNTY,189,38 Years,396,215,181,111,60,51,29,22,7,6,4,2,250,129,121
HALE COUNTY,189,39 Years,365,200,165,102,52,50,29,22,7,6,4,2,228,122,106
HALE COUNTY,189,40 Years,363,193,170,106,56,50,21,13,8,6,3,3,230,121,109
HALE COUNTY,189,41 Years,364,191,173,108,59,49,20,12,8,4,1,3,232,119,113
HALE COUNTY,189,42 Years,379,185,194,107,53,54,20,14,6,7,3,4,245,115,130
HALE COUNTY,189,43 Years,396,211,185,118,64,54,19,10,9,7,5,2,252,132,120
HALE COUNTY,189,44 Years,420,219,201,127,67,60,16,9,7,10,4,6,267,139,128
HALE COUNTY,189,45 Years,426,218,208,142,75,67,17,12,5,7,3,4,260,128,132
HALE COUNTY,189,46 Years,419,235,184,166,98,68,21,12,9,7,2,5,225,123,102
HALE COUNTY,189,47 Years,389,209,180,146,82,64,21,11,10,5,2,3,217,114,103
HALE COUNTY,189,48 Years,431,225,206,157,84,73,24,15,9,6,2,4,244,124,120
HALE COUNTY,189,49 Years,406,212,194,150,80,70,20,12,8,6,1,5,230,119,111
HALE COUNTY,189,50 Years,397,211,186,138,66,72,25,20,5,6,3,3,228,122,106
HALE COUNTY,189,51 Years,419,214,205,157,75,82,24,16,8,5,2,3,233,121,112
HALE COUNTY,189,52 Years,410,206,204,165,79,86,20,17,3,7,4,3,218,106,112
HALE COUNTY,189,53 Years,416,213,203,170,87,83,16,8,8,8,4,4,222,114,108
HALE COUNTY,189,54 Years,412,208,204,172,85,87,23,13,10,6,3,3,211,107,104
HALE COUNTY,189,55 Years,403,216,187,169,88,81,20,12,8,4,2,2,210,114,96
HALE COUNTY,189,56 Years,427,221,206,185,100,85,17,7,10,6,3,3,219,111,108
HALE COUNTY,189,57 Years,398,198,200,191,90,101,19,10,9,8,4,4,180,94,86
HALE COUNTY,189,58 Years,407,197,210,191,87,104,22,14,8,6,3,3,188,93,95
HALE COUNTY,189,59 Years,411,199,212,187,90,97,29,21,8,4,1,3,191,87,104
HALE COUNTY,189,60 Years,393,188,205,187,90,97,17,9,8,3,1,2,186,88,98
HALE COUNTY,189,61 Years,369,192,177,182,96,86,13,6,7,7,4,3,167,86,81
HALE COUNTY,189,62 Years,372,197,175,189,102,87,21,12,9,4,2,2,158,81,77
HALE COUNTY,189,63 Years,351,173,178,181,91,90,14,10,4,3,1,2,153,71,82
HALE COUNTY,189,64 Years,298,151,147,165,79,86,20,12,8,2,1,1,111,59,52
HALE COUNTY,189,65 Years,279,153,126,151,82,69,9,4,5,4,2,2,115,65,50
HALE COUNTY,189,66 Years,289,145,144,156,75,81,7,3,4,4,3,1,122,64,58
HALE COUNTY,189,67 Years,295,142,153,164,78,86,10,3,7,3,2,1,118,59,59
HALE COUNTY,189,68 Years,274,133,141,150,71,79,12,4,8,3,1,2,109,57,52
HALE COUNTY,189,69 Years,254,128,126,143,69,74,12,6,6,5,2,3,94,51,43
HALE COUNTY,189,70 Years,222,106,116,121,51,70,9,5,4,4,3,1,88,47,41
HALE COUNTY,189,71 Years,209,101,108,109,52,57,8,2,6,7,3,4,85,44,41
HALE COUNTY,189,72 Years,226,111,115,138,67,71,5,0,5,7,3,4,76,41,35
HALE COUNTY,189,73 Years,214,103,111,134,66,68,5,3,2,5,3,2,70,31,39
HALE COUNTY,189,74 Years,216,103,113,134,66,68,14,7,7,3,2,1,65,28,37
HALE COUNTY,189,75 Years,180,82,98,119,55,64,7,3,4,3,2,1,51,22,29
HALE COUNTY,189,76 Years,166,71,95,102,44,58,5,1,4,2,1,1,57,25,32
HALE COUNTY,189,77 Years,148,63,85,90,36,54,5,2,3,1,0,1,52,25,27
HALE COUNTY,189,78 Years,166,67,99,103,41,62,5,2,3,2,0,2,56,24,32
HALE COUNTY,189,79 Years,136,59,77,82,34,48,4,2,2,4,1,3,46,22,24
HALE COUNTY,189,80 Years,120,57,63,82,39,43,3,2,1,2,1,1,33,15,18
HALE COUNTY,189,81 Years,139,67,72,91,42,49,4,3,1,1,1,0,43,21,22
HALE COUNTY,189,82 Years,126,52,74,85,35,50,5,1,4,2,1,1,34,15,19
HALE COUNTY,189,83 Years,126,49,77,85,31,54,3,1,2,3,2,1,35,15,20
HALE COUNTY,189,84 Years,117,54,63,80,33,47,4,3,1,2,2,0,31,16,15
HALE COUNTY,189,85 Years +,597,229,368,431,159,272,27,10,17,11,5,6,128,55,73
HALL COUNTY,191,All Ages,3104,1535,1569,1696,812,884,249,141,108,30,12,18,1129,570,559
HALL COUNTY,191,< 1 Year,25,14,11,5,3,2,4,3,1,0,0,0,16,8,8
HALL COUNTY,191,1 Years,29,16,13,8,4,4,4,3,1,0,0,0,17,9,8
HALL COUNTY,191,2 Years,34,16,18,9,4,5,8,4,4,0,0,0,17,8,9
HALL COUNTY,191,3 Years,37,17,20,8,3,5,6,4,2,0,0,0,23,10,13
HALL COUNTY,191,4 Years,39,15,24,8,4,4,5,2,3,2,1,1,24,8,16
HALL COUNTY,191,5 Years,39,16,23,9,4,5,4,1,3,2,1,1,24,10,14
HALL COUNTY,191,6 Years,44,21,23,10,6,4,4,3,1,0,0,0,30,12,18
HALL COUNTY,191,7 Years,44,19,25,16,5,11,1,1,0,0,0,0,27,13,14
HALL COUNTY,191,8 Years,37,19,18,12,5,7,3,3,0,0,0,0,22,11,11
HALL COUNTY,191,9 Years,38,21,17,11,6,5,6,4,2,0,0,0,21,11,10
HALL COUNTY,191,10 Years,42,20,22,14,5,9,5,2,3,0,0,0,23,13,10
HALL COUNTY,191,11 Years,42,23,19,15,8,7,3,1,2,1,0,1,23,14,9
HALL COUNTY,191,12 Years,36,20,16,19,11,8,2,1,1,0,0,0,15,8,7
HALL COUNTY,191,13 Years,45,26,19,14,9,5,5,3,2,0,0,0,26,14,12
HALL COUNTY,191,14 Years,48,24,24,16,9,7,4,2,2,1,0,1,27,13,14
HALL COUNTY,191,15 Years,54,25,29,19,10,9,2,1,1,1,0,1,32,14,18
HALL COUNTY,191,16 Years,39,18,21,16,7,9,4,2,2,0,0,0,19,9,10
HALL COUNTY,191,17 Years,47,26,21,22,11,11,6,4,2,0,0,0,19,11,8
HALL COUNTY,191,18 Years,40,21,19,21,12,9,5,2,3,0,0,0,14,7,7
HALL COUNTY,191,19 Years,48,23,25,21,9,12,3,1,2,0,0,0,24,13,11
HALL COUNTY,191,20 Years,51,26,25,29,14,15,3,2,1,0,0,0,19,10,9
HALL COUNTY,191,21 Years,36,19,17,17,8,9,4,4,0,0,0,0,15,7,8
HALL COUNTY,191,22 Years,48,30,18,22,14,8,5,4,1,1,1,0,20,11,9
HALL COUNTY,191,23 Years,46,22,24,23,11,12,2,1,1,1,1,0,20,9,11
HALL COUNTY,191,24 Years,47,27,20,19,10,9,6,5,1,1,1,0,21,11,10
HALL COUNTY,191,25 Years,44,28,16,15,9,6,4,3,1,0,0,0,25,16,9
HALL COUNTY,191,26 Years,30,16,14,11,6,5,2,0,2,0,0,0,17,10,7
HALL COUNTY,191,27 Years,26,14,12,11,5,6,2,2,0,0,0,0,13,7,6
HALL COUNTY,191,28 Years,29,13,16,9,3,6,3,2,1,2,0,2,15,8,7
HALL COUNTY,191,29 Years,27,16,11,9,5,4,2,1,1,0,0,0,16,10,6
HALL COUNTY,191,30 Years,20,9,11,5,2,3,1,0,1,0,0,0,14,7,7
HALL COUNTY,191,31 Years,27,10,17,8,4,4,3,1,2,2,0,2,14,5,9
HALL COUNTY,191,32 Years,29,15,14,8,4,4,2,1,1,1,0,1,18,10,8
HALL COUNTY,191,33 Years,30,15,15,17,8,9,2,1,1,0,0,0,11,6,5
HALL COUNTY,191,34 Years,20,10,10,14,7,7,1,1,0,0,0,0,5,2,3
HALL COUNTY,191,35 Years,24,10,14,10,6,4,2,0,2,0,0,0,12,4,8
HALL COUNTY,191,36 Years,26,10,16,10,5,5,2,0,2,0,0,0,14,5,9
HALL COUNTY,191,37 Years,29,14,15,13,7,6,0,0,0,1,0,1,15,7,8
HALL COUNTY,191,38 Years,29,15,14,17,8,9,1,1,0,1,0,1,10,6,4
HALL COUNTY,191,39 Years,30,12,18,18,6,12,4,2,2,1,0,1,7,4,3
HALL COUNTY,191,40 Years,26,11,15,13,6,7,2,1,1,0,0,0,11,4,7
HALL COUNTY,191,41 Years,31,11,20,18,7,11,1,0,1,0,0,0,12,4,8
HALL COUNTY,191,42 Years,26,12,14,13,6,7,0,0,0,0,0,0,13,6,7
HALL COUNTY,191,43 Years,28,15,13,13,6,7,2,1,1,0,0,0,13,8,5
HALL COUNTY,191,44 Years,34,16,18,16,8,8,1,1,0,0,0,0,17,7,10
HALL COUNTY,191,45 Years,34,13,21,18,7,11,1,0,1,0,0,0,15,6,9
HALL COUNTY,191,46 Years,27,12,15,19,8,11,1,1,0,0,0,0,7,3,4
HALL COUNTY,191,47 Years,33,19,14,18,11,7,4,2,2,0,0,0,11,6,5
HALL COUNTY,191,48 Years,30,19,11,15,9,6,5,3,2,0,0,0,10,7,3
HALL COUNTY,191,49 Years,29,16,13,16,11,5,2,1,1,0,0,0,11,4,7
HALL COUNTY,191,50 Years,32,18,14,18,11,7,2,1,1,0,0,0,12,6,6
HALL COUNTY,191,51 Years,36,21,15,23,13,10,2,1,1,0,0,0,11,7,4
HALL COUNTY,191,52 Years,36,21,15,23,11,12,1,1,0,0,0,0,12,9,3
HALL COUNTY,191,53 Years,43,25,18,25,12,13,4,2,2,1,1,0,13,10,3
HALL COUNTY,191,54 Years,45,24,21,27,13,14,4,2,2,1,1,0,13,8,5
HALL COUNTY,191,55 Years,38,22,16,27,15,12,3,2,1,0,0,0,8,5,3
HALL COUNTY,191,56 Years,42,19,23,27,13,14,5,2,3,0,0,0,10,4,6
HALL COUNTY,191,57 Years,47,23,24,28,13,15,4,2,2,0,0,0,15,8,7
HALL COUNTY,191,58 Years,39,21,18,25,11,14,3,2,1,0,0,0,11,8,3
HALL COUNTY,191,59 Years,31,14,17,21,8,13,2,1,1,0,0,0,8,5,3
HALL COUNTY,191,60 Years,49,24,25,32,15,17,2,1,1,0,0,0,15,8,7
HALL COUNTY,191,61 Years,45,22,23,29,14,15,3,2,1,1,1,0,12,5,7
HALL COUNTY,191,62 Years,41,21,20,29,15,14,1,1,0,1,0,1,10,5,5
HALL COUNTY,191,63 Years,31,15,16,22,10,12,1,1,0,1,0,1,7,4,3
HALL COUNTY,191,64 Years,38,14,24,23,10,13,5,2,3,0,0,0,10,2,8
HALL COUNTY,191,65 Years,40,17,23,26,13,13,5,2,3,0,0,0,9,2,7
HALL COUNTY,191,66 Years,36,17,19,30,14,16,1,0,1,0,0,0,5,3,2
HALL COUNTY,191,67 Years,38,15,23,26,8,18,4,2,2,0,0,0,8,5,3
HALL COUNTY,191,68 Years,38,22,16,27,15,12,2,0,2,0,0,0,9,7,2
HALL COUNTY,191,69 Years,46,24,22,33,18,15,4,2,2,0,0,0,9,4,5
HALL COUNTY,191,70 Years,40,21,19,33,16,17,1,1,0,1,1,0,5,3,2
HALL COUNTY,191,71 Years,45,25,20,30,15,15,5,4,1,1,1,0,9,5,4
HALL COUNTY,191,72 Years,35,20,15,29,17,12,3,2,1,0,0,0,3,1,2
HALL COUNTY,191,73 Years,38,19,19,32,16,16,2,1,1,2,1,1,2,1,1
HALL COUNTY,191,74 Years,37,15,22,31,13,18,2,0,2,0,0,0,4,2,2
HALL COUNTY,191,75 Years,34,13,21,29,10,19,2,1,1,1,0,1,2,2,0
HALL COUNTY,191,76 Years,35,17,18,28,12,16,4,4,0,0,0,0,3,1,2
HALL COUNTY,191,77 Years,30,17,13,25,13,12,3,3,0,0,0,0,2,1,1
HALL COUNTY,191,78 Years,28,13,15,23,10,13,1,1,0,0,0,0,4,2,2
HALL COUNTY,191,79 Years,32,16,16,26,13,13,1,1,0,1,0,1,4,2,2
HALL COUNTY,191,80 Years,27,11,16,22,9,13,1,0,1,1,1,0,3,1,2
HALL COUNTY,191,81 Years,25,11,14,21,10,11,1,1,0,0,0,0,3,0,3
HALL COUNTY,191,82 Years,20,10,10,17,8,9,1,1,0,0,0,0,2,1,1
HALL COUNTY,191,83 Years,16,7,9,13,5,8,1,0,1,0,0,0,2,2,0
HALL COUNTY,191,84 Years,14,6,8,12,5,7,2,1,1,0,0,0,0,0,0
HALL COUNTY,191,85 Years +,104,40,64,87,32,55,7,3,4,0,0,0,10,5,5
HAMILTON COUNTY,193,All Ages,8686,4342,4344,7495,3705,3790,32,19,13,130,72,58,1029,546,483
HAMILTON COUNTY,193,< 1 Year,91,47,44,66,35,31,0,0,0,2,2,0,23,10,13
HAMILTON COUNTY,193,1 Years,93,49,44,68,36,32,0,0,0,3,3,0,22,10,12
HAMILTON COUNTY,193,2 Years,89,47,42,64,36,28,0,0,0,1,1,0,24,10,14
HAMILTON COUNTY,193,3 Years,92,48,44,68,36,32,0,0,0,0,0,0,24,12,12
HAMILTON COUNTY,193,4 Years,96,50,46,69,35,34,0,0,0,1,1,0,26,14,12
HAMILTON COUNTY,193,5 Years,102,53,49,75,37,38,0,0,0,0,0,0,27,16,11
HAMILTON COUNTY,193,6 Years,94,46,48,71,30,41,0,0,0,0,0,0,23,16,7
HAMILTON COUNTY,193,7 Years,111,57,54,88,46,42,1,0,1,2,0,2,20,11,9
HAMILTON COUNTY,193,8 Years,94,52,42,77,41,36,1,0,1,0,0,0,16,11,5
HAMILTON COUNTY,193,9 Years,88,43,45,72,34,38,0,0,0,0,0,0,16,9,7
HAMILTON COUNTY,193,10 Years,95,51,44,74,38,36,0,0,0,2,1,1,19,12,7
HAMILTON COUNTY,193,11 Years,87,43,44,66,31,35,0,0,0,2,2,0,19,10,9
HAMILTON COUNTY,193,12 Years,96,53,43,76,43,33,0,0,0,1,1,0,19,9,10
HAMILTON COUNTY,193,13 Years,97,52,45,78,45,33,0,0,0,2,0,2,17,7,10
HAMILTON COUNTY,193,14 Years,106,50,56,81,37,44,1,1,0,2,0,2,22,12,10
HAMILTON COUNTY,193,15 Years,102,47,55,78,32,46,2,2,0,3,2,1,19,11,8
HAMILTON COUNTY,193,16 Years,104,53,51,84,42,42,1,1,0,3,2,1,16,8,8
HAMILTON COUNTY,193,17 Years,93,52,41,71,42,29,0,0,0,4,2,2,18,8,10
HAMILTON COUNTY,193,18 Years,117,64,53,95,54,41,0,0,0,4,3,1,18,7,11
HAMILTON COUNTY,193,19 Years,107,56,51,80,43,37,1,1,0,5,3,2,21,9,12
HAMILTON COUNTY,193,20 Years,90,47,43,65,34,31,2,2,0,3,1,2,20,10,10
HAMILTON COUNTY,193,21 Years,88,49,39,67,34,33,2,2,0,1,1,0,18,12,6
HAMILTON COUNTY,193,22 Years,101,50,51,75,37,38,1,0,1,3,3,0,22,10,12
HAMILTON COUNTY,193,23 Years,93,48,45,69,36,33,1,0,1,2,0,2,21,12,9
HAMILTON COUNTY,193,24 Years,114,60,54,87,46,41,1,1,0,4,2,2,22,11,11
HAMILTON COUNTY,193,25 Years,81,41,40,62,31,31,1,1,0,2,2,0,16,7,9
HAMILTON COUNTY,193,26 Years,73,30,43,58,23,35,1,0,1,1,1,0,13,6,7
HAMILTON COUNTY,193,27 Years,72,29,43,59,22,37,0,0,0,0,0,0,13,7,6
HAMILTON COUNTY,193,28 Years,90,46,44,71,37,34,0,0,0,0,0,0,19,9,10
HAMILTON COUNTY,193,29 Years,95,53,42,79,46,33,0,0,0,1,1,0,15,6,9
HAMILTON COUNTY,193,30 Years,68,37,31,61,33,28,0,0,0,1,1,0,6,3,3
HAMILTON COUNTY,193,31 Years,84,50,34,64,36,28,3,2,1,1,1,0,16,11,5
HAMILTON COUNTY,193,32 Years,75,36,39,63,31,32,1,0,1,0,0,0,11,5,6
HAMILTON COUNTY,193,33 Years,94,49,45,82,42,40,0,0,0,0,0,0,12,7,5
HAMILTON COUNTY,193,34 Years,87,50,37,72,43,29,1,0,1,0,0,0,14,7,7
HAMILTON COUNTY,193,35 Years,77,43,34,62,36,26,2,1,1,0,0,0,13,6,7
HAMILTON COUNTY,193,36 Years,83,48,35,72,41,31,1,0,1,0,0,0,10,7,3
HAMILTON COUNTY,193,37 Years,72,40,32,61,34,27,0,0,0,0,0,0,11,6,5
HAMILTON COUNTY,193,38 Years,76,45,31,66,38,28,1,1,0,1,1,0,8,5,3
HAMILTON COUNTY,193,39 Years,83,47,36,71,41,30,0,0,0,1,0,1,11,6,5
HAMILTON COUNTY,193,40 Years,83,39,44,70,32,38,0,0,0,1,0,1,12,7,5
HAMILTON COUNTY,193,41 Years,97,48,49,79,39,40,0,0,0,5,2,3,13,7,6
HAMILTON COUNTY,193,42 Years,80,41,39,69,36,33,1,0,1,3,2,1,7,3,4
HAMILTON COUNTY,193,43 Years,84,39,45,69,29,40,0,0,0,2,2,0,13,8,5
HAMILTON COUNTY,193,44 Years,105,51,54,89,43,46,0,0,0,2,1,1,14,7,7
HAMILTON COUNTY,193,45 Years,96,49,47,81,42,39,2,0,2,2,1,1,11,6,5
HAMILTON COUNTY,193,46 Years,102,55,47,88,46,42,1,1,0,2,2,0,11,6,5
HAMILTON COUNTY,193,47 Years,101,54,47,91,47,44,0,0,0,3,1,2,7,6,1
HAMILTON COUNTY,193,48 Years,88,46,42,81,42,39,0,0,0,1,0,1,6,4,2
HAMILTON COUNTY,193,49 Years,86,42,44,72,37,35,0,0,0,1,1,0,13,4,9
HAMILTON COUNTY,193,50 Years,96,46,50,80,39,41,0,0,0,5,3,2,11,4,7
HAMILTON COUNTY,193,51 Years,107,55,52,90,43,47,0,0,0,2,1,1,15,11,4
HAMILTON COUNTY,193,52 Years,127,66,61,113,59,54,0,0,0,1,0,1,13,7,6
HAMILTON COUNTY,193,53 Years,140,70,70,129,66,63,0,0,0,2,0,2,9,4,5
HAMILTON COUNTY,193,54 Years,127,67,60,114,59,55,2,2,0,2,1,1,9,5,4
HAMILTON COUNTY,193,55 Years,137,70,67,116,60,56,1,1,0,3,2,1,17,7,10
HAMILTON COUNTY,193,56 Years,138,79,59,121,67,54,0,0,0,2,1,1,15,11,4
HAMILTON COUNTY,193,57 Years,126,64,62,118,59,59,0,0,0,1,0,1,7,5,2
HAMILTON COUNTY,193,58 Years,133,68,65,120,61,59,0,0,0,1,1,0,12,6,6
HAMILTON COUNTY,193,59 Years,124,64,60,109,57,52,0,0,0,2,1,1,13,6,7
HAMILTON COUNTY,193,60 Years,117,57,60,108,51,57,0,0,0,0,0,0,9,6,3
HAMILTON COUNTY,193,61 Years,124,53,71,113,47,66,0,0,0,2,0,2,9,6,3
HAMILTON COUNTY,193,62 Years,136,63,73,123,57,66,0,0,0,3,0,3,10,6,4
HAMILTON COUNTY,193,63 Years,116,55,61,107,51,56,0,0,0,2,0,2,7,4,3
HAMILTON COUNTY,193,64 Years,133,56,77,125,51,74,0,0,0,3,2,1,5,3,2
HAMILTON COUNTY,193,65 Years,116,47,69,113,45,68,0,0,0,0,0,0,3,2,1
HAMILTON COUNTY,193,66 Years,114,58,56,108,56,52,0,0,0,2,1,1,4,1,3
HAMILTON COUNTY,193,67 Years,129,71,58,121,66,55,0,0,0,2,1,1,6,4,2
HAMILTON COUNTY,193,68 Years,120,58,62,115,55,60,0,0,0,0,0,0,5,3,2
HAMILTON COUNTY,193,69 Years,127,64,63,120,60,60,0,0,0,1,1,0,6,3,3
HAMILTON COUNTY,193,70 Years,104,43,61,100,42,58,0,0,0,1,0,1,3,1,2
HAMILTON COUNTY,193,71 Years,116,53,63,112,51,61,0,0,0,0,0,0,4,2,2
HAMILTON COUNTY,193,72 Years,114,51,63,109,48,61,0,0,0,1,0,1,4,3,1
HAMILTON COUNTY,193,73 Years,121,61,60,118,59,59,0,0,0,1,1,0,2,1,1
HAMILTON COUNTY,193,74 Years,112,55,57,109,53,56,0,0,0,1,1,0,2,1,1
HAMILTON COUNTY,193,75 Years,104,51,53,102,49,53,0,0,0,1,1,0,1,1,0
HAMILTON COUNTY,193,76 Years,90,43,47,86,41,45,0,0,0,2,1,1,2,1,1
HAMILTON COUNTY,193,77 Years,92,49,43,87,45,42,0,0,0,2,2,0,3,2,1
HAMILTON COUNTY,193,78 Years,84,39,45,80,36,44,0,0,0,1,1,0,3,2,1
HAMILTON COUNTY,193,79 Years,68,31,37,68,31,37,0,0,0,0,0,0,0,0,0
HAMILTON COUNTY,193,80 Years,75,34,41,73,33,40,0,0,0,1,1,0,1,0,1
HAMILTON COUNTY,193,81 Years,80,37,43,78,36,42,0,0,0,0,0,0,2,1,1
HAMILTON COUNTY,193,82 Years,57,25,32,56,25,31,0,0,0,0,0,0,1,0,1
HAMILTON COUNTY,193,83 Years,51,25,26,51,25,26,0,0,0,0,0,0,0,0,0
HAMILTON COUNTY,193,84 Years,46,24,22,46,24,22,0,0,0,0,0,0,0,0,0
HAMILTON COUNTY,193,85 Years +,313,115,198,301,111,190,0,0,0,3,0,3,9,4,5
HANSFORD COUNTY,195,All Ages,5547,2841,2706,2762,1358,1404,28,16,12,70,36,34,2687,1431,1256
HANSFORD COUNTY,195,< 1 Year,65,35,30,22,12,10,0,0,0,0,0,0,43,23,20
HANSFORD COUNTY,195,1 Years,73,39,34,23,13,10,0,0,0,6,4,2,44,22,22
HANSFORD COUNTY,195,2 Years,83,47,36,29,16,13,0,0,0,7,5,2,47,26,21
HANSFORD COUNTY,195,3 Years,81,43,38,30,17,13,0,0,0,0,0,0,51,26,25
HANSFORD COUNTY,195,4 Years,78,42,36,28,15,13,0,0,0,0,0,0,50,27,23
HANSFORD COUNTY,195,5 Years,78,42,36,28,15,13,0,0,0,0,0,0,50,27,23
HANSFORD COUNTY,195,6 Years,87,46,41,34,15,19,0,0,0,2,2,0,51,29,22
HANSFORD COUNTY,195,7 Years,85,40,45,34,15,19,0,0,0,2,1,1,49,24,25
HANSFORD COUNTY,195,8 Years,88,40,48,38,15,23,1,0,1,1,1,0,48,24,24
HANSFORD COUNTY,195,9 Years,90,53,37,32,19,13,3,3,0,1,1,0,54,30,24
HANSFORD COUNTY,195,10 Years,89,51,38,35,20,15,1,1,0,1,1,0,52,29,23
HANSFORD COUNTY,195,11 Years,100,50,50,39,19,20,0,0,0,1,1,0,60,30,30
HANSFORD COUNTY,195,12 Years,94,49,45,34,17,17,0,0,0,0,0,0,60,32,28
HANSFORD COUNTY,195,13 Years,88,43,45,32,17,15,2,0,2,0,0,0,54,26,28
HANSFORD COUNTY,195,14 Years,93,51,42,38,23,15,0,0,0,0,0,0,55,28,27
HANSFORD COUNTY,195,15 Years,102,53,49,36,20,16,0,0,0,0,0,0,66,33,33
HANSFORD COUNTY,195,16 Years,97,50,47,36,18,18,0,0,0,2,2,0,59,30,29
HANSFORD COUNTY,195,17 Years,88,42,46,36,19,17,0,0,0,1,0,1,51,23,28
HANSFORD COUNTY,195,18 Years,77,40,37,31,17,14,0,0,0,1,0,1,45,23,22
HANSFORD COUNTY,195,19 Years,82,45,37,31,16,15,0,0,0,4,2,2,47,27,20
HANSFORD COUNTY,195,20 Years,84,47,37,32,13,19,0,0,0,2,2,0,50,32,18
HANSFORD COUNTY,195,21 Years,81,38,43,32,12,20,0,0,0,2,0,2,47,26,21
HANSFORD COUNTY,195,22 Years,79,38,41,30,13,17,0,0,0,1,0,1,48,25,23
HANSFORD COUNTY,195,23 Years,94,51,43,36,17,19,1,1,0,1,0,1,56,33,23
HANSFORD COUNTY,195,24 Years,92,44,48,29,11,18,1,1,0,1,0,1,61,32,29
HANSFORD COUNTY,195,25 Years,62,35,27,21,12,9,2,1,1,0,0,0,39,22,17
HANSFORD COUNTY,195,26 Years,54,29,25,19,9,10,1,1,0,0,0,0,34,19,15
HANSFORD COUNTY,195,27 Years,43,20,23,21,9,12,0,0,0,0,0,0,22,11,11
HANSFORD COUNTY,195,28 Years,49,26,23,23,9,14,0,0,0,0,0,0,26,17,9
HANSFORD COUNTY,195,29 Years,54,30,24,21,12,9,0,0,0,1,0,1,32,18,14
HANSFORD COUNTY,195,30 Years,56,29,27,20,13,7,1,1,0,2,1,1,33,14,19
HANSFORD COUNTY,195,31 Years,51,27,24,20,10,10,0,0,0,1,1,0,30,16,14
HANSFORD COUNTY,195,32 Years,60,35,25,21,11,10,1,1,0,1,1,0,37,22,15
HANSFORD COUNTY,195,33 Years,77,38,39,32,17,15,2,1,1,0,0,0,43,20,23
HANSFORD COUNTY,195,34 Years,66,27,39,26,10,16,1,0,1,2,1,1,37,16,21
HANSFORD COUNTY,195,35 Years,68,30,38,26,9,17,1,1,0,2,1,1,39,19,20
HANSFORD COUNTY,195,36 Years,65,33,32,27,13,14,0,0,0,0,0,0,38,20,18
HANSFORD COUNTY,195,37 Years,62,30,32,27,12,15,0,0,0,1,0,1,34,18,16
HANSFORD COUNTY,195,38 Years,61,32,29,29,14,15,0,0,0,2,2,0,30,16,14
HANSFORD COUNTY,195,39 Years,67,36,31,31,17,14,0,0,0,1,1,0,35,18,17
HANSFORD COUNTY,195,40 Years,70,35,35,28,14,14,0,0,0,0,0,0,42,21,21
HANSFORD COUNTY,195,41 Years,63,36,27,28,15,13,0,0,0,1,1,0,34,20,14
HANSFORD COUNTY,195,42 Years,66,35,31,31,16,15,1,0,1,0,0,0,34,19,15
HANSFORD COUNTY,195,43 Years,73,38,35,28,14,14,0,0,0,1,0,1,44,24,20
HANSFORD COUNTY,195,44 Years,56,29,27,27,13,14,0,0,0,0,0,0,29,16,13
HANSFORD COUNTY,195,45 Years,66,34,32,31,14,17,0,0,0,0,0,0,35,20,15
HANSFORD COUNTY,195,46 Years,65,31,34,29,12,17,0,0,0,0,0,0,36,19,17
HANSFORD COUNTY,195,47 Years,58,29,29,29,16,13,0,0,0,0,0,0,29,13,16
HANSFORD COUNTY,195,48 Years,63,32,31,36,20,16,1,0,1,0,0,0,26,12,14
HANSFORD COUNTY,195,49 Years,57,30,27,30,15,15,0,0,0,0,0,0,27,15,12
HANSFORD COUNTY,195,50 Years,70,40,30,31,15,16,0,0,0,1,0,1,38,25,13
HANSFORD COUNTY,195,51 Years,69,37,32,35,16,19,0,0,0,1,1,0,33,20,13
HANSFORD COUNTY,195,52 Years,73,37,36,38,18,20,0,0,0,1,1,0,34,18,16
HANSFORD COUNTY,195,53 Years,81,45,36,41,24,17,0,0,0,0,0,0,40,21,19
HANSFORD COUNTY,195,54 Years,73,41,32,41,22,19,1,0,1,1,0,1,30,19,11
HANSFORD COUNTY,195,55 Years,67,36,31,37,17,20,2,2,0,0,0,0,28,17,11
HANSFORD COUNTY,195,56 Years,73,35,38,37,17,20,2,1,1,0,0,0,34,17,17
HANSFORD COUNTY,195,57 Years,66,39,27,46,26,20,0,0,0,0,0,0,20,13,7
HANSFORD COUNTY,195,58 Years,71,33,38,50,24,26,0,0,0,1,0,1,20,9,11
HANSFORD COUNTY,195,59 Years,70,33,37,47,22,25,0,0,0,1,0,1,22,11,11
HANSFORD COUNTY,195,60 Years,73,40,33,49,25,24,0,0,0,1,0,1,23,15,8
HANSFORD COUNTY,195,61 Years,70,32,38,45,22,23,0,0,0,1,0,1,24,10,14
HANSFORD COUNTY,195,62 Years,70,35,35,50,26,24,0,0,0,1,1,0,19,8,11
HANSFORD COUNTY,195,63 Years,61,30,31,50,25,25,0,0,0,0,0,0,11,5,6
HANSFORD COUNTY,195,64 Years,52,25,27,35,19,16,0,0,0,0,0,0,17,6,11
HANSFORD COUNTY,195,65 Years,59,33,26,44,26,18,0,0,0,0,0,0,15,7,8
HANSFORD COUNTY,195,66 Years,53,33,20,39,25,14,0,0,0,0,0,0,14,8,6
HANSFORD COUNTY,195,67 Years,58,27,31,48,20,28,0,0,0,0,0,0,10,7,3
HANSFORD COUNTY,195,68 Years,46,21,25,39,18,21,0,0,0,0,0,0,7,3,4
HANSFORD COUNTY,195,69 Years,56,30,26,40,21,19,0,0,0,2,0,2,14,9,5
HANSFORD COUNTY,195,70 Years,43,21,22,31,14,17,0,0,0,1,0,1,11,7,4
HANSFORD COUNTY,195,71 Years,37,20,17,25,12,13,0,0,0,1,0,1,11,8,3
HANSFORD COUNTY,195,72 Years,37,23,14,27,16,11,1,1,0,0,0,0,9,6,3
HANSFORD COUNTY,195,73 Years,45,23,22,36,20,16,1,0,1,0,0,0,8,3,5
HANSFORD COUNTY,195,74 Years,42,20,22,33,16,17,0,0,0,1,0,1,8,4,4
HANSFORD COUNTY,195,75 Years,32,14,18,29,13,16,0,0,0,0,0,0,3,1,2
HANSFORD COUNTY,195,76 Years,29,15,14,25,12,13,0,0,0,0,0,0,4,3,1
HANSFORD COUNTY,195,77 Years,31,16,15,25,12,13,0,0,0,0,0,0,6,4,2
HANSFORD COUNTY,195,78 Years,29,11,18,24,9,15,1,0,1,0,0,0,4,2,2
HANSFORD COUNTY,195,79 Years,26,10,16,21,8,13,0,0,0,1,0,1,4,2,2
HANSFORD COUNTY,195,80 Years,25,13,12,23,12,11,0,0,0,0,0,0,2,1,1
HANSFORD COUNTY,195,81 Years,21,9,12,19,9,10,0,0,0,0,0,0,2,0,2
HANSFORD COUNTY,195,82 Years,22,9,13,19,8,11,0,0,0,1,1,0,2,0,2
HANSFORD COUNTY,195,83 Years,22,10,12,18,6,12,0,0,0,1,1,0,3,3,0
HANSFORD COUNTY,195,84 Years,16,7,9,13,5,8,0,0,0,0,0,0,3,2,1
HANSFORD COUNTY,195,85 Years +,99,33,66,86,28,58,0,0,0,2,0,2,11,5,6
HARDEMAN COUNTY,197,All Ages,3870,1973,1897,2563,1271,1292,210,112,98,104,59,45,993,531,462
HARDEMAN COUNTY,197,< 1 Year,39,21,18,14,7,7,3,1,2,5,2,3,17,11,6
HARDEMAN COUNTY,197,1 Years,45,25,20,18,10,8,2,1,1,5,2,3,20,12,8
HARDEMAN COUNTY,197,2 Years,45,26,19,21,13,8,2,1,1,3,1,2,19,11,8
HARDEMAN COUNTY,197,3 Years,43,23,20,21,11,10,2,1,1,0,0,0,20,11,9
HARDEMAN COUNTY,197,4 Years,44,21,23,19,10,9,2,1,1,4,1,3,19,9,10
HARDEMAN COUNTY,197,5 Years,53,25,28,19,10,9,3,1,2,4,1,3,27,13,14
HARDEMAN COUNTY,197,6 Years,62,35,27,24,11,13,3,2,1,5,4,1,30,18,12
HARDEMAN COUNTY,197,7 Years,56,31,25,19,11,8,5,2,3,3,2,1,29,16,13
HARDEMAN COUNTY,197,8 Years,52,26,26,22,11,11,3,2,1,1,0,1,26,13,13
HARDEMAN COUNTY,197,9 Years,51,25,26,23,11,12,2,1,1,3,2,1,23,11,12
HARDEMAN COUNTY,197,10 Years,53,31,22,25,12,13,2,2,0,4,4,0,22,13,9
HARDEMAN COUNTY,197,11 Years,53,36,17,26,17,9,2,2,0,5,5,0,20,12,8
HARDEMAN COUNTY,197,12 Years,57,34,23,25,14,11,3,3,0,2,2,0,27,15,12
HARDEMAN COUNTY,197,13 Years,49,28,21,23,12,11,1,1,0,2,2,0,23,13,10
HARDEMAN COUNTY,197,14 Years,50,23,27,26,12,14,2,2,0,1,0,1,21,9,12
HARDEMAN COUNTY,197,15 Years,56,28,28,32,16,16,3,2,1,0,0,0,21,10,11
HARDEMAN COUNTY,197,16 Years,47,28,19,26,15,11,2,2,0,1,0,1,18,11,7
HARDEMAN COUNTY,197,17 Years,59,32,27,36,18,18,1,1,0,2,1,1,20,12,8
HARDEMAN COUNTY,197,18 Years,56,33,23,34,19,15,2,1,1,0,0,0,20,13,7
HARDEMAN COUNTY,197,19 Years,48,29,19,29,16,13,3,2,1,0,0,0,16,11,5
HARDEMAN COUNTY,197,20 Years,52,28,24,30,16,14,4,2,2,1,1,0,17,9,8
HARDEMAN COUNTY,197,21 Years,46,24,22,22,10,12,5,2,3,2,2,0,17,10,7
HARDEMAN COUNTY,197,22 Years,50,26,24,25,13,12,6,2,4,2,2,0,17,9,8
HARDEMAN COUNTY,197,23 Years,53,26,27,29,13,16,4,1,3,1,1,0,19,11,8
HARDEMAN COUNTY,197,24 Years,49,23,26,29,15,14,2,1,1,0,0,0,18,7,11
HARDEMAN COUNTY,197,25 Years,42,22,20,26,13,13,2,2,0,1,0,1,13,7,6
HARDEMAN COUNTY,197,26 Years,29,19,10,20,12,8,1,1,0,0,0,0,8,6,2
HARDEMAN COUNTY,197,27 Years,26,13,13,16,8,8,1,1,0,1,0,1,8,4,4
HARDEMAN COUNTY,197,28 Years,32,11,21,18,7,11,2,2,0,1,0,1,11,2,9
HARDEMAN COUNTY,197,29 Years,34,15,19,26,12,14,3,2,1,1,1,0,4,0,4
HARDEMAN COUNTY,197,30 Years,38,21,17,24,13,11,2,1,1,2,2,0,10,5,5
HARDEMAN COUNTY,197,31 Years,36,20,16,22,12,10,2,1,1,2,2,0,10,5,5
HARDEMAN COUNTY,197,32 Years,41,23,18,26,14,12,3,2,1,1,1,0,11,6,5
HARDEMAN COUNTY,197,33 Years,41,25,16,22,13,9,2,1,1,0,0,0,17,11,6
HARDEMAN COUNTY,197,34 Years,38,20,18,20,11,9,2,1,1,0,0,0,16,8,8
HARDEMAN COUNTY,197,35 Years,34,18,16,20,11,9,3,2,1,0,0,0,11,5,6
HARDEMAN COUNTY,197,36 Years,38,16,22,22,11,11,2,1,1,1,0,1,13,4,9
HARDEMAN COUNTY,197,37 Years,31,16,15,16,9,7,2,1,1,1,0,1,12,6,6
HARDEMAN COUNTY,197,38 Years,42,20,22,24,9,15,0,0,0,1,0,1,17,11,6
HARDEMAN COUNTY,197,39 Years,41,19,22,27,11,16,2,1,1,0,0,0,12,7,5
HARDEMAN COUNTY,197,40 Years,36,20,16,22,11,11,3,3,0,0,0,0,11,6,5
HARDEMAN COUNTY,197,41 Years,33,20,13,22,13,9,4,3,1,0,0,0,7,4,3
HARDEMAN COUNTY,197,42 Years,40,21,19,29,14,15,3,2,1,1,0,1,7,5,2
HARDEMAN COUNTY,197,43 Years,31,14,17,22,9,13,2,2,0,1,0,1,6,3,3
HARDEMAN COUNTY,197,44 Years,45,26,19,30,17,13,5,3,2,2,2,0,8,4,4
HARDEMAN COUNTY,197,45 Years,46,21,25,37,17,20,3,1,2,0,0,0,6,3,3
HARDEMAN COUNTY,197,46 Years,45,23,22,36,17,19,0,0,0,0,0,0,9,6,3
HARDEMAN COUNTY,197,47 Years,43,20,23,33,16,17,3,0,3,1,1,0,6,3,3
HARDEMAN COUNTY,197,48 Years,40,19,21,30,16,14,1,0,1,1,0,1,8,3,5
HARDEMAN COUNTY,197,49 Years,38,16,22,29,13,16,1,1,0,1,0,1,7,2,5
HARDEMAN COUNTY,197,50 Years,50,27,23,32,18,14,4,2,2,1,1,0,13,6,7
HARDEMAN COUNTY,197,51 Years,56,30,26,34,18,16,5,2,3,1,0,1,16,10,6
HARDEMAN COUNTY,197,52 Years,53,25,28,37,16,21,3,1,2,1,1,0,12,7,5
HARDEMAN COUNTY,197,53 Years,43,19,24,32,14,18,3,1,2,1,0,1,7,4,3
HARDEMAN COUNTY,197,54 Years,43,23,20,31,15,16,3,2,1,2,1,1,7,5,2
HARDEMAN COUNTY,197,55 Years,50,24,26,37,18,19,3,1,2,1,1,0,9,4,5
HARDEMAN COUNTY,197,56 Years,43,26,17,36,22,14,2,1,1,0,0,0,5,3,2
HARDEMAN COUNTY,197,57 Years,49,25,24,38,18,20,4,2,2,1,1,0,6,4,2
HARDEMAN COUNTY,197,58 Years,65,29,36,49,20,29,5,2,3,2,2,0,9,5,4
HARDEMAN COUNTY,197,59 Years,60,35,25,50,28,22,2,2,0,1,1,0,7,4,3
HARDEMAN COUNTY,197,60 Years,62,39,23,44,27,17,4,3,1,0,0,0,14,9,5
HARDEMAN COUNTY,197,61 Years,69,37,32,51,28,23,2,2,0,0,0,0,16,7,9
HARDEMAN COUNTY,197,62 Years,62,31,31,51,23,28,1,1,0,1,1,0,9,6,3
HARDEMAN COUNTY,197,63 Years,51,23,28,44,21,23,1,0,1,1,0,1,5,2,3
HARDEMAN COUNTY,197,64 Years,53,22,31,44,20,24,1,0,1,1,0,1,7,2,5
HARDEMAN COUNTY,197,65 Years,52,30,22,44,26,18,2,1,1,1,0,1,5,3,2
HARDEMAN COUNTY,197,66 Years,47,32,15,40,27,13,3,1,2,1,1,0,3,3,0
HARDEMAN COUNTY,197,67 Years,55,27,28,46,24,22,2,0,2,2,1,1,5,2,3
HARDEMAN COUNTY,197,68 Years,53,23,30,45,18,27,2,2,0,1,1,0,5,2,3
HARDEMAN COUNTY,197,69 Years,53,24,29,45,21,24,2,1,1,0,0,0,6,2,4
HARDEMAN COUNTY,197,70 Years,60,23,37,46,20,26,4,2,2,2,0,2,8,1,7
HARDEMAN COUNTY,197,71 Years,51,21,30,43,19,24,1,0,1,1,0,1,6,2,4
HARDEMAN COUNTY,197,72 Years,49,22,27,42,18,24,3,1,2,0,0,0,4,3,1
HARDEMAN COUNTY,197,73 Years,43,20,23,37,16,21,1,0,1,1,0,1,4,4,0
HARDEMAN COUNTY,197,74 Years,42,22,20,32,16,16,1,1,0,2,1,1,7,4,3
HARDEMAN COUNTY,197,75 Years,37,17,20,32,15,17,2,1,1,0,0,0,3,1,2
HARDEMAN COUNTY,197,76 Years,33,14,19,28,12,16,2,0,2,0,0,0,3,2,1
HARDEMAN COUNTY,197,77 Years,30,15,15,25,12,13,3,1,2,0,0,0,2,2,0
HARDEMAN COUNTY,197,78 Years,21,11,10,18,10,8,2,1,1,0,0,0,1,0,1
HARDEMAN COUNTY,197,79 Years,27,10,17,22,9,13,2,0,2,0,0,0,3,1,2
HARDEMAN COUNTY,197,80 Years,26,10,16,22,8,14,2,1,1,0,0,0,2,1,1
HARDEMAN COUNTY,197,81 Years,22,10,12,21,10,11,1,0,1,0,0,0,0,0,0
HARDEMAN COUNTY,197,82 Years,18,7,11,17,7,10,0,0,0,0,0,0,1,0,1
HARDEMAN COUNTY,197,83 Years,14,5,9,13,5,8,0,0,0,0,0,0,1,0,1
HARDEMAN COUNTY,197,84 Years,13,5,8,11,5,6,0,0,0,1,0,1,1,0,1
HARDEMAN COUNTY,197,85 Years +,107,45,62,88,35,53,9,4,5,3,2,1,7,4,3
HARDIN COUNTY,199,All Ages,58206,28725,29481,50166,24684,25482,3433,1622,1811,1325,688,637,3282,1731,1551
HARDIN COUNTY,199,< 1 Year,666,348,318,545,279,266,32,21,11,28,16,12,61,32,29
HARDIN COUNTY,199,1 Years,666,342,324,550,278,272,29,17,12,29,17,12,58,30,28
HARDIN COUNTY,199,2 Years,672,352,320,558,288,270,29,16,13,27,16,11,58,32,26
HARDIN COUNTY,199,3 Years,683,364,319,568,300,268,33,17,16,32,20,12,50,27,23
HARDIN COUNTY,199,4 Years,686,366,320,557,294,263,36,19,17,36,22,14,57,31,26
HARDIN COUNTY,199,5 Years,723,385,338,568,296,272,36,20,16,55,36,19,64,33,31
HARDIN COUNTY,199,6 Years,756,383,373,614,305,309,41,23,18,36,21,15,65,34,31
HARDIN COUNTY,199,7 Years,796,423,373,657,352,305,54,27,27,31,18,13,54,26,28
HARDIN COUNTY,199,8 Years,787,406,381,634,327,307,53,25,28,37,20,17,63,34,29
HARDIN COUNTY,199,9 Years,811,427,384,654,340,314,53,30,23,38,20,18,66,37,29
HARDIN COUNTY,199,10 Years,799,420,379,650,341,309,50,26,24,35,17,18,64,36,28
HARDIN COUNTY,199,11 Years,852,435,417,699,354,345,44,25,19,34,14,20,75,42,33
HARDIN COUNTY,199,12 Years,831,428,403,690,356,334,47,25,22,27,10,17,67,37,30
HARDIN COUNTY,199,13 Years,832,421,411,697,357,340,47,23,24,22,8,14,66,33,33
HARDIN COUNTY,199,14 Years,868,458,410,726,383,343,52,29,23,17,9,8,73,37,36
HARDIN COUNTY,199,15 Years,915,477,438,759,388,371,54,28,26,23,15,8,79,46,33
HARDIN COUNTY,199,16 Years,933,498,435,768,404,364,66,35,31,22,14,8,77,45,32
HARDIN COUNTY,199,17 Years,893,465,428,746,387,359,53,24,29,21,15,6,73,39,34
HARDIN COUNTY,199,18 Years,832,436,396,696,364,332,48,23,25,15,9,6,73,40,33
HARDIN COUNTY,199,19 Years,743,394,349,608,321,287,50,21,29,16,9,7,69,43,26
HARDIN COUNTY,199,20 Years,701,385,316,580,313,267,47,24,23,13,8,5,61,40,21
HARDIN COUNTY,199,21 Years,668,343,325,555,274,281,48,27,21,12,6,6,53,36,17
HARDIN COUNTY,199,22 Years,664,334,330,544,259,285,49,31,18,14,9,5,57,35,22
HARDIN COUNTY,199,23 Years,731,375,356,592,301,291,58,34,24,18,10,8,63,30,33
HARDIN COUNTY,199,24 Years,732,367,365,605,303,302,50,26,24,18,10,8,59,28,31
HARDIN COUNTY,199,25 Years,690,357,333,568,300,268,38,11,27,23,15,8,61,31,30
HARDIN COUNTY,199,26 Years,704,358,346,578,298,280,54,22,32,18,10,8,54,28,26
HARDIN COUNTY,199,27 Years,622,308,314,518,260,258,46,20,26,14,6,8,44,22,22
HARDIN COUNTY,199,28 Years,623,308,315,539,268,271,38,17,21,10,5,5,36,18,18
HARDIN COUNTY,199,29 Years,588,298,290,508,263,245,35,13,22,8,5,3,37,17,20
HARDIN COUNTY,199,30 Years,614,304,310,517,251,266,44,22,22,10,6,4,43,25,18
HARDIN COUNTY,199,31 Years,582,278,304,489,230,259,42,23,19,12,5,7,39,20,19
HARDIN COUNTY,199,32 Years,584,267,317,494,222,272,38,19,19,7,3,4,45,23,22
HARDIN COUNTY,199,33 Years,648,314,334,552,267,285,37,19,18,5,3,2,54,25,29
HARDIN COUNTY,199,34 Years,689,334,355,589,288,301,43,20,23,9,5,4,48,21,27
HARDIN COUNTY,199,35 Years,729,356,373,619,302,317,40,22,18,12,5,7,58,27,31
HARDIN COUNTY,199,36 Years,764,374,390,649,318,331,43,22,21,16,8,8,56,26,30
HARDIN COUNTY,199,37 Years,745,362,383,642,310,332,44,20,24,11,6,5,48,26,22
HARDIN COUNTY,199,38 Years,743,354,389,636,303,333,45,20,25,10,4,6,52,27,25
HARDIN COUNTY,199,39 Years,712,337,375,618,291,327,40,19,21,9,4,5,45,23,22
HARDIN COUNTY,199,40 Years,694,332,362,609,293,316,36,15,21,13,3,10,36,21,15
HARDIN COUNTY,199,41 Years,692,342,350,606,304,302,38,15,23,10,4,6,38,19,19
HARDIN COUNTY,199,42 Years,688,317,371,602,281,321,36,12,24,12,6,6,38,18,20
HARDIN COUNTY,199,43 Years,744,340,404,645,303,342,47,14,33,15,7,8,37,16,21
HARDIN COUNTY,199,44 Years,768,359,409,673,325,348,44,16,28,19,7,12,32,11,21
HARDIN COUNTY,199,45 Years,827,408,419,738,365,373,36,15,21,15,8,7,38,20,18
HARDIN COUNTY,199,46 Years,845,438,407,752,385,367,39,20,19,13,6,7,41,27,14
HARDIN COUNTY,199,47 Years,748,367,381,646,317,329,37,18,19,19,11,8,46,21,25
HARDIN COUNTY,199,48 Years,752,370,382,660,330,330,35,15,20,16,8,8,41,17,24
HARDIN COUNTY,199,49 Years,766,381,385,671,329,342,43,21,22,19,12,7,33,19,14
HARDIN COUNTY,199,50 Years,771,381,390,668,325,343,46,21,25,19,10,9,38,25,13
HARDIN COUNTY,199,51 Years,803,389,414,688,331,357,60,27,33,16,8,8,39,23,16
HARDIN COUNTY,199,52 Years,800,392,408,697,339,358,55,28,27,17,9,8,31,16,15
HARDIN COUNTY,199,53 Years,838,423,415,747,383,364,46,21,25,20,8,12,25,11,14
HARDIN COUNTY,199,54 Years,845,399,446,751,361,390,42,16,26,20,10,10,32,12,20
HARDIN COUNTY,199,55 Years,880,434,446,783,391,392,52,23,29,17,11,6,28,9,19
HARDIN COUNTY,199,56 Years,871,426,445,772,380,392,58,26,32,15,8,7,26,12,14
HARDIN COUNTY,199,57 Years,854,409,445,769,372,397,52,20,32,14,6,8,19,11,8
HARDIN COUNTY,199,58 Years,840,399,441,752,355,397,52,24,28,13,7,6,23,13,10
HARDIN COUNTY,199,59 Years,828,406,422,740,363,377,51,23,28,15,6,9,22,14,8
HARDIN COUNTY,199,60 Years,823,415,408,741,370,371,44,26,18,17,6,11,21,13,8
HARDIN COUNTY,199,61 Years,786,405,381,693,356,337,55,27,28,15,8,7,23,14,9
HARDIN COUNTY,199,62 Years,758,384,374,674,340,334,51,25,26,10,4,6,23,15,8
HARDIN COUNTY,199,63 Years,705,320,385,632,290,342,47,16,31,10,3,7,16,11,5
HARDIN COUNTY,199,64 Years,652,295,357,584,266,318,43,16,27,8,2,6,17,11,6
HARDIN COUNTY,199,65 Years,684,336,348,602,297,305,47,19,28,10,4,6,25,16,9
HARDIN COUNTY,199,66 Years,648,320,328,579,285,294,39,19,20,9,5,4,21,11,10
HARDIN COUNTY,199,67 Years,624,296,328,573,272,301,33,17,16,7,3,4,11,4,7
HARDIN COUNTY,199,68 Years,635,303,332,581,280,301,36,16,20,10,3,7,8,4,4
HARDIN COUNTY,199,69 Years,608,299,309,555,270,285,34,17,17,7,4,3,12,8,4
HARDIN COUNTY,199,70 Years,491,245,246,447,221,226,26,15,11,7,3,4,11,6,5
HARDIN COUNTY,199,71 Years,508,243,265,464,224,240,25,14,11,8,2,6,11,3,8
HARDIN COUNTY,199,72 Years,490,227,263,445,207,238,31,14,17,4,2,2,10,4,6
HARDIN COUNTY,199,73 Years,481,224,257,439,205,234,27,11,16,6,5,1,9,3,6
HARDIN COUNTY,199,74 Years,453,212,241,413,192,221,24,10,14,8,5,3,8,5,3
HARDIN COUNTY,199,75 Years,395,174,221,361,166,195,19,4,15,8,2,6,7,2,5
HARDIN COUNTY,199,76 Years,361,160,201,332,149,183,18,8,10,4,2,2,7,1,6
HARDIN COUNTY,199,77 Years,322,138,184,297,125,172,16,9,7,2,2,0,7,2,5
HARDIN COUNTY,199,78 Years,306,136,170,280,126,154,16,8,8,2,1,1,8,1,7
HARDIN COUNTY,199,79 Years,287,123,164,265,117,148,14,4,10,1,0,1,7,2,5
HARDIN COUNTY,199,80 Years,265,109,156,246,99,147,13,6,7,1,1,0,5,3,2
HARDIN COUNTY,199,81 Years,248,106,142,235,102,133,9,3,6,3,0,3,1,1,0
HARDIN COUNTY,199,82 Years,223,96,127,207,88,119,7,3,4,2,1,1,7,4,3
HARDIN COUNTY,199,83 Years,207,94,113,189,87,102,10,4,6,2,0,2,6,3,3
HARDIN COUNTY,199,84 Years,184,78,106,170,73,97,10,4,6,2,0,2,2,1,1
HARDIN COUNTY,199,85 Years +,931,334,597,857,310,547,48,12,36,15,6,9,11,6,5
HARRIS COUNTY,201,All Ages,4565394,2286824,2278570,1301936,652140,649796,819610,385370,434240,406963,200246,206717,2036885,1049068,987817
HARRIS COUNTY,201,< 1 Year,73033,37229,35804,15053,7697,7356,12893,6570,6323,6882,3510,3372,38205,19452,18753
HARRIS COUNTY,201,1 Years,72625,37023,35602,15242,7793,7449,12848,6518,6330,6839,3481,3358,37696,19231,18465
HARRIS COUNTY,201,2 Years,71241,36297,34944,15203,7759,7444,12605,6389,6216,6592,3364,3228,36841,18785,18056
HARRIS COUNTY,201,3 Years,69143,35300,33843,14792,7579,7213,12175,6179,5996,6396,3274,3122,35780,18268,17512
HARRIS COUNTY,201,4 Years,67208,34231,32977,14254,7297,6957,11732,5943,5789,6043,3102,2941,35179,17889,17290
HARRIS COUNTY,201,5 Years,67018,34095,32923,14023,7152,6871,11627,5891,5736,6007,3084,2923,35361,17968,17393
HARRIS COUNTY,201,6 Years,68101,34661,33440,13937,7180,6757,11664,5890,5774,5725,2895,2830,36775,18696,18079
HARRIS COUNTY,201,7 Years,66560,33903,32657,13562,6943,6619,11461,5765,5696,5572,2891,2681,35965,18304,17661
HARRIS COUNTY,201,8 Years,66212,33833,32379,13402,6916,6486,11434,5764,5670,5511,2905,2606,35865,18248,17617
HARRIS COUNTY,201,9 Years,65804,33641,32163,13257,6832,6425,11552,5917,5635,5420,2786,2634,35575,18106,17469
HARRIS COUNTY,201,10 Years,65093,33230,31863,13067,6741,6326,11582,5815,5767,5297,2708,2589,35147,17966,17181
HARRIS COUNTY,201,11 Years,65460,33475,31985,13047,6648,6399,11678,5878,5800,5229,2681,2548,35506,18268,17238
HARRIS COUNTY,201,12 Years,65880,33677,32203,13134,6714,6420,11788,5986,5802,5202,2649,2553,35756,18328,17428
HARRIS COUNTY,201,13 Years,66003,33876,32127,13308,6876,6432,11765,6026,5739,5204,2659,2545,35726,18315,17411
HARRIS COUNTY,201,14 Years,65779,34035,31744,12998,6750,6248,12065,6284,5781,5042,2579,2463,35674,18422,17252
HARRIS COUNTY,201,15 Years,66809,34437,32372,13259,6888,6371,12355,6307,6048,5084,2652,2432,36111,18590,17521
HARRIS COUNTY,201,16 Years,67120,34544,32576,13799,7104,6695,12545,6455,6090,4888,2517,2371,35888,18468,17420
HARRIS COUNTY,201,17 Years,64815,33363,31452,13574,6960,6614,12300,6399,5901,4503,2291,2212,34438,17713,16725
HARRIS COUNTY,201,18 Years,62538,32403,30135,12892,6736,6156,11825,6049,5776,4382,2238,2144,33439,17380,16059
HARRIS COUNTY,201,19 Years,59008,30591,28417,11889,6166,5723,11037,5577,5460,4280,2189,2091,31802,16659,15143
HARRIS COUNTY,201,20 Years,58010,30212,27798,11518,6006,5512,10814,5512,5302,4255,2199,2056,31423,16495,14928
HARRIS COUNTY,201,21 Years,58928,30645,28283,11599,5963,5636,11169,5649,5520,4302,2222,2080,31858,16811,15047
HARRIS COUNTY,201,22 Years,61002,31766,29236,12032,6134,5898,11684,5863,5821,4570,2358,2212,32716,17411,15305
HARRIS COUNTY,201,23 Years,64663,33836,30827,13236,6779,6457,12389,6158,6231,5006,2579,2427,34032,18320,15712
HARRIS COUNTY,201,24 Years,67145,35489,31656,13728,7108,6620,12668,6279,6389,5260,2744,2516,35489,19358,16131
HARRIS COUNTY,201,25 Years,68363,36184,32179,13288,6889,6399,12813,6144,6669,5502,2810,2692,36760,20341,16419
HARRIS COUNTY,201,26 Years,70033,37102,32931,13648,7062,6586,12948,6149,6799,6046,3070,2976,37391,20821,16570
HARRIS COUNTY,201,27 Years,70830,37221,33609,14160,7154,7006,12567,5850,6717,6702,3377,3325,37401,20840,16561
HARRIS COUNTY,201,28 Years,73282,38426,34856,15939,8036,7903,12115,5611,6504,7195,3575,3620,38033,21204,16829
HARRIS COUNTY,201,29 Years,76670,39794,36876,18432,9165,9267,12191,5650,6541,7625,3746,3879,38422,21233,17189
HARRIS COUNTY,201,30 Years,80039,41422,38617,20784,10491,10293,12563,5862,6701,8255,4061,4194,38437,21008,17429
HARRIS COUNTY,201,31 Years,81536,41862,39674,21977,11275,10702,12598,5771,6827,8734,4301,4433,38227,20515,17712
HARRIS COUNTY,201,32 Years,81387,41508,39879,22097,11498,10599,12615,5713,6902,9128,4457,4671,37547,19840,17707
HARRIS COUNTY,201,33 Years,81577,41598,39979,21893,11429,10464,13034,5935,7099,9179,4452,4727,37471,19782,17689
HARRIS COUNTY,201,34 Years,79906,40583,39323,21162,11102,10060,13257,5986,7271,8805,4275,4530,36682,19220,17462
HARRIS COUNTY,201,35 Years,78070,39377,38693,20252,10665,9587,13459,6057,7402,8304,4043,4261,36055,18612,17443
HARRIS COUNTY,201,36 Years,76220,38437,37783,19427,10193,9234,13598,6106,7492,7819,3825,3994,35376,18313,17063
HARRIS COUNTY,201,37 Years,70187,35330,34857,17466,9177,8289,12921,5840,7081,7234,3508,3726,32566,16805,15761
HARRIS COUNTY,201,38 Years,67004,33618,33386,16356,8497,7859,12041,5417,6624,6712,3265,3447,31895,16439,15456
HARRIS COUNTY,201,39 Years,64747,32590,32157,15858,8195,7663,11390,5184,6206,6291,3029,3262,31208,16182,15026
HARRIS COUNTY,201,40 Years,63579,31839,31740,15294,7878,7416,10998,4982,6016,6473,3097,3376,30814,15882,14932
HARRIS COUNTY,201,41 Years,63290,31612,31678,15471,7946,7525,10833,5016,5817,6458,3129,3329,30528,15521,15007
HARRIS COUNTY,201,42 Years,61383,30502,30881,14987,7674,7313,10704,4933,5771,6473,3087,3386,29219,14808,14411
HARRIS COUNTY,201,43 Years,61083,30180,30903,14989,7755,7234,11046,5013,6033,6558,3127,3431,28490,14285,14205
HARRIS COUNTY,201,44 Years,61463,30420,31043,16279,8379,7900,11176,5134,6042,6302,2988,3314,27706,13919,13787
HARRIS COUNTY,201,45 Years,62136,30794,31342,17650,8941,8709,11348,5302,6046,6210,2916,3294,26928,13635,13293
HARRIS COUNTY,201,46 Years,61072,30336,30736,18101,9250,8851,10864,5032,5832,5887,2782,3105,26220,13272,12948
HARRIS COUNTY,201,47 Years,56973,28422,28551,17139,8778,8361,9999,4606,5393,5458,2634,2824,24377,12404,11973
HARRIS COUNTY,201,48 Years,54869,27329,27540,16669,8473,8196,9799,4563,5236,4983,2408,2575,23418,11885,11533
HARRIS COUNTY,201,49 Years,53777,26547,27230,16704,8371,8333,9946,4567,5379,4609,2192,2417,22518,11417,11101
HARRIS COUNTY,201,50 Years,53321,26309,27012,16692,8357,8335,10077,4607,5470,4549,2180,2369,22003,11165,10838
HARRIS COUNTY,201,51 Years,54888,27029,27859,18188,9029,9159,10526,4771,5755,4486,2146,2340,21688,11083,10605
HARRIS COUNTY,201,52 Years,54809,26951,27858,19099,9532,9567,10360,4703,5657,4635,2231,2404,20715,10485,10230
HARRIS COUNTY,201,53 Years,54513,26690,27823,19711,9763,9948,10246,4640,5606,4628,2232,2396,19928,10055,9873
HARRIS COUNTY,201,54 Years,53855,26407,27448,20362,10055,10307,10292,4670,5622,4300,2059,2241,18901,9623,9278
HARRIS COUNTY,201,55 Years,54334,26466,27868,21059,10404,10655,10643,4805,5838,4271,2003,2268,18361,9254,9107
HARRIS COUNTY,201,56 Years,55205,27000,28205,21999,10929,11070,10744,4878,5866,4348,2056,2292,18114,9137,8977
HARRIS COUNTY,201,57 Years,53481,26012,27469,22107,11038,11069,10561,4733,5828,4260,1992,2268,16553,8249,8304
HARRIS COUNTY,201,58 Years,52901,25796,27105,22678,11393,11285,10352,4686,5666,4160,1940,2220,15711,7777,7934
HARRIS COUNTY,201,59 Years,50837,24846,25991,22102,11162,10940,9972,4524,5448,4024,1886,2138,14739,7274,7465
HARRIS COUNTY,201,60 Years,49016,23842,25174,21527,10696,10831,9534,4349,5185,4055,1912,2143,13900,6885,7015
HARRIS COUNTY,201,61 Years,47540,23286,24254,21249,10760,10489,9217,4191,5026,3978,1881,2097,13096,6454,6642
HARRIS COUNTY,201,62 Years,44768,21824,22944,20438,10271,10167,8585,3851,4734,3750,1809,1941,11995,5893,6102
HARRIS COUNTY,201,63 Years,42576,20547,22029,19730,9875,9855,8185,3661,4524,3626,1713,1913,11035,5298,5737
HARRIS COUNTY,201,64 Years,39770,19058,20712,18715,9354,9361,7742,3399,4343,3383,1578,1805,9930,4727,5203
HARRIS COUNTY,201,65 Years,37358,17815,19543,17192,8464,8728,7410,3265,4145,3272,1507,1765,9484,4579,4905
HARRIS COUNTY,201,66 Years,35740,16964,18776,16609,8140,8469,7007,3044,3963,3287,1522,1765,8837,4258,4579
HARRIS COUNTY,201,67 Years,33458,15889,17569,15900,7825,8075,6495,2816,3679,3117,1467,1650,7946,3781,4165
HARRIS COUNTY,201,68 Years,32377,15398,16979,16015,7825,8190,5916,2593,3323,2916,1408,1508,7530,3572,3958
HARRIS COUNTY,201,69 Years,31122,14688,16434,16213,7903,8310,5380,2302,3078,2635,1250,1385,6894,3233,3661
HARRIS COUNTY,201,70 Years,25503,11977,13526,12526,6100,6426,4538,1914,2624,2279,1101,1178,6160,2862,3298
HARRIS COUNTY,201,71 Years,23468,10949,12519,11438,5489,5949,4234,1780,2454,2178,1067,1111,5618,2613,3005
HARRIS COUNTY,201,72 Years,22107,10146,11961,11247,5308,5939,3851,1592,2259,1920,946,974,5089,2300,2789
HARRIS COUNTY,201,73 Years,21003,9618,11385,10906,5151,5755,3645,1504,2141,1864,924,940,4588,2039,2549
HARRIS COUNTY,201,74 Years,18514,8463,10051,9553,4516,5037,3234,1324,1910,1716,861,855,4011,1762,2249
HARRIS COUNTY,201,75 Years,16580,7460,9120,8409,3893,4516,2954,1180,1774,1519,759,760,3698,1628,2070
HARRIS COUNTY,201,76 Years,15108,6765,8343,7664,3514,4150,2692,1075,1617,1359,651,708,3393,1525,1868
HARRIS COUNTY,201,77 Years,13680,6093,7587,7138,3247,3891,2360,950,1410,1185,567,618,2997,1329,1668
HARRIS COUNTY,201,78 Years,12937,5523,7414,6774,2944,3830,2195,825,1370,1122,538,584,2846,1216,1630
HARRIS COUNTY,201,79 Years,11635,4949,6686,6008,2645,3363,2014,736,1278,1031,495,536,2582,1073,1509
HARRIS COUNTY,201,80 Years,10846,4483,6363,5744,2479,3265,1873,659,1214,891,413,478,2338,932,1406
HARRIS COUNTY,201,81 Years,10213,4219,5994,5554,2332,3222,1756,619,1137,750,383,367,2153,885,1268
HARRIS COUNTY,201,82 Years,9007,3658,5349,4873,2029,2844,1535,549,986,692,317,375,1907,763,1144
HARRIS COUNTY,201,83 Years,8175,3250,4925,4515,1861,2654,1425,500,925,614,269,345,1621,620,1001
HARRIS COUNTY,201,84 Years,7533,2920,4613,4295,1699,2596,1221,403,818,536,241,295,1481,577,904
HARRIS COUNTY,201,85 Years +,42542,14709,27833,25880,9164,16716,6361,1786,4575,3194,1231,1963,7107,2528,4579
HARRISON COUNTY,203,All Ages,68716,34184,34532,42595,21178,21417,14346,6761,7585,1793,896,897,9982,5349,4633
HARRISON COUNTY,203,< 1 Year,865,420,445,439,216,223,184,82,102,38,19,19,204,103,101
HARRISON COUNTY,203,1 Years,864,427,437,438,217,221,177,81,96,37,20,17,212,109,103
HARRISON COUNTY,203,2 Years,864,431,433,435,219,216,176,83,93,34,17,17,219,112,107
HARRISON COUNTY,203,3 Years,865,443,422,439,226,213,180,91,89,32,15,17,214,111,103
HARRISON COUNTY,203,4 Years,901,471,430,459,250,209,182,90,92,35,15,20,225,116,109
HARRISON COUNTY,203,5 Years,921,483,438,469,249,220,184,95,89,35,18,17,233,121,112
HARRISON COUNTY,203,6 Years,1017,529,488,523,274,249,203,105,98,46,31,15,245,119,126
HARRISON COUNTY,203,7 Years,931,497,434,490,268,222,178,87,91,50,30,20,213,112,101
HARRISON COUNTY,203,8 Years,968,517,451,502,275,227,197,107,90,43,20,23,226,115,111
HARRISON COUNTY,203,9 Years,1054,531,523,554,268,286,196,104,92,58,30,28,246,129,117
HARRISON COUNTY,203,10 Years,1057,544,513,567,292,275,197,99,98,56,32,24,237,121,116
HARRISON COUNTY,203,11 Years,1032,555,477,559,297,262,195,104,91,48,29,19,230,125,105
HARRISON COUNTY,203,12 Years,1044,529,515,564,288,276,197,97,100,46,24,22,237,120,117
HARRISON COUNTY,203,13 Years,1023,499,524,540,260,280,198,97,101,43,22,21,242,120,122
HARRISON COUNTY,203,14 Years,1025,519,506,557,272,285,202,108,94,39,18,21,227,121,106
HARRISON COUNTY,203,15 Years,1026,531,495,584,300,284,188,99,89,30,15,15,224,117,107
HARRISON COUNTY,203,16 Years,1049,561,488,597,324,273,203,108,95,32,17,15,217,112,105
HARRISON COUNTY,203,17 Years,1007,499,508,561,284,277,217,107,110,25,15,10,204,93,111
HARRISON COUNTY,203,18 Years,974,511,463,541,287,254,196,107,89,28,15,13,209,102,107
HARRISON COUNTY,203,19 Years,893,480,413,488,263,225,181,103,78,25,12,13,199,102,97
HARRISON COUNTY,203,20 Years,837,450,387,448,245,203,169,87,82,27,14,13,193,104,89
HARRISON COUNTY,203,21 Years,837,444,393,433,235,198,193,84,109,20,13,7,191,112,79
HARRISON COUNTY,203,22 Years,877,468,409,460,243,217,207,108,99,24,13,11,186,104,82
HARRISON COUNTY,203,23 Years,898,482,416,482,267,215,208,108,100,23,13,10,185,94,91
HARRISON COUNTY,203,24 Years,962,504,458,483,260,223,268,127,141,21,13,8,190,104,86
HARRISON COUNTY,203,25 Years,928,472,456,432,222,210,282,133,149,18,10,8,196,107,89
HARRISON COUNTY,203,26 Years,949,457,492,452,224,228,290,124,166,16,8,8,191,101,90
HARRISON COUNTY,203,27 Years,902,455,447,459,243,216,260,116,144,17,7,10,166,89,77
HARRISON COUNTY,203,28 Years,848,416,432,457,232,225,208,79,129,19,10,9,164,95,69
HARRISON COUNTY,203,29 Years,742,373,369,390,191,199,181,85,96,14,7,7,157,90,67
HARRISON COUNTY,203,30 Years,729,374,355,392,201,191,159,78,81,18,10,8,160,85,75
HARRISON COUNTY,203,31 Years,739,373,366,428,213,215,143,68,75,16,6,10,152,86,66
HARRISON COUNTY,203,32 Years,699,353,346,393,187,206,141,67,74,13,6,7,152,93,59
HARRISON COUNTY,203,33 Years,726,369,357,421,205,216,136,64,72,11,6,5,158,94,64
HARRISON COUNTY,203,34 Years,751,392,359,436,221,215,139,68,71,12,7,5,164,96,68
HARRISON COUNTY,203,35 Years,826,416,410,507,255,252,156,70,86,17,8,9,146,83,63
HARRISON COUNTY,203,36 Years,839,400,439,507,241,266,164,65,99,18,6,12,150,88,62
HARRISON COUNTY,203,37 Years,771,380,391,462,218,244,149,65,84,25,13,12,135,84,51
HARRISON COUNTY,203,38 Years,812,393,419,509,238,271,152,69,83,16,8,8,135,78,57
HARRISON COUNTY,203,39 Years,802,386,416,479,234,245,163,72,91,16,6,10,144,74,70
HARRISON COUNTY,203,40 Years,778,395,383,462,245,217,167,76,91,16,5,11,133,69,64
HARRISON COUNTY,203,41 Years,790,417,373,479,257,222,160,78,82,16,5,11,135,77,58
HARRISON COUNTY,203,42 Years,748,384,364,462,230,232,139,73,66,21,7,14,126,74,52
HARRISON COUNTY,203,43 Years,796,388,408,508,243,265,144,71,73,28,14,14,116,60,56
HARRISON COUNTY,203,44 Years,840,425,415,534,264,270,153,79,74,29,11,18,124,71,53
HARRISON COUNTY,203,45 Years,883,432,451,575,288,287,172,72,100,22,9,13,114,63,51
HARRISON COUNTY,203,46 Years,890,441,449,592,296,296,169,77,92,19,8,11,110,60,50
HARRISON COUNTY,203,47 Years,794,386,408,526,263,263,157,64,93,18,9,9,93,50,43
HARRISON COUNTY,203,48 Years,736,360,376,495,249,246,147,60,87,17,9,8,77,42,35
HARRISON COUNTY,203,49 Years,748,364,384,504,247,257,149,69,80,13,4,9,82,44,38
HARRISON COUNTY,203,50 Years,765,361,404,514,241,273,167,75,92,9,3,6,75,42,33
HARRISON COUNTY,203,51 Years,903,424,479,625,294,331,190,81,109,9,3,6,79,46,33
HARRISON COUNTY,203,52 Years,933,428,505,644,294,350,194,83,111,15,6,9,80,45,35
HARRISON COUNTY,203,53 Years,996,481,515,691,336,355,213,98,115,18,8,10,74,39,35
HARRISON COUNTY,203,54 Years,962,488,474,681,350,331,194,90,104,20,11,9,67,37,30
HARRISON COUNTY,203,55 Years,977,508,469,689,361,328,215,106,109,15,7,8,58,34,24
HARRISON COUNTY,203,56 Years,965,485,480,678,343,335,216,98,118,13,8,5,58,36,22
HARRISON COUNTY,203,57 Years,966,492,474,700,350,350,200,103,97,14,6,8,52,33,19
HARRISON COUNTY,203,58 Years,1021,523,498,707,352,355,225,122,103,23,10,13,66,39,27
HARRISON COUNTY,203,59 Years,986,503,483,702,355,347,213,111,102,25,10,15,46,27,19
HARRISON COUNTY,203,60 Years,938,460,478,660,324,336,213,103,110,21,12,9,44,21,23
HARRISON COUNTY,203,61 Years,929,457,472,667,321,346,198,98,100,23,11,12,41,27,14
HARRISON COUNTY,203,62 Years,879,415,464,641,296,345,184,91,93,19,10,9,35,18,17
HARRISON COUNTY,203,63 Years,862,398,464,622,284,338,188,88,100,18,7,11,34,19,15
HARRISON COUNTY,203,64 Years,840,397,443,613,297,316,179,78,101,22,8,14,26,14,12
HARRISON COUNTY,203,65 Years,804,382,422,583,275,308,181,89,92,16,8,8,24,10,14
HARRISON COUNTY,203,66 Years,814,404,410,597,294,303,179,92,87,15,9,6,23,9,14
HARRISON COUNTY,203,67 Years,804,383,421,602,295,307,164,73,91,18,8,10,20,7,13
HARRISON COUNTY,203,68 Years,825,414,411,622,321,301,165,75,90,16,9,7,22,9,13
HARRISON COUNTY,203,69 Years,777,384,393,594,296,298,142,66,76,20,12,8,21,10,11
HARRISON COUNTY,203,70 Years,646,324,322,488,251,237,126,55,71,12,8,4,20,10,10
HARRISON COUNTY,203,71 Years,584,278,306,432,208,224,126,55,71,10,6,4,16,9,7
HARRISON COUNTY,203,72 Years,529,258,271,400,201,199,110,47,63,7,3,4,12,7,5
HARRISON COUNTY,203,73 Years,533,268,265,402,207,195,109,48,61,8,5,3,14,8,6
HARRISON COUNTY,203,74 Years,482,230,252,369,180,189,95,41,54,10,5,5,8,4,4
HARRISON COUNTY,203,75 Years,423,199,224,329,153,176,81,38,43,5,2,3,8,6,2
HARRISON COUNTY,203,76 Years,406,192,214,317,149,168,78,37,41,5,3,2,6,3,3
HARRISON COUNTY,203,77 Years,369,168,201,288,138,150,67,23,44,7,2,5,7,5,2
HARRISON COUNTY,203,78 Years,342,152,190,275,125,150,55,20,35,5,3,2,7,4,3
HARRISON COUNTY,203,79 Years,315,135,180,244,107,137,57,22,35,6,3,3,8,3,5
HARRISON COUNTY,203,80 Years,303,126,177,241,104,137,51,18,33,2,0,2,9,4,5
HARRISON COUNTY,203,81 Years,273,119,154,216,98,118,48,18,30,3,1,2,6,2,4
HARRISON COUNTY,203,82 Years,241,95,146,196,80,116,41,14,27,2,1,1,2,0,2
HARRISON COUNTY,203,83 Years,231,91,140,183,79,104,42,11,31,2,1,1,4,0,4
HARRISON COUNTY,203,84 Years,203,82,121,160,66,94,35,12,23,4,2,2,4,2,2
HARRISON COUNTY,203,85 Years +,1033,354,679,750,267,483,249,72,177,16,6,10,18,9,9
HARTLEY COUNTY,205,All Ages,6342,3913,2429,4173,2323,1850,423,418,5,99,48,51,1647,1124,523
HARTLEY COUNTY,205,< 1 Year,53,33,20,36,23,13,0,0,0,0,0,0,17,10,7
HARTLEY COUNTY,205,1 Years,54,30,24,33,18,15,0,0,0,2,1,1,19,11,8
HARTLEY COUNTY,205,2 Years,60,32,28,32,16,16,0,0,0,2,1,1,26,15,11
HARTLEY COUNTY,205,3 Years,63,32,31,35,16,19,0,0,0,1,0,1,27,16,11
HARTLEY COUNTY,205,4 Years,63,32,31,35,17,18,0,0,0,2,1,1,26,14,12
HARTLEY COUNTY,205,5 Years,58,29,29,34,15,19,0,0,0,3,2,1,21,12,9
HARTLEY COUNTY,205,6 Years,59,35,24,33,19,14,1,0,1,1,1,0,24,15,9
HARTLEY COUNTY,205,7 Years,69,39,30,41,23,18,0,0,0,1,1,0,27,15,12
HARTLEY COUNTY,205,8 Years,74,40,34,51,27,24,0,0,0,1,0,1,22,13,9
HARTLEY COUNTY,205,9 Years,80,41,39,54,29,25,0,0,0,1,0,1,25,12,13
HARTLEY COUNTY,205,10 Years,84,40,44,55,27,28,0,0,0,1,0,1,28,13,15
HARTLEY COUNTY,205,11 Years,84,43,41,49,28,21,1,1,0,1,0,1,33,14,19
HARTLEY COUNTY,205,12 Years,82,41,41,51,27,24,0,0,0,2,0,2,29,14,15
HARTLEY COUNTY,205,13 Years,81,46,35,49,29,20,0,0,0,1,1,0,31,16,15
HARTLEY COUNTY,205,14 Years,82,39,43,52,29,23,0,0,0,3,1,2,27,9,18
HARTLEY COUNTY,205,15 Years,73,40,33,47,31,16,0,0,0,1,0,1,25,9,16
HARTLEY COUNTY,205,16 Years,79,39,40,58,29,29,0,0,0,2,2,0,19,8,11
HARTLEY COUNTY,205,17 Years,89,41,48,61,26,35,0,0,0,3,1,2,25,14,11
HARTLEY COUNTY,205,18 Years,75,38,37,50,25,25,1,0,1,2,1,1,22,12,10
HARTLEY COUNTY,205,19 Years,65,37,28,44,23,21,2,2,0,1,1,0,18,11,7
HARTLEY COUNTY,205,20 Years,74,37,37,48,24,24,1,1,0,2,1,1,23,11,12
HARTLEY COUNTY,205,21 Years,59,27,32,38,18,20,1,1,0,2,1,1,18,7,11
HARTLEY COUNTY,205,22 Years,74,33,41,52,23,29,0,0,0,2,1,1,20,9,11
HARTLEY COUNTY,205,23 Years,75,36,39,54,24,30,0,0,0,2,1,1,19,11,8
HARTLEY COUNTY,205,24 Years,60,38,22,40,23,17,0,0,0,2,2,0,18,13,5
HARTLEY COUNTY,205,25 Years,41,26,15,22,13,9,0,0,0,2,2,0,17,11,6
HARTLEY COUNTY,205,26 Years,60,45,15,24,18,6,6,6,0,4,1,3,26,20,6
HARTLEY COUNTY,205,27 Years,92,79,13,31,23,8,17,17,0,2,1,1,42,38,4
HARTLEY COUNTY,205,28 Years,87,71,16,49,40,9,9,9,0,1,1,0,28,21,7
HARTLEY COUNTY,205,29 Years,109,92,17,46,38,8,22,22,0,1,0,1,40,32,8
HARTLEY COUNTY,205,30 Years,96,79,17,42,31,11,17,17,0,3,2,1,34,29,5
HARTLEY COUNTY,205,31 Years,93,67,26,42,24,18,18,18,0,3,2,1,30,23,7
HARTLEY COUNTY,205,32 Years,104,78,26,46,26,20,20,20,0,2,1,1,36,31,5
HARTLEY COUNTY,205,33 Years,88,70,18,45,31,14,14,14,0,2,0,2,27,25,2
HARTLEY COUNTY,205,34 Years,84,69,15,41,30,11,14,14,0,1,0,1,28,25,3
HARTLEY COUNTY,205,35 Years,104,75,29,45,28,17,14,14,0,1,0,1,44,33,11
HARTLEY COUNTY,205,36 Years,91,64,27,40,22,18,14,14,0,3,3,0,34,25,9
HARTLEY COUNTY,205,37 Years,84,56,28,48,30,18,9,8,1,2,1,1,25,17,8
HARTLEY COUNTY,205,38 Years,94,57,37,61,32,29,7,6,1,1,0,1,25,19,6
HARTLEY COUNTY,205,39 Years,103,72,31,55,33,22,14,14,0,1,0,1,33,25,8
HARTLEY COUNTY,205,40 Years,106,76,30,59,39,20,11,11,0,3,1,2,33,25,8
HARTLEY COUNTY,205,41 Years,112,89,23,63,46,17,14,14,0,1,1,0,34,28,6
HARTLEY COUNTY,205,42 Years,121,86,35,67,44,23,15,15,0,2,2,0,37,25,12
HARTLEY COUNTY,205,43 Years,129,87,42,73,43,30,13,13,0,1,1,0,42,30,12
HARTLEY COUNTY,205,44 Years,129,86,43,78,44,34,13,13,0,0,0,0,38,29,9
HARTLEY COUNTY,205,45 Years,125,91,34,73,44,29,20,20,0,0,0,0,32,27,5
HARTLEY COUNTY,205,46 Years,108,75,33,53,28,25,16,16,0,1,1,0,38,30,8
HARTLEY COUNTY,205,47 Years,121,93,28,67,47,20,9,9,0,1,1,0,44,36,8
HARTLEY COUNTY,205,48 Years,118,90,28,72,50,22,11,11,0,1,1,0,34,28,6
HARTLEY COUNTY,205,49 Years,90,61,29,59,33,26,10,10,0,0,0,0,21,18,3
HARTLEY COUNTY,205,50 Years,93,65,28,63,37,26,15,15,0,2,1,1,13,12,1
HARTLEY COUNTY,205,51 Years,110,82,28,64,43,21,15,15,0,1,0,1,30,24,6
HARTLEY COUNTY,205,52 Years,102,72,30,65,39,26,8,8,0,1,0,1,28,25,3
HARTLEY COUNTY,205,53 Years,97,67,30,68,43,25,14,14,0,1,0,1,14,10,4
HARTLEY COUNTY,205,54 Years,91,54,37,73,41,32,2,2,0,1,0,1,15,11,4
HARTLEY COUNTY,205,55 Years,96,57,39,85,49,36,3,3,0,0,0,0,8,5,3
HARTLEY COUNTY,205,56 Years,92,63,29,84,57,27,0,0,0,0,0,0,8,6,2
HARTLEY COUNTY,205,57 Years,70,39,31,58,30,28,1,1,0,0,0,0,11,8,3
HARTLEY COUNTY,205,58 Years,81,48,33,63,36,27,5,5,0,0,0,0,13,7,6
HARTLEY COUNTY,205,59 Years,70,41,29,61,33,28,5,5,0,0,0,0,4,3,1
HARTLEY COUNTY,205,60 Years,69,41,28,63,35,28,2,2,0,1,1,0,3,3,0
HARTLEY COUNTY,205,61 Years,73,46,27,63,36,27,5,5,0,0,0,0,5,5,0
HARTLEY COUNTY,205,62 Years,65,30,35,52,20,32,1,1,0,1,0,1,11,9,2
HARTLEY COUNTY,205,63 Years,60,31,29,45,21,24,5,5,0,1,0,1,9,5,4
HARTLEY COUNTY,205,64 Years,63,34,29,55,30,25,2,1,1,2,1,1,4,2,2
HARTLEY COUNTY,205,65 Years,51,26,25,43,19,24,3,3,0,0,0,0,5,4,1
HARTLEY COUNTY,205,66 Years,50,26,24,46,23,23,1,1,0,0,0,0,3,2,1
HARTLEY COUNTY,205,67 Years,47,25,22,43,24,19,0,0,0,2,0,2,2,1,1
HARTLEY COUNTY,205,68 Years,52,24,28,48,23,25,0,0,0,1,1,0,3,0,3
HARTLEY COUNTY,205,69 Years,58,26,32,52,24,28,0,0,0,1,1,0,5,1,4
HARTLEY COUNTY,205,70 Years,41,19,22,36,15,21,0,0,0,0,0,0,5,4,1
HARTLEY COUNTY,205,71 Years,34,17,17,32,15,17,0,0,0,0,0,0,2,2,0
HARTLEY COUNTY,205,72 Years,39,17,22,36,16,20,0,0,0,1,0,1,2,1,1
HARTLEY COUNTY,205,73 Years,39,16,23,37,15,22,1,1,0,1,0,1,0,0,0
HARTLEY COUNTY,205,74 Years,50,27,23,46,23,23,0,0,0,1,1,0,3,3,0
HARTLEY COUNTY,205,75 Years,48,22,26,45,20,25,0,0,0,0,0,0,3,2,1
HARTLEY COUNTY,205,76 Years,42,20,22,38,17,21,1,1,0,0,0,0,3,2,1
HARTLEY COUNTY,205,77 Years,33,15,18,29,13,16,0,0,0,0,0,0,4,2,2
HARTLEY COUNTY,205,78 Years,29,14,15,29,14,15,0,0,0,0,0,0,0,0,0
HARTLEY COUNTY,205,79 Years,28,12,16,25,11,14,0,0,0,0,0,0,3,1,2
HARTLEY COUNTY,205,80 Years,24,9,15,22,8,14,0,0,0,0,0,0,2,1,1
HARTLEY COUNTY,205,81 Years,20,8,12,19,7,12,0,0,0,0,0,0,1,1,0
HARTLEY COUNTY,205,82 Years,20,8,12,19,7,12,0,0,0,0,0,0,1,1,0
HARTLEY COUNTY,205,83 Years,16,6,10,15,6,9,0,0,0,0,0,0,1,0,1
HARTLEY COUNTY,205,84 Years,18,9,9,15,7,8,0,0,0,0,0,0,3,2,1
HARTLEY COUNTY,205,85 Years +,113,45,68,103,40,63,0,0,0,1,0,1,9,5,4
HASKELL COUNTY,207,All Ages,5709,3025,2684,3787,1973,1814,207,130,77,135,84,51,1580,838,742
HASKELL COUNTY,207,< 1 Year,52,21,31,25,12,13,0,0,0,2,1,1,25,8,17
HASKELL COUNTY,207,1 Years,57,26,31,27,12,15,0,0,0,1,1,0,29,13,16
HASKELL COUNTY,207,2 Years,59,28,31,28,13,15,3,1,2,2,1,1,26,13,13
HASKELL COUNTY,207,3 Years,52,22,30,23,10,13,3,1,2,0,0,0,26,11,15
HASKELL COUNTY,207,4 Years,53,26,27,24,13,11,3,1,2,1,0,1,25,12,13
HASKELL COUNTY,207,5 Years,59,29,30,24,13,11,3,1,2,2,1,1,30,14,16
HASKELL COUNTY,207,6 Years,77,35,42,36,14,22,2,0,2,1,0,1,38,21,17
HASKELL COUNTY,207,7 Years,65,32,33,30,13,17,3,1,2,3,3,0,29,15,14
HASKELL COUNTY,207,8 Years,65,36,29,34,19,15,1,1,0,5,3,2,25,13,12
HASKELL COUNTY,207,9 Years,62,33,29,33,17,16,0,0,0,3,3,0,26,13,13
HASKELL COUNTY,207,10 Years,57,34,23,27,15,12,2,2,0,3,3,0,25,14,11
HASKELL COUNTY,207,11 Years,69,38,31,39,22,17,2,1,1,1,1,0,27,14,13
HASKELL COUNTY,207,12 Years,67,35,32,36,21,15,2,1,1,2,0,2,27,13,14
HASKELL COUNTY,207,13 Years,77,38,39,47,26,21,1,1,0,3,0,3,26,11,15
HASKELL COUNTY,207,14 Years,76,40,36,38,18,20,5,3,2,2,1,1,31,18,13
HASKELL COUNTY,207,15 Years,61,34,27,27,16,11,3,1,2,2,2,0,29,15,14
HASKELL COUNTY,207,16 Years,72,41,31,44,25,19,4,1,3,4,4,0,20,11,9
HASKELL COUNTY,207,17 Years,70,37,33,38,21,17,3,1,2,1,1,0,28,14,14
HASKELL COUNTY,207,18 Years,53,32,21,30,18,12,0,0,0,1,1,0,22,13,9
HASKELL COUNTY,207,19 Years,53,31,22,30,18,12,3,2,1,1,1,0,19,10,9
HASKELL COUNTY,207,20 Years,60,35,25,34,22,12,3,1,2,2,2,0,21,10,11
HASKELL COUNTY,207,21 Years,65,34,31,35,20,15,4,1,3,4,3,1,22,10,12
HASKELL COUNTY,207,22 Years,66,30,36,38,19,19,1,0,1,6,3,3,21,8,13
HASKELL COUNTY,207,23 Years,74,34,40,49,26,23,0,0,0,4,0,4,21,8,13
HASKELL COUNTY,207,24 Years,74,38,36,42,23,19,1,0,1,2,1,1,29,14,15
HASKELL COUNTY,207,25 Years,73,39,34,39,21,18,1,1,0,2,1,1,31,16,15
HASKELL COUNTY,207,26 Years,71,41,30,40,22,18,2,2,0,1,1,0,28,16,12
HASKELL COUNTY,207,27 Years,65,42,23,39,26,13,5,4,1,1,1,0,20,11,9
HASKELL COUNTY,207,28 Years,61,42,19,34,24,10,2,1,1,3,1,2,22,16,6
HASKELL COUNTY,207,29 Years,57,39,18,29,20,9,4,2,2,2,1,1,22,16,6
HASKELL COUNTY,207,30 Years,56,37,19,33,22,11,1,1,0,2,1,1,20,13,7
HASKELL COUNTY,207,31 Years,53,30,23,32,17,15,3,2,1,1,1,0,17,10,7
HASKELL COUNTY,207,32 Years,58,31,27,36,18,18,2,2,0,1,1,0,19,10,9
HASKELL COUNTY,207,33 Years,57,38,19,31,18,13,3,3,0,2,2,0,21,15,6
HASKELL COUNTY,207,34 Years,60,38,22,30,15,15,4,4,0,1,1,0,25,18,7
HASKELL COUNTY,207,35 Years,59,41,18,38,24,14,4,3,1,2,2,0,15,12,3
HASKELL COUNTY,207,36 Years,66,39,27,47,28,19,2,1,1,1,1,0,16,9,7
HASKELL COUNTY,207,37 Years,67,42,25,48,28,20,3,3,0,1,1,0,15,10,5
HASKELL COUNTY,207,38 Years,59,35,24,38,21,17,4,3,1,2,1,1,15,10,5
HASKELL COUNTY,207,39 Years,63,41,22,38,26,12,4,4,0,2,2,0,19,9,10
HASKELL COUNTY,207,40 Years,70,41,29,43,24,19,3,3,0,2,1,1,22,13,9
HASKELL COUNTY,207,41 Years,69,39,30,45,25,20,3,3,0,1,0,1,20,11,9
HASKELL COUNTY,207,42 Years,63,38,25,41,24,17,6,5,1,0,0,0,16,9,7
HASKELL COUNTY,207,43 Years,65,41,24,49,30,19,4,3,1,1,1,0,11,7,4
HASKELL COUNTY,207,44 Years,58,34,24,37,22,15,4,3,1,1,1,0,16,8,8
HASKELL COUNTY,207,45 Years,59,31,28,37,22,15,1,0,1,4,3,1,17,6,11
HASKELL COUNTY,207,46 Years,67,35,32,46,25,21,3,2,1,1,1,0,17,7,10
HASKELL COUNTY,207,47 Years,58,36,22,36,24,12,3,2,1,1,1,0,18,9,9
HASKELL COUNTY,207,48 Years,61,33,28,35,17,18,3,1,2,2,1,1,21,14,7
HASKELL COUNTY,207,49 Years,59,36,23,34,21,13,4,3,1,2,1,1,19,11,8
HASKELL COUNTY,207,50 Years,64,37,27,40,25,15,5,3,2,2,2,0,17,7,10
HASKELL COUNTY,207,51 Years,65,36,29,46,26,20,1,1,0,1,1,0,17,8,9
HASKELL COUNTY,207,52 Years,73,39,34,55,27,28,2,2,0,0,0,0,16,10,6
HASKELL COUNTY,207,53 Years,87,47,40,61,34,27,4,1,3,3,1,2,19,11,8
HASKELL COUNTY,207,54 Years,93,48,45,67,35,32,4,3,1,1,0,1,21,10,11
HASKELL COUNTY,207,55 Years,89,46,43,64,30,34,4,3,1,2,1,1,19,12,7
HASKELL COUNTY,207,56 Years,92,43,49,68,29,39,4,2,2,1,1,0,19,11,8
HASKELL COUNTY,207,57 Years,81,42,39,56,31,25,1,0,1,2,1,1,22,10,12
HASKELL COUNTY,207,58 Years,75,45,30,53,31,22,3,3,0,2,1,1,17,10,7
HASKELL COUNTY,207,59 Years,85,47,38,65,34,31,2,2,0,1,1,0,17,10,7
HASKELL COUNTY,207,60 Years,87,39,48,65,25,40,2,1,1,4,2,2,16,11,5
HASKELL COUNTY,207,61 Years,91,44,47,69,30,39,2,1,1,3,1,2,17,12,5
HASKELL COUNTY,207,62 Years,76,43,33,59,31,28,3,2,1,0,0,0,14,10,4
HASKELL COUNTY,207,63 Years,84,50,34,67,40,27,1,1,0,1,0,1,15,9,6
HASKELL COUNTY,207,64 Years,82,48,34,69,40,29,1,1,0,0,0,0,12,7,5
HASKELL COUNTY,207,65 Years,88,46,42,70,36,34,1,1,0,1,0,1,16,9,7
HASKELL COUNTY,207,66 Years,87,44,43,69,34,35,4,3,1,1,1,0,13,6,7
HASKELL COUNTY,207,67 Years,79,41,38,58,30,28,2,1,1,2,1,1,17,9,8
HASKELL COUNTY,207,68 Years,78,34,44,63,28,35,2,1,1,1,0,1,12,5,7
HASKELL COUNTY,207,69 Years,76,34,42,57,23,34,4,3,1,1,1,0,14,7,7
HASKELL COUNTY,207,70 Years,57,29,28,43,21,22,2,1,1,2,1,1,10,6,4
HASKELL COUNTY,207,71 Years,67,34,33,55,27,28,0,0,0,2,1,1,10,6,4
HASKELL COUNTY,207,72 Years,65,27,38,58,23,35,2,1,1,0,0,0,5,3,2
HASKELL COUNTY,207,73 Years,59,23,36,49,18,31,3,2,1,0,0,0,7,3,4
HASKELL COUNTY,207,74 Years,62,30,32,50,26,24,2,1,1,0,0,0,10,3,7
HASKELL COUNTY,207,75 Years,54,28,26,44,24,20,2,0,2,0,0,0,8,4,4
HASKELL COUNTY,207,76 Years,48,22,26,40,17,23,0,0,0,1,1,0,7,4,3
HASKELL COUNTY,207,77 Years,39,19,20,33,15,18,0,0,0,1,1,0,5,3,2
HASKELL COUNTY,207,78 Years,43,25,18,37,22,15,1,1,0,0,0,0,5,2,3
HASKELL COUNTY,207,79 Years,39,17,22,33,14,19,1,1,0,0,0,0,5,2,3
HASKELL COUNTY,207,80 Years,46,23,23,41,20,21,0,0,0,0,0,0,5,3,2
HASKELL COUNTY,207,81 Years,43,20,23,34,16,18,1,1,0,0,0,0,8,3,5
HASKELL COUNTY,207,82 Years,40,17,23,34,16,18,1,1,0,0,0,0,5,0,5
HASKELL COUNTY,207,83 Years,37,17,20,32,15,17,2,1,1,0,0,0,3,1,2
HASKELL COUNTY,207,84 Years,32,13,19,26,9,17,1,1,0,0,0,0,5,3,2
HASKELL COUNTY,207,85 Years +,197,70,127,164,61,103,7,2,5,3,1,2,23,6,17
HAYS COUNTY,209,All Ages,201588,99361,102227,109703,53642,56061,6021,3235,2786,7043,3472,3571,78821,39012,39809
HAYS COUNTY,209,< 1 Year,3068,1571,1497,1264,663,601,73,31,42,159,79,80,1572,798,774
HAYS COUNTY,209,1 Years,3028,1566,1462,1277,671,606,68,32,36,155,84,71,1528,779,749
HAYS COUNTY,209,2 Years,2902,1515,1387,1225,642,583,61,32,29,157,83,74,1459,758,701
HAYS COUNTY,209,3 Years,2764,1438,1326,1179,613,566,57,29,28,154,91,63,1374,705,669
HAYS COUNTY,209,4 Years,2693,1378,1315,1139,586,553,57,30,27,151,82,69,1346,680,666
HAYS COUNTY,209,5 Years,2718,1367,1351,1149,584,565,56,30,26,144,74,70,1369,679,690
HAYS COUNTY,209,6 Years,2743,1387,1356,1147,576,571,54,36,18,138,68,70,1404,707,697
HAYS COUNTY,209,7 Years,2274,1146,1128,954,484,470,54,27,27,103,49,54,1163,586,577
HAYS COUNTY,209,8 Years,2340,1159,1181,968,488,480,64,29,35,103,55,48,1205,587,618
HAYS COUNTY,209,9 Years,2408,1219,1189,998,522,476,56,33,23,114,58,56,1240,606,634
HAYS COUNTY,209,10 Years,2520,1288,1232,1061,553,508,66,36,30,120,57,63,1273,642,631
HAYS COUNTY,209,11 Years,2642,1329,1313,1116,560,556,68,38,30,105,49,56,1353,682,671
HAYS COUNTY,209,12 Years,2769,1364,1405,1177,579,598,63,37,26,110,53,57,1419,695,724
HAYS COUNTY,209,13 Years,2862,1452,1410,1167,605,562,71,36,35,116,53,63,1508,758,750
HAYS COUNTY,209,14 Years,2916,1473,1443,1193,603,590,77,41,36,116,51,65,1530,778,752
HAYS COUNTY,209,15 Years,3024,1519,1505,1224,612,612,83,40,43,124,55,69,1593,812,781
HAYS COUNTY,209,16 Years,3000,1567,1433,1197,630,567,83,43,40,105,52,53,1615,842,773
HAYS COUNTY,209,17 Years,2995,1560,1435,1195,609,586,109,67,42,131,74,57,1560,810,750
HAYS COUNTY,209,18 Years,3966,1891,2075,1817,827,990,147,68,79,165,87,78,1837,909,928
HAYS COUNTY,209,19 Years,5364,2510,2854,2660,1188,1472,263,122,141,168,84,84,2273,1116,1157
HAYS COUNTY,209,20 Years,5525,2595,2930,2866,1308,1558,241,126,115,142,70,72,2276,1091,1185
HAYS COUNTY,209,21 Years,5428,2658,2770,2868,1373,1495,231,112,119,180,93,87,2149,1080,1069
HAYS COUNTY,209,22 Years,5009,2669,2340,2707,1414,1293,209,99,110,216,112,104,1877,1044,833
HAYS COUNTY,209,23 Years,4918,2614,2304,2656,1376,1280,229,119,110,183,93,90,1850,1026,824
HAYS COUNTY,209,24 Years,4313,2363,1950,2454,1288,1166,165,110,55,187,100,87,1507,865,642
HAYS COUNTY,209,25 Years,4137,2100,2037,2472,1208,1264,129,72,57,183,96,87,1353,724,629
HAYS COUNTY,209,26 Years,3700,1852,1848,2226,1091,1135,109,63,46,164,88,76,1201,610,591
HAYS COUNTY,209,27 Years,3589,1824,1765,2081,1052,1029,129,86,43,158,80,78,1221,606,615
HAYS COUNTY,209,28 Years,3231,1669,1562,1889,1003,886,90,59,31,138,79,59,1114,528,586
HAYS COUNTY,209,29 Years,2657,1403,1254,1431,816,615,81,48,33,115,68,47,1030,471,559
HAYS COUNTY,209,30 Years,2363,1182,1181,1167,614,553,57,25,32,96,54,42,1043,489,554
HAYS COUNTY,209,31 Years,2226,1153,1073,1082,575,507,58,30,28,70,41,29,1016,507,509
HAYS COUNTY,209,32 Years,2118,1138,980,1022,564,458,62,41,21,64,30,34,970,503,467
HAYS COUNTY,209,33 Years,2058,1088,970,985,535,450,57,32,25,66,36,30,950,485,465
HAYS COUNTY,209,34 Years,2107,1071,1036,1027,526,501,55,29,26,71,34,37,954,482,472
HAYS COUNTY,209,35 Years,2186,1090,1096,1070,542,528,54,30,24,80,36,44,982,482,500
HAYS COUNTY,209,36 Years,2346,1164,1182,1144,575,569,67,35,32,74,34,40,1061,520,541
HAYS COUNTY,209,37 Years,2258,1105,1153,1110,549,561,62,31,31,67,30,37,1019,495,524
HAYS COUNTY,209,38 Years,2271,1095,1176,1097,535,562,79,47,32,72,31,41,1023,482,541
HAYS COUNTY,209,39 Years,2352,1102,1250,1132,537,595,81,47,34,73,32,41,1066,486,580
HAYS COUNTY,209,40 Years,2433,1113,1320,1153,544,609,82,41,41,77,31,46,1121,497,624
HAYS COUNTY,209,41 Years,2511,1146,1365,1210,552,658,77,38,39,72,31,41,1152,525,627
HAYS COUNTY,209,42 Years,2455,1151,1304,1228,563,665,66,36,30,67,29,38,1094,523,571
HAYS COUNTY,209,43 Years,2497,1203,1294,1300,607,693,77,43,34,70,34,36,1050,519,531
HAYS COUNTY,209,44 Years,2590,1210,1380,1408,631,777,80,44,36,76,36,40,1026,499,527
HAYS COUNTY,209,45 Years,2675,1280,1395,1505,713,792,87,53,34,90,44,46,993,470,523
HAYS COUNTY,209,46 Years,2517,1246,1271,1406,691,715,74,47,27,91,44,47,946,464,482
HAYS COUNTY,209,47 Years,2345,1163,1182,1292,644,648,68,41,27,77,35,42,908,443,465
HAYS COUNTY,209,48 Years,2291,1157,1134,1271,628,643,86,58,28,62,25,37,872,446,426
HAYS COUNTY,209,49 Years,2242,1111,1131,1260,611,649,73,47,26,59,22,37,850,431,419
HAYS COUNTY,209,50 Years,2239,1088,1151,1244,588,656,70,47,23,65,28,37,860,425,435
HAYS COUNTY,209,51 Years,2352,1132,1220,1386,661,725,72,36,36,63,28,35,831,407,424
HAYS COUNTY,209,52 Years,2322,1098,1224,1388,642,746,67,27,40,62,30,32,805,399,406
HAYS COUNTY,209,53 Years,2296,1099,1197,1409,650,759,66,36,30,68,35,33,753,378,375
HAYS COUNTY,209,54 Years,2332,1105,1227,1483,678,805,79,46,33,57,28,29,713,353,360
HAYS COUNTY,209,55 Years,2203,1033,1170,1447,654,793,66,37,29,51,25,26,639,317,322
HAYS COUNTY,209,56 Years,2202,1100,1102,1453,725,728,80,45,35,52,20,32,617,310,307
HAYS COUNTY,209,57 Years,2111,1055,1056,1403,711,692,68,43,25,54,21,33,586,280,306
HAYS COUNTY,209,58 Years,2083,996,1087,1418,686,732,60,37,23,55,19,36,550,254,296
HAYS COUNTY,209,59 Years,2012,952,1060,1382,656,726,50,29,21,53,21,32,527,246,281
HAYS COUNTY,209,60 Years,1989,925,1064,1376,640,736,64,35,29,46,22,24,503,228,275
HAYS COUNTY,209,61 Years,2044,962,1082,1454,684,770,65,32,33,50,24,26,475,222,253
HAYS COUNTY,209,62 Years,1941,915,1026,1400,664,736,57,29,28,48,22,26,436,200,236
HAYS COUNTY,209,63 Years,1934,908,1026,1401,668,733,50,27,23,50,22,28,433,191,242
HAYS COUNTY,209,64 Years,1846,884,962,1343,643,700,46,26,20,47,20,27,410,195,215
HAYS COUNTY,209,65 Years,1783,847,936,1307,624,683,47,23,24,47,21,26,382,179,203
HAYS COUNTY,209,66 Years,1718,835,883,1266,626,640,38,19,19,45,23,22,369,167,202
HAYS COUNTY,209,67 Years,1622,785,837,1190,582,608,34,18,16,39,20,19,359,165,194
HAYS COUNTY,209,68 Years,1640,783,857,1221,595,626,19,9,10,38,16,22,362,163,199
HAYS COUNTY,209,69 Years,1615,790,825,1222,609,613,18,7,11,34,17,17,341,157,184
HAYS COUNTY,209,70 Years,1321,643,678,981,491,490,27,9,18,30,10,20,283,133,150
HAYS COUNTY,209,71 Years,1216,571,645,896,432,464,25,9,16,26,12,14,269,118,151
HAYS COUNTY,209,72 Years,1124,514,610,843,397,446,18,6,12,24,11,13,239,100,139
HAYS COUNTY,209,73 Years,1029,474,555,788,379,409,16,8,8,21,9,12,204,78,126
HAYS COUNTY,209,74 Years,885,402,483,671,315,356,18,6,12,17,8,9,179,73,106
HAYS COUNTY,209,75 Years,764,350,414,575,263,312,15,9,6,11,6,5,163,72,91
HAYS COUNTY,209,76 Years,707,310,397,542,237,305,15,9,6,12,4,8,138,60,78
HAYS COUNTY,209,77 Years,680,308,372,522,240,282,17,5,12,10,5,5,131,58,73
HAYS COUNTY,209,78 Years,628,291,337,480,227,253,15,4,11,11,5,6,122,55,67
HAYS COUNTY,209,79 Years,543,239,304,405,182,223,14,6,8,13,8,5,111,43,68
HAYS COUNTY,209,80 Years,497,213,284,370,160,210,13,7,6,12,6,6,102,40,62
HAYS COUNTY,209,81 Years,448,192,256,345,146,199,9,4,5,8,4,4,86,38,48
HAYS COUNTY,209,82 Years,408,167,241,318,134,184,8,2,6,8,3,5,74,28,46
HAYS COUNTY,209,83 Years,367,153,214,282,124,158,9,3,6,7,3,4,69,23,46
HAYS COUNTY,209,84 Years,345,142,203,270,111,159,10,4,6,7,3,4,58,24,34
HAYS COUNTY,209,85 Years +,1998,686,1312,1596,558,1038,31,10,21,24,7,17,347,111,236
HEMPHILL COUNTY,211,All Ages,4048,2072,1976,2691,1339,1352,5,2,3,57,25,32,1295,706,589
HEMPHILL COUNTY,211,< 1 Year,49,26,23,25,13,12,0,0,0,0,0,0,24,13,11
HEMPHILL COUNTY,211,1 Years,52,28,24,27,15,12,0,0,0,0,0,0,25,13,12
HEMPHILL COUNTY,211,2 Years,56,29,27,28,15,13,0,0,0,1,0,1,27,14,13
HEMPHILL COUNTY,211,3 Years,53,30,23,28,16,12,0,0,0,0,0,0,25,14,11
HEMPHILL COUNTY,211,4 Years,54,31,23,28,16,12,0,0,0,0,0,0,26,15,11
HEMPHILL COUNTY,211,5 Years,59,35,24,33,20,13,0,0,0,0,0,0,26,15,11
HEMPHILL COUNTY,211,6 Years,44,24,20,21,12,9,0,0,0,0,0,0,23,12,11
HEMPHILL COUNTY,211,7 Years,65,39,26,29,18,11,0,0,0,2,1,1,34,20,14
HEMPHILL COUNTY,211,8 Years,72,36,36,38,22,16,0,0,0,2,1,1,32,13,19
HEMPHILL COUNTY,211,9 Years,73,31,42,38,17,21,0,0,0,0,0,0,35,14,21
HEMPHILL COUNTY,211,10 Years,65,28,37,35,14,21,0,0,0,2,0,2,28,14,14
HEMPHILL COUNTY,211,11 Years,71,35,36,44,21,23,0,0,0,1,0,1,26,14,12
HEMPHILL COUNTY,211,12 Years,73,39,34,39,21,18,0,0,0,1,0,1,33,18,15
HEMPHILL COUNTY,211,13 Years,82,37,45,42,17,25,0,0,0,0,0,0,40,20,20
HEMPHILL COUNTY,211,14 Years,66,31,35,38,17,21,0,0,0,0,0,0,28,14,14
HEMPHILL COUNTY,211,15 Years,64,30,34,40,15,25,0,0,0,1,1,0,23,14,9
HEMPHILL COUNTY,211,16 Years,76,37,39,49,22,27,0,0,0,1,1,0,26,14,12
HEMPHILL COUNTY,211,17 Years,58,29,29,36,18,18,0,0,0,0,0,0,22,11,11
HEMPHILL COUNTY,211,18 Years,54,26,28,31,15,16,0,0,0,0,0,0,23,11,12
HEMPHILL COUNTY,211,19 Years,46,25,21,30,15,15,0,0,0,0,0,0,16,10,6
HEMPHILL COUNTY,211,20 Years,39,24,15,20,13,7,0,0,0,2,1,1,17,10,7
HEMPHILL COUNTY,211,21 Years,53,31,22,30,17,13,0,0,0,1,0,1,22,14,8
HEMPHILL COUNTY,211,22 Years,57,31,26,35,18,17,1,1,0,1,0,1,20,12,8
HEMPHILL COUNTY,211,23 Years,53,27,26,34,17,17,0,0,0,0,0,0,19,10,9
HEMPHILL COUNTY,211,24 Years,43,18,25,25,14,11,0,0,0,0,0,0,18,4,14
HEMPHILL COUNTY,211,25 Years,38,22,16,25,14,11,0,0,0,0,0,0,13,8,5
HEMPHILL COUNTY,211,26 Years,32,20,12,17,9,8,0,0,0,0,0,0,15,11,4
HEMPHILL COUNTY,211,27 Years,32,19,13,18,11,7,0,0,0,1,0,1,13,8,5
HEMPHILL COUNTY,211,28 Years,31,18,13,14,8,6,0,0,0,1,0,1,16,10,6
HEMPHILL COUNTY,211,29 Years,39,23,16,21,12,9,0,0,0,1,1,0,17,10,7
HEMPHILL COUNTY,211,30 Years,45,21,24,31,14,17,0,0,0,1,1,0,13,6,7
HEMPHILL COUNTY,211,31 Years,44,26,18,29,17,12,0,0,0,0,0,0,15,9,6
HEMPHILL COUNTY,211,32 Years,49,31,18,27,20,7,0,0,0,0,0,0,22,11,11
HEMPHILL COUNTY,211,33 Years,52,28,24,25,15,10,0,0,0,1,1,0,26,12,14
HEMPHILL COUNTY,211,34 Years,55,32,23,27,17,10,0,0,0,0,0,0,28,15,13
HEMPHILL COUNTY,211,35 Years,50,28,22,20,13,7,0,0,0,1,0,1,29,15,14
HEMPHILL COUNTY,211,36 Years,57,25,32,27,10,17,1,0,1,1,0,1,28,15,13
HEMPHILL COUNTY,211,37 Years,56,25,31,29,9,20,1,0,1,2,1,1,24,15,9
HEMPHILL COUNTY,211,38 Years,53,27,26,31,11,20,0,0,0,2,2,0,20,14,6
HEMPHILL COUNTY,211,39 Years,51,27,24,32,16,16,0,0,0,2,1,1,17,10,7
HEMPHILL COUNTY,211,40 Years,46,20,26,29,14,15,0,0,0,1,0,1,16,6,10
HEMPHILL COUNTY,211,41 Years,52,27,25,33,18,15,0,0,0,0,0,0,19,9,10
HEMPHILL COUNTY,211,42 Years,59,30,29,41,20,21,0,0,0,0,0,0,18,10,8
HEMPHILL COUNTY,211,43 Years,61,31,30,36,16,20,0,0,0,1,0,1,24,15,9
HEMPHILL COUNTY,211,44 Years,59,30,29,38,16,22,0,0,0,0,0,0,21,14,7
HEMPHILL COUNTY,211,45 Years,58,27,31,38,19,19,1,1,0,0,0,0,19,7,12
HEMPHILL COUNTY,211,46 Years,46,24,22,29,14,15,0,0,0,1,1,0,16,9,7
HEMPHILL COUNTY,211,47 Years,46,25,21,31,16,15,0,0,0,0,0,0,15,9,6
HEMPHILL COUNTY,211,48 Years,51,26,25,34,16,18,1,0,1,0,0,0,16,10,6
HEMPHILL COUNTY,211,49 Years,55,31,24,37,20,17,0,0,0,1,0,1,17,11,6
HEMPHILL COUNTY,211,50 Years,51,28,23,36,19,17,0,0,0,1,1,0,14,8,6
HEMPHILL COUNTY,211,51 Years,47,25,22,33,16,17,0,0,0,2,1,1,12,8,4
HEMPHILL COUNTY,211,52 Years,55,29,26,41,18,23,0,0,0,1,1,0,13,10,3
HEMPHILL COUNTY,211,53 Years,57,31,26,40,21,19,0,0,0,2,1,1,15,9,6
HEMPHILL COUNTY,211,54 Years,53,33,20,39,24,15,0,0,0,1,1,0,13,8,5
HEMPHILL COUNTY,211,55 Years,53,26,27,41,19,22,0,0,0,2,2,0,10,5,5
HEMPHILL COUNTY,211,56 Years,49,25,24,39,20,19,0,0,0,1,0,1,9,5,4
HEMPHILL COUNTY,211,57 Years,42,20,22,33,16,17,0,0,0,1,0,1,8,4,4
HEMPHILL COUNTY,211,58 Years,48,20,28,41,18,23,0,0,0,1,0,1,6,2,4
HEMPHILL COUNTY,211,59 Years,47,25,22,40,21,19,0,0,0,0,0,0,7,4,3
HEMPHILL COUNTY,211,60 Years,42,20,22,33,14,19,0,0,0,1,1,0,8,5,3
HEMPHILL COUNTY,211,61 Years,48,26,22,42,23,19,0,0,0,1,0,1,5,3,2
HEMPHILL COUNTY,211,62 Years,52,30,22,46,27,19,0,0,0,1,1,0,5,2,3
HEMPHILL COUNTY,211,63 Years,51,28,23,43,23,20,0,0,0,1,1,0,7,4,3
HEMPHILL COUNTY,211,64 Years,49,23,26,43,20,23,0,0,0,0,0,0,6,3,3
HEMPHILL COUNTY,211,65 Years,43,18,25,38,16,22,0,0,0,1,0,1,4,2,2
HEMPHILL COUNTY,211,66 Years,43,24,19,39,21,18,0,0,0,0,0,0,4,3,1
HEMPHILL COUNTY,211,67 Years,35,20,15,34,19,15,0,0,0,0,0,0,1,1,0
HEMPHILL COUNTY,211,68 Years,38,20,18,33,17,16,0,0,0,1,0,1,4,3,1
HEMPHILL COUNTY,211,69 Years,45,21,24,40,19,21,0,0,0,0,0,0,5,2,3
HEMPHILL COUNTY,211,70 Years,34,16,18,29,13,16,0,0,0,0,0,0,5,3,2
HEMPHILL COUNTY,211,71 Years,31,15,16,29,13,16,0,0,0,0,0,0,2,2,0
HEMPHILL COUNTY,211,72 Years,29,15,14,28,14,14,0,0,0,0,0,0,1,1,0
HEMPHILL COUNTY,211,73 Years,32,17,15,29,15,14,0,0,0,1,1,0,2,1,1
HEMPHILL COUNTY,211,74 Years,22,11,11,21,11,10,0,0,0,0,0,0,1,0,1
HEMPHILL COUNTY,211,75 Years,30,13,17,27,12,15,0,0,0,1,0,1,2,1,1
HEMPHILL COUNTY,211,76 Years,28,12,16,26,12,14,0,0,0,1,0,1,1,0,1
HEMPHILL COUNTY,211,77 Years,20,9,11,20,9,11,0,0,0,0,0,0,0,0,0
HEMPHILL COUNTY,211,78 Years,17,5,12,16,5,11,0,0,0,1,0,1,0,0,0
HEMPHILL COUNTY,211,79 Years,18,7,11,17,6,11,0,0,0,0,0,0,1,1,0
HEMPHILL COUNTY,211,80 Years,19,8,11,17,7,10,0,0,0,0,0,0,2,1,1
HEMPHILL COUNTY,211,81 Years,14,6,8,13,6,7,0,0,0,0,0,0,1,0,1
HEMPHILL COUNTY,211,82 Years,9,5,4,9,5,4,0,0,0,0,0,0,0,0,0
HEMPHILL COUNTY,211,83 Years,14,6,8,12,6,6,0,0,0,1,0,1,1,0,1
HEMPHILL COUNTY,211,84 Years,15,5,10,14,5,9,0,0,0,1,0,1,0,0,0
HEMPHILL COUNTY,211,85 Years +,74,30,44,68,26,42,0,0,0,1,1,0,5,3,2
HENDERSON COUNTY,213,All Ages,81750,40161,41589,63434,30846,32588,4975,2434,2541,2362,1175,1187,10979,5706,5273
HENDERSON COUNTY,213,< 1 Year,1003,514,489,672,352,320,57,33,24,42,19,23,232,110,122
HENDERSON COUNTY,213,1 Years,993,512,481,655,346,309,61,32,29,49,23,26,228,111,117
HENDERSON COUNTY,213,2 Years,986,516,470,641,343,298,60,29,31,57,26,31,228,118,110
HENDERSON COUNTY,213,3 Years,986,513,473,642,331,311,61,30,31,60,29,31,223,123,100
HENDERSON COUNTY,213,4 Years,1009,520,489,655,332,323,60,30,30,60,31,29,234,127,107
HENDERSON COUNTY,213,5 Years,1038,535,503,666,342,324,65,34,31,65,35,30,242,124,118
HENDERSON COUNTY,213,6 Years,1014,509,505,660,336,324,59,35,24,65,30,35,230,108,122
HENDERSON COUNTY,213,7 Years,981,482,499,657,323,334,60,31,29,56,19,37,208,109,99
HENDERSON COUNTY,213,8 Years,986,493,493,645,314,331,59,33,26,58,25,33,224,121,103
HENDERSON COUNTY,213,9 Years,968,492,476,633,312,321,62,39,23,52,28,24,221,113,108
HENDERSON COUNTY,213,10 Years,994,506,488,639,323,316,70,41,29,54,30,24,231,112,119
HENDERSON COUNTY,213,11 Years,1029,532,497,681,365,316,64,30,34,54,25,29,230,112,118
HENDERSON COUNTY,213,12 Years,1016,531,485,657,339,318,69,37,32,57,29,28,233,126,107
HENDERSON COUNTY,213,13 Years,1027,547,480,665,359,306,74,40,34,50,22,28,238,126,112
HENDERSON COUNTY,213,14 Years,1004,502,502,678,345,333,67,33,34,43,24,19,216,100,116
HENDERSON COUNTY,213,15 Years,1067,551,516,718,369,349,78,42,36,40,23,17,231,117,114
HENDERSON COUNTY,213,16 Years,1101,584,517,750,407,343,78,37,41,34,19,15,239,121,118
HENDERSON COUNTY,213,17 Years,1083,570,513,743,393,350,78,37,41,41,23,18,221,117,104
HENDERSON COUNTY,213,18 Years,1039,554,485,709,372,337,67,36,31,37,24,13,226,122,104
HENDERSON COUNTY,213,19 Years,969,496,473,639,321,318,60,37,23,33,17,16,237,121,116
HENDERSON COUNTY,213,20 Years,951,474,477,636,316,320,54,32,22,34,18,16,227,108,119
HENDERSON COUNTY,213,21 Years,905,464,441,613,312,301,68,37,31,24,14,10,200,101,99
HENDERSON COUNTY,213,22 Years,949,488,461,639,329,310,74,37,37,24,13,11,212,109,103
HENDERSON COUNTY,213,23 Years,997,528,469,712,372,340,80,45,35,23,13,10,182,98,84
HENDERSON COUNTY,213,24 Years,1063,546,517,738,374,364,99,54,45,22,16,6,204,102,102
HENDERSON COUNTY,213,25 Years,1171,595,576,806,394,412,137,84,53,18,10,8,210,107,103
HENDERSON COUNTY,213,26 Years,1088,577,511,766,389,377,118,71,47,18,8,10,186,109,77
HENDERSON COUNTY,213,27 Years,964,506,458,718,363,355,84,48,36,12,9,3,150,86,64
HENDERSON COUNTY,213,28 Years,893,452,441,663,335,328,68,29,39,14,7,7,148,81,67
HENDERSON COUNTY,213,29 Years,817,403,414,576,279,297,67,27,40,16,7,9,158,90,68
HENDERSON COUNTY,213,30 Years,809,395,414,571,283,288,70,27,43,15,5,10,153,80,73
HENDERSON COUNTY,213,31 Years,819,418,401,593,309,284,69,29,40,19,9,10,138,71,67
HENDERSON COUNTY,213,32 Years,760,382,378,550,278,272,55,24,31,24,13,11,131,67,64
HENDERSON COUNTY,213,33 Years,777,409,368,548,282,266,56,28,28,22,12,10,151,87,64
HENDERSON COUNTY,213,34 Years,756,385,371,526,264,262,58,28,30,23,11,12,149,82,67
HENDERSON COUNTY,213,35 Years,816,402,414,584,292,292,62,25,37,28,9,19,142,76,66
HENDERSON COUNTY,213,36 Years,817,389,428,587,278,309,58,20,38,31,12,19,141,79,62
HENDERSON COUNTY,213,37 Years,819,393,426,588,278,310,56,23,33,29,12,17,146,80,66
HENDERSON COUNTY,213,38 Years,828,415,413,611,301,310,57,25,32,25,10,15,135,79,56
HENDERSON COUNTY,213,39 Years,810,394,416,594,282,312,57,21,36,26,12,14,133,79,54
HENDERSON COUNTY,213,40 Years,818,413,405,616,306,310,43,20,23,23,12,11,136,75,61
HENDERSON COUNTY,213,41 Years,817,414,403,624,318,306,41,17,24,24,16,8,128,63,65
HENDERSON COUNTY,213,42 Years,786,374,412,591,281,310,49,25,24,24,14,10,122,54,68
HENDERSON COUNTY,213,43 Years,835,396,439,631,294,337,60,36,24,24,13,11,120,53,67
HENDERSON COUNTY,213,44 Years,940,460,480,710,336,374,69,42,27,26,15,11,135,67,68
HENDERSON COUNTY,213,45 Years,1003,483,520,790,372,418,58,29,29,21,12,9,134,70,64
HENDERSON COUNTY,213,46 Years,963,449,514,748,350,398,64,33,31,19,8,11,132,58,74
HENDERSON COUNTY,213,47 Years,975,483,492,770,381,389,56,30,26,24,7,17,125,65,60
HENDERSON COUNTY,213,48 Years,963,483,480,758,383,375,59,29,30,25,9,16,121,62,59
HENDERSON COUNTY,213,49 Years,950,490,460,744,386,358,52,25,27,27,11,16,127,68,59
HENDERSON COUNTY,213,50 Years,974,504,470,760,391,369,51,20,31,21,12,9,142,81,61
HENDERSON COUNTY,213,51 Years,995,506,489,796,402,394,58,25,33,18,9,9,123,70,53
HENDERSON COUNTY,213,52 Years,1061,527,534,854,414,440,61,31,30,27,14,13,119,68,51
HENDERSON COUNTY,213,53 Years,1140,553,587,937,457,480,74,35,39,26,11,15,103,50,53
HENDERSON COUNTY,213,54 Years,1158,550,608,943,448,495,79,39,40,24,12,12,112,51,61
HENDERSON COUNTY,213,55 Years,1188,557,631,983,450,533,73,37,36,28,13,15,104,57,47
HENDERSON COUNTY,213,56 Years,1194,573,621,1009,481,528,73,33,40,25,11,14,87,48,39
HENDERSON COUNTY,213,57 Years,1163,533,630,983,447,536,70,28,42,34,16,18,76,42,34
HENDERSON COUNTY,213,58 Years,1188,573,615,990,468,522,78,39,39,34,15,19,86,51,35
HENDERSON COUNTY,213,59 Years,1188,586,602,1012,488,524,73,35,38,24,12,12,79,51,28
HENDERSON COUNTY,213,60 Years,1128,560,568,978,480,498,66,30,36,19,11,8,65,39,26
HENDERSON COUNTY,213,61 Years,1150,555,595,1009,487,522,64,29,35,22,10,12,55,29,26
HENDERSON COUNTY,213,62 Years,1137,543,594,1001,477,524,62,27,35,24,14,10,50,25,25
HENDERSON COUNTY,213,63 Years,1135,546,589,1004,482,522,62,27,35,21,12,9,48,25,23
HENDERSON COUNTY,213,64 Years,1112,512,600,980,445,535,61,29,32,20,11,9,51,27,24
HENDERSON COUNTY,213,65 Years,1088,509,579,967,451,516,54,26,28,28,13,15,39,19,20
HENDERSON COUNTY,213,66 Years,1123,542,581,997,473,524,50,27,23,33,18,15,43,24,19
HENDERSON COUNTY,213,67 Years,1097,514,583,985,461,524,49,25,24,25,12,13,38,16,22
HENDERSON COUNTY,213,68 Years,1143,518,625,1044,472,572,42,19,23,20,8,12,37,19,18
HENDERSON COUNTY,213,69 Years,1148,518,630,1057,476,581,40,17,23,19,9,10,32,16,16
HENDERSON COUNTY,213,70 Years,954,442,512,871,411,460,34,10,24,13,7,6,36,14,22
HENDERSON COUNTY,213,71 Years,961,446,515,876,411,465,37,11,26,14,7,7,34,17,17
HENDERSON COUNTY,213,72 Years,934,443,491,860,407,453,32,12,20,12,7,5,30,17,13
HENDERSON COUNTY,213,73 Years,929,421,508,851,381,470,32,14,18,17,10,7,29,16,13
HENDERSON COUNTY,213,74 Years,865,390,475,795,358,437,32,14,18,14,7,7,24,11,13
HENDERSON COUNTY,213,75 Years,782,354,428,724,334,390,27,11,16,13,6,7,18,3,15
HENDERSON COUNTY,213,76 Years,724,332,392,671,313,358,25,10,15,8,3,5,20,6,14
HENDERSON COUNTY,213,77 Years,704,344,360,656,322,334,23,10,13,8,5,3,17,7,10
HENDERSON COUNTY,213,78 Years,621,320,301,571,298,273,20,8,12,11,5,6,19,9,10
HENDERSON COUNTY,213,79 Years,538,257,281,493,235,258,19,8,11,9,5,4,17,9,8
HENDERSON COUNTY,213,80 Years,533,255,278,496,236,260,15,7,8,9,5,4,13,7,6
HENDERSON COUNTY,213,81 Years,500,232,268,463,214,249,16,6,10,7,4,3,14,8,6
HENDERSON COUNTY,213,82 Years,432,180,252,402,169,233,15,6,9,3,2,1,12,3,9
HENDERSON COUNTY,213,83 Years,408,178,230,379,164,215,12,5,7,7,6,1,10,3,7
HENDERSON COUNTY,213,84 Years,377,165,212,348,152,196,12,4,8,7,4,3,10,5,5
HENDERSON COUNTY,213,85 Years +,1826,704,1122,1683,650,1033,77,24,53,27,11,16,39,19,20
HIDALGO COUNTY,215,All Ages,855229,419071,436158,62860,31566,31294,3039,1988,1051,11490,5550,5940,777840,379967,397873
HIDALGO COUNTY,215,< 1 Year,14499,7411,7088,573,265,308,43,20,23,101,60,41,13782,7066,6716
HIDALGO COUNTY,215,1 Years,14954,7691,7263,610,306,304,41,20,21,116,66,50,14187,7299,6888
HIDALGO COUNTY,215,2 Years,15347,7872,7475,662,346,316,34,17,17,128,66,62,14523,7443,7080
HIDALGO COUNTY,215,3 Years,15448,7962,7486,701,384,317,36,17,19,137,70,67,14574,7491,7083
HIDALGO COUNTY,215,4 Years,15376,7911,7465,758,401,357,36,17,19,141,73,68,14441,7420,7021
HIDALGO COUNTY,215,5 Years,15467,7941,7526,836,424,412,41,16,25,149,80,69,14441,7421,7020
HIDALGO COUNTY,215,6 Years,13828,6965,6863,636,320,316,39,17,22,134,71,63,13019,6557,6462
HIDALGO COUNTY,215,7 Years,13765,7003,6762,607,315,292,44,24,20,142,71,71,12972,6593,6379
HIDALGO COUNTY,215,8 Years,13876,7027,6849,562,280,282,39,25,14,153,81,72,13122,6641,6481
HIDALGO COUNTY,215,9 Years,13937,6990,6947,517,259,258,50,32,18,157,89,68,13213,6610,6603
HIDALGO COUNTY,215,10 Years,14339,7297,7042,489,240,249,50,29,21,166,89,77,13634,6939,6695
HIDALGO COUNTY,215,11 Years,15001,7749,7252,463,223,240,43,25,18,167,84,83,14328,7417,6911
HIDALGO COUNTY,215,12 Years,15279,7891,7388,482,253,229,32,18,14,168,82,86,14597,7538,7059
HIDALGO COUNTY,215,13 Years,15743,8080,7663,515,269,246,29,18,11,181,98,83,15018,7695,7323
HIDALGO COUNTY,215,14 Years,16278,8350,7928,521,269,252,35,21,14,209,116,93,15513,7944,7569
HIDALGO COUNTY,215,15 Years,16817,8603,8214,543,286,257,43,25,18,227,121,106,16004,8171,7833
HIDALGO COUNTY,215,16 Years,16576,8597,7979,516,262,254,42,27,15,232,124,108,15786,8184,7602
HIDALGO COUNTY,215,17 Years,15981,8322,7659,542,292,250,43,23,20,217,103,114,15179,7904,7275
HIDALGO COUNTY,215,18 Years,15335,7977,7358,511,281,230,44,24,20,206,101,105,14574,7571,7003
HIDALGO COUNTY,215,19 Years,15102,7703,7399,480,263,217,53,29,24,201,98,103,14368,7313,7055
HIDALGO COUNTY,215,20 Years,14798,7546,7252,484,262,222,46,21,25,201,100,101,14067,7163,6904
HIDALGO COUNTY,215,21 Years,14422,7371,7051,454,255,199,57,32,25,178,82,96,13733,7002,6731
HIDALGO COUNTY,215,22 Years,14220,7224,6996,494,262,232,67,46,21,159,76,83,13500,6840,6660
HIDALGO COUNTY,215,23 Years,13940,7087,6853,503,280,223,47,33,14,153,80,73,13237,6694,6543
HIDALGO COUNTY,215,24 Years,13730,6933,6797,521,255,266,60,42,18,144,75,69,13005,6561,6444
HIDALGO COUNTY,215,25 Years,13250,6699,6551,526,272,254,51,33,18,152,68,84,12521,6326,6195
HIDALGO COUNTY,215,26 Years,12645,6435,6210,544,293,251,63,45,18,134,60,74,11904,6037,5867
HIDALGO COUNTY,215,27 Years,11884,5988,5896,525,275,250,55,40,15,138,74,64,11166,5599,5567
HIDALGO COUNTY,215,28 Years,11436,5814,5622,514,274,240,54,40,14,128,67,61,10740,5433,5307
HIDALGO COUNTY,215,29 Years,11221,5610,5611,511,267,244,53,41,12,139,71,68,10518,5231,5287
HIDALGO COUNTY,215,30 Years,11049,5443,5606,549,277,272,50,38,12,163,80,83,10287,5048,5239
HIDALGO COUNTY,215,31 Years,10891,5347,5544,547,283,264,48,34,14,155,78,77,10141,4952,5189
HIDALGO COUNTY,215,32 Years,10703,5202,5501,549,299,250,50,36,14,130,66,64,9974,4801,5173
HIDALGO COUNTY,215,33 Years,10897,5265,5632,568,298,270,47,32,15,132,68,64,10150,4867,5283
HIDALGO COUNTY,215,34 Years,11265,5383,5882,586,295,291,47,36,11,144,61,83,10488,4991,5497
HIDALGO COUNTY,215,35 Years,11611,5589,6022,617,329,288,52,41,11,153,67,86,10789,5152,5637
HIDALGO COUNTY,215,36 Years,11504,5571,5933,596,320,276,54,43,11,155,65,90,10699,5143,5556
HIDALGO COUNTY,215,37 Years,10862,5228,5634,553,299,254,46,35,11,135,59,76,10128,4835,5293
HIDALGO COUNTY,215,38 Years,10947,5209,5738,518,268,250,46,36,10,140,58,82,10243,4847,5396
HIDALGO COUNTY,215,39 Years,11206,5309,5897,498,257,241,37,25,12,173,83,90,10498,4944,5554
HIDALGO COUNTY,215,40 Years,11316,5353,5963,490,252,238,41,25,16,159,73,86,10626,5003,5623
HIDALGO COUNTY,215,41 Years,11391,5415,5976,482,249,233,43,29,14,188,78,110,10678,5059,5619
HIDALGO COUNTY,215,42 Years,11117,5301,5816,463,245,218,41,31,10,219,96,123,10394,4929,5465
HIDALGO COUNTY,215,43 Years,11107,5248,5859,485,263,222,49,39,10,247,105,142,10326,4841,5485
HIDALGO COUNTY,215,44 Years,10956,5096,5860,542,289,253,46,34,12,246,114,132,10122,4659,5463
HIDALGO COUNTY,215,45 Years,10785,5067,5718,562,290,272,53,35,18,245,135,110,9925,4607,5318
HIDALGO COUNTY,215,46 Years,10682,5057,5625,589,323,266,49,37,12,235,109,126,9809,4588,5221
HIDALGO COUNTY,215,47 Years,9927,4686,5241,560,309,251,42,34,8,194,86,108,9131,4257,4874
HIDALGO COUNTY,215,48 Years,9521,4449,5072,508,272,236,53,40,13,175,73,102,8785,4064,4721
HIDALGO COUNTY,215,49 Years,9151,4281,4870,507,250,257,50,36,14,157,63,94,8437,3932,4505
HIDALGO COUNTY,215,50 Years,8970,4242,4728,525,290,235,49,33,16,151,61,90,8245,3858,4387
HIDALGO COUNTY,215,51 Years,8752,4159,4593,563,295,268,52,39,13,138,67,71,7999,3758,4241
HIDALGO COUNTY,215,52 Years,8436,4040,4396,581,290,291,56,42,14,133,67,66,7666,3641,4025
HIDALGO COUNTY,215,53 Years,8330,4050,4280,578,305,273,55,38,17,126,68,58,7571,3639,3932
HIDALGO COUNTY,215,54 Years,8186,3952,4234,601,325,276,49,36,13,149,75,74,7387,3516,3871
HIDALGO COUNTY,215,55 Years,7948,3743,4205,634,328,306,41,29,12,152,68,84,7121,3318,3803
HIDALGO COUNTY,215,56 Years,7819,3671,4148,646,322,324,29,18,11,133,65,68,7011,3266,3745
HIDALGO COUNTY,215,57 Years,7451,3471,3980,653,321,332,25,15,10,155,76,79,6618,3059,3559
HIDALGO COUNTY,215,58 Years,7339,3383,3956,679,335,344,29,17,12,166,72,94,6465,2959,3506
HIDALGO COUNTY,215,59 Years,7157,3295,3862,720,348,372,34,23,11,160,74,86,6243,2850,3393
HIDALGO COUNTY,215,60 Years,6894,3139,3755,740,346,394,33,19,14,151,63,88,5970,2711,3259
HIDALGO COUNTY,215,61 Years,6803,3074,3729,845,391,454,25,17,8,135,57,78,5798,2609,3189
HIDALGO COUNTY,215,62 Years,6464,2937,3527,949,441,508,16,12,4,113,51,62,5386,2433,2953
HIDALGO COUNTY,215,63 Years,6469,2941,3528,1043,483,560,22,15,7,105,51,54,5299,2392,2907
HIDALGO COUNTY,215,64 Years,6165,2797,3368,1094,515,579,21,14,7,99,47,52,4951,2221,2730
HIDALGO COUNTY,215,65 Years,6215,2826,3389,1131,543,588,18,13,5,81,35,46,4985,2235,2750
HIDALGO COUNTY,215,66 Years,6277,2847,3430,1237,598,639,20,13,7,86,42,44,4934,2194,2740
HIDALGO COUNTY,215,67 Years,6077,2814,3263,1356,666,690,16,9,7,73,39,34,4632,2100,2532
HIDALGO COUNTY,215,68 Years,5936,2760,3176,1458,728,730,12,6,6,81,43,38,4385,1983,2402
HIDALGO COUNTY,215,69 Years,5732,2652,3080,1437,702,735,16,11,5,71,35,36,4208,1904,2304
HIDALGO COUNTY,215,70 Years,5226,2411,2815,1365,672,693,9,5,4,47,23,24,3805,1711,2094
HIDALGO COUNTY,215,71 Years,5067,2308,2759,1475,715,760,11,7,4,45,22,23,3536,1564,1972
HIDALGO COUNTY,215,72 Years,4878,2254,2624,1545,760,785,10,6,4,37,19,18,3286,1469,1817
HIDALGO COUNTY,215,73 Years,4469,2061,2408,1461,731,730,8,4,4,39,20,19,2961,1306,1655
HIDALGO COUNTY,215,74 Years,4006,1848,2158,1245,629,616,7,4,3,50,21,29,2704,1194,1510
HIDALGO COUNTY,215,75 Years,3703,1680,2023,1142,565,577,7,4,3,42,20,22,2512,1091,1421
HIDALGO COUNTY,215,76 Years,3527,1603,1924,1054,498,556,5,2,3,38,16,22,2430,1087,1343
HIDALGO COUNTY,215,77 Years,3135,1415,1720,940,433,507,5,3,2,34,13,21,2156,966,1190
HIDALGO COUNTY,215,78 Years,2908,1265,1643,802,364,438,6,3,3,36,16,20,2064,882,1182
HIDALGO COUNTY,215,79 Years,2760,1204,1556,790,370,420,5,2,3,39,16,23,1926,816,1110
HIDALGO COUNTY,215,80 Years,2582,1112,1470,765,367,398,7,1,6,34,15,19,1776,729,1047
HIDALGO COUNTY,215,81 Years,2458,1061,1397,723,355,368,3,0,3,30,13,17,1702,693,1009
HIDALGO COUNTY,215,82 Years,2179,966,1213,658,327,331,2,1,1,26,10,16,1493,628,865
HIDALGO COUNTY,215,83 Years,1932,834,1098,618,298,320,4,3,1,24,10,14,1286,523,763
HIDALGO COUNTY,215,84 Years,1793,771,1022,594,281,313,4,3,1,16,7,9,1179,480,699
HIDALGO COUNTY,215,85 Years +,9804,3937,5867,2844,1329,1515,14,8,6,92,40,52,6854,2560,4294
HILL COUNTY,217,All Ages,35785,17844,17941,25255,12420,12835,2176,1045,1131,878,450,428,7476,3929,3547
HILL COUNTY,217,< 1 Year,424,226,198,232,130,102,19,10,9,23,12,11,150,74,76
HILL COUNTY,217,1 Years,425,226,199,230,128,102,20,10,10,25,13,12,150,75,75
HILL COUNTY,217,2 Years,421,221,200,225,122,103,19,9,10,33,18,15,144,72,72
HILL COUNTY,217,3 Years,429,232,197,232,126,106,19,9,10,33,19,14,145,78,67
HILL COUNTY,217,4 Years,441,236,205,240,127,113,19,12,7,27,15,12,155,82,73
HILL COUNTY,217,5 Years,467,249,218,254,134,120,18,10,8,33,17,16,162,88,74
HILL COUNTY,217,6 Years,488,256,232,268,129,139,21,14,7,25,13,12,174,100,74
HILL COUNTY,217,7 Years,439,204,235,239,109,130,27,15,12,23,11,12,150,69,81
HILL COUNTY,217,8 Years,462,225,237,261,131,130,24,12,12,20,10,10,157,72,85
HILL COUNTY,217,9 Years,468,230,238,271,130,141,24,13,11,19,12,7,154,75,79
HILL COUNTY,217,10 Years,463,235,228,278,145,133,25,12,13,19,11,8,141,67,74
HILL COUNTY,217,11 Years,471,264,207,265,147,118,32,18,14,19,13,6,155,86,69
HILL COUNTY,217,12 Years,461,250,211,258,139,119,20,7,13,19,14,5,164,90,74
HILL COUNTY,217,13 Years,452,228,224,254,128,126,21,8,13,16,10,6,161,82,79
HILL COUNTY,217,14 Years,492,251,241,275,132,143,32,16,16,15,9,6,170,94,76
HILL COUNTY,217,15 Years,499,255,244,278,142,136,40,18,22,13,6,7,168,89,79
HILL COUNTY,217,16 Years,487,256,231,290,152,138,34,22,12,10,6,4,153,76,77
HILL COUNTY,217,17 Years,470,247,223,292,152,140,31,19,12,15,9,6,132,67,65
HILL COUNTY,217,18 Years,464,227,237,289,141,148,27,13,14,15,11,4,133,62,71
HILL COUNTY,217,19 Years,453,224,229,276,139,137,38,16,22,13,8,5,126,61,65
HILL COUNTY,217,20 Years,434,231,203,250,131,119,42,19,23,12,7,5,130,74,56
HILL COUNTY,217,21 Years,403,210,193,229,115,114,31,16,15,10,6,4,133,73,60
HILL COUNTY,217,22 Years,405,220,185,230,126,104,29,15,14,11,6,5,135,73,62
HILL COUNTY,217,23 Years,422,209,213,244,120,124,39,16,23,10,5,5,129,68,61
HILL COUNTY,217,24 Years,447,245,202,254,135,119,44,25,19,10,6,4,139,79,60
HILL COUNTY,217,25 Years,489,247,242,285,136,149,40,21,19,12,9,3,152,81,71
HILL COUNTY,217,26 Years,459,203,256,272,117,155,45,17,28,12,8,4,130,61,69
HILL COUNTY,217,27 Years,388,193,195,232,108,124,31,16,15,12,7,5,113,62,51
HILL COUNTY,217,28 Years,385,187,198,225,105,120,35,20,15,11,5,6,114,57,57
HILL COUNTY,217,29 Years,366,190,176,217,107,110,32,18,14,7,4,3,110,61,49
HILL COUNTY,217,30 Years,364,186,178,230,109,121,23,12,11,9,6,3,102,59,43
HILL COUNTY,217,31 Years,333,171,162,215,107,108,17,8,9,4,2,2,97,54,43
HILL COUNTY,217,32 Years,333,162,171,204,96,108,21,8,13,4,2,2,104,56,48
HILL COUNTY,217,33 Years,337,167,170,211,97,114,22,11,11,6,4,2,98,55,43
HILL COUNTY,217,34 Years,340,175,165,216,106,110,17,12,5,7,2,5,100,55,45
HILL COUNTY,217,35 Years,383,199,184,241,121,120,20,10,10,8,3,5,114,65,49
HILL COUNTY,217,36 Years,387,198,189,235,121,114,31,12,19,8,3,5,113,62,51
HILL COUNTY,217,37 Years,347,178,169,224,112,112,27,16,11,7,4,3,89,46,43
HILL COUNTY,217,38 Years,349,182,167,219,120,99,26,13,13,5,1,4,99,48,51
HILL COUNTY,217,39 Years,360,185,175,238,129,109,25,11,14,6,2,4,91,43,48
HILL COUNTY,217,40 Years,345,164,181,235,111,124,22,9,13,5,1,4,83,43,40
HILL COUNTY,217,41 Years,360,174,186,261,128,133,24,10,14,5,2,3,70,34,36
HILL COUNTY,217,42 Years,355,176,179,232,113,119,22,11,11,10,3,7,91,49,42
HILL COUNTY,217,43 Years,363,177,186,246,121,125,21,11,10,7,2,5,89,43,46
HILL COUNTY,217,44 Years,395,187,208,270,128,142,22,12,10,4,1,3,99,46,53
HILL COUNTY,217,45 Years,415,214,201,286,142,144,29,16,13,8,4,4,92,52,40
HILL COUNTY,217,46 Years,425,212,213,305,151,154,28,13,15,10,5,5,82,43,39
HILL COUNTY,217,47 Years,423,208,215,308,146,162,31,16,15,6,3,3,78,43,35
HILL COUNTY,217,48 Years,420,215,205,301,155,146,38,16,22,9,4,5,72,40,32
HILL COUNTY,217,49 Years,384,199,185,277,141,136,31,14,17,7,4,3,69,40,29
HILL COUNTY,217,50 Years,433,217,216,319,167,152,29,14,15,6,1,5,79,35,44
HILL COUNTY,217,51 Years,445,216,229,325,157,168,35,20,15,7,4,3,78,35,43
HILL COUNTY,217,52 Years,446,226,220,342,169,173,32,17,15,6,2,4,66,38,28
HILL COUNTY,217,53 Years,473,240,233,369,185,184,30,12,18,4,2,2,70,41,29
HILL COUNTY,217,54 Years,492,237,255,388,183,205,28,11,17,4,1,3,72,42,30
HILL COUNTY,217,55 Years,519,238,281,405,185,220,33,14,19,10,3,7,71,36,35
HILL COUNTY,217,56 Years,534,272,262,423,219,204,38,17,21,6,2,4,67,34,33
HILL COUNTY,217,57 Years,494,235,259,401,190,211,32,11,21,8,3,5,53,31,22
HILL COUNTY,217,58 Years,506,244,262,415,196,219,32,16,16,6,2,4,53,30,23
HILL COUNTY,217,59 Years,514,248,266,423,201,222,28,14,14,9,3,6,54,30,24
HILL COUNTY,217,60 Years,486,227,259,409,182,227,24,12,12,7,3,4,46,30,16
HILL COUNTY,217,61 Years,521,254,267,443,212,231,29,16,13,7,2,5,42,24,18
HILL COUNTY,217,62 Years,508,252,256,435,217,218,27,14,13,6,2,4,40,19,21
HILL COUNTY,217,63 Years,476,239,237,413,208,205,22,11,11,9,2,7,32,18,14
HILL COUNTY,217,64 Years,473,228,245,408,198,210,29,13,16,9,1,8,27,16,11
HILL COUNTY,217,65 Years,485,229,256,402,191,211,33,13,20,5,1,4,45,24,21
HILL COUNTY,217,66 Years,518,251,267,437,210,227,30,14,16,5,2,3,46,25,21
HILL COUNTY,217,67 Years,497,230,267,425,194,231,23,11,12,6,2,4,43,23,20
HILL COUNTY,217,68 Years,495,240,255,436,210,226,18,9,9,8,3,5,33,18,15
HILL COUNTY,217,69 Years,500,245,255,444,211,233,13,8,5,10,6,4,33,20,13
HILL COUNTY,217,70 Years,412,210,202,359,183,176,19,8,11,5,3,2,29,16,13
HILL COUNTY,217,71 Years,428,205,223,374,181,193,20,8,12,6,3,3,28,13,15
HILL COUNTY,217,72 Years,425,217,208,384,197,187,14,5,9,6,3,3,21,12,9
HILL COUNTY,217,73 Years,397,202,195,365,186,179,12,5,7,5,2,3,15,9,6
HILL COUNTY,217,74 Years,353,188,165,313,166,147,16,8,8,8,5,3,16,9,7
HILL COUNTY,217,75 Years,337,172,165,299,152,147,15,7,8,5,3,2,18,10,8
HILL COUNTY,217,76 Years,326,154,172,281,135,146,19,7,12,6,3,3,20,9,11
HILL COUNTY,217,77 Years,284,141,143,253,128,125,11,3,8,7,4,3,13,6,7
HILL COUNTY,217,78 Years,277,140,137,245,124,121,13,4,9,4,3,1,15,9,6
HILL COUNTY,217,79 Years,236,114,122,210,102,108,12,4,8,3,2,1,11,6,5
HILL COUNTY,217,80 Years,193,97,96,170,85,85,9,3,6,6,3,3,8,6,2
HILL COUNTY,217,81 Years,200,92,108,177,80,97,9,5,4,4,1,3,10,6,4
HILL COUNTY,217,82 Years,204,89,115,178,77,101,12,5,7,3,3,0,11,4,7
HILL COUNTY,217,83 Years,165,75,90,147,69,78,10,3,7,1,1,0,7,2,5
HILL COUNTY,217,84 Years,152,67,85,133,57,76,9,4,5,3,2,1,7,4,3
HILL COUNTY,217,85 Years +,789,307,482,706,276,430,36,12,24,11,4,7,36,15,21
HOCKLEY COUNTY,219,All Ages,23462,11773,11689,11254,5591,5663,912,452,460,398,209,189,10898,5521,5377
HOCKLEY COUNTY,219,< 1 Year,312,161,151,91,40,51,11,6,5,2,1,1,208,114,94
HOCKLEY COUNTY,219,1 Years,328,167,161,101,48,53,15,3,12,6,2,4,206,114,92
HOCKLEY COUNTY,219,2 Years,345,180,165,109,60,49,16,5,11,10,5,5,210,110,100
HOCKLEY COUNTY,219,3 Years,356,190,166,109,61,48,21,8,13,11,6,5,215,115,100
HOCKLEY COUNTY,219,4 Years,359,195,164,107,60,47,20,12,8,10,7,3,222,116,106
HOCKLEY COUNTY,219,5 Years,369,192,177,107,60,47,21,10,11,12,8,4,229,114,115
HOCKLEY COUNTY,219,6 Years,343,175,168,103,61,42,19,9,10,12,7,5,209,98,111
HOCKLEY COUNTY,219,7 Years,330,164,166,112,63,49,11,5,6,7,4,3,200,92,108
HOCKLEY COUNTY,219,8 Years,352,169,183,125,60,65,11,4,7,10,5,5,206,100,106
HOCKLEY COUNTY,219,9 Years,334,167,167,111,57,54,14,6,8,9,4,5,200,100,100
HOCKLEY COUNTY,219,10 Years,335,171,164,114,65,49,8,2,6,8,4,4,205,100,105
HOCKLEY COUNTY,219,11 Years,330,169,161,119,63,56,8,3,5,7,4,3,196,99,97
HOCKLEY COUNTY,219,12 Years,329,162,167,109,54,55,13,8,5,4,2,2,203,98,105
HOCKLEY COUNTY,219,13 Years,340,174,166,119,55,64,12,6,6,2,0,2,207,113,94
HOCKLEY COUNTY,219,14 Years,334,174,160,133,63,70,11,6,5,5,4,1,185,101,84
HOCKLEY COUNTY,219,15 Years,343,182,161,132,68,64,12,8,4,4,2,2,195,104,91
HOCKLEY COUNTY,219,16 Years,350,179,171,127,67,60,13,8,5,5,4,1,205,100,105
HOCKLEY COUNTY,219,17 Years,357,192,165,134,70,64,14,9,5,8,4,4,201,109,92
HOCKLEY COUNTY,219,18 Years,311,164,147,126,63,63,10,7,3,6,3,3,169,91,78
HOCKLEY COUNTY,219,19 Years,296,142,154,126,62,64,8,6,2,6,3,3,156,71,85
HOCKLEY COUNTY,219,20 Years,281,132,149,116,56,60,7,4,3,7,3,4,151,69,82
HOCKLEY COUNTY,219,21 Years,324,167,157,130,64,66,13,9,4,6,4,2,175,90,85
HOCKLEY COUNTY,219,22 Years,314,170,144,147,81,66,11,7,4,6,4,2,150,78,72
HOCKLEY COUNTY,219,23 Years,362,192,170,166,88,78,12,8,4,6,4,2,178,92,86
HOCKLEY COUNTY,219,24 Years,473,247,226,216,115,101,34,15,19,6,2,4,217,115,102
HOCKLEY COUNTY,219,25 Years,559,282,277,245,129,116,65,30,35,7,3,4,242,120,122
HOCKLEY COUNTY,219,26 Years,542,280,262,249,133,116,55,30,25,10,6,4,228,111,117
HOCKLEY COUNTY,219,27 Years,413,234,179,191,108,83,36,22,14,5,3,2,181,101,80
HOCKLEY COUNTY,219,28 Years,303,162,141,127,66,61,17,10,7,3,3,0,156,83,73
HOCKLEY COUNTY,219,29 Years,285,147,138,125,59,66,9,6,3,5,4,1,146,78,68
HOCKLEY COUNTY,219,30 Years,299,156,143,115,57,58,10,6,4,4,1,3,170,92,78
HOCKLEY COUNTY,219,31 Years,277,148,129,108,61,47,6,2,4,4,0,4,159,85,74
HOCKLEY COUNTY,219,32 Years,286,151,135,103,51,52,12,6,6,2,1,1,169,93,76
HOCKLEY COUNTY,219,33 Years,278,149,129,101,50,51,14,9,5,3,1,2,160,89,71
HOCKLEY COUNTY,219,34 Years,268,142,126,107,55,52,7,4,3,4,1,3,150,82,68
HOCKLEY COUNTY,219,35 Years,267,138,129,116,59,57,5,3,2,8,1,7,138,75,63
HOCKLEY COUNTY,219,36 Years,283,148,135,116,58,58,10,5,5,9,4,5,148,81,67
HOCKLEY COUNTY,219,37 Years,264,129,135,122,60,62,7,5,2,6,4,2,129,60,69
HOCKLEY COUNTY,219,38 Years,237,120,117,108,55,53,7,4,3,3,2,1,119,59,60
HOCKLEY COUNTY,219,39 Years,230,112,118,109,51,58,7,3,4,4,3,1,110,55,55
HOCKLEY COUNTY,219,40 Years,235,116,119,114,58,56,6,1,5,5,3,2,110,54,56
HOCKLEY COUNTY,219,41 Years,229,122,107,117,59,58,5,4,1,5,3,2,102,56,46
HOCKLEY COUNTY,219,42 Years,209,102,107,107,51,56,5,4,1,2,0,2,95,47,48
HOCKLEY COUNTY,219,43 Years,226,105,121,100,45,55,5,1,4,5,4,1,116,55,61
HOCKLEY COUNTY,219,44 Years,252,121,131,133,62,71,3,0,3,3,2,1,113,57,56
HOCKLEY COUNTY,219,45 Years,246,112,134,125,56,69,4,2,2,4,2,2,113,52,61
HOCKLEY COUNTY,219,46 Years,249,121,128,129,66,63,7,2,5,4,2,2,109,51,58
HOCKLEY COUNTY,219,47 Years,236,116,120,130,64,66,4,1,3,3,1,2,99,50,49
HOCKLEY COUNTY,219,48 Years,239,112,127,116,54,62,9,3,6,5,3,2,109,52,57
HOCKLEY COUNTY,219,49 Years,218,101,117,113,51,62,6,4,2,4,2,2,95,44,51
HOCKLEY COUNTY,219,50 Years,259,132,127,139,71,68,10,6,4,5,1,4,105,54,51
HOCKLEY COUNTY,219,51 Years,303,157,146,153,76,77,12,6,6,5,4,1,133,71,62
HOCKLEY COUNTY,219,52 Years,285,141,144,147,74,73,8,4,4,3,1,2,127,62,65
HOCKLEY COUNTY,219,53 Years,303,148,155,156,74,82,9,3,6,3,0,3,135,71,64
HOCKLEY COUNTY,219,54 Years,317,163,154,176,86,90,13,6,7,4,3,1,124,68,56
HOCKLEY COUNTY,219,55 Years,322,135,187,189,85,104,13,4,9,3,2,1,117,44,73
HOCKLEY COUNTY,219,56 Years,316,151,165,193,94,99,10,5,5,2,1,1,111,51,60
HOCKLEY COUNTY,219,57 Years,299,159,140,176,88,88,6,3,3,4,3,1,113,65,48
HOCKLEY COUNTY,219,58 Years,307,157,150,186,92,94,10,2,8,2,1,1,109,62,47
HOCKLEY COUNTY,219,59 Years,289,144,145,166,82,84,14,6,8,4,2,2,105,54,51
HOCKLEY COUNTY,219,60 Years,319,169,150,196,104,92,14,6,8,4,2,2,105,57,48
HOCKLEY COUNTY,219,61 Years,287,154,133,184,97,87,9,6,3,2,0,2,92,51,41
HOCKLEY COUNTY,219,62 Years,281,137,144,175,84,91,9,4,5,3,1,2,94,48,46
HOCKLEY COUNTY,219,63 Years,287,144,143,186,95,91,9,5,4,5,2,3,87,42,45
HOCKLEY COUNTY,219,64 Years,264,133,131,179,90,89,7,3,4,4,3,1,74,37,37
HOCKLEY COUNTY,219,65 Years,242,120,122,155,80,75,8,3,5,3,1,2,76,36,40
HOCKLEY COUNTY,219,66 Years,219,114,105,138,78,60,5,1,4,4,2,2,72,33,39
HOCKLEY COUNTY,219,67 Years,216,104,112,139,72,67,7,3,4,3,2,1,67,27,40
HOCKLEY COUNTY,219,68 Years,211,96,115,136,58,78,4,3,1,4,2,2,67,33,34
HOCKLEY COUNTY,219,69 Years,204,96,108,135,65,70,3,2,1,3,2,1,63,27,36
HOCKLEY COUNTY,219,70 Years,189,89,100,123,62,61,2,1,1,4,2,2,60,24,36
HOCKLEY COUNTY,219,71 Years,175,86,89,110,57,53,3,1,2,3,2,1,59,26,33
HOCKLEY COUNTY,219,72 Years,170,85,85,116,61,55,3,1,2,1,1,0,50,22,28
HOCKLEY COUNTY,219,73 Years,178,82,96,134,63,71,2,1,1,2,0,2,40,18,22
HOCKLEY COUNTY,219,74 Years,155,68,87,111,49,62,3,2,1,3,1,2,38,16,22
HOCKLEY COUNTY,219,75 Years,137,62,75,100,43,57,5,2,3,2,2,0,30,15,15
HOCKLEY COUNTY,219,76 Years,126,57,69,90,42,48,4,2,2,1,1,0,31,12,19
HOCKLEY COUNTY,219,77 Years,110,47,63,78,30,48,4,4,0,1,1,0,27,12,15
HOCKLEY COUNTY,219,78 Years,115,43,72,85,31,54,1,1,0,1,0,1,28,11,17
HOCKLEY COUNTY,219,79 Years,121,56,65,90,41,49,7,3,4,3,1,2,21,11,10
HOCKLEY COUNTY,219,80 Years,118,53,65,85,37,48,6,2,4,5,4,1,22,10,12
HOCKLEY COUNTY,219,81 Years,107,47,60,74,30,44,4,2,2,3,2,1,26,13,13
HOCKLEY COUNTY,219,82 Years,88,41,47,64,30,34,2,2,0,1,0,1,21,9,12
HOCKLEY COUNTY,219,83 Years,80,36,44,62,28,34,1,1,0,1,0,1,16,7,9
HOCKLEY COUNTY,219,84 Years,68,29,39,49,23,26,3,0,3,1,0,1,15,6,9
HOCKLEY COUNTY,219,85 Years +,358,135,223,264,97,167,16,5,11,4,2,2,74,31,43
HOOD COUNTY,221,All Ages,56616,27880,28736,48257,23485,24772,247,154,93,1363,653,710,6749,3588,3161
HOOD COUNTY,221,< 1 Year,599,317,282,442,237,205,3,1,2,23,12,11,131,67,64
HOOD COUNTY,221,1 Years,596,318,278,444,238,206,2,1,1,27,15,12,123,64,59
HOOD COUNTY,221,2 Years,597,319,278,453,243,210,1,1,0,25,14,11,118,61,57
HOOD COUNTY,221,3 Years,566,293,273,434,227,207,2,2,0,21,11,10,109,53,56
HOOD COUNTY,221,4 Years,561,286,275,435,225,210,2,2,0,20,13,7,104,46,58
HOOD COUNTY,221,5 Years,550,291,259,419,223,196,3,2,1,24,18,6,104,48,56
HOOD COUNTY,221,6 Years,544,276,268,410,211,199,0,0,0,24,13,11,110,52,58
HOOD COUNTY,221,7 Years,577,293,284,432,210,222,1,1,0,27,14,13,117,68,49
HOOD COUNTY,221,8 Years,635,304,331,478,228,250,2,1,1,29,12,17,126,63,63
HOOD COUNTY,221,9 Years,653,322,331,490,239,251,2,1,1,29,16,13,132,66,66
HOOD COUNTY,221,10 Years,652,345,307,479,256,223,3,1,2,33,15,18,137,73,64
HOOD COUNTY,221,11 Years,643,344,299,470,247,223,4,2,2,27,13,14,142,82,60
HOOD COUNTY,221,12 Years,647,321,326,475,229,246,1,0,1,22,11,11,149,81,68
HOOD COUNTY,221,13 Years,672,328,344,509,246,263,3,2,1,21,11,10,139,69,70
HOOD COUNTY,221,14 Years,638,324,314,482,251,231,4,1,3,20,7,13,132,65,67
HOOD COUNTY,221,15 Years,652,353,299,482,274,208,3,0,3,22,7,15,145,72,73
HOOD COUNTY,221,16 Years,715,376,339,544,293,251,3,2,1,16,9,7,152,72,80
HOOD COUNTY,221,17 Years,677,351,326,513,270,243,4,2,2,17,7,10,143,72,71
HOOD COUNTY,221,18 Years,642,329,313,487,246,241,4,3,1,18,10,8,133,70,63
HOOD COUNTY,221,19 Years,597,316,281,444,237,207,4,3,1,16,8,8,133,68,65
HOOD COUNTY,221,20 Years,557,307,250,403,225,178,4,2,2,22,11,11,128,69,59
HOOD COUNTY,221,21 Years,573,321,252,417,231,186,7,6,1,17,10,7,132,74,58
HOOD COUNTY,221,22 Years,595,315,280,427,214,213,14,9,5,19,13,6,135,79,56
HOOD COUNTY,221,23 Years,616,323,293,443,221,222,9,7,2,21,11,10,143,84,59
HOOD COUNTY,221,24 Years,589,295,294,428,202,226,5,4,1,21,10,11,135,79,56
HOOD COUNTY,221,25 Years,507,266,241,371,186,185,3,1,2,19,12,7,114,67,47
HOOD COUNTY,221,26 Years,507,261,246,372,178,194,4,2,2,10,6,4,121,75,46
HOOD COUNTY,221,27 Years,486,241,245,359,167,192,3,2,1,11,6,5,113,66,47
HOOD COUNTY,221,28 Years,490,251,239,363,178,185,3,2,1,10,4,6,114,67,47
HOOD COUNTY,221,29 Years,477,240,237,367,175,192,1,1,0,7,3,4,102,61,41
HOOD COUNTY,221,30 Years,437,233,204,330,167,163,3,2,1,12,5,7,92,59,33
HOOD COUNTY,221,31 Years,517,257,260,413,199,214,3,2,1,13,5,8,88,51,37
HOOD COUNTY,221,32 Years,542,267,275,430,207,223,2,2,0,10,5,5,100,53,47
HOOD COUNTY,221,33 Years,555,274,281,446,217,229,3,3,0,13,6,7,93,48,45
HOOD COUNTY,221,34 Years,576,292,284,471,239,232,2,1,1,11,4,7,92,48,44
HOOD COUNTY,221,35 Years,602,305,297,486,242,244,3,1,2,13,6,7,100,56,44
HOOD COUNTY,221,36 Years,582,293,289,459,226,233,2,0,2,13,3,10,108,64,44
HOOD COUNTY,221,37 Years,537,271,266,434,218,216,4,3,1,15,4,11,84,46,38
HOOD COUNTY,221,38 Years,523,280,243,435,229,206,2,2,0,10,5,5,76,44,32
HOOD COUNTY,221,39 Years,524,265,259,435,215,220,4,3,1,11,8,3,74,39,35
HOOD COUNTY,221,40 Years,521,237,284,431,187,244,4,4,0,10,8,2,76,38,38
HOOD COUNTY,221,41 Years,542,256,286,445,210,235,5,3,2,12,7,5,80,36,44
HOOD COUNTY,221,42 Years,531,273,258,454,235,219,2,2,0,6,1,5,69,35,34
HOOD COUNTY,221,43 Years,565,282,283,471,239,232,2,1,1,10,4,6,82,38,44
HOOD COUNTY,221,44 Years,631,288,343,542,249,293,3,1,2,18,7,11,68,31,37
HOOD COUNTY,221,45 Years,635,307,328,559,268,291,4,3,1,13,5,8,59,31,28
HOOD COUNTY,221,46 Years,651,318,333,560,270,290,3,2,1,13,6,7,75,40,35
HOOD COUNTY,221,47 Years,621,290,331,527,243,284,2,2,0,13,8,5,79,37,42
HOOD COUNTY,221,48 Years,607,290,317,516,245,271,1,0,1,9,5,4,81,40,41
HOOD COUNTY,221,49 Years,642,302,340,548,259,289,3,1,2,12,4,8,79,38,41
HOOD COUNTY,221,50 Years,667,332,335,573,292,281,2,0,2,17,5,12,75,35,40
HOOD COUNTY,221,51 Years,739,364,375,642,320,322,2,2,0,17,5,12,78,37,41
HOOD COUNTY,221,52 Years,761,376,385,678,333,345,2,2,0,13,6,7,68,35,33
HOOD COUNTY,221,53 Years,809,391,418,711,343,368,3,2,1,20,10,10,75,36,39
HOOD COUNTY,221,54 Years,831,409,422,736,354,382,3,3,0,28,15,13,64,37,27
HOOD COUNTY,221,55 Years,871,440,431,783,385,398,4,3,1,21,12,9,63,40,23
HOOD COUNTY,221,56 Years,920,440,480,823,391,432,5,1,4,26,13,13,66,35,31
HOOD COUNTY,221,57 Years,900,419,481,816,378,438,2,1,1,23,10,13,59,30,29
HOOD COUNTY,221,58 Years,884,434,450,799,390,409,3,2,1,20,9,11,62,33,29
HOOD COUNTY,221,59 Years,885,421,464,806,378,428,3,2,1,23,8,15,53,33,20
HOOD COUNTY,221,60 Years,923,441,482,836,394,442,6,5,1,25,10,15,56,32,24
HOOD COUNTY,221,61 Years,923,460,463,841,416,425,4,3,1,24,11,13,54,30,24
HOOD COUNTY,221,62 Years,946,468,478,884,440,444,3,2,1,19,10,9,40,16,24
HOOD COUNTY,221,63 Years,947,417,530,892,395,497,4,1,3,18,8,10,33,13,20
HOOD COUNTY,221,64 Years,915,424,491,872,403,469,1,0,1,16,5,11,26,16,10
HOOD COUNTY,221,65 Years,927,429,498,873,398,475,4,1,3,14,5,9,36,25,11
HOOD COUNTY,221,66 Years,998,451,547,944,426,518,5,2,3,14,5,9,35,18,17
HOOD COUNTY,221,67 Years,997,448,549,950,430,520,3,1,2,15,6,9,29,11,18
HOOD COUNTY,221,68 Years,999,477,522,956,455,501,5,3,2,12,6,6,26,13,13
HOOD COUNTY,221,69 Years,973,485,488,935,461,474,4,4,0,10,5,5,24,15,9
HOOD COUNTY,221,70 Years,859,411,448,816,388,428,3,1,2,12,6,6,28,16,12
HOOD COUNTY,221,71 Years,865,416,449,819,395,424,1,0,1,15,6,9,30,15,15
HOOD COUNTY,221,72 Years,836,430,406,799,409,390,2,2,0,13,8,5,22,11,11
HOOD COUNTY,221,73 Years,756,376,380,723,357,366,2,1,1,7,3,4,24,15,9
HOOD COUNTY,221,74 Years,696,333,363,664,312,352,2,1,1,9,5,4,21,15,6
HOOD COUNTY,221,75 Years,649,309,340,618,290,328,1,1,0,11,5,6,19,13,6
HOOD COUNTY,221,76 Years,583,283,300,561,270,291,1,1,0,7,3,4,14,9,5
HOOD COUNTY,221,77 Years,554,279,275,532,265,267,0,0,0,7,3,4,15,11,4
HOOD COUNTY,221,78 Years,495,245,250,476,236,240,0,0,0,7,4,3,12,5,7
HOOD COUNTY,221,79 Years,447,212,235,434,203,231,1,1,0,3,3,0,9,5,4
HOOD COUNTY,221,80 Years,430,202,228,414,193,221,0,0,0,8,4,4,8,5,3
HOOD COUNTY,221,81 Years,380,176,204,369,171,198,0,0,0,5,1,4,6,4,2
HOOD COUNTY,221,82 Years,323,152,171,314,149,165,0,0,0,5,1,4,4,2,2
HOOD COUNTY,221,83 Years,278,127,151,268,123,145,1,1,0,2,2,0,7,1,6
HOOD COUNTY,221,84 Years,242,109,133,233,106,127,1,1,0,3,1,2,5,1,4
HOOD COUNTY,221,85 Years +,1257,488,769,1203,465,738,3,2,1,19,6,13,32,15,17
HOPKINS COUNTY,223,All Ages,36498,18222,18276,26016,12731,13285,2570,1266,1304,1192,597,595,6720,3628,3092
HOPKINS COUNTY,223,< 1 Year,482,236,246,301,150,151,27,13,14,25,9,16,129,64,65
HOPKINS COUNTY,223,1 Years,482,246,236,303,154,149,27,11,16,25,13,12,127,68,59
HOPKINS COUNTY,223,2 Years,470,245,225,291,146,145,27,11,16,30,21,9,122,67,55
HOPKINS COUNTY,223,3 Years,477,244,233,300,152,148,25,9,16,37,25,12,115,58,57
HOPKINS COUNTY,223,4 Years,491,252,239,299,150,149,27,11,16,43,30,13,122,61,61
HOPKINS COUNTY,223,5 Years,531,274,257,316,158,158,31,14,17,43,27,16,141,75,66
HOPKINS COUNTY,223,6 Years,537,281,256,317,168,149,33,22,11,40,20,20,147,71,76
HOPKINS COUNTY,223,7 Years,507,271,236,276,152,124,38,22,16,40,16,24,153,81,72
HOPKINS COUNTY,223,8 Years,501,268,233,278,152,126,30,16,14,43,21,22,150,79,71
HOPKINS COUNTY,223,9 Years,533,274,259,293,143,150,32,16,16,42,20,22,166,95,71
HOPKINS COUNTY,223,10 Years,531,265,266,297,149,148,37,21,16,44,19,25,153,76,77
HOPKINS COUNTY,223,11 Years,505,254,251,285,142,143,39,22,17,43,19,24,138,71,67
HOPKINS COUNTY,223,12 Years,537,281,256,315,168,147,37,20,17,38,16,22,147,77,70
HOPKINS COUNTY,223,13 Years,514,250,264,312,148,164,31,20,11,31,11,20,140,71,69
HOPKINS COUNTY,223,14 Years,513,258,255,320,160,160,31,19,12,23,11,12,139,68,71
HOPKINS COUNTY,223,15 Years,538,290,248,339,188,151,39,24,15,19,9,10,141,69,72
HOPKINS COUNTY,223,16 Years,513,282,231,321,168,153,38,24,14,22,14,8,132,76,56
HOPKINS COUNTY,223,17 Years,513,262,251,321,158,163,34,20,14,17,11,6,141,73,68
HOPKINS COUNTY,223,18 Years,477,234,243,298,149,149,32,13,19,15,8,7,132,64,68
HOPKINS COUNTY,223,19 Years,454,240,214,278,155,123,38,18,20,13,3,10,125,64,61
HOPKINS COUNTY,223,20 Years,464,240,224,282,158,124,38,17,21,14,5,9,130,60,70
HOPKINS COUNTY,223,21 Years,481,248,233,290,155,135,34,13,21,14,8,6,143,72,71
HOPKINS COUNTY,223,22 Years,515,267,248,310,156,154,37,18,19,20,13,7,148,80,68
HOPKINS COUNTY,223,23 Years,515,266,249,332,173,159,34,16,18,16,6,10,133,71,62
HOPKINS COUNTY,223,24 Years,505,258,247,319,154,165,47,25,22,16,8,8,123,71,52
HOPKINS COUNTY,223,25 Years,497,257,240,338,165,173,38,20,18,10,7,3,111,65,46
HOPKINS COUNTY,223,26 Years,454,230,224,301,147,154,34,15,19,7,6,1,112,62,50
HOPKINS COUNTY,223,27 Years,433,230,203,290,151,139,24,12,12,5,5,0,114,62,52
HOPKINS COUNTY,223,28 Years,467,241,226,325,157,168,20,11,9,7,5,2,115,68,47
HOPKINS COUNTY,223,29 Years,436,216,220,307,148,159,20,12,8,7,3,4,102,53,49
HOPKINS COUNTY,223,30 Years,414,225,189,290,151,139,21,12,9,13,5,8,90,57,33
HOPKINS COUNTY,223,31 Years,400,209,191,263,131,132,23,12,11,9,5,4,105,61,44
HOPKINS COUNTY,223,32 Years,370,186,184,241,124,117,28,12,16,6,3,3,95,47,48
HOPKINS COUNTY,223,33 Years,382,190,192,253,126,127,27,13,14,10,4,6,92,47,45
HOPKINS COUNTY,223,34 Years,368,195,173,251,124,127,24,13,11,9,4,5,84,54,30
HOPKINS COUNTY,223,35 Years,383,201,182,251,126,125,30,17,13,13,6,7,89,52,37
HOPKINS COUNTY,223,36 Years,397,213,184,263,140,123,28,14,14,13,8,5,93,51,42
HOPKINS COUNTY,223,37 Years,373,184,189,261,124,137,26,11,15,10,6,4,76,43,33
HOPKINS COUNTY,223,38 Years,378,195,183,260,132,128,26,14,12,12,6,6,80,43,37
HOPKINS COUNTY,223,39 Years,385,198,187,261,128,133,22,12,10,12,8,4,90,50,40
HOPKINS COUNTY,223,40 Years,389,191,198,258,130,128,27,10,17,9,6,3,95,45,50
HOPKINS COUNTY,223,41 Years,405,193,212,283,138,145,27,7,20,7,4,3,88,44,44
HOPKINS COUNTY,223,42 Years,429,200,229,296,138,158,27,11,16,6,3,3,100,48,52
HOPKINS COUNTY,223,43 Years,400,194,206,286,138,148,28,16,12,8,3,5,78,37,41
HOPKINS COUNTY,223,44 Years,443,219,224,327,161,166,33,16,17,10,3,7,73,39,34
HOPKINS COUNTY,223,45 Years,446,220,226,336,167,169,36,17,19,11,4,7,63,32,31
HOPKINS COUNTY,223,46 Years,435,219,216,330,162,168,26,14,12,13,8,5,66,35,31
HOPKINS COUNTY,223,47 Years,456,226,230,336,156,180,34,14,20,14,7,7,72,49,23
HOPKINS COUNTY,223,48 Years,460,219,241,350,158,192,33,16,17,11,5,6,66,40,26
HOPKINS COUNTY,223,49 Years,397,199,198,289,144,145,35,21,14,8,2,6,65,32,33
HOPKINS COUNTY,223,50 Years,439,211,228,328,156,172,33,20,13,8,1,7,70,34,36
HOPKINS COUNTY,223,51 Years,484,235,249,365,176,189,29,14,15,7,1,6,83,44,39
HOPKINS COUNTY,223,52 Years,498,253,245,366,180,186,32,15,17,11,4,7,89,54,35
HOPKINS COUNTY,223,53 Years,498,272,226,376,199,177,35,15,20,8,4,4,79,54,25
HOPKINS COUNTY,223,54 Years,521,265,256,407,200,207,38,16,22,7,4,3,69,45,24
HOPKINS COUNTY,223,55 Years,502,243,259,380,184,196,47,19,28,11,6,5,64,34,30
HOPKINS COUNTY,223,56 Years,499,248,251,397,192,205,43,21,22,7,3,4,52,32,20
HOPKINS COUNTY,223,57 Years,483,247,236,380,189,191,41,21,20,8,4,4,54,33,21
HOPKINS COUNTY,223,58 Years,480,244,236,380,183,197,38,25,13,13,5,8,49,31,18
HOPKINS COUNTY,223,59 Years,478,246,232,379,185,194,41,27,14,11,6,5,47,28,19
HOPKINS COUNTY,223,60 Years,497,255,242,398,191,207,37,23,14,11,7,4,51,34,17
HOPKINS COUNTY,223,61 Years,483,237,246,404,191,213,39,22,17,7,4,3,33,20,13
HOPKINS COUNTY,223,62 Years,452,225,227,370,173,197,47,28,19,6,4,2,29,20,9
HOPKINS COUNTY,223,63 Years,430,204,226,339,155,184,46,24,22,10,3,7,35,22,13
HOPKINS COUNTY,223,64 Years,424,208,216,344,167,177,43,23,20,10,4,6,27,14,13
HOPKINS COUNTY,223,65 Years,402,193,209,338,163,175,35,16,19,8,3,5,21,11,10
HOPKINS COUNTY,223,66 Years,409,190,219,343,160,183,33,13,20,7,2,5,26,15,11
HOPKINS COUNTY,223,67 Years,433,198,235,374,172,202,32,13,19,9,3,6,18,10,8
HOPKINS COUNTY,223,68 Years,400,181,219,343,158,185,32,11,21,10,5,5,15,7,8
HOPKINS COUNTY,223,69 Years,397,180,217,341,154,187,32,13,19,9,4,5,15,9,6
HOPKINS COUNTY,223,70 Years,343,171,172,295,146,149,29,14,15,4,2,2,15,9,6
HOPKINS COUNTY,223,71 Years,327,168,159,295,151,144,16,8,8,3,1,2,13,8,5
HOPKINS COUNTY,223,72 Years,324,163,161,293,149,144,14,4,10,4,2,2,13,8,5
HOPKINS COUNTY,223,73 Years,317,159,158,278,139,139,20,10,10,6,5,1,13,5,8
HOPKINS COUNTY,223,74 Years,286,129,157,249,107,142,22,11,11,5,4,1,10,7,3
HOPKINS COUNTY,223,75 Years,285,120,165,251,106,145,19,6,13,3,1,2,12,7,5
HOPKINS COUNTY,223,76 Years,242,113,129,208,100,108,20,7,13,2,0,2,12,6,6
HOPKINS COUNTY,223,77 Years,232,112,120,199,97,102,20,8,12,5,4,1,8,3,5
HOPKINS COUNTY,223,78 Years,204,94,110,181,85,96,16,6,10,3,2,1,4,1,3
HOPKINS COUNTY,223,79 Years,198,92,106,182,86,96,10,2,8,1,1,0,5,3,2
HOPKINS COUNTY,223,80 Years,191,85,106,175,78,97,9,4,5,2,0,2,5,3,2
HOPKINS COUNTY,223,81 Years,186,79,107,166,72,94,13,4,9,4,2,2,3,1,2
HOPKINS COUNTY,223,82 Years,173,73,100,154,66,88,12,4,8,2,1,1,5,2,3
HOPKINS COUNTY,223,83 Years,149,64,85,130,55,75,9,2,7,2,1,1,8,6,2
HOPKINS COUNTY,223,84 Years,128,55,73,112,49,63,10,4,6,1,0,1,5,2,3
HOPKINS COUNTY,223,85 Years +,721,274,447,657,245,412,38,16,22,14,5,9,12,8,4
HOUSTON COUNTY,225,All Ages,23370,12580,10790,14117,7208,6909,6084,3444,2640,533,230,303,2636,1698,938
HOUSTON COUNTY,225,< 1 Year,249,132,117,116,62,54,77,41,36,14,7,7,42,22,20
HOUSTON COUNTY,225,1 Years,235,121,114,111,57,54,72,37,35,12,6,6,40,21,19
HOUSTON COUNTY,225,2 Years,235,118,117,101,48,53,72,36,36,16,9,7,46,25,21
HOUSTON COUNTY,225,3 Years,242,125,117,105,52,53,71,35,36,19,12,7,47,26,21
HOUSTON COUNTY,225,4 Years,245,123,122,104,49,55,73,34,39,20,11,9,48,29,19
HOUSTON COUNTY,225,5 Years,261,127,134,108,53,55,77,32,45,19,8,11,57,34,23
HOUSTON COUNTY,225,6 Years,283,142,141,122,74,48,84,32,52,15,3,12,62,33,29
HOUSTON COUNTY,225,7 Years,284,150,134,128,72,56,81,41,40,14,4,10,61,33,28
HOUSTON COUNTY,225,8 Years,253,127,126,117,58,59,64,32,32,17,5,12,55,32,23
HOUSTON COUNTY,225,9 Years,263,134,129,128,63,65,64,38,26,20,6,14,51,27,24
HOUSTON COUNTY,225,10 Years,278,145,133,136,72,64,71,39,32,20,5,15,51,29,22
HOUSTON COUNTY,225,11 Years,269,144,125,143,72,71,61,37,24,15,6,9,50,29,21
HOUSTON COUNTY,225,12 Years,256,135,121,136,74,62,60,30,30,16,8,8,44,23,21
HOUSTON COUNTY,225,13 Years,235,126,109,124,70,54,56,28,28,13,6,7,42,22,20
HOUSTON COUNTY,225,14 Years,239,123,116,130,68,62,56,33,23,12,3,9,41,19,22
HOUSTON COUNTY,225,15 Years,247,120,127,133,68,65,68,34,34,10,4,6,36,14,22
HOUSTON COUNTY,225,16 Years,256,132,124,133,69,64,71,37,34,9,4,5,43,22,21
HOUSTON COUNTY,225,17 Years,261,134,127,142,71,71,78,43,35,7,2,5,34,18,16
HOUSTON COUNTY,225,18 Years,263,132,131,141,72,69,71,39,32,9,4,5,42,17,25
HOUSTON COUNTY,225,19 Years,212,111,101,117,54,63,60,40,20,6,4,2,29,13,16
HOUSTON COUNTY,225,20 Years,227,135,92,126,71,55,60,38,22,5,2,3,36,24,12
HOUSTON COUNTY,225,21 Years,257,160,97,140,83,57,73,50,23,8,4,4,36,23,13
HOUSTON COUNTY,225,22 Years,280,166,114,148,86,62,84,49,35,7,3,4,41,28,13
HOUSTON COUNTY,225,23 Years,322,181,141,152,80,72,116,66,50,5,3,2,49,32,17
HOUSTON COUNTY,225,24 Years,338,215,123,156,94,62,117,78,39,2,2,0,63,41,22
HOUSTON COUNTY,225,25 Years,316,190,126,139,74,65,114,73,41,3,1,2,60,42,18
HOUSTON COUNTY,225,26 Years,269,160,109,127,74,53,96,49,47,3,2,1,43,35,8
HOUSTON COUNTY,225,27 Years,261,157,104,136,80,56,83,45,38,2,1,1,40,31,9
HOUSTON COUNTY,225,28 Years,249,155,94,110,68,42,88,53,35,5,3,2,46,31,15
HOUSTON COUNTY,225,29 Years,257,157,100,126,74,52,80,49,31,4,3,1,47,31,16
HOUSTON COUNTY,225,30 Years,252,166,86,116,75,41,83,52,31,5,3,2,48,36,12
HOUSTON COUNTY,225,31 Years,232,143,89,109,58,51,81,52,29,5,3,2,37,30,7
HOUSTON COUNTY,225,32 Years,252,155,97,128,69,59,80,51,29,4,2,2,40,33,7
HOUSTON COUNTY,225,33 Years,260,155,105,127,65,62,79,53,26,5,2,3,49,35,14
HOUSTON COUNTY,225,34 Years,255,150,105,145,82,63,68,41,27,1,0,1,41,27,14
HOUSTON COUNTY,225,35 Years,252,156,96,126,73,53,74,45,29,5,3,2,47,35,12
HOUSTON COUNTY,225,36 Years,287,172,115,137,82,55,88,51,37,7,2,5,55,37,18
HOUSTON COUNTY,225,37 Years,256,155,101,136,77,59,67,44,23,6,1,5,47,33,14
HOUSTON COUNTY,225,38 Years,253,148,105,122,62,60,83,52,31,6,2,4,42,32,10
HOUSTON COUNTY,225,39 Years,251,151,100,110,60,50,86,52,34,4,1,3,51,38,13
HOUSTON COUNTY,225,40 Years,250,159,91,122,72,50,83,55,28,2,1,1,43,31,12
HOUSTON COUNTY,225,41 Years,240,145,95,130,71,59,66,43,23,4,1,3,40,30,10
HOUSTON COUNTY,225,42 Years,238,142,96,131,67,64,65,45,20,6,4,2,36,26,10
HOUSTON COUNTY,225,43 Years,278,174,104,149,81,68,83,59,24,4,2,2,42,32,10
HOUSTON COUNTY,225,44 Years,283,168,115,143,72,71,93,62,31,3,1,2,44,33,11
HOUSTON COUNTY,225,45 Years,293,177,116,173,98,75,89,56,33,2,1,1,29,22,7
HOUSTON COUNTY,225,46 Years,294,179,115,164,91,73,95,61,34,2,1,1,33,26,7
HOUSTON COUNTY,225,47 Years,291,174,117,169,94,75,89,59,30,7,3,4,26,18,8
HOUSTON COUNTY,225,48 Years,317,206,111,183,110,73,93,66,27,6,3,3,35,27,8
HOUSTON COUNTY,225,49 Years,295,175,120,168,92,76,94,59,35,2,1,1,31,23,8
HOUSTON COUNTY,225,50 Years,323,186,137,179,97,82,105,62,43,3,1,2,36,26,10
HOUSTON COUNTY,225,51 Years,353,214,139,201,114,87,115,73,42,2,1,1,35,26,9
HOUSTON COUNTY,225,52 Years,350,203,147,197,101,96,118,77,41,4,2,2,31,23,8
HOUSTON COUNTY,225,53 Years,367,210,157,230,119,111,105,67,38,3,2,1,29,22,7
HOUSTON COUNTY,225,54 Years,348,187,161,217,107,110,102,60,42,3,2,1,26,18,8
HOUSTON COUNTY,225,55 Years,353,202,151,230,127,103,91,51,40,5,4,1,27,20,7
HOUSTON COUNTY,225,56 Years,352,194,158,245,130,115,79,47,32,3,2,1,25,15,10
HOUSTON COUNTY,225,57 Years,330,174,156,221,108,113,86,53,33,5,2,3,18,11,7
HOUSTON COUNTY,225,58 Years,334,166,168,231,112,119,75,39,36,7,2,5,21,13,8
HOUSTON COUNTY,225,59 Years,343,173,170,233,119,114,88,44,44,6,2,4,16,8,8
HOUSTON COUNTY,225,60 Years,321,159,162,228,116,112,80,37,43,2,1,1,11,5,6
HOUSTON COUNTY,225,61 Years,320,150,170,227,106,121,75,32,43,1,1,0,17,11,6
HOUSTON COUNTY,225,62 Years,306,136,170,219,97,122,71,31,40,3,0,3,13,8,5
HOUSTON COUNTY,225,63 Years,320,153,167,229,110,119,66,30,36,7,1,6,18,12,6
HOUSTON COUNTY,225,64 Years,337,166,171,251,119,132,73,40,33,4,1,3,9,6,3
HOUSTON COUNTY,225,65 Years,300,139,161,225,106,119,61,25,36,4,2,2,10,6,4
HOUSTON COUNTY,225,66 Years,286,137,149,219,107,112,50,18,32,4,3,1,13,9,4
HOUSTON COUNTY,225,67 Years,299,145,154,238,116,122,53,25,28,3,1,2,5,3,2
HOUSTON COUNTY,225,68 Years,314,142,172,249,110,139,56,30,26,5,0,5,4,2,2
HOUSTON COUNTY,225,69 Years,311,143,168,256,114,142,47,24,23,3,0,3,5,5,0
HOUSTON COUNTY,225,70 Years,294,142,152,236,112,124,47,22,25,2,0,2,9,8,1
HOUSTON COUNTY,225,71 Years,297,141,156,238,111,127,47,22,25,2,1,1,10,7,3
HOUSTON COUNTY,225,72 Years,271,130,141,229,108,121,37,19,18,1,0,1,4,3,1
HOUSTON COUNTY,225,73 Years,269,129,140,226,109,117,37,17,20,2,1,1,4,2,2
HOUSTON COUNTY,225,74 Years,263,122,141,220,102,118,37,17,20,2,1,1,4,2,2
HOUSTON COUNTY,225,75 Years,243,123,120,204,103,101,33,17,16,2,1,1,4,2,2
HOUSTON COUNTY,225,76 Years,218,111,107,183,90,93,31,18,13,1,1,0,3,2,1
HOUSTON COUNTY,225,77 Years,201,91,110,167,73,94,28,15,13,4,3,1,2,0,2
HOUSTON COUNTY,225,78 Years,174,84,90,147,72,75,23,11,12,2,1,1,2,0,2
HOUSTON COUNTY,225,79 Years,156,71,85,127,58,69,22,11,11,4,1,3,3,1,2
HOUSTON COUNTY,225,80 Years,144,65,79,114,50,64,26,14,12,3,1,2,1,0,1
HOUSTON COUNTY,225,81 Years,152,77,75,122,60,62,24,14,10,3,2,1,3,1,2
HOUSTON COUNTY,225,82 Years,125,60,65,95,45,50,24,11,13,1,1,0,5,3,2
HOUSTON COUNTY,225,83 Years,118,60,58,95,46,49,16,8,8,3,3,0,4,3,1
HOUSTON COUNTY,225,84 Years,99,45,54,85,38,47,11,5,6,0,0,0,3,2,1
HOUSTON COUNTY,225,85 Years +,608,223,385,481,183,298,108,32,76,11,5,6,8,3,5
HOWARD COUNTY,227,All Ages,36192,20437,15755,18593,10041,8552,2228,1610,618,999,562,437,14372,8224,6148
HOWARD COUNTY,227,< 1 Year,428,214,214,152,77,75,24,13,11,13,6,7,239,118,121
HOWARD COUNTY,227,1 Years,444,235,209,169,90,79,21,13,8,15,7,8,239,125,114
HOWARD COUNTY,227,2 Years,436,229,207,173,91,82,19,11,8,12,7,5,232,120,112
HOWARD COUNTY,227,3 Years,433,228,205,179,94,85,16,9,7,7,3,4,231,122,109
HOWARD COUNTY,227,4 Years,395,196,199,156,79,77,14,6,8,5,2,3,220,109,111
HOWARD COUNTY,227,5 Years,400,206,194,158,81,77,15,9,6,11,5,6,216,111,105
HOWARD COUNTY,227,6 Years,412,199,213,154,72,82,19,11,8,19,10,9,220,106,114
HOWARD COUNTY,227,7 Years,459,230,229,177,78,99,20,10,10,25,12,13,237,130,107
HOWARD COUNTY,227,8 Years,436,219,217,178,84,94,14,7,7,22,9,13,222,119,103
HOWARD COUNTY,227,9 Years,468,238,230,194,97,97,15,9,6,22,9,13,237,123,114
HOWARD COUNTY,227,10 Years,473,247,226,175,87,88,20,9,11,27,14,13,251,137,114
HOWARD COUNTY,227,11 Years,468,241,227,180,95,85,30,15,15,28,12,16,230,119,111
HOWARD COUNTY,227,12 Years,423,224,199,152,84,68,32,17,15,22,10,12,217,113,104
HOWARD COUNTY,227,13 Years,414,221,193,161,80,81,31,19,12,17,10,7,205,112,93
HOWARD COUNTY,227,14 Years,453,242,211,176,95,81,25,16,9,12,7,5,240,124,116
HOWARD COUNTY,227,15 Years,443,227,216,165,79,86,24,16,8,9,4,5,245,128,117
HOWARD COUNTY,227,16 Years,431,222,209,180,85,95,19,11,8,11,6,5,221,120,101
HOWARD COUNTY,227,17 Years,509,307,202,175,93,82,41,30,11,15,6,9,278,178,100
HOWARD COUNTY,227,18 Years,538,290,248,185,100,85,39,24,15,23,14,9,291,152,139
HOWARD COUNTY,227,19 Years,420,216,204,157,89,68,30,20,10,19,12,7,214,95,119
HOWARD COUNTY,227,20 Years,550,377,173,194,121,73,59,52,7,18,11,7,279,193,86
HOWARD COUNTY,227,21 Years,391,209,182,171,88,83,19,11,8,9,5,4,192,105,87
HOWARD COUNTY,227,22 Years,549,342,207,214,121,93,32,25,7,16,10,6,287,186,101
HOWARD COUNTY,227,23 Years,545,311,234,240,138,102,40,26,14,21,12,9,244,135,109
HOWARD COUNTY,227,24 Years,554,313,241,269,138,131,37,21,16,10,4,6,238,150,88
HOWARD COUNTY,227,25 Years,673,395,278,330,192,138,52,42,10,21,12,9,270,149,121
HOWARD COUNTY,227,26 Years,619,395,224,315,191,124,39,32,7,21,17,4,244,155,89
HOWARD COUNTY,227,27 Years,514,269,245,261,133,128,33,26,7,17,13,4,203,97,106
HOWARD COUNTY,227,28 Years,583,338,245,290,158,132,43,38,5,10,7,3,240,135,105
HOWARD COUNTY,227,29 Years,523,320,203,242,141,101,43,37,6,11,7,4,227,135,92
HOWARD COUNTY,227,30 Years,391,209,182,192,107,85,25,15,10,9,4,5,165,83,82
HOWARD COUNTY,227,31 Years,580,406,174,247,154,93,52,46,6,17,15,2,264,191,73
HOWARD COUNTY,227,32 Years,425,258,167,204,125,79,33,29,4,6,4,2,182,100,82
HOWARD COUNTY,227,33 Years,438,262,176,195,119,76,30,19,11,7,3,4,206,121,85
HOWARD COUNTY,227,34 Years,504,314,190,240,143,97,43,35,8,17,10,7,204,126,78
HOWARD COUNTY,227,35 Years,443,256,187,237,128,109,23,16,7,11,6,5,172,106,66
HOWARD COUNTY,227,36 Years,345,180,165,195,108,87,15,9,6,12,7,5,123,56,67
HOWARD COUNTY,227,37 Years,364,209,155,208,124,84,16,11,5,8,3,5,132,71,61
HOWARD COUNTY,227,38 Years,462,294,168,245,145,100,36,31,5,12,7,5,169,111,58
HOWARD COUNTY,227,39 Years,340,186,154,186,98,88,13,8,5,10,6,4,131,74,57
HOWARD COUNTY,227,40 Years,462,264,198,235,131,104,26,20,6,20,10,10,181,103,78
HOWARD COUNTY,227,41 Years,360,205,155,185,108,77,13,7,6,20,8,12,142,82,60
HOWARD COUNTY,227,42 Years,387,238,149,184,107,77,29,24,5,5,3,2,169,104,65
HOWARD COUNTY,227,43 Years,377,221,156,180,101,79,33,28,5,9,6,3,155,86,69
HOWARD COUNTY,227,44 Years,529,354,175,240,157,83,45,34,11,7,5,2,237,158,79
HOWARD COUNTY,227,45 Years,476,295,181,215,127,88,48,41,7,3,3,0,210,124,86
HOWARD COUNTY,227,46 Years,387,213,174,203,111,92,18,12,6,8,4,4,158,86,72
HOWARD COUNTY,227,47 Years,592,422,170,253,161,92,62,56,6,20,15,5,257,190,67
HOWARD COUNTY,227,48 Years,554,354,200,269,157,112,52,48,4,15,6,9,218,143,75
HOWARD COUNTY,227,49 Years,484,299,185,236,134,102,38,26,12,15,11,4,195,128,67
HOWARD COUNTY,227,50 Years,774,605,169,312,227,85,104,95,9,22,16,6,336,267,69
HOWARD COUNTY,227,51 Years,556,339,217,273,143,130,48,34,14,15,8,7,220,154,66
HOWARD COUNTY,227,52 Years,475,275,200,244,123,121,33,25,8,12,7,5,186,120,66
HOWARD COUNTY,227,53 Years,551,339,212,280,151,129,61,46,15,16,12,4,194,130,64
HOWARD COUNTY,227,54 Years,602,378,224,350,197,153,47,41,6,13,9,4,192,131,61
HOWARD COUNTY,227,55 Years,655,434,221,408,251,157,53,47,6,11,9,2,183,127,56
HOWARD COUNTY,227,56 Years,487,278,209,304,171,133,21,15,6,12,10,2,150,82,68
HOWARD COUNTY,227,57 Years,570,363,207,356,217,139,41,33,8,15,9,6,158,104,54
HOWARD COUNTY,227,58 Years,456,235,221,314,155,159,24,12,12,9,4,5,109,64,45
HOWARD COUNTY,227,59 Years,456,252,204,302,163,139,25,19,6,11,6,5,118,64,54
HOWARD COUNTY,227,60 Years,479,254,225,292,161,131,21,15,6,10,7,3,156,71,85
HOWARD COUNTY,227,61 Years,506,282,224,352,197,155,22,12,10,13,9,4,119,64,55
HOWARD COUNTY,227,62 Years,435,229,206,291,155,136,10,6,4,11,6,5,123,62,61
HOWARD COUNTY,227,63 Years,386,200,186,271,142,129,3,1,2,11,6,5,101,51,50
HOWARD COUNTY,227,64 Years,366,197,169,246,134,112,14,8,6,11,5,6,95,50,45
HOWARD COUNTY,227,65 Years,332,167,165,220,110,110,16,11,5,7,4,3,89,42,47
HOWARD COUNTY,227,66 Years,332,168,164,228,116,112,11,5,6,4,1,3,89,46,43
HOWARD COUNTY,227,67 Years,327,178,149,218,116,102,16,10,6,8,7,1,85,45,40
HOWARD COUNTY,227,68 Years,338,192,146,219,118,101,23,17,6,8,7,1,88,50,38
HOWARD COUNTY,227,69 Years,291,143,148,198,101,97,12,6,6,4,2,2,77,34,43
HOWARD COUNTY,227,70 Years,229,114,115,143,73,70,12,6,6,9,5,4,65,30,35
HOWARD COUNTY,227,71 Years,237,113,124,166,82,84,7,3,4,6,1,5,58,27,31
HOWARD COUNTY,227,72 Years,226,107,119,160,78,82,5,3,2,7,2,5,54,24,30
HOWARD COUNTY,227,73 Years,230,104,126,172,78,94,7,3,4,3,1,2,48,22,26
HOWARD COUNTY,227,74 Years,238,118,120,176,87,89,4,2,2,1,0,1,57,29,28
HOWARD COUNTY,227,75 Years,215,102,113,160,77,83,5,2,3,3,1,2,47,22,25
HOWARD COUNTY,227,76 Years,178,73,105,133,56,77,3,0,3,1,0,1,41,17,24
HOWARD COUNTY,227,77 Years,175,74,101,129,55,74,7,3,4,0,0,0,39,16,23
HOWARD COUNTY,227,78 Years,176,81,95,126,59,67,10,5,5,2,0,2,38,17,21
HOWARD COUNTY,227,79 Years,171,75,96,128,56,72,8,3,5,3,0,3,32,16,16
HOWARD COUNTY,227,80 Years,153,69,84,119,53,66,4,3,1,4,1,3,26,12,14
HOWARD COUNTY,227,81 Years,149,68,81,112,50,62,8,3,5,1,0,1,28,15,13
HOWARD COUNTY,227,82 Years,156,68,88,116,48,68,3,2,1,4,2,2,33,16,17
HOWARD COUNTY,227,83 Years,133,47,86,102,37,65,3,1,2,2,1,1,26,8,18
HOWARD COUNTY,227,84 Years,121,52,69,94,43,51,4,3,1,2,0,2,21,6,15
HOWARD COUNTY,227,85 Years +,747,325,422,608,265,343,18,10,8,9,5,4,112,45,67
HUDSPETH COUNTY,229,All Ages,3673,1873,1800,650,357,293,28,22,6,51,22,29,2944,1472,1472
HUDSPETH COUNTY,229,< 1 Year,44,23,21,12,7,5,0,0,0,0,0,0,32,16,16
HUDSPETH COUNTY,229,1 Years,46,27,19,8,5,3,0,0,0,0,0,0,38,22,16
HUDSPETH COUNTY,229,2 Years,47,26,21,4,2,2,0,0,0,0,0,0,43,24,19
HUDSPETH COUNTY,229,3 Years,45,23,22,3,2,1,0,0,0,0,0,0,42,21,21
HUDSPETH COUNTY,229,4 Years,51,23,28,3,2,1,0,0,0,0,0,0,48,21,27
HUDSPETH COUNTY,229,5 Years,55,26,29,5,2,3,0,0,0,0,0,0,50,24,26
HUDSPETH COUNTY,229,6 Years,57,29,28,6,4,2,0,0,0,2,2,0,49,23,26
HUDSPETH COUNTY,229,7 Years,44,27,17,4,3,1,0,0,0,2,1,1,38,23,15
HUDSPETH COUNTY,229,8 Years,45,28,17,1,1,0,1,1,0,0,0,0,43,26,17
HUDSPETH COUNTY,229,9 Years,45,29,16,3,2,1,0,0,0,2,2,0,40,25,15
HUDSPETH COUNTY,229,10 Years,46,19,27,6,2,4,0,0,0,1,1,0,39,16,23
HUDSPETH COUNTY,229,11 Years,55,20,35,3,1,2,1,0,1,1,0,1,50,19,31
HUDSPETH COUNTY,229,12 Years,57,25,32,7,1,6,2,2,0,0,0,0,48,22,26
HUDSPETH COUNTY,229,13 Years,53,27,26,6,3,3,1,1,0,0,0,0,46,23,23
HUDSPETH COUNTY,229,14 Years,52,23,29,5,1,4,0,0,0,1,0,1,46,22,24
HUDSPETH COUNTY,229,15 Years,51,25,26,9,3,6,0,0,0,1,0,1,41,22,19
HUDSPETH COUNTY,229,16 Years,57,27,30,5,2,3,0,0,0,0,0,0,52,25,27
HUDSPETH COUNTY,229,17 Years,65,34,31,5,1,4,0,0,0,1,1,0,59,32,27
HUDSPETH COUNTY,229,18 Years,53,25,28,5,3,2,0,0,0,1,0,1,47,22,25
HUDSPETH COUNTY,229,19 Years,57,31,26,4,1,3,0,0,0,0,0,0,53,30,23
HUDSPETH COUNTY,229,20 Years,61,30,31,6,3,3,0,0,0,3,1,2,52,26,26
HUDSPETH COUNTY,229,21 Years,60,29,31,3,2,1,2,2,0,3,1,2,52,24,28
HUDSPETH COUNTY,229,22 Years,73,33,40,3,1,2,3,1,2,1,0,1,66,31,35
HUDSPETH COUNTY,229,23 Years,66,29,37,3,1,2,0,0,0,2,0,2,61,28,33
HUDSPETH COUNTY,229,24 Years,52,36,16,2,2,0,1,1,0,1,1,0,48,32,16
HUDSPETH COUNTY,229,25 Years,53,25,28,1,0,1,1,1,0,0,0,0,51,24,27
HUDSPETH COUNTY,229,26 Years,38,20,18,2,1,1,0,0,0,0,0,0,36,19,17
HUDSPETH COUNTY,229,27 Years,32,18,14,1,1,0,0,0,0,0,0,0,31,17,14
HUDSPETH COUNTY,229,28 Years,37,22,15,3,2,1,0,0,0,1,0,1,33,20,13
HUDSPETH COUNTY,229,29 Years,36,19,17,4,3,1,0,0,0,0,0,0,32,16,16
HUDSPETH COUNTY,229,30 Years,27,15,12,3,1,2,0,0,0,1,0,1,23,14,9
HUDSPETH COUNTY,229,31 Years,36,16,20,5,3,2,0,0,0,0,0,0,31,13,18
HUDSPETH COUNTY,229,32 Years,41,20,21,6,2,4,0,0,0,0,0,0,35,18,17
HUDSPETH COUNTY,229,33 Years,33,19,14,4,2,2,0,0,0,0,0,0,29,17,12
HUDSPETH COUNTY,229,34 Years,35,20,15,4,2,2,0,0,0,0,0,0,31,18,13
HUDSPETH COUNTY,229,35 Years,40,24,16,5,4,1,1,1,0,0,0,0,34,19,15
HUDSPETH COUNTY,229,36 Years,31,16,15,4,2,2,0,0,0,0,0,0,27,14,13
HUDSPETH COUNTY,229,37 Years,33,16,17,5,3,2,0,0,0,0,0,0,28,13,15
HUDSPETH COUNTY,229,38 Years,34,16,18,6,3,3,2,2,0,1,1,0,25,10,15
HUDSPETH COUNTY,229,39 Years,42,16,26,9,3,6,2,2,0,2,1,1,29,10,19
HUDSPETH COUNTY,229,40 Years,29,15,14,4,3,1,1,1,0,0,0,0,24,11,13
HUDSPETH COUNTY,229,41 Years,33,14,19,5,4,1,0,0,0,1,1,0,27,9,18
HUDSPETH COUNTY,229,42 Years,32,17,15,5,4,1,0,0,0,0,0,0,27,13,14
HUDSPETH COUNTY,229,43 Years,33,18,15,6,5,1,0,0,0,0,0,0,27,13,14
HUDSPETH COUNTY,229,44 Years,33,21,12,5,4,1,0,0,0,1,0,1,27,17,10
HUDSPETH COUNTY,229,45 Years,33,15,18,2,1,1,0,0,0,0,0,0,31,14,17
HUDSPETH COUNTY,229,46 Years,42,21,21,4,2,2,1,0,1,0,0,0,37,19,18
HUDSPETH COUNTY,229,47 Years,53,25,28,7,2,5,1,0,1,0,0,0,45,23,22
HUDSPETH COUNTY,229,48 Years,42,20,22,5,2,3,0,0,0,0,0,0,37,18,19
HUDSPETH COUNTY,229,49 Years,48,26,22,10,5,5,0,0,0,2,2,0,36,19,17
HUDSPETH COUNTY,229,50 Years,33,18,15,5,3,2,0,0,0,0,0,0,28,15,13
HUDSPETH COUNTY,229,51 Years,41,18,23,7,3,4,0,0,0,0,0,0,34,15,19
HUDSPETH COUNTY,229,52 Years,46,24,22,7,4,3,2,2,0,1,1,0,36,17,19
HUDSPETH COUNTY,229,53 Years,50,26,24,10,7,3,2,1,1,1,0,1,37,18,19
HUDSPETH COUNTY,229,54 Years,58,33,25,13,9,4,0,0,0,1,1,0,44,23,21
HUDSPETH COUNTY,229,55 Years,59,33,26,14,11,3,0,0,0,1,0,1,44,22,22
HUDSPETH COUNTY,229,56 Years,55,27,28,13,7,6,0,0,0,1,0,1,41,20,21
HUDSPETH COUNTY,229,57 Years,53,28,25,14,6,8,0,0,0,0,0,0,39,22,17
HUDSPETH COUNTY,229,58 Years,55,26,29,17,7,10,0,0,0,2,0,2,36,19,17
HUDSPETH COUNTY,229,59 Years,55,25,30,16,7,9,0,0,0,3,2,1,36,16,20
HUDSPETH COUNTY,229,60 Years,58,26,32,21,11,10,0,0,0,0,0,0,37,15,22
HUDSPETH COUNTY,229,61 Years,50,21,29,19,10,9,0,0,0,0,0,0,31,11,20
HUDSPETH COUNTY,229,62 Years,49,26,23,13,9,4,0,0,0,0,0,0,36,17,19
HUDSPETH COUNTY,229,63 Years,48,22,26,14,8,6,0,0,0,0,0,0,34,14,20
HUDSPETH COUNTY,229,64 Years,39,21,18,12,7,5,0,0,0,1,1,0,26,13,13
HUDSPETH COUNTY,229,65 Years,39,20,19,11,9,2,0,0,0,3,1,2,25,10,15
HUDSPETH COUNTY,229,66 Years,41,19,22,15,8,7,0,0,0,1,0,1,25,11,14
HUDSPETH COUNTY,229,67 Years,39,22,17,9,6,3,1,1,0,0,0,0,29,15,14
HUDSPETH COUNTY,229,68 Years,42,19,23,12,8,4,1,1,0,0,0,0,29,10,19
HUDSPETH COUNTY,229,69 Years,42,23,19,17,11,6,0,0,0,2,0,2,23,12,11
HUDSPETH COUNTY,229,70 Years,35,20,15,12,7,5,0,0,0,1,0,1,22,13,9
HUDSPETH COUNTY,229,71 Years,39,24,15,8,7,1,1,1,0,0,0,0,30,16,14
HUDSPETH COUNTY,229,72 Years,34,19,15,10,4,6,0,0,0,0,0,0,24,15,9
HUDSPETH COUNTY,229,73 Years,28,19,9,10,5,5,0,0,0,0,0,0,18,14,4
HUDSPETH COUNTY,229,74 Years,30,14,16,13,5,8,1,1,0,0,0,0,16,8,8
HUDSPETH COUNTY,229,75 Years,36,18,18,16,9,7,0,0,0,0,0,0,20,9,11
HUDSPETH COUNTY,229,76 Years,37,19,18,18,11,7,0,0,0,0,0,0,19,8,11
HUDSPETH COUNTY,229,77 Years,25,14,11,12,9,3,0,0,0,0,0,0,13,5,8
HUDSPETH COUNTY,229,78 Years,25,14,11,9,7,2,0,0,0,0,0,0,16,7,9
HUDSPETH COUNTY,229,79 Years,20,12,8,5,3,2,0,0,0,1,0,1,14,9,5
HUDSPETH COUNTY,229,80 Years,20,12,8,5,2,3,0,0,0,0,0,0,15,10,5
HUDSPETH COUNTY,229,81 Years,17,8,9,4,1,3,0,0,0,0,0,0,13,7,6
HUDSPETH COUNTY,229,82 Years,14,7,7,4,2,2,0,0,0,1,1,0,9,4,5
HUDSPETH COUNTY,229,83 Years,19,7,12,7,2,5,0,0,0,0,0,0,12,5,7
HUDSPETH COUNTY,229,84 Years,15,8,7,5,2,3,0,0,0,0,0,0,10,6,4
HUDSPETH COUNTY,229,85 Years +,64,33,31,17,9,8,0,0,0,0,0,0,47,24,23
HUNT COUNTY,231,All Ages,90920,44518,46402,63432,30625,32807,7508,3568,3940,4100,2004,2096,15880,8321,7559
HUNT COUNTY,231,< 1 Year,1090,553,537,611,306,305,88,44,44,68,35,33,323,168,155
HUNT COUNTY,231,1 Years,1105,559,546,620,315,305,89,44,45,75,37,38,321,163,158
HUNT COUNTY,231,2 Years,1100,552,548,614,320,294,91,43,48,78,34,44,317,155,162
HUNT COUNTY,231,3 Years,1089,549,540,617,321,296,96,45,51,80,35,45,296,148,148
HUNT COUNTY,231,4 Years,1088,557,531,620,323,297,97,47,50,79,40,39,292,147,145
HUNT COUNTY,231,5 Years,1131,577,554,640,323,317,100,50,50,86,43,43,305,161,144
HUNT COUNTY,231,6 Years,1128,578,550,637,324,313,104,52,52,79,43,36,308,159,149
HUNT COUNTY,231,7 Years,1124,586,538,652,334,318,89,49,40,73,42,31,310,161,149
HUNT COUNTY,231,8 Years,1210,625,585,677,345,332,101,52,49,81,46,35,351,182,169
HUNT COUNTY,231,9 Years,1241,654,587,721,378,343,93,52,41,76,40,36,351,184,167
HUNT COUNTY,231,10 Years,1290,675,615,758,400,358,107,52,55,69,39,30,356,184,172
HUNT COUNTY,231,11 Years,1248,625,623,720,353,367,108,60,48,68,36,32,352,176,176
HUNT COUNTY,231,12 Years,1288,671,617,762,402,360,107,65,42,65,35,30,354,169,185
HUNT COUNTY,231,13 Years,1341,686,655,791,409,382,121,65,56,68,35,33,361,177,184
HUNT COUNTY,231,14 Years,1387,697,690,819,400,419,119,64,55,72,38,34,377,195,182
HUNT COUNTY,231,15 Years,1366,677,689,799,389,410,107,53,54,72,38,34,388,197,191
HUNT COUNTY,231,16 Years,1391,738,653,815,427,388,124,74,50,85,44,41,367,193,174
HUNT COUNTY,231,17 Years,1442,736,706,847,425,422,142,86,56,85,44,41,368,181,187
HUNT COUNTY,231,18 Years,1468,760,708,855,433,422,181,97,84,78,42,36,354,188,166
HUNT COUNTY,231,19 Years,1552,797,755,894,470,424,211,96,115,77,37,40,370,194,176
HUNT COUNTY,231,20 Years,1410,746,664,840,432,408,172,98,74,71,35,36,327,181,146
HUNT COUNTY,231,21 Years,1464,729,735,864,425,439,208,98,110,88,43,45,304,163,141
HUNT COUNTY,231,22 Years,1504,734,770,889,418,471,180,85,95,113,61,52,322,170,152
HUNT COUNTY,231,23 Years,1453,694,759,910,424,486,130,62,68,114,56,58,299,152,147
HUNT COUNTY,231,24 Years,1471,724,747,906,422,484,164,77,87,121,71,50,280,154,126
HUNT COUNTY,231,25 Years,1283,626,657,814,385,429,151,61,90,74,41,33,244,139,105
HUNT COUNTY,231,26 Years,1267,590,677,785,350,435,155,69,86,75,33,42,252,138,114
HUNT COUNTY,231,27 Years,1179,549,630,736,328,408,130,52,78,67,27,40,246,142,104
HUNT COUNTY,231,28 Years,982,497,485,591,290,301,112,46,66,66,29,37,213,132,81
HUNT COUNTY,231,29 Years,961,513,448,581,310,271,109,44,65,65,29,36,206,130,76
HUNT COUNTY,231,30 Years,948,534,414,592,332,260,88,46,42,52,28,24,216,128,88
HUNT COUNTY,231,31 Years,957,490,467,602,298,304,87,48,39,43,21,22,225,123,102
HUNT COUNTY,231,32 Years,900,415,485,580,243,337,72,42,30,32,16,16,216,114,102
HUNT COUNTY,231,33 Years,926,448,478,601,283,318,75,37,38,30,12,18,220,116,104
HUNT COUNTY,231,34 Years,890,427,463,559,264,295,74,32,42,37,18,19,220,113,107
HUNT COUNTY,231,35 Years,1002,479,523,668,310,358,77,32,45,32,15,17,225,122,103
HUNT COUNTY,231,36 Years,990,476,514,669,304,365,74,35,39,35,19,16,212,118,94
HUNT COUNTY,231,37 Years,956,451,505,648,309,339,82,28,54,40,19,21,186,95,91
HUNT COUNTY,231,38 Years,972,453,519,655,302,353,82,33,49,44,23,21,191,95,96
HUNT COUNTY,231,39 Years,994,477,517,665,313,352,79,31,48,47,21,26,203,112,91
HUNT COUNTY,231,40 Years,987,489,498,638,308,330,84,40,44,34,15,19,231,126,105
HUNT COUNTY,231,41 Years,990,499,491,635,328,307,82,35,47,47,18,29,226,118,108
HUNT COUNTY,231,42 Years,1004,488,516,671,343,328,83,35,48,39,10,29,211,100,111
HUNT COUNTY,231,43 Years,1083,517,566,756,367,389,85,37,48,42,17,25,200,96,104
HUNT COUNTY,231,44 Years,1093,522,571,782,372,410,81,35,46,42,19,23,188,96,92
HUNT COUNTY,231,45 Years,1083,519,564,792,374,418,78,34,44,39,20,19,174,91,83
HUNT COUNTY,231,46 Years,1138,576,562,832,429,403,89,40,49,37,21,16,180,86,94
HUNT COUNTY,231,47 Years,1126,560,566,845,413,432,69,35,34,31,16,15,181,96,85
HUNT COUNTY,231,48 Years,1114,554,560,828,410,418,74,40,34,36,15,21,176,89,87
HUNT COUNTY,231,49 Years,1120,543,577,830,395,435,89,48,41,40,17,23,161,83,78
HUNT COUNTY,231,50 Years,1169,561,608,871,414,457,103,48,55,42,18,24,153,81,72
HUNT COUNTY,231,51 Years,1270,616,654,965,454,511,117,58,59,48,26,22,140,78,62
HUNT COUNTY,231,52 Years,1322,639,683,1008,472,536,110,58,52,44,23,21,160,86,74
HUNT COUNTY,231,53 Years,1315,620,695,1009,476,533,101,44,57,53,23,30,152,77,75
HUNT COUNTY,231,54 Years,1335,641,694,1058,496,562,82,37,45,49,26,23,146,82,64
HUNT COUNTY,231,55 Years,1259,630,629,1017,509,508,70,32,38,42,18,24,130,71,59
HUNT COUNTY,231,56 Years,1222,629,593,1000,517,483,78,37,41,28,11,17,116,64,52
HUNT COUNTY,231,57 Years,1179,592,587,972,485,487,81,42,39,28,13,15,98,52,46
HUNT COUNTY,231,58 Years,1150,563,587,940,453,487,84,41,43,33,16,17,93,53,40
HUNT COUNTY,231,59 Years,1175,572,603,971,466,505,79,38,41,34,19,15,91,49,42
HUNT COUNTY,231,60 Years,1174,594,580,968,484,484,89,41,48,32,18,14,85,51,34
HUNT COUNTY,231,61 Years,1203,602,601,995,492,503,87,43,44,28,14,14,93,53,40
HUNT COUNTY,231,62 Years,1145,565,580,968,477,491,76,34,42,30,12,18,71,42,29
HUNT COUNTY,231,63 Years,1062,509,553,899,428,471,74,31,43,29,11,18,60,39,21
HUNT COUNTY,231,64 Years,990,474,516,823,392,431,74,35,39,25,7,18,68,40,28
HUNT COUNTY,231,65 Years,974,453,521,811,384,427,67,28,39,29,7,22,67,34,33
HUNT COUNTY,231,66 Years,970,467,503,804,395,409,68,28,40,37,16,21,61,28,33
HUNT COUNTY,231,67 Years,953,457,496,799,388,411,63,29,34,33,16,17,58,24,34
HUNT COUNTY,231,68 Years,961,458,503,814,391,423,61,27,34,31,11,20,55,29,26
HUNT COUNTY,231,69 Years,949,459,490,820,405,415,55,23,32,24,8,16,50,23,27
HUNT COUNTY,231,70 Years,800,373,427,678,313,365,55,27,28,24,12,12,43,21,22
HUNT COUNTY,231,71 Years,786,366,420,678,316,362,44,20,24,26,12,14,38,18,20
HUNT COUNTY,231,72 Years,765,359,406,674,320,354,37,17,20,21,9,12,33,13,20
HUNT COUNTY,231,73 Years,752,335,417,657,304,353,40,14,26,23,8,15,32,9,23
HUNT COUNTY,231,74 Years,718,321,397,637,288,349,30,11,19,21,8,13,30,14,16
HUNT COUNTY,231,75 Years,649,288,361,575,250,325,26,12,14,25,14,11,23,12,11
HUNT COUNTY,231,76 Years,575,259,316,516,230,286,23,10,13,17,11,6,19,8,11
HUNT COUNTY,231,77 Years,557,261,296,500,234,266,26,12,14,14,8,6,17,7,10
HUNT COUNTY,231,78 Years,510,238,272,454,211,243,23,8,15,15,10,5,18,9,9
HUNT COUNTY,231,79 Years,459,209,250,409,186,223,23,8,15,10,6,4,17,9,8
HUNT COUNTY,231,80 Years,464,196,268,407,175,232,26,7,19,10,5,5,21,9,12
HUNT COUNTY,231,81 Years,403,163,240,353,143,210,23,8,15,10,5,5,17,7,10
HUNT COUNTY,231,82 Years,341,125,216,306,113,193,18,5,13,7,3,4,10,4,6
HUNT COUNTY,231,83 Years,309,128,181,282,117,165,16,5,11,3,1,2,8,5,3
HUNT COUNTY,231,84 Years,297,124,173,270,116,154,15,4,11,4,1,3,8,3,5
HUNT COUNTY,231,85 Years +,1432,501,931,1291,453,838,74,21,53,24,10,14,43,17,26
HUTCHINSON COUNTY,233,All Ages,21541,10846,10695,15270,7606,7664,537,293,244,911,459,452,4823,2488,2335
HUTCHINSON COUNTY,233,< 1 Year,283,139,144,159,78,81,10,2,8,25,11,14,89,48,41
HUTCHINSON COUNTY,233,1 Years,282,139,143,166,81,85,11,5,6,22,9,13,83,44,39
HUTCHINSON COUNTY,233,2 Years,284,147,137,173,90,83,9,4,5,21,10,11,81,43,38
HUTCHINSON COUNTY,233,3 Years,294,155,139,183,95,88,9,5,4,17,11,6,85,44,41
HUTCHINSON COUNTY,233,4 Years,295,154,141,180,94,86,5,3,2,18,11,7,92,46,46
HUTCHINSON COUNTY,233,5 Years,293,149,144,174,89,85,5,2,3,25,15,10,89,43,46
HUTCHINSON COUNTY,233,6 Years,304,157,147,182,100,82,4,3,1,21,12,9,97,42,55
HUTCHINSON COUNTY,233,7 Years,312,158,154,189,102,87,5,3,2,19,9,10,99,44,55
HUTCHINSON COUNTY,233,8 Years,339,182,157,206,112,94,4,2,2,15,5,10,114,63,51
HUTCHINSON COUNTY,233,9 Years,319,157,162,186,95,91,6,3,3,20,6,14,107,53,54
HUTCHINSON COUNTY,233,10 Years,304,144,160,161,78,83,6,2,4,23,8,15,114,56,58
HUTCHINSON COUNTY,233,11 Years,335,161,174,197,97,100,4,2,2,21,11,10,113,51,62
HUTCHINSON COUNTY,233,12 Years,307,151,156,168,81,87,3,1,2,20,11,9,116,58,58
HUTCHINSON COUNTY,233,13 Years,311,163,148,170,88,82,5,2,3,18,14,4,118,59,59
HUTCHINSON COUNTY,233,14 Years,317,167,150,195,100,95,7,5,2,16,12,4,99,50,49
HUTCHINSON COUNTY,233,15 Years,322,178,144,199,114,85,10,5,5,14,10,4,99,49,50
HUTCHINSON COUNTY,233,16 Years,312,161,151,192,101,91,10,5,5,11,6,5,99,49,50
HUTCHINSON COUNTY,233,17 Years,311,159,152,199,103,96,8,5,3,15,7,8,89,44,45
HUTCHINSON COUNTY,233,18 Years,286,150,136,185,95,90,5,4,1,13,6,7,83,45,38
HUTCHINSON COUNTY,233,19 Years,270,133,137,168,86,82,7,4,3,11,5,6,84,38,46
HUTCHINSON COUNTY,233,20 Years,262,127,135,164,80,84,8,4,4,14,8,6,76,35,41
HUTCHINSON COUNTY,233,21 Years,283,147,136,176,90,86,8,5,3,12,5,7,87,47,40
HUTCHINSON COUNTY,233,22 Years,250,134,116,155,80,75,7,6,1,11,4,7,77,44,33
HUTCHINSON COUNTY,233,23 Years,269,145,124,169,84,85,11,6,5,11,8,3,78,47,31
HUTCHINSON COUNTY,233,24 Years,265,138,127,175,91,84,7,2,5,13,8,5,70,37,33
HUTCHINSON COUNTY,233,25 Years,251,131,120,161,90,71,11,5,6,7,4,3,72,32,40
HUTCHINSON COUNTY,233,26 Years,233,116,117,145,76,69,9,7,2,9,5,4,70,28,42
HUTCHINSON COUNTY,233,27 Years,222,102,120,137,63,74,6,5,1,12,7,5,67,27,40
HUTCHINSON COUNTY,233,28 Years,219,108,111,151,79,72,5,2,3,8,3,5,55,24,31
HUTCHINSON COUNTY,233,29 Years,197,95,102,131,59,72,6,3,3,6,2,4,54,31,23
HUTCHINSON COUNTY,233,30 Years,214,110,104,143,71,72,3,1,2,9,4,5,59,34,25
HUTCHINSON COUNTY,233,31 Years,219,110,109,142,65,77,7,5,2,8,4,4,62,36,26
HUTCHINSON COUNTY,233,32 Years,223,118,105,148,76,72,9,7,2,8,4,4,58,31,27
HUTCHINSON COUNTY,233,33 Years,263,136,127,179,90,89,7,5,2,8,4,4,69,37,32
HUTCHINSON COUNTY,233,34 Years,242,126,116,155,76,79,6,4,2,9,5,4,72,41,31
HUTCHINSON COUNTY,233,35 Years,233,126,107,152,78,74,6,4,2,8,5,3,67,39,28
HUTCHINSON COUNTY,233,36 Years,253,132,121,173,89,84,6,4,2,6,3,3,68,36,32
HUTCHINSON COUNTY,233,37 Years,262,131,131,177,92,85,6,3,3,9,5,4,70,31,39
HUTCHINSON COUNTY,233,38 Years,267,133,134,180,90,90,8,5,3,14,4,10,65,34,31
HUTCHINSON COUNTY,233,39 Years,267,131,136,181,86,95,9,6,3,9,5,4,68,34,34
HUTCHINSON COUNTY,233,40 Years,245,130,115,171,88,83,5,3,2,9,6,3,60,33,27
HUTCHINSON COUNTY,233,41 Years,262,135,127,182,89,93,8,4,4,8,5,3,64,37,27
HUTCHINSON COUNTY,233,42 Years,250,123,127,172,79,93,6,4,2,6,3,3,66,37,29
HUTCHINSON COUNTY,233,43 Years,269,134,135,188,91,97,7,4,3,7,3,4,67,36,31
HUTCHINSON COUNTY,233,44 Years,255,121,134,181,84,97,9,3,6,9,5,4,56,29,27
HUTCHINSON COUNTY,233,45 Years,249,122,127,178,87,91,6,3,3,8,5,3,57,27,30
HUTCHINSON COUNTY,233,46 Years,252,119,133,192,90,102,2,1,1,6,3,3,52,25,27
HUTCHINSON COUNTY,233,47 Years,242,121,121,170,79,91,6,5,1,10,7,3,56,30,26
HUTCHINSON COUNTY,233,48 Years,235,120,115,170,85,85,4,2,2,9,4,5,52,29,23
HUTCHINSON COUNTY,233,49 Years,235,125,110,171,90,81,5,0,5,8,4,4,51,31,20
HUTCHINSON COUNTY,233,50 Years,222,113,109,164,85,79,5,2,3,10,5,5,43,21,22
HUTCHINSON COUNTY,233,51 Years,234,120,114,177,87,90,9,6,3,6,4,2,42,23,19
HUTCHINSON COUNTY,233,52 Years,274,131,143,206,99,107,4,3,1,11,5,6,53,24,29
HUTCHINSON COUNTY,233,53 Years,280,142,138,210,107,103,6,3,3,11,5,6,53,27,26
HUTCHINSON COUNTY,233,54 Years,300,155,145,239,120,119,6,3,3,10,5,5,45,27,18
HUTCHINSON COUNTY,233,55 Years,318,162,156,254,128,126,5,2,3,15,7,8,44,25,19
HUTCHINSON COUNTY,233,56 Years,312,169,143,243,122,121,11,6,5,12,9,3,46,32,14
HUTCHINSON COUNTY,233,57 Years,318,161,157,256,130,126,9,5,4,9,3,6,44,23,21
HUTCHINSON COUNTY,233,58 Years,331,167,164,268,137,131,8,5,3,8,4,4,47,21,26
HUTCHINSON COUNTY,233,59 Years,353,186,167,284,147,137,9,6,3,8,5,3,52,28,24
HUTCHINSON COUNTY,233,60 Years,319,167,152,261,135,126,13,7,6,9,5,4,36,20,16
HUTCHINSON COUNTY,233,61 Years,327,171,156,272,139,133,14,7,7,11,6,5,30,19,11
HUTCHINSON COUNTY,233,62 Years,312,162,150,256,130,126,10,4,6,13,6,7,33,22,11
HUTCHINSON COUNTY,233,63 Years,307,146,161,252,122,130,8,4,4,14,5,9,33,15,18
HUTCHINSON COUNTY,233,64 Years,281,138,143,235,118,117,7,4,3,9,2,7,30,14,16
HUTCHINSON COUNTY,233,65 Years,294,146,148,248,124,124,5,2,3,9,3,6,32,17,15
HUTCHINSON COUNTY,233,66 Years,255,137,118,215,113,102,4,2,2,8,3,5,28,19,9
HUTCHINSON COUNTY,233,67 Years,228,115,113,194,100,94,7,4,3,4,0,4,23,11,12
HUTCHINSON COUNTY,233,68 Years,240,122,118,202,101,101,7,4,3,5,2,3,26,15,11
HUTCHINSON COUNTY,233,69 Years,201,104,97,176,90,86,5,4,1,3,1,2,17,9,8
HUTCHINSON COUNTY,233,70 Years,177,83,94,152,71,81,4,3,1,3,2,1,18,7,11
HUTCHINSON COUNTY,233,71 Years,176,86,90,151,73,78,4,3,1,5,1,4,16,9,7
HUTCHINSON COUNTY,233,72 Years,177,94,83,149,82,67,1,1,0,9,3,6,18,8,10
HUTCHINSON COUNTY,233,73 Years,155,77,78,135,66,69,2,1,1,5,2,3,13,8,5
HUTCHINSON COUNTY,233,74 Years,149,64,85,130,53,77,8,5,3,1,1,0,10,5,5
HUTCHINSON COUNTY,233,75 Years,131,70,61,114,59,55,3,2,1,3,1,2,11,8,3
HUTCHINSON COUNTY,233,76 Years,138,72,66,114,58,56,3,1,2,10,6,4,11,7,4
HUTCHINSON COUNTY,233,77 Years,124,51,73,108,42,66,3,1,2,6,4,2,7,4,3
HUTCHINSON COUNTY,233,78 Years,105,44,61,94,38,56,2,0,2,5,4,1,4,2,2
HUTCHINSON COUNTY,233,79 Years,114,52,62,102,46,56,1,0,1,6,3,3,5,3,2
HUTCHINSON COUNTY,233,80 Years,108,52,56,92,46,46,3,1,2,6,3,3,7,2,5
HUTCHINSON COUNTY,233,81 Years,95,39,56,84,36,48,1,0,1,4,2,2,6,1,5
HUTCHINSON COUNTY,233,82 Years,93,41,52,81,34,47,1,1,0,3,2,1,8,4,4
HUTCHINSON COUNTY,233,83 Years,98,40,58,83,32,51,2,1,1,4,1,3,9,6,3
HUTCHINSON COUNTY,233,84 Years,90,38,52,78,32,46,2,1,1,3,1,2,7,4,3
HUTCHINSON COUNTY,233,85 Years +,437,179,258,390,158,232,9,4,5,17,7,10,21,10,11
IRION COUNTY,235,All Ages,1671,839,832,1215,607,608,10,6,4,27,15,12,419,211,208
IRION COUNTY,235,< 1 Year,20,12,8,17,9,8,0,0,0,0,0,0,3,3,0
IRION COUNTY,235,1 Years,18,8,10,16,7,9,0,0,0,0,0,0,2,1,1
IRION COUNTY,235,2 Years,20,8,12,16,6,10,0,0,0,0,0,0,4,2,2
IRION COUNTY,235,3 Years,20,8,12,16,7,9,0,0,0,0,0,0,4,1,3
IRION COUNTY,235,4 Years,24,12,12,19,9,10,0,0,0,0,0,0,5,3,2
IRION COUNTY,235,5 Years,20,10,10,16,9,7,0,0,0,0,0,0,4,1,3
IRION COUNTY,235,6 Years,18,9,9,15,7,8,0,0,0,0,0,0,3,2,1
IRION COUNTY,235,7 Years,15,9,6,10,5,5,0,0,0,1,1,0,4,3,1
IRION COUNTY,235,8 Years,15,9,6,9,6,3,0,0,0,1,1,0,5,2,3
IRION COUNTY,235,9 Years,12,7,5,6,3,3,0,0,0,1,0,1,5,4,1
IRION COUNTY,235,10 Years,12,6,6,7,2,5,0,0,0,0,0,0,5,4,1
IRION COUNTY,235,11 Years,12,7,5,7,3,4,0,0,0,1,1,0,4,3,1
IRION COUNTY,235,12 Years,19,8,11,13,5,8,0,0,0,0,0,0,6,3,3
IRION COUNTY,235,13 Years,18,11,7,8,4,4,0,0,0,1,1,0,9,6,3
IRION COUNTY,235,14 Years,23,15,8,17,11,6,0,0,0,1,0,1,5,4,1
IRION COUNTY,235,15 Years,16,8,8,12,6,6,0,0,0,0,0,0,4,2,2
IRION COUNTY,235,16 Years,21,13,8,15,10,5,0,0,0,0,0,0,6,3,3
IRION COUNTY,235,17 Years,22,10,12,14,6,8,0,0,0,1,1,0,7,3,4
IRION COUNTY,235,18 Years,16,7,9,11,5,6,0,0,0,1,0,1,4,2,2
IRION COUNTY,235,19 Years,24,12,12,14,7,7,0,0,0,0,0,0,10,5,5
IRION COUNTY,235,20 Years,27,15,12,17,10,7,1,1,0,0,0,0,9,4,5
IRION COUNTY,235,21 Years,26,12,14,13,6,7,1,0,1,0,0,0,12,6,6
IRION COUNTY,235,22 Years,26,13,13,15,7,8,1,0,1,0,0,0,10,6,4
IRION COUNTY,235,23 Years,28,14,14,17,8,9,1,1,0,0,0,0,10,5,5
IRION COUNTY,235,24 Years,30,15,15,17,9,8,1,1,0,0,0,0,12,5,7
IRION COUNTY,235,25 Years,20,13,7,11,8,3,1,1,0,0,0,0,8,4,4
IRION COUNTY,235,26 Years,10,7,3,6,5,1,0,0,0,0,0,0,4,2,2
IRION COUNTY,235,27 Years,17,10,7,11,7,4,0,0,0,1,0,1,5,3,2
IRION COUNTY,235,28 Years,10,6,4,7,4,3,0,0,0,0,0,0,3,2,1
IRION COUNTY,235,29 Years,14,6,8,9,5,4,0,0,0,0,0,0,5,1,4
IRION COUNTY,235,30 Years,15,8,7,11,7,4,0,0,0,1,0,1,3,1,2
IRION COUNTY,235,31 Years,16,10,6,12,6,6,0,0,0,0,0,0,4,4,0
IRION COUNTY,235,32 Years,17,9,8,12,6,6,0,0,0,0,0,0,5,3,2
IRION COUNTY,235,33 Years,9,5,4,7,5,2,0,0,0,0,0,0,2,0,2
IRION COUNTY,235,34 Years,7,4,3,5,3,2,0,0,0,0,0,0,2,1,1
IRION COUNTY,235,35 Years,12,6,6,8,4,4,0,0,0,1,1,0,3,1,2
IRION COUNTY,235,36 Years,8,3,5,5,2,3,0,0,0,0,0,0,3,1,2
IRION COUNTY,235,37 Years,10,6,4,7,4,3,0,0,0,0,0,0,3,2,1
IRION COUNTY,235,38 Years,18,8,10,13,6,7,0,0,0,0,0,0,5,2,3
IRION COUNTY,235,39 Years,17,7,10,11,5,6,0,0,0,1,0,1,5,2,3
IRION COUNTY,235,40 Years,12,5,7,7,3,4,0,0,0,0,0,0,5,2,3
IRION COUNTY,235,41 Years,16,8,8,11,6,5,0,0,0,1,1,0,4,1,3
IRION COUNTY,235,42 Years,17,8,9,13,7,6,0,0,0,0,0,0,4,1,3
IRION COUNTY,235,43 Years,18,9,9,16,8,8,0,0,0,0,0,0,2,1,1
IRION COUNTY,235,44 Years,22,13,9,18,11,7,0,0,0,1,0,1,3,2,1
IRION COUNTY,235,45 Years,15,8,7,10,5,5,0,0,0,0,0,0,5,3,2
IRION COUNTY,235,46 Years,22,7,15,18,6,12,0,0,0,0,0,0,4,1,3
IRION COUNTY,235,47 Years,24,9,15,20,7,13,0,0,0,0,0,0,4,2,2
IRION COUNTY,235,48 Years,19,9,10,14,6,8,0,0,0,0,0,0,5,3,2
IRION COUNTY,235,49 Years,20,10,10,13,7,6,0,0,0,0,0,0,7,3,4
IRION COUNTY,235,50 Years,16,9,7,9,5,4,0,0,0,0,0,0,7,4,3
IRION COUNTY,235,51 Years,28,14,14,22,12,10,0,0,0,0,0,0,6,2,4
IRION COUNTY,235,52 Years,29,16,13,21,12,9,0,0,0,1,0,1,7,4,3
IRION COUNTY,235,53 Years,31,17,14,23,11,12,1,1,0,1,1,0,6,4,2
IRION COUNTY,235,54 Years,29,11,18,23,7,16,0,0,0,1,1,0,5,3,2
IRION COUNTY,235,55 Years,29,12,17,22,9,13,0,0,0,2,0,2,5,3,2
IRION COUNTY,235,56 Years,30,19,11,25,16,9,0,0,0,0,0,0,5,3,2
IRION COUNTY,235,57 Years,31,18,13,25,15,10,0,0,0,1,1,0,5,2,3
IRION COUNTY,235,58 Years,32,17,15,26,15,11,0,0,0,1,1,0,5,1,4
IRION COUNTY,235,59 Years,34,14,20,24,12,12,0,0,0,1,1,0,9,1,8
IRION COUNTY,235,60 Years,26,14,12,12,8,4,1,0,1,0,0,0,13,6,7
IRION COUNTY,235,61 Years,19,9,10,14,6,8,0,0,0,0,0,0,5,3,2
IRION COUNTY,235,62 Years,21,8,13,17,5,12,0,0,0,0,0,0,4,3,1
IRION COUNTY,235,63 Years,25,10,15,21,8,13,0,0,0,0,0,0,4,2,2
IRION COUNTY,235,64 Years,20,8,12,17,7,10,0,0,0,0,0,0,3,1,2
IRION COUNTY,235,65 Years,14,9,5,12,8,4,0,0,0,0,0,0,2,1,1
IRION COUNTY,235,66 Years,24,12,12,19,8,11,0,0,0,0,0,0,5,4,1
IRION COUNTY,235,67 Years,22,12,10,19,9,10,0,0,0,0,0,0,3,3,0
IRION COUNTY,235,68 Years,28,17,11,22,14,8,0,0,0,0,0,0,6,3,3
IRION COUNTY,235,69 Years,25,13,12,17,8,9,0,0,0,0,0,0,8,5,3
IRION COUNTY,235,70 Years,16,7,9,9,4,5,0,0,0,1,0,1,6,3,3
IRION COUNTY,235,71 Years,15,4,11,13,3,10,0,0,0,0,0,0,2,1,1
IRION COUNTY,235,72 Years,23,11,12,18,9,9,0,0,0,1,0,1,4,2,2
IRION COUNTY,235,73 Years,19,10,9,15,8,7,1,1,0,1,1,0,2,0,2
IRION COUNTY,235,74 Years,22,13,9,19,12,7,0,0,0,0,0,0,3,1,2
IRION COUNTY,235,75 Years,25,14,11,24,14,10,0,0,0,0,0,0,1,0,1
IRION COUNTY,235,76 Years,15,6,9,13,6,7,1,0,1,0,0,0,1,0,1
IRION COUNTY,235,77 Years,15,6,9,13,6,7,0,0,0,0,0,0,2,0,2
IRION COUNTY,235,78 Years,11,6,5,9,5,4,0,0,0,0,0,0,2,1,1
IRION COUNTY,235,79 Years,8,6,2,4,3,1,0,0,0,0,0,0,4,3,1
IRION COUNTY,235,80 Years,12,5,7,8,3,5,0,0,0,0,0,0,4,2,2
IRION COUNTY,235,81 Years,13,5,8,11,5,6,0,0,0,0,0,0,2,0,2
IRION COUNTY,235,82 Years,13,6,7,9,4,5,0,0,0,0,0,0,4,2,2
IRION COUNTY,235,83 Years,11,6,5,9,5,4,0,0,0,0,0,0,2,1,1
IRION COUNTY,235,84 Years,12,7,5,10,6,4,0,0,0,0,0,0,2,1,1
IRION COUNTY,235,85 Years +,41,16,25,29,9,20,0,0,0,2,2,0,10,5,5
JACK COUNTY,237,All Ages,9189,5127,4062,7192,3841,3351,328,292,36,146,72,74,1523,922,601
JACK COUNTY,237,< 1 Year,96,50,46,65,33,32,0,0,0,2,1,1,29,16,13
JACK COUNTY,237,1 Years,97,54,43,66,36,30,0,0,0,3,2,1,28,16,12
JACK COUNTY,237,2 Years,98,51,47,67,34,33,0,0,0,3,2,1,28,15,13
JACK COUNTY,237,3 Years,96,49,47,69,35,34,0,0,0,3,2,1,24,12,12
JACK COUNTY,237,4 Years,96,46,50,69,34,35,0,0,0,2,1,1,25,11,14
JACK COUNTY,237,5 Years,104,55,49,72,38,34,0,0,0,2,1,1,30,16,14
JACK COUNTY,237,6 Years,102,42,60,65,21,44,3,1,2,2,2,0,32,18,14
JACK COUNTY,237,7 Years,92,42,50,59,24,35,2,0,2,1,0,1,30,18,12
JACK COUNTY,237,8 Years,90,50,40,61,33,28,0,0,0,1,0,1,28,17,11
JACK COUNTY,237,9 Years,101,61,40,70,42,28,2,2,0,4,3,1,25,14,11
JACK COUNTY,237,10 Years,105,60,45,74,43,31,1,1,0,5,4,1,25,12,13
JACK COUNTY,237,11 Years,103,59,44,69,44,25,0,0,0,2,1,1,32,14,18
JACK COUNTY,237,12 Years,104,54,50,73,40,33,3,2,1,1,0,1,27,12,15
JACK COUNTY,237,13 Years,108,51,57,80,37,43,2,1,1,1,1,0,25,12,13
JACK COUNTY,237,14 Years,103,49,54,84,39,45,1,1,0,1,0,1,17,9,8
JACK COUNTY,237,15 Years,111,52,59,89,43,46,2,0,2,1,0,1,19,9,10
JACK COUNTY,237,16 Years,134,72,62,101,54,47,3,2,1,0,0,0,30,16,14
JACK COUNTY,237,17 Years,126,62,64,96,47,49,1,0,1,2,1,1,27,14,13
JACK COUNTY,237,18 Years,119,62,57,90,48,42,1,1,0,2,1,1,26,12,14
JACK COUNTY,237,19 Years,132,76,56,90,49,41,12,9,3,3,0,3,27,18,9
JACK COUNTY,237,20 Years,135,80,55,95,52,43,6,5,1,3,1,2,31,22,9
JACK COUNTY,237,21 Years,131,79,52,88,51,37,12,12,0,3,1,2,28,15,13
JACK COUNTY,237,22 Years,146,96,50,101,66,35,11,11,0,2,2,0,32,17,15
JACK COUNTY,237,23 Years,149,96,53,102,62,40,10,10,0,1,1,0,36,23,13
JACK COUNTY,237,24 Years,144,92,52,101,60,41,3,3,0,2,2,0,38,27,11
JACK COUNTY,237,25 Years,148,100,48,95,57,38,12,12,0,1,0,1,40,31,9
JACK COUNTY,237,26 Years,136,93,43,89,56,33,6,6,0,0,0,0,41,31,10
JACK COUNTY,237,27 Years,138,99,39,93,65,28,11,11,0,1,0,1,33,23,10
JACK COUNTY,237,28 Years,140,87,53,93,53,40,6,6,0,4,3,1,37,25,12
JACK COUNTY,237,29 Years,121,83,38,76,46,30,16,16,0,1,0,1,28,21,7
JACK COUNTY,237,30 Years,126,85,41,88,57,31,8,8,0,1,1,0,29,19,10
JACK COUNTY,237,31 Years,114,78,36,83,56,27,8,8,0,1,0,1,22,14,8
JACK COUNTY,237,32 Years,120,89,31,82,56,26,12,12,0,3,3,0,23,18,5
JACK COUNTY,237,33 Years,101,68,33,71,44,27,10,9,1,2,1,1,18,14,4
JACK COUNTY,237,34 Years,101,67,34,68,42,26,7,6,1,0,0,0,26,19,7
JACK COUNTY,237,35 Years,93,52,41,65,35,30,7,6,1,1,0,1,20,11,9
JACK COUNTY,237,36 Years,93,58,35,64,40,24,11,10,1,2,1,1,16,7,9
JACK COUNTY,237,37 Years,95,61,34,76,48,28,5,4,1,0,0,0,14,9,5
JACK COUNTY,237,38 Years,91,54,37,67,40,27,3,3,0,1,0,1,20,11,9
JACK COUNTY,237,39 Years,94,53,41,67,33,34,4,4,0,1,1,0,22,15,7
JACK COUNTY,237,40 Years,88,50,38,70,38,32,3,3,0,1,0,1,14,9,5
JACK COUNTY,237,41 Years,110,58,52,76,35,41,7,7,0,3,1,2,24,15,9
JACK COUNTY,237,42 Years,119,68,51,84,45,39,4,3,1,1,0,1,30,20,10
JACK COUNTY,237,43 Years,121,67,54,82,40,42,10,10,0,1,0,1,28,17,11
JACK COUNTY,237,44 Years,121,74,47,85,45,40,8,8,0,1,1,0,27,20,7
JACK COUNTY,237,45 Years,116,67,49,89,49,40,9,8,1,2,1,1,16,9,7
JACK COUNTY,237,46 Years,134,82,52,106,65,41,5,5,0,3,2,1,20,10,10
JACK COUNTY,237,47 Years,130,80,50,98,57,41,6,6,0,4,2,2,22,15,7
JACK COUNTY,237,48 Years,138,82,56,106,59,47,9,9,0,1,1,0,22,13,9
JACK COUNTY,237,49 Years,121,74,47,96,55,41,4,4,0,0,0,0,21,15,6
JACK COUNTY,237,50 Years,111,64,47,96,52,44,3,2,1,1,1,0,11,9,2
JACK COUNTY,237,51 Years,128,73,55,105,55,50,6,6,0,2,1,1,15,11,4
JACK COUNTY,237,52 Years,141,85,56,113,64,49,9,8,1,1,0,1,18,13,5
JACK COUNTY,237,53 Years,140,83,57,121,69,52,5,5,0,1,0,1,13,9,4
JACK COUNTY,237,54 Years,137,74,63,114,63,51,3,3,0,3,0,3,17,8,9
JACK COUNTY,237,55 Years,141,72,69,122,65,57,2,1,1,3,1,2,14,5,9
JACK COUNTY,237,56 Years,136,71,65,119,61,58,3,2,1,2,2,0,12,6,6
JACK COUNTY,237,57 Years,127,64,63,110,54,56,1,1,0,4,2,2,12,7,5
JACK COUNTY,237,58 Years,124,67,57,111,59,52,1,1,0,1,0,1,11,7,4
JACK COUNTY,237,59 Years,127,67,60,112,58,54,2,0,2,3,2,1,10,7,3
JACK COUNTY,237,60 Years,132,68,64,122,62,60,3,2,1,2,1,1,5,3,2
JACK COUNTY,237,61 Years,117,60,57,107,55,52,1,1,0,3,0,3,6,4,2
JACK COUNTY,237,62 Years,109,55,54,99,48,51,1,0,1,2,1,1,7,6,1
JACK COUNTY,237,63 Years,135,69,66,123,61,62,4,4,0,2,1,1,6,3,3
JACK COUNTY,237,64 Years,112,55,57,101,48,53,4,3,1,3,2,1,4,2,2
JACK COUNTY,237,65 Years,85,42,43,79,39,40,2,1,1,2,1,1,2,1,1
JACK COUNTY,237,66 Years,88,44,44,84,42,42,2,1,1,1,0,1,1,1,0
JACK COUNTY,237,67 Years,105,49,56,101,46,55,1,0,1,1,1,0,2,2,0
JACK COUNTY,237,68 Years,104,52,52,101,49,52,2,2,0,0,0,0,1,1,0
JACK COUNTY,237,69 Years,100,49,51,98,48,50,1,0,1,0,0,0,1,1,0
JACK COUNTY,237,70 Years,90,49,41,85,48,37,0,0,0,2,1,1,3,0,3
JACK COUNTY,237,71 Years,87,45,42,81,41,40,1,1,0,2,1,1,3,2,1
JACK COUNTY,237,72 Years,79,36,43,75,34,41,0,0,0,2,1,1,2,1,1
JACK COUNTY,237,73 Years,71,29,42,66,27,39,0,0,0,1,0,1,4,2,2
JACK COUNTY,237,74 Years,72,39,33,65,35,30,2,1,1,1,0,1,4,3,1
JACK COUNTY,237,75 Years,75,39,36,69,35,34,1,1,0,3,1,2,2,2,0
JACK COUNTY,237,76 Years,67,33,34,63,31,32,0,0,0,2,1,1,2,1,1
JACK COUNTY,237,77 Years,59,31,28,54,28,26,0,0,0,1,1,0,4,2,2
JACK COUNTY,237,78 Years,58,31,27,55,29,26,1,1,0,0,0,0,2,1,1
JACK COUNTY,237,79 Years,42,16,26,40,16,24,0,0,0,0,0,0,2,0,2
JACK COUNTY,237,80 Years,50,23,27,46,20,26,0,0,0,2,2,0,2,1,1
JACK COUNTY,237,81 Years,51,23,28,47,21,26,0,0,0,1,1,0,3,1,2
JACK COUNTY,237,82 Years,39,16,23,38,16,22,0,0,0,1,0,1,0,0,0
JACK COUNTY,237,83 Years,36,17,19,35,16,19,0,0,0,0,0,0,1,1,0
JACK COUNTY,237,84 Years,31,13,18,25,10,15,0,0,0,1,0,1,5,3,2
JACK COUNTY,237,85 Years +,152,55,97,145,55,90,1,0,1,2,0,2,4,0,4
JACKSON COUNTY,239,All Ages,14762,7311,7451,8750,4290,4460,1039,488,551,249,123,126,4724,2410,2314
JACKSON COUNTY,239,< 1 Year,210,102,108,87,42,45,10,7,3,10,4,6,103,49,54
JACKSON COUNTY,239,1 Years,211,103,108,90,47,43,13,6,7,8,3,5,100,47,53
JACKSON COUNTY,239,2 Years,210,99,111,92,45,47,15,6,9,5,2,3,98,46,52
JACKSON COUNTY,239,3 Years,208,100,108,93,44,49,19,8,11,7,4,3,89,44,45
JACKSON COUNTY,239,4 Years,200,93,107,89,37,52,17,8,9,5,3,2,89,45,44
JACKSON COUNTY,239,5 Years,198,94,104,86,39,47,19,8,11,7,5,2,86,42,44
JACKSON COUNTY,239,6 Years,219,120,99,98,56,42,21,6,15,6,2,4,94,56,38
JACKSON COUNTY,239,7 Years,210,102,108,94,50,44,17,7,10,6,4,2,93,41,52
JACKSON COUNTY,239,8 Years,210,99,111,86,43,43,20,15,5,8,4,4,96,37,59
JACKSON COUNTY,239,9 Years,202,91,111,83,40,43,17,11,6,4,2,2,98,38,60
JACKSON COUNTY,239,10 Years,213,98,115,96,43,53,15,8,7,5,1,4,97,46,51
JACKSON COUNTY,239,11 Years,200,96,104,91,45,46,15,7,8,4,1,3,90,43,47
JACKSON COUNTY,239,12 Years,202,103,99,94,45,49,15,7,8,5,2,3,88,49,39
JACKSON COUNTY,239,13 Years,197,95,102,90,43,47,18,10,8,3,1,2,86,41,45
JACKSON COUNTY,239,14 Years,184,93,91,97,47,50,18,10,8,1,1,0,68,35,33
JACKSON COUNTY,239,15 Years,202,112,90,98,54,44,13,8,5,1,1,0,90,49,41
JACKSON COUNTY,239,16 Years,216,120,96,101,55,46,13,6,7,4,2,2,98,57,41
JACKSON COUNTY,239,17 Years,179,95,84,98,51,47,9,3,6,2,1,1,70,40,30
JACKSON COUNTY,239,18 Years,192,111,81,105,59,46,15,8,7,2,2,0,70,42,28
JACKSON COUNTY,239,19 Years,203,110,93,102,57,45,16,9,7,2,1,1,83,43,40
JACKSON COUNTY,239,20 Years,181,91,90,90,48,42,13,6,7,2,1,1,76,36,40
JACKSON COUNTY,239,21 Years,170,90,80,88,51,37,14,6,8,6,1,5,62,32,30
JACKSON COUNTY,239,22 Years,166,86,80,85,43,42,19,11,8,4,2,2,58,30,28
JACKSON COUNTY,239,23 Years,198,111,87,104,62,42,21,11,10,3,3,0,70,35,35
JACKSON COUNTY,239,24 Years,214,110,104,118,56,62,17,9,8,4,3,1,75,42,33
JACKSON COUNTY,239,25 Years,203,92,111,114,46,68,15,7,8,7,5,2,67,34,33
JACKSON COUNTY,239,26 Years,167,77,90,86,34,52,12,8,4,4,2,2,65,33,32
JACKSON COUNTY,239,27 Years,155,90,65,89,52,37,10,7,3,3,2,1,53,29,24
JACKSON COUNTY,239,28 Years,154,81,73,84,48,36,11,4,7,4,3,1,55,26,29
JACKSON COUNTY,239,29 Years,151,79,72,87,51,36,9,1,8,1,1,0,54,26,28
JACKSON COUNTY,239,30 Years,167,90,77,90,46,44,9,5,4,2,1,1,66,38,28
JACKSON COUNTY,239,31 Years,156,86,70,82,45,37,7,4,3,2,2,0,65,35,30
JACKSON COUNTY,239,32 Years,157,82,75,93,48,45,10,6,4,2,2,0,52,26,26
JACKSON COUNTY,239,33 Years,181,94,87,103,54,49,12,5,7,2,0,2,64,35,29
JACKSON COUNTY,239,34 Years,169,88,81,97,54,43,12,2,10,3,0,3,57,32,25
JACKSON COUNTY,239,35 Years,171,85,86,94,49,45,11,4,7,1,0,1,65,32,33
JACKSON COUNTY,239,36 Years,166,84,82,91,45,46,9,6,3,0,0,0,66,33,33
JACKSON COUNTY,239,37 Years,172,90,82,101,53,48,14,7,7,0,0,0,57,30,27
JACKSON COUNTY,239,38 Years,162,77,85,98,45,53,12,4,8,2,0,2,50,28,22
JACKSON COUNTY,239,39 Years,143,73,70,81,40,41,9,3,6,1,0,1,52,30,22
JACKSON COUNTY,239,40 Years,132,63,69,81,41,40,6,3,3,0,0,0,45,19,26
JACKSON COUNTY,239,41 Years,150,83,67,88,47,41,7,4,3,1,0,1,54,32,22
JACKSON COUNTY,239,42 Years,146,67,79,79,37,42,8,3,5,1,0,1,58,27,31
JACKSON COUNTY,239,43 Years,163,76,87,95,41,54,9,5,4,2,1,1,57,29,28
JACKSON COUNTY,239,44 Years,170,79,91,109,47,62,7,4,3,3,3,0,51,25,26
JACKSON COUNTY,239,45 Years,156,77,79,101,49,52,11,7,4,1,0,1,43,21,22
JACKSON COUNTY,239,46 Years,146,75,71,90,47,43,9,3,6,3,2,1,44,23,21
JACKSON COUNTY,239,47 Years,152,79,73,95,49,46,8,3,5,1,0,1,48,27,21
JACKSON COUNTY,239,48 Years,160,84,76,100,50,50,11,5,6,3,2,1,46,27,19
JACKSON COUNTY,239,49 Years,145,75,70,96,49,47,10,6,4,1,0,1,38,20,18
JACKSON COUNTY,239,50 Years,177,90,87,113,61,52,9,4,5,3,2,1,52,23,29
JACKSON COUNTY,239,51 Years,201,98,103,120,60,60,11,3,8,3,3,0,67,32,35
JACKSON COUNTY,239,52 Years,204,92,112,125,56,69,19,9,10,4,1,3,56,26,30
JACKSON COUNTY,239,53 Years,202,104,98,129,64,65,16,8,8,3,2,1,54,30,24
JACKSON COUNTY,239,54 Years,204,97,107,135,64,71,9,3,6,2,2,0,58,28,30
JACKSON COUNTY,239,55 Years,222,114,108,148,77,71,12,5,7,5,3,2,57,29,28
JACKSON COUNTY,239,56 Years,198,106,92,135,73,62,12,6,6,3,1,2,48,26,22
JACKSON COUNTY,239,57 Years,206,102,104,147,74,73,16,4,12,1,0,1,42,24,18
JACKSON COUNTY,239,58 Years,226,106,120,157,72,85,14,4,10,3,1,2,52,29,23
JACKSON COUNTY,239,59 Years,201,102,99,131,64,67,12,6,6,4,2,2,54,30,24
JACKSON COUNTY,239,60 Years,212,97,115,147,64,83,12,7,5,2,1,1,51,25,26
JACKSON COUNTY,239,61 Years,220,106,114,154,67,87,17,10,7,1,1,0,48,28,20
JACKSON COUNTY,239,62 Years,209,97,112,144,61,83,16,7,9,4,1,3,45,28,17
JACKSON COUNTY,239,63 Years,204,104,100,142,74,68,15,6,9,3,2,1,44,22,22
JACKSON COUNTY,239,64 Years,192,106,86,133,73,60,17,10,7,3,2,1,39,21,18
JACKSON COUNTY,239,65 Years,196,104,92,132,67,65,19,9,10,5,4,1,40,24,16
JACKSON COUNTY,239,66 Years,172,88,84,119,63,56,16,6,10,3,1,2,34,18,16
JACKSON COUNTY,239,67 Years,141,66,75,94,45,49,16,8,8,4,2,2,27,11,16
JACKSON COUNTY,239,68 Years,144,74,70,108,54,54,8,4,4,3,0,3,25,16,9
JACKSON COUNTY,239,69 Years,146,72,74,112,49,63,10,6,4,3,2,1,21,15,6
JACKSON COUNTY,239,70 Years,147,75,72,108,53,55,9,5,4,1,1,0,29,16,13
JACKSON COUNTY,239,71 Years,128,67,61,95,48,47,8,5,3,2,2,0,23,12,11
JACKSON COUNTY,239,72 Years,134,67,67,97,46,51,10,6,4,0,0,0,27,15,12
JACKSON COUNTY,239,73 Years,139,58,81,106,45,61,7,3,4,1,1,0,25,9,16
JACKSON COUNTY,239,74 Years,126,56,70,105,47,58,4,2,2,2,1,1,15,6,9
JACKSON COUNTY,239,75 Years,121,56,65,98,46,52,5,2,3,2,0,2,16,8,8
JACKSON COUNTY,239,76 Years,108,50,58,84,39,45,8,4,4,0,0,0,16,7,9
JACKSON COUNTY,239,77 Years,98,49,49,73,38,35,6,2,4,2,0,2,17,9,8
JACKSON COUNTY,239,78 Years,94,47,47,72,35,37,3,1,2,1,0,1,18,11,7
JACKSON COUNTY,239,79 Years,83,30,53,65,23,42,2,0,2,1,0,1,15,7,8
JACKSON COUNTY,239,80 Years,87,36,51,66,26,40,3,1,2,0,0,0,18,9,9
JACKSON COUNTY,239,81 Years,72,36,36,51,26,25,5,3,2,2,1,1,14,6,8
JACKSON COUNTY,239,82 Years,74,29,45,51,21,30,7,3,4,3,2,1,13,3,10
JACKSON COUNTY,239,83 Years,77,27,50,58,22,36,8,2,6,1,0,1,10,3,7
JACKSON COUNTY,239,84 Years,67,23,44,52,19,33,4,0,4,2,0,2,9,4,5
JACKSON COUNTY,239,85 Years +,341,130,211,265,105,160,27,7,20,3,0,3,46,18,28
JASPER COUNTY,241,All Ages,35572,17590,17982,26230,12874,13356,5902,2869,3033,1074,504,570,2366,1343,1023
JASPER COUNTY,241,< 1 Year,431,213,218,281,143,138,72,37,35,32,8,24,46,25,21
JASPER COUNTY,241,1 Years,425,215,210,274,141,133,75,37,38,32,14,18,44,23,21
JASPER COUNTY,241,2 Years,437,222,215,282,143,139,74,34,40,36,22,14,45,23,22
JASPER COUNTY,241,3 Years,426,222,204,270,141,129,78,38,40,35,20,15,43,23,20
JASPER COUNTY,241,4 Years,450,233,217,296,148,148,83,42,41,26,16,10,45,27,18
JASPER COUNTY,241,5 Years,470,240,230,302,151,151,87,44,43,38,20,18,43,25,18
JASPER COUNTY,241,6 Years,509,235,274,336,158,178,92,38,54,34,13,21,47,26,21
JASPER COUNTY,241,7 Years,477,232,245,304,146,158,91,47,44,36,15,21,46,24,22
JASPER COUNTY,241,8 Years,483,229,254,318,150,168,89,43,46,34,14,20,42,22,20
JASPER COUNTY,241,9 Years,500,251,249,328,168,160,90,45,45,33,12,21,49,26,23
JASPER COUNTY,241,10 Years,480,245,235,316,168,148,82,40,42,30,12,18,52,25,27
JASPER COUNTY,241,11 Years,505,265,240,324,172,152,92,49,43,32,14,18,57,30,27
JASPER COUNTY,241,12 Years,528,278,250,333,180,153,107,54,53,30,12,18,58,32,26
JASPER COUNTY,241,13 Years,485,250,235,320,169,151,87,43,44,25,10,15,53,28,25
JASPER COUNTY,241,14 Years,475,258,217,315,168,147,89,51,38,22,12,10,49,27,22
JASPER COUNTY,241,15 Years,490,252,238,315,167,148,98,53,45,21,10,11,56,22,34
JASPER COUNTY,241,16 Years,483,241,242,329,168,161,80,46,34,22,8,14,52,19,33
JASPER COUNTY,241,17 Years,455,222,233,312,152,160,92,51,41,14,4,10,37,15,22
JASPER COUNTY,241,18 Years,421,225,196,292,157,135,80,40,40,15,7,8,34,21,13
JASPER COUNTY,241,19 Years,433,236,197,279,151,128,89,49,40,15,5,10,50,31,19
JASPER COUNTY,241,20 Years,417,207,210,258,127,131,95,51,44,18,6,12,46,23,23
JASPER COUNTY,241,21 Years,435,228,207,275,139,136,104,58,46,21,12,9,35,19,16
JASPER COUNTY,241,22 Years,427,230,197,261,138,123,109,59,50,17,8,9,40,25,15
JASPER COUNTY,241,23 Years,457,246,211,304,161,143,98,57,41,14,5,9,41,23,18
JASPER COUNTY,241,24 Years,456,237,219,292,149,143,113,56,57,14,7,7,37,25,12
JASPER COUNTY,241,25 Years,417,217,200,258,121,137,106,62,44,10,4,6,43,30,13
JASPER COUNTY,241,26 Years,392,198,194,270,128,142,82,47,35,7,3,4,33,20,13
JASPER COUNTY,241,27 Years,382,218,164,259,131,128,76,51,25,6,4,2,41,32,9
JASPER COUNTY,241,28 Years,368,191,177,257,128,129,70,35,35,8,7,1,33,21,12
JASPER COUNTY,241,29 Years,342,165,177,248,121,127,59,24,35,4,1,3,31,19,12
JASPER COUNTY,241,30 Years,330,156,174,225,101,124,57,24,33,8,5,3,40,26,14
JASPER COUNTY,241,31 Years,363,174,189,257,123,134,62,24,38,5,2,3,39,25,14
JASPER COUNTY,241,32 Years,365,186,179,252,127,125,68,30,38,6,4,2,39,25,14
JASPER COUNTY,241,33 Years,374,193,181,261,130,131,63,31,32,12,6,6,38,26,12
JASPER COUNTY,241,34 Years,371,191,180,262,137,125,63,29,34,8,4,4,38,21,17
JASPER COUNTY,241,35 Years,393,183,210,279,135,144,71,29,42,6,1,5,37,18,19
JASPER COUNTY,241,36 Years,401,200,201,287,139,148,71,38,33,10,6,4,33,17,16
JASPER COUNTY,241,37 Years,366,192,174,267,138,129,61,37,24,5,2,3,33,15,18
JASPER COUNTY,241,38 Years,351,171,180,242,115,127,71,36,35,4,1,3,34,19,15
JASPER COUNTY,241,39 Years,365,187,178,242,125,117,79,37,42,11,4,7,33,21,12
JASPER COUNTY,241,40 Years,389,218,171,268,153,115,72,34,38,10,3,7,39,28,11
JASPER COUNTY,241,41 Years,363,183,180,257,123,134,61,35,26,11,5,6,34,20,14
JASPER COUNTY,241,42 Years,357,190,167,263,137,126,51,29,22,9,5,4,34,19,15
JASPER COUNTY,241,43 Years,350,182,168,256,131,125,57,29,28,6,4,2,31,18,13
JASPER COUNTY,241,44 Years,394,187,207,301,144,157,56,24,32,8,3,5,29,16,13
JASPER COUNTY,241,45 Years,431,229,202,325,167,158,57,30,27,18,9,9,31,23,8
JASPER COUNTY,241,46 Years,411,198,213,313,146,167,61,27,34,14,10,4,23,15,8
JASPER COUNTY,241,47 Years,429,214,215,339,163,176,59,29,30,10,7,3,21,15,6
JASPER COUNTY,241,48 Years,442,235,207,340,180,160,71,35,36,10,7,3,21,13,8
JASPER COUNTY,241,49 Years,427,206,221,319,153,166,69,31,38,12,7,5,27,15,12
JASPER COUNTY,241,50 Years,426,201,225,327,154,173,68,29,39,9,5,4,22,13,9
JASPER COUNTY,241,51 Years,477,226,251,373,169,204,77,40,37,9,4,5,18,13,5
JASPER COUNTY,241,52 Years,479,227,252,377,174,203,74,38,36,8,3,5,20,12,8
JASPER COUNTY,241,53 Years,505,233,272,397,182,215,81,37,44,8,2,6,19,12,7
JASPER COUNTY,241,54 Years,540,273,267,417,210,207,89,40,49,8,4,4,26,19,7
JASPER COUNTY,241,55 Years,543,272,271,420,216,204,98,40,58,5,3,2,20,13,7
JASPER COUNTY,241,56 Years,529,253,276,413,203,210,94,38,56,6,3,3,16,9,7
JASPER COUNTY,241,57 Years,505,261,244,389,200,189,96,48,48,5,4,1,15,9,6
JASPER COUNTY,241,58 Years,542,253,289,439,206,233,81,34,47,7,4,3,15,9,6
JASPER COUNTY,241,59 Years,562,277,285,439,221,218,99,44,55,11,6,5,13,6,7
JASPER COUNTY,241,60 Years,509,256,253,388,198,190,94,44,50,10,7,3,17,7,10
JASPER COUNTY,241,61 Years,511,249,262,405,202,203,80,33,47,6,4,2,20,10,10
JASPER COUNTY,241,62 Years,528,258,270,429,210,219,80,37,43,5,3,2,14,8,6
JASPER COUNTY,241,63 Years,479,230,249,402,192,210,61,30,31,6,3,3,10,5,5
JASPER COUNTY,241,64 Years,443,218,225,371,183,188,56,27,29,6,3,3,10,5,5
JASPER COUNTY,241,65 Years,464,218,246,392,186,206,53,23,30,8,4,4,11,5,6
JASPER COUNTY,241,66 Years,483,230,253,406,194,212,60,29,31,7,2,5,10,5,5
JASPER COUNTY,241,67 Years,461,211,250,384,170,214,61,31,30,7,4,3,9,6,3
JASPER COUNTY,241,68 Years,454,211,243,383,176,207,54,27,27,9,5,4,8,3,5
JASPER COUNTY,241,69 Years,437,219,218,371,192,179,48,18,30,12,7,5,6,2,4
JASPER COUNTY,241,70 Years,364,179,185,312,158,154,40,15,25,6,3,3,6,3,3
JASPER COUNTY,241,71 Years,366,172,194,317,153,164,38,14,24,3,2,1,8,3,5
JASPER COUNTY,241,72 Years,360,163,197,311,143,168,34,15,19,7,3,4,8,2,6
JASPER COUNTY,241,73 Years,359,179,180,306,151,155,38,20,18,9,4,5,6,4,2
JASPER COUNTY,241,74 Years,305,140,165,268,123,145,31,14,17,4,2,2,2,1,1
JASPER COUNTY,241,75 Years,267,123,144,230,105,125,28,12,16,2,0,2,7,6,1
JASPER COUNTY,241,76 Years,283,127,156,245,112,133,33,12,21,2,1,1,3,2,1
JASPER COUNTY,241,77 Years,271,111,160,232,97,135,33,12,21,3,1,2,3,1,2
JASPER COUNTY,241,78 Years,228,96,132,196,84,112,26,9,17,2,1,1,4,2,2
JASPER COUNTY,241,79 Years,205,93,112,176,78,98,20,7,13,2,2,0,7,6,1
JASPER COUNTY,241,80 Years,207,95,112,184,84,100,18,7,11,1,1,0,4,3,1
JASPER COUNTY,241,81 Years,204,87,117,180,78,102,18,6,12,3,1,2,3,2,1
JASPER COUNTY,241,82 Years,183,84,99,156,76,80,25,8,17,1,0,1,1,0,1
JASPER COUNTY,241,83 Years,157,73,84,139,68,71,15,5,10,1,0,1,2,0,2
JASPER COUNTY,241,84 Years,130,58,72,114,52,62,11,5,6,1,0,1,4,1,3
JASPER COUNTY,241,85 Years +,678,258,420,579,223,356,71,22,49,11,3,8,17,10,7
JEFF DAVIS COUNTY,243,All Ages,2296,1146,1150,1361,668,693,11,8,3,56,32,24,868,438,430
JEFF DAVIS COUNTY,243,< 1 Year,24,11,13,2,2,0,0,0,0,5,2,3,17,7,10
JEFF DAVIS COUNTY,243,1 Years,22,11,11,2,0,2,0,0,0,3,2,1,17,9,8
JEFF DAVIS COUNTY,243,2 Years,22,7,15,3,0,3,0,0,0,0,0,0,19,7,12
JEFF DAVIS COUNTY,243,3 Years,21,9,12,3,0,3,0,0,0,0,0,0,18,9,9
JEFF DAVIS COUNTY,243,4 Years,27,14,13,3,0,3,0,0,0,0,0,0,24,14,10
JEFF DAVIS COUNTY,243,5 Years,31,16,15,3,0,3,0,0,0,0,0,0,28,16,12
JEFF DAVIS COUNTY,243,6 Years,24,14,10,2,2,0,1,1,0,2,2,0,19,9,10
JEFF DAVIS COUNTY,243,7 Years,18,7,11,5,1,4,0,0,0,0,0,0,13,6,7
JEFF DAVIS COUNTY,243,8 Years,16,7,9,4,1,3,0,0,0,0,0,0,12,6,6
JEFF DAVIS COUNTY,243,9 Years,18,7,11,8,5,3,0,0,0,0,0,0,10,2,8
JEFF DAVIS COUNTY,243,10 Years,17,9,8,8,5,3,0,0,0,0,0,0,9,4,5
JEFF DAVIS COUNTY,243,11 Years,17,11,6,7,6,1,0,0,0,0,0,0,10,5,5
JEFF DAVIS COUNTY,243,12 Years,20,10,10,12,6,6,0,0,0,1,0,1,7,4,3
JEFF DAVIS COUNTY,243,13 Years,20,10,10,7,2,5,0,0,0,1,0,1,12,8,4
JEFF DAVIS COUNTY,243,14 Years,23,12,11,8,5,3,0,0,0,0,0,0,15,7,8
JEFF DAVIS COUNTY,243,15 Years,20,11,9,10,7,3,0,0,0,1,0,1,9,4,5
JEFF DAVIS COUNTY,243,16 Years,21,11,10,13,6,7,0,0,0,0,0,0,8,5,3
JEFF DAVIS COUNTY,243,17 Years,23,9,14,12,4,8,0,0,0,1,1,0,10,4,6
JEFF DAVIS COUNTY,243,18 Years,20,10,10,10,6,4,0,0,0,0,0,0,10,4,6
JEFF DAVIS COUNTY,243,19 Years,19,9,10,7,3,4,0,0,0,0,0,0,12,6,6
JEFF DAVIS COUNTY,243,20 Years,24,12,12,15,7,8,0,0,0,0,0,0,9,5,4
JEFF DAVIS COUNTY,243,21 Years,26,13,13,12,7,5,2,0,2,0,0,0,12,6,6
JEFF DAVIS COUNTY,243,22 Years,37,21,16,19,12,7,1,1,0,2,0,2,15,8,7
JEFF DAVIS COUNTY,243,23 Years,55,32,23,34,20,14,1,1,0,4,2,2,16,9,7
JEFF DAVIS COUNTY,243,24 Years,37,23,14,24,16,8,1,1,0,2,1,1,10,5,5
JEFF DAVIS COUNTY,243,25 Years,14,8,6,6,4,2,0,0,0,0,0,0,8,4,4
JEFF DAVIS COUNTY,243,26 Years,13,9,4,6,5,1,0,0,0,0,0,0,7,4,3
JEFF DAVIS COUNTY,243,27 Years,14,8,6,8,4,4,0,0,0,0,0,0,6,4,2
JEFF DAVIS COUNTY,243,28 Years,16,10,6,6,4,2,0,0,0,0,0,0,10,6,4
JEFF DAVIS COUNTY,243,29 Years,12,6,6,4,3,1,0,0,0,0,0,0,8,3,5
JEFF DAVIS COUNTY,243,30 Years,11,7,4,2,2,0,1,0,1,0,0,0,8,5,3
JEFF DAVIS COUNTY,243,31 Years,11,7,4,3,2,1,0,0,0,1,1,0,7,4,3
JEFF DAVIS COUNTY,243,32 Years,12,5,7,4,1,3,0,0,0,0,0,0,8,4,4
JEFF DAVIS COUNTY,243,33 Years,16,8,8,7,4,3,0,0,0,1,1,0,8,3,5
JEFF DAVIS COUNTY,243,34 Years,15,6,9,5,2,3,0,0,0,1,1,0,9,3,6
JEFF DAVIS COUNTY,243,35 Years,16,7,9,5,2,3,0,0,0,0,0,0,11,5,6
JEFF DAVIS COUNTY,243,36 Years,14,8,6,5,3,2,0,0,0,0,0,0,9,5,4
JEFF DAVIS COUNTY,243,37 Years,14,9,5,5,3,2,1,1,0,0,0,0,8,5,3
JEFF DAVIS COUNTY,243,38 Years,15,9,6,6,3,3,1,1,0,1,0,1,7,5,2
JEFF DAVIS COUNTY,243,39 Years,14,8,6,9,5,4,0,0,0,0,0,0,5,3,2
JEFF DAVIS COUNTY,243,40 Years,16,8,8,11,5,6,0,0,0,0,0,0,5,3,2
JEFF DAVIS COUNTY,243,41 Years,12,3,9,6,2,4,0,0,0,0,0,0,6,1,5
JEFF DAVIS COUNTY,243,42 Years,13,5,8,9,4,5,0,0,0,0,0,0,4,1,3
JEFF DAVIS COUNTY,243,43 Years,20,7,13,13,5,8,0,0,0,0,0,0,7,2,5
JEFF DAVIS COUNTY,243,44 Years,20,8,12,10,4,6,0,0,0,0,0,0,10,4,6
JEFF DAVIS COUNTY,243,45 Years,13,7,6,6,2,4,0,0,0,0,0,0,7,5,2
JEFF DAVIS COUNTY,243,46 Years,25,14,11,11,4,7,0,0,0,1,1,0,13,9,4
JEFF DAVIS COUNTY,243,47 Years,21,8,13,10,3,7,0,0,0,2,1,1,9,4,5
JEFF DAVIS COUNTY,243,48 Years,20,11,9,10,5,5,0,0,0,1,1,0,9,5,4
JEFF DAVIS COUNTY,243,49 Years,18,9,9,10,6,4,0,0,0,0,0,0,8,3,5
JEFF DAVIS COUNTY,243,50 Years,24,10,14,18,7,11,0,0,0,0,0,0,6,3,3
JEFF DAVIS COUNTY,243,51 Years,30,15,15,18,9,9,1,1,0,1,1,0,10,4,6
JEFF DAVIS COUNTY,243,52 Years,35,17,18,23,11,12,0,0,0,1,1,0,11,5,6
JEFF DAVIS COUNTY,243,53 Years,35,17,18,22,11,11,0,0,0,2,0,2,11,6,5
JEFF DAVIS COUNTY,243,54 Years,29,13,16,19,9,10,0,0,0,1,0,1,9,4,5
JEFF DAVIS COUNTY,243,55 Years,37,18,19,21,9,12,0,0,0,1,0,1,15,9,6
JEFF DAVIS COUNTY,243,56 Years,36,19,17,22,12,10,0,0,0,2,1,1,12,6,6
JEFF DAVIS COUNTY,243,57 Years,33,18,15,23,11,12,0,0,0,1,1,0,9,6,3
JEFF DAVIS COUNTY,243,58 Years,39,18,21,27,14,13,0,0,0,1,0,1,11,4,7
JEFF DAVIS COUNTY,243,59 Years,43,23,20,30,14,16,0,0,0,1,1,0,12,8,4
JEFF DAVIS COUNTY,243,60 Years,43,19,24,32,14,18,0,0,0,0,0,0,11,5,6
JEFF DAVIS COUNTY,243,61 Years,51,24,27,42,19,23,1,1,0,1,1,0,7,3,4
JEFF DAVIS COUNTY,243,62 Years,47,22,25,39,18,21,0,0,0,1,1,0,7,3,4
JEFF DAVIS COUNTY,243,63 Years,49,21,28,37,16,21,0,0,0,1,0,1,11,5,6
JEFF DAVIS COUNTY,243,64 Years,54,24,30,43,18,25,0,0,0,2,1,1,9,5,4
JEFF DAVIS COUNTY,243,65 Years,49,25,24,38,20,18,0,0,0,0,0,0,11,5,6
JEFF DAVIS COUNTY,243,66 Years,42,20,22,35,16,19,0,0,0,0,0,0,7,4,3
JEFF DAVIS COUNTY,243,67 Years,52,28,24,43,23,20,0,0,0,1,1,0,8,4,4
JEFF DAVIS COUNTY,243,68 Years,54,30,24,40,21,19,0,0,0,0,0,0,14,9,5
JEFF DAVIS COUNTY,243,69 Years,48,26,22,36,19,17,0,0,0,1,1,0,11,6,5
JEFF DAVIS COUNTY,243,70 Years,38,20,18,29,16,13,0,0,0,0,0,0,9,4,5
JEFF DAVIS COUNTY,243,71 Years,46,23,23,38,19,19,0,0,0,1,0,1,7,4,3
JEFF DAVIS COUNTY,243,72 Years,50,26,24,40,18,22,0,0,0,2,2,0,8,6,2
JEFF DAVIS COUNTY,243,73 Years,37,24,13,26,15,11,0,0,0,1,1,0,10,8,2
JEFF DAVIS COUNTY,243,74 Years,31,13,18,26,9,17,0,0,0,1,0,1,4,4,0
JEFF DAVIS COUNTY,243,75 Years,33,18,15,23,11,12,0,0,0,2,2,0,8,5,3
JEFF DAVIS COUNTY,243,76 Years,33,17,16,24,13,11,0,0,0,1,1,0,8,3,5
JEFF DAVIS COUNTY,243,77 Years,23,13,10,13,7,6,0,0,0,0,0,0,10,6,4
JEFF DAVIS COUNTY,243,78 Years,23,13,10,13,8,5,0,0,0,0,0,0,10,5,5
JEFF DAVIS COUNTY,243,79 Years,22,12,10,14,8,6,0,0,0,0,0,0,8,4,4
JEFF DAVIS COUNTY,243,80 Years,18,6,12,13,4,9,0,0,0,0,0,0,5,2,3
JEFF DAVIS COUNTY,243,81 Years,17,8,9,11,5,6,0,0,0,0,0,0,6,3,3
JEFF DAVIS COUNTY,243,82 Years,15,8,7,10,6,4,0,0,0,0,0,0,5,2,3
JEFF DAVIS COUNTY,243,83 Years,12,6,6,10,6,4,0,0,0,0,0,0,2,0,2
JEFF DAVIS COUNTY,243,84 Years,15,5,10,11,5,6,0,0,0,0,0,0,4,0,4
JEFF DAVIS COUNTY,243,85 Years +,66,26,40,42,17,25,0,0,0,0,0,0,24,9,15
JEFFERSON COUNTY,245,All Ages,248797,128328,120469,98562,49964,48598,83001,41145,41856,14875,7804,7071,52359,29415,22944
JEFFERSON COUNTY,245,< 1 Year,3447,1779,1668,975,490,485,1208,627,581,269,151,118,995,511,484
JEFFERSON COUNTY,245,1 Years,3467,1790,1677,965,495,470,1229,634,595,273,151,122,1000,510,490
JEFFERSON COUNTY,245,2 Years,3462,1772,1690,938,474,464,1233,636,597,285,146,139,1006,516,490
JEFFERSON COUNTY,245,3 Years,3370,1724,1646,928,475,453,1183,600,583,280,145,135,979,504,475
JEFFERSON COUNTY,245,4 Years,3319,1678,1641,919,465,454,1148,569,579,281,142,139,971,502,469
JEFFERSON COUNTY,245,5 Years,3383,1727,1656,945,484,461,1152,570,582,307,163,144,979,510,469
JEFFERSON COUNTY,245,6 Years,3341,1744,1597,935,515,420,1161,580,581,271,137,134,974,512,462
JEFFERSON COUNTY,245,7 Years,3319,1706,1613,913,489,424,1187,596,591,246,125,121,973,496,477
JEFFERSON COUNTY,245,8 Years,3336,1664,1672,879,447,432,1192,577,615,256,127,129,1009,513,496
JEFFERSON COUNTY,245,9 Years,3381,1733,1648,939,486,453,1194,611,583,244,120,124,1004,516,488
JEFFERSON COUNTY,245,10 Years,3251,1651,1600,893,457,436,1186,581,605,238,115,123,934,498,436
JEFFERSON COUNTY,245,11 Years,3228,1664,1564,855,452,403,1186,569,617,243,122,121,944,521,423
JEFFERSON COUNTY,245,12 Years,3139,1607,1532,858,455,403,1151,547,604,228,118,110,902,487,415
JEFFERSON COUNTY,245,13 Years,3172,1620,1552,872,439,433,1169,595,574,209,105,104,922,481,441
JEFFERSON COUNTY,245,14 Years,3076,1586,1490,830,413,417,1135,598,537,212,108,104,899,467,432
JEFFERSON COUNTY,245,15 Years,3206,1674,1532,886,441,445,1199,639,560,212,105,107,909,489,420
JEFFERSON COUNTY,245,16 Years,3303,1655,1648,943,453,490,1232,622,610,231,114,117,897,466,431
JEFFERSON COUNTY,245,17 Years,3329,1648,1681,1077,526,551,1193,600,593,210,103,107,849,419,430
JEFFERSON COUNTY,245,18 Years,3400,1699,1701,1078,542,536,1221,589,632,225,111,114,876,457,419
JEFFERSON COUNTY,245,19 Years,3679,1886,1793,1164,587,577,1398,688,710,239,125,114,878,486,392
JEFFERSON COUNTY,245,20 Years,3724,1979,1745,1123,590,533,1471,740,731,214,115,99,916,534,382
JEFFERSON COUNTY,245,21 Years,3799,2065,1734,1173,609,564,1518,826,692,199,106,93,909,524,385
JEFFERSON COUNTY,245,22 Years,3966,2151,1815,1229,638,591,1549,817,732,263,149,114,925,547,378
JEFFERSON COUNTY,245,23 Years,4043,2229,1814,1296,686,610,1504,808,696,272,144,128,971,591,380
JEFFERSON COUNTY,245,24 Years,4076,2219,1857,1305,691,614,1462,775,687,294,154,140,1015,599,416
JEFFERSON COUNTY,245,25 Years,4137,2240,1897,1376,701,675,1359,720,639,337,175,162,1065,644,421
JEFFERSON COUNTY,245,26 Years,3961,2142,1819,1390,721,669,1240,646,594,298,162,136,1033,613,420
JEFFERSON COUNTY,245,27 Years,3780,2057,1723,1358,715,643,1096,545,551,274,161,113,1052,636,416
JEFFERSON COUNTY,245,28 Years,3717,2085,1632,1326,726,600,1078,562,516,243,129,114,1070,668,402
JEFFERSON COUNTY,245,29 Years,3654,2019,1635,1339,761,578,1007,495,512,258,140,118,1050,623,427
JEFFERSON COUNTY,245,30 Years,3614,2018,1596,1285,695,590,989,519,470,233,129,104,1107,675,432
JEFFERSON COUNTY,245,31 Years,3563,2018,1545,1319,738,581,969,522,447,244,146,98,1031,612,419
JEFFERSON COUNTY,245,32 Years,3447,1923,1524,1241,672,569,998,537,461,216,125,91,992,589,403
JEFFERSON COUNTY,245,33 Years,3442,1895,1547,1257,668,589,1004,534,470,193,110,83,988,583,405
JEFFERSON COUNTY,245,34 Years,3252,1793,1459,1171,650,521,991,529,462,175,94,81,915,520,395
JEFFERSON COUNTY,245,35 Years,3340,1846,1494,1192,667,525,1053,547,506,189,98,91,906,534,372
JEFFERSON COUNTY,245,36 Years,3360,1828,1532,1194,641,553,1103,576,527,208,109,99,855,502,353
JEFFERSON COUNTY,245,37 Years,3146,1724,1422,1093,595,498,1051,541,510,189,108,81,813,480,333
JEFFERSON COUNTY,245,38 Years,3087,1684,1403,1077,593,484,1055,544,511,190,104,86,765,443,322
JEFFERSON COUNTY,245,39 Years,2994,1643,1351,1049,590,459,1045,536,509,196,102,94,704,415,289
JEFFERSON COUNTY,245,40 Years,2904,1601,1303,1045,588,457,962,500,462,181,89,92,716,424,292
JEFFERSON COUNTY,245,41 Years,2861,1572,1289,1006,556,450,943,491,452,180,93,87,732,432,300
JEFFERSON COUNTY,245,42 Years,2862,1564,1298,1041,565,476,918,484,434,195,107,88,708,408,300
JEFFERSON COUNTY,245,43 Years,2836,1552,1284,1054,607,447,877,443,434,200,101,99,705,401,304
JEFFERSON COUNTY,245,44 Years,2923,1574,1349,1095,594,501,988,519,469,195,89,106,645,372,273
JEFFERSON COUNTY,245,45 Years,2947,1593,1354,1115,599,516,1031,527,504,179,88,91,622,379,243
JEFFERSON COUNTY,245,46 Years,2912,1606,1306,1171,644,527,989,520,469,173,88,85,579,354,225
JEFFERSON COUNTY,245,47 Years,2859,1555,1304,1215,654,561,936,482,454,200,110,90,508,309,199
JEFFERSON COUNTY,245,48 Years,2828,1509,1319,1171,626,545,979,492,487,182,95,87,496,296,200
JEFFERSON COUNTY,245,49 Years,2806,1519,1287,1168,622,546,989,507,482,153,87,66,496,303,193
JEFFERSON COUNTY,245,50 Years,2924,1543,1381,1205,622,583,1052,542,510,149,78,71,518,301,217
JEFFERSON COUNTY,245,51 Years,3122,1552,1570,1397,704,693,1033,472,561,165,82,83,527,294,233
JEFFERSON COUNTY,245,52 Years,3210,1644,1566,1485,761,724,1069,517,552,153,84,69,503,282,221
JEFFERSON COUNTY,245,53 Years,3292,1698,1594,1559,807,752,1097,531,566,171,96,75,465,264,201
JEFFERSON COUNTY,245,54 Years,3456,1791,1665,1663,847,816,1144,554,590,175,98,77,474,292,182
JEFFERSON COUNTY,245,55 Years,3431,1767,1664,1628,825,803,1206,587,619,167,96,71,430,259,171
JEFFERSON COUNTY,245,56 Years,3405,1737,1668,1726,879,847,1112,532,580,173,90,83,394,236,158
JEFFERSON COUNTY,245,57 Years,3371,1739,1632,1705,868,837,1144,565,579,150,76,74,372,230,142
JEFFERSON COUNTY,245,58 Years,3368,1718,1650,1709,875,834,1140,539,601,151,85,66,368,219,149
JEFFERSON COUNTY,245,59 Years,3370,1662,1708,1690,809,881,1156,550,606,159,87,72,365,216,149
JEFFERSON COUNTY,245,60 Years,3181,1545,1636,1618,796,822,1101,498,603,149,80,69,313,171,142
JEFFERSON COUNTY,245,61 Years,3214,1577,1637,1696,855,841,1073,484,589,139,69,70,306,169,137
JEFFERSON COUNTY,245,62 Years,2985,1467,1518,1602,787,815,960,442,518,138,74,64,285,164,121
JEFFERSON COUNTY,245,63 Years,2826,1431,1395,1513,779,734,947,444,503,126,69,57,240,139,101
JEFFERSON COUNTY,245,64 Years,2585,1307,1278,1371,701,670,862,418,444,112,58,54,240,130,110
JEFFERSON COUNTY,245,65 Years,2448,1221,1227,1328,680,648,799,378,421,104,48,56,217,115,102
JEFFERSON COUNTY,245,66 Years,2442,1188,1254,1301,647,654,821,373,448,107,45,62,213,123,90
JEFFERSON COUNTY,245,67 Years,2246,1123,1123,1209,612,597,767,366,401,82,48,34,188,97,91
JEFFERSON COUNTY,245,68 Years,2249,1122,1127,1259,637,622,738,349,389,77,45,32,175,91,84
JEFFERSON COUNTY,245,69 Years,2046,989,1057,1194,588,606,632,285,347,69,35,34,151,81,70
JEFFERSON COUNTY,245,70 Years,1684,792,892,955,450,505,530,234,296,60,29,31,139,79,60
JEFFERSON COUNTY,245,71 Years,1547,709,838,885,427,458,494,206,288,56,24,32,112,52,60
JEFFERSON COUNTY,245,72 Years,1567,710,857,937,432,505,459,184,275,57,29,28,114,65,49
JEFFERSON COUNTY,245,73 Years,1509,683,826,886,402,484,454,195,259,53,27,26,116,59,57
JEFFERSON COUNTY,245,74 Years,1358,608,750,815,371,444,394,167,227,46,24,22,103,46,57
JEFFERSON COUNTY,245,75 Years,1243,554,689,745,338,407,364,151,213,38,21,17,96,44,52
JEFFERSON COUNTY,245,76 Years,1210,498,712,745,314,431,356,138,218,38,19,19,71,27,44
JEFFERSON COUNTY,245,77 Years,1145,486,659,724,297,427,315,135,180,36,18,18,70,36,34
JEFFERSON COUNTY,245,78 Years,1074,471,603,699,302,397,284,122,162,30,17,13,61,30,31
JEFFERSON COUNTY,245,79 Years,1022,428,594,648,276,372,285,110,175,30,14,16,59,28,31
JEFFERSON COUNTY,245,80 Years,973,415,558,623,272,351,265,101,164,29,14,15,56,28,28
JEFFERSON COUNTY,245,81 Years,971,395,576,612,254,358,272,106,166,32,12,20,55,23,32
JEFFERSON COUNTY,245,82 Years,891,363,528,585,236,349,224,93,131,25,11,14,57,23,34
JEFFERSON COUNTY,245,83 Years,830,320,510,552,211,341,205,78,127,21,10,11,52,21,31
JEFFERSON COUNTY,245,84 Years,775,302,473,539,208,331,173,65,108,19,9,10,44,20,24
JEFFERSON COUNTY,245,85 Years +,4379,1563,2816,3088,1108,1980,963,322,641,107,43,64,221,90,131
JIM HOGG COUNTY,247,All Ages,5184,2573,2611,339,179,160,18,15,3,44,15,29,4783,2364,2419
JIM HOGG COUNTY,247,< 1 Year,79,36,43,2,2,0,0,0,0,2,0,2,75,34,41
JIM HOGG COUNTY,247,1 Years,82,42,40,4,2,2,0,0,0,2,1,1,76,39,37
JIM HOGG COUNTY,247,2 Years,82,45,37,5,3,2,0,0,0,1,1,0,76,41,35
JIM HOGG COUNTY,247,3 Years,83,44,39,6,4,2,0,0,0,0,0,0,77,40,37
JIM HOGG COUNTY,247,4 Years,83,42,41,6,4,2,0,0,0,0,0,0,77,38,39
JIM HOGG COUNTY,247,5 Years,78,39,39,4,2,2,0,0,0,1,0,1,73,37,36
JIM HOGG COUNTY,247,6 Years,77,41,36,3,3,0,1,1,0,0,0,0,73,37,36
JIM HOGG COUNTY,247,7 Years,73,37,36,4,2,2,0,0,0,1,1,0,68,34,34
JIM HOGG COUNTY,247,8 Years,89,43,46,5,3,2,0,0,0,0,0,0,84,40,44
JIM HOGG COUNTY,247,9 Years,75,32,43,5,3,2,0,0,0,1,0,1,69,29,40
JIM HOGG COUNTY,247,10 Years,91,44,47,6,3,3,1,1,0,1,1,0,83,39,44
JIM HOGG COUNTY,247,11 Years,73,39,34,4,2,2,0,0,0,2,1,1,67,36,31
JIM HOGG COUNTY,247,12 Years,81,38,43,1,1,0,2,2,0,1,0,1,77,35,42
JIM HOGG COUNTY,247,13 Years,85,48,37,1,1,0,0,0,0,1,0,1,83,47,36
JIM HOGG COUNTY,247,14 Years,76,39,37,2,1,1,0,0,0,1,1,0,73,37,36
JIM HOGG COUNTY,247,15 Years,67,35,32,1,1,0,0,0,0,1,1,0,65,33,32
JIM HOGG COUNTY,247,16 Years,65,36,29,2,2,0,0,0,0,1,0,1,62,34,28
JIM HOGG COUNTY,247,17 Years,85,45,40,3,1,2,0,0,0,1,0,1,81,44,37
JIM HOGG COUNTY,247,18 Years,80,40,40,3,1,2,0,0,0,1,1,0,76,38,38
JIM HOGG COUNTY,247,19 Years,76,38,38,2,0,2,0,0,0,1,0,1,73,38,35
JIM HOGG COUNTY,247,20 Years,74,33,41,2,2,0,0,0,0,1,0,1,71,31,40
JIM HOGG COUNTY,247,21 Years,53,26,27,1,1,0,1,1,0,0,0,0,51,24,27
JIM HOGG COUNTY,247,22 Years,67,41,26,1,1,0,2,2,0,1,1,0,63,37,26
JIM HOGG COUNTY,247,23 Years,90,48,42,1,1,0,0,0,0,2,1,1,87,46,41
JIM HOGG COUNTY,247,24 Years,67,33,34,5,3,2,0,0,0,1,0,1,61,30,31
JIM HOGG COUNTY,247,25 Years,53,24,29,2,1,1,0,0,0,0,0,0,51,23,28
JIM HOGG COUNTY,247,26 Years,56,25,31,0,0,0,0,0,0,0,0,0,56,25,31
JIM HOGG COUNTY,247,27 Years,54,28,26,2,0,2,0,0,0,0,0,0,52,28,24
JIM HOGG COUNTY,247,28 Years,60,36,24,1,0,1,1,1,0,0,0,0,58,35,23
JIM HOGG COUNTY,247,29 Years,68,39,29,2,0,2,0,0,0,0,0,0,66,39,27
JIM HOGG COUNTY,247,30 Years,63,31,32,4,3,1,0,0,0,0,0,0,59,28,31
JIM HOGG COUNTY,247,31 Years,60,28,32,5,4,1,0,0,0,1,0,1,54,24,30
JIM HOGG COUNTY,247,32 Years,55,31,24,5,3,2,0,0,0,1,0,1,49,28,21
JIM HOGG COUNTY,247,33 Years,61,31,30,3,1,2,0,0,0,1,0,1,57,30,27
JIM HOGG COUNTY,247,34 Years,58,34,24,4,2,2,0,0,0,1,0,1,53,32,21
JIM HOGG COUNTY,247,35 Years,61,35,26,8,5,3,0,0,0,1,1,0,52,29,23
JIM HOGG COUNTY,247,36 Years,56,29,27,7,4,3,0,0,0,0,0,0,49,25,24
JIM HOGG COUNTY,247,37 Years,52,25,27,2,1,1,0,0,0,1,0,1,49,24,25
JIM HOGG COUNTY,247,38 Years,66,33,33,6,2,4,0,0,0,1,1,0,59,30,29
JIM HOGG COUNTY,247,39 Years,53,28,25,2,1,1,1,0,1,0,0,0,50,27,23
JIM HOGG COUNTY,247,40 Years,52,23,29,2,1,1,0,0,0,0,0,0,50,22,28
JIM HOGG COUNTY,247,41 Years,64,28,36,5,1,4,1,1,0,0,0,0,58,26,32
JIM HOGG COUNTY,247,42 Years,54,27,27,4,1,3,0,0,0,0,0,0,50,26,24
JIM HOGG COUNTY,247,43 Years,54,27,27,3,2,1,0,0,0,0,0,0,51,25,26
JIM HOGG COUNTY,247,44 Years,52,26,26,3,1,2,0,0,0,1,0,1,48,25,23
JIM HOGG COUNTY,247,45 Years,51,25,26,3,1,2,0,0,0,1,0,1,47,24,23
JIM HOGG COUNTY,247,46 Years,57,25,32,3,1,2,0,0,0,0,0,0,54,24,30
JIM HOGG COUNTY,247,47 Years,52,24,28,7,3,4,0,0,0,1,1,0,44,20,24
JIM HOGG COUNTY,247,48 Years,55,32,23,4,3,1,1,1,0,0,0,0,50,28,22
JIM HOGG COUNTY,247,49 Years,51,26,25,3,1,2,0,0,0,0,0,0,48,25,23
JIM HOGG COUNTY,247,50 Years,70,37,33,5,3,2,0,0,0,0,0,0,65,34,31
JIM HOGG COUNTY,247,51 Years,60,33,27,4,3,1,0,0,0,0,0,0,56,30,26
JIM HOGG COUNTY,247,52 Years,59,30,29,3,1,2,0,0,0,0,0,0,56,29,27
JIM HOGG COUNTY,247,53 Years,69,33,36,4,2,2,0,0,0,0,0,0,65,31,34
JIM HOGG COUNTY,247,54 Years,51,25,26,3,1,2,0,0,0,0,0,0,48,24,24
JIM HOGG COUNTY,247,55 Years,64,32,32,4,2,2,0,0,0,2,0,2,58,30,28
JIM HOGG COUNTY,247,56 Years,63,30,33,5,4,1,1,1,0,0,0,0,57,25,32
JIM HOGG COUNTY,247,57 Years,52,34,18,3,3,0,1,1,0,0,0,0,48,30,18
JIM HOGG COUNTY,247,58 Years,61,38,23,5,2,3,0,0,0,2,1,1,54,35,19
JIM HOGG COUNTY,247,59 Years,64,31,33,5,2,3,0,0,0,1,0,1,58,29,29
JIM HOGG COUNTY,247,60 Years,54,28,26,6,4,2,0,0,0,0,0,0,48,24,24
JIM HOGG COUNTY,247,61 Years,53,26,27,5,2,3,1,1,0,0,0,0,47,23,24
JIM HOGG COUNTY,247,62 Years,53,20,33,3,1,2,0,0,0,1,0,1,49,19,30
JIM HOGG COUNTY,247,63 Years,70,32,38,9,4,5,0,0,0,1,0,1,60,28,32
JIM HOGG COUNTY,247,64 Years,59,25,34,6,1,5,0,0,0,1,0,1,52,24,28
JIM HOGG COUNTY,247,65 Years,47,19,28,3,0,3,0,0,0,0,0,0,44,19,25
JIM HOGG COUNTY,247,66 Years,59,23,36,5,3,2,0,0,0,0,0,0,54,20,34
JIM HOGG COUNTY,247,67 Years,61,24,37,5,3,2,0,0,0,0,0,0,56,21,35
JIM HOGG COUNTY,247,68 Years,54,27,27,5,4,1,0,0,0,0,0,0,49,23,26
JIM HOGG COUNTY,247,69 Years,68,33,35,7,5,2,2,1,1,0,0,0,59,27,32
JIM HOGG COUNTY,247,70 Years,65,35,30,8,4,4,2,1,1,1,1,0,54,29,25
JIM HOGG COUNTY,247,71 Years,56,28,28,4,2,2,0,0,0,1,0,1,51,26,25
JIM HOGG COUNTY,247,72 Years,45,23,22,2,1,1,0,0,0,0,0,0,43,22,21
JIM HOGG COUNTY,247,73 Years,42,21,21,7,2,5,0,0,0,0,0,0,35,19,16
JIM HOGG COUNTY,247,74 Years,37,17,20,6,2,4,0,0,0,0,0,0,31,15,16
JIM HOGG COUNTY,247,75 Years,38,21,17,5,4,1,0,0,0,0,0,0,33,17,16
JIM HOGG COUNTY,247,76 Years,37,18,19,3,3,0,0,0,0,0,0,0,34,15,19
JIM HOGG COUNTY,247,77 Years,37,14,23,3,1,2,0,0,0,0,0,0,34,13,21
JIM HOGG COUNTY,247,78 Years,34,15,19,6,4,2,0,0,0,0,0,0,28,11,17
JIM HOGG COUNTY,247,79 Years,30,13,17,3,2,1,0,0,0,0,0,0,27,11,16
JIM HOGG COUNTY,247,80 Years,29,13,16,3,1,2,0,0,0,0,0,0,26,12,14
JIM HOGG COUNTY,247,81 Years,25,11,14,2,1,1,0,0,0,0,0,0,23,10,13
JIM HOGG COUNTY,247,82 Years,20,9,11,1,1,0,0,0,0,0,0,0,19,8,11
JIM HOGG COUNTY,247,83 Years,24,8,16,4,2,2,0,0,0,0,0,0,20,6,14
JIM HOGG COUNTY,247,84 Years,24,10,14,8,4,4,0,0,0,0,0,0,16,6,10
JIM HOGG COUNTY,247,85 Years +,101,33,68,10,4,6,0,0,0,0,0,0,91,29,62
JIM WELLS COUNTY,249,All Ages,39882,19781,20101,7185,3555,3630,149,91,58,375,182,193,32173,15953,16220
JIM WELLS COUNTY,249,< 1 Year,684,352,332,82,39,43,1,1,0,9,7,2,592,305,287
JIM WELLS COUNTY,249,1 Years,720,360,360,86,45,41,1,0,1,5,4,1,628,311,317
JIM WELLS COUNTY,249,2 Years,735,372,363,86,45,41,1,1,0,6,5,1,642,321,321
JIM WELLS COUNTY,249,3 Years,725,357,368,85,41,44,1,1,0,4,3,1,635,312,323
JIM WELLS COUNTY,249,4 Years,685,344,341,81,37,44,1,1,0,5,2,3,598,304,294
JIM WELLS COUNTY,249,5 Years,685,340,345,86,42,44,1,1,0,7,3,4,591,294,297
JIM WELLS COUNTY,249,6 Years,697,362,335,85,39,46,1,1,0,9,6,3,602,316,286
JIM WELLS COUNTY,249,7 Years,551,287,264,76,45,31,2,2,0,7,3,4,466,237,229
JIM WELLS COUNTY,249,8 Years,633,327,306,77,41,36,3,2,1,4,1,3,549,283,266
JIM WELLS COUNTY,249,9 Years,625,311,314,81,37,44,4,1,3,4,1,3,536,272,264
JIM WELLS COUNTY,249,10 Years,599,304,295,82,43,39,5,1,4,3,1,2,509,259,250
JIM WELLS COUNTY,249,11 Years,568,298,270,90,48,42,3,2,1,4,3,1,471,245,226
JIM WELLS COUNTY,249,12 Years,555,304,251,72,39,33,3,2,1,6,4,2,474,259,215
JIM WELLS COUNTY,249,13 Years,561,303,258,71,41,30,4,3,1,4,2,2,482,257,225
JIM WELLS COUNTY,249,14 Years,527,277,250,70,38,32,1,0,1,5,3,2,451,236,215
JIM WELLS COUNTY,249,15 Years,592,322,270,81,42,39,3,2,1,7,3,4,501,275,226
JIM WELLS COUNTY,249,16 Years,633,342,291,82,40,42,2,1,1,7,2,5,542,299,243
JIM WELLS COUNTY,249,17 Years,631,329,302,102,49,53,3,1,2,4,2,2,522,277,245
JIM WELLS COUNTY,249,18 Years,605,289,316,98,41,57,3,1,2,5,3,2,499,244,255
JIM WELLS COUNTY,249,19 Years,574,305,269,80,38,42,1,0,1,3,2,1,490,265,225
JIM WELLS COUNTY,249,20 Years,580,311,269,84,44,40,1,0,1,2,0,2,493,267,226
JIM WELLS COUNTY,249,21 Years,570,291,279,88,41,47,1,0,1,1,0,1,480,250,230
JIM WELLS COUNTY,249,22 Years,554,291,263,86,43,43,0,0,0,2,1,1,466,247,219
JIM WELLS COUNTY,249,23 Years,556,282,274,76,37,39,2,0,2,9,6,3,469,239,230
JIM WELLS COUNTY,249,24 Years,583,301,282,87,49,38,2,1,1,6,2,4,488,249,239
JIM WELLS COUNTY,249,25 Years,531,257,274,80,44,36,1,0,1,4,1,3,446,212,234
JIM WELLS COUNTY,249,26 Years,484,256,228,70,40,30,3,1,2,8,5,3,403,210,193
JIM WELLS COUNTY,249,27 Years,467,231,236,69,32,37,2,2,0,6,3,3,390,194,196
JIM WELLS COUNTY,249,28 Years,425,228,197,56,31,25,2,2,0,5,2,3,362,193,169
JIM WELLS COUNTY,249,29 Years,445,229,216,64,28,36,4,3,1,1,0,1,376,198,178
JIM WELLS COUNTY,249,30 Years,446,223,223,67,34,33,1,1,0,5,2,3,373,186,187
JIM WELLS COUNTY,249,31 Years,423,201,222,66,32,34,0,0,0,4,1,3,353,168,185
JIM WELLS COUNTY,249,32 Years,419,211,208,67,33,34,4,2,2,5,1,4,343,175,168
JIM WELLS COUNTY,249,33 Years,476,226,250,71,41,30,5,2,3,8,2,6,392,181,211
JIM WELLS COUNTY,249,34 Years,486,254,232,78,41,37,3,2,1,7,2,5,398,209,189
JIM WELLS COUNTY,249,35 Years,444,226,218,78,39,39,2,2,0,6,2,4,358,183,175
JIM WELLS COUNTY,249,36 Years,441,221,220,77,33,44,1,1,0,7,4,3,356,183,173
JIM WELLS COUNTY,249,37 Years,419,205,214,77,35,42,3,3,0,5,3,2,334,164,170
JIM WELLS COUNTY,249,38 Years,441,223,218,81,41,40,4,4,0,5,3,2,351,175,176
JIM WELLS COUNTY,249,39 Years,413,222,191,71,39,32,2,2,0,5,2,3,335,179,156
JIM WELLS COUNTY,249,40 Years,401,191,210,64,27,37,0,0,0,4,1,3,333,163,170
JIM WELLS COUNTY,249,41 Years,430,195,235,70,38,32,2,0,2,1,0,1,357,157,200
JIM WELLS COUNTY,249,42 Years,408,202,206,78,42,36,0,0,0,1,0,1,329,160,169
JIM WELLS COUNTY,249,43 Years,437,227,210,81,44,37,0,0,0,2,1,1,354,182,172
JIM WELLS COUNTY,249,44 Years,462,233,229,84,36,48,2,0,2,2,1,1,374,196,178
JIM WELLS COUNTY,249,45 Years,478,240,238,86,46,40,1,1,0,3,1,2,388,192,196
JIM WELLS COUNTY,249,46 Years,479,224,255,81,43,38,1,1,0,5,2,3,392,178,214
JIM WELLS COUNTY,249,47 Years,436,197,239,71,30,41,3,3,0,2,0,2,360,164,196
JIM WELLS COUNTY,249,48 Years,402,179,223,64,25,39,1,1,0,1,0,1,336,153,183
JIM WELLS COUNTY,249,49 Years,420,193,227,70,32,38,0,0,0,3,1,2,347,160,187
JIM WELLS COUNTY,249,50 Years,463,227,236,83,39,44,2,2,0,4,1,3,374,185,189
JIM WELLS COUNTY,249,51 Years,479,238,241,83,38,45,1,1,0,2,1,1,393,198,195
JIM WELLS COUNTY,249,52 Years,482,233,249,107,46,61,1,0,1,6,4,2,368,183,185
JIM WELLS COUNTY,249,53 Years,478,225,253,115,56,59,2,1,1,4,3,1,357,165,192
JIM WELLS COUNTY,249,54 Years,466,227,239,106,56,50,1,0,1,4,2,2,355,169,186
JIM WELLS COUNTY,249,55 Years,504,243,261,105,51,54,3,3,0,4,2,2,392,187,205
JIM WELLS COUNTY,249,56 Years,513,260,253,124,62,62,2,2,0,6,3,3,381,193,188
JIM WELLS COUNTY,249,57 Years,531,245,286,133,64,69,2,1,1,5,2,3,391,178,213
JIM WELLS COUNTY,249,58 Years,507,251,256,133,70,63,1,1,0,7,4,3,366,176,190
JIM WELLS COUNTY,249,59 Years,542,268,274,137,66,71,2,0,2,7,3,4,396,199,197
JIM WELLS COUNTY,249,60 Years,485,233,252,129,61,68,1,0,1,6,3,3,349,169,180
JIM WELLS COUNTY,249,61 Years,475,209,266,117,57,60,4,3,1,7,3,4,347,146,201
JIM WELLS COUNTY,249,62 Years,463,217,246,118,62,56,2,1,1,4,1,3,339,153,186
JIM WELLS COUNTY,249,63 Years,453,227,226,125,69,56,5,4,1,9,6,3,314,148,166
JIM WELLS COUNTY,249,64 Years,427,205,222,112,54,58,1,1,0,5,3,2,309,147,162
JIM WELLS COUNTY,249,65 Years,410,202,208,105,51,54,1,0,1,4,2,2,300,149,151
JIM WELLS COUNTY,249,66 Years,421,229,192,116,64,52,1,1,0,4,2,2,300,162,138
JIM WELLS COUNTY,249,67 Years,408,208,200,93,46,47,2,1,1,4,3,1,309,158,151
JIM WELLS COUNTY,249,68 Years,387,179,208,79,37,42,2,1,1,6,2,4,300,139,161
JIM WELLS COUNTY,249,69 Years,386,193,193,87,50,37,2,1,1,6,4,2,291,138,153
JIM WELLS COUNTY,249,70 Years,348,174,174,73,39,34,0,0,0,7,5,2,268,130,138
JIM WELLS COUNTY,249,71 Years,330,168,162,69,36,33,0,0,0,5,3,2,256,129,127
JIM WELLS COUNTY,249,72 Years,298,135,163,62,31,31,1,0,1,3,2,1,232,102,130
JIM WELLS COUNTY,249,73 Years,266,114,152,64,34,30,1,1,0,1,0,1,200,79,121
JIM WELLS COUNTY,249,74 Years,236,106,130,67,35,32,1,1,0,1,0,1,167,70,97
JIM WELLS COUNTY,249,75 Years,232,112,120,66,34,32,1,1,0,1,1,0,164,76,88
JIM WELLS COUNTY,249,76 Years,215,110,105,60,33,27,0,0,0,1,1,0,154,76,78
JIM WELLS COUNTY,249,77 Years,214,94,120,64,26,38,2,1,1,3,1,2,145,66,79
JIM WELLS COUNTY,249,78 Years,218,96,122,63,26,37,1,1,0,2,0,2,152,69,83
JIM WELLS COUNTY,249,79 Years,201,84,117,54,20,34,0,0,0,1,0,1,146,64,82
JIM WELLS COUNTY,249,80 Years,188,83,105,46,20,26,0,0,0,1,0,1,141,63,78
JIM WELLS COUNTY,249,81 Years,181,80,101,53,26,27,0,0,0,1,0,1,127,54,73
JIM WELLS COUNTY,249,82 Years,152,65,87,42,19,23,0,0,0,2,1,1,108,45,63
JIM WELLS COUNTY,249,83 Years,130,52,78,40,16,24,0,0,0,0,0,0,90,36,54
JIM WELLS COUNTY,249,84 Years,131,58,73,47,22,25,1,1,0,1,0,1,82,35,47
JIM WELLS COUNTY,249,85 Years +,721,276,445,213,89,124,6,3,3,8,5,3,494,179,315
JOHNSON COUNTY,251,All Ages,165405,82527,82878,117793,57727,60066,4768,2582,2186,6085,3110,2975,36759,19108,17651
JOHNSON COUNTY,251,< 1 Year,2115,1074,1041,1302,668,634,61,28,33,118,64,54,634,314,320
JOHNSON COUNTY,251,1 Years,2113,1079,1034,1311,672,639,57,26,31,122,65,57,623,316,307
JOHNSON COUNTY,251,2 Years,2104,1091,1013,1312,679,633,53,23,30,123,69,54,616,320,296
JOHNSON COUNTY,251,3 Years,2083,1058,1025,1301,661,640,52,22,30,115,66,49,615,309,306
JOHNSON COUNTY,251,4 Years,2077,1065,1012,1292,662,630,47,23,24,114,67,47,624,313,311
JOHNSON COUNTY,251,5 Years,2132,1105,1027,1306,677,629,50,28,22,132,79,53,644,321,323
JOHNSON COUNTY,251,6 Years,2272,1185,1087,1409,738,671,53,28,25,122,69,53,688,350,338
JOHNSON COUNTY,251,7 Years,2259,1188,1071,1387,723,664,59,31,28,121,63,58,692,371,321
JOHNSON COUNTY,251,8 Years,2293,1184,1109,1422,729,693,58,29,29,113,61,52,700,365,335
JOHNSON COUNTY,251,9 Years,2363,1205,1158,1468,752,716,59,27,32,117,64,53,719,362,357
JOHNSON COUNTY,251,10 Years,2464,1249,1215,1540,787,753,65,32,33,127,59,68,732,371,361
JOHNSON COUNTY,251,11 Years,2569,1326,1243,1603,830,773,62,30,32,143,69,74,761,397,364
JOHNSON COUNTY,251,12 Years,2569,1337,1232,1605,824,781,69,36,33,122,58,64,773,419,354
JOHNSON COUNTY,251,13 Years,2581,1309,1272,1597,804,793,67,34,33,113,50,63,804,421,383
JOHNSON COUNTY,251,14 Years,2582,1330,1252,1601,827,774,70,33,37,108,52,56,803,418,385
JOHNSON COUNTY,251,15 Years,2660,1367,1293,1642,832,810,84,44,40,114,59,55,820,432,388
JOHNSON COUNTY,251,16 Years,2660,1393,1267,1654,864,790,85,45,40,120,69,51,801,415,386
JOHNSON COUNTY,251,17 Years,2621,1338,1283,1641,830,811,73,32,41,122,71,51,785,405,380
JOHNSON COUNTY,251,18 Years,2572,1329,1243,1575,803,772,78,36,42,132,76,56,787,414,373
JOHNSON COUNTY,251,19 Years,2327,1215,1112,1386,721,665,77,39,38,120,66,54,744,389,355
JOHNSON COUNTY,251,20 Years,2206,1153,1053,1303,676,627,80,44,36,118,65,53,705,368,337
JOHNSON COUNTY,251,21 Years,2208,1157,1051,1306,678,628,81,44,37,119,72,47,702,363,339
JOHNSON COUNTY,251,22 Years,2133,1126,1007,1240,647,593,85,48,37,115,65,50,693,366,327
JOHNSON COUNTY,251,23 Years,2216,1147,1069,1324,674,650,84,47,37,96,56,40,712,370,342
JOHNSON COUNTY,251,24 Years,2209,1140,1069,1336,662,674,85,48,37,111,63,48,677,367,310
JOHNSON COUNTY,251,25 Years,2042,1078,964,1200,625,575,93,51,42,101,49,52,648,353,295
JOHNSON COUNTY,251,26 Years,2010,1040,970,1188,580,608,91,47,44,99,49,50,632,364,268
JOHNSON COUNTY,251,27 Years,1821,970,851,1129,565,564,77,45,32,70,39,31,545,321,224
JOHNSON COUNTY,251,28 Years,1769,893,876,1131,538,593,63,41,22,64,31,33,511,283,228
JOHNSON COUNTY,251,29 Years,1828,910,918,1158,548,610,64,37,27,70,31,39,536,294,242
JOHNSON COUNTY,251,30 Years,1857,941,916,1198,579,619,71,42,29,73,38,35,515,282,233
JOHNSON COUNTY,251,31 Years,1844,908,936,1210,576,634,61,37,24,72,40,32,501,255,246
JOHNSON COUNTY,251,32 Years,1922,974,948,1280,625,655,65,44,21,70,40,30,507,265,242
JOHNSON COUNTY,251,33 Years,2025,1023,1002,1332,644,688,67,47,20,79,39,40,547,293,254
JOHNSON COUNTY,251,34 Years,2061,1037,1024,1372,670,702,64,47,17,69,33,36,556,287,269
JOHNSON COUNTY,251,35 Years,2163,1090,1073,1441,713,728,67,44,23,74,35,39,581,298,283
JOHNSON COUNTY,251,36 Years,2162,1097,1065,1449,721,728,64,37,27,83,35,48,566,304,262
JOHNSON COUNTY,251,37 Years,2042,1044,998,1385,693,692,50,32,18,74,30,44,533,289,244
JOHNSON COUNTY,251,38 Years,1996,985,1011,1357,668,689,46,29,17,73,32,41,520,256,264
JOHNSON COUNTY,251,39 Years,1988,953,1035,1354,658,696,53,29,24,66,30,36,515,236,279
JOHNSON COUNTY,251,40 Years,1989,986,1003,1359,689,670,52,30,22,74,32,42,504,235,269
JOHNSON COUNTY,251,41 Years,2023,979,1044,1384,669,715,54,29,25,73,32,41,512,249,263
JOHNSON COUNTY,251,42 Years,1978,975,1003,1357,660,697,75,38,37,59,26,33,487,251,236
JOHNSON COUNTY,251,43 Years,2069,1026,1043,1462,714,748,81,48,33,59,26,33,467,238,229
JOHNSON COUNTY,251,44 Years,2216,1087,1129,1619,780,839,66,38,28,65,29,36,466,240,226
JOHNSON COUNTY,251,45 Years,2334,1160,1174,1683,825,858,77,48,29,68,33,35,506,254,252
JOHNSON COUNTY,251,46 Years,2335,1167,1168,1721,855,866,63,39,24,58,26,32,493,247,246
JOHNSON COUNTY,251,47 Years,2211,1101,1110,1643,800,843,58,34,24,70,34,36,440,233,207
JOHNSON COUNTY,251,48 Years,2148,1097,1051,1576,800,776,74,43,31,68,32,36,430,222,208
JOHNSON COUNTY,251,49 Years,2200,1131,1069,1628,830,798,78,51,27,63,30,33,431,220,211
JOHNSON COUNTY,251,50 Years,2216,1150,1066,1684,867,817,72,49,23,59,30,29,401,204,197
JOHNSON COUNTY,251,51 Years,2294,1186,1108,1778,910,868,63,38,25,51,28,23,402,210,192
JOHNSON COUNTY,251,52 Years,2324,1172,1152,1832,917,915,65,37,28,54,30,24,373,188,185
JOHNSON COUNTY,251,53 Years,2317,1155,1162,1837,903,934,72,35,37,66,36,30,342,181,161
JOHNSON COUNTY,251,54 Years,2329,1159,1170,1858,906,952,73,38,35,56,26,30,342,189,153
JOHNSON COUNTY,251,55 Years,2355,1179,1176,1910,941,969,60,32,28,62,29,33,323,177,146
JOHNSON COUNTY,251,56 Years,2396,1220,1176,1946,975,971,68,40,28,71,31,40,311,174,137
JOHNSON COUNTY,251,57 Years,2208,1117,1091,1818,898,920,64,37,27,59,27,32,267,155,112
JOHNSON COUNTY,251,58 Years,2205,1094,1111,1839,898,941,63,33,30,57,23,34,246,140,106
JOHNSON COUNTY,251,59 Years,2062,1027,1035,1717,843,874,64,34,30,59,26,33,222,124,98
JOHNSON COUNTY,251,60 Years,2044,982,1062,1714,814,900,63,32,31,54,21,33,213,115,98
JOHNSON COUNTY,251,61 Years,1982,972,1010,1664,807,857,54,25,29,53,27,26,211,113,98
JOHNSON COUNTY,251,62 Years,1890,930,960,1595,778,817,51,24,27,53,24,29,191,104,87
JOHNSON COUNTY,251,63 Years,1783,872,911,1501,726,775,57,28,29,46,23,23,179,95,84
JOHNSON COUNTY,251,64 Years,1764,846,918,1502,711,791,51,28,23,41,22,19,170,85,85
JOHNSON COUNTY,251,65 Years,1596,759,837,1355,642,713,47,24,23,38,21,17,156,72,84
JOHNSON COUNTY,251,66 Years,1547,734,813,1317,634,683,47,21,26,43,18,25,140,61,79
JOHNSON COUNTY,251,67 Years,1608,749,859,1380,646,734,41,16,25,44,20,24,143,67,76
JOHNSON COUNTY,251,68 Years,1669,786,883,1446,674,772,35,18,17,40,21,19,148,73,75
JOHNSON COUNTY,251,69 Years,1623,760,863,1421,651,770,34,18,16,37,22,15,131,69,62
JOHNSON COUNTY,251,70 Years,1317,624,693,1136,525,611,29,17,12,29,19,10,123,63,60
JOHNSON COUNTY,251,71 Years,1244,603,641,1066,508,558,29,14,15,23,16,7,126,65,61
JOHNSON COUNTY,251,72 Years,1215,577,638,1063,497,566,17,7,10,25,12,13,110,61,49
JOHNSON COUNTY,251,73 Years,1180,552,628,1058,493,565,16,6,10,23,11,12,83,42,41
JOHNSON COUNTY,251,74 Years,1037,480,557,924,422,502,18,8,10,29,16,13,66,34,32
JOHNSON COUNTY,251,75 Years,935,442,493,838,396,442,14,9,5,20,8,12,63,29,34
JOHNSON COUNTY,251,76 Years,870,413,457,781,371,410,15,9,6,14,5,9,60,28,32
JOHNSON COUNTY,251,77 Years,843,389,454,756,347,409,17,7,10,15,8,7,55,27,28
JOHNSON COUNTY,251,78 Years,790,356,434,714,321,393,14,4,10,14,9,5,48,22,26
JOHNSON COUNTY,251,79 Years,717,324,393,648,295,353,10,4,6,12,5,7,47,20,27
JOHNSON COUNTY,251,80 Years,673,295,378,615,271,344,5,1,4,9,3,6,44,20,24
JOHNSON COUNTY,251,81 Years,596,253,343,552,234,318,6,3,3,9,4,5,29,12,17
JOHNSON COUNTY,251,82 Years,550,238,312,506,219,287,11,5,6,10,5,5,23,9,14
JOHNSON COUNTY,251,83 Years,497,204,293,457,185,272,8,3,5,9,6,3,23,10,13
JOHNSON COUNTY,251,84 Years,446,173,273,411,158,253,7,3,4,6,4,2,22,8,14
JOHNSON COUNTY,251,85 Years +,2862,953,1909,2675,899,1776,40,11,29,24,6,18,123,37,86
JONES COUNTY,253,All Ages,19997,12427,7570,11897,6452,5445,2146,1867,279,382,183,199,5572,3925,1647
JONES COUNTY,253,< 1 Year,162,76,86,95,41,54,3,3,0,4,3,1,60,29,31
JONES COUNTY,253,1 Years,169,80,89,98,44,54,4,2,2,6,4,2,61,30,31
JONES COUNTY,253,2 Years,173,88,85,97,46,51,4,2,2,8,5,3,64,35,29
JONES COUNTY,253,3 Years,184,100,84,105,56,49,6,3,3,6,3,3,67,38,29
JONES COUNTY,253,4 Years,177,98,79,102,55,47,6,3,3,7,3,4,62,37,25
JONES COUNTY,253,5 Years,174,95,79,101,54,47,6,3,3,6,3,3,61,35,26
JONES COUNTY,253,6 Years,208,103,105,122,64,58,6,2,4,6,3,3,74,34,40
JONES COUNTY,253,7 Years,184,101,83,108,60,48,8,4,4,3,2,1,65,35,30
JONES COUNTY,253,8 Years,174,100,74,98,52,46,6,3,3,6,4,2,64,41,23
JONES COUNTY,253,9 Years,186,105,81,110,61,49,3,1,2,7,3,4,66,40,26
JONES COUNTY,253,10 Years,195,105,90,102,54,48,4,2,2,9,6,3,80,43,37
JONES COUNTY,253,11 Years,203,100,103,110,51,59,7,4,3,10,5,5,76,40,36
JONES COUNTY,253,12 Years,208,110,98,119,60,59,7,4,3,11,5,6,71,41,30
JONES COUNTY,253,13 Years,221,116,105,120,63,57,12,3,9,10,4,6,79,46,33
JONES COUNTY,253,14 Years,218,117,101,115,57,58,8,3,5,8,2,6,87,55,32
JONES COUNTY,253,15 Years,223,120,103,126,60,66,13,7,6,10,3,7,74,50,24
JONES COUNTY,253,16 Years,233,137,96,138,80,58,9,5,4,7,2,5,79,50,29
JONES COUNTY,253,17 Years,239,133,106,132,75,57,13,7,6,11,3,8,83,48,35
JONES COUNTY,253,18 Years,230,135,95,125,68,57,14,8,6,9,2,7,82,57,25
JONES COUNTY,253,19 Years,247,156,91,124,65,59,30,26,4,7,3,4,86,62,24
JONES COUNTY,253,20 Years,272,184,88,129,72,57,40,36,4,9,5,4,94,71,23
JONES COUNTY,253,21 Years,288,211,77,129,81,48,43,41,2,8,4,4,108,85,23
JONES COUNTY,253,22 Years,320,231,89,160,95,65,49,48,1,4,2,2,107,86,21
JONES COUNTY,253,23 Years,329,234,95,149,85,64,54,51,3,5,3,2,121,95,26
JONES COUNTY,253,24 Years,366,274,92,150,91,59,71,64,7,3,2,1,142,117,25
JONES COUNTY,253,25 Years,317,243,74,140,89,51,67,62,5,2,1,1,108,91,17
JONES COUNTY,253,26 Years,311,234,77,139,88,51,67,65,2,2,1,1,103,80,23
JONES COUNTY,253,27 Years,325,263,62,144,97,47,75,75,0,4,3,1,102,88,14
JONES COUNTY,253,28 Years,323,253,70,139,96,43,70,66,4,1,0,1,113,91,22
JONES COUNTY,253,29 Years,309,245,64,117,80,37,55,51,4,4,2,2,133,112,21
JONES COUNTY,253,30 Years,301,234,67,126,80,46,74,70,4,2,1,1,99,83,16
JONES COUNTY,253,31 Years,302,225,77,134,79,55,68,66,2,3,2,1,97,78,19
JONES COUNTY,253,32 Years,290,217,73,132,84,48,54,51,3,3,2,1,101,80,21
JONES COUNTY,253,33 Years,300,228,72,138,91,47,50,46,4,2,1,1,110,90,20
JONES COUNTY,253,34 Years,308,232,76,146,92,54,52,50,2,4,1,3,106,89,17
JONES COUNTY,253,35 Years,306,220,86,157,94,63,47,45,2,6,3,3,96,78,18
JONES COUNTY,253,36 Years,306,223,83,147,89,58,53,51,2,2,1,1,104,82,22
JONES COUNTY,253,37 Years,280,212,68,132,83,49,55,52,3,2,1,1,91,76,15
JONES COUNTY,253,38 Years,287,218,69,142,91,51,53,48,5,5,5,0,87,74,13
JONES COUNTY,253,39 Years,271,204,67,132,82,50,49,46,3,2,2,0,88,74,14
JONES COUNTY,253,40 Years,269,187,82,135,76,59,42,38,4,3,3,0,89,70,19
JONES COUNTY,253,41 Years,301,209,92,145,80,65,64,61,3,6,3,3,86,65,21
JONES COUNTY,253,42 Years,275,193,82,142,80,62,43,40,3,4,2,2,86,71,15
JONES COUNTY,253,43 Years,283,200,83,159,97,62,33,32,1,5,2,3,86,69,17
JONES COUNTY,253,44 Years,296,210,86,165,102,63,39,37,2,6,2,4,86,69,17
JONES COUNTY,253,45 Years,278,187,91,151,85,66,41,36,5,4,1,3,82,65,17
JONES COUNTY,253,46 Years,313,203,110,199,112,87,36,31,5,3,2,1,75,58,17
JONES COUNTY,253,47 Years,299,207,92,179,106,73,36,34,2,3,2,1,81,65,16
JONES COUNTY,253,48 Years,275,191,84,174,105,69,37,36,1,4,2,2,60,48,12
JONES COUNTY,253,49 Years,266,181,85,167,100,67,33,30,3,4,2,2,62,49,13
JONES COUNTY,253,50 Years,271,184,87,168,100,68,39,37,2,5,4,1,59,43,16
JONES COUNTY,253,51 Years,297,192,105,182,103,79,39,34,5,6,4,2,70,51,19
JONES COUNTY,253,52 Years,297,183,114,201,112,89,30,26,4,5,3,2,61,42,19
JONES COUNTY,253,53 Years,273,156,117,188,95,93,26,23,3,3,1,2,56,37,19
JONES COUNTY,253,54 Years,273,161,112,192,100,92,25,23,2,2,0,2,54,38,16
JONES COUNTY,253,55 Years,278,148,130,186,86,100,31,26,5,2,1,1,59,35,24
JONES COUNTY,253,56 Years,262,138,124,185,91,94,18,14,4,2,1,1,57,32,25
JONES COUNTY,253,57 Years,257,156,101,184,107,77,20,14,6,5,4,1,48,31,17
JONES COUNTY,253,58 Years,236,133,103,169,88,81,23,16,7,4,2,2,40,27,13
JONES COUNTY,253,59 Years,241,130,111,167,84,83,19,13,6,3,2,1,52,31,21
JONES COUNTY,253,60 Years,242,125,117,177,87,90,12,8,4,5,2,3,48,28,20
JONES COUNTY,253,61 Years,242,126,116,187,95,92,8,6,2,9,4,5,38,21,17
JONES COUNTY,253,62 Years,233,120,113,181,89,92,13,8,5,5,2,3,34,21,13
JONES COUNTY,253,63 Years,217,117,100,167,87,80,18,12,6,1,1,0,31,17,14
JONES COUNTY,253,64 Years,224,117,107,171,86,85,7,4,3,4,2,2,42,25,17
JONES COUNTY,253,65 Years,218,123,95,167,92,75,7,4,3,5,3,2,39,24,15
JONES COUNTY,253,66 Years,201,109,92,163,90,73,4,3,1,4,0,4,30,16,14
JONES COUNTY,253,67 Years,200,105,95,163,81,82,8,6,2,3,1,2,26,17,9
JONES COUNTY,253,68 Years,222,107,115,180,87,93,5,3,2,1,1,0,36,16,20
JONES COUNTY,253,69 Years,211,113,98,174,93,81,3,1,2,2,1,1,32,18,14
JONES COUNTY,253,70 Years,166,90,76,130,71,59,3,1,2,3,1,2,30,17,13
JONES COUNTY,253,71 Years,156,82,74,125,62,63,3,3,0,2,1,1,26,16,10
JONES COUNTY,253,72 Years,176,77,99,131,51,80,7,4,3,2,0,2,36,22,14
JONES COUNTY,253,73 Years,164,80,84,129,59,70,4,2,2,1,0,1,30,19,11
JONES COUNTY,253,74 Years,137,68,69,115,56,59,5,2,3,2,1,1,15,9,6
JONES COUNTY,253,75 Years,141,67,74,115,54,61,6,2,4,2,1,1,18,10,8
JONES COUNTY,253,76 Years,135,64,71,107,53,54,2,0,2,4,2,2,22,9,13
JONES COUNTY,253,77 Years,113,54,59,90,42,48,4,2,2,1,0,1,18,10,8
JONES COUNTY,253,78 Years,113,53,60,93,44,49,3,1,2,4,2,2,13,6,7
JONES COUNTY,253,79 Years,108,48,60,89,42,47,5,3,2,1,0,1,13,3,10
JONES COUNTY,253,80 Years,91,40,51,77,34,43,5,3,2,0,0,0,9,3,6
JONES COUNTY,253,81 Years,78,32,46,60,26,34,2,0,2,1,1,0,15,5,10
JONES COUNTY,253,82 Years,71,24,47,54,19,35,4,0,4,3,1,2,10,4,6
JONES COUNTY,253,83 Years,64,26,38,51,20,31,2,1,1,2,1,1,9,4,5
JONES COUNTY,253,84 Years,73,27,46,57,20,37,3,3,0,2,0,2,11,4,7
JONES COUNTY,253,85 Years +,342,124,218,277,98,179,14,5,9,10,2,8,41,19,22
KARNES COUNTY,255,All Ages,15510,9251,6259,6132,3345,2787,1347,1250,97,154,80,74,7877,4576,3301
KARNES COUNTY,255,< 1 Year,158,82,76,51,29,22,4,2,2,6,3,3,97,48,49
KARNES COUNTY,255,1 Years,162,87,75,54,32,22,3,2,1,5,2,3,100,51,49
KARNES COUNTY,255,2 Years,160,87,73,57,34,23,3,2,1,2,1,1,98,50,48
KARNES COUNTY,255,3 Years,156,83,73,56,32,24,3,3,0,2,1,1,95,47,48
KARNES COUNTY,255,4 Years,143,72,71,52,27,25,2,1,1,0,0,0,89,44,45
KARNES COUNTY,255,5 Years,132,65,67,44,23,21,4,2,2,3,1,2,81,39,42
KARNES COUNTY,255,6 Years,142,76,66,48,33,15,4,3,1,3,0,3,87,40,47
KARNES COUNTY,255,7 Years,148,75,73,38,25,13,4,1,3,2,1,1,104,48,56
KARNES COUNTY,255,8 Years,150,72,78,45,21,24,1,0,1,3,2,1,101,49,52
KARNES COUNTY,255,9 Years,168,84,84,50,26,24,5,3,2,4,2,2,109,53,56
KARNES COUNTY,255,10 Years,181,92,89,56,32,24,8,6,2,4,2,2,113,52,61
KARNES COUNTY,255,11 Years,157,82,75,49,30,19,5,4,1,2,1,1,101,47,54
KARNES COUNTY,255,12 Years,163,87,76,48,24,24,3,2,1,3,1,2,109,60,49
KARNES COUNTY,255,13 Years,183,97,86,64,30,34,1,0,1,4,2,2,114,65,49
KARNES COUNTY,255,14 Years,164,84,80,53,25,28,2,1,1,4,2,2,105,56,49
KARNES COUNTY,255,15 Years,175,84,91,60,27,33,2,1,1,4,4,0,109,52,57
KARNES COUNTY,255,16 Years,179,88,91,60,26,34,1,0,1,2,2,0,116,60,56
KARNES COUNTY,255,17 Years,175,90,85,59,30,29,4,2,2,3,2,1,109,56,53
KARNES COUNTY,255,18 Years,173,96,77,56,34,22,6,5,1,2,1,1,109,56,53
KARNES COUNTY,255,19 Years,200,123,77,63,35,28,14,13,1,0,0,0,123,75,48
KARNES COUNTY,255,20 Years,206,137,69,59,35,24,21,21,0,1,0,1,125,81,44
KARNES COUNTY,255,21 Years,218,145,73,63,38,25,26,24,2,2,2,0,127,81,46
KARNES COUNTY,255,22 Years,232,157,75,65,39,26,32,30,2,1,0,1,134,88,46
KARNES COUNTY,255,23 Years,275,192,83,75,46,29,38,36,2,2,1,1,160,109,51
KARNES COUNTY,255,24 Years,280,202,78,75,47,28,51,51,0,3,1,2,151,103,48
KARNES COUNTY,255,25 Years,283,203,80,70,40,30,57,57,0,1,1,0,155,105,50
KARNES COUNTY,255,26 Years,276,202,74,70,48,22,52,52,0,3,2,1,151,100,51
KARNES COUNTY,255,27 Years,239,180,59,52,34,18,49,47,2,3,2,1,135,97,38
KARNES COUNTY,255,28 Years,259,191,68,75,50,25,49,46,3,3,3,0,132,92,40
KARNES COUNTY,255,29 Years,261,200,61,72,47,25,63,62,1,2,1,1,124,90,34
KARNES COUNTY,255,30 Years,249,179,70,68,45,23,51,48,3,4,1,3,126,85,41
KARNES COUNTY,255,31 Years,248,189,59,58,36,22,56,54,2,4,3,1,130,96,34
KARNES COUNTY,255,32 Years,231,176,55,58,38,20,37,35,2,1,1,0,135,102,33
KARNES COUNTY,255,33 Years,222,169,53,59,40,19,44,43,1,2,2,0,117,84,33
KARNES COUNTY,255,34 Years,223,165,58,56,36,20,48,46,2,3,2,1,116,81,35
KARNES COUNTY,255,35 Years,235,169,66,66,43,23,48,46,2,1,0,1,120,80,40
KARNES COUNTY,255,36 Years,238,170,68,63,38,25,37,37,0,1,0,1,137,95,42
KARNES COUNTY,255,37 Years,206,145,61,47,26,21,40,39,1,1,0,1,118,80,38
KARNES COUNTY,255,38 Years,180,125,55,49,29,20,26,25,1,3,2,1,102,69,33
KARNES COUNTY,255,39 Years,193,132,61,46,27,19,29,28,1,1,1,0,117,76,41
KARNES COUNTY,255,40 Years,192,133,59,58,35,23,32,31,1,2,2,0,100,65,35
KARNES COUNTY,255,41 Years,196,138,58,61,41,20,24,23,1,0,0,0,111,74,37
KARNES COUNTY,255,42 Years,187,123,64,56,31,25,28,26,2,2,0,2,101,66,35
KARNES COUNTY,255,43 Years,174,111,63,59,38,21,20,19,1,2,1,1,93,53,40
KARNES COUNTY,255,44 Years,201,137,64,66,41,25,24,23,1,1,1,0,110,72,38
KARNES COUNTY,255,45 Years,198,130,68,83,50,33,21,21,0,0,0,0,94,59,35
KARNES COUNTY,255,46 Years,219,146,73,92,58,34,24,23,1,1,1,0,102,64,38
KARNES COUNTY,255,47 Years,187,127,60,66,37,29,21,19,2,1,1,0,99,70,29
KARNES COUNTY,255,48 Years,189,113,76,84,44,40,19,18,1,2,2,0,84,49,35
KARNES COUNTY,255,49 Years,186,111,75,75,36,39,17,17,0,3,3,0,91,55,36
KARNES COUNTY,255,50 Years,190,111,79,76,40,36,14,13,1,3,1,2,97,57,40
KARNES COUNTY,255,51 Years,222,127,95,110,62,48,14,13,1,4,0,4,94,52,42
KARNES COUNTY,255,52 Years,224,137,87,116,67,49,17,16,1,3,2,1,88,52,36
KARNES COUNTY,255,53 Years,199,121,78,96,55,41,14,14,0,2,1,1,87,51,36
KARNES COUNTY,255,54 Years,205,127,78,90,58,32,9,8,1,2,1,1,104,60,44
KARNES COUNTY,255,55 Years,214,130,84,102,63,39,14,12,2,2,1,1,96,54,42
KARNES COUNTY,255,56 Years,197,110,87,111,62,49,8,7,1,3,2,1,75,39,36
KARNES COUNTY,255,57 Years,198,101,97,104,52,52,7,5,2,1,0,1,86,44,42
KARNES COUNTY,255,58 Years,202,94,108,104,45,59,6,5,1,0,0,0,92,44,48
KARNES COUNTY,255,59 Years,221,114,107,115,57,58,8,5,3,3,0,3,95,52,43
KARNES COUNTY,255,60 Years,214,115,99,119,60,59,6,4,2,1,1,0,88,50,38
KARNES COUNTY,255,61 Years,207,103,104,116,61,55,8,5,3,0,0,0,83,37,46
KARNES COUNTY,255,62 Years,212,107,105,119,57,62,8,6,2,2,1,1,83,43,40
KARNES COUNTY,255,63 Years,208,105,103,122,57,65,7,6,1,1,0,1,78,42,36
KARNES COUNTY,255,64 Years,183,85,98,114,52,62,1,1,0,3,1,2,65,31,34
KARNES COUNTY,255,65 Years,173,87,86,104,54,50,1,1,0,2,1,1,66,31,35
KARNES COUNTY,255,66 Years,160,85,75,93,53,40,3,3,0,1,0,1,63,29,34
KARNES COUNTY,255,67 Years,153,81,72,96,54,42,0,0,0,1,0,1,56,27,29
KARNES COUNTY,255,68 Years,168,88,80,102,56,46,3,2,1,0,0,0,63,30,33
KARNES COUNTY,255,69 Years,165,88,77,101,55,46,6,5,1,0,0,0,58,28,30
KARNES COUNTY,255,70 Years,125,57,68,70,33,37,3,2,1,2,1,1,50,21,29
KARNES COUNTY,255,71 Years,106,48,58,58,26,32,2,2,0,0,0,0,46,20,26
KARNES COUNTY,255,72 Years,110,51,59,66,32,34,2,1,1,1,1,0,41,17,24
KARNES COUNTY,255,73 Years,100,51,49,62,32,30,2,1,1,0,0,0,36,18,18
KARNES COUNTY,255,74 Years,94,47,47,57,28,29,2,1,1,0,0,0,35,18,17
KARNES COUNTY,255,75 Years,99,50,49,61,32,29,1,1,0,0,0,0,37,17,20
KARNES COUNTY,255,76 Years,87,41,46,55,30,25,0,0,0,1,0,1,31,11,20
KARNES COUNTY,255,77 Years,93,43,50,58,29,29,3,2,1,2,0,2,30,12,18
KARNES COUNTY,255,78 Years,87,40,47,52,24,28,1,1,0,0,0,0,34,15,19
KARNES COUNTY,255,79 Years,80,40,40,50,22,28,2,2,0,0,0,0,28,16,12
KARNES COUNTY,255,80 Years,83,36,47,56,25,31,2,1,1,0,0,0,25,10,15
KARNES COUNTY,255,81 Years,78,29,49,47,21,26,1,0,1,0,0,0,30,8,22
KARNES COUNTY,255,82 Years,71,26,45,42,17,25,1,1,0,0,0,0,28,8,20
KARNES COUNTY,255,83 Years,68,29,39,45,19,26,1,1,0,0,0,0,22,9,13
KARNES COUNTY,255,84 Years,54,23,31,37,15,22,0,0,0,0,0,0,17,8,9
KARNES COUNTY,255,85 Years +,308,121,187,197,72,125,7,3,4,0,0,0,104,46,58
KAUFMAN COUNTY,257,All Ages,119025,57904,61121,77968,37624,40344,12572,5993,6579,4158,1942,2216,24327,12345,11982
KAUFMAN COUNTY,257,< 1 Year,1516,802,714,833,450,383,157,80,77,105,52,53,421,220,201
KAUFMAN COUNTY,257,1 Years,1497,779,718,829,442,387,160,79,81,105,49,56,403,209,194
KAUFMAN COUNTY,257,2 Years,1459,747,712,826,436,390,158,78,80,97,40,57,378,193,185
KAUFMAN COUNTY,257,3 Years,1442,732,710,840,435,405,151,72,79,87,37,50,364,188,176
KAUFMAN COUNTY,257,4 Years,1423,719,704,827,426,401,147,72,75,84,33,51,365,188,177
KAUFMAN COUNTY,257,5 Years,1445,737,708,828,433,395,145,69,76,99,42,57,373,193,180
KAUFMAN COUNTY,257,6 Years,1454,730,724,810,401,409,151,75,76,83,41,42,410,213,197
KAUFMAN COUNTY,257,7 Years,1491,742,749,835,409,426,147,77,70,83,38,45,426,218,208
KAUFMAN COUNTY,257,8 Years,1649,796,853,945,437,508,166,84,82,96,44,52,442,231,211
KAUFMAN COUNTY,257,9 Years,1744,869,875,1017,502,515,173,91,82,100,47,53,454,229,225
KAUFMAN COUNTY,257,10 Years,1862,934,928,1065,538,527,167,82,85,103,51,52,527,263,264
KAUFMAN COUNTY,257,11 Years,1896,968,928,1063,542,521,191,96,95,99,47,52,543,283,260
KAUFMAN COUNTY,257,12 Years,1972,1019,953,1104,578,526,193,96,97,90,46,44,585,299,286
KAUFMAN COUNTY,257,13 Years,2032,1035,997,1149,578,571,193,101,92,92,46,46,598,310,288
KAUFMAN COUNTY,257,14 Years,2125,1069,1056,1217,600,617,209,100,109,94,49,45,605,320,285
KAUFMAN COUNTY,257,15 Years,2207,1123,1084,1272,642,630,214,101,113,97,50,47,624,330,294
KAUFMAN COUNTY,257,16 Years,2158,1119,1039,1244,627,617,207,104,103,86,47,39,621,341,280
KAUFMAN COUNTY,257,17 Years,2069,1072,997,1206,611,595,209,112,97,75,38,37,579,311,268
KAUFMAN COUNTY,257,18 Years,1950,1029,921,1105,585,520,189,104,85,75,38,37,581,302,279
KAUFMAN COUNTY,257,19 Years,1753,934,819,979,515,464,197,108,89,64,32,32,513,279,234
KAUFMAN COUNTY,257,20 Years,1653,864,789,896,472,424,211,102,109,62,28,34,484,262,222
KAUFMAN COUNTY,257,21 Years,1578,833,745,842,458,384,227,109,118,66,30,36,443,236,207
KAUFMAN COUNTY,257,22 Years,1535,765,770,808,410,398,221,105,116,63,30,33,443,220,223
KAUFMAN COUNTY,257,23 Years,1492,730,762,805,397,408,212,98,114,62,31,31,413,204,209
KAUFMAN COUNTY,257,24 Years,1434,704,730,797,397,400,230,108,122,49,24,25,358,175,183
KAUFMAN COUNTY,257,25 Years,1274,642,632,687,352,335,201,89,112,47,26,21,339,175,164
KAUFMAN COUNTY,257,26 Years,1222,625,597,665,351,314,180,80,100,42,23,19,335,171,164
KAUFMAN COUNTY,257,27 Years,1142,576,566,620,310,310,145,69,76,38,22,16,339,175,164
KAUFMAN COUNTY,257,28 Years,1103,542,561,632,294,338,115,59,56,39,19,20,317,170,147
KAUFMAN COUNTY,257,29 Years,1177,585,592,704,337,367,127,66,61,42,17,25,304,165,139
KAUFMAN COUNTY,257,30 Years,1241,596,645,745,349,396,142,65,77,39,18,21,315,164,151
KAUFMAN COUNTY,257,31 Years,1266,596,670,778,366,412,143,69,74,33,15,18,312,146,166
KAUFMAN COUNTY,257,32 Years,1369,641,728,871,399,472,142,66,76,36,17,19,320,159,161
KAUFMAN COUNTY,257,33 Years,1509,698,811,956,426,530,152,77,75,40,17,23,361,178,183
KAUFMAN COUNTY,257,34 Years,1573,714,859,1025,450,575,155,83,72,41,16,25,352,165,187
KAUFMAN COUNTY,257,35 Years,1701,777,924,1134,502,632,145,76,69,40,20,20,382,179,203
KAUFMAN COUNTY,257,36 Years,1748,812,936,1177,533,644,133,65,68,39,18,21,399,196,203
KAUFMAN COUNTY,257,37 Years,1751,820,931,1179,548,631,142,66,76,41,19,22,389,187,202
KAUFMAN COUNTY,257,38 Years,1767,836,931,1163,548,615,163,78,85,40,18,22,401,192,209
KAUFMAN COUNTY,257,39 Years,1762,838,924,1139,545,594,162,69,93,49,20,29,412,204,208
KAUFMAN COUNTY,257,40 Years,1804,850,954,1180,564,616,171,69,102,47,18,29,406,199,207
KAUFMAN COUNTY,257,41 Years,1816,856,960,1180,559,621,185,83,102,46,17,29,405,197,208
KAUFMAN COUNTY,257,42 Years,1771,820,951,1156,532,624,192,91,101,51,22,29,372,175,197
KAUFMAN COUNTY,257,43 Years,1759,810,949,1133,518,615,205,99,106,54,21,33,367,172,195
KAUFMAN COUNTY,257,44 Years,1803,828,975,1189,545,644,206,99,107,49,23,26,359,161,198
KAUFMAN COUNTY,257,45 Years,1815,852,963,1218,576,642,205,94,111,49,25,24,343,157,186
KAUFMAN COUNTY,257,46 Years,1792,867,925,1198,583,615,204,98,106,59,30,29,331,156,175
KAUFMAN COUNTY,257,47 Years,1693,809,884,1113,528,585,195,93,102,58,29,29,327,159,168
KAUFMAN COUNTY,257,48 Years,1587,779,808,1049,509,540,189,91,98,44,21,23,305,158,147
KAUFMAN COUNTY,257,49 Years,1597,772,825,1073,509,564,195,95,100,37,18,19,292,150,142
KAUFMAN COUNTY,257,50 Years,1570,748,822,1051,496,555,213,101,112,37,15,22,269,136,133
KAUFMAN COUNTY,257,51 Years,1623,780,843,1087,525,562,212,97,115,43,20,23,281,138,143
KAUFMAN COUNTY,257,52 Years,1686,819,867,1181,573,608,198,88,110,42,22,20,265,136,129
KAUFMAN COUNTY,257,53 Years,1639,802,837,1178,574,604,178,80,98,36,17,19,247,131,116
KAUFMAN COUNTY,257,54 Years,1591,798,793,1167,589,578,173,80,93,34,13,21,217,116,101
KAUFMAN COUNTY,257,55 Years,1620,798,822,1208,599,609,166,74,92,41,19,22,205,106,99
KAUFMAN COUNTY,257,56 Years,1643,802,841,1253,604,649,159,74,85,46,25,21,185,99,86
KAUFMAN COUNTY,257,57 Years,1563,763,800,1214,580,634,155,74,81,44,23,21,150,86,64
KAUFMAN COUNTY,257,58 Years,1584,773,811,1241,606,635,167,75,92,42,22,20,134,70,64
KAUFMAN COUNTY,257,59 Years,1493,734,759,1174,572,602,150,75,75,40,17,23,129,70,59
KAUFMAN COUNTY,257,60 Years,1411,683,728,1082,517,565,144,71,73,47,22,25,138,73,65
KAUFMAN COUNTY,257,61 Years,1380,665,715,1076,520,556,131,58,73,42,20,22,131,67,64
KAUFMAN COUNTY,257,62 Years,1311,653,658,1035,512,523,125,61,64,34,17,17,117,63,54
KAUFMAN COUNTY,257,63 Years,1276,632,644,1008,497,511,126,63,63,33,15,18,109,57,52
KAUFMAN COUNTY,257,64 Years,1194,567,627,944,447,497,123,62,61,30,14,16,97,44,53
KAUFMAN COUNTY,257,65 Years,1127,532,595,880,410,470,123,63,60,30,14,16,94,45,49
KAUFMAN COUNTY,257,66 Years,1121,520,601,889,413,476,118,56,62,33,13,20,81,38,43
KAUFMAN COUNTY,257,67 Years,1083,522,561,868,423,445,107,50,57,28,13,15,80,36,44
KAUFMAN COUNTY,257,68 Years,1044,494,550,833,400,433,105,43,62,21,8,13,85,43,42
KAUFMAN COUNTY,257,69 Years,979,458,521,796,379,417,93,37,56,23,8,15,67,34,33
KAUFMAN COUNTY,257,70 Years,863,394,469,684,323,361,85,33,52,26,8,18,68,30,38
KAUFMAN COUNTY,257,71 Years,795,351,444,635,284,351,71,30,41,25,9,16,64,28,36
KAUFMAN COUNTY,257,72 Years,740,337,403,597,271,326,67,32,35,19,8,11,57,26,31
KAUFMAN COUNTY,257,73 Years,709,315,394,588,259,329,57,28,29,18,9,9,46,19,27
KAUFMAN COUNTY,257,74 Years,657,299,358,543,250,293,57,29,28,17,5,12,40,15,25
KAUFMAN COUNTY,257,75 Years,600,280,320,498,234,264,55,25,30,17,6,11,30,15,15
KAUFMAN COUNTY,257,76 Years,538,259,279,451,218,233,54,22,32,11,7,4,22,12,10
KAUFMAN COUNTY,257,77 Years,504,232,272,424,196,228,47,19,28,9,4,5,24,13,11
KAUFMAN COUNTY,257,78 Years,431,190,241,357,158,199,39,16,23,10,5,5,25,11,14
KAUFMAN COUNTY,257,79 Years,391,177,214,317,146,171,39,14,25,11,6,5,24,11,13
KAUFMAN COUNTY,257,80 Years,359,161,198,304,139,165,28,10,18,12,3,9,15,9,6
KAUFMAN COUNTY,257,81 Years,342,139,203,298,119,179,20,8,12,11,4,7,13,8,5
KAUFMAN COUNTY,257,82 Years,306,125,181,269,109,160,20,7,13,6,4,2,11,5,6
KAUFMAN COUNTY,257,83 Years,292,120,172,251,104,147,26,9,17,3,2,1,12,5,7
KAUFMAN COUNTY,257,84 Years,254,101,153,221,91,130,19,6,13,4,0,4,10,4,6
KAUFMAN COUNTY,257,85 Years +,1428,489,939,1260,433,827,103,31,72,17,6,11,48,19,29
KENDALL COUNTY,259,All Ages,42324,20274,22050,31878,14931,16947,163,93,70,907,445,462,9376,4805,4571
KENDALL COUNTY,259,< 1 Year,402,203,199,250,122,128,3,2,1,8,4,4,141,75,66
KENDALL COUNTY,259,1 Years,401,204,197,257,129,128,2,1,1,5,2,3,137,72,65
KENDALL COUNTY,259,2 Years,384,200,184,248,125,123,3,2,1,5,2,3,128,71,57
KENDALL COUNTY,259,3 Years,373,191,182,244,125,119,1,1,0,8,6,2,120,59,61
KENDALL COUNTY,259,4 Years,367,185,182,235,116,119,2,1,1,6,4,2,124,64,60
KENDALL COUNTY,259,5 Years,384,187,197,242,116,126,1,1,0,7,5,2,134,65,69
KENDALL COUNTY,259,6 Years,395,192,203,250,122,128,1,1,0,9,5,4,135,64,71
KENDALL COUNTY,259,7 Years,385,189,196,244,119,125,0,0,0,11,6,5,130,64,66
KENDALL COUNTY,259,8 Years,429,220,209,277,143,134,1,1,0,7,3,4,144,73,71
KENDALL COUNTY,259,9 Years,440,219,221,294,148,146,1,1,0,9,3,6,136,67,69
KENDALL COUNTY,259,10 Years,506,237,269,334,154,180,2,1,1,15,5,10,155,77,78
KENDALL COUNTY,259,11 Years,563,261,302,368,166,202,2,1,1,22,9,13,171,85,86
KENDALL COUNTY,259,12 Years,571,286,285,401,190,211,2,1,1,13,8,5,155,87,68
KENDALL COUNTY,259,13 Years,594,292,302,411,195,216,3,1,2,10,5,5,170,91,79
KENDALL COUNTY,259,14 Years,644,331,313,431,210,221,3,2,1,18,7,11,192,112,80
KENDALL COUNTY,259,15 Years,684,341,343,463,220,243,1,1,0,16,7,9,204,113,91
KENDALL COUNTY,259,16 Years,707,343,364,483,225,258,2,1,1,15,7,8,207,110,97
KENDALL COUNTY,259,17 Years,698,360,338,469,231,238,3,2,1,21,11,10,205,116,89
KENDALL COUNTY,259,18 Years,652,338,314,428,218,210,4,2,2,29,12,17,191,106,85
KENDALL COUNTY,259,19 Years,600,313,287,365,185,180,5,2,3,26,12,14,204,114,90
KENDALL COUNTY,259,20 Years,598,314,284,368,187,181,4,2,2,24,14,10,202,111,91
KENDALL COUNTY,259,21 Years,553,268,285,341,167,174,7,3,4,21,12,9,184,86,98
KENDALL COUNTY,259,22 Years,480,231,249,294,137,157,2,1,1,16,10,6,168,83,85
KENDALL COUNTY,259,23 Years,487,238,249,304,149,155,5,3,2,12,8,4,166,78,88
KENDALL COUNTY,259,24 Years,454,227,227,300,154,146,3,2,1,11,6,5,140,65,75
KENDALL COUNTY,259,25 Years,394,203,191,244,121,123,1,0,1,10,6,4,139,76,63
KENDALL COUNTY,259,26 Years,325,179,146,210,116,94,1,0,1,6,5,1,108,58,50
KENDALL COUNTY,259,27 Years,304,177,127,192,117,75,1,0,1,11,8,3,100,52,48
KENDALL COUNTY,259,28 Years,300,158,142,186,92,94,3,3,0,9,6,3,102,57,45
KENDALL COUNTY,259,29 Years,271,137,134,149,74,75,2,2,0,7,4,3,113,57,56
KENDALL COUNTY,259,30 Years,303,163,140,187,103,84,1,1,0,5,3,2,110,56,54
KENDALL COUNTY,259,31 Years,297,157,140,175,84,91,2,0,2,4,3,1,116,70,46
KENDALL COUNTY,259,32 Years,302,148,154,185,86,99,1,0,1,1,0,1,115,62,53
KENDALL COUNTY,259,33 Years,339,168,171,218,104,114,0,0,0,4,2,2,117,62,55
KENDALL COUNTY,259,34 Years,354,173,181,230,106,124,1,1,0,6,2,4,117,64,53
KENDALL COUNTY,259,35 Years,380,184,196,246,114,132,1,1,0,5,1,4,128,68,60
KENDALL COUNTY,259,36 Years,383,179,204,260,115,145,0,0,0,4,2,2,119,62,57
KENDALL COUNTY,259,37 Years,403,181,222,269,116,153,2,0,2,9,3,6,123,62,61
KENDALL COUNTY,259,38 Years,412,194,218,288,130,158,2,1,1,7,4,3,115,59,56
KENDALL COUNTY,259,39 Years,428,216,212,302,150,152,2,1,1,6,3,3,118,62,56
KENDALL COUNTY,259,40 Years,463,237,226,323,162,161,0,0,0,8,4,4,132,71,61
KENDALL COUNTY,259,41 Years,486,235,251,352,168,184,2,2,0,9,4,5,123,61,62
KENDALL COUNTY,259,42 Years,485,227,258,359,168,191,0,0,0,9,5,4,117,54,63
KENDALL COUNTY,259,43 Years,503,230,273,368,165,203,1,1,0,4,2,2,130,62,68
KENDALL COUNTY,259,44 Years,538,242,296,404,173,231,1,1,0,11,4,7,122,64,58
KENDALL COUNTY,259,45 Years,577,243,334,448,184,264,3,1,2,14,6,8,112,52,60
KENDALL COUNTY,259,46 Years,570,252,318,443,193,250,2,1,1,17,9,8,108,49,59
KENDALL COUNTY,259,47 Years,564,259,305,440,198,242,1,1,0,17,9,8,106,51,55
KENDALL COUNTY,259,48 Years,593,263,330,440,188,252,2,2,0,19,10,9,132,63,69
KENDALL COUNTY,259,49 Years,609,280,329,455,209,246,2,1,1,18,9,9,134,61,73
KENDALL COUNTY,259,50 Years,626,302,324,474,226,248,0,0,0,16,8,8,136,68,68
KENDALL COUNTY,259,51 Years,711,332,379,549,253,296,1,1,0,18,9,9,143,69,74
KENDALL COUNTY,259,52 Years,722,342,380,555,258,297,2,1,1,19,8,11,146,75,71
KENDALL COUNTY,259,53 Years,698,325,373,566,260,306,3,2,1,16,5,11,113,58,55
KENDALL COUNTY,259,54 Years,722,320,402,580,253,327,5,2,3,11,3,8,126,62,64
KENDALL COUNTY,259,55 Years,711,324,387,578,258,320,3,1,2,10,3,7,120,62,58
KENDALL COUNTY,259,56 Years,712,331,381,582,268,314,1,0,1,11,4,7,118,59,59
KENDALL COUNTY,259,57 Years,700,325,375,590,272,318,2,1,1,13,6,7,95,46,49
KENDALL COUNTY,259,58 Years,705,334,371,595,270,325,3,2,1,13,8,5,94,54,40
KENDALL COUNTY,259,59 Years,698,333,365,585,275,310,4,1,3,11,7,4,98,50,48
KENDALL COUNTY,259,60 Years,640,285,355,544,237,307,1,0,1,11,4,7,84,44,40
KENDALL COUNTY,259,61 Years,665,303,362,573,253,320,2,1,1,14,10,4,76,39,37
KENDALL COUNTY,259,62 Years,679,325,354,588,276,312,1,0,1,11,7,4,79,42,37
KENDALL COUNTY,259,63 Years,640,301,339,553,256,297,2,1,1,9,5,4,76,39,37
KENDALL COUNTY,259,64 Years,621,283,338,535,235,300,5,5,0,9,5,4,72,38,34
KENDALL COUNTY,259,65 Years,634,298,336,549,250,299,8,6,2,7,2,5,70,40,30
KENDALL COUNTY,259,66 Years,623,295,328,540,252,288,4,3,1,10,2,8,69,38,31
KENDALL COUNTY,259,67 Years,614,302,312,533,265,268,4,2,2,9,3,6,68,32,36
KENDALL COUNTY,259,68 Years,629,309,320,554,274,280,2,1,1,9,3,6,64,31,33
KENDALL COUNTY,259,69 Years,624,302,322,562,275,287,2,2,0,8,3,5,52,22,30
KENDALL COUNTY,259,70 Years,516,254,262,463,229,234,2,1,1,8,3,5,43,21,22
KENDALL COUNTY,259,71 Years,497,244,253,444,217,227,1,1,0,12,7,5,40,19,21
KENDALL COUNTY,259,72 Years,470,230,240,429,213,216,0,0,0,9,5,4,32,12,20
KENDALL COUNTY,259,73 Years,436,207,229,391,185,206,2,2,0,10,4,6,33,16,17
KENDALL COUNTY,259,74 Years,392,187,205,340,163,177,0,0,0,8,4,4,44,20,24
KENDALL COUNTY,259,75 Years,340,153,187,296,133,163,0,0,0,3,2,1,41,18,23
KENDALL COUNTY,259,76 Years,299,132,167,261,115,146,1,0,1,3,2,1,34,15,19
KENDALL COUNTY,259,77 Years,290,142,148,260,127,133,1,0,1,3,2,1,26,13,13
KENDALL COUNTY,259,78 Years,256,133,123,230,118,112,1,0,1,4,2,2,21,13,8
KENDALL COUNTY,259,79 Years,245,118,127,219,106,113,0,0,0,6,2,4,20,10,10
KENDALL COUNTY,259,80 Years,218,99,119,194,87,107,0,0,0,7,3,4,17,9,8
KENDALL COUNTY,259,81 Years,187,87,100,164,79,85,0,0,0,6,3,3,17,5,12
KENDALL COUNTY,259,82 Years,190,93,97,162,81,81,1,1,0,8,4,4,19,7,12
KENDALL COUNTY,259,83 Years,174,76,98,150,65,85,0,0,0,7,3,4,17,8,9
KENDALL COUNTY,259,84 Years,146,71,75,132,63,69,0,0,0,2,1,1,12,7,5
KENDALL COUNTY,259,85 Years +,960,322,638,884,295,589,2,0,2,12,6,6,62,21,41
KENEDY COUNTY,261,All Ages,418,217,201,89,43,46,1,0,1,11,6,5,317,168,149
KENEDY COUNTY,261,< 1 Year,0,0,0,0,0,0,0,0,0,0,0,0,0,0,0
KENEDY COUNTY,261,1 Years,4,2,2,0,0,0,0,0,0,0,0,0,4,2,2
KENEDY COUNTY,261,2 Years,4,2,2,0,0,0,0,0,0,0,0,0,4,2,2
KENEDY COUNTY,261,3 Years,6,3,3,0,0,0,0,0,0,0,0,0,6,3,3
KENEDY COUNTY,261,4 Years,7,4,3,2,2,0,0,0,0,0,0,0,5,2,3
KENEDY COUNTY,261,5 Years,4,2,2,2,1,1,0,0,0,0,0,0,2,1,1
KENEDY COUNTY,261,6 Years,10,6,4,4,2,2,0,0,0,2,2,0,4,2,2
KENEDY COUNTY,261,7 Years,6,3,3,2,0,2,0,0,0,1,1,0,3,2,1
KENEDY COUNTY,261,8 Years,6,3,3,2,0,2,0,0,0,1,0,1,3,3,0
KENEDY COUNTY,261,9 Years,3,3,0,0,0,0,0,0,0,0,0,0,3,3,0
KENEDY COUNTY,261,10 Years,4,2,2,1,0,1,0,0,0,0,0,0,3,2,1
KENEDY COUNTY,261,11 Years,3,0,3,0,0,0,0,0,0,0,0,0,3,0,3
KENEDY COUNTY,261,12 Years,4,1,3,0,0,0,0,0,0,0,0,0,4,1,3
KENEDY COUNTY,261,13 Years,2,2,0,0,0,0,0,0,0,0,0,0,2,2,0
KENEDY COUNTY,261,14 Years,5,3,2,1,1,0,0,0,0,0,0,0,4,2,2
KENEDY COUNTY,261,15 Years,5,2,3,2,1,1,0,0,0,0,0,0,3,1,2
KENEDY COUNTY,261,16 Years,5,3,2,1,0,1,0,0,0,0,0,0,4,3,1
KENEDY COUNTY,261,17 Years,7,4,3,2,1,1,0,0,0,0,0,0,5,3,2
KENEDY COUNTY,261,18 Years,7,3,4,1,0,1,0,0,0,0,0,0,6,3,3
KENEDY COUNTY,261,19 Years,6,4,2,0,0,0,0,0,0,0,0,0,6,4,2
KENEDY COUNTY,261,20 Years,5,3,2,1,0,1,0,0,0,0,0,0,4,3,1
KENEDY COUNTY,261,21 Years,4,3,1,0,0,0,0,0,0,0,0,0,4,3,1
KENEDY COUNTY,261,22 Years,6,3,3,0,0,0,0,0,0,1,0,1,5,3,2
KENEDY COUNTY,261,23 Years,10,4,6,3,0,3,0,0,0,1,0,1,6,4,2
KENEDY COUNTY,261,24 Years,7,4,3,2,1,1,0,0,0,0,0,0,5,3,2
KENEDY COUNTY,261,25 Years,2,2,0,1,1,0,0,0,0,0,0,0,1,1,0
KENEDY COUNTY,261,26 Years,3,0,3,0,0,0,0,0,0,0,0,0,3,0,3
KENEDY COUNTY,261,27 Years,6,1,5,1,1,0,1,0,1,0,0,0,4,0,4
KENEDY COUNTY,261,28 Years,3,2,1,1,1,0,0,0,0,0,0,0,2,1,1
KENEDY COUNTY,261,29 Years,12,7,5,1,1,0,0,0,0,1,1,0,10,5,5
KENEDY COUNTY,261,30 Years,7,5,2,2,1,1,0,0,0,1,1,0,4,3,1
KENEDY COUNTY,261,31 Years,4,3,1,2,1,1,0,0,0,0,0,0,2,2,0
KENEDY COUNTY,261,32 Years,5,4,1,2,2,0,0,0,0,0,0,0,3,2,1
KENEDY COUNTY,261,33 Years,3,1,2,2,0,2,0,0,0,0,0,0,1,1,0
KENEDY COUNTY,261,34 Years,4,2,2,1,1,0,0,0,0,0,0,0,3,1,2
KENEDY COUNTY,261,35 Years,9,4,5,2,1,1,0,0,0,0,0,0,7,3,4
KENEDY COUNTY,261,36 Years,4,1,3,1,0,1,0,0,0,0,0,0,3,1,2
KENEDY COUNTY,261,37 Years,3,0,3,0,0,0,0,0,0,0,0,0,3,0,3
KENEDY COUNTY,261,38 Years,4,2,2,2,1,1,0,0,0,0,0,0,2,1,1
KENEDY COUNTY,261,39 Years,3,1,2,1,0,1,0,0,0,0,0,0,2,1,1
KENEDY COUNTY,261,40 Years,2,1,1,0,0,0,0,0,0,0,0,0,2,1,1
KENEDY COUNTY,261,41 Years,2,2,0,1,1,0,0,0,0,0,0,0,1,1,0
KENEDY COUNTY,261,42 Years,3,2,1,1,0,1,0,0,0,0,0,0,2,2,0
KENEDY COUNTY,261,43 Years,3,2,1,1,1,0,0,0,0,0,0,0,2,1,1
KENEDY COUNTY,261,44 Years,3,3,0,2,2,0,0,0,0,1,1,0,0,0,0
KENEDY COUNTY,261,45 Years,4,2,2,2,2,0,0,0,0,0,0,0,2,0,2
KENEDY COUNTY,261,46 Years,3,2,1,1,1,0,0,0,0,0,0,0,2,1,1
KENEDY COUNTY,261,47 Years,5,3,2,0,0,0,0,0,0,0,0,0,5,3,2
KENEDY COUNTY,261,48 Years,8,4,4,1,0,1,0,0,0,0,0,0,7,4,3
KENEDY COUNTY,261,49 Years,8,3,5,0,0,0,0,0,0,0,0,0,8,3,5
KENEDY COUNTY,261,50 Years,4,3,1,0,0,0,0,0,0,0,0,0,4,3,1
KENEDY COUNTY,261,51 Years,6,3,3,1,1,0,0,0,0,0,0,0,5,2,3
KENEDY COUNTY,261,52 Years,8,4,4,1,0,1,0,0,0,0,0,0,7,4,3
KENEDY COUNTY,261,53 Years,6,2,4,2,0,2,0,0,0,1,0,1,3,2,1
KENEDY COUNTY,261,54 Years,6,3,3,0,0,0,0,0,0,0,0,0,6,3,3
KENEDY COUNTY,261,55 Years,6,5,1,2,2,0,0,0,0,0,0,0,4,3,1
KENEDY COUNTY,261,56 Years,4,2,2,0,0,0,0,0,0,0,0,0,4,2,2
KENEDY COUNTY,261,57 Years,8,4,4,2,0,2,0,0,0,0,0,0,6,4,2
KENEDY COUNTY,261,58 Years,6,3,3,1,0,1,0,0,0,0,0,0,5,3,2
KENEDY COUNTY,261,59 Years,4,1,3,1,0,1,0,0,0,0,0,0,3,1,2
KENEDY COUNTY,261,60 Years,7,5,2,2,1,1,0,0,0,0,0,0,5,4,1
KENEDY COUNTY,261,61 Years,7,5,2,2,1,1,0,0,0,0,0,0,5,4,1
KENEDY COUNTY,261,62 Years,8,6,2,2,1,1,0,0,0,0,0,0,6,5,1
KENEDY COUNTY,261,63 Years,7,4,3,1,0,1,0,0,0,0,0,0,6,4,2
KENEDY COUNTY,261,64 Years,5,3,2,2,1,1,0,0,0,0,0,0,3,2,1
KENEDY COUNTY,261,65 Years,2,1,1,1,1,0,0,0,0,0,0,0,1,0,1
KENEDY COUNTY,261,66 Years,2,1,1,1,0,1,0,0,0,0,0,0,1,1,0
KENEDY COUNTY,261,67 Years,6,5,1,2,2,0,0,0,0,0,0,0,4,3,1
KENEDY COUNTY,261,68 Years,6,1,5,0,0,0,0,0,0,0,0,0,6,1,5
KENEDY COUNTY,261,69 Years,10,4,6,2,2,0,0,0,0,0,0,0,8,2,6
KENEDY COUNTY,261,70 Years,7,2,5,0,0,0,0,0,0,0,0,0,7,2,5
KENEDY COUNTY,261,71 Years,3,2,1,0,0,0,0,0,0,0,0,0,3,2,1
KENEDY COUNTY,261,72 Years,3,2,1,1,1,0,0,0,0,0,0,0,2,1,1
KENEDY COUNTY,261,73 Years,1,1,0,0,0,0,0,0,0,0,0,0,1,1,0
KENEDY COUNTY,261,74 Years,2,2,0,0,0,0,0,0,0,0,0,0,2,2,0
KENEDY COUNTY,261,75 Years,3,0,3,0,0,0,0,0,0,0,0,0,3,0,3
KENEDY COUNTY,261,76 Years,3,1,2,0,0,0,0,0,0,0,0,0,3,1,2
KENEDY COUNTY,261,77 Years,3,1,2,0,0,0,0,0,0,0,0,0,3,1,2
KENEDY COUNTY,261,78 Years,3,1,2,0,0,0,0,0,0,0,0,0,3,1,2
KENEDY COUNTY,261,79 Years,4,4,0,1,1,0,0,0,0,0,0,0,3,3,0
KENEDY COUNTY,261,80 Years,2,1,1,0,0,0,0,0,0,0,0,0,2,1,1
KENEDY COUNTY,261,81 Years,2,0,2,1,0,1,0,0,0,0,0,0,1,0,1
KENEDY COUNTY,261,82 Years,2,1,1,0,0,0,0,0,0,0,0,0,2,1,1
KENEDY COUNTY,261,83 Years,0,0,0,0,0,0,0,0,0,0,0,0,0,0,0
KENEDY COUNTY,261,84 Years,3,0,3,1,0,1,0,0,0,1,0,1,1,0,1
KENEDY COUNTY,261,85 Years +,16,6,10,6,2,4,0,0,0,0,0,0,10,4,6
KENT COUNTY,263,All Ages,813,398,415,663,320,343,8,2,6,13,6,7,129,70,59
KENT COUNTY,263,< 1 Year,7,2,5,7,2,5,0,0,0,0,0,0,0,0,0
KENT COUNTY,263,1 Years,8,4,4,8,4,4,0,0,0,0,0,0,0,0,0
KENT COUNTY,263,2 Years,10,6,4,10,6,4,0,0,0,0,0,0,0,0,0
KENT COUNTY,263,3 Years,10,5,5,6,2,4,0,0,0,0,0,0,4,3,1
KENT COUNTY,263,4 Years,9,5,4,5,2,3,0,0,0,0,0,0,4,3,1
KENT COUNTY,263,5 Years,6,3,3,4,2,2,0,0,0,0,0,0,2,1,1
KENT COUNTY,263,6 Years,9,4,5,6,3,3,1,1,0,0,0,0,2,0,2
KENT COUNTY,263,7 Years,9,5,4,5,3,2,0,0,0,0,0,0,4,2,2
KENT COUNTY,263,8 Years,7,5,2,5,4,1,0,0,0,0,0,0,2,1,1
KENT COUNTY,263,9 Years,8,5,3,5,3,2,0,0,0,1,0,1,2,2,0
KENT COUNTY,263,10 Years,6,3,3,3,2,1,0,0,0,0,0,0,3,1,2
KENT COUNTY,263,11 Years,7,5,2,5,4,1,0,0,0,0,0,0,2,1,1
KENT COUNTY,263,12 Years,12,6,6,9,3,6,0,0,0,0,0,0,3,3,0
KENT COUNTY,263,13 Years,9,4,5,7,3,4,0,0,0,0,0,0,2,1,1
KENT COUNTY,263,14 Years,16,9,7,11,6,5,0,0,0,0,0,0,5,3,2
KENT COUNTY,263,15 Years,13,8,5,8,5,3,0,0,0,0,0,0,5,3,2
KENT COUNTY,263,16 Years,12,7,5,6,3,3,0,0,0,0,0,0,6,4,2
KENT COUNTY,263,17 Years,10,5,5,6,3,3,0,0,0,0,0,0,4,2,2
KENT COUNTY,263,18 Years,10,4,6,6,3,3,0,0,0,1,0,1,3,1,2
KENT COUNTY,263,19 Years,10,3,7,7,3,4,0,0,0,1,0,1,2,0,2
KENT COUNTY,263,20 Years,13,7,6,10,6,4,0,0,0,1,1,0,2,0,2
KENT COUNTY,263,21 Years,11,7,4,9,6,3,0,0,0,0,0,0,2,1,1
KENT COUNTY,263,22 Years,8,5,3,5,2,3,1,1,0,0,0,0,2,2,0
KENT COUNTY,263,23 Years,11,5,6,9,4,5,0,0,0,1,1,0,1,0,1
KENT COUNTY,263,24 Years,9,4,5,7,3,4,0,0,0,0,0,0,2,1,1
KENT COUNTY,263,25 Years,9,5,4,8,5,3,0,0,0,0,0,0,1,0,1
KENT COUNTY,263,26 Years,5,2,3,4,2,2,0,0,0,0,0,0,1,0,1
KENT COUNTY,263,27 Years,4,3,1,4,3,1,0,0,0,0,0,0,0,0,0
KENT COUNTY,263,28 Years,5,2,3,5,2,3,0,0,0,0,0,0,0,0,0
KENT COUNTY,263,29 Years,6,3,3,5,2,3,0,0,0,1,1,0,0,0,0
KENT COUNTY,263,30 Years,5,3,2,5,3,2,0,0,0,0,0,0,0,0,0
KENT COUNTY,263,31 Years,7,5,2,6,4,2,0,0,0,0,0,0,1,1,0
KENT COUNTY,263,32 Years,5,4,1,4,3,1,0,0,0,0,0,0,1,1,0
KENT COUNTY,263,33 Years,7,2,5,7,2,5,0,0,0,0,0,0,0,0,0
KENT COUNTY,263,34 Years,5,1,4,5,1,4,0,0,0,0,0,0,0,0,0
KENT COUNTY,263,35 Years,7,1,6,6,1,5,0,0,0,0,0,0,1,0,1
KENT COUNTY,263,36 Years,9,8,1,6,5,1,0,0,0,0,0,0,3,3,0
KENT COUNTY,263,37 Years,6,5,1,3,3,0,0,0,0,1,1,0,2,1,1
KENT COUNTY,263,38 Years,3,2,1,1,1,0,0,0,0,1,1,0,1,0,1
KENT COUNTY,263,39 Years,4,2,2,3,1,2,0,0,0,0,0,0,1,1,0
KENT COUNTY,263,40 Years,6,2,4,4,2,2,2,0,2,0,0,0,0,0,0
KENT COUNTY,263,41 Years,9,3,6,6,3,3,1,0,1,0,0,0,2,0,2
KENT COUNTY,263,42 Years,6,3,3,5,3,2,0,0,0,0,0,0,1,0,1
KENT COUNTY,263,43 Years,8,3,5,6,2,4,0,0,0,0,0,0,2,1,1
KENT COUNTY,263,44 Years,9,3,6,7,2,5,0,0,0,0,0,0,2,1,1
KENT COUNTY,263,45 Years,8,5,3,7,4,3,0,0,0,0,0,0,1,1,0
KENT COUNTY,263,46 Years,5,3,2,3,1,2,0,0,0,0,0,0,2,2,0
KENT COUNTY,263,47 Years,9,5,4,5,3,2,0,0,0,0,0,0,4,2,2
KENT COUNTY,263,48 Years,6,2,4,5,1,4,0,0,0,0,0,0,1,1,0
KENT COUNTY,263,49 Years,10,5,5,10,5,5,0,0,0,0,0,0,0,0,0
KENT COUNTY,263,50 Years,14,6,8,11,6,5,0,0,0,0,0,0,3,0,3
KENT COUNTY,263,51 Years,14,6,8,9,3,6,0,0,0,0,0,0,5,3,2
KENT COUNTY,263,52 Years,12,7,5,10,6,4,0,0,0,0,0,0,2,1,1
KENT COUNTY,263,53 Years,9,7,2,8,6,2,0,0,0,0,0,0,1,1,0
KENT COUNTY,263,54 Years,8,1,7,7,1,6,0,0,0,0,0,0,1,0,1
KENT COUNTY,263,55 Years,11,6,5,11,6,5,0,0,0,0,0,0,0,0,0
KENT COUNTY,263,56 Years,14,7,7,13,7,6,0,0,0,0,0,0,1,0,1
KENT COUNTY,263,57 Years,9,5,4,8,4,4,0,0,0,0,0,0,1,1,0
KENT COUNTY,263,58 Years,19,10,9,16,7,9,0,0,0,0,0,0,3,3,0
KENT COUNTY,263,59 Years,16,11,5,14,10,4,0,0,0,0,0,0,2,1,1
KENT COUNTY,263,60 Years,11,7,4,10,6,4,0,0,0,0,0,0,1,1,0
KENT COUNTY,263,61 Years,12,7,5,12,7,5,0,0,0,0,0,0,0,0,0
KENT COUNTY,263,62 Years,9,3,6,9,3,6,0,0,0,0,0,0,0,0,0
KENT COUNTY,263,63 Years,10,4,6,10,4,6,0,0,0,0,0,0,0,0,0
KENT COUNTY,263,64 Years,7,2,5,6,2,4,0,0,0,0,0,0,1,0,1
KENT COUNTY,263,65 Years,6,2,4,5,2,3,0,0,0,0,0,0,1,0,1
KENT COUNTY,263,66 Years,9,4,5,9,4,5,0,0,0,0,0,0,0,0,0
KENT COUNTY,263,67 Years,9,4,5,7,3,4,0,0,0,0,0,0,2,1,1
KENT COUNTY,263,68 Years,21,9,12,19,9,10,0,0,0,1,0,1,1,0,1
KENT COUNTY,263,69 Years,18,10,8,16,9,7,0,0,0,0,0,0,2,1,1
KENT COUNTY,263,70 Years,10,6,4,9,5,4,0,0,0,0,0,0,1,1,0
KENT COUNTY,263,71 Years,10,6,4,9,5,4,0,0,0,0,0,0,1,1,0
KENT COUNTY,263,72 Years,9,5,4,9,5,4,0,0,0,0,0,0,0,0,0
KENT COUNTY,263,73 Years,7,4,3,7,4,3,0,0,0,0,0,0,0,0,0
KENT COUNTY,263,74 Years,10,4,6,9,4,5,0,0,0,1,0,1,0,0,0
KENT COUNTY,263,75 Years,9,5,4,7,3,4,0,0,0,0,0,0,2,2,0
KENT COUNTY,263,76 Years,12,4,8,11,3,8,0,0,0,0,0,0,1,1,0
KENT COUNTY,263,77 Years,15,4,11,12,4,8,2,0,2,0,0,0,1,0,1
KENT COUNTY,263,78 Years,7,3,4,5,3,2,1,0,1,1,0,1,0,0,0
KENT COUNTY,263,79 Years,7,3,4,5,1,4,0,0,0,1,1,0,1,1,0
KENT COUNTY,263,80 Years,3,1,2,3,1,2,0,0,0,0,0,0,0,0,0
KENT COUNTY,263,81 Years,5,3,2,5,3,2,0,0,0,0,0,0,0,0,0
KENT COUNTY,263,82 Years,8,4,4,5,3,2,0,0,0,0,0,0,3,1,2
KENT COUNTY,263,83 Years,7,1,6,6,1,5,0,0,0,0,0,0,1,0,1
KENT COUNTY,263,84 Years,6,3,3,6,3,3,0,0,0,0,0,0,0,0,0
KENT COUNTY,263,85 Years +,47,16,31,46,16,30,0,0,0,1,0,1,0,0,0
KERR COUNTY,265,All Ages,51631,25056,26575,35738,16988,18750,755,461,294,1363,641,722,13775,6966,6809
KERR COUNTY,265,< 1 Year,571,303,268,256,135,121,5,2,3,34,18,16,276,148,128
KERR COUNTY,265,1 Years,571,295,276,259,136,123,6,4,2,30,15,15,276,140,136
KERR COUNTY,265,2 Years,559,274,285,252,127,125,6,4,2,27,12,15,274,131,143
KERR COUNTY,265,3 Years,540,269,271,252,125,127,7,4,3,23,11,12,258,129,129
KERR COUNTY,265,4 Years,517,253,264,239,116,123,6,3,3,26,12,14,246,122,124
KERR COUNTY,265,5 Years,539,265,274,247,117,130,7,4,3,32,16,16,253,128,125
KERR COUNTY,265,6 Years,550,270,280,257,132,125,9,5,4,24,13,11,260,120,140
KERR COUNTY,265,7 Years,508,252,256,249,120,129,6,3,3,18,11,7,235,118,117
KERR COUNTY,265,8 Years,526,271,255,251,126,125,3,2,1,17,11,6,255,132,123
KERR COUNTY,265,9 Years,518,277,241,236,124,112,3,2,1,24,15,9,255,136,119
KERR COUNTY,265,10 Years,533,282,251,255,134,121,8,4,4,23,14,9,247,130,117
KERR COUNTY,265,11 Years,565,290,275,272,143,129,8,5,3,18,9,9,267,133,134
KERR COUNTY,265,12 Years,555,282,273,281,145,136,9,6,3,19,7,12,246,124,122
KERR COUNTY,265,13 Years,560,288,272,286,152,134,6,3,3,20,4,16,248,129,119
KERR COUNTY,265,14 Years,598,310,288,321,169,152,6,2,4,20,5,15,251,134,117
KERR COUNTY,265,15 Years,619,315,304,344,175,169,5,3,2,17,6,11,253,131,122
KERR COUNTY,265,16 Years,597,302,295,309,160,149,8,4,4,15,7,8,265,131,134
KERR COUNTY,265,17 Years,586,296,290,309,155,154,13,8,5,13,6,7,251,127,124
KERR COUNTY,265,18 Years,567,301,266,303,165,138,11,8,3,18,9,9,235,119,116
KERR COUNTY,265,19 Years,534,277,257,281,141,140,13,10,3,16,7,9,224,119,105
KERR COUNTY,265,20 Years,559,312,247,285,158,127,10,7,3,23,12,11,241,135,106
KERR COUNTY,265,21 Years,554,295,259,274,150,124,11,6,5,17,12,5,252,127,125
KERR COUNTY,265,22 Years,556,284,272,274,139,135,12,8,4,16,9,7,254,128,126
KERR COUNTY,265,23 Years,608,324,284,313,164,149,15,12,3,20,12,8,260,136,124
KERR COUNTY,265,24 Years,637,317,320,322,157,165,17,11,6,18,9,9,280,140,140
KERR COUNTY,265,25 Years,687,343,344,374,178,196,15,10,5,24,14,10,274,141,133
KERR COUNTY,265,26 Years,618,311,307,339,157,182,24,14,10,20,13,7,235,127,108
KERR COUNTY,265,27 Years,517,263,254,299,136,163,21,13,8,15,9,6,182,105,77
KERR COUNTY,265,28 Years,493,257,236,291,140,151,10,7,3,14,8,6,178,102,76
KERR COUNTY,265,29 Years,437,234,203,258,134,124,6,5,1,10,6,4,163,89,74
KERR COUNTY,265,30 Years,435,225,210,242,123,119,9,8,1,8,4,4,176,90,86
KERR COUNTY,265,31 Years,416,213,203,234,121,113,8,7,1,8,3,5,166,82,84
KERR COUNTY,265,32 Years,423,210,213,243,122,121,6,2,4,8,3,5,166,83,83
KERR COUNTY,265,33 Years,427,193,234,249,112,137,4,2,2,12,6,6,162,73,89
KERR COUNTY,265,34 Years,452,211,241,260,124,136,6,5,1,15,5,10,171,77,94
KERR COUNTY,265,35 Years,451,228,223,260,133,127,8,6,2,13,4,9,170,85,85
KERR COUNTY,265,36 Years,456,242,214,261,135,126,8,5,3,11,3,8,176,99,77
KERR COUNTY,265,37 Years,432,217,215,247,124,123,11,7,4,12,4,8,162,82,80
KERR COUNTY,265,38 Years,456,228,228,268,131,137,8,4,4,11,5,6,169,88,81
KERR COUNTY,265,39 Years,450,219,231,276,128,148,8,4,4,8,4,4,158,83,75
KERR COUNTY,265,40 Years,455,229,226,292,143,149,4,2,2,8,4,4,151,80,71
KERR COUNTY,265,41 Years,436,226,210,272,140,132,3,2,1,9,4,5,152,80,72
KERR COUNTY,265,42 Years,440,221,219,260,134,126,8,3,5,12,5,7,160,79,81
KERR COUNTY,265,43 Years,491,233,258,311,149,162,9,3,6,11,6,5,160,75,85
KERR COUNTY,265,44 Years,485,224,261,317,144,173,9,6,3,12,2,10,147,72,75
KERR COUNTY,265,45 Years,517,237,280,359,158,201,7,6,1,10,5,5,141,68,73
KERR COUNTY,265,46 Years,560,265,295,371,174,197,12,8,4,15,6,9,162,77,85
KERR COUNTY,265,47 Years,563,275,288,383,180,203,10,7,3,19,8,11,151,80,71
KERR COUNTY,265,48 Years,553,271,282,379,180,199,11,9,2,18,7,11,145,75,70
KERR COUNTY,265,49 Years,582,273,309,405,190,215,13,9,4,16,9,7,148,65,83
KERR COUNTY,265,50 Years,580,276,304,389,179,210,15,10,5,14,7,7,162,80,82
KERR COUNTY,265,51 Years,621,296,325,429,204,225,12,9,3,16,5,11,164,78,86
KERR COUNTY,265,52 Years,640,318,322,443,209,234,9,5,4,21,8,13,167,96,71
KERR COUNTY,265,53 Years,680,328,352,481,224,257,12,8,4,23,7,16,164,89,75
KERR COUNTY,265,54 Years,690,331,359,503,238,265,13,10,3,21,10,11,153,73,80
KERR COUNTY,265,55 Years,756,347,409,562,246,316,14,7,7,26,16,10,154,78,76
KERR COUNTY,265,56 Years,773,353,420,580,258,322,12,5,7,24,12,12,157,78,79
KERR COUNTY,265,57 Years,775,352,423,592,260,332,14,7,7,23,11,12,146,74,72
KERR COUNTY,265,58 Years,809,378,431,639,291,348,13,7,6,18,8,10,139,72,67
KERR COUNTY,265,59 Years,770,374,396,618,290,328,16,12,4,18,10,8,118,62,56
KERR COUNTY,265,60 Years,752,362,390,590,281,309,16,9,7,20,10,10,126,62,64
KERR COUNTY,265,61 Years,746,348,398,604,275,329,10,7,3,21,10,11,111,56,55
KERR COUNTY,265,62 Years,769,364,405,644,300,344,5,4,1,19,10,9,101,50,51
KERR COUNTY,265,63 Years,818,383,435,692,321,371,6,4,2,21,9,12,99,49,50
KERR COUNTY,265,64 Years,827,383,444,714,329,385,8,4,4,17,10,7,88,40,48
KERR COUNTY,265,65 Years,858,403,455,738,352,386,6,3,3,14,6,8,100,42,58
KERR COUNTY,265,66 Years,877,429,448,769,378,391,8,5,3,12,5,7,88,41,47
KERR COUNTY,265,67 Years,922,462,460,807,408,399,9,5,4,10,4,6,96,45,51
KERR COUNTY,265,68 Years,950,446,504,837,393,444,9,7,2,14,5,9,90,41,49
KERR COUNTY,265,69 Years,897,420,477,797,372,425,11,8,3,15,6,9,74,34,40
KERR COUNTY,265,70 Years,760,356,404,679,315,364,7,4,3,9,6,3,65,31,34
KERR COUNTY,265,71 Years,743,348,395,664,303,361,6,3,3,8,6,2,65,36,29
KERR COUNTY,265,72 Years,752,351,401,680,315,365,8,4,4,5,2,3,59,30,29
KERR COUNTY,265,73 Years,711,332,379,645,296,349,5,4,1,7,2,5,54,30,24
KERR COUNTY,265,74 Years,640,302,338,585,273,312,3,2,1,10,2,8,42,25,17
KERR COUNTY,265,75 Years,629,298,331,562,266,296,7,2,5,11,5,6,49,25,24
KERR COUNTY,265,76 Years,597,268,329,538,242,296,6,3,3,12,4,8,41,19,22
KERR COUNTY,265,77 Years,525,242,283,478,221,257,4,3,1,9,4,5,34,14,20
KERR COUNTY,265,78 Years,500,229,271,452,213,239,5,2,3,10,3,7,33,11,22
KERR COUNTY,265,79 Years,473,210,263,428,193,235,4,2,2,10,4,6,31,11,20
KERR COUNTY,265,80 Years,403,183,220,370,171,199,4,1,3,4,1,3,25,10,15
KERR COUNTY,265,81 Years,392,187,205,352,167,185,6,4,2,6,2,4,28,14,14
KERR COUNTY,265,82 Years,348,157,191,315,141,174,4,3,1,6,3,3,23,10,13
KERR COUNTY,265,83 Years,328,138,190,300,127,173,3,0,3,7,4,3,18,7,11
KERR COUNTY,265,84 Years,294,130,164,268,121,147,2,0,2,7,3,4,17,6,11
KERR COUNTY,265,85 Years +,1767,720,1047,1617,661,956,15,4,11,28,12,16,107,43,64
KIMBLE COUNTY,267,All Ages,4606,2328,2278,3330,1646,1684,11,9,2,62,33,29,1203,640,563
KIMBLE COUNTY,267,< 1 Year,37,21,16,14,8,6,0,0,0,0,0,0,23,13,10
KIMBLE COUNTY,267,1 Years,42,22,20,16,8,8,0,0,0,0,0,0,26,14,12
KIMBLE COUNTY,267,2 Years,45,26,19,18,9,9,0,0,0,0,0,0,27,17,10
KIMBLE COUNTY,267,3 Years,45,24,21,20,10,10,0,0,0,0,0,0,25,14,11
KIMBLE COUNTY,267,4 Years,44,22,22,18,7,11,0,0,0,0,0,0,26,15,11
KIMBLE COUNTY,267,5 Years,46,22,24,20,8,12,0,0,0,0,0,0,26,14,12
KIMBLE COUNTY,267,6 Years,37,15,22,17,5,12,0,0,0,0,0,0,20,10,10
KIMBLE COUNTY,267,7 Years,40,21,19,25,13,12,0,0,0,0,0,0,15,8,7
KIMBLE COUNTY,267,8 Years,48,24,24,28,14,14,1,0,1,1,0,1,18,10,8
KIMBLE COUNTY,267,9 Years,48,30,18,24,15,9,0,0,0,1,0,1,23,15,8
KIMBLE COUNTY,267,10 Years,49,26,23,26,15,11,0,0,0,0,0,0,23,11,12
KIMBLE COUNTY,267,11 Years,42,18,24,21,10,11,0,0,0,0,0,0,21,8,13
KIMBLE COUNTY,267,12 Years,39,20,19,21,12,9,0,0,0,0,0,0,18,8,10
KIMBLE COUNTY,267,13 Years,45,30,15,25,18,7,0,0,0,0,0,0,20,12,8
KIMBLE COUNTY,267,14 Years,64,31,33,39,20,19,0,0,0,0,0,0,25,11,14
KIMBLE COUNTY,267,15 Years,52,26,26,31,18,13,0,0,0,1,0,1,20,8,12
KIMBLE COUNTY,267,16 Years,51,29,22,32,20,12,0,0,0,0,0,0,19,9,10
KIMBLE COUNTY,267,17 Years,58,32,26,42,24,18,0,0,0,1,1,0,15,7,8
KIMBLE COUNTY,267,18 Years,58,31,27,34,17,17,0,0,0,1,1,0,23,13,10
KIMBLE COUNTY,267,19 Years,48,23,25,30,13,17,0,0,0,0,0,0,18,10,8
KIMBLE COUNTY,267,20 Years,54,26,28,32,18,14,0,0,0,0,0,0,22,8,14
KIMBLE COUNTY,267,21 Years,46,21,25,24,11,13,0,0,0,0,0,0,22,10,12
KIMBLE COUNTY,267,22 Years,52,27,25,33,16,17,0,0,0,1,1,0,18,10,8
KIMBLE COUNTY,267,23 Years,55,31,24,28,13,15,0,0,0,2,0,2,25,18,7
KIMBLE COUNTY,267,24 Years,51,30,21,23,14,9,0,0,0,1,0,1,27,16,11
KIMBLE COUNTY,267,25 Years,36,18,18,18,10,8,0,0,0,0,0,0,18,8,10
KIMBLE COUNTY,267,26 Years,26,11,15,17,7,10,0,0,0,0,0,0,9,4,5
KIMBLE COUNTY,267,27 Years,27,12,15,19,8,11,0,0,0,0,0,0,8,4,4
KIMBLE COUNTY,267,28 Years,30,13,17,19,9,10,0,0,0,0,0,0,11,4,7
KIMBLE COUNTY,267,29 Years,35,21,14,23,14,9,1,1,0,0,0,0,11,6,5
KIMBLE COUNTY,267,30 Years,37,19,18,25,14,11,1,1,0,0,0,0,11,4,7
KIMBLE COUNTY,267,31 Years,35,23,12,24,15,9,0,0,0,1,1,0,10,7,3
KIMBLE COUNTY,267,32 Years,34,24,10,24,16,8,0,0,0,0,0,0,10,8,2
KIMBLE COUNTY,267,33 Years,40,20,20,26,13,13,0,0,0,1,0,1,13,7,6
KIMBLE COUNTY,267,34 Years,38,21,17,23,11,12,1,1,0,1,0,1,13,9,4
KIMBLE COUNTY,267,35 Years,40,18,22,27,12,15,0,0,0,0,0,0,13,6,7
KIMBLE COUNTY,267,36 Years,38,16,22,25,8,17,0,0,0,0,0,0,13,8,5
KIMBLE COUNTY,267,37 Years,39,16,23,24,6,18,0,0,0,0,0,0,15,10,5
KIMBLE COUNTY,267,38 Years,44,24,20,27,13,14,0,0,0,2,2,0,15,9,6
KIMBLE COUNTY,267,39 Years,47,24,23,28,11,17,1,1,0,1,1,0,17,11,6
KIMBLE COUNTY,267,40 Years,40,19,21,23,10,13,1,1,0,1,0,1,15,8,7
KIMBLE COUNTY,267,41 Years,43,22,21,28,15,13,0,0,0,3,1,2,12,6,6
KIMBLE COUNTY,267,42 Years,39,18,21,23,11,12,0,0,0,1,1,0,15,6,9
KIMBLE COUNTY,267,43 Years,42,19,23,31,14,17,0,0,0,0,0,0,11,5,6
KIMBLE COUNTY,267,44 Years,51,24,27,38,22,16,0,0,0,1,0,1,12,2,10
KIMBLE COUNTY,267,45 Years,53,28,25,39,22,17,1,1,0,0,0,0,13,5,8
KIMBLE COUNTY,267,46 Years,55,30,25,41,23,18,0,0,0,1,1,0,13,6,7
KIMBLE COUNTY,267,47 Years,45,25,20,34,20,14,0,0,0,1,1,0,10,4,6
KIMBLE COUNTY,267,48 Years,51,34,17,34,20,14,0,0,0,2,2,0,15,12,3
KIMBLE COUNTY,267,49 Years,43,23,20,33,17,16,0,0,0,1,0,1,9,6,3
KIMBLE COUNTY,267,50 Years,51,27,24,36,19,17,0,0,0,0,0,0,15,8,7
KIMBLE COUNTY,267,51 Years,55,30,25,40,22,18,0,0,0,0,0,0,15,8,7
KIMBLE COUNTY,267,52 Years,61,36,25,48,28,20,0,0,0,0,0,0,13,8,5
KIMBLE COUNTY,267,53 Years,70,37,33,59,32,27,0,0,0,1,0,1,10,5,5
KIMBLE COUNTY,267,54 Years,70,41,29,58,35,23,0,0,0,1,0,1,11,6,5
KIMBLE COUNTY,267,55 Years,71,38,33,57,34,23,0,0,0,1,0,1,13,4,9
KIMBLE COUNTY,267,56 Years,73,32,41,59,24,35,0,0,0,0,0,0,14,8,6
KIMBLE COUNTY,267,57 Years,78,37,41,61,25,36,0,0,0,1,1,0,16,11,5
KIMBLE COUNTY,267,58 Years,73,41,32,60,32,28,0,0,0,0,0,0,13,9,4
KIMBLE COUNTY,267,59 Years,66,37,29,54,29,25,0,0,0,1,1,0,11,7,4
KIMBLE COUNTY,267,60 Years,72,33,39,56,27,29,2,2,0,2,0,2,12,4,8
KIMBLE COUNTY,267,61 Years,87,43,44,75,37,38,1,1,0,3,0,3,8,5,3
KIMBLE COUNTY,267,62 Years,98,51,47,78,37,41,1,0,1,7,5,2,12,9,3
KIMBLE COUNTY,267,63 Years,82,41,41,69,33,36,0,0,0,3,2,1,10,6,4
KIMBLE COUNTY,267,64 Years,89,39,50,76,31,45,0,0,0,1,1,0,12,7,5
KIMBLE COUNTY,267,65 Years,95,42,53,82,32,50,0,0,0,0,0,0,13,10,3
KIMBLE COUNTY,267,66 Years,93,40,53,80,32,48,0,0,0,0,0,0,13,8,5
KIMBLE COUNTY,267,67 Years,98,48,50,84,43,41,0,0,0,0,0,0,14,5,9
KIMBLE COUNTY,267,68 Years,95,45,50,84,41,43,0,0,0,2,1,1,9,3,6
KIMBLE COUNTY,267,69 Years,89,39,50,78,36,42,0,0,0,3,2,1,8,1,7
KIMBLE COUNTY,267,70 Years,79,39,40,67,31,36,0,0,0,1,1,0,11,7,4
KIMBLE COUNTY,267,71 Years,72,34,38,63,29,34,0,0,0,0,0,0,9,5,4
KIMBLE COUNTY,267,72 Years,76,38,38,65,32,33,0,0,0,2,2,0,9,4,5
KIMBLE COUNTY,267,73 Years,59,27,32,54,24,30,0,0,0,0,0,0,5,3,2
KIMBLE COUNTY,267,74 Years,50,24,26,43,20,23,0,0,0,0,0,0,7,4,3
KIMBLE COUNTY,267,75 Years,51,25,26,42,19,23,0,0,0,1,1,0,8,5,3
KIMBLE COUNTY,267,76 Years,46,23,23,39,17,22,0,0,0,1,1,0,6,5,1
KIMBLE COUNTY,267,77 Years,46,23,23,40,21,19,0,0,0,0,0,0,6,2,4
KIMBLE COUNTY,267,78 Years,51,27,24,46,24,22,0,0,0,1,1,0,4,2,2
KIMBLE COUNTY,267,79 Years,42,23,19,36,20,16,0,0,0,1,0,1,5,3,2
KIMBLE COUNTY,267,80 Years,26,13,13,24,12,12,0,0,0,0,0,0,2,1,1
KIMBLE COUNTY,267,81 Years,32,15,17,29,15,14,0,0,0,0,0,0,3,0,3
KIMBLE COUNTY,267,82 Years,30,18,12,25,15,10,0,0,0,1,0,1,4,3,1
KIMBLE COUNTY,267,83 Years,20,9,11,18,8,10,0,0,0,1,0,1,1,1,0
KIMBLE COUNTY,267,84 Years,19,12,7,16,9,7,0,0,0,0,0,0,3,3,0
KIMBLE COUNTY,267,85 Years +,137,51,86,115,44,71,0,0,0,1,1,0,21,6,15
KING COUNTY,269,All Ages,299,147,152,253,118,135,0,0,0,6,2,4,40,27,13
KING COUNTY,269,< 1 Year,2,0,2,2,0,2,0,0,0,0,0,0,0,0,0
KING COUNTY,269,1 Years,3,3,0,3,3,0,0,0,0,0,0,0,0,0,0
KING COUNTY,269,2 Years,0,0,0,0,0,0,0,0,0,0,0,0,0,0,0
KING COUNTY,269,3 Years,0,0,0,0,0,0,0,0,0,0,0,0,0,0,0
KING COUNTY,269,4 Years,2,0,2,2,0,2,0,0,0,0,0,0,0,0,0
KING COUNTY,269,5 Years,4,0,4,4,0,4,0,0,0,0,0,0,0,0,0
KING COUNTY,269,6 Years,2,0,2,2,0,2,0,0,0,0,0,0,0,0,0
KING COUNTY,269,7 Years,2,1,1,1,0,1,0,0,0,0,0,0,1,1,0
KING COUNTY,269,8 Years,2,1,1,1,0,1,0,0,0,0,0,0,1,1,0
KING COUNTY,269,9 Years,2,0,2,2,0,2,0,0,0,0,0,0,0,0,0
KING COUNTY,269,10 Years,3,1,2,3,1,2,0,0,0,0,0,0,0,0,0
KING COUNTY,269,11 Years,3,1,2,3,1,2,0,0,0,0,0,0,0,0,0
KING COUNTY,269,12 Years,3,3,0,3,3,0,0,0,0,0,0,0,0,0,0
KING COUNTY,269,13 Years,5,3,2,4,2,2,0,0,0,0,0,0,1,1,0
KING COUNTY,269,14 Years,4,1,3,4,1,3,0,0,0,0,0,0,0,0,0
KING COUNTY,269,15 Years,4,1,3,4,1,3,0,0,0,0,0,0,0,0,0
KING COUNTY,269,16 Years,3,3,0,3,3,0,0,0,0,0,0,0,0,0,0
KING COUNTY,269,17 Years,5,3,2,4,3,1,0,0,0,0,0,0,1,0,1
KING COUNTY,269,18 Years,8,5,3,5,3,2,0,0,0,0,0,0,3,2,1
KING COUNTY,269,19 Years,5,3,2,3,2,1,0,0,0,0,0,0,2,1,1
KING COUNTY,269,20 Years,4,2,2,3,1,2,0,0,0,0,0,0,1,1,0
KING COUNTY,269,21 Years,3,2,1,2,1,1,0,0,0,0,0,0,1,1,0
KING COUNTY,269,22 Years,4,1,3,2,1,1,0,0,0,1,0,1,1,0,1
KING COUNTY,269,23 Years,5,3,2,4,2,2,0,0,0,0,0,0,1,1,0
KING COUNTY,269,24 Years,6,3,3,5,2,3,0,0,0,0,0,0,1,1,0
KING COUNTY,269,25 Years,5,3,2,3,2,1,0,0,0,0,0,0,2,1,1
KING COUNTY,269,26 Years,3,3,0,1,1,0,0,0,0,1,1,0,1,1,0
KING COUNTY,269,27 Years,1,0,1,0,0,0,0,0,0,1,0,1,0,0,0
KING COUNTY,269,28 Years,2,1,1,1,1,0,0,0,0,0,0,0,1,0,1
KING COUNTY,269,29 Years,2,1,1,2,1,1,0,0,0,0,0,0,0,0,0
KING COUNTY,269,30 Years,2,1,1,2,1,1,0,0,0,0,0,0,0,0,0
KING COUNTY,269,31 Years,2,2,0,2,2,0,0,0,0,0,0,0,0,0,0
KING COUNTY,269,32 Years,3,1,2,3,1,2,0,0,0,0,0,0,0,0,0
KING COUNTY,269,33 Years,2,2,0,2,2,0,0,0,0,0,0,0,0,0,0
KING COUNTY,269,34 Years,2,1,1,1,0,1,0,0,0,0,0,0,1,1,0
KING COUNTY,269,35 Years,2,0,2,2,0,2,0,0,0,0,0,0,0,0,0
KING COUNTY,269,36 Years,3,1,2,3,1,2,0,0,0,0,0,0,0,0,0
KING COUNTY,269,37 Years,3,2,1,2,1,1,0,0,0,1,1,0,0,0,0
KING COUNTY,269,38 Years,2,1,1,2,1,1,0,0,0,0,0,0,0,0,0
KING COUNTY,269,39 Years,1,0,1,1,0,1,0,0,0,0,0,0,0,0,0
KING COUNTY,269,40 Years,3,1,2,1,0,1,0,0,0,0,0,0,2,1,1
KING COUNTY,269,41 Years,3,3,0,3,3,0,0,0,0,0,0,0,0,0,0
KING COUNTY,269,42 Years,4,2,2,3,1,2,0,0,0,0,0,0,1,1,0
KING COUNTY,269,43 Years,2,1,1,1,0,1,0,0,0,0,0,0,1,1,0
KING COUNTY,269,44 Years,2,1,1,2,1,1,0,0,0,0,0,0,0,0,0
KING COUNTY,269,45 Years,4,2,2,3,2,1,0,0,0,0,0,0,1,0,1
KING COUNTY,269,46 Years,7,5,2,5,4,1,0,0,0,0,0,0,2,1,1
KING COUNTY,269,47 Years,3,2,1,3,2,1,0,0,0,0,0,0,0,0,0
KING COUNTY,269,48 Years,5,2,3,3,1,2,0,0,0,0,0,0,2,1,1
KING COUNTY,269,49 Years,7,1,6,4,0,4,0,0,0,0,0,0,3,1,2
KING COUNTY,269,50 Years,6,1,5,4,0,4,0,0,0,0,0,0,2,1,1
KING COUNTY,269,51 Years,5,1,4,5,1,4,0,0,0,0,0,0,0,0,0
KING COUNTY,269,52 Years,4,3,1,3,2,1,0,0,0,0,0,0,1,1,0
KING COUNTY,269,53 Years,3,2,1,2,1,1,0,0,0,0,0,0,1,1,0
KING COUNTY,269,54 Years,5,2,3,4,1,3,0,0,0,0,0,0,1,1,0
KING COUNTY,269,55 Years,6,1,5,6,1,5,0,0,0,0,0,0,0,0,0
KING COUNTY,269,56 Years,7,2,5,6,1,5,0,0,0,0,0,0,1,1,0
KING COUNTY,269,57 Years,7,5,2,6,4,2,0,0,0,0,0,0,1,1,0
KING COUNTY,269,58 Years,6,5,1,5,4,1,0,0,0,0,0,0,1,1,0
KING COUNTY,269,59 Years,7,5,2,7,5,2,0,0,0,0,0,0,0,0,0
KING COUNTY,269,60 Years,9,2,7,7,1,6,0,0,0,1,0,1,1,1,0
KING COUNTY,269,61 Years,7,2,5,6,2,4,0,0,0,1,0,1,0,0,0
KING COUNTY,269,62 Years,5,2,3,5,2,3,0,0,0,0,0,0,0,0,0
KING COUNTY,269,63 Years,4,2,2,4,2,2,0,0,0,0,0,0,0,0,0
KING COUNTY,269,64 Years,2,2,0,2,2,0,0,0,0,0,0,0,0,0,0
KING COUNTY,269,65 Years,5,5,0,5,5,0,0,0,0,0,0,0,0,0,0
KING COUNTY,269,66 Years,6,3,3,6,3,3,0,0,0,0,0,0,0,0,0
KING COUNTY,269,67 Years,3,1,2,3,1,2,0,0,0,0,0,0,0,0,0
KING COUNTY,269,68 Years,2,1,1,2,1,1,0,0,0,0,0,0,0,0,0
KING COUNTY,269,69 Years,1,1,0,1,1,0,0,0,0,0,0,0,0,0,0
KING COUNTY,269,70 Years,2,1,1,2,1,1,0,0,0,0,0,0,0,0,0
KING COUNTY,269,71 Years,2,1,1,2,1,1,0,0,0,0,0,0,0,0,0
KING COUNTY,269,72 Years,4,2,2,4,2,2,0,0,0,0,0,0,0,0,0
KING COUNTY,269,73 Years,2,1,1,2,1,1,0,0,0,0,0,0,0,0,0
KING COUNTY,269,74 Years,1,1,0,1,1,0,0,0,0,0,0,0,0,0,0
KING COUNTY,269,75 Years,2,1,1,2,1,1,0,0,0,0,0,0,0,0,0
KING COUNTY,269,76 Years,2,2,0,2,2,0,0,0,0,0,0,0,0,0,0
KING COUNTY,269,77 Years,2,2,0,2,2,0,0,0,0,0,0,0,0,0,0
KING COUNTY,269,78 Years,4,1,3,4,1,3,0,0,0,0,0,0,0,0,0
KING COUNTY,269,79 Years,1,0,1,1,0,1,0,0,0,0,0,0,0,0,0
KING COUNTY,269,80 Years,1,0,1,1,0,1,0,0,0,0,0,0,0,0,0
KING COUNTY,269,81 Years,2,0,2,2,0,2,0,0,0,0,0,0,0,0,0
KING COUNTY,269,82 Years,5,1,4,5,1,4,0,0,0,0,0,0,0,0,0
KING COUNTY,269,83 Years,3,2,1,3,2,1,0,0,0,0,0,0,0,0,0
KING COUNTY,269,84 Years,1,1,0,1,1,0,0,0,0,0,0,0,0,0,0
KING COUNTY,269,85 Years +,6,4,2,6,4,2,0,0,0,0,0,0,0,0,0
KINNEY COUNTY,271,All Ages,3710,2014,1696,1383,673,710,40,19,21,62,31,31,2225,1291,934
KINNEY COUNTY,271,< 1 Year,43,21,22,8,5,3,0,0,0,0,0,0,35,16,19
KINNEY COUNTY,271,1 Years,41,22,19,7,5,2,0,0,0,0,0,0,34,17,17
KINNEY COUNTY,271,2 Years,41,22,19,5,2,3,0,0,0,0,0,0,36,20,16
KINNEY COUNTY,271,3 Years,37,21,16,6,3,3,0,0,0,4,3,1,27,15,12
KINNEY COUNTY,271,4 Years,40,21,19,8,4,4,0,0,0,2,2,0,30,15,15
KINNEY COUNTY,271,5 Years,40,19,21,10,4,6,0,0,0,0,0,0,30,15,15
KINNEY COUNTY,271,6 Years,49,19,30,9,6,3,0,0,0,1,0,1,39,13,26
KINNEY COUNTY,271,7 Years,38,20,18,8,6,2,1,0,1,1,0,1,28,14,14
KINNEY COUNTY,271,8 Years,32,20,12,9,6,3,1,0,1,0,0,0,22,14,8
KINNEY COUNTY,271,9 Years,34,15,19,9,1,8,1,1,0,0,0,0,24,13,11
KINNEY COUNTY,271,10 Years,41,19,22,10,3,7,0,0,0,1,0,1,30,16,14
KINNEY COUNTY,271,11 Years,31,15,16,6,2,4,0,0,0,1,0,1,24,13,11
KINNEY COUNTY,271,12 Years,33,22,11,8,5,3,1,0,1,1,1,0,23,16,7
KINNEY COUNTY,271,13 Years,39,20,19,13,8,5,0,0,0,1,1,0,25,11,14
KINNEY COUNTY,271,14 Years,31,17,14,11,8,3,0,0,0,0,0,0,20,9,11
KINNEY COUNTY,271,15 Years,32,20,12,10,6,4,0,0,0,2,2,0,20,12,8
KINNEY COUNTY,271,16 Years,33,16,17,9,4,5,0,0,0,1,1,0,23,11,12
KINNEY COUNTY,271,17 Years,35,19,16,9,5,4,0,0,0,0,0,0,26,14,12
KINNEY COUNTY,271,18 Years,44,23,21,15,7,8,0,0,0,1,0,1,28,16,12
KINNEY COUNTY,271,19 Years,49,30,19,9,5,4,0,0,0,1,1,0,39,24,15
KINNEY COUNTY,271,20 Years,49,26,23,8,4,4,1,0,1,0,0,0,40,22,18
KINNEY COUNTY,271,21 Years,40,21,19,5,2,3,0,0,0,0,0,0,35,19,16
KINNEY COUNTY,271,22 Years,48,26,22,14,7,7,0,0,0,3,2,1,31,17,14
KINNEY COUNTY,271,23 Years,55,30,25,16,9,7,1,0,1,1,0,1,37,21,16
KINNEY COUNTY,271,24 Years,53,27,26,14,7,7,1,0,1,0,0,0,38,20,18
KINNEY COUNTY,271,25 Years,37,21,16,9,6,3,0,0,0,1,1,0,27,14,13
KINNEY COUNTY,271,26 Years,48,29,19,12,6,6,1,1,0,0,0,0,35,22,13
KINNEY COUNTY,271,27 Years,43,27,16,8,3,5,1,1,0,0,0,0,34,23,11
KINNEY COUNTY,271,28 Years,38,29,9,8,4,4,0,0,0,0,0,0,30,25,5
KINNEY COUNTY,271,29 Years,36,28,8,8,6,2,0,0,0,0,0,0,28,22,6
KINNEY COUNTY,271,30 Years,46,35,11,6,2,4,0,0,0,0,0,0,40,33,7
KINNEY COUNTY,271,31 Years,39,24,15,5,1,4,1,1,0,0,0,0,33,22,11
KINNEY COUNTY,271,32 Years,42,24,18,5,1,4,2,1,1,0,0,0,35,22,13
KINNEY COUNTY,271,33 Years,43,28,15,7,4,3,1,0,1,0,0,0,35,24,11
KINNEY COUNTY,271,34 Years,38,28,10,6,3,3,0,0,0,1,0,1,31,25,6
KINNEY COUNTY,271,35 Years,29,22,7,6,4,2,0,0,0,0,0,0,23,18,5
KINNEY COUNTY,271,36 Years,38,23,15,10,3,7,1,1,0,1,1,0,26,18,8
KINNEY COUNTY,271,37 Years,31,17,14,7,3,4,1,1,0,1,1,0,22,12,10
KINNEY COUNTY,271,38 Years,28,21,7,6,5,1,0,0,0,0,0,0,22,16,6
KINNEY COUNTY,271,39 Years,37,22,15,9,3,6,0,0,0,0,0,0,28,19,9
KINNEY COUNTY,271,40 Years,40,30,10,7,3,4,0,0,0,1,0,1,32,27,5
KINNEY COUNTY,271,41 Years,42,24,18,7,4,3,1,0,1,1,0,1,33,20,13
KINNEY COUNTY,271,42 Years,43,27,16,10,6,4,0,0,0,1,0,1,32,21,11
KINNEY COUNTY,271,43 Years,44,30,14,7,2,5,1,0,1,0,0,0,36,28,8
KINNEY COUNTY,271,44 Years,46,30,16,7,4,3,0,0,0,1,1,0,38,25,13
KINNEY COUNTY,271,45 Years,47,28,19,15,9,6,0,0,0,0,0,0,32,19,13
KINNEY COUNTY,271,46 Years,44,26,18,13,6,7,0,0,0,0,0,0,31,20,11
KINNEY COUNTY,271,47 Years,39,23,16,8,4,4,0,0,0,1,0,1,30,19,11
KINNEY COUNTY,271,48 Years,42,25,17,9,5,4,0,0,0,0,0,0,33,20,13
KINNEY COUNTY,271,49 Years,55,36,19,15,9,6,1,1,0,1,0,1,38,26,12
KINNEY COUNTY,271,50 Years,44,28,16,13,7,6,0,0,0,1,0,1,30,21,9
KINNEY COUNTY,271,51 Years,45,26,19,11,4,7,0,0,0,1,1,0,33,21,12
KINNEY COUNTY,271,52 Years,45,27,18,11,8,3,0,0,0,1,1,0,33,18,15
KINNEY COUNTY,271,53 Years,47,28,19,17,8,9,0,0,0,1,1,0,29,19,10
KINNEY COUNTY,271,54 Years,44,25,19,23,12,11,0,0,0,0,0,0,21,13,8
KINNEY COUNTY,271,55 Years,34,16,18,18,9,9,1,0,1,0,0,0,15,7,8
KINNEY COUNTY,271,56 Years,46,24,22,27,12,15,1,0,1,0,0,0,18,12,6
KINNEY COUNTY,271,57 Years,42,20,22,22,11,11,1,1,0,0,0,0,19,8,11
KINNEY COUNTY,271,58 Years,45,23,22,20,10,10,0,0,0,0,0,0,25,13,12
KINNEY COUNTY,271,59 Years,57,25,32,27,9,18,0,0,0,2,2,0,28,14,14
KINNEY COUNTY,271,60 Years,56,28,28,26,8,18,2,1,1,1,1,0,27,18,9
KINNEY COUNTY,271,61 Years,56,28,28,24,10,14,1,1,0,2,0,2,29,17,12
KINNEY COUNTY,271,62 Years,59,29,30,29,16,13,1,0,1,2,0,2,27,13,14
KINNEY COUNTY,271,63 Years,47,22,25,22,13,9,1,0,1,0,0,0,24,9,15
KINNEY COUNTY,271,64 Years,46,20,26,21,6,15,2,2,0,1,1,0,22,11,11
KINNEY COUNTY,271,65 Years,41,19,22,22,8,14,0,0,0,1,1,0,18,10,8
KINNEY COUNTY,271,66 Years,46,23,23,27,12,15,0,0,0,1,1,0,18,10,8
KINNEY COUNTY,271,67 Years,46,24,22,28,14,14,1,0,1,1,0,1,16,10,6
KINNEY COUNTY,271,68 Years,51,29,22,30,15,15,1,0,1,0,0,0,20,14,6
KINNEY COUNTY,271,69 Years,67,32,35,35,18,17,2,0,2,3,2,1,27,12,15
KINNEY COUNTY,271,70 Years,46,22,24,29,15,14,1,0,1,1,0,1,15,7,8
KINNEY COUNTY,271,71 Years,38,20,18,30,16,14,1,1,0,0,0,0,7,3,4
KINNEY COUNTY,271,72 Years,50,26,24,35,19,16,1,0,1,1,1,0,13,6,7
KINNEY COUNTY,271,73 Years,48,23,25,32,18,14,0,0,0,1,0,1,15,5,10
KINNEY COUNTY,271,74 Years,45,18,27,35,15,20,0,0,0,1,0,1,9,3,6
KINNEY COUNTY,271,75 Years,46,21,25,37,16,21,0,0,0,1,0,1,8,5,3
KINNEY COUNTY,271,76 Years,45,24,21,32,16,16,0,0,0,2,1,1,11,7,4
KINNEY COUNTY,271,77 Years,43,20,23,30,15,15,0,0,0,1,0,1,12,5,7
KINNEY COUNTY,271,78 Years,43,17,26,27,10,17,2,2,0,0,0,0,14,5,9
KINNEY COUNTY,271,79 Years,35,14,21,25,10,15,2,2,0,0,0,0,8,2,6
KINNEY COUNTY,271,80 Years,30,9,21,22,8,14,0,0,0,0,0,0,8,1,7
KINNEY COUNTY,271,81 Years,36,15,21,22,11,11,0,0,0,1,1,0,13,3,10
KINNEY COUNTY,271,82 Years,34,13,21,18,8,10,0,0,0,3,0,3,13,5,8
KINNEY COUNTY,271,83 Years,31,13,18,18,9,9,0,0,0,1,0,1,12,4,8
KINNEY COUNTY,271,84 Years,24,11,13,13,6,7,0,0,0,0,0,0,11,5,6
KINNEY COUNTY,271,85 Years +,129,64,65,79,41,38,1,1,0,0,0,0,49,22,27
KLEBERG COUNTY,273,All Ages,31462,16090,15372,6798,3592,3206,1105,630,475,1118,660,458,22441,11208,11233
KLEBERG COUNTY,273,< 1 Year,441,216,225,58,27,31,16,5,11,18,9,9,349,175,174
KLEBERG COUNTY,273,1 Years,460,234,226,62,33,29,19,8,11,19,11,8,360,182,178
KLEBERG COUNTY,273,2 Years,493,251,242,72,39,33,21,10,11,21,12,9,379,190,189
KLEBERG COUNTY,273,3 Years,507,258,249,75,38,37,18,9,9,20,11,9,394,200,194
KLEBERG COUNTY,273,4 Years,501,256,245,80,42,38,16,8,8,18,12,6,387,194,193
KLEBERG COUNTY,273,5 Years,492,251,241,76,36,40,17,10,7,19,11,8,380,194,186
KLEBERG COUNTY,273,6 Years,537,281,256,80,39,41,23,12,11,22,15,7,412,215,197
KLEBERG COUNTY,273,7 Years,448,231,217,60,34,26,20,9,11,15,10,5,353,178,175
KLEBERG COUNTY,273,8 Years,466,239,227,71,41,30,12,3,9,12,7,5,371,188,183
KLEBERG COUNTY,273,9 Years,445,218,227,70,37,33,5,2,3,14,8,6,356,171,185
KLEBERG COUNTY,273,10 Years,423,218,205,58,31,27,13,8,5,16,10,6,336,169,167
KLEBERG COUNTY,273,11 Years,405,216,189,56,29,27,11,5,6,15,9,6,323,173,150
KLEBERG COUNTY,273,12 Years,416,216,200,63,35,28,8,4,4,13,7,6,332,170,162
KLEBERG COUNTY,273,13 Years,422,224,198,54,31,23,7,5,2,10,4,6,351,184,167
KLEBERG COUNTY,273,14 Years,413,208,205,51,27,24,9,7,2,7,3,4,346,171,175
KLEBERG COUNTY,273,15 Years,402,191,211,46,23,23,8,4,4,8,3,5,340,161,179
KLEBERG COUNTY,273,16 Years,415,216,199,57,31,26,12,6,6,9,6,3,337,173,164
KLEBERG COUNTY,273,17 Years,464,237,227,69,35,34,15,6,9,4,3,1,376,193,183
KLEBERG COUNTY,273,18 Years,669,362,307,97,51,46,31,18,13,10,4,6,531,289,242
KLEBERG COUNTY,273,19 Years,1003,555,448,171,98,73,75,47,28,12,9,3,745,401,344
KLEBERG COUNTY,273,20 Years,765,420,345,124,81,43,45,31,14,6,3,3,590,305,285
KLEBERG COUNTY,273,21 Years,877,508,369,164,105,59,39,27,12,30,17,13,644,359,285
KLEBERG COUNTY,273,22 Years,821,479,342,164,95,69,22,14,8,47,34,13,588,336,252
KLEBERG COUNTY,273,23 Years,800,458,342,167,102,65,24,16,8,73,46,27,536,294,242
KLEBERG COUNTY,273,24 Years,748,420,328,173,101,72,17,12,5,71,49,22,487,258,229
KLEBERG COUNTY,273,25 Years,632,354,278,153,96,57,20,17,3,51,45,6,408,196,212
KLEBERG COUNTY,273,26 Years,528,285,243,126,75,51,22,16,6,29,23,6,351,171,180
KLEBERG COUNTY,273,27 Years,476,241,235,99,51,48,29,17,12,27,15,12,321,158,163
KLEBERG COUNTY,273,28 Years,439,205,234,79,35,44,33,17,16,27,14,13,300,139,161
KLEBERG COUNTY,273,29 Years,425,207,218,90,46,44,25,16,9,31,21,10,279,124,155
KLEBERG COUNTY,273,30 Years,404,221,183,97,60,37,23,19,4,29,22,7,255,120,135
KLEBERG COUNTY,273,31 Years,404,209,195,94,53,41,19,12,7,26,16,10,265,128,137
KLEBERG COUNTY,273,32 Years,356,194,162,90,48,42,20,12,8,22,14,8,224,120,104
KLEBERG COUNTY,273,33 Years,351,193,158,76,41,35,12,8,4,23,15,8,240,129,111
KLEBERG COUNTY,273,34 Years,304,158,146,69,37,32,10,8,2,14,8,6,211,105,106
KLEBERG COUNTY,273,35 Years,294,154,140,50,29,21,10,8,2,14,8,6,220,109,111
KLEBERG COUNTY,273,36 Years,318,164,154,74,42,32,10,6,4,13,7,6,221,109,112
KLEBERG COUNTY,273,37 Years,274,146,128,68,36,32,8,6,2,10,5,5,188,99,89
KLEBERG COUNTY,273,38 Years,275,136,139,64,34,30,4,3,1,11,5,6,196,94,102
KLEBERG COUNTY,273,39 Years,279,143,136,59,36,23,6,3,3,9,5,4,205,99,106
KLEBERG COUNTY,273,40 Years,255,129,126,48,24,24,11,6,5,8,5,3,188,94,94
KLEBERG COUNTY,273,41 Years,291,154,137,54,30,24,13,7,6,10,6,4,214,111,103
KLEBERG COUNTY,273,42 Years,295,146,149,61,32,29,11,8,3,8,4,4,215,102,113
KLEBERG COUNTY,273,43 Years,295,143,152,62,28,34,9,6,3,12,5,7,212,104,108
KLEBERG COUNTY,273,44 Years,313,158,155,62,30,32,12,9,3,11,5,6,228,114,114
KLEBERG COUNTY,273,45 Years,315,167,148,72,35,37,12,7,5,9,3,6,222,122,100
KLEBERG COUNTY,273,46 Years,303,135,168,70,30,40,7,2,5,5,1,4,221,102,119
KLEBERG COUNTY,273,47 Years,297,146,151,62,35,27,5,0,5,7,3,4,223,108,115
KLEBERG COUNTY,273,48 Years,298,147,151,59,33,26,9,0,9,8,2,6,222,112,110
KLEBERG COUNTY,273,49 Years,266,131,135,52,28,24,8,2,6,7,4,3,199,97,102
KLEBERG COUNTY,273,50 Years,293,142,151,68,33,35,8,1,7,9,4,5,208,104,104
KLEBERG COUNTY,273,51 Years,328,152,176,73,39,34,8,4,4,9,5,4,238,104,134
KLEBERG COUNTY,273,52 Years,344,175,169,77,39,38,11,5,6,5,3,2,251,128,123
KLEBERG COUNTY,273,53 Years,358,167,191,87,37,50,10,6,4,9,4,5,252,120,132
KLEBERG COUNTY,273,54 Years,322,157,165,87,41,46,11,6,5,5,2,3,219,108,111
KLEBERG COUNTY,273,55 Years,312,162,150,91,48,43,6,4,2,5,4,1,210,106,104
KLEBERG COUNTY,273,56 Years,319,174,145,94,50,44,8,6,2,6,3,3,211,115,96
KLEBERG COUNTY,273,57 Years,297,143,154,91,39,52,9,5,4,6,4,2,191,95,96
KLEBERG COUNTY,273,58 Years,320,162,158,102,54,48,11,4,7,9,6,3,198,98,100
KLEBERG COUNTY,273,59 Years,331,162,169,90,44,46,10,6,4,7,3,4,224,109,115
KLEBERG COUNTY,273,60 Years,334,159,175,97,43,54,8,3,5,8,4,4,221,109,112
KLEBERG COUNTY,273,61 Years,349,160,189,100,45,55,12,5,7,6,2,4,231,108,123
KLEBERG COUNTY,273,62 Years,321,146,175,90,41,49,7,1,6,6,1,5,218,103,115
KLEBERG COUNTY,273,63 Years,284,149,135,87,44,43,7,6,1,6,2,4,184,97,87
KLEBERG COUNTY,273,64 Years,283,146,137,89,46,43,6,5,1,3,1,2,185,94,91
KLEBERG COUNTY,273,65 Years,271,126,145,77,42,35,6,4,2,5,1,4,183,79,104
KLEBERG COUNTY,273,66 Years,279,141,138,94,54,40,7,3,4,6,4,2,172,80,92
KLEBERG COUNTY,273,67 Years,267,136,131,89,47,42,8,4,4,7,4,3,163,81,82
KLEBERG COUNTY,273,68 Years,256,112,144,72,32,40,3,1,2,6,0,6,175,79,96
KLEBERG COUNTY,273,69 Years,259,124,135,77,38,39,4,4,0,4,0,4,174,82,92
KLEBERG COUNTY,273,70 Years,237,116,121,78,41,37,8,4,4,4,2,2,147,69,78
KLEBERG COUNTY,273,71 Years,236,118,118,69,32,37,12,7,5,5,2,3,150,77,73
KLEBERG COUNTY,273,72 Years,212,93,119,64,26,38,10,6,4,5,1,4,133,60,73
KLEBERG COUNTY,273,73 Years,195,86,109,61,28,33,7,3,4,3,1,2,124,54,70
KLEBERG COUNTY,273,74 Years,177,87,90,70,35,35,5,2,3,5,3,2,97,47,50
KLEBERG COUNTY,273,75 Years,151,79,72,63,38,25,5,2,3,3,2,1,80,37,43
KLEBERG COUNTY,273,76 Years,161,75,86,61,35,26,5,1,4,4,2,2,91,37,54
KLEBERG COUNTY,273,77 Years,176,73,103,65,31,34,3,2,1,7,4,3,101,36,65
KLEBERG COUNTY,273,78 Years,142,61,81,46,24,22,9,6,3,2,1,1,85,30,55
KLEBERG COUNTY,273,79 Years,140,64,76,47,25,22,7,3,4,3,1,2,83,35,48
KLEBERG COUNTY,273,80 Years,134,56,78,42,21,21,4,2,2,2,1,1,86,32,54
KLEBERG COUNTY,273,81 Years,121,51,70,35,20,15,2,1,1,1,0,1,83,30,53
KLEBERG COUNTY,273,82 Years,97,47,50,30,18,12,3,3,0,1,1,0,63,25,38
KLEBERG COUNTY,273,83 Years,91,44,47,29,16,13,1,0,1,4,2,2,57,26,31
KLEBERG COUNTY,273,84 Years,83,39,44,31,13,18,2,1,1,2,2,0,48,23,25
KLEBERG COUNTY,273,85 Years +,462,177,285,167,68,99,11,3,8,10,4,6,274,102,172
KNOX COUNTY,275,All Ages,3562,1762,1800,2087,1041,1046,210,91,119,57,31,26,1208,599,609
KNOX COUNTY,275,< 1 Year,37,18,19,12,6,6,2,1,1,0,0,0,23,11,12
KNOX COUNTY,275,1 Years,48,24,24,17,10,7,1,0,1,0,0,0,30,14,16
KNOX COUNTY,275,2 Years,51,26,25,20,12,8,2,1,1,0,0,0,29,13,16
KNOX COUNTY,275,3 Years,54,25,29,20,11,9,1,0,1,0,0,0,33,14,19
KNOX COUNTY,275,4 Years,46,22,24,19,10,9,1,0,1,0,0,0,26,12,14
KNOX COUNTY,275,5 Years,50,27,23,20,12,8,1,0,1,0,0,0,29,15,14
KNOX COUNTY,275,6 Years,56,24,32,22,8,14,1,1,0,2,0,2,31,15,16
KNOX COUNTY,275,7 Years,52,31,21,25,11,14,0,0,0,2,2,0,25,18,7
KNOX COUNTY,275,8 Years,55,30,25,27,12,15,0,0,0,3,3,0,25,15,10
KNOX COUNTY,275,9 Years,55,26,29,29,12,17,1,1,0,2,2,0,23,11,12
KNOX COUNTY,275,10 Years,46,21,25,18,11,7,2,2,0,3,1,2,23,7,16
KNOX COUNTY,275,11 Years,53,25,28,26,14,12,4,2,2,1,0,1,22,9,13
KNOX COUNTY,275,12 Years,44,20,24,21,8,13,2,1,1,2,1,1,19,10,9
KNOX COUNTY,275,13 Years,44,19,25,17,9,8,1,0,1,1,0,1,25,10,15
KNOX COUNTY,275,14 Years,48,22,26,25,14,11,4,0,4,1,0,1,18,8,10
KNOX COUNTY,275,15 Years,54,34,20,23,14,9,9,4,5,1,1,0,21,15,6
KNOX COUNTY,275,16 Years,52,27,25,25,12,13,8,5,3,1,1,0,18,9,9
KNOX COUNTY,275,17 Years,56,24,32,30,12,18,6,3,3,3,1,2,17,8,9
KNOX COUNTY,275,18 Years,42,16,26,20,7,13,4,2,2,1,0,1,17,7,10
KNOX COUNTY,275,19 Years,36,17,19,12,4,8,3,2,1,1,1,0,20,10,10
KNOX COUNTY,275,20 Years,45,23,22,20,9,11,4,3,1,1,1,0,20,10,10
KNOX COUNTY,275,21 Years,44,23,21,20,11,9,6,3,3,1,1,0,17,8,9
KNOX COUNTY,275,22 Years,39,19,20,18,9,9,6,2,4,1,1,0,14,7,7
KNOX COUNTY,275,23 Years,49,26,23,20,11,9,4,3,1,2,1,1,23,11,12
KNOX COUNTY,275,24 Years,51,25,26,25,14,11,7,4,3,1,0,1,18,7,11
KNOX COUNTY,275,25 Years,39,15,24,16,6,10,5,2,3,2,1,1,16,6,10
KNOX COUNTY,275,26 Years,33,13,20,14,7,7,2,1,1,1,0,1,16,5,11
KNOX COUNTY,275,27 Years,24,13,11,13,8,5,1,1,0,0,0,0,10,4,6
KNOX COUNTY,275,28 Years,27,15,12,14,7,7,1,1,0,0,0,0,12,7,5
KNOX COUNTY,275,29 Years,30,15,15,20,10,10,0,0,0,0,0,0,10,5,5
KNOX COUNTY,275,30 Years,36,16,20,22,14,8,2,0,2,0,0,0,12,2,10
KNOX COUNTY,275,31 Years,45,24,21,26,15,11,3,2,1,1,1,0,15,6,9
KNOX COUNTY,275,32 Years,35,17,18,20,9,11,3,1,2,2,1,1,10,6,4
KNOX COUNTY,275,33 Years,40,20,20,22,12,10,3,1,2,1,0,1,14,7,7
KNOX COUNTY,275,34 Years,31,14,17,17,8,9,1,1,0,0,0,0,13,5,8
KNOX COUNTY,275,35 Years,38,18,20,22,11,11,2,0,2,0,0,0,14,7,7
KNOX COUNTY,275,36 Years,40,22,18,23,12,11,0,0,0,0,0,0,17,10,7
KNOX COUNTY,275,37 Years,31,14,17,17,7,10,2,0,2,1,1,0,11,6,5
KNOX COUNTY,275,38 Years,38,23,15,21,12,9,3,2,1,0,0,0,14,9,5
KNOX COUNTY,275,39 Years,39,23,16,27,16,11,2,2,0,0,0,0,10,5,5
KNOX COUNTY,275,40 Years,32,17,15,19,10,9,1,1,0,0,0,0,12,6,6
KNOX COUNTY,275,41 Years,40,21,19,20,11,9,1,1,0,0,0,0,19,9,10
KNOX COUNTY,275,42 Years,32,17,15,16,9,7,2,1,1,0,0,0,14,7,7
KNOX COUNTY,275,43 Years,34,16,18,23,10,13,3,1,2,0,0,0,8,5,3
KNOX COUNTY,275,44 Years,29,11,18,15,4,11,3,1,2,0,0,0,11,6,5
KNOX COUNTY,275,45 Years,43,17,26,23,10,13,2,0,2,2,1,1,16,6,10
KNOX COUNTY,275,46 Years,47,23,24,31,16,15,0,0,0,1,1,0,15,6,9
KNOX COUNTY,275,47 Years,35,18,17,19,10,9,4,1,3,0,0,0,12,7,5
KNOX COUNTY,275,48 Years,39,20,19,23,13,10,5,1,4,0,0,0,11,6,5
KNOX COUNTY,275,49 Years,37,18,19,20,11,9,4,1,3,0,0,0,13,6,7
KNOX COUNTY,275,50 Years,40,21,19,22,10,12,4,2,2,1,1,0,13,8,5
KNOX COUNTY,275,51 Years,48,25,23,28,13,15,5,3,2,0,0,0,15,9,6
KNOX COUNTY,275,52 Years,43,23,20,25,11,14,3,2,1,0,0,0,15,10,5
KNOX COUNTY,275,53 Years,39,19,20,23,10,13,4,2,2,1,0,1,11,7,4
KNOX COUNTY,275,54 Years,40,22,18,25,15,10,3,1,2,2,1,1,10,5,5
KNOX COUNTY,275,55 Years,49,27,22,36,21,15,4,2,2,0,0,0,9,4,5
KNOX COUNTY,275,56 Years,53,28,25,40,20,20,0,0,0,0,0,0,13,8,5
KNOX COUNTY,275,57 Years,58,31,27,37,22,15,2,0,2,0,0,0,19,9,10
KNOX COUNTY,275,58 Years,54,30,24,38,21,17,2,0,2,0,0,0,14,9,5
KNOX COUNTY,275,59 Years,47,26,21,31,16,15,2,0,2,0,0,0,14,10,4
KNOX COUNTY,275,60 Years,50,29,21,37,21,16,2,1,1,0,0,0,11,7,4
KNOX COUNTY,275,61 Years,48,26,22,35,20,15,1,0,1,1,0,1,11,6,5
KNOX COUNTY,275,62 Years,45,22,23,29,14,15,2,0,2,2,0,2,12,8,4
KNOX COUNTY,275,63 Years,35,21,14,24,14,10,2,1,1,0,0,0,9,6,3
KNOX COUNTY,275,64 Years,52,28,24,41,22,19,2,1,1,0,0,0,9,5,4
KNOX COUNTY,275,65 Years,36,21,15,29,17,12,2,1,1,0,0,0,5,3,2
KNOX COUNTY,275,66 Years,38,19,19,27,14,13,3,0,3,1,1,0,7,4,3
KNOX COUNTY,275,67 Years,33,16,17,26,13,13,2,1,1,0,0,0,5,2,3
KNOX COUNTY,275,68 Years,35,17,18,23,11,12,3,1,2,0,0,0,9,5,4
KNOX COUNTY,275,69 Years,41,20,21,32,17,15,3,1,2,1,1,0,5,1,4
KNOX COUNTY,275,70 Years,38,22,16,30,18,12,0,0,0,1,0,1,7,4,3
KNOX COUNTY,275,71 Years,35,18,17,28,15,13,2,0,2,1,1,0,4,2,2
KNOX COUNTY,275,72 Years,42,18,24,28,12,16,3,1,2,1,1,0,10,4,6
KNOX COUNTY,275,73 Years,30,13,17,23,10,13,1,1,0,1,0,1,5,2,3
KNOX COUNTY,275,74 Years,30,15,15,26,13,13,1,1,0,0,0,0,3,1,2
KNOX COUNTY,275,75 Years,25,15,10,23,14,9,0,0,0,0,0,0,2,1,1
KNOX COUNTY,275,76 Years,31,13,18,24,11,13,0,0,0,0,0,0,7,2,5
KNOX COUNTY,275,77 Years,33,13,20,24,10,14,1,0,1,0,0,0,8,3,5
KNOX COUNTY,275,78 Years,32,13,19,24,9,15,0,0,0,1,1,0,7,3,4
KNOX COUNTY,275,79 Years,31,14,17,23,9,14,1,1,0,0,0,0,7,4,3
KNOX COUNTY,275,80 Years,31,12,19,24,8,16,3,2,1,0,0,0,4,2,2
KNOX COUNTY,275,81 Years,28,11,17,20,7,13,2,1,1,0,0,0,6,3,3
KNOX COUNTY,275,82 Years,24,10,14,19,9,10,1,0,1,0,0,0,4,1,3
KNOX COUNTY,275,83 Years,19,7,12,15,6,9,0,0,0,1,0,1,3,1,2
KNOX COUNTY,275,84 Years,16,8,8,12,5,7,1,1,0,0,0,0,3,2,1
KNOX COUNTY,275,85 Years +,132,55,77,102,42,60,8,2,6,1,1,0,21,10,11
LAMAR COUNTY,277,All Ages,50653,24672,25981,36884,18003,18881,6859,3208,3651,2685,1283,1402,4225,2178,2047
LAMAR COUNTY,277,< 1 Year,641,310,331,398,190,208,90,46,44,65,34,31,88,40,48
LAMAR COUNTY,277,1 Years,659,329,330,414,205,209,98,50,48,60,31,29,87,43,44
LAMAR COUNTY,277,2 Years,659,333,326,412,204,208,97,50,47,65,34,31,85,45,40
LAMAR COUNTY,277,3 Years,655,334,321,404,203,201,96,50,46,69,35,34,86,46,40
LAMAR COUNTY,277,4 Years,647,334,313,393,198,195,87,47,40,76,39,37,91,50,41
LAMAR COUNTY,277,5 Years,666,351,315,400,207,193,95,52,43,75,39,36,96,53,43
LAMAR COUNTY,277,6 Years,637,318,319,391,203,188,90,46,44,65,29,36,91,40,51
LAMAR COUNTY,277,7 Years,671,336,335,395,199,196,103,55,48,69,36,33,104,46,58
LAMAR COUNTY,277,8 Years,685,351,334,403,204,199,101,59,42,67,36,31,114,52,62
LAMAR COUNTY,277,9 Years,683,347,336,397,210,187,103,55,48,70,34,36,113,48,65
LAMAR COUNTY,277,10 Years,669,340,329,395,204,191,95,51,44,59,30,29,120,55,65
LAMAR COUNTY,277,11 Years,694,347,347,428,217,211,93,42,51,58,26,32,115,62,53
LAMAR COUNTY,277,12 Years,653,333,320,397,205,192,102,54,48,50,22,28,104,52,52
LAMAR COUNTY,277,13 Years,665,340,325,417,212,205,97,48,49,48,23,25,103,57,46
LAMAR COUNTY,277,14 Years,630,322,308,388,203,185,103,49,54,43,21,22,96,49,47
LAMAR COUNTY,277,15 Years,687,368,319,438,241,197,96,50,46,40,21,19,113,56,57
LAMAR COUNTY,277,16 Years,702,357,345,458,233,225,97,53,44,41,21,20,106,50,56
LAMAR COUNTY,277,17 Years,697,348,349,453,229,224,98,47,51,48,24,24,98,48,50
LAMAR COUNTY,277,18 Years,663,334,329,425,214,211,103,51,52,39,18,21,96,51,45
LAMAR COUNTY,277,19 Years,630,321,309,399,208,191,104,53,51,44,20,24,83,40,43
LAMAR COUNTY,277,20 Years,625,321,304,398,202,196,94,54,40,51,24,27,82,41,41
LAMAR COUNTY,277,21 Years,614,312,302,389,188,201,107,61,46,40,21,19,78,42,36
LAMAR COUNTY,277,22 Years,644,322,322,419,203,216,103,49,54,45,24,21,77,46,31
LAMAR COUNTY,277,23 Years,648,349,299,427,234,193,110,53,57,39,21,18,72,41,31
LAMAR COUNTY,277,24 Years,714,375,339,481,260,221,122,61,61,41,17,24,70,37,33
LAMAR COUNTY,277,25 Years,749,359,390,498,247,251,129,56,73,48,19,29,74,37,37
LAMAR COUNTY,277,26 Years,760,369,391,509,246,263,140,62,78,45,22,23,66,39,27
LAMAR COUNTY,277,27 Years,661,307,354,470,218,252,104,44,60,32,16,16,55,29,26
LAMAR COUNTY,277,28 Years,603,296,307,415,208,207,95,42,53,33,14,19,60,32,28
LAMAR COUNTY,277,29 Years,562,283,279,393,195,198,71,31,40,32,18,14,66,39,27
LAMAR COUNTY,277,30 Years,527,269,258,352,176,176,85,42,43,27,18,9,63,33,30
LAMAR COUNTY,277,31 Years,500,259,241,341,179,162,77,34,43,21,13,8,61,33,28
LAMAR COUNTY,277,32 Years,476,243,233,326,174,152,72,30,42,21,10,11,57,29,28
LAMAR COUNTY,277,33 Years,504,243,261,345,171,174,77,31,46,24,10,14,58,31,27
LAMAR COUNTY,277,34 Years,497,240,257,345,168,177,74,32,42,21,8,13,57,32,25
LAMAR COUNTY,277,35 Years,500,253,247,357,181,176,62,25,37,26,14,12,55,33,22
LAMAR COUNTY,277,36 Years,556,276,280,381,193,188,85,38,47,24,12,12,66,33,33
LAMAR COUNTY,277,37 Years,542,267,275,372,182,190,95,45,50,25,16,9,50,24,26
LAMAR COUNTY,277,38 Years,526,260,266,354,175,179,86,38,48,28,14,14,58,33,25
LAMAR COUNTY,277,39 Years,551,276,275,365,188,177,94,41,53,31,15,16,61,32,29
LAMAR COUNTY,277,40 Years,546,273,273,380,199,181,86,41,45,29,12,17,51,21,30
LAMAR COUNTY,277,41 Years,569,280,289,393,197,196,90,41,49,27,11,16,59,31,28
LAMAR COUNTY,277,42 Years,545,269,276,399,191,208,79,42,37,22,13,9,45,23,22
LAMAR COUNTY,277,43 Years,547,256,291,385,181,204,83,36,47,27,13,14,52,26,26
LAMAR COUNTY,277,44 Years,595,286,309,435,211,224,97,42,55,22,11,11,41,22,19
LAMAR COUNTY,277,45 Years,648,306,342,486,231,255,97,42,55,29,13,16,36,20,16
LAMAR COUNTY,277,46 Years,690,324,366,520,246,274,95,44,51,33,13,20,42,21,21
LAMAR COUNTY,277,47 Years,687,330,357,513,249,264,100,43,57,32,12,20,42,26,16
LAMAR COUNTY,277,48 Years,665,327,338,492,248,244,102,45,57,32,12,20,39,22,17
LAMAR COUNTY,277,49 Years,644,314,330,481,239,242,98,44,54,34,13,21,31,18,13
LAMAR COUNTY,277,50 Years,621,304,317,474,235,239,91,45,46,30,11,19,26,13,13
LAMAR COUNTY,277,51 Years,661,334,327,516,269,247,93,45,48,23,9,14,29,11,18
LAMAR COUNTY,277,52 Years,704,337,367,554,276,278,106,42,64,21,10,11,23,9,14
LAMAR COUNTY,277,53 Years,701,333,368,558,268,290,96,44,52,23,9,14,24,12,12
LAMAR COUNTY,277,54 Years,695,334,361,560,270,290,86,39,47,25,11,14,24,14,10
LAMAR COUNTY,277,55 Years,678,326,352,541,261,280,96,46,50,19,9,10,22,10,12
LAMAR COUNTY,277,56 Years,716,342,374,565,267,298,102,52,50,27,13,14,22,10,12
LAMAR COUNTY,277,57 Years,660,322,338,512,253,259,97,42,55,22,11,11,29,16,13
LAMAR COUNTY,277,58 Years,711,351,360,565,280,285,92,40,52,27,14,13,27,17,10
LAMAR COUNTY,277,59 Years,687,325,362,549,262,287,92,38,54,27,12,15,19,13,6
LAMAR COUNTY,277,60 Years,656,321,335,534,265,269,87,38,49,19,7,12,16,11,5
LAMAR COUNTY,277,61 Years,649,321,328,515,260,255,90,40,50,24,9,15,20,12,8
LAMAR COUNTY,277,62 Years,598,295,303,483,247,236,77,29,48,19,9,10,19,10,9
LAMAR COUNTY,277,63 Years,587,286,301,485,241,244,64,27,37,23,8,15,15,10,5
LAMAR COUNTY,277,64 Years,598,275,323,502,231,271,65,25,40,15,7,8,16,12,4
LAMAR COUNTY,277,65 Years,605,287,318,504,242,262,66,27,39,21,11,10,14,7,7
LAMAR COUNTY,277,66 Years,622,296,326,525,247,278,52,26,26,26,12,14,19,11,8
LAMAR COUNTY,277,67 Years,635,285,350,541,247,294,53,21,32,26,9,17,15,8,7
LAMAR COUNTY,277,68 Years,570,262,308,489,226,263,52,22,30,18,8,10,11,6,5
LAMAR COUNTY,277,69 Years,595,284,311,520,248,272,48,24,24,15,6,9,12,6,6
LAMAR COUNTY,277,70 Years,523,247,276,455,215,240,43,21,22,13,5,8,12,6,6
LAMAR COUNTY,277,71 Years,522,242,280,460,216,244,44,18,26,11,5,6,7,3,4
LAMAR COUNTY,277,72 Years,528,241,287,461,213,248,42,16,26,14,8,6,11,4,7
LAMAR COUNTY,277,73 Years,501,237,264,444,214,230,38,14,24,11,5,6,8,4,4
LAMAR COUNTY,277,74 Years,455,224,231,405,199,206,31,12,19,11,8,3,8,5,3
LAMAR COUNTY,277,75 Years,421,191,230,378,169,209,30,14,16,8,4,4,5,4,1
LAMAR COUNTY,277,76 Years,393,170,223,356,155,201,25,11,14,5,1,4,7,3,4
LAMAR COUNTY,277,77 Years,356,164,192,319,150,169,26,9,17,7,2,5,4,3,1
LAMAR COUNTY,277,78 Years,345,161,184,313,151,162,21,7,14,7,2,5,4,1,3
LAMAR COUNTY,277,79 Years,308,139,169,275,127,148,23,9,14,5,1,4,5,2,3
LAMAR COUNTY,277,80 Years,259,112,147,231,102,129,18,7,11,7,2,5,3,1,2
LAMAR COUNTY,277,81 Years,257,112,145,228,101,127,18,6,12,8,3,5,3,2,1
LAMAR COUNTY,277,82 Years,244,107,137,213,94,119,18,7,11,6,4,2,7,2,5
LAMAR COUNTY,277,83 Years,207,83,124,172,69,103,27,11,16,3,2,1,5,1,4
LAMAR COUNTY,277,84 Years,191,77,114,170,67,103,17,7,10,2,1,1,2,2,0
LAMAR COUNTY,277,85 Years +,1006,348,658,886,297,589,76,30,46,25,13,12,19,8,11
LAMB COUNTY,279,All Ages,13114,6591,6523,5060,2483,2577,538,279,259,245,117,128,7271,3712,3559
LAMB COUNTY,279,< 1 Year,198,106,92,43,27,16,5,2,3,13,9,4,137,68,69
LAMB COUNTY,279,1 Years,196,99,97,41,24,17,8,5,3,13,7,6,134,63,71
LAMB COUNTY,279,2 Years,195,99,96,41,21,20,9,6,3,17,10,7,128,62,66
LAMB COUNTY,279,3 Years,190,94,96,42,20,22,9,5,4,16,8,8,123,61,62
LAMB COUNTY,279,4 Years,199,101,98,49,24,25,7,4,3,13,8,5,130,65,65
LAMB COUNTY,279,5 Years,203,98,105,50,24,26,7,4,3,8,4,4,138,66,72
LAMB COUNTY,279,6 Years,235,125,110,56,35,21,7,4,3,5,2,3,167,84,83
LAMB COUNTY,279,7 Years,206,107,99,48,23,25,6,2,4,6,3,3,146,79,67
LAMB COUNTY,279,8 Years,192,101,91,46,21,25,9,4,5,3,1,2,134,75,59
LAMB COUNTY,279,9 Years,208,107,101,56,26,30,9,5,4,5,2,3,138,74,64
LAMB COUNTY,279,10 Years,201,103,98,51,22,29,10,8,2,3,1,2,137,72,65
LAMB COUNTY,279,11 Years,203,99,104,49,23,26,10,6,4,4,1,3,140,69,71
LAMB COUNTY,279,12 Years,199,97,102,50,23,27,9,5,4,3,3,0,137,66,71
LAMB COUNTY,279,13 Years,199,109,90,49,24,25,9,6,3,3,1,2,138,78,60
LAMB COUNTY,279,14 Years,207,110,97,51,25,26,14,8,6,3,0,3,139,77,62
LAMB COUNTY,279,15 Years,200,99,101,57,27,30,14,7,7,3,0,3,126,65,61
LAMB COUNTY,279,16 Years,208,104,104,63,27,36,7,3,4,3,1,2,135,73,62
LAMB COUNTY,279,17 Years,205,106,99,62,27,35,12,6,6,3,2,1,128,71,57
LAMB COUNTY,279,18 Years,194,105,89,60,36,24,10,4,6,2,1,1,122,64,58
LAMB COUNTY,279,19 Years,187,104,83,60,39,21,9,5,4,3,1,2,115,59,56
LAMB COUNTY,279,20 Years,180,103,77,55,34,21,5,3,2,1,0,1,119,66,53
LAMB COUNTY,279,21 Years,188,105,83,55,29,26,5,4,1,3,2,1,125,70,55
LAMB COUNTY,279,22 Years,212,122,90,66,40,26,7,3,4,6,5,1,133,74,59
LAMB COUNTY,279,23 Years,204,115,89,66,37,29,9,5,4,3,3,0,126,70,56
LAMB COUNTY,279,24 Years,195,102,93,62,33,29,9,3,6,3,1,2,121,65,56
LAMB COUNTY,279,25 Years,157,86,71,46,24,22,7,3,4,2,0,2,102,59,43
LAMB COUNTY,279,26 Years,157,83,74,47,25,22,4,2,2,2,0,2,104,56,48
LAMB COUNTY,279,27 Years,147,82,65,47,26,21,2,1,1,2,0,2,96,55,41
LAMB COUNTY,279,28 Years,153,80,73,48,25,23,6,5,1,2,0,2,97,50,47
LAMB COUNTY,279,29 Years,132,66,66,28,14,14,4,2,2,2,1,1,98,49,49
LAMB COUNTY,279,30 Years,130,71,59,37,22,15,5,3,2,1,0,1,87,46,41
LAMB COUNTY,279,31 Years,123,52,71,32,15,17,7,4,3,2,2,0,82,31,51
LAMB COUNTY,279,32 Years,134,63,71,38,23,15,8,3,5,0,0,0,88,37,51
LAMB COUNTY,279,33 Years,154,74,80,56,27,29,6,1,5,1,1,0,91,45,46
LAMB COUNTY,279,34 Years,138,74,64,42,22,20,7,4,3,1,1,0,88,47,41
LAMB COUNTY,279,35 Years,137,74,63,39,20,19,7,4,3,1,0,1,90,50,40
LAMB COUNTY,279,36 Years,155,78,77,47,24,23,7,3,4,2,0,2,99,51,48
LAMB COUNTY,279,37 Years,140,66,74,45,21,24,8,4,4,2,0,2,85,41,44
LAMB COUNTY,279,38 Years,138,64,74,41,19,22,9,3,6,3,1,2,85,41,44
LAMB COUNTY,279,39 Years,139,75,64,53,30,23,5,1,4,1,1,0,80,43,37
LAMB COUNTY,279,40 Years,123,65,58,45,24,21,5,1,4,1,1,0,72,39,33
LAMB COUNTY,279,41 Years,132,66,66,45,23,22,5,2,3,1,1,0,81,40,41
LAMB COUNTY,279,42 Years,116,53,63,43,20,23,5,2,3,1,0,1,67,31,36
LAMB COUNTY,279,43 Years,122,62,60,50,25,25,1,0,1,1,0,1,70,37,33
LAMB COUNTY,279,44 Years,107,52,55,39,23,16,2,0,2,0,0,0,66,29,37
LAMB COUNTY,279,45 Years,130,62,68,48,22,26,2,1,1,2,0,2,78,39,39
LAMB COUNTY,279,46 Years,156,81,75,51,24,27,4,2,2,2,1,1,99,54,45
LAMB COUNTY,279,47 Years,149,74,75,47,25,22,7,4,3,1,1,0,94,44,50
LAMB COUNTY,279,48 Years,154,76,78,54,26,28,4,2,2,3,1,2,93,47,46
LAMB COUNTY,279,49 Years,155,83,72,68,35,33,6,4,2,2,1,1,79,43,36
LAMB COUNTY,279,50 Years,152,77,75,58,32,26,3,1,2,1,1,0,90,43,47
LAMB COUNTY,279,51 Years,147,61,86,53,22,31,7,2,5,1,0,1,86,37,49
LAMB COUNTY,279,52 Years,176,86,90,71,35,36,9,7,2,4,0,4,92,44,48
LAMB COUNTY,279,53 Years,183,85,98,90,40,50,9,5,4,3,0,3,81,40,41
LAMB COUNTY,279,54 Years,174,87,87,81,37,44,9,4,5,1,1,0,83,45,38
LAMB COUNTY,279,55 Years,173,88,85,94,53,41,8,2,6,2,1,1,69,32,37
LAMB COUNTY,279,56 Years,176,84,92,108,55,53,5,3,2,4,1,3,59,25,34
LAMB COUNTY,279,57 Years,166,81,85,87,45,42,11,8,3,2,1,1,66,27,39
LAMB COUNTY,279,58 Years,168,89,79,87,48,39,11,5,6,4,1,3,66,35,31
LAMB COUNTY,279,59 Years,166,94,72,95,52,43,8,5,3,3,1,2,60,36,24
LAMB COUNTY,279,60 Years,182,98,84,93,50,43,6,4,2,6,3,3,77,41,36
LAMB COUNTY,279,61 Years,165,84,81,95,48,47,4,2,2,4,2,2,62,32,30
LAMB COUNTY,279,62 Years,167,88,79,92,45,47,4,2,2,3,2,1,68,39,29
LAMB COUNTY,279,63 Years,152,81,71,82,42,40,6,5,1,3,1,2,61,33,28
LAMB COUNTY,279,64 Years,143,77,66,81,40,41,6,3,3,1,1,0,55,33,22
LAMB COUNTY,279,65 Years,123,69,54,70,38,32,3,2,1,2,1,1,48,28,20
LAMB COUNTY,279,66 Years,125,59,66,66,30,36,3,2,1,1,1,0,55,26,29
LAMB COUNTY,279,67 Years,120,55,65,69,29,40,6,5,1,0,0,0,45,21,24
LAMB COUNTY,279,68 Years,109,51,58,60,26,34,6,4,2,0,0,0,43,21,22
LAMB COUNTY,279,69 Years,106,52,54,61,30,31,5,3,2,0,0,0,40,19,21
LAMB COUNTY,279,70 Years,115,48,67,53,24,29,8,4,4,1,0,1,53,20,33
LAMB COUNTY,279,71 Years,101,45,56,51,20,31,3,1,2,2,2,0,45,22,23
LAMB COUNTY,279,72 Years,100,50,50,58,26,32,3,2,1,1,1,0,38,21,17
LAMB COUNTY,279,73 Years,96,47,49,55,27,28,4,2,2,1,0,1,36,18,18
LAMB COUNTY,279,74 Years,98,43,55,62,25,37,3,1,2,1,1,0,32,16,16
LAMB COUNTY,279,75 Years,90,37,53,58,23,35,4,2,2,1,1,0,27,11,16
LAMB COUNTY,279,76 Years,91,41,50,58,27,31,3,1,2,1,1,0,29,12,17
LAMB COUNTY,279,77 Years,81,41,40,52,27,25,4,1,3,1,1,0,24,12,12
LAMB COUNTY,279,78 Years,84,39,45,54,25,29,5,3,2,0,0,0,25,11,14
LAMB COUNTY,279,79 Years,69,28,41,44,16,28,2,1,1,0,0,0,23,11,12
LAMB COUNTY,279,80 Years,78,33,45,52,22,30,3,1,2,0,0,0,23,10,13
LAMB COUNTY,279,81 Years,77,31,46,56,23,33,1,0,1,1,0,1,19,8,11
LAMB COUNTY,279,82 Years,70,29,41,50,20,30,2,2,0,1,0,1,17,7,10
LAMB COUNTY,279,83 Years,56,24,32,42,18,24,2,1,1,0,0,0,12,5,7
LAMB COUNTY,279,84 Years,55,20,35,39,13,26,1,0,1,1,0,1,14,7,7
LAMB COUNTY,279,85 Years +,298,107,191,219,75,144,13,5,8,5,3,2,61,24,37
LAMPASAS COUNTY,281,All Ages,20899,10354,10545,14937,7352,7585,593,304,289,1052,467,585,4317,2231,2086
LAMPASAS COUNTY,281,< 1 Year,230,115,115,132,67,65,3,2,1,31,15,16,64,31,33
LAMPASAS COUNTY,281,1 Years,239,120,119,137,70,67,5,3,2,31,14,17,66,33,33
LAMPASAS COUNTY,281,2 Years,257,133,124,145,75,70,6,4,2,26,12,14,80,42,38
LAMPASAS COUNTY,281,3 Years,258,132,126,148,77,71,6,3,3,27,13,14,77,39,38
LAMPASAS COUNTY,281,4 Years,262,135,127,148,78,70,5,1,4,25,12,13,84,44,40
LAMPASAS COUNTY,281,5 Years,269,137,132,143,73,70,4,1,3,33,16,17,89,47,42
LAMPASAS COUNTY,281,6 Years,272,153,119,146,83,63,3,2,1,26,13,13,97,55,42
LAMPASAS COUNTY,281,7 Years,267,140,127,158,79,79,5,2,3,22,14,8,82,45,37
LAMPASAS COUNTY,281,8 Years,271,137,134,155,74,81,4,1,3,26,15,11,86,47,39
LAMPASAS COUNTY,281,9 Years,292,142,150,165,80,85,5,3,2,25,14,11,97,45,52
LAMPASAS COUNTY,281,10 Years,286,135,151,154,71,83,2,1,1,22,13,9,108,50,58
LAMPASAS COUNTY,281,11 Years,286,144,142,171,85,86,5,3,2,21,12,9,89,44,45
LAMPASAS COUNTY,281,12 Years,270,143,127,177,95,82,5,3,2,17,9,8,71,36,35
LAMPASAS COUNTY,281,13 Years,278,151,127,174,93,81,5,2,3,16,10,6,83,46,37
LAMPASAS COUNTY,281,14 Years,266,137,129,167,89,78,4,2,2,17,9,8,78,37,41
LAMPASAS COUNTY,281,15 Years,261,133,128,173,91,82,2,1,1,17,9,8,69,32,37
LAMPASAS COUNTY,281,16 Years,286,152,134,185,96,89,4,2,2,23,10,13,74,44,30
LAMPASAS COUNTY,281,17 Years,282,150,132,180,96,84,7,4,3,20,9,11,75,41,34
LAMPASAS COUNTY,281,18 Years,272,141,131,177,96,81,8,3,5,15,5,10,72,37,35
LAMPASAS COUNTY,281,19 Years,277,134,143,172,81,91,6,2,4,17,10,7,82,41,41
LAMPASAS COUNTY,281,20 Years,275,144,131,161,87,74,10,3,7,16,10,6,88,44,44
LAMPASAS COUNTY,281,21 Years,291,139,152,177,86,91,14,5,9,15,6,9,85,42,43
LAMPASAS COUNTY,281,22 Years,270,146,124,160,88,72,12,5,7,15,10,5,83,43,40
LAMPASAS COUNTY,281,23 Years,261,128,133,159,77,82,19,8,11,11,6,5,72,37,35
LAMPASAS COUNTY,281,24 Years,262,145,117,159,84,75,10,5,5,16,9,7,77,47,30
LAMPASAS COUNTY,281,25 Years,235,130,105,138,75,63,8,6,2,13,7,6,76,42,34
LAMPASAS COUNTY,281,26 Years,198,110,88,130,73,57,12,4,8,4,2,2,52,31,21
LAMPASAS COUNTY,281,27 Years,187,92,95,127,59,68,7,3,4,3,2,1,50,28,22
LAMPASAS COUNTY,281,28 Years,188,98,90,118,61,57,4,3,1,8,4,4,58,30,28
LAMPASAS COUNTY,281,29 Years,196,99,97,123,64,59,5,4,1,10,4,6,58,27,31
LAMPASAS COUNTY,281,30 Years,205,109,96,133,70,63,5,2,3,8,3,5,59,34,25
LAMPASAS COUNTY,281,31 Years,197,86,111,141,59,82,5,2,3,6,1,5,45,24,21
LAMPASAS COUNTY,281,32 Years,192,93,99,134,63,71,6,3,3,6,2,4,46,25,21
LAMPASAS COUNTY,281,33 Years,211,111,100,147,78,69,3,1,2,5,2,3,56,30,26
LAMPASAS COUNTY,281,34 Years,240,120,120,178,90,88,4,2,2,3,2,1,55,26,29
LAMPASAS COUNTY,281,35 Years,231,114,117,180,88,92,4,2,2,4,2,2,43,22,21
LAMPASAS COUNTY,281,36 Years,227,108,119,168,83,85,3,2,1,8,3,5,48,20,28
LAMPASAS COUNTY,281,37 Years,210,103,107,152,74,78,3,3,0,10,5,5,45,21,24
LAMPASAS COUNTY,281,38 Years,226,108,118,161,78,83,5,2,3,9,3,6,51,25,26
LAMPASAS COUNTY,281,39 Years,220,111,109,161,79,82,4,3,1,8,5,3,47,24,23
LAMPASAS COUNTY,281,40 Years,209,104,105,154,76,78,4,3,1,11,6,5,40,19,21
LAMPASAS COUNTY,281,41 Years,226,106,120,165,79,86,5,2,3,13,5,8,43,20,23
LAMPASAS COUNTY,281,42 Years,244,121,123,181,85,96,6,5,1,11,5,6,46,26,20
LAMPASAS COUNTY,281,43 Years,245,121,124,180,88,92,7,5,2,10,5,5,48,23,25
LAMPASAS COUNTY,281,44 Years,246,121,125,178,85,93,8,5,3,13,6,7,47,25,22
LAMPASAS COUNTY,281,45 Years,272,126,146,204,95,109,12,6,6,12,5,7,44,20,24
LAMPASAS COUNTY,281,46 Years,307,147,160,240,119,121,9,4,5,12,6,6,46,18,28
LAMPASAS COUNTY,281,47 Years,299,147,152,226,116,110,10,5,5,13,3,10,50,23,27
LAMPASAS COUNTY,281,48 Years,278,142,136,203,107,96,13,6,7,13,4,9,49,25,24
LAMPASAS COUNTY,281,49 Years,291,138,153,219,105,114,12,5,7,13,5,8,47,23,24
LAMPASAS COUNTY,281,50 Years,302,144,158,222,101,121,19,12,7,8,4,4,53,27,26
LAMPASAS COUNTY,281,51 Years,335,172,163,253,128,125,17,10,7,7,2,5,58,32,26
LAMPASAS COUNTY,281,52 Years,344,180,164,269,139,130,14,9,5,8,3,5,53,29,24
LAMPASAS COUNTY,281,53 Years,307,152,155,234,112,122,8,5,3,9,5,4,56,30,26
LAMPASAS COUNTY,281,54 Years,324,172,152,236,118,118,10,6,4,11,5,6,67,43,24
LAMPASAS COUNTY,281,55 Years,322,165,157,255,126,129,8,5,3,11,5,6,48,29,19
LAMPASAS COUNTY,281,56 Years,297,149,148,232,115,117,7,4,3,11,5,6,47,25,22
LAMPASAS COUNTY,281,57 Years,321,147,174,249,115,134,9,3,6,13,2,11,50,27,23
LAMPASAS COUNTY,281,58 Years,305,147,158,237,110,127,13,7,6,9,3,6,46,27,19
LAMPASAS COUNTY,281,59 Years,293,153,140,228,120,108,12,4,8,10,3,7,43,26,17
LAMPASAS COUNTY,281,60 Years,294,140,154,228,106,122,12,5,7,16,4,12,38,25,13
LAMPASAS COUNTY,281,61 Years,298,135,163,234,110,124,13,5,8,15,3,12,36,17,19
LAMPASAS COUNTY,281,62 Years,268,119,149,221,101,120,7,2,5,10,4,6,30,12,18
LAMPASAS COUNTY,281,63 Years,276,136,140,221,112,109,12,8,4,10,2,8,33,14,19
LAMPASAS COUNTY,281,64 Years,260,126,134,204,100,104,11,6,5,12,1,11,33,19,14
LAMPASAS COUNTY,281,65 Years,253,115,138,199,91,108,7,4,3,17,7,10,30,13,17
LAMPASAS COUNTY,281,66 Years,265,128,137,218,106,112,8,2,6,14,7,7,25,13,12
LAMPASAS COUNTY,281,67 Years,246,116,130,202,95,107,8,4,4,11,4,7,25,13,12
LAMPASAS COUNTY,281,68 Years,260,130,130,215,112,103,8,5,3,10,2,8,27,11,16
LAMPASAS COUNTY,281,69 Years,244,127,117,205,104,101,7,4,3,5,1,4,27,18,9
LAMPASAS COUNTY,281,70 Years,200,106,94,173,88,85,6,5,1,4,1,3,17,12,5
LAMPASAS COUNTY,281,71 Years,197,93,104,166,80,86,5,2,3,9,3,6,17,8,9
LAMPASAS COUNTY,281,72 Years,208,93,115,183,83,100,6,3,3,9,3,6,10,4,6
LAMPASAS COUNTY,281,73 Years,209,93,116,182,80,102,10,6,4,6,1,5,11,6,5
LAMPASAS COUNTY,281,74 Years,191,89,102,161,73,88,9,6,3,4,1,3,17,9,8
LAMPASAS COUNTY,281,75 Years,166,76,90,144,65,79,5,3,2,2,1,1,15,7,8
LAMPASAS COUNTY,281,76 Years,150,72,78,129,61,68,3,2,1,2,1,1,16,8,8
LAMPASAS COUNTY,281,77 Years,144,65,79,125,59,66,1,1,0,7,1,6,11,4,7
LAMPASAS COUNTY,281,78 Years,122,52,70,106,45,61,2,1,1,7,2,5,7,4,3
LAMPASAS COUNTY,281,79 Years,120,57,63,104,48,56,2,2,0,3,1,2,11,6,5
LAMPASAS COUNTY,281,80 Years,124,53,71,105,47,58,3,1,2,1,0,1,15,5,10
LAMPASAS COUNTY,281,81 Years,103,50,53,88,44,44,2,1,1,4,1,3,9,4,5
LAMPASAS COUNTY,281,82 Years,75,32,43,63,27,36,0,0,0,4,3,1,8,2,6
LAMPASAS COUNTY,281,83 Years,77,40,37,66,36,30,0,0,0,3,1,2,8,3,5
LAMPASAS COUNTY,281,84 Years,77,37,40,65,34,31,1,0,1,3,1,2,8,2,6
LAMPASAS COUNTY,281,85 Years +,402,162,240,351,141,210,5,2,3,11,2,9,35,17,18
LA SALLE COUNTY,283,All Ages,7620,4531,3089,916,483,433,19,18,1,59,36,23,6626,3994,2632
LA SALLE COUNTY,283,< 1 Year,88,43,45,6,3,3,0,0,0,0,0,0,82,40,42
LA SALLE COUNTY,283,1 Years,98,51,47,6,3,3,0,0,0,2,2,0,90,46,44
LA SALLE COUNTY,283,2 Years,106,61,45,8,4,4,0,0,0,1,1,0,97,56,41
LA SALLE COUNTY,283,3 Years,105,57,48,7,5,2,0,0,0,2,1,1,96,51,45
LA SALLE COUNTY,283,4 Years,102,53,49,4,2,2,0,0,0,1,0,1,97,51,46
LA SALLE COUNTY,283,5 Years,97,53,44,7,3,4,0,0,0,0,0,0,90,50,40
LA SALLE COUNTY,283,6 Years,88,43,45,5,3,2,1,1,0,0,0,0,82,39,43
LA SALLE COUNTY,283,7 Years,79,31,48,6,3,3,0,0,0,1,0,1,72,28,44
LA SALLE COUNTY,283,8 Years,84,47,37,9,5,4,0,0,0,1,1,0,74,41,33
LA SALLE COUNTY,283,9 Years,77,47,30,7,3,4,0,0,0,0,0,0,70,44,26
LA SALLE COUNTY,283,10 Years,78,40,38,7,3,4,0,0,0,1,1,0,70,36,34
LA SALLE COUNTY,283,11 Years,81,48,33,9,6,3,1,0,1,0,0,0,71,42,29
LA SALLE COUNTY,283,12 Years,80,47,33,9,7,2,1,1,0,1,0,1,69,39,30
LA SALLE COUNTY,283,13 Years,79,34,45,7,4,3,0,0,0,1,0,1,71,30,41
LA SALLE COUNTY,283,14 Years,77,32,45,6,3,3,0,0,0,1,0,1,70,29,41
LA SALLE COUNTY,283,15 Years,79,37,42,8,6,2,0,0,0,1,0,1,70,31,39
LA SALLE COUNTY,283,16 Years,88,42,46,9,5,4,0,0,0,0,0,0,79,37,42
LA SALLE COUNTY,283,17 Years,114,64,50,9,6,3,1,1,0,0,0,0,104,57,47
LA SALLE COUNTY,283,18 Years,94,49,45,5,3,2,0,0,0,0,0,0,89,46,43
LA SALLE COUNTY,283,19 Years,107,64,43,9,5,4,0,0,0,0,0,0,98,59,39
LA SALLE COUNTY,283,20 Years,90,58,32,5,4,1,0,0,0,0,0,0,85,54,31
LA SALLE COUNTY,283,21 Years,137,92,45,7,5,2,0,0,0,0,0,0,130,87,43
LA SALLE COUNTY,283,22 Years,110,69,41,7,4,3,0,0,0,0,0,0,103,65,38
LA SALLE COUNTY,283,23 Years,183,141,42,10,7,3,0,0,0,0,0,0,173,134,39
LA SALLE COUNTY,283,24 Years,182,132,50,10,6,4,1,1,0,1,0,1,170,125,45
LA SALLE COUNTY,283,25 Years,156,118,38,14,7,7,1,1,0,0,0,0,141,110,31
LA SALLE COUNTY,283,26 Years,166,114,52,7,4,3,0,0,0,0,0,0,159,110,49
LA SALLE COUNTY,283,27 Years,190,147,43,10,8,2,0,0,0,1,1,0,179,138,41
LA SALLE COUNTY,283,28 Years,142,106,36,11,4,7,0,0,0,1,1,0,130,101,29
LA SALLE COUNTY,283,29 Years,219,178,41,7,4,3,1,1,0,2,2,0,209,171,38
LA SALLE COUNTY,283,30 Years,199,161,38,6,3,3,1,1,0,5,4,1,187,153,34
LA SALLE COUNTY,283,31 Years,169,135,34,11,7,4,0,0,0,5,5,0,153,123,30
LA SALLE COUNTY,283,32 Years,135,102,33,12,7,5,0,0,0,2,2,0,121,93,28
LA SALLE COUNTY,283,33 Years,120,90,30,6,3,3,0,0,0,0,0,0,114,87,27
LA SALLE COUNTY,283,34 Years,97,68,29,7,4,3,0,0,0,0,0,0,90,64,26
LA SALLE COUNTY,283,35 Years,110,82,28,6,2,4,0,0,0,1,1,0,103,79,24
LA SALLE COUNTY,283,36 Years,74,47,27,6,2,4,0,0,0,0,0,0,68,45,23
LA SALLE COUNTY,283,37 Years,96,61,35,7,3,4,0,0,0,1,1,0,88,57,31
LA SALLE COUNTY,283,38 Years,96,58,38,11,5,6,0,0,0,1,1,0,84,52,32
LA SALLE COUNTY,283,39 Years,83,47,36,7,1,6,0,0,0,0,0,0,76,46,30
LA SALLE COUNTY,283,40 Years,64,36,28,3,1,2,1,1,0,1,1,0,59,33,26
LA SALLE COUNTY,283,41 Years,61,35,26,11,6,5,1,1,0,0,0,0,49,28,21
LA SALLE COUNTY,283,42 Years,61,30,31,7,2,5,0,0,0,0,0,0,54,28,26
LA SALLE COUNTY,283,43 Years,77,54,23,9,7,2,0,0,0,2,1,1,66,46,20
LA SALLE COUNTY,283,44 Years,77,51,26,7,4,3,0,0,0,2,1,1,68,46,22
LA SALLE COUNTY,283,45 Years,79,41,38,11,7,4,0,0,0,1,1,0,67,33,34
LA SALLE COUNTY,283,46 Years,86,46,40,11,7,4,0,0,0,0,0,0,75,39,36
LA SALLE COUNTY,283,47 Years,91,54,37,12,5,7,0,0,0,1,1,0,78,48,30
LA SALLE COUNTY,283,48 Years,87,41,46,15,8,7,0,0,0,1,0,1,71,33,38
LA SALLE COUNTY,283,49 Years,98,55,43,10,5,5,0,0,0,0,0,0,88,50,38
LA SALLE COUNTY,283,50 Years,84,49,35,12,8,4,0,0,0,0,0,0,72,41,31
LA SALLE COUNTY,283,51 Years,78,46,32,9,5,4,1,1,0,0,0,0,68,40,28
LA SALLE COUNTY,283,52 Years,75,43,32,11,5,6,0,0,0,0,0,0,64,38,26
LA SALLE COUNTY,283,53 Years,87,53,34,14,5,9,0,0,0,0,0,0,73,48,25
LA SALLE COUNTY,283,54 Years,69,36,33,14,6,8,0,0,0,0,0,0,55,30,25
LA SALLE COUNTY,283,55 Years,69,32,37,13,8,5,1,1,0,0,0,0,55,23,32
LA SALLE COUNTY,283,56 Years,64,34,30,9,5,4,1,1,0,0,0,0,54,28,26
LA SALLE COUNTY,283,57 Years,84,51,33,15,10,5,2,2,0,1,0,1,66,39,27
LA SALLE COUNTY,283,58 Years,73,33,40,10,6,4,1,1,0,1,0,1,61,26,35
LA SALLE COUNTY,283,59 Years,62,28,34,9,4,5,0,0,0,1,0,1,52,24,28
LA SALLE COUNTY,283,60 Years,60,28,32,11,4,7,0,0,0,0,0,0,49,24,25
LA SALLE COUNTY,283,61 Years,67,28,39,14,7,7,0,0,0,0,0,0,53,21,32
LA SALLE COUNTY,283,62 Years,64,27,37,11,3,8,0,0,0,0,0,0,53,24,29
LA SALLE COUNTY,283,63 Years,75,37,38,9,4,5,0,0,0,1,1,0,65,32,33
LA SALLE COUNTY,283,64 Years,74,41,33,15,6,9,0,0,0,1,1,0,58,34,24
LA SALLE COUNTY,283,65 Years,82,36,46,14,5,9,0,0,0,1,0,1,67,31,36
LA SALLE COUNTY,283,66 Years,78,33,45,13,5,8,0,0,0,2,1,1,63,27,36
LA SALLE COUNTY,283,67 Years,72,40,32,20,11,9,0,0,0,1,1,0,51,28,23
LA SALLE COUNTY,283,68 Years,76,46,30,26,15,11,0,0,0,0,0,0,50,31,19
LA SALLE COUNTY,283,69 Years,88,47,41,29,18,11,1,1,0,0,0,0,58,28,30
LA SALLE COUNTY,283,70 Years,77,31,46,25,11,14,0,0,0,1,0,1,51,20,31
LA SALLE COUNTY,283,71 Years,76,34,42,27,12,15,0,0,0,0,0,0,49,22,27
LA SALLE COUNTY,283,72 Years,67,29,38,21,11,10,0,0,0,0,0,0,46,18,28
LA SALLE COUNTY,283,73 Years,56,29,27,19,11,8,0,0,0,1,0,1,36,18,18
LA SALLE COUNTY,283,74 Years,60,28,32,20,10,10,0,0,0,1,1,0,39,17,22
LA SALLE COUNTY,283,75 Years,47,24,23,11,7,4,0,0,0,2,1,1,34,16,18
LA SALLE COUNTY,283,76 Years,42,22,20,11,7,4,0,0,0,1,1,0,30,14,16
LA SALLE COUNTY,283,77 Years,45,23,22,11,7,4,0,0,0,0,0,0,34,16,18
LA SALLE COUNTY,283,78 Years,38,20,18,9,5,4,0,0,0,0,0,0,29,15,14
LA SALLE COUNTY,283,79 Years,35,18,17,8,4,4,0,0,0,0,0,0,27,14,13
LA SALLE COUNTY,283,80 Years,33,13,20,7,2,5,2,2,0,0,0,0,24,9,15
LA SALLE COUNTY,283,81 Years,29,12,17,5,3,2,0,0,0,0,0,0,24,9,15
LA SALLE COUNTY,283,82 Years,33,17,16,9,6,3,0,0,0,0,0,0,24,11,13
LA SALLE COUNTY,283,83 Years,33,18,15,13,7,6,0,0,0,0,0,0,20,11,9
LA SALLE COUNTY,283,84 Years,21,8,13,6,2,4,0,0,0,0,0,0,15,6,9
LA SALLE COUNTY,283,85 Years +,111,45,66,30,14,16,0,0,0,3,0,3,78,31,47
LAVACA COUNTY,285,All Ages,19709,9760,9949,14373,7036,7337,1357,688,669,303,152,151,3676,1884,1792
LAVACA COUNTY,285,< 1 Year,209,97,112,112,53,59,15,4,11,12,5,7,70,35,35
LAVACA COUNTY,285,1 Years,214,101,113,120,60,60,15,6,9,9,4,5,70,31,39
LAVACA COUNTY,285,2 Years,203,96,107,117,59,58,14,8,6,6,1,5,66,28,38
LAVACA COUNTY,285,3 Years,210,98,112,120,53,67,16,9,7,4,3,1,70,33,37
LAVACA COUNTY,285,4 Years,201,96,105,111,49,62,16,9,7,5,3,2,69,35,34
LAVACA COUNTY,285,5 Years,204,105,99,112,54,58,18,10,8,6,5,1,68,36,32
LAVACA COUNTY,285,6 Years,218,107,111,115,56,59,23,10,13,5,5,0,75,36,39
LAVACA COUNTY,285,7 Years,216,103,113,119,53,66,14,6,8,6,3,3,77,41,36
LAVACA COUNTY,285,8 Years,253,133,120,144,76,68,21,12,9,5,2,3,83,43,40
LAVACA COUNTY,285,9 Years,281,140,141,161,84,77,26,12,14,2,1,1,92,43,49
LAVACA COUNTY,285,10 Years,265,133,132,157,77,80,19,12,7,5,3,2,84,41,43
LAVACA COUNTY,285,11 Years,259,132,127,147,68,79,20,11,9,7,6,1,85,47,38
LAVACA COUNTY,285,12 Years,260,145,115,158,80,78,20,11,9,7,5,2,75,49,26
LAVACA COUNTY,285,13 Years,249,121,128,148,69,79,18,11,7,8,4,4,75,37,38
LAVACA COUNTY,285,14 Years,239,126,113,146,78,68,17,9,8,7,3,4,69,36,33
LAVACA COUNTY,285,15 Years,252,126,126,160,78,82,23,11,12,2,1,1,67,36,31
LAVACA COUNTY,285,16 Years,252,139,113,157,88,69,30,15,15,5,2,3,60,34,26
LAVACA COUNTY,285,17 Years,255,137,118,173,95,78,20,10,10,6,2,4,56,30,26
LAVACA COUNTY,285,18 Years,240,126,114,164,85,79,11,8,3,5,4,1,60,29,31
LAVACA COUNTY,285,19 Years,232,126,106,147,78,69,15,8,7,7,4,3,63,36,27
LAVACA COUNTY,285,20 Years,220,107,113,140,66,74,17,8,9,4,3,1,59,30,29
LAVACA COUNTY,285,21 Years,221,114,107,139,67,72,20,14,6,5,2,3,57,31,26
LAVACA COUNTY,285,22 Years,213,119,94,132,73,59,21,12,9,7,5,2,53,29,24
LAVACA COUNTY,285,23 Years,228,122,106,143,73,70,26,17,9,7,5,2,52,27,25
LAVACA COUNTY,285,24 Years,236,130,106,162,82,80,23,14,9,3,2,1,48,32,16
LAVACA COUNTY,285,25 Years,186,104,82,121,67,54,16,8,8,3,1,2,46,28,18
LAVACA COUNTY,285,26 Years,175,99,76,112,60,52,12,7,5,4,4,0,47,28,19
LAVACA COUNTY,285,27 Years,169,79,90,105,49,56,13,6,7,3,3,0,48,21,27
LAVACA COUNTY,285,28 Years,150,70,80,89,44,45,16,8,8,2,0,2,43,18,25
LAVACA COUNTY,285,29 Years,164,81,83,106,55,51,14,6,8,3,0,3,41,20,21
LAVACA COUNTY,285,30 Years,167,88,79,102,54,48,13,5,8,3,2,1,49,27,22
LAVACA COUNTY,285,31 Years,166,82,84,104,49,55,8,5,3,2,2,0,52,26,26
LAVACA COUNTY,285,32 Years,167,85,82,101,50,51,9,5,4,3,2,1,54,28,26
LAVACA COUNTY,285,33 Years,192,101,91,124,69,55,13,7,6,3,1,2,52,24,28
LAVACA COUNTY,285,34 Years,192,112,80,116,68,48,16,10,6,1,0,1,59,34,25
LAVACA COUNTY,285,35 Years,172,86,86,108,49,59,14,8,6,1,0,1,49,29,20
LAVACA COUNTY,285,36 Years,182,92,90,112,58,54,12,7,5,0,0,0,58,27,31
LAVACA COUNTY,285,37 Years,192,99,93,119,59,60,15,9,6,2,2,0,56,29,27
LAVACA COUNTY,285,38 Years,186,92,94,123,62,61,11,4,7,4,3,1,48,23,25
LAVACA COUNTY,285,39 Years,166,81,85,111,53,58,11,5,6,4,3,1,40,20,20
LAVACA COUNTY,285,40 Years,194,98,96,122,59,63,20,14,6,6,2,4,46,23,23
LAVACA COUNTY,285,41 Years,203,107,96,140,73,67,12,7,5,5,1,4,46,26,20
LAVACA COUNTY,285,42 Years,200,95,105,147,64,83,10,7,3,5,2,3,38,22,16
LAVACA COUNTY,285,43 Years,201,94,107,146,64,82,15,9,6,2,1,1,38,20,18
LAVACA COUNTY,285,44 Years,214,107,107,155,77,78,17,9,8,0,0,0,42,21,21
LAVACA COUNTY,285,45 Years,222,109,113,155,74,81,20,11,9,1,1,0,46,23,23
LAVACA COUNTY,285,46 Years,230,115,115,165,78,87,18,11,7,2,1,1,45,25,20
LAVACA COUNTY,285,47 Years,230,111,119,178,86,92,17,9,8,2,1,1,33,15,18
LAVACA COUNTY,285,48 Years,226,112,114,173,86,87,16,9,7,3,1,2,34,16,18
LAVACA COUNTY,285,49 Years,244,129,115,187,97,90,17,9,8,1,0,1,39,23,16
LAVACA COUNTY,285,50 Years,238,126,112,185,99,86,16,8,8,5,1,4,32,18,14
LAVACA COUNTY,285,51 Years,277,152,125,220,123,97,16,8,8,4,2,2,37,19,18
LAVACA COUNTY,285,52 Years,263,142,121,209,109,100,12,7,5,4,2,2,38,24,14
LAVACA COUNTY,285,53 Years,282,135,147,225,105,120,15,8,7,3,1,2,39,21,18
LAVACA COUNTY,285,54 Years,292,136,156,241,110,131,18,9,9,4,3,1,29,14,15
LAVACA COUNTY,285,55 Years,283,144,139,239,123,116,17,7,10,2,1,1,25,13,12
LAVACA COUNTY,285,56 Years,286,143,143,241,123,118,21,10,11,1,1,0,23,9,14
LAVACA COUNTY,285,57 Years,288,152,136,245,133,112,13,8,5,4,1,3,26,10,16
LAVACA COUNTY,285,58 Years,305,139,166,249,119,130,17,6,11,3,0,3,36,14,22
LAVACA COUNTY,285,59 Years,297,134,163,242,111,131,16,5,11,4,2,2,35,16,19
LAVACA COUNTY,285,60 Years,298,154,144,239,124,115,18,9,9,4,2,2,37,19,18
LAVACA COUNTY,285,61 Years,306,158,148,257,133,124,14,6,8,2,1,1,33,18,15
LAVACA COUNTY,285,62 Years,313,144,169,267,120,147,17,11,6,1,0,1,28,13,15
LAVACA COUNTY,285,63 Years,304,145,159,261,127,134,20,9,11,1,0,1,22,9,13
LAVACA COUNTY,285,64 Years,313,154,159,266,132,134,15,7,8,3,2,1,29,13,16
LAVACA COUNTY,285,65 Years,310,154,156,258,131,127,18,8,10,3,0,3,31,15,16
LAVACA COUNTY,285,66 Years,306,155,151,261,129,132,16,9,7,2,1,1,27,16,11
LAVACA COUNTY,285,67 Years,304,156,148,260,128,132,19,11,8,3,2,1,22,15,7
LAVACA COUNTY,285,68 Years,313,156,157,265,130,135,18,9,9,7,3,4,23,14,9
LAVACA COUNTY,285,69 Years,297,145,152,248,118,130,18,10,8,4,2,2,27,15,12
LAVACA COUNTY,285,70 Years,243,111,132,204,97,107,19,7,12,3,1,2,17,6,11
LAVACA COUNTY,285,71 Years,205,106,99,179,93,86,13,6,7,0,0,0,13,7,6
LAVACA COUNTY,285,72 Years,215,100,115,185,88,97,10,3,7,2,2,0,18,7,11
LAVACA COUNTY,285,73 Years,232,105,127,196,89,107,14,7,7,2,1,1,20,8,12
LAVACA COUNTY,285,74 Years,209,102,107,182,89,93,12,5,7,1,0,1,14,8,6
LAVACA COUNTY,285,75 Years,188,88,100,155,77,78,15,4,11,2,0,2,16,7,9
LAVACA COUNTY,285,76 Years,156,78,78,131,69,62,13,3,10,2,1,1,10,5,5
LAVACA COUNTY,285,77 Years,166,86,80,146,78,68,7,3,4,4,1,3,9,4,5
LAVACA COUNTY,285,78 Years,164,76,88,148,70,78,10,3,7,2,1,1,4,2,2
LAVACA COUNTY,285,79 Years,162,67,95,143,60,83,6,2,4,2,0,2,11,5,6
LAVACA COUNTY,285,80 Years,150,71,79,134,61,73,7,6,1,1,0,1,8,4,4
LAVACA COUNTY,285,81 Years,131,55,76,110,47,63,9,4,5,1,0,1,11,4,7
LAVACA COUNTY,285,82 Years,124,55,69,103,47,56,9,4,5,1,0,1,11,4,7
LAVACA COUNTY,285,83 Years,120,50,70,103,45,58,6,2,4,1,0,1,10,3,7
LAVACA COUNTY,285,84 Years,102,39,63,87,32,55,4,2,2,0,0,0,11,5,6
LAVACA COUNTY,285,85 Years +,647,240,407,564,209,355,36,10,26,5,2,3,42,19,23
LEE COUNTY,287,All Ages,17092,8621,8471,10695,5231,5464,1817,986,831,381,188,193,4199,2216,1983
LEE COUNTY,287,< 1 Year,194,92,102,97,42,55,16,10,6,9,4,5,72,36,36
LEE COUNTY,287,1 Years,200,93,107,98,43,55,18,10,8,9,4,5,75,36,39
LEE COUNTY,287,2 Years,193,94,99,96,46,50,16,9,7,7,2,5,74,37,37
LEE COUNTY,287,3 Years,190,96,94,94,48,46,15,8,7,9,4,5,72,36,36
LEE COUNTY,287,4 Years,179,89,90,92,46,46,14,7,7,5,2,3,68,34,34
LEE COUNTY,287,5 Years,189,92,97,96,47,49,15,7,8,5,2,3,73,36,37
LEE COUNTY,287,6 Years,205,112,93,99,53,46,16,8,8,5,4,1,85,47,38
LEE COUNTY,287,7 Years,208,101,107,98,43,55,18,9,9,5,5,0,87,44,43
LEE COUNTY,287,8 Years,211,102,109,99,46,53,19,9,10,9,6,3,84,41,43
LEE COUNTY,287,9 Years,225,108,117,105,44,61,13,7,6,15,9,6,92,48,44
LEE COUNTY,287,10 Years,222,101,121,102,43,59,10,3,7,19,7,12,91,48,43
LEE COUNTY,287,11 Years,214,103,111,108,54,54,16,7,9,16,6,10,74,36,38
LEE COUNTY,287,12 Years,225,104,121,116,56,60,18,9,9,11,4,7,80,35,45
LEE COUNTY,287,13 Years,221,90,131,117,50,67,20,6,14,8,3,5,76,31,45
LEE COUNTY,287,14 Years,221,106,115,120,62,58,15,5,10,9,3,6,77,36,41
LEE COUNTY,287,15 Years,242,133,109,129,72,57,17,10,7,9,4,5,87,47,40
LEE COUNTY,287,16 Years,248,139,109,126,75,51,23,14,9,8,3,5,91,47,44
LEE COUNTY,287,17 Years,251,135,116,133,71,62,28,18,10,9,5,4,81,41,40
LEE COUNTY,287,18 Years,236,124,112,119,66,53,19,9,10,7,4,3,91,45,46
LEE COUNTY,287,19 Years,229,120,109,108,58,50,21,12,9,7,4,3,93,46,47
LEE COUNTY,287,20 Years,234,129,105,113,61,52,23,16,7,5,3,2,93,49,44
LEE COUNTY,287,21 Years,256,134,122,118,58,60,33,20,13,9,4,5,96,52,44
LEE COUNTY,287,22 Years,267,162,105,115,63,52,41,30,11,8,5,3,103,64,39
LEE COUNTY,287,23 Years,274,166,108,102,53,49,57,40,17,6,4,2,109,69,40
LEE COUNTY,287,24 Years,286,180,106,133,82,51,55,38,17,5,3,2,93,57,36
LEE COUNTY,287,25 Years,202,120,82,97,56,41,28,23,5,3,2,1,74,39,35
LEE COUNTY,287,26 Years,172,102,70,78,49,29,33,22,11,4,2,2,57,29,28
LEE COUNTY,287,27 Years,172,99,73,75,43,32,30,19,11,3,3,0,64,34,30
LEE COUNTY,287,28 Years,161,80,81,87,43,44,17,8,9,4,1,3,53,28,25
LEE COUNTY,287,29 Years,154,83,71,87,41,46,14,8,6,2,1,1,51,33,18
LEE COUNTY,287,30 Years,141,70,71,70,31,39,18,10,8,1,1,0,52,28,24
LEE COUNTY,287,31 Years,158,80,78,98,47,51,17,9,8,2,1,1,41,23,18
LEE COUNTY,287,32 Years,144,74,70,82,39,43,14,7,7,2,1,1,46,27,19
LEE COUNTY,287,33 Years,161,74,87,87,36,51,17,11,6,5,3,2,52,24,28
LEE COUNTY,287,34 Years,176,87,89,109,50,59,19,10,9,2,2,0,46,25,21
LEE COUNTY,287,35 Years,182,92,90,112,52,60,18,12,6,1,1,0,51,27,24
LEE COUNTY,287,36 Years,186,106,80,116,64,52,14,9,5,3,2,1,53,31,22
LEE COUNTY,287,37 Years,192,103,89,123,62,61,9,6,3,3,1,2,57,34,23
LEE COUNTY,287,38 Years,188,91,97,121,55,66,11,6,5,5,3,2,51,27,24
LEE COUNTY,287,39 Years,184,86,98,122,53,69,11,6,5,1,0,1,50,27,23
LEE COUNTY,287,40 Years,175,83,92,113,49,64,14,6,8,1,0,1,47,28,19
LEE COUNTY,287,41 Years,176,90,86,105,53,52,18,9,9,6,3,3,47,25,22
LEE COUNTY,287,42 Years,190,103,87,126,67,59,17,13,4,3,1,2,44,22,22
LEE COUNTY,287,43 Years,197,107,90,131,68,63,17,11,6,1,0,1,48,28,20
LEE COUNTY,287,44 Years,197,99,98,122,63,59,23,12,11,0,0,0,52,24,28
LEE COUNTY,287,45 Years,195,98,97,126,64,62,27,13,14,3,1,2,39,20,19
LEE COUNTY,287,46 Years,212,95,117,133,62,71,27,11,16,5,3,2,47,19,28
LEE COUNTY,287,47 Years,214,99,115,128,59,69,21,10,11,6,2,4,59,28,31
LEE COUNTY,287,48 Years,199,95,104,127,59,68,20,9,11,5,2,3,47,25,22
LEE COUNTY,287,49 Years,212,107,105,142,69,73,19,11,8,1,1,0,50,26,24
LEE COUNTY,287,50 Years,233,115,118,153,77,76,18,10,8,2,1,1,60,27,33
LEE COUNTY,287,51 Years,243,113,130,161,72,89,28,14,14,3,0,3,51,27,24
LEE COUNTY,287,52 Years,235,111,124,169,76,93,27,15,12,4,2,2,35,18,17
LEE COUNTY,287,53 Years,252,116,136,185,82,103,28,14,14,6,3,3,33,17,16
LEE COUNTY,287,54 Years,280,131,149,203,91,112,33,17,16,5,3,2,39,20,19
LEE COUNTY,287,55 Years,286,145,141,195,93,102,37,20,17,3,2,1,51,30,21
LEE COUNTY,287,56 Years,271,129,142,188,87,101,32,16,16,3,1,2,48,25,23
LEE COUNTY,287,57 Years,266,129,137,192,87,105,28,14,14,5,4,1,41,24,17
LEE COUNTY,287,58 Years,269,134,135,190,89,101,28,14,14,4,2,2,47,29,18
LEE COUNTY,287,59 Years,265,139,126,189,93,96,37,22,15,2,1,1,37,23,14
LEE COUNTY,287,60 Years,269,133,136,199,96,103,30,17,13,4,2,2,36,18,18
LEE COUNTY,287,61 Years,276,146,130,215,114,101,28,14,14,2,0,2,31,18,13
LEE COUNTY,287,62 Years,247,137,110,185,101,84,29,16,13,5,1,4,28,19,9
LEE COUNTY,287,63 Years,220,120,100,163,86,77,28,16,12,5,1,4,24,17,7
LEE COUNTY,287,64 Years,212,118,94,164,93,71,28,14,14,3,1,2,17,10,7
LEE COUNTY,287,65 Years,207,108,99,166,85,81,20,10,10,3,2,1,18,11,7
LEE COUNTY,287,66 Years,206,103,103,162,79,83,23,12,11,2,2,0,19,10,9
LEE COUNTY,287,67 Years,203,103,100,167,83,84,20,10,10,3,2,1,13,8,5
LEE COUNTY,287,68 Years,211,101,110,177,85,92,19,7,12,3,2,1,12,7,5
LEE COUNTY,287,69 Years,198,99,99,168,83,85,17,10,7,2,1,1,11,5,6
LEE COUNTY,287,70 Years,161,89,72,132,73,59,16,8,8,1,1,0,12,7,5
LEE COUNTY,287,71 Years,155,83,72,123,64,59,17,10,7,4,3,1,11,6,5
LEE COUNTY,287,72 Years,155,77,78,123,60,63,16,8,8,3,2,1,13,7,6
LEE COUNTY,287,73 Years,155,69,86,124,58,66,17,4,13,3,1,2,11,6,5
LEE COUNTY,287,74 Years,152,72,80,121,54,67,14,8,6,2,1,1,15,9,6
LEE COUNTY,287,75 Years,143,72,71,116,58,58,16,8,8,2,1,1,9,5,4
LEE COUNTY,287,76 Years,123,58,65,102,50,52,13,5,8,1,0,1,7,3,4
LEE COUNTY,287,77 Years,108,46,62,82,36,46,17,7,10,0,0,0,9,3,6
LEE COUNTY,287,78 Years,109,48,61,78,32,46,20,9,11,3,2,1,8,5,3
LEE COUNTY,287,79 Years,100,49,51,77,36,41,12,7,5,2,1,1,9,5,4
LEE COUNTY,287,80 Years,100,42,58,74,33,41,13,5,8,1,0,1,12,4,8
LEE COUNTY,287,81 Years,89,41,48,66,31,35,14,6,8,1,1,0,8,3,5
LEE COUNTY,287,82 Years,67,33,34,54,26,28,9,5,4,0,0,0,4,2,2
LEE COUNTY,287,83 Years,61,26,35,48,23,25,8,2,6,1,0,1,4,1,3
LEE COUNTY,287,84 Years,64,28,36,50,22,28,9,4,5,0,0,0,5,2,3
LEE COUNTY,287,85 Years +,341,130,211,284,107,177,39,16,23,2,1,1,16,6,10
LEON COUNTY,289,All Ages,17407,8788,8619,13207,6634,6573,1122,548,574,310,133,177,2768,1473,1295
LEON COUNTY,289,< 1 Year,200,106,94,142,75,67,5,2,3,4,1,3,49,28,21
LEON COUNTY,289,1 Years,201,108,93,141,76,65,6,2,4,4,2,2,50,28,22
LEON COUNTY,289,2 Years,195,100,95,138,72,66,6,2,4,4,2,2,47,24,23
LEON COUNTY,289,3 Years,205,105,100,146,76,70,7,3,4,7,4,3,45,22,23
LEON COUNTY,289,4 Years,204,105,99,149,76,73,8,5,3,7,4,3,40,20,20
LEON COUNTY,289,5 Years,206,105,101,153,81,72,7,4,3,6,3,3,40,17,23
LEON COUNTY,289,6 Years,205,98,107,149,74,75,7,1,6,5,1,4,44,22,22
LEON COUNTY,289,7 Years,195,107,88,123,69,54,10,5,5,7,4,3,55,29,26
LEON COUNTY,289,8 Years,195,107,88,118,68,50,9,5,4,5,2,3,63,32,31
LEON COUNTY,289,9 Years,201,109,92,127,68,59,7,3,4,2,1,1,65,37,28
LEON COUNTY,289,10 Years,212,106,106,135,66,69,12,7,5,2,1,1,63,32,31
LEON COUNTY,289,11 Years,204,101,103,130,65,65,13,6,7,2,1,1,59,29,30
LEON COUNTY,289,12 Years,202,104,98,124,68,56,8,3,5,6,2,4,64,31,33
LEON COUNTY,289,13 Years,202,88,114,127,54,73,11,7,4,1,0,1,63,27,36
LEON COUNTY,289,14 Years,227,107,120,150,68,82,11,6,5,3,1,2,63,32,31
LEON COUNTY,289,15 Years,219,108,111,133,67,66,19,7,12,4,2,2,63,32,31
LEON COUNTY,289,16 Years,218,112,106,145,74,71,15,9,6,3,1,2,55,28,27
LEON COUNTY,289,17 Years,227,120,107,157,84,73,9,5,4,7,3,4,54,28,26
LEON COUNTY,289,18 Years,224,128,96,150,92,58,14,7,7,5,1,4,55,28,27
LEON COUNTY,289,19 Years,192,107,85,129,72,57,11,7,4,5,2,3,47,26,21
LEON COUNTY,289,20 Years,180,88,92,116,54,62,10,4,6,3,2,1,51,28,23
LEON COUNTY,289,21 Years,198,105,93,120,63,57,12,4,8,5,1,4,61,37,24
LEON COUNTY,289,22 Years,195,103,92,113,59,54,14,6,8,7,2,5,61,36,25
LEON COUNTY,289,23 Years,206,98,108,121,53,68,16,9,7,6,4,2,63,32,31
LEON COUNTY,289,24 Years,193,106,87,119,62,57,13,7,6,4,3,1,57,34,23
LEON COUNTY,289,25 Years,186,101,85,130,66,64,10,5,5,1,1,0,45,29,16
LEON COUNTY,289,26 Years,155,79,76,94,42,52,14,8,6,4,2,2,43,27,16
LEON COUNTY,289,27 Years,140,70,70,89,39,50,8,4,4,3,2,1,40,25,15
LEON COUNTY,289,28 Years,138,73,65,91,48,43,9,4,5,4,2,2,34,19,15
LEON COUNTY,289,29 Years,142,69,73,95,47,48,7,4,3,3,1,2,37,17,20
LEON COUNTY,289,30 Years,158,81,77,109,57,52,12,5,7,1,1,0,36,18,18
LEON COUNTY,289,31 Years,154,79,75,105,50,55,8,5,3,1,1,0,40,23,17
LEON COUNTY,289,32 Years,156,83,73,105,51,54,10,8,2,0,0,0,41,24,17
LEON COUNTY,289,33 Years,146,74,72,97,50,47,11,7,4,2,0,2,36,17,19
LEON COUNTY,289,34 Years,146,79,67,104,56,48,10,6,4,0,0,0,32,17,15
LEON COUNTY,289,35 Years,160,102,58,111,66,45,8,7,1,3,2,1,38,27,11
LEON COUNTY,289,36 Years,182,93,89,118,58,60,8,4,4,5,1,4,51,30,21
LEON COUNTY,289,37 Years,161,75,86,107,49,58,7,3,4,5,0,5,42,23,19
LEON COUNTY,289,38 Years,179,89,90,122,64,58,9,4,5,4,1,3,44,20,24
LEON COUNTY,289,39 Years,180,92,88,134,71,63,12,3,9,1,0,1,33,18,15
LEON COUNTY,289,40 Years,151,74,77,107,56,51,11,3,8,1,1,0,32,14,18
LEON COUNTY,289,41 Years,167,82,85,118,59,59,8,3,5,2,0,2,39,20,19
LEON COUNTY,289,42 Years,161,75,86,115,52,63,15,7,8,1,0,1,30,16,14
LEON COUNTY,289,43 Years,157,78,79,112,53,59,10,6,4,4,2,2,31,17,14
LEON COUNTY,289,44 Years,194,103,91,137,74,63,10,4,6,4,2,2,43,23,20
LEON COUNTY,289,45 Years,186,98,88,142,76,66,10,5,5,5,3,2,29,14,15
LEON COUNTY,289,46 Years,167,75,92,129,55,74,10,6,4,4,2,2,24,12,12
LEON COUNTY,289,47 Years,153,71,82,119,54,65,15,7,8,2,1,1,17,9,8
LEON COUNTY,289,48 Years,173,79,94,130,54,76,16,9,7,2,2,0,25,14,11
LEON COUNTY,289,49 Years,200,94,106,149,68,81,13,8,5,5,3,2,33,15,18
LEON COUNTY,289,50 Years,203,103,100,148,75,73,14,11,3,5,3,2,36,14,22
LEON COUNTY,289,51 Years,258,129,129,189,92,97,19,13,6,5,1,4,45,23,22
LEON COUNTY,289,52 Years,246,120,126,182,89,93,18,8,10,6,3,3,40,20,20
LEON COUNTY,289,53 Years,240,113,127,190,90,100,18,7,11,5,4,1,27,12,15
LEON COUNTY,289,54 Years,247,129,118,196,101,95,21,11,10,3,1,2,27,16,11
LEON COUNTY,289,55 Years,267,144,123,212,112,100,19,13,6,6,3,3,30,16,14
LEON COUNTY,289,56 Years,277,141,136,229,112,117,18,10,8,5,1,4,25,18,7
LEON COUNTY,289,57 Years,258,133,125,220,115,105,17,8,9,3,1,2,18,9,9
LEON COUNTY,289,58 Years,294,156,138,245,129,116,24,15,9,4,2,2,21,10,11
LEON COUNTY,289,59 Years,266,129,137,221,105,116,23,11,12,6,2,4,16,11,5
LEON COUNTY,289,60 Years,240,116,124,197,100,97,20,6,14,4,2,2,19,8,11
LEON COUNTY,289,61 Years,258,148,110,214,124,90,22,12,10,3,0,3,19,12,7
LEON COUNTY,289,62 Years,276,154,122,233,128,105,22,13,9,6,3,3,15,10,5
LEON COUNTY,289,63 Years,260,137,123,224,115,109,20,12,8,3,2,1,13,8,5
LEON COUNTY,289,64 Years,263,129,134,219,108,111,27,11,16,4,2,2,13,8,5
LEON COUNTY,289,65 Years,257,127,130,215,109,106,25,11,14,5,2,3,12,5,7
LEON COUNTY,289,66 Years,276,137,139,240,120,120,21,12,9,8,3,5,7,2,5
LEON COUNTY,289,67 Years,280,133,147,250,122,128,11,4,7,8,1,7,11,6,5
LEON COUNTY,289,68 Years,288,140,148,260,127,133,11,5,6,3,0,3,14,8,6
LEON COUNTY,289,69 Years,278,135,143,251,120,131,13,6,7,4,3,1,10,6,4
LEON COUNTY,289,70 Years,239,122,117,217,110,107,12,5,7,2,1,1,8,6,2
LEON COUNTY,289,71 Years,244,120,124,225,114,111,13,4,9,2,0,2,4,2,2
LEON COUNTY,289,72 Years,261,135,126,237,125,112,14,6,8,2,1,1,8,3,5
LEON COUNTY,289,73 Years,249,128,121,228,114,114,15,10,5,1,1,0,5,3,2
LEON COUNTY,289,74 Years,216,104,112,196,94,102,11,5,6,2,1,1,7,4,3
LEON COUNTY,289,75 Years,200,95,105,178,85,93,15,7,8,2,1,1,5,2,3
LEON COUNTY,289,76 Years,187,95,92,169,85,84,13,6,7,1,1,0,4,3,1
LEON COUNTY,289,77 Years,179,91,88,160,82,78,12,4,8,0,0,0,7,5,2
LEON COUNTY,289,78 Years,148,71,77,133,63,70,11,6,5,0,0,0,4,2,2
LEON COUNTY,289,79 Years,139,64,75,124,57,67,12,6,6,1,0,1,2,1,1
LEON COUNTY,289,80 Years,124,65,59,108,57,51,10,4,6,4,2,2,2,2,0
LEON COUNTY,289,81 Years,119,56,63,104,49,55,11,4,7,2,1,1,2,2,0
LEON COUNTY,289,82 Years,104,49,55,91,45,46,8,2,6,1,0,1,4,2,2
LEON COUNTY,289,83 Years,94,43,51,83,40,43,6,1,5,1,0,1,4,2,2
LEON COUNTY,289,84 Years,79,38,41,69,34,35,6,3,3,1,0,1,3,1,2
LEON COUNTY,289,85 Years +,395,160,235,326,136,190,49,15,34,11,5,6,9,4,5
LIBERTY COUNTY,291,All Ages,80699,39723,40976,52424,25679,26745,8275,3914,4361,2115,954,1161,17885,9176,8709
LIBERTY COUNTY,291,< 1 Year,1064,559,505,562,293,269,75,41,34,48,23,25,379,202,177
LIBERTY COUNTY,291,1 Years,1066,558,508,580,300,280,77,42,35,43,20,23,366,196,170
LIBERTY COUNTY,291,2 Years,1068,552,516,602,310,292,76,39,37,40,20,20,350,183,167
LIBERTY COUNTY,291,3 Years,1061,555,506,590,307,283,71,39,32,45,27,18,355,182,173
LIBERTY COUNTY,291,4 Years,1040,540,500,575,303,272,72,37,35,53,31,22,340,169,171
LIBERTY COUNTY,291,5 Years,1069,554,515,577,307,270,80,43,37,66,32,34,346,172,174
LIBERTY COUNTY,291,6 Years,1047,518,529,593,301,292,81,45,36,50,19,31,323,153,170
LIBERTY COUNTY,291,7 Years,1087,560,527,624,327,297,81,43,38,53,25,28,329,165,164
LIBERTY COUNTY,291,8 Years,1093,560,533,620,326,294,78,31,47,56,25,31,339,178,161
LIBERTY COUNTY,291,9 Years,1089,544,545,585,300,285,90,35,55,60,21,39,354,188,166
LIBERTY COUNTY,291,10 Years,1077,541,536,603,303,300,90,47,43,52,18,34,332,173,159
LIBERTY COUNTY,291,11 Years,1070,568,502,581,305,276,98,57,41,41,15,26,350,191,159
LIBERTY COUNTY,291,12 Years,1109,580,529,627,327,300,96,51,45,33,12,21,353,190,163
LIBERTY COUNTY,291,13 Years,1100,548,552,608,297,311,106,55,51,30,11,19,356,185,171
LIBERTY COUNTY,291,14 Years,1070,541,529,597,293,304,104,53,51,33,12,21,336,183,153
LIBERTY COUNTY,291,15 Years,1166,610,556,664,352,312,111,57,54,40,21,19,351,180,171
LIBERTY COUNTY,291,16 Years,1171,610,561,691,368,323,96,48,48,36,17,19,348,177,171
LIBERTY COUNTY,291,17 Years,1154,614,540,674,361,313,102,48,54,36,18,18,342,187,155
LIBERTY COUNTY,291,18 Years,1103,591,512,641,350,291,101,48,53,36,19,17,325,174,151
LIBERTY COUNTY,291,19 Years,1031,501,530,566,267,299,108,55,53,35,14,21,322,165,157
LIBERTY COUNTY,291,20 Years,1031,523,508,567,283,284,113,58,55,32,11,21,319,171,148
LIBERTY COUNTY,291,21 Years,1086,548,538,593,293,300,146,78,68,22,9,13,325,168,157
LIBERTY COUNTY,291,22 Years,1054,538,516,595,316,279,127,55,72,24,12,12,308,155,153
LIBERTY COUNTY,291,23 Years,1105,568,537,643,330,313,125,61,64,22,13,9,315,164,151
LIBERTY COUNTY,291,24 Years,1162,564,598,655,313,342,163,76,87,27,14,13,317,161,156
LIBERTY COUNTY,291,25 Years,1124,561,563,636,310,326,160,77,83,22,11,11,306,163,143
LIBERTY COUNTY,291,26 Years,1154,550,604,694,314,380,159,71,88,16,9,7,285,156,129
LIBERTY COUNTY,291,27 Years,1004,491,513,586,277,309,140,66,74,18,11,7,260,137,123
LIBERTY COUNTY,291,28 Years,1009,468,541,586,273,313,119,40,79,22,18,4,282,137,145
LIBERTY COUNTY,291,29 Years,961,466,495,542,249,293,116,56,60,17,12,5,286,149,137
LIBERTY COUNTY,291,30 Years,1000,484,516,558,268,290,120,51,69,13,6,7,309,159,150
LIBERTY COUNTY,291,31 Years,1002,484,518,574,270,304,119,58,61,18,8,10,291,148,143
LIBERTY COUNTY,291,32 Years,1002,476,526,562,266,296,129,58,71,13,6,7,298,146,152
LIBERTY COUNTY,291,33 Years,1039,489,550,607,290,317,136,56,80,11,5,6,285,138,147
LIBERTY COUNTY,291,34 Years,1054,489,565,637,293,344,122,54,68,15,9,6,280,133,147
LIBERTY COUNTY,291,35 Years,1083,529,554,661,316,345,124,58,66,15,9,6,283,146,137
LIBERTY COUNTY,291,36 Years,1126,569,557,686,344,342,136,67,69,25,14,11,279,144,135
LIBERTY COUNTY,291,37 Years,1064,515,549,652,326,326,117,48,69,24,13,11,271,128,143
LIBERTY COUNTY,291,38 Years,1045,487,558,643,302,341,112,60,52,19,8,11,271,117,154
LIBERTY COUNTY,291,39 Years,1048,506,542,638,305,333,117,70,47,22,8,14,271,123,148
LIBERTY COUNTY,291,40 Years,1099,536,563,687,336,351,122,54,68,20,5,15,270,141,129
LIBERTY COUNTY,291,41 Years,1022,480,542,631,297,334,102,53,49,17,8,9,272,122,150
LIBERTY COUNTY,291,42 Years,1017,486,531,618,295,323,113,58,55,22,10,12,264,123,141
LIBERTY COUNTY,291,43 Years,1046,487,559,675,310,365,105,45,60,16,7,9,250,125,125
LIBERTY COUNTY,291,44 Years,1112,533,579,727,347,380,117,53,64,14,7,7,254,126,128
LIBERTY COUNTY,291,45 Years,1158,581,577,769,397,372,126,60,66,16,6,10,247,118,129
LIBERTY COUNTY,291,46 Years,1165,556,609,800,392,408,112,45,67,23,9,14,230,110,120
LIBERTY COUNTY,291,47 Years,1112,540,572,781,381,400,113,49,64,22,9,13,196,101,95
LIBERTY COUNTY,291,48 Years,1006,483,523,683,335,348,109,41,68,17,5,12,197,102,95
LIBERTY COUNTY,291,49 Years,1010,485,525,679,330,349,109,46,63,14,5,9,208,104,104
LIBERTY COUNTY,291,50 Years,1049,535,514,695,354,341,132,68,64,20,7,13,202,106,96
LIBERTY COUNTY,291,51 Years,1141,570,571,783,411,372,144,52,92,22,10,12,192,97,95
LIBERTY COUNTY,291,52 Years,1131,559,572,783,389,394,135,59,76,18,7,11,195,104,91
LIBERTY COUNTY,291,53 Years,1119,541,578,802,381,421,123,61,62,28,9,19,166,90,76
LIBERTY COUNTY,291,54 Years,1118,552,566,800,391,409,130,58,72,25,12,13,163,91,72
LIBERTY COUNTY,291,55 Years,1161,581,580,837,415,422,131,60,71,31,13,18,162,93,69
LIBERTY COUNTY,291,56 Years,1183,583,600,863,406,457,135,72,63,30,15,15,155,90,65
LIBERTY COUNTY,291,57 Years,1126,548,578,837,394,443,123,64,59,38,18,20,128,72,56
LIBERTY COUNTY,291,58 Years,1083,552,531,820,418,402,101,47,54,41,20,21,121,67,54
LIBERTY COUNTY,291,59 Years,1049,526,523,796,397,399,103,50,53,40,20,20,110,59,51
LIBERTY COUNTY,291,60 Years,1019,504,515,795,388,407,97,49,48,25,12,13,102,55,47
LIBERTY COUNTY,291,61 Years,1021,492,529,783,383,400,103,45,58,28,9,19,107,55,52
LIBERTY COUNTY,291,62 Years,983,473,510,763,376,387,99,40,59,24,10,14,97,47,50
LIBERTY COUNTY,291,63 Years,939,472,467,729,368,361,102,49,53,18,6,12,90,49,41
LIBERTY COUNTY,291,64 Years,884,434,450,686,321,365,104,59,45,18,9,9,76,45,31
LIBERTY COUNTY,291,65 Years,837,414,423,646,312,334,93,50,43,19,10,9,79,42,37
LIBERTY COUNTY,291,66 Years,833,410,423,674,335,339,81,36,45,16,7,9,62,32,30
LIBERTY COUNTY,291,67 Years,803,372,431,651,305,346,77,41,36,13,4,9,62,22,40
LIBERTY COUNTY,291,68 Years,789,401,388,646,330,316,68,37,31,17,4,13,58,30,28
LIBERTY COUNTY,291,69 Years,766,369,397,641,312,329,60,27,33,14,3,11,51,27,24
LIBERTY COUNTY,291,70 Years,658,325,333,538,263,275,51,25,26,16,7,9,53,30,23
LIBERTY COUNTY,291,71 Years,604,277,327,497,225,272,46,21,25,18,7,11,43,24,19
LIBERTY COUNTY,291,72 Years,599,276,323,511,240,271,42,17,25,12,4,8,34,15,19
LIBERTY COUNTY,291,73 Years,557,266,291,478,231,247,43,17,26,13,7,6,23,11,12
LIBERTY COUNTY,291,74 Years,520,247,273,443,214,229,40,14,26,14,8,6,23,11,12
LIBERTY COUNTY,291,75 Years,450,216,234,377,179,198,36,18,18,12,6,6,25,13,12
LIBERTY COUNTY,291,76 Years,410,204,206,343,176,167,40,19,21,7,2,5,20,7,13
LIBERTY COUNTY,291,77 Years,372,176,196,313,150,163,27,11,16,7,3,4,25,12,13
LIBERTY COUNTY,291,78 Years,327,156,171,279,129,150,22,10,12,9,5,4,17,12,5
LIBERTY COUNTY,291,79 Years,304,146,158,250,120,130,34,15,19,6,2,4,14,9,5
LIBERTY COUNTY,291,80 Years,278,118,160,231,97,134,24,9,15,6,3,3,17,9,8
LIBERTY COUNTY,291,81 Years,252,110,142,209,95,114,25,6,19,5,2,3,13,7,6
LIBERTY COUNTY,291,82 Years,238,97,141,200,82,118,24,9,15,4,1,3,10,5,5
LIBERTY COUNTY,291,83 Years,237,99,138,198,84,114,23,8,15,6,2,4,10,5,5
LIBERTY COUNTY,291,84 Years,211,88,123,173,70,103,21,10,11,5,3,2,12,5,7
LIBERTY COUNTY,291,85 Years +,1013,358,655,829,283,546,115,45,70,26,10,16,43,20,23
LIMESTONE COUNTY,293,All Ages,24012,12555,11457,14074,7173,6901,4033,2060,1973,561,289,272,5344,3033,2311
LIMESTONE COUNTY,293,< 1 Year,302,152,150,119,57,62,46,22,24,15,11,4,122,62,60
LIMESTONE COUNTY,293,1 Years,313,158,155,123,58,65,44,22,22,17,12,5,129,66,63
LIMESTONE COUNTY,293,2 Years,306,157,149,123,60,63,38,18,20,18,13,5,127,66,61
LIMESTONE COUNTY,293,3 Years,313,163,150,135,67,68,38,19,19,18,11,7,122,66,56
LIMESTONE COUNTY,293,4 Years,307,156,151,136,68,68,38,20,18,17,10,7,116,58,58
LIMESTONE COUNTY,293,5 Years,315,156,159,139,70,69,46,24,22,19,7,12,111,55,56
LIMESTONE COUNTY,293,6 Years,308,164,144,127,64,63,54,28,26,17,9,8,110,63,47
LIMESTONE COUNTY,293,7 Years,300,156,144,137,66,71,47,26,21,13,4,9,103,60,43
LIMESTONE COUNTY,293,8 Years,305,151,154,121,57,64,55,29,26,14,5,9,115,60,55
LIMESTONE COUNTY,293,9 Years,316,163,153,124,64,60,59,29,30,18,9,9,115,61,54
LIMESTONE COUNTY,293,10 Years,310,172,138,132,75,57,49,28,21,20,10,10,109,59,50
LIMESTONE COUNTY,293,11 Years,286,159,127,114,62,52,53,29,24,15,8,7,104,60,44
LIMESTONE COUNTY,293,12 Years,292,152,140,131,68,63,63,30,33,7,4,3,91,50,41
LIMESTONE COUNTY,293,13 Years,292,154,138,125,67,58,56,27,29,8,2,6,103,58,45
LIMESTONE COUNTY,293,14 Years,312,170,142,133,72,61,56,28,28,13,5,8,110,65,45
LIMESTONE COUNTY,293,15 Years,322,171,151,151,82,69,60,27,33,8,3,5,103,59,44
LIMESTONE COUNTY,293,16 Years,330,176,154,144,86,58,60,25,35,10,4,6,116,61,55
LIMESTONE COUNTY,293,17 Years,303,161,142,136,77,59,52,29,23,14,6,8,101,49,52
LIMESTONE COUNTY,293,18 Years,288,168,120,139,79,60,43,28,15,11,5,6,95,56,39
LIMESTONE COUNTY,293,19 Years,282,153,129,135,73,62,47,27,20,13,7,6,87,46,41
LIMESTONE COUNTY,293,20 Years,272,145,127,123,64,59,56,29,27,7,5,2,86,47,39
LIMESTONE COUNTY,293,21 Years,284,158,126,126,65,61,64,36,28,7,4,3,87,53,34
LIMESTONE COUNTY,293,22 Years,297,160,137,139,70,69,58,32,26,5,4,1,95,54,41
LIMESTONE COUNTY,293,23 Years,311,166,145,144,79,65,68,40,28,5,1,4,94,46,48
LIMESTONE COUNTY,293,24 Years,343,190,153,174,93,81,72,41,31,5,3,2,92,53,39
LIMESTONE COUNTY,293,25 Years,308,186,122,142,80,62,61,36,25,8,6,2,97,64,33
LIMESTONE COUNTY,293,26 Years,318,190,128,160,95,65,61,33,28,6,2,4,91,60,31
LIMESTONE COUNTY,293,27 Years,328,187,141,167,93,74,71,39,32,6,3,3,84,52,32
LIMESTONE COUNTY,293,28 Years,305,186,119,145,85,60,65,40,25,6,4,2,89,57,32
LIMESTONE COUNTY,293,29 Years,274,159,115,141,74,67,57,38,19,5,4,1,71,43,28
LIMESTONE COUNTY,293,30 Years,275,165,110,146,85,61,54,33,21,2,1,1,73,46,27
LIMESTONE COUNTY,293,31 Years,259,138,121,127,65,62,49,25,24,4,3,1,79,45,34
LIMESTONE COUNTY,293,32 Years,284,171,113,138,83,55,49,27,22,3,1,2,94,60,34
LIMESTONE COUNTY,293,33 Years,302,186,116,145,91,54,53,30,23,7,4,3,97,61,36
LIMESTONE COUNTY,293,34 Years,280,163,117,136,75,61,45,21,24,5,3,2,94,64,30
LIMESTONE COUNTY,293,35 Years,293,171,122,142,82,60,54,28,26,0,0,0,97,61,36
LIMESTONE COUNTY,293,36 Years,305,166,139,154,85,69,56,29,27,1,0,1,94,52,42
LIMESTONE COUNTY,293,37 Years,283,170,113,151,89,62,44,25,19,2,1,1,86,55,31
LIMESTONE COUNTY,293,38 Years,285,158,127,144,83,61,61,26,35,2,2,0,78,47,31
LIMESTONE COUNTY,293,39 Years,247,138,109,133,71,62,48,25,23,3,2,1,63,40,23
LIMESTONE COUNTY,293,40 Years,276,158,118,138,76,62,61,37,24,6,4,2,71,41,30
LIMESTONE COUNTY,293,41 Years,271,154,117,152,85,67,47,25,22,4,2,2,68,42,26
LIMESTONE COUNTY,293,42 Years,231,124,107,127,64,63,33,21,12,3,2,1,68,37,31
LIMESTONE COUNTY,293,43 Years,270,149,121,151,80,71,47,28,19,3,2,1,69,39,30
LIMESTONE COUNTY,293,44 Years,281,153,128,170,88,82,45,25,20,3,1,2,63,39,24
LIMESTONE COUNTY,293,45 Years,281,153,128,169,90,79,49,25,24,8,5,3,55,33,22
LIMESTONE COUNTY,293,46 Years,274,147,127,173,86,87,44,22,22,6,4,2,51,35,16
LIMESTONE COUNTY,293,47 Years,255,132,123,158,78,80,44,25,19,4,2,2,49,27,22
LIMESTONE COUNTY,293,48 Years,261,138,123,163,86,77,40,20,20,4,2,2,54,30,24
LIMESTONE COUNTY,293,49 Years,270,126,144,166,79,87,50,21,29,3,2,1,51,24,27
LIMESTONE COUNTY,293,50 Years,275,144,131,178,88,90,47,26,21,1,0,1,49,30,19
LIMESTONE COUNTY,293,51 Years,326,159,167,212,95,117,54,28,26,6,4,2,54,32,22
LIMESTONE COUNTY,293,52 Years,325,162,163,218,109,109,54,25,29,9,3,6,44,25,19
LIMESTONE COUNTY,293,53 Years,316,178,138,205,120,85,59,31,28,5,1,4,47,26,21
LIMESTONE COUNTY,293,54 Years,342,186,156,229,126,103,61,34,27,3,2,1,49,24,25
LIMESTONE COUNTY,293,55 Years,327,164,163,221,106,115,59,35,24,4,2,2,43,21,22
LIMESTONE COUNTY,293,56 Years,330,158,172,215,99,116,61,31,30,4,1,3,50,27,23
LIMESTONE COUNTY,293,57 Years,334,153,181,212,95,117,75,30,45,6,2,4,41,26,15
LIMESTONE COUNTY,293,58 Years,320,153,167,221,105,116,59,24,35,3,0,3,37,24,13
LIMESTONE COUNTY,293,59 Years,328,168,160,229,119,110,61,29,32,3,2,1,35,18,17
LIMESTONE COUNTY,293,60 Years,343,172,171,255,122,133,56,29,27,7,4,3,25,17,8
LIMESTONE COUNTY,293,61 Years,344,176,168,245,120,125,62,32,30,7,4,3,30,20,10
LIMESTONE COUNTY,293,62 Years,327,161,166,248,120,128,47,23,24,7,3,4,25,15,10
LIMESTONE COUNTY,293,63 Years,298,141,157,216,103,113,52,24,28,4,1,3,26,13,13
LIMESTONE COUNTY,293,64 Years,312,140,172,227,98,129,50,23,27,6,4,2,29,15,14
LIMESTONE COUNTY,293,65 Years,311,148,163,233,112,121,52,23,29,4,3,1,22,10,12
LIMESTONE COUNTY,293,66 Years,291,146,145,222,112,110,48,24,24,5,4,1,16,6,10
LIMESTONE COUNTY,293,67 Years,288,142,146,232,115,117,42,20,22,2,1,1,12,6,6
LIMESTONE COUNTY,293,68 Years,328,162,166,271,133,138,39,17,22,4,2,2,14,10,4
LIMESTONE COUNTY,293,69 Years,310,162,148,254,134,120,39,17,22,3,2,1,14,9,5
LIMESTONE COUNTY,293,70 Years,257,135,122,207,110,97,34,16,18,2,1,1,14,8,6
LIMESTONE COUNTY,293,71 Years,267,135,132,205,105,100,32,14,18,5,2,3,25,14,11
LIMESTONE COUNTY,293,72 Years,267,136,131,217,113,104,32,13,19,3,1,2,15,9,6
LIMESTONE COUNTY,293,73 Years,229,105,124,187,90,97,26,9,17,4,1,3,12,5,7
LIMESTONE COUNTY,293,74 Years,206,96,110,175,85,90,19,6,13,2,2,0,10,3,7
LIMESTONE COUNTY,293,75 Years,202,94,108,168,79,89,21,9,12,4,1,3,9,5,4
LIMESTONE COUNTY,293,76 Years,173,88,85,146,76,70,18,9,9,4,1,3,5,2,3
LIMESTONE COUNTY,293,77 Years,162,77,85,135,64,71,18,9,9,5,3,2,4,1,3
LIMESTONE COUNTY,293,78 Years,126,57,69,107,47,60,14,7,7,2,1,1,3,2,1
LIMESTONE COUNTY,293,79 Years,122,56,66,99,46,53,16,7,9,2,1,1,5,2,3
LIMESTONE COUNTY,293,80 Years,131,55,76,104,44,60,16,7,9,1,0,1,10,4,6
LIMESTONE COUNTY,293,81 Years,125,58,67,101,47,54,14,6,8,3,2,1,7,3,4
LIMESTONE COUNTY,293,82 Years,100,43,57,85,37,48,9,2,7,2,1,1,4,3,1
LIMESTONE COUNTY,293,83 Years,97,40,57,83,34,49,10,4,6,2,1,1,2,1,1
LIMESTONE COUNTY,293,84 Years,82,34,48,67,29,38,10,4,6,2,0,2,3,1,2
LIMESTONE COUNTY,293,85 Years +,466,172,294,377,145,232,57,16,41,7,2,5,25,9,16
LIPSCOMB COUNTY,295,All Ages,3453,1792,1661,2176,1106,1070,9,3,6,72,31,41,1196,652,544
LIPSCOMB COUNTY,295,< 1 Year,42,25,17,24,14,10,0,0,0,0,0,0,18,11,7
LIPSCOMB COUNTY,295,1 Years,42,22,20,22,11,11,0,0,0,0,0,0,20,11,9
LIPSCOMB COUNTY,295,2 Years,43,24,19,21,11,10,0,0,0,1,0,1,21,13,8
LIPSCOMB COUNTY,295,3 Years,40,21,19,18,9,9,0,0,0,2,1,1,20,11,9
LIPSCOMB COUNTY,295,4 Years,42,24,18,20,10,10,0,0,0,0,0,0,22,14,8
LIPSCOMB COUNTY,295,5 Years,44,27,17,22,13,9,0,0,0,1,1,0,21,13,8
LIPSCOMB COUNTY,295,6 Years,49,29,20,25,14,11,0,0,0,0,0,0,24,15,9
LIPSCOMB COUNTY,295,7 Years,50,27,23,25,15,10,0,0,0,3,2,1,22,10,12
LIPSCOMB COUNTY,295,8 Years,49,22,27,21,11,10,0,0,0,2,0,2,26,11,15
LIPSCOMB COUNTY,295,9 Years,48,22,26,22,9,13,0,0,0,2,1,1,24,12,12
LIPSCOMB COUNTY,295,10 Years,50,24,26,29,17,12,0,0,0,1,0,1,20,7,13
LIPSCOMB COUNTY,295,11 Years,49,18,31,21,9,12,0,0,0,1,0,1,27,9,18
LIPSCOMB COUNTY,295,12 Years,53,27,26,27,12,15,1,1,0,0,0,0,25,14,11
LIPSCOMB COUNTY,295,13 Years,43,21,22,23,10,13,1,0,1,0,0,0,19,11,8
LIPSCOMB COUNTY,295,14 Years,47,24,23,23,11,12,0,0,0,2,0,2,22,13,9
LIPSCOMB COUNTY,295,15 Years,44,21,23,22,11,11,0,0,0,2,1,1,20,9,11
LIPSCOMB COUNTY,295,16 Years,46,17,29,24,8,16,0,0,0,3,1,2,19,8,11
LIPSCOMB COUNTY,295,17 Years,47,20,27,26,13,13,0,0,0,2,1,1,19,6,13
LIPSCOMB COUNTY,295,18 Years,49,24,25,27,14,13,1,0,1,2,1,1,19,9,10
LIPSCOMB COUNTY,295,19 Years,48,25,23,25,12,13,1,0,1,2,1,1,20,12,8
LIPSCOMB COUNTY,295,20 Years,52,25,27,27,15,12,1,0,1,1,0,1,23,10,13
LIPSCOMB COUNTY,295,21 Years,47,25,22,24,15,9,1,0,1,3,2,1,19,8,11
LIPSCOMB COUNTY,295,22 Years,42,25,17,24,14,10,0,0,0,1,1,0,17,10,7
LIPSCOMB COUNTY,295,23 Years,55,26,29,32,15,17,0,0,0,1,1,0,22,10,12
LIPSCOMB COUNTY,295,24 Years,43,23,20,24,15,9,0,0,0,1,0,1,18,8,10
LIPSCOMB COUNTY,295,25 Years,41,22,19,21,12,9,0,0,0,0,0,0,20,10,10
LIPSCOMB COUNTY,295,26 Years,44,24,20,24,13,11,0,0,0,1,0,1,19,11,8
LIPSCOMB COUNTY,295,27 Years,45,26,19,21,15,6,0,0,0,1,0,1,23,11,12
LIPSCOMB COUNTY,295,28 Years,42,24,18,16,9,7,0,0,0,2,0,2,24,15,9
LIPSCOMB COUNTY,295,29 Years,37,22,15,16,6,10,0,0,0,0,0,0,21,16,5
LIPSCOMB COUNTY,295,30 Years,52,32,20,22,14,8,0,0,0,1,0,1,29,18,11
LIPSCOMB COUNTY,295,31 Years,47,27,20,18,12,6,0,0,0,0,0,0,29,15,14
LIPSCOMB COUNTY,295,32 Years,45,27,18,19,10,9,0,0,0,1,1,0,25,16,9
LIPSCOMB COUNTY,295,33 Years,50,32,18,25,12,13,0,0,0,1,1,0,24,19,5
LIPSCOMB COUNTY,295,34 Years,47,32,15,24,14,10,0,0,0,0,0,0,23,18,5
LIPSCOMB COUNTY,295,35 Years,43,28,15,21,13,8,0,0,0,0,0,0,22,15,7
LIPSCOMB COUNTY,295,36 Years,42,27,15,15,9,6,1,0,1,2,2,0,24,16,8
LIPSCOMB COUNTY,295,37 Years,43,26,17,18,11,7,0,0,0,1,0,1,24,15,9
LIPSCOMB COUNTY,295,38 Years,36,15,21,14,5,9,0,0,0,0,0,0,22,10,12
LIPSCOMB COUNTY,295,39 Years,38,14,24,16,5,11,0,0,0,0,0,0,22,9,13
LIPSCOMB COUNTY,295,40 Years,36,16,20,19,8,11,1,1,0,0,0,0,16,7,9
LIPSCOMB COUNTY,295,41 Years,39,22,17,25,14,11,1,1,0,1,1,0,12,6,6
LIPSCOMB COUNTY,295,42 Years,33,19,14,19,11,8,0,0,0,0,0,0,14,8,6
LIPSCOMB COUNTY,295,43 Years,37,21,16,20,11,9,0,0,0,1,1,0,16,9,7
LIPSCOMB COUNTY,295,44 Years,43,20,23,27,13,14,0,0,0,1,0,1,15,7,8
LIPSCOMB COUNTY,295,45 Years,40,19,21,28,12,16,0,0,0,0,0,0,12,7,5
LIPSCOMB COUNTY,295,46 Years,40,24,16,20,9,11,0,0,0,1,0,1,19,15,4
LIPSCOMB COUNTY,295,47 Years,39,24,15,19,10,9,0,0,0,3,2,1,17,12,5
LIPSCOMB COUNTY,295,48 Years,31,16,15,18,8,10,0,0,0,1,0,1,12,8,4
LIPSCOMB COUNTY,295,49 Years,33,17,16,21,10,11,0,0,0,1,1,0,11,6,5
LIPSCOMB COUNTY,295,50 Years,45,24,21,29,15,14,0,0,0,0,0,0,16,9,7
LIPSCOMB COUNTY,295,51 Years,50,24,26,32,14,18,0,0,0,0,0,0,18,10,8
LIPSCOMB COUNTY,295,52 Years,44,25,19,32,16,16,0,0,0,0,0,0,12,9,3
LIPSCOMB COUNTY,295,53 Years,50,26,24,40,22,18,0,0,0,0,0,0,10,4,6
LIPSCOMB COUNTY,295,54 Years,52,25,27,43,22,21,0,0,0,0,0,0,9,3,6
LIPSCOMB COUNTY,295,55 Years,53,22,31,44,19,25,0,0,0,1,0,1,8,3,5
LIPSCOMB COUNTY,295,56 Years,48,26,22,39,22,17,0,0,0,1,0,1,8,4,4
LIPSCOMB COUNTY,295,57 Years,49,23,26,39,18,21,0,0,0,2,1,1,8,4,4
LIPSCOMB COUNTY,295,58 Years,44,21,23,34,17,17,0,0,0,0,0,0,10,4,6
LIPSCOMB COUNTY,295,59 Years,41,21,20,34,18,16,0,0,0,1,0,1,6,3,3
LIPSCOMB COUNTY,295,60 Years,38,20,18,31,18,13,0,0,0,2,0,2,5,2,3
LIPSCOMB COUNTY,295,61 Years,38,18,20,32,13,19,0,0,0,1,1,0,5,4,1
LIPSCOMB COUNTY,295,62 Years,50,24,26,44,21,23,0,0,0,0,0,0,6,3,3
LIPSCOMB COUNTY,295,63 Years,46,27,19,40,24,16,0,0,0,2,0,2,4,3,1
LIPSCOMB COUNTY,295,64 Years,49,31,18,43,29,14,0,0,0,1,0,1,5,2,3
LIPSCOMB COUNTY,295,65 Years,41,21,20,37,19,18,0,0,0,0,0,0,4,2,2
LIPSCOMB COUNTY,295,66 Years,36,16,20,33,15,18,0,0,0,1,0,1,2,1,1
LIPSCOMB COUNTY,295,67 Years,35,20,15,32,18,14,0,0,0,0,0,0,3,2,1
LIPSCOMB COUNTY,295,68 Years,41,23,18,36,21,15,0,0,0,0,0,0,5,2,3
LIPSCOMB COUNTY,295,69 Years,36,21,15,33,19,14,0,0,0,0,0,0,3,2,1
LIPSCOMB COUNTY,295,70 Years,22,12,10,21,11,10,0,0,0,0,0,0,1,1,0
LIPSCOMB COUNTY,295,71 Years,22,10,12,21,10,11,0,0,0,0,0,0,1,0,1
LIPSCOMB COUNTY,295,72 Years,24,10,14,20,8,12,0,0,0,1,1,0,3,1,2
LIPSCOMB COUNTY,295,73 Years,27,11,16,24,10,14,0,0,0,1,1,0,2,0,2
LIPSCOMB COUNTY,295,74 Years,29,12,17,27,11,16,0,0,0,0,0,0,2,1,1
LIPSCOMB COUNTY,295,75 Years,20,10,10,18,9,9,0,0,0,0,0,0,2,1,1
LIPSCOMB COUNTY,295,76 Years,17,10,7,13,7,6,0,0,0,2,2,0,2,1,1
LIPSCOMB COUNTY,295,77 Years,26,11,15,23,10,13,0,0,0,2,1,1,1,0,1
LIPSCOMB COUNTY,295,78 Years,24,12,12,23,11,12,0,0,0,0,0,0,1,1,0
LIPSCOMB COUNTY,295,79 Years,21,8,13,20,8,12,0,0,0,0,0,0,1,0,1
LIPSCOMB COUNTY,295,80 Years,16,9,7,14,8,6,0,0,0,0,0,0,2,1,1
LIPSCOMB COUNTY,295,81 Years,14,7,7,14,7,7,0,0,0,0,0,0,0,0,0
LIPSCOMB COUNTY,295,82 Years,17,8,9,16,7,9,0,0,0,0,0,0,1,1,0
LIPSCOMB COUNTY,295,83 Years,13,5,8,12,5,7,0,0,0,0,0,0,1,0,1
LIPSCOMB COUNTY,295,84 Years,13,5,8,11,4,7,0,0,0,1,0,1,1,1,0
LIPSCOMB COUNTY,295,85 Years +,75,30,45,68,26,42,0,0,0,1,1,0,6,3,3
LIVE OAK COUNTY,297,All Ages,11794,6334,5460,6796,3482,3314,458,436,22,222,129,93,4318,2287,2031
LIVE OAK COUNTY,297,< 1 Year,123,60,63,68,35,33,0,0,0,0,0,0,55,25,30
LIVE OAK COUNTY,297,1 Years,127,64,63,69,36,33,0,0,0,0,0,0,58,28,30
LIVE OAK COUNTY,297,2 Years,126,67,59,69,37,32,0,0,0,0,0,0,57,30,27
LIVE OAK COUNTY,297,3 Years,129,69,60,74,38,36,0,0,0,0,0,0,55,31,24
LIVE OAK COUNTY,297,4 Years,126,63,63,71,34,37,0,0,0,0,0,0,55,29,26
LIVE OAK COUNTY,297,5 Years,120,58,62,68,33,35,0,0,0,0,0,0,52,25,27
LIVE OAK COUNTY,297,6 Years,98,45,53,51,22,29,1,1,0,1,0,1,45,22,23
LIVE OAK COUNTY,297,7 Years,126,61,65,63,28,35,1,1,0,3,1,2,59,31,28
LIVE OAK COUNTY,297,8 Years,124,60,64,55,23,32,1,1,0,3,1,2,65,35,30
LIVE OAK COUNTY,297,9 Years,117,62,55,60,31,29,1,0,1,1,1,0,55,30,25
LIVE OAK COUNTY,297,10 Years,125,65,60,69,34,35,1,0,1,2,1,1,53,30,23
LIVE OAK COUNTY,297,11 Years,119,60,59,61,32,29,2,0,2,3,1,2,53,27,26
LIVE OAK COUNTY,297,12 Years,113,57,56,51,26,25,1,0,1,2,1,1,59,30,29
LIVE OAK COUNTY,297,13 Years,120,65,55,56,27,29,0,0,0,2,2,0,62,36,26
LIVE OAK COUNTY,297,14 Years,145,72,73,69,34,35,1,0,1,1,1,0,74,37,37
LIVE OAK COUNTY,297,15 Years,138,73,65,69,38,31,1,1,0,2,0,2,66,34,32
LIVE OAK COUNTY,297,16 Years,144,73,71,74,39,35,1,1,0,4,1,3,65,32,33
LIVE OAK COUNTY,297,17 Years,152,84,68,84,51,33,0,0,0,5,2,3,63,31,32
LIVE OAK COUNTY,297,18 Years,127,67,60,64,33,31,3,1,2,0,0,0,60,33,27
LIVE OAK COUNTY,297,19 Years,126,63,63,59,32,27,4,2,2,3,1,2,60,28,32
LIVE OAK COUNTY,297,20 Years,151,79,72,56,27,29,4,3,1,5,3,2,86,46,40
LIVE OAK COUNTY,297,21 Years,155,89,66,68,38,30,5,5,0,2,2,0,80,44,36
LIVE OAK COUNTY,297,22 Years,168,94,74,74,35,39,11,11,0,4,3,1,79,45,34
LIVE OAK COUNTY,297,23 Years,165,83,82,73,35,38,9,9,0,2,1,1,81,38,43
LIVE OAK COUNTY,297,24 Years,209,129,80,98,57,41,17,17,0,4,3,1,90,52,38
LIVE OAK COUNTY,297,25 Years,136,78,58,63,33,30,15,15,0,2,1,1,56,29,27
LIVE OAK COUNTY,297,26 Years,134,78,56,61,28,33,26,26,0,2,2,0,45,22,23
LIVE OAK COUNTY,297,27 Years,137,86,51,75,45,30,12,12,0,3,3,0,47,26,21
LIVE OAK COUNTY,297,28 Years,160,105,55,78,47,31,30,30,0,8,6,2,44,22,22
LIVE OAK COUNTY,297,29 Years,160,113,47,77,52,25,19,18,1,8,6,2,56,37,19
LIVE OAK COUNTY,297,30 Years,128,86,42,43,24,19,27,25,2,2,2,0,56,35,21
LIVE OAK COUNTY,297,31 Years,135,89,46,47,26,21,26,25,1,4,4,0,58,34,24
LIVE OAK COUNTY,297,32 Years,146,95,51,57,34,23,23,22,1,1,1,0,65,38,27
LIVE OAK COUNTY,297,33 Years,127,88,39,53,34,19,22,22,0,1,1,0,51,31,20
LIVE OAK COUNTY,297,34 Years,117,71,46,38,18,20,22,21,1,4,3,1,53,29,24
LIVE OAK COUNTY,297,35 Years,132,87,45,46,25,21,14,14,0,2,2,0,70,46,24
LIVE OAK COUNTY,297,36 Years,117,71,46,61,34,27,17,17,0,4,4,0,35,16,19
LIVE OAK COUNTY,297,37 Years,119,74,45,62,35,27,18,18,0,3,3,0,36,18,18
LIVE OAK COUNTY,297,38 Years,129,86,43,54,34,20,12,11,1,3,2,1,60,39,21
LIVE OAK COUNTY,297,39 Years,113,73,40,45,23,22,13,13,0,4,3,1,51,34,17
LIVE OAK COUNTY,297,40 Years,164,102,62,83,46,37,12,12,0,5,4,1,64,40,24
LIVE OAK COUNTY,297,41 Years,140,87,53,67,34,33,7,7,0,1,1,0,65,45,20
LIVE OAK COUNTY,297,42 Years,146,88,58,75,43,32,7,7,0,3,2,1,61,36,25
LIVE OAK COUNTY,297,43 Years,136,82,54,67,40,27,10,10,0,4,1,3,55,31,24
LIVE OAK COUNTY,297,44 Years,138,87,51,59,30,29,15,15,0,9,4,5,55,38,17
LIVE OAK COUNTY,297,45 Years,100,52,48,54,25,29,4,4,0,3,1,2,39,22,17
LIVE OAK COUNTY,297,46 Years,101,49,52,54,25,29,6,5,1,1,1,0,40,18,22
LIVE OAK COUNTY,297,47 Years,103,51,52,69,34,35,6,6,0,3,1,2,25,10,15
LIVE OAK COUNTY,297,48 Years,158,100,58,105,65,40,5,5,0,1,1,0,47,29,18
LIVE OAK COUNTY,297,49 Years,139,83,56,69,39,30,5,5,0,1,1,0,64,38,26
LIVE OAK COUNTY,297,50 Years,135,70,65,91,48,43,3,3,0,0,0,0,41,19,22
LIVE OAK COUNTY,297,51 Years,153,73,80,105,48,57,0,0,0,1,0,1,47,25,22
LIVE OAK COUNTY,297,52 Years,190,102,88,111,50,61,7,7,0,6,5,1,66,40,26
LIVE OAK COUNTY,297,53 Years,212,107,105,137,65,72,3,2,1,3,2,1,69,38,31
LIVE OAK COUNTY,297,54 Years,155,73,82,109,51,58,1,1,0,3,1,2,42,20,22
LIVE OAK COUNTY,297,55 Years,184,100,84,136,75,61,0,0,0,1,1,0,47,24,23
LIVE OAK COUNTY,297,56 Years,186,95,91,120,59,61,0,0,0,2,0,2,64,36,28
LIVE OAK COUNTY,297,57 Years,171,90,81,121,64,57,2,2,0,7,4,3,41,20,21
LIVE OAK COUNTY,297,58 Years,180,88,92,124,60,64,0,0,0,5,4,1,51,24,27
LIVE OAK COUNTY,297,59 Years,171,84,87,123,60,63,1,1,0,3,1,2,44,22,22
LIVE OAK COUNTY,297,60 Years,173,77,96,120,55,65,1,1,0,4,2,2,48,19,29
LIVE OAK COUNTY,297,61 Years,164,79,85,114,53,61,0,0,0,2,1,1,48,25,23
LIVE OAK COUNTY,297,62 Years,178,87,91,128,62,66,1,1,0,3,2,1,46,22,24
LIVE OAK COUNTY,297,63 Years,164,77,87,121,56,65,0,0,0,4,2,2,39,19,20
LIVE OAK COUNTY,297,64 Years,179,96,83,138,77,61,0,0,0,2,1,1,39,18,21
LIVE OAK COUNTY,297,65 Years,149,73,76,106,52,54,0,0,0,3,1,2,40,20,20
LIVE OAK COUNTY,297,66 Years,187,101,86,128,69,59,0,0,0,1,0,1,58,32,26
LIVE OAK COUNTY,297,67 Years,173,98,75,118,63,55,0,0,0,1,1,0,54,34,20
LIVE OAK COUNTY,297,68 Years,131,64,67,91,46,45,0,0,0,2,1,1,38,17,21
LIVE OAK COUNTY,297,69 Years,171,93,78,127,73,54,0,0,0,4,2,2,40,18,22
LIVE OAK COUNTY,297,70 Years,128,58,70,83,41,42,0,0,0,5,1,4,40,16,24
LIVE OAK COUNTY,297,71 Years,124,59,65,88,45,43,0,0,0,3,1,2,33,13,20
LIVE OAK COUNTY,297,72 Years,124,59,65,85,42,43,1,0,1,3,1,2,35,16,19
LIVE OAK COUNTY,297,73 Years,107,52,55,83,41,42,0,0,0,2,1,1,22,10,12
LIVE OAK COUNTY,297,74 Years,118,58,60,87,43,44,0,0,0,4,1,3,27,14,13
LIVE OAK COUNTY,297,75 Years,103,49,54,74,35,39,0,0,0,1,0,1,28,14,14
LIVE OAK COUNTY,297,76 Years,96,46,50,62,31,31,0,0,0,0,0,0,34,15,19
LIVE OAK COUNTY,297,77 Years,98,45,53,66,32,34,1,0,1,0,0,0,31,13,18
LIVE OAK COUNTY,297,78 Years,88,42,46,59,30,29,0,0,0,3,1,2,26,11,15
LIVE OAK COUNTY,297,79 Years,84,37,47,57,26,31,0,0,0,1,0,1,26,11,15
LIVE OAK COUNTY,297,80 Years,87,36,51,58,26,32,0,0,0,1,0,1,28,10,18
LIVE OAK COUNTY,297,81 Years,83,39,44,60,29,31,0,0,0,0,0,0,23,10,13
LIVE OAK COUNTY,297,82 Years,71,33,38,51,23,28,0,0,0,2,2,0,18,8,10
LIVE OAK COUNTY,297,83 Years,60,27,33,41,18,23,0,0,0,1,0,1,18,9,9
LIVE OAK COUNTY,297,84 Years,60,32,28,42,23,19,0,0,0,1,1,0,17,8,9
LIVE OAK COUNTY,297,85 Years +,269,112,157,197,83,114,0,0,0,7,4,3,65,25,40
LLANO COUNTY,299,All Ages,19980,9664,10316,17738,8575,9163,117,69,48,380,182,198,1745,838,907
LLANO COUNTY,299,< 1 Year,169,81,88,124,59,65,3,2,1,8,4,4,34,16,18
LLANO COUNTY,299,1 Years,167,82,85,125,62,63,4,2,2,7,3,4,31,15,16
LLANO COUNTY,299,2 Years,166,88,78,128,70,58,2,1,1,5,2,3,31,15,16
LLANO COUNTY,299,3 Years,161,84,77,125,67,58,2,1,1,5,3,2,29,13,16
LLANO COUNTY,299,4 Years,156,85,71,118,64,54,2,2,0,5,3,2,31,16,15
LLANO COUNTY,299,5 Years,153,74,79,114,56,58,2,2,0,5,2,3,32,14,18
LLANO COUNTY,299,6 Years,145,71,74,105,57,48,2,1,1,6,3,3,32,10,22
LLANO COUNTY,299,7 Years,149,77,72,113,59,54,1,1,0,7,4,3,28,13,15
LLANO COUNTY,299,8 Years,189,96,93,142,71,71,1,1,0,8,4,4,38,20,18
LLANO COUNTY,299,9 Years,170,80,90,124,59,65,0,0,0,6,2,4,40,19,21
LLANO COUNTY,299,10 Years,158,79,79,117,65,52,1,1,0,5,1,4,35,12,23
LLANO COUNTY,299,11 Years,163,86,77,130,72,58,1,1,0,4,1,3,28,12,16
LLANO COUNTY,299,12 Years,170,91,79,136,71,65,1,1,0,3,2,1,30,17,13
LLANO COUNTY,299,13 Years,174,93,81,133,72,61,2,2,0,5,3,2,34,16,18
LLANO COUNTY,299,14 Years,196,101,95,153,77,76,3,1,2,7,6,1,33,17,16
LLANO COUNTY,299,15 Years,200,100,100,153,75,78,2,1,1,8,5,3,37,19,18
LLANO COUNTY,299,16 Years,179,82,97,142,68,74,1,0,1,6,1,5,30,13,17
LLANO COUNTY,299,17 Years,188,94,94,152,74,78,3,2,1,6,4,2,27,14,13
LLANO COUNTY,299,18 Years,179,93,86,142,70,72,4,2,2,6,4,2,27,17,10
LLANO COUNTY,299,19 Years,166,85,81,133,70,63,2,1,1,2,1,1,29,13,16
LLANO COUNTY,299,20 Years,163,80,83,128,63,65,1,1,0,5,3,2,29,13,16
LLANO COUNTY,299,21 Years,148,74,74,114,58,56,4,1,3,5,3,2,25,12,13
LLANO COUNTY,299,22 Years,147,82,65,111,61,50,1,0,1,6,6,0,29,15,14
LLANO COUNTY,299,23 Years,144,71,73,116,53,63,1,1,0,3,3,0,24,14,10
LLANO COUNTY,299,24 Years,154,77,77,124,55,69,1,1,0,3,3,0,26,18,8
LLANO COUNTY,299,25 Years,136,65,71,107,49,58,2,1,1,3,2,1,24,13,11
LLANO COUNTY,299,26 Years,135,63,72,107,49,58,1,0,1,2,2,0,25,12,13
LLANO COUNTY,299,27 Years,118,52,66,90,41,49,1,0,1,3,2,1,24,9,15
LLANO COUNTY,299,28 Years,120,62,58,95,49,46,1,0,1,1,0,1,23,13,10
LLANO COUNTY,299,29 Years,122,70,52,94,50,44,0,0,0,2,1,1,26,19,7
LLANO COUNTY,299,30 Years,132,77,55,108,62,46,1,1,0,2,1,1,21,13,8
LLANO COUNTY,299,31 Years,130,68,62,108,56,52,0,0,0,2,1,1,20,11,9
LLANO COUNTY,299,32 Years,152,80,72,127,66,61,2,1,1,5,3,2,18,10,8
LLANO COUNTY,299,33 Years,144,70,74,122,59,63,1,1,0,2,1,1,19,9,10
LLANO COUNTY,299,34 Years,155,75,80,122,57,65,2,2,0,3,3,0,28,13,15
LLANO COUNTY,299,35 Years,157,82,75,129,67,62,2,2,0,6,4,2,20,9,11
LLANO COUNTY,299,36 Years,148,78,70,122,68,54,3,3,0,4,1,3,19,6,13
LLANO COUNTY,299,37 Years,143,74,69,118,64,54,1,1,0,2,0,2,22,9,13
LLANO COUNTY,299,38 Years,122,61,61,101,53,48,3,1,2,3,0,3,15,7,8
LLANO COUNTY,299,39 Years,138,71,67,117,61,56,2,0,2,3,0,3,16,10,6
LLANO COUNTY,299,40 Years,145,71,74,122,61,61,2,1,1,3,0,3,18,9,9
LLANO COUNTY,299,41 Years,154,82,72,131,71,60,2,1,1,4,1,3,17,9,8
LLANO COUNTY,299,42 Years,145,76,69,127,68,59,1,0,1,4,1,3,13,7,6
LLANO COUNTY,299,43 Years,144,68,76,126,62,64,1,0,1,3,1,2,14,5,9
LLANO COUNTY,299,44 Years,180,86,94,159,75,84,2,1,1,4,3,1,15,7,8
LLANO COUNTY,299,45 Years,210,104,106,185,91,94,1,0,1,2,2,0,22,11,11
LLANO COUNTY,299,46 Years,206,105,101,177,93,84,0,0,0,5,4,1,24,8,16
LLANO COUNTY,299,47 Years,197,94,103,175,82,93,1,1,0,4,3,1,17,8,9
LLANO COUNTY,299,48 Years,182,85,97,158,72,86,1,1,0,5,2,3,18,10,8
LLANO COUNTY,299,49 Years,201,93,108,170,82,88,0,0,0,6,1,5,25,10,15
LLANO COUNTY,299,50 Years,221,109,112,191,95,96,0,0,0,5,1,4,25,13,12
LLANO COUNTY,299,51 Years,238,111,127,204,93,111,2,2,0,8,4,4,24,12,12
LLANO COUNTY,299,52 Years,264,124,140,233,110,123,3,2,1,7,2,5,21,10,11
LLANO COUNTY,299,53 Years,291,144,147,267,132,135,2,2,0,4,2,2,18,8,10
LLANO COUNTY,299,54 Years,299,146,153,276,133,143,1,1,0,3,3,0,19,9,10
LLANO COUNTY,299,55 Years,314,142,172,288,133,155,1,0,1,3,1,2,22,8,14
LLANO COUNTY,299,56 Years,331,146,185,297,127,170,1,0,1,6,4,2,27,15,12
LLANO COUNTY,299,57 Years,340,158,182,312,140,172,3,2,1,5,4,1,20,12,8
LLANO COUNTY,299,58 Years,355,171,184,326,158,168,3,1,2,6,3,3,20,9,11
LLANO COUNTY,299,59 Years,375,185,190,351,172,179,2,2,0,4,2,2,18,9,9
LLANO COUNTY,299,60 Years,394,183,211,374,174,200,2,2,0,3,1,2,15,6,9
LLANO COUNTY,299,61 Years,428,189,239,407,183,224,1,0,1,6,1,5,14,5,9
LLANO COUNTY,299,62 Years,439,208,231,419,199,220,1,0,1,5,2,3,14,7,7
LLANO COUNTY,299,63 Years,446,213,233,427,207,220,1,0,1,7,2,5,11,4,7
LLANO COUNTY,299,64 Years,443,213,230,425,203,222,1,0,1,5,2,3,12,8,4
LLANO COUNTY,299,65 Years,457,221,236,436,211,225,1,0,1,4,2,2,16,8,8
LLANO COUNTY,299,66 Years,455,204,251,442,199,243,0,0,0,5,1,4,8,4,4
LLANO COUNTY,299,67 Years,417,188,229,401,181,220,0,0,0,5,2,3,11,5,6
LLANO COUNTY,299,68 Years,425,208,217,407,199,208,1,1,0,7,3,4,10,5,5
LLANO COUNTY,299,69 Years,433,203,230,408,193,215,0,0,0,12,4,8,13,6,7
LLANO COUNTY,299,70 Years,368,179,189,347,171,176,2,0,2,6,3,3,13,5,8
LLANO COUNTY,299,71 Years,342,159,183,327,152,175,1,0,1,3,1,2,11,6,5
LLANO COUNTY,299,72 Years,362,173,189,348,167,181,1,1,0,2,1,1,11,4,7
LLANO COUNTY,299,73 Years,353,176,177,339,170,169,0,0,0,4,2,2,10,4,6
LLANO COUNTY,299,74 Years,335,172,163,326,169,157,0,0,0,2,1,1,7,2,5
LLANO COUNTY,299,75 Years,291,140,151,282,135,147,0,0,0,2,1,1,7,4,3
LLANO COUNTY,299,76 Years,264,128,136,254,124,130,0,0,0,3,1,2,7,3,4
LLANO COUNTY,299,77 Years,244,124,120,233,119,114,0,0,0,3,1,2,8,4,4
LLANO COUNTY,299,78 Years,261,126,135,249,120,129,1,1,0,2,2,0,9,3,6
LLANO COUNTY,299,79 Years,236,111,125,223,107,116,1,1,0,3,1,2,9,2,7
LLANO COUNTY,299,80 Years,210,102,108,202,99,103,0,0,0,2,1,1,6,2,4
LLANO COUNTY,299,81 Years,193,99,94,182,94,88,1,1,0,2,1,1,8,3,5
LLANO COUNTY,299,82 Years,173,83,90,163,79,84,2,1,1,1,0,1,7,3,4
LLANO COUNTY,299,83 Years,151,66,85,146,64,82,1,1,0,1,0,1,3,1,2
LLANO COUNTY,299,84 Years,154,68,86,148,67,81,0,0,0,3,1,2,3,0,3
LLANO COUNTY,299,85 Years +,708,274,434,679,260,419,1,1,0,12,4,8,16,9,7
LOVING COUNTY,301,All Ages,81,44,37,60,33,27,0,0,0,4,3,1,17,8,9
LOVING COUNTY,301,< 1 Year,0,0,0,0,0,0,0,0,0,0,0,0,0,0,0
LOVING COUNTY,301,1 Years,0,0,0,0,0,0,0,0,0,0,0,0,0,0,0
LOVING COUNTY,301,2 Years,0,0,0,0,0,0,0,0,0,0,0,0,0,0,0
LOVING COUNTY,301,3 Years,0,0,0,0,0,0,0,0,0,0,0,0,0,0,0
LOVING COUNTY,301,4 Years,0,0,0,0,0,0,0,0,0,0,0,0,0,0,0
LOVING COUNTY,301,5 Years,0,0,0,0,0,0,0,0,0,0,0,0,0,0,0
LOVING COUNTY,301,6 Years,1,1,0,0,0,0,0,0,0,0,0,0,1,1,0
LOVING COUNTY,301,7 Years,1,1,0,1,1,0,0,0,0,0,0,0,0,0,0
LOVING COUNTY,301,8 Years,0,0,0,0,0,0,0,0,0,0,0,0,0,0,0
LOVING COUNTY,301,9 Years,1,0,1,1,0,1,0,0,0,0,0,0,0,0,0
LOVING COUNTY,301,10 Years,0,0,0,0,0,0,0,0,0,0,0,0,0,0,0
LOVING COUNTY,301,11 Years,0,0,0,0,0,0,0,0,0,0,0,0,0,0,0
LOVING COUNTY,301,12 Years,0,0,0,0,0,0,0,0,0,0,0,0,0,0,0
LOVING COUNTY,301,13 Years,1,1,0,1,1,0,0,0,0,0,0,0,0,0,0
LOVING COUNTY,301,14 Years,0,0,0,0,0,0,0,0,0,0,0,0,0,0,0
LOVING COUNTY,301,15 Years,1,0,1,1,0,1,0,0,0,0,0,0,0,0,0
LOVING COUNTY,301,16 Years,0,0,0,0,0,0,0,0,0,0,0,0,0,0,0
LOVING COUNTY,301,17 Years,1,0,1,0,0,0,0,0,0,0,0,0,1,0,1
LOVING COUNTY,301,18 Years,0,0,0,0,0,0,0,0,0,0,0,0,0,0,0
LOVING COUNTY,301,19 Years,1,1,0,0,0,0,0,0,0,0,0,0,1,1,0
LOVING COUNTY,301,20 Years,0,0,0,0,0,0,0,0,0,0,0,0,0,0,0
LOVING COUNTY,301,21 Years,0,0,0,0,0,0,0,0,0,0,0,0,0,0,0
LOVING COUNTY,301,22 Years,2,0,2,1,0,1,0,0,0,0,0,0,1,0,1
LOVING COUNTY,301,23 Years,0,0,0,0,0,0,0,0,0,0,0,0,0,0,0
LOVING COUNTY,301,24 Years,0,0,0,0,0,0,0,0,0,0,0,0,0,0,0
LOVING COUNTY,301,25 Years,1,1,0,1,1,0,0,0,0,0,0,0,0,0,0
LOVING COUNTY,301,26 Years,0,0,0,0,0,0,0,0,0,0,0,0,0,0,0
LOVING COUNTY,301,27 Years,1,0,1,1,0,1,0,0,0,0,0,0,0,0,0
LOVING COUNTY,301,28 Years,3,2,1,0,0,0,0,0,0,1,1,0,2,1,1
LOVING COUNTY,301,29 Years,4,3,1,2,2,0,0,0,0,1,1,0,1,0,1
LOVING COUNTY,301,30 Years,2,1,1,1,1,0,0,0,0,0,0,0,1,0,1
LOVING COUNTY,301,31 Years,0,0,0,0,0,0,0,0,0,0,0,0,0,0,0
LOVING COUNTY,301,32 Years,0,0,0,0,0,0,0,0,0,0,0,0,0,0,0
LOVING COUNTY,301,33 Years,1,1,0,0,0,0,0,0,0,0,0,0,1,1,0
LOVING COUNTY,301,34 Years,1,0,1,1,0,1,0,0,0,0,0,0,0,0,0
LOVING COUNTY,301,35 Years,0,0,0,0,0,0,0,0,0,0,0,0,0,0,0
LOVING COUNTY,301,36 Years,1,0,1,1,0,1,0,0,0,0,0,0,0,0,0
LOVING COUNTY,301,37 Years,0,0,0,0,0,0,0,0,0,0,0,0,0,0,0
LOVING COUNTY,301,38 Years,0,0,0,0,0,0,0,0,0,0,0,0,0,0,0
LOVING COUNTY,301,39 Years,0,0,0,0,0,0,0,0,0,0,0,0,0,0,0
LOVING COUNTY,301,40 Years,1,1,0,1,1,0,0,0,0,0,0,0,0,0,0
LOVING COUNTY,301,41 Years,0,0,0,0,0,0,0,0,0,0,0,0,0,0,0
LOVING COUNTY,301,42 Years,0,0,0,0,0,0,0,0,0,0,0,0,0,0,0
LOVING COUNTY,301,43 Years,1,0,1,0,0,0,0,0,0,0,0,0,1,0,1
LOVING COUNTY,301,44 Years,0,0,0,0,0,0,0,0,0,0,0,0,0,0,0
LOVING COUNTY,301,45 Years,0,0,0,0,0,0,0,0,0,0,0,0,0,0,0
LOVING COUNTY,301,46 Years,0,0,0,0,0,0,0,0,0,0,0,0,0,0,0
LOVING COUNTY,301,47 Years,0,0,0,0,0,0,0,0,0,0,0,0,0,0,0
LOVING COUNTY,301,48 Years,4,2,2,3,1,2,0,0,0,0,0,0,1,1,0
LOVING COUNTY,301,49 Years,3,1,2,2,1,1,0,0,0,1,0,1,0,0,0
LOVING COUNTY,301,50 Years,1,0,1,1,0,1,0,0,0,0,0,0,0,0,0
LOVING COUNTY,301,51 Years,2,1,1,0,0,0,0,0,0,0,0,0,2,1,1
LOVING COUNTY,301,52 Years,1,0,1,1,0,1,0,0,0,0,0,0,0,0,0
LOVING COUNTY,301,53 Years,2,1,1,1,1,0,0,0,0,0,0,0,1,0,1
LOVING COUNTY,301,54 Years,0,0,0,0,0,0,0,0,0,0,0,0,0,0,0
LOVING COUNTY,301,55 Years,0,0,0,0,0,0,0,0,0,0,0,0,0,0,0
LOVING COUNTY,301,56 Years,0,0,0,0,0,0,0,0,0,0,0,0,0,0,0
LOVING COUNTY,301,57 Years,1,1,0,1,1,0,0,0,0,0,0,0,0,0,0
LOVING COUNTY,301,58 Years,3,2,1,3,2,1,0,0,0,0,0,0,0,0,0
LOVING COUNTY,301,59 Years,3,2,1,3,2,1,0,0,0,0,0,0,0,0,0
LOVING COUNTY,301,60 Years,2,1,1,2,1,1,0,0,0,0,0,0,0,0,0
LOVING COUNTY,301,61 Years,2,1,1,1,0,1,0,0,0,0,0,0,1,1,0
LOVING COUNTY,301,62 Years,4,3,1,3,2,1,0,0,0,0,0,0,1,1,0
LOVING COUNTY,301,63 Years,3,2,1,3,2,1,0,0,0,0,0,0,0,0,0
LOVING COUNTY,301,64 Years,3,1,2,3,1,2,0,0,0,0,0,0,0,0,0
LOVING COUNTY,301,65 Years,2,0,2,2,0,2,0,0,0,0,0,0,0,0,0
LOVING COUNTY,301,66 Years,1,1,0,1,1,0,0,0,0,0,0,0,0,0,0
LOVING COUNTY,301,67 Years,1,1,0,1,1,0,0,0,0,0,0,0,0,0,0
LOVING COUNTY,301,68 Years,0,0,0,0,0,0,0,0,0,0,0,0,0,0,0
LOVING COUNTY,301,69 Years,5,3,2,4,2,2,0,0,0,1,1,0,0,0,0
LOVING COUNTY,301,70 Years,2,1,1,2,1,1,0,0,0,0,0,0,0,0,0
LOVING COUNTY,301,71 Years,0,0,0,0,0,0,0,0,0,0,0,0,0,0,0
LOVING COUNTY,301,72 Years,0,0,0,0,0,0,0,0,0,0,0,0,0,0,0
LOVING COUNTY,301,73 Years,2,0,2,1,0,1,0,0,0,0,0,0,1,0,1
LOVING COUNTY,301,74 Years,2,1,1,2,1,1,0,0,0,0,0,0,0,0,0
LOVING COUNTY,301,75 Years,2,2,0,2,2,0,0,0,0,0,0,0,0,0,0
LOVING COUNTY,301,76 Years,0,0,0,0,0,0,0,0,0,0,0,0,0,0,0
LOVING COUNTY,301,77 Years,0,0,0,0,0,0,0,0,0,0,0,0,0,0,0
LOVING COUNTY,301,78 Years,1,1,0,1,1,0,0,0,0,0,0,0,0,0,0
LOVING COUNTY,301,79 Years,0,0,0,0,0,0,0,0,0,0,0,0,0,0,0
LOVING COUNTY,301,80 Years,1,1,0,1,1,0,0,0,0,0,0,0,0,0,0
LOVING COUNTY,301,81 Years,0,0,0,0,0,0,0,0,0,0,0,0,0,0,0
LOVING COUNTY,301,82 Years,1,1,0,1,1,0,0,0,0,0,0,0,0,0,0
LOVING COUNTY,301,83 Years,0,0,0,0,0,0,0,0,0,0,0,0,0,0,0
LOVING COUNTY,301,84 Years,0,0,0,0,0,0,0,0,0,0,0,0,0,0,0
LOVING COUNTY,301,85 Years +,2,1,1,2,1,1,0,0,0,0,0,0,0,0,0
LUBBOCK COUNTY,303,All Ages,301706,150273,151433,160893,79594,81299,21987,11005,10982,13438,6853,6585,105388,52821,52567
LUBBOCK COUNTY,303,< 1 Year,4617,2329,2288,1939,990,949,397,197,200,219,106,113,2062,1036,1026
LUBBOCK COUNTY,303,1 Years,4617,2336,2281,1933,973,960,405,205,200,217,110,107,2062,1048,1014
LUBBOCK COUNTY,303,2 Years,4581,2324,2257,1940,955,985,410,208,202,217,112,105,2014,1049,965
LUBBOCK COUNTY,303,3 Years,4535,2308,2227,1937,983,954,402,207,195,225,126,99,1971,992,979
LUBBOCK COUNTY,303,4 Years,4430,2274,2156,1927,989,938,383,196,187,221,124,97,1899,965,934
LUBBOCK COUNTY,303,5 Years,4423,2274,2149,1903,990,913,366,191,175,213,121,92,1941,972,969
LUBBOCK COUNTY,303,6 Years,4533,2337,2196,1929,1004,925,364,187,177,219,124,95,2021,1022,999
LUBBOCK COUNTY,303,7 Years,4229,2172,2057,1763,906,857,348,165,183,210,114,96,1908,987,921
LUBBOCK COUNTY,303,8 Years,4286,2183,2103,1750,890,860,341,163,178,224,124,100,1971,1006,965
LUBBOCK COUNTY,303,9 Years,4237,2154,2083,1714,861,853,336,164,172,222,114,108,1965,1015,950
LUBBOCK COUNTY,303,10 Years,3975,2022,1953,1558,805,753,332,168,164,207,97,110,1878,952,926
LUBBOCK COUNTY,303,11 Years,4031,2060,1971,1602,814,788,351,188,163,201,92,109,1877,966,911
LUBBOCK COUNTY,303,12 Years,4044,2038,2006,1625,810,815,345,181,164,199,95,104,1875,952,923
LUBBOCK COUNTY,303,13 Years,3883,2033,1850,1532,785,747,351,182,169,162,90,72,1838,976,862
LUBBOCK COUNTY,303,14 Years,3944,2012,1932,1533,756,777,341,182,159,167,93,74,1903,981,922
LUBBOCK COUNTY,303,15 Years,3984,2024,1960,1522,749,773,346,182,164,181,95,86,1935,998,937
LUBBOCK COUNTY,303,16 Years,3907,1987,1920,1499,764,735,330,182,148,169,89,80,1909,952,957
LUBBOCK COUNTY,303,17 Years,3822,1949,1873,1455,738,717,315,162,153,168,87,81,1884,962,922
LUBBOCK COUNTY,303,18 Years,5020,2486,2534,2343,1124,1219,405,210,195,217,111,106,2055,1041,1014
LUBBOCK COUNTY,303,19 Years,6914,3485,3429,3879,1937,1942,438,232,206,285,136,149,2312,1180,1132
LUBBOCK COUNTY,303,20 Years,6677,3432,3245,3852,1994,1858,436,226,210,238,118,120,2151,1094,1057
LUBBOCK COUNTY,303,21 Years,6770,3507,3263,3872,2009,1863,471,248,223,246,128,118,2181,1122,1059
LUBBOCK COUNTY,303,22 Years,6635,3575,3060,3695,2017,1678,488,264,224,300,160,140,2152,1134,1018
LUBBOCK COUNTY,303,23 Years,6020,3226,2794,3198,1751,1447,431,234,197,290,156,134,2101,1085,1016
LUBBOCK COUNTY,303,24 Years,5822,3006,2816,3051,1589,1462,403,206,197,326,172,154,2042,1039,1003
LUBBOCK COUNTY,303,25 Years,6297,3251,3046,3490,1780,1710,427,214,213,350,204,146,2030,1053,977
LUBBOCK COUNTY,303,26 Years,5982,3141,2841,3307,1711,1596,392,199,193,333,202,131,1950,1029,921
LUBBOCK COUNTY,303,27 Years,5614,2911,2703,3212,1639,1573,355,196,159,301,170,131,1746,906,840
LUBBOCK COUNTY,303,28 Years,5334,2807,2527,3021,1599,1422,320,165,155,307,172,135,1686,871,815
LUBBOCK COUNTY,303,29 Years,4990,2601,2389,2734,1435,1299,294,159,135,307,178,129,1655,829,826
LUBBOCK COUNTY,303,30 Years,4559,2366,2193,2298,1185,1113,317,171,146,281,168,113,1663,842,821
LUBBOCK COUNTY,303,31 Years,4313,2259,2054,2161,1150,1011,298,154,144,246,145,101,1608,810,798
LUBBOCK COUNTY,303,32 Years,4098,2163,1935,2079,1106,973,300,161,139,230,135,95,1489,761,728
LUBBOCK COUNTY,303,33 Years,4001,2108,1893,2029,1079,950,280,151,129,230,121,109,1462,757,705
LUBBOCK COUNTY,303,34 Years,3788,1963,1825,1852,982,870,284,143,141,219,103,116,1433,735,698
LUBBOCK COUNTY,303,35 Years,3640,1848,1792,1769,927,842,268,128,140,202,96,106,1401,697,704
LUBBOCK COUNTY,303,36 Years,3723,1864,1859,1805,918,887,277,137,140,208,94,114,1433,715,718
LUBBOCK COUNTY,303,37 Years,3504,1769,1735,1723,878,845,258,137,121,215,96,119,1308,658,650
LUBBOCK COUNTY,303,38 Years,3329,1691,1638,1655,844,811,253,123,130,200,94,106,1221,630,591
LUBBOCK COUNTY,303,39 Years,3225,1593,1632,1577,795,782,233,111,122,208,96,112,1207,591,616
LUBBOCK COUNTY,303,40 Years,3147,1558,1589,1488,749,739,228,108,120,208,97,111,1223,604,619
LUBBOCK COUNTY,303,41 Years,3070,1489,1581,1498,719,779,223,111,112,201,93,108,1148,566,582
LUBBOCK COUNTY,303,42 Years,2954,1479,1475,1443,725,718,218,106,112,187,75,112,1106,573,533
LUBBOCK COUNTY,303,43 Years,2930,1439,1491,1417,728,689,212,99,113,198,78,120,1103,534,569
LUBBOCK COUNTY,303,44 Years,3054,1464,1590,1552,750,802,220,108,112,167,78,89,1115,528,587
LUBBOCK COUNTY,303,45 Years,3124,1501,1623,1631,783,848,228,113,115,160,79,81,1105,526,579
LUBBOCK COUNTY,303,46 Years,3088,1497,1591,1657,830,827,225,102,123,145,71,74,1061,494,567
LUBBOCK COUNTY,303,47 Years,2997,1452,1545,1583,781,802,210,98,112,142,73,69,1062,500,562
LUBBOCK COUNTY,303,48 Years,2948,1445,1503,1593,786,807,218,101,117,111,56,55,1026,502,524
LUBBOCK COUNTY,303,49 Years,2920,1433,1487,1559,770,789,231,113,118,102,45,57,1028,505,523
LUBBOCK COUNTY,303,50 Years,3036,1495,1541,1603,790,813,232,115,117,114,51,63,1087,539,548
LUBBOCK COUNTY,303,51 Years,3270,1599,1671,1740,851,889,267,133,134,125,55,70,1138,560,578
LUBBOCK COUNTY,303,52 Years,3459,1669,1790,1951,924,1027,276,142,134,130,66,64,1102,537,565
LUBBOCK COUNTY,303,53 Years,3513,1681,1832,2009,957,1052,273,133,140,126,67,59,1105,524,581
LUBBOCK COUNTY,303,54 Years,3477,1718,1759,2051,1018,1033,284,141,143,96,48,48,1046,511,535
LUBBOCK COUNTY,303,55 Years,3460,1696,1764,2056,1015,1041,280,135,145,95,44,51,1029,502,527
LUBBOCK COUNTY,303,56 Years,3492,1715,1777,2097,1018,1079,258,128,130,106,51,55,1031,518,513
LUBBOCK COUNTY,303,57 Years,3329,1654,1675,2004,983,1021,261,135,126,100,56,44,964,480,484
LUBBOCK COUNTY,303,58 Years,3307,1609,1698,2039,997,1042,265,127,138,99,52,47,904,433,471
LUBBOCK COUNTY,303,59 Years,3298,1609,1689,2067,1011,1056,231,119,112,103,51,52,897,428,469
LUBBOCK COUNTY,303,60 Years,3185,1547,1638,1989,957,1032,252,120,132,93,43,50,851,427,424
LUBBOCK COUNTY,303,61 Years,3226,1538,1688,2081,988,1093,231,105,126,89,41,48,825,404,421
LUBBOCK COUNTY,303,62 Years,3093,1466,1627,1996,951,1045,206,97,109,97,43,54,794,375,419
LUBBOCK COUNTY,303,63 Years,2918,1396,1522,1929,926,1003,209,103,106,98,48,50,682,319,363
LUBBOCK COUNTY,303,64 Years,2819,1376,1443,1902,932,970,195,102,93,75,37,38,647,305,342
LUBBOCK COUNTY,303,65 Years,2665,1260,1405,1798,851,947,186,83,103,78,32,46,603,294,309
LUBBOCK COUNTY,303,66 Years,2496,1155,1341,1671,772,899,167,76,91,69,29,40,589,278,311
LUBBOCK COUNTY,303,67 Years,2376,1116,1260,1593,762,831,160,73,87,66,27,39,557,254,303
LUBBOCK COUNTY,303,68 Years,2301,1081,1220,1570,735,835,145,62,83,69,34,35,517,250,267
LUBBOCK COUNTY,303,69 Years,2235,1053,1182,1530,729,801,132,54,78,60,28,32,513,242,271
LUBBOCK COUNTY,303,70 Years,1869,867,1002,1254,591,663,111,51,60,52,24,28,452,201,251
LUBBOCK COUNTY,303,71 Years,1802,834,968,1261,597,664,99,47,52,37,14,23,405,176,229
LUBBOCK COUNTY,303,72 Years,1685,780,905,1226,569,657,85,37,48,37,15,22,337,159,178
LUBBOCK COUNTY,303,73 Years,1657,756,901,1230,555,675,83,35,48,52,24,28,292,142,150
LUBBOCK COUNTY,303,74 Years,1541,688,853,1139,510,629,86,34,52,39,17,22,277,127,150
LUBBOCK COUNTY,303,75 Years,1431,608,823,1057,453,604,77,31,46,33,13,20,264,111,153
LUBBOCK COUNTY,303,76 Years,1321,572,749,987,430,557,72,28,44,39,14,25,223,100,123
LUBBOCK COUNTY,303,77 Years,1262,547,715,963,415,548,64,28,36,32,14,18,203,90,113
LUBBOCK COUNTY,303,78 Years,1254,524,730,937,391,546,57,23,34,30,13,17,230,97,133
LUBBOCK COUNTY,303,79 Years,1165,506,659,868,373,495,46,22,24,26,12,14,225,99,126
LUBBOCK COUNTY,303,80 Years,1121,451,670,840,333,507,47,17,30,27,11,16,207,90,117
LUBBOCK COUNTY,303,81 Years,1097,458,639,821,333,488,44,17,27,20,11,9,212,97,115
LUBBOCK COUNTY,303,82 Years,955,406,549,729,297,432,44,20,24,20,10,10,162,79,83
LUBBOCK COUNTY,303,83 Years,866,357,509,668,274,394,37,15,22,23,10,13,138,58,80
LUBBOCK COUNTY,303,84 Years,798,304,494,633,238,395,31,13,18,14,7,7,120,46,74
LUBBOCK COUNTY,303,85 Years +,4362,1557,2805,3520,1236,2284,190,66,124,68,28,40,584,227,357
LYNN COUNTY,305,All Ages,5997,3014,2983,2884,1412,1472,115,67,48,78,34,44,2920,1501,1419
LYNN COUNTY,305,< 1 Year,91,44,47,40,18,22,0,0,0,2,1,1,49,25,24
LYNN COUNTY,305,1 Years,82,40,42,38,16,22,1,1,0,2,1,1,41,22,19
LYNN COUNTY,305,2 Years,75,37,38,33,15,18,1,1,0,0,0,0,41,21,20
LYNN COUNTY,305,3 Years,80,41,39,32,16,16,1,0,1,0,0,0,47,25,22
LYNN COUNTY,305,4 Years,87,45,42,34,18,16,1,1,0,1,0,1,51,26,25
LYNN COUNTY,305,5 Years,83,43,40,35,19,16,1,1,0,0,0,0,47,23,24
LYNN COUNTY,305,6 Years,83,34,49,34,14,20,1,0,1,0,0,0,48,20,28
LYNN COUNTY,305,7 Years,81,47,34,34,18,16,1,1,0,0,0,0,46,28,18
LYNN COUNTY,305,8 Years,86,43,43,36,16,20,1,0,1,2,0,2,47,27,20
LYNN COUNTY,305,9 Years,102,45,57,40,18,22,1,1,0,2,1,1,59,25,34
LYNN COUNTY,305,10 Years,77,37,40,27,14,13,0,0,0,1,1,0,49,22,27
LYNN COUNTY,305,11 Years,82,38,44,33,12,21,0,0,0,1,0,1,48,26,22
LYNN COUNTY,305,12 Years,89,50,39,33,19,14,2,2,0,1,0,1,53,29,24
LYNN COUNTY,305,13 Years,97,53,44,34,20,14,3,3,0,2,1,1,58,29,29
LYNN COUNTY,305,14 Years,80,37,43,28,13,15,1,1,0,4,4,0,47,19,28
LYNN COUNTY,305,15 Years,85,38,47,33,16,17,2,0,2,2,1,1,48,21,27
LYNN COUNTY,305,16 Years,92,50,42,37,19,18,1,0,1,1,0,1,53,31,22
LYNN COUNTY,305,17 Years,91,52,39,27,15,12,1,1,0,3,3,0,60,33,27
LYNN COUNTY,305,18 Years,95,46,49,31,12,19,1,1,0,5,4,1,58,29,29
LYNN COUNTY,305,19 Years,88,43,45,32,11,21,1,1,0,3,2,1,52,29,23
LYNN COUNTY,305,20 Years,73,33,40,22,7,15,1,1,0,4,2,2,46,23,23
LYNN COUNTY,305,21 Years,72,36,36,30,14,16,3,3,0,2,0,2,37,19,18
LYNN COUNTY,305,22 Years,79,39,40,32,16,16,1,1,0,2,0,2,44,22,22
LYNN COUNTY,305,23 Years,100,51,49,41,19,22,5,4,1,1,1,0,53,27,26
LYNN COUNTY,305,24 Years,92,49,43,39,22,17,1,0,1,1,1,0,51,26,25
LYNN COUNTY,305,25 Years,63,36,27,25,16,9,0,0,0,1,0,1,37,20,17
LYNN COUNTY,305,26 Years,66,36,30,24,13,11,0,0,0,3,2,1,39,21,18
LYNN COUNTY,305,27 Years,48,24,24,20,10,10,1,1,0,2,1,1,25,12,13
LYNN COUNTY,305,28 Years,47,22,25,16,6,10,3,2,1,0,0,0,28,14,14
LYNN COUNTY,305,29 Years,52,28,24,25,14,11,2,1,1,0,0,0,25,13,12
LYNN COUNTY,305,30 Years,54,27,27,24,14,10,1,0,1,1,0,1,28,13,15
LYNN COUNTY,305,31 Years,57,32,25,19,10,9,0,0,0,1,0,1,37,22,15
LYNN COUNTY,305,32 Years,62,32,30,29,14,15,3,3,0,0,0,0,30,15,15
LYNN COUNTY,305,33 Years,62,34,28,25,13,12,1,1,0,0,0,0,36,20,16
LYNN COUNTY,305,34 Years,64,34,30,22,12,10,1,1,0,0,0,0,41,21,20
LYNN COUNTY,305,35 Years,61,27,34,21,9,12,3,1,2,1,0,1,36,17,19
LYNN COUNTY,305,36 Years,53,25,28,23,11,12,1,0,1,1,0,1,28,14,14
LYNN COUNTY,305,37 Years,53,25,28,23,11,12,1,1,0,0,0,0,29,13,16
LYNN COUNTY,305,38 Years,61,29,32,30,14,16,1,0,1,1,0,1,29,15,14
LYNN COUNTY,305,39 Years,61,34,27,38,20,18,0,0,0,1,1,0,22,13,9
LYNN COUNTY,305,40 Years,62,32,30,29,17,12,0,0,0,1,0,1,32,15,17
LYNN COUNTY,305,41 Years,62,30,32,28,13,15,1,0,1,2,1,1,31,16,15
LYNN COUNTY,305,42 Years,73,31,42,37,14,23,1,0,1,3,1,2,32,16,16
LYNN COUNTY,305,43 Years,51,30,21,25,14,11,0,0,0,1,0,1,25,16,9
LYNN COUNTY,305,44 Years,51,27,24,25,14,11,1,1,0,0,0,0,25,12,13
LYNN COUNTY,305,45 Years,57,28,29,29,16,13,1,0,1,0,0,0,27,12,15
LYNN COUNTY,305,46 Years,70,34,36,35,19,16,1,1,0,0,0,0,34,14,20
LYNN COUNTY,305,47 Years,70,34,36,32,15,17,1,1,0,0,0,0,37,18,19
LYNN COUNTY,305,48 Years,66,38,28,29,16,13,2,1,1,0,0,0,35,21,14
LYNN COUNTY,305,49 Years,73,41,32,31,16,15,2,1,1,1,0,1,39,24,15
LYNN COUNTY,305,50 Years,77,42,35,33,18,15,1,0,1,1,0,1,42,24,18
LYNN COUNTY,305,51 Years,89,40,49,47,19,28,1,1,0,1,0,1,40,20,20
LYNN COUNTY,305,52 Years,87,36,51,44,18,26,2,2,0,2,0,2,39,16,23
LYNN COUNTY,305,53 Years,94,44,50,52,22,30,2,1,1,2,1,1,38,20,18
LYNN COUNTY,305,54 Years,94,50,44,48,24,24,2,1,1,1,1,0,43,24,19
LYNN COUNTY,305,55 Years,80,43,37,44,24,20,2,1,1,0,0,0,34,18,16
LYNN COUNTY,305,56 Years,87,43,44,44,19,25,0,0,0,0,0,0,43,24,19
LYNN COUNTY,305,57 Years,98,52,46,52,28,24,3,1,2,0,0,0,43,23,20
LYNN COUNTY,305,58 Years,88,51,37,51,32,19,2,1,1,0,0,0,35,18,17
LYNN COUNTY,305,59 Years,87,44,43,50,27,23,1,1,0,0,0,0,36,16,20
LYNN COUNTY,305,60 Years,80,46,34,48,29,19,2,1,1,0,0,0,30,16,14
LYNN COUNTY,305,61 Years,86,46,40,49,27,22,2,1,1,0,0,0,35,18,17
LYNN COUNTY,305,62 Years,81,39,42,47,19,28,3,1,2,0,0,0,31,19,12
LYNN COUNTY,305,63 Years,73,36,37,42,19,23,3,1,2,0,0,0,28,16,12
LYNN COUNTY,305,64 Years,71,43,28,49,26,23,0,0,0,0,0,0,22,17,5
LYNN COUNTY,305,65 Years,72,42,30,43,24,19,0,0,0,0,0,0,29,18,11
LYNN COUNTY,305,66 Years,65,37,28,42,26,16,3,2,1,0,0,0,20,9,11
LYNN COUNTY,305,67 Years,68,38,30,42,26,16,2,1,1,1,0,1,23,11,12
LYNN COUNTY,305,68 Years,56,32,24,34,20,14,2,1,1,1,1,0,19,10,9
LYNN COUNTY,305,69 Years,57,31,26,37,19,18,2,1,1,0,0,0,18,11,7
LYNN COUNTY,305,70 Years,54,27,27,31,14,17,0,0,0,1,0,1,22,13,9
LYNN COUNTY,305,71 Years,51,28,23,29,15,14,1,0,1,1,0,1,20,13,7
LYNN COUNTY,305,72 Years,52,21,31,35,14,21,1,0,1,0,0,0,16,7,9
LYNN COUNTY,305,73 Years,56,27,29,34,15,19,1,1,0,0,0,0,21,11,10
LYNN COUNTY,305,74 Years,50,23,27,36,14,22,0,0,0,1,1,0,13,8,5
LYNN COUNTY,305,75 Years,49,22,27,35,14,21,1,1,0,0,0,0,13,7,6
LYNN COUNTY,305,76 Years,40,16,24,28,12,16,1,0,1,1,0,1,10,4,6
LYNN COUNTY,305,77 Years,47,24,23,33,18,15,1,0,1,1,0,1,12,6,6
LYNN COUNTY,305,78 Years,44,20,24,27,13,14,3,2,1,2,1,1,12,4,8
LYNN COUNTY,305,79 Years,43,16,27,25,11,14,1,1,0,0,0,0,17,4,13
LYNN COUNTY,305,80 Years,36,14,22,20,8,12,2,1,1,0,0,0,14,5,9
LYNN COUNTY,305,81 Years,37,13,24,19,6,13,1,0,1,0,0,0,17,7,10
LYNN COUNTY,305,82 Years,33,14,19,18,8,10,1,1,0,0,0,0,14,5,9
LYNN COUNTY,305,83 Years,26,11,15,15,7,8,1,0,1,0,0,0,10,4,6
LYNN COUNTY,305,84 Years,19,10,9,13,6,7,0,0,0,0,0,0,6,4,2
LYNN COUNTY,305,85 Years +,129,52,77,89,33,56,5,2,3,0,0,0,35,17,18
MCCULLOCH COUNTY,307,All Ages,8244,4081,4163,5325,2594,2731,119,59,60,138,70,68,2662,1358,1304
MCCULLOCH COUNTY,307,< 1 Year,90,43,47,47,22,25,0,0,0,8,4,4,35,17,18
MCCULLOCH COUNTY,307,1 Years,87,41,46,45,22,23,1,0,1,6,3,3,35,16,19
MCCULLOCH COUNTY,307,2 Years,86,45,41,48,25,23,0,0,0,3,2,1,35,18,17
MCCULLOCH COUNTY,307,3 Years,88,46,42,47,25,22,0,0,0,6,4,2,35,17,18
MCCULLOCH COUNTY,307,4 Years,97,49,48,51,26,25,0,0,0,7,3,4,39,20,19
MCCULLOCH COUNTY,307,5 Years,103,52,51,54,27,27,0,0,0,6,2,4,43,23,20
MCCULLOCH COUNTY,307,6 Years,102,54,48,58,30,28,0,0,0,3,1,2,41,23,18
MCCULLOCH COUNTY,307,7 Years,105,58,47,55,30,25,2,1,1,3,2,1,45,25,20
MCCULLOCH COUNTY,307,8 Years,98,52,46,47,23,24,2,1,1,2,2,0,47,26,21
MCCULLOCH COUNTY,307,9 Years,110,62,48,62,35,27,1,1,0,2,2,0,45,24,21
MCCULLOCH COUNTY,307,10 Years,109,61,48,57,33,24,1,1,0,2,0,2,49,27,22
MCCULLOCH COUNTY,307,11 Years,114,56,58,61,33,28,0,0,0,2,1,1,51,22,29
MCCULLOCH COUNTY,307,12 Years,110,56,54,55,31,24,1,0,1,1,1,0,53,24,29
MCCULLOCH COUNTY,307,13 Years,97,50,47,46,26,20,1,0,1,2,1,1,48,23,25
MCCULLOCH COUNTY,307,14 Years,112,65,47,54,33,21,3,1,2,2,1,1,53,30,23
MCCULLOCH COUNTY,307,15 Years,107,57,50,58,31,27,2,1,1,1,0,1,46,25,21
MCCULLOCH COUNTY,307,16 Years,107,53,54,62,33,29,2,0,2,1,0,1,42,20,22
MCCULLOCH COUNTY,307,17 Years,123,61,62,73,38,35,0,0,0,0,0,0,50,23,27
MCCULLOCH COUNTY,307,18 Years,122,58,64,67,34,33,4,1,3,2,0,2,49,23,26
MCCULLOCH COUNTY,307,19 Years,101,49,52,50,25,25,5,2,3,2,1,1,44,21,23
MCCULLOCH COUNTY,307,20 Years,96,48,48,47,22,25,4,3,1,2,1,1,43,22,21
MCCULLOCH COUNTY,307,21 Years,90,42,48,54,25,29,1,0,1,1,0,1,34,17,17
MCCULLOCH COUNTY,307,22 Years,107,49,58,61,26,35,0,0,0,1,1,0,45,22,23
MCCULLOCH COUNTY,307,23 Years,108,61,47,60,33,27,3,0,3,3,3,0,42,25,17
MCCULLOCH COUNTY,307,24 Years,95,56,39,52,30,22,1,0,1,2,1,1,40,25,15
MCCULLOCH COUNTY,307,25 Years,72,40,32,41,22,19,1,0,1,0,0,0,30,18,12
MCCULLOCH COUNTY,307,26 Years,79,42,37,44,22,22,0,0,0,0,0,0,35,20,15
MCCULLOCH COUNTY,307,27 Years,70,31,39,38,16,22,0,0,0,0,0,0,32,15,17
MCCULLOCH COUNTY,307,28 Years,74,41,33,37,21,16,3,3,0,0,0,0,34,17,17
MCCULLOCH COUNTY,307,29 Years,71,33,38,38,19,19,2,1,1,1,0,1,30,13,17
MCCULLOCH COUNTY,307,30 Years,72,35,37,35,17,18,1,1,0,1,0,1,35,17,18
MCCULLOCH COUNTY,307,31 Years,75,44,31,44,29,15,1,1,0,1,0,1,29,14,15
MCCULLOCH COUNTY,307,32 Years,72,42,30,46,24,22,1,1,0,1,0,1,24,17,7
MCCULLOCH COUNTY,307,33 Years,83,42,41,51,21,30,1,0,1,3,2,1,28,19,9
MCCULLOCH COUNTY,307,34 Years,82,41,41,50,22,28,1,0,1,1,0,1,30,19,11
MCCULLOCH COUNTY,307,35 Years,82,40,42,46,21,25,2,2,0,0,0,0,34,17,17
MCCULLOCH COUNTY,307,36 Years,78,37,41,48,24,24,1,1,0,0,0,0,29,12,17
MCCULLOCH COUNTY,307,37 Years,70,35,35,46,24,22,0,0,0,1,1,0,23,10,13
MCCULLOCH COUNTY,307,38 Years,76,41,35,56,31,25,1,0,1,1,0,1,18,10,8
MCCULLOCH COUNTY,307,39 Years,75,33,42,50,24,26,1,0,1,1,0,1,23,9,14
MCCULLOCH COUNTY,307,40 Years,82,43,39,51,24,27,4,3,1,1,1,0,26,15,11
MCCULLOCH COUNTY,307,41 Years,92,50,42,60,28,32,2,1,1,1,1,0,29,20,9
MCCULLOCH COUNTY,307,42 Years,85,43,42,53,24,29,1,0,1,1,1,0,30,18,12
MCCULLOCH COUNTY,307,43 Years,70,34,36,44,22,22,1,0,1,0,0,0,25,12,13
MCCULLOCH COUNTY,307,44 Years,73,41,32,48,28,20,1,0,1,1,1,0,23,12,11
MCCULLOCH COUNTY,307,45 Years,95,46,49,67,33,34,1,0,1,1,1,0,26,12,14
MCCULLOCH COUNTY,307,46 Years,81,40,41,53,27,26,1,0,1,2,0,2,25,13,12
MCCULLOCH COUNTY,307,47 Years,93,43,50,65,33,32,1,1,0,0,0,0,27,9,18
MCCULLOCH COUNTY,307,48 Years,89,36,53,54,23,31,0,0,0,1,0,1,34,13,21
MCCULLOCH COUNTY,307,49 Years,94,38,56,61,25,36,1,0,1,2,0,2,30,13,17
MCCULLOCH COUNTY,307,50 Years,106,47,59,70,31,39,1,0,1,3,2,1,32,14,18
MCCULLOCH COUNTY,307,51 Years,107,61,46,72,40,32,0,0,0,2,1,1,33,20,13
MCCULLOCH COUNTY,307,52 Years,99,52,47,66,33,33,3,2,1,1,1,0,29,16,13
MCCULLOCH COUNTY,307,53 Years,120,58,62,83,38,45,2,2,0,1,1,0,34,17,17
MCCULLOCH COUNTY,307,54 Years,110,52,58,72,34,38,1,1,0,1,1,0,36,16,20
MCCULLOCH COUNTY,307,55 Years,109,55,54,76,36,40,0,0,0,2,2,0,31,17,14
MCCULLOCH COUNTY,307,56 Years,98,47,51,71,29,42,1,1,0,1,1,0,25,16,9
MCCULLOCH COUNTY,307,57 Years,116,55,61,79,34,45,2,1,1,1,0,1,34,20,14
MCCULLOCH COUNTY,307,58 Years,127,62,65,92,42,50,2,1,1,1,0,1,32,19,13
MCCULLOCH COUNTY,307,59 Years,127,62,65,95,46,49,3,1,2,2,1,1,27,14,13
MCCULLOCH COUNTY,307,60 Years,138,62,76,101,42,59,3,2,1,2,1,1,32,17,15
MCCULLOCH COUNTY,307,61 Years,138,64,74,102,45,57,4,1,3,3,2,1,29,16,13
MCCULLOCH COUNTY,307,62 Years,125,65,60,89,46,43,3,1,2,2,2,0,31,16,15
MCCULLOCH COUNTY,307,63 Years,131,60,71,97,44,53,3,2,1,2,1,1,29,13,16
MCCULLOCH COUNTY,307,64 Years,107,50,57,85,36,49,2,2,0,0,0,0,20,12,8
MCCULLOCH COUNTY,307,65 Years,110,58,52,83,40,43,4,3,1,2,2,0,21,13,8
MCCULLOCH COUNTY,307,66 Years,107,54,53,80,38,42,3,2,1,2,2,0,22,12,10
MCCULLOCH COUNTY,307,67 Years,119,56,63,90,43,47,1,1,0,2,1,1,26,11,15
MCCULLOCH COUNTY,307,68 Years,129,63,66,98,49,49,2,1,1,2,0,2,27,13,14
MCCULLOCH COUNTY,307,69 Years,135,68,67,105,54,51,2,1,1,0,0,0,28,13,15
MCCULLOCH COUNTY,307,70 Years,114,56,58,89,46,43,0,0,0,0,0,0,25,10,15
MCCULLOCH COUNTY,307,71 Years,103,51,52,80,40,40,0,0,0,0,0,0,23,11,12
MCCULLOCH COUNTY,307,72 Years,96,53,43,74,40,34,0,0,0,0,0,0,22,13,9
MCCULLOCH COUNTY,307,73 Years,102,51,51,80,41,39,2,1,1,2,0,2,18,9,9
MCCULLOCH COUNTY,307,74 Years,82,40,42,66,34,32,0,0,0,2,0,2,14,6,8
MCCULLOCH COUNTY,307,75 Years,74,38,36,55,28,27,1,1,0,1,0,1,17,9,8
MCCULLOCH COUNTY,307,76 Years,72,37,35,53,27,26,2,0,2,1,1,0,16,9,7
MCCULLOCH COUNTY,307,77 Years,59,26,33,44,20,24,0,0,0,1,0,1,14,6,8
MCCULLOCH COUNTY,307,78 Years,59,26,33,42,19,23,0,0,0,1,1,0,16,6,10
MCCULLOCH COUNTY,307,79 Years,67,32,35,45,23,22,0,0,0,1,0,1,21,9,12
MCCULLOCH COUNTY,307,80 Years,61,27,34,42,19,23,1,0,1,1,0,1,17,8,9
MCCULLOCH COUNTY,307,81 Years,56,21,35,44,15,29,0,0,0,0,0,0,12,6,6
MCCULLOCH COUNTY,307,82 Years,51,23,28,39,18,21,0,0,0,0,0,0,12,5,7
MCCULLOCH COUNTY,307,83 Years,44,17,27,32,14,18,1,1,0,1,0,1,10,2,8
MCCULLOCH COUNTY,307,84 Years,41,18,23,27,12,15,1,1,0,2,2,0,11,3,8
MCCULLOCH COUNTY,307,85 Years +,256,99,157,210,76,134,6,3,3,2,1,1,38,19,19
MCLENNAN COUNTY,309,All Ages,251352,123219,128133,135262,66060,69202,37429,17704,19725,9631,4397,5234,69030,35058,33972
MCLENNAN COUNTY,309,< 1 Year,3566,1798,1768,1391,720,671,660,332,328,186,88,98,1329,658,671
MCLENNAN COUNTY,309,1 Years,3646,1853,1793,1433,733,700,649,330,319,210,104,106,1354,686,668
MCLENNAN COUNTY,309,2 Years,3695,1894,1801,1444,738,706,650,333,317,234,119,115,1367,704,663
MCLENNAN COUNTY,309,3 Years,3649,1880,1769,1433,734,699,655,338,317,234,119,115,1327,689,638
MCLENNAN COUNTY,309,4 Years,3585,1860,1725,1423,736,687,635,331,304,224,114,110,1303,679,624
MCLENNAN COUNTY,309,5 Years,3605,1844,1761,1444,737,707,622,317,305,232,116,116,1307,674,633
MCLENNAN COUNTY,309,6 Years,3469,1778,1691,1395,722,673,585,298,287,191,95,96,1298,663,635
MCLENNAN COUNTY,309,7 Years,3324,1715,1609,1332,690,642,506,253,253,184,92,92,1302,680,622
MCLENNAN COUNTY,309,8 Years,3388,1749,1639,1337,695,642,511,256,255,186,93,93,1354,705,649
MCLENNAN COUNTY,309,9 Years,3372,1760,1612,1350,720,630,529,269,260,159,76,83,1334,695,639
MCLENNAN COUNTY,309,10 Years,3399,1786,1613,1373,750,623,566,285,281,144,69,75,1316,682,634
MCLENNAN COUNTY,309,11 Years,3332,1702,1630,1329,698,631,522,265,257,139,62,77,1342,677,665
MCLENNAN COUNTY,309,12 Years,3410,1743,1667,1369,694,675,554,287,267,154,72,82,1333,690,643
MCLENNAN COUNTY,309,13 Years,3418,1713,1705,1371,683,688,544,268,276,163,81,82,1340,681,659
MCLENNAN COUNTY,309,14 Years,3503,1793,1710,1445,743,702,510,251,259,152,69,83,1396,730,666
MCLENNAN COUNTY,309,15 Years,3485,1770,1715,1410,704,706,567,290,277,160,75,85,1348,701,647
MCLENNAN COUNTY,309,16 Years,3449,1781,1668,1431,736,695,574,300,274,157,77,80,1287,668,619
MCLENNAN COUNTY,309,17 Years,3621,1902,1719,1599,844,755,582,311,271,155,73,82,1285,674,611
MCLENNAN COUNTY,309,18 Years,4404,2212,2192,2239,1117,1122,600,295,305,240,116,124,1325,684,641
MCLENNAN COUNTY,309,19 Years,5494,2681,2813,3124,1560,1564,580,266,314,337,139,198,1453,716,737
MCLENNAN COUNTY,309,20 Years,5198,2478,2720,2930,1357,1573,586,317,269,262,109,153,1420,695,725
MCLENNAN COUNTY,309,21 Years,5202,2621,2581,2827,1411,1416,646,348,298,273,120,153,1456,742,714
MCLENNAN COUNTY,309,22 Years,5128,2572,2556,2736,1376,1360,697,362,335,197,86,111,1498,748,750
MCLENNAN COUNTY,309,23 Years,4487,2332,2155,2163,1101,1062,650,354,296,209,95,114,1465,782,683
MCLENNAN COUNTY,309,24 Years,4456,2271,2185,2099,1061,1038,644,332,312,228,95,133,1485,783,702
MCLENNAN COUNTY,309,25 Years,4661,2298,2363,2184,1056,1128,721,346,375,282,123,159,1474,773,701
MCLENNAN COUNTY,309,26 Years,4245,2145,2100,1915,988,927,714,335,379,260,113,147,1356,709,647
MCLENNAN COUNTY,309,27 Years,3976,1996,1980,1838,949,889,633,282,351,245,113,132,1260,652,608
MCLENNAN COUNTY,309,28 Years,3670,1820,1850,1682,844,838,560,237,323,205,106,99,1223,633,590
MCLENNAN COUNTY,309,29 Years,3431,1675,1756,1600,777,823,520,231,289,140,66,74,1171,601,570
MCLENNAN COUNTY,309,30 Years,3189,1566,1623,1520,748,772,481,220,261,102,51,51,1086,547,539
MCLENNAN COUNTY,309,31 Years,2924,1503,1421,1312,667,645,483,245,238,98,47,51,1031,544,487
MCLENNAN COUNTY,309,32 Years,2899,1454,1445,1336,663,673,459,223,236,85,43,42,1019,525,494
MCLENNAN COUNTY,309,33 Years,2874,1422,1452,1294,644,650,454,205,249,88,47,41,1038,526,512
MCLENNAN COUNTY,309,34 Years,2813,1387,1426,1274,644,630,444,202,242,101,43,58,994,498,496
MCLENNAN COUNTY,309,35 Years,2840,1410,1430,1331,679,652,455,200,255,90,40,50,964,491,473
MCLENNAN COUNTY,309,36 Years,2945,1436,1509,1362,688,674,512,217,295,88,35,53,983,496,487
MCLENNAN COUNTY,309,37 Years,2769,1359,1410,1357,688,669,470,207,263,94,37,57,848,427,421
MCLENNAN COUNTY,309,38 Years,2716,1374,1342,1367,695,672,432,214,218,84,36,48,833,429,404
MCLENNAN COUNTY,309,39 Years,2623,1296,1327,1317,660,657,411,183,228,85,38,47,810,415,395
MCLENNAN COUNTY,309,40 Years,2628,1283,1345,1296,649,647,431,185,246,96,43,53,805,406,399
MCLENNAN COUNTY,309,41 Years,2671,1295,1376,1360,685,675,418,185,233,93,43,50,800,382,418
MCLENNAN COUNTY,309,42 Years,2593,1254,1339,1354,655,699,409,177,232,85,41,44,745,381,364
MCLENNAN COUNTY,309,43 Years,2561,1223,1338,1359,671,688,384,169,215,87,42,45,731,341,390
MCLENNAN COUNTY,309,44 Years,2753,1317,1436,1495,726,769,397,188,209,88,33,55,773,370,403
MCLENNAN COUNTY,309,45 Years,2800,1339,1461,1590,772,818,415,187,228,93,38,55,702,342,360
MCLENNAN COUNTY,309,46 Years,2824,1385,1439,1616,794,822,417,196,221,91,38,53,700,357,343
MCLENNAN COUNTY,309,47 Years,2682,1284,1398,1565,753,812,394,183,211,84,34,50,639,314,325
MCLENNAN COUNTY,309,48 Years,2624,1259,1365,1505,732,773,378,173,205,80,34,46,661,320,341
MCLENNAN COUNTY,309,49 Years,2639,1246,1393,1511,729,782,394,173,221,74,33,41,660,311,349
MCLENNAN COUNTY,309,50 Years,2685,1294,1391,1563,743,820,418,199,219,67,28,39,637,324,313
MCLENNAN COUNTY,309,51 Years,3040,1442,1598,1827,856,971,468,219,249,80,37,43,665,330,335
MCLENNAN COUNTY,309,52 Years,2950,1456,1494,1800,888,912,424,191,233,73,34,39,653,343,310
MCLENNAN COUNTY,309,53 Years,2894,1432,1462,1775,881,894,426,198,228,68,35,33,625,318,307
MCLENNAN COUNTY,309,54 Years,3043,1548,1495,1875,937,938,453,230,223,78,40,38,637,341,296
MCLENNAN COUNTY,309,55 Years,3077,1505,1572,1905,942,963,469,212,257,82,35,47,621,316,305
MCLENNAN COUNTY,309,56 Years,3122,1528,1594,1967,958,1009,495,242,253,77,32,45,583,296,287
MCLENNAN COUNTY,309,57 Years,3077,1529,1548,1954,967,987,475,230,245,75,37,38,573,295,278
MCLENNAN COUNTY,309,58 Years,3019,1443,1576,1991,960,1031,461,202,259,70,31,39,497,250,247
MCLENNAN COUNTY,309,59 Years,3020,1470,1550,2002,980,1022,479,215,264,65,27,38,474,248,226
MCLENNAN COUNTY,309,60 Years,2985,1433,1552,1964,942,1022,474,212,262,66,31,35,481,248,233
MCLENNAN COUNTY,309,61 Years,2978,1402,1576,1993,951,1042,471,206,265,72,31,41,442,214,228
MCLENNAN COUNTY,309,62 Years,2791,1325,1466,1898,909,989,435,190,245,62,28,34,396,198,198
MCLENNAN COUNTY,309,63 Years,2795,1338,1457,1923,935,988,419,184,235,51,18,33,402,201,201
MCLENNAN COUNTY,309,64 Years,2615,1208,1407,1842,869,973,391,151,240,49,17,32,333,171,162
MCLENNAN COUNTY,309,65 Years,2434,1153,1281,1701,807,894,359,161,198,49,18,31,325,167,158
MCLENNAN COUNTY,309,66 Years,2372,1140,1232,1689,816,873,315,144,171,57,25,32,311,155,156
MCLENNAN COUNTY,309,67 Years,2360,1144,1216,1696,832,864,324,148,176,52,24,28,288,140,148
MCLENNAN COUNTY,309,68 Years,2288,1092,1196,1696,813,883,288,134,154,51,20,31,253,125,128
MCLENNAN COUNTY,309,69 Years,2176,1017,1159,1643,771,872,246,109,137,48,18,30,239,119,120
MCLENNAN COUNTY,309,70 Years,1769,821,948,1302,611,691,205,87,118,44,15,29,218,108,110
MCLENNAN COUNTY,309,71 Years,1710,799,911,1275,604,671,208,90,118,32,12,20,195,93,102
MCLENNAN COUNTY,309,72 Years,1660,760,900,1243,589,654,190,77,113,28,8,20,199,86,113
MCLENNAN COUNTY,309,73 Years,1577,726,851,1200,563,637,176,73,103,31,15,16,170,75,95
MCLENNAN COUNTY,309,74 Years,1466,654,812,1126,511,615,159,61,98,36,18,18,145,64,81
MCLENNAN COUNTY,309,75 Years,1343,587,756,1030,456,574,149,65,84,27,9,18,137,57,80
MCLENNAN COUNTY,309,76 Years,1262,560,702,969,437,532,141,60,81,24,8,16,128,55,73
MCLENNAN COUNTY,309,77 Years,1191,529,662,926,424,502,129,47,82,18,7,11,118,51,67
MCLENNAN COUNTY,309,78 Years,1170,530,640,899,416,483,135,54,81,22,9,13,114,51,63
MCLENNAN COUNTY,309,79 Years,1032,459,573,790,358,432,123,45,78,20,11,9,99,45,54
MCLENNAN COUNTY,309,80 Years,1007,420,587,782,335,447,107,39,68,18,9,9,100,37,63
MCLENNAN COUNTY,309,81 Years,964,410,554,761,332,429,98,37,61,12,7,5,93,34,59
MCLENNAN COUNTY,309,82 Years,889,357,532,701,286,415,87,29,58,12,6,6,89,36,53
MCLENNAN COUNTY,309,83 Years,815,331,484,639,260,379,91,33,58,10,3,7,75,35,40
MCLENNAN COUNTY,309,84 Years,736,306,430,582,241,341,76,31,45,13,4,9,65,30,35
MCLENNAN COUNTY,309,85 Years +,4405,1557,2848,3566,1264,2302,455,148,307,64,19,45,320,126,194
MCMULLEN COUNTY,311,All Ages,866,441,425,495,249,246,10,6,4,8,2,6,353,184,169
MCMULLEN COUNTY,311,< 1 Year,13,4,9,2,0,2,0,0,0,1,0,1,10,4,6
MCMULLEN COUNTY,311,1 Years,11,5,6,1,0,1,0,0,0,0,0,0,10,5,5
MCMULLEN COUNTY,311,2 Years,11,5,6,1,0,1,0,0,0,0,0,0,10,5,5
MCMULLEN COUNTY,311,3 Years,12,4,8,1,0,1,0,0,0,0,0,0,11,4,7
MCMULLEN COUNTY,311,4 Years,13,6,7,3,0,3,0,0,0,0,0,0,10,6,4
MCMULLEN COUNTY,311,5 Years,10,7,3,3,1,2,0,0,0,0,0,0,7,6,1
MCMULLEN COUNTY,311,6 Years,6,1,5,1,0,1,0,0,0,0,0,0,5,1,4
MCMULLEN COUNTY,311,7 Years,5,2,3,1,0,1,0,0,0,0,0,0,4,2,2
MCMULLEN COUNTY,311,8 Years,6,2,4,4,2,2,0,0,0,0,0,0,2,0,2
MCMULLEN COUNTY,311,9 Years,8,5,3,7,4,3,0,0,0,0,0,0,1,1,0
MCMULLEN COUNTY,311,10 Years,7,6,1,3,2,1,0,0,0,0,0,0,4,4,0
MCMULLEN COUNTY,311,11 Years,9,5,4,5,3,2,0,0,0,0,0,0,4,2,2
MCMULLEN COUNTY,311,12 Years,4,4,0,2,2,0,0,0,0,0,0,0,2,2,0
MCMULLEN COUNTY,311,13 Years,5,2,3,2,1,1,1,1,0,0,0,0,2,0,2
MCMULLEN COUNTY,311,14 Years,8,2,6,3,1,2,0,0,0,0,0,0,5,1,4
MCMULLEN COUNTY,311,15 Years,10,5,5,6,4,2,0,0,0,0,0,0,4,1,3
MCMULLEN COUNTY,311,16 Years,7,5,2,2,2,0,0,0,0,0,0,0,5,3,2
MCMULLEN COUNTY,311,17 Years,14,8,6,4,2,2,0,0,0,0,0,0,10,6,4
MCMULLEN COUNTY,311,18 Years,16,9,7,6,4,2,1,1,0,0,0,0,9,4,5
MCMULLEN COUNTY,311,19 Years,7,2,5,3,1,2,1,1,0,0,0,0,3,0,3
MCMULLEN COUNTY,311,20 Years,5,3,2,1,1,0,0,0,0,0,0,0,4,2,2
MCMULLEN COUNTY,311,21 Years,7,5,2,3,2,1,0,0,0,0,0,0,4,3,1
MCMULLEN COUNTY,311,22 Years,4,3,1,1,1,0,0,0,0,0,0,0,3,2,1
MCMULLEN COUNTY,311,23 Years,8,3,5,5,2,3,0,0,0,0,0,0,3,1,2
MCMULLEN COUNTY,311,24 Years,13,7,6,6,2,4,0,0,0,0,0,0,7,5,2
MCMULLEN COUNTY,311,25 Years,8,4,4,3,0,3,1,1,0,0,0,0,4,3,1
MCMULLEN COUNTY,311,26 Years,11,8,3,3,2,1,0,0,0,0,0,0,8,6,2
MCMULLEN COUNTY,311,27 Years,8,3,5,2,0,2,0,0,0,0,0,0,6,3,3
MCMULLEN COUNTY,311,28 Years,5,2,3,2,0,2,0,0,0,0,0,0,3,2,1
MCMULLEN COUNTY,311,29 Years,8,3,5,2,1,1,0,0,0,0,0,0,6,2,4
MCMULLEN COUNTY,311,30 Years,6,3,3,1,0,1,0,0,0,0,0,0,5,3,2
MCMULLEN COUNTY,311,31 Years,10,7,3,6,3,3,0,0,0,0,0,0,4,4,0
MCMULLEN COUNTY,311,32 Years,8,4,4,7,3,4,0,0,0,0,0,0,1,1,0
MCMULLEN COUNTY,311,33 Years,8,3,5,6,3,3,0,0,0,0,0,0,2,0,2
MCMULLEN COUNTY,311,34 Years,5,2,3,3,2,1,0,0,0,0,0,0,2,0,2
MCMULLEN COUNTY,311,35 Years,6,4,2,3,2,1,0,0,0,0,0,0,3,2,1
MCMULLEN COUNTY,311,36 Years,10,4,6,4,2,2,1,0,1,2,0,2,3,2,1
MCMULLEN COUNTY,311,37 Years,8,4,4,6,3,3,1,0,1,0,0,0,1,1,0
MCMULLEN COUNTY,311,38 Years,7,5,2,4,4,0,0,0,0,0,0,0,3,1,2
MCMULLEN COUNTY,311,39 Years,5,2,3,3,1,2,0,0,0,0,0,0,2,1,1
MCMULLEN COUNTY,311,40 Years,6,2,4,2,0,2,0,0,0,0,0,0,4,2,2
MCMULLEN COUNTY,311,41 Years,5,2,3,3,1,2,0,0,0,0,0,0,2,1,1
MCMULLEN COUNTY,311,42 Years,7,3,4,5,3,2,0,0,0,0,0,0,2,0,2
MCMULLEN COUNTY,311,43 Years,5,2,3,3,1,2,0,0,0,0,0,0,2,1,1
MCMULLEN COUNTY,311,44 Years,7,4,3,3,3,0,0,0,0,0,0,0,4,1,3
MCMULLEN COUNTY,311,45 Years,6,3,3,3,2,1,0,0,0,0,0,0,3,1,2
MCMULLEN COUNTY,311,46 Years,7,2,5,5,1,4,0,0,0,0,0,0,2,1,1
MCMULLEN COUNTY,311,47 Years,12,9,3,5,3,2,0,0,0,0,0,0,7,6,1
MCMULLEN COUNTY,311,48 Years,8,3,5,3,1,2,1,1,0,0,0,0,4,1,3
MCMULLEN COUNTY,311,49 Years,10,3,7,7,3,4,0,0,0,0,0,0,3,0,3
MCMULLEN COUNTY,311,50 Years,14,6,8,8,3,5,0,0,0,2,0,2,4,3,1
MCMULLEN COUNTY,311,51 Years,18,8,10,7,2,5,0,0,0,1,0,1,10,6,4
MCMULLEN COUNTY,311,52 Years,7,4,3,3,2,1,0,0,0,0,0,0,4,2,2
MCMULLEN COUNTY,311,53 Years,7,4,3,5,4,1,0,0,0,0,0,0,2,0,2
MCMULLEN COUNTY,311,54 Years,10,5,5,5,3,2,0,0,0,0,0,0,5,2,3
MCMULLEN COUNTY,311,55 Years,16,6,10,11,4,7,0,0,0,0,0,0,5,2,3
MCMULLEN COUNTY,311,56 Years,11,5,6,8,4,4,0,0,0,0,0,0,3,1,2
MCMULLEN COUNTY,311,57 Years,14,9,5,7,4,3,0,0,0,0,0,0,7,5,2
MCMULLEN COUNTY,311,58 Years,13,9,4,8,6,2,1,0,1,0,0,0,4,3,1
MCMULLEN COUNTY,311,59 Years,11,6,5,5,3,2,0,0,0,0,0,0,6,3,3
MCMULLEN COUNTY,311,60 Years,24,12,12,17,9,8,0,0,0,0,0,0,7,3,4
MCMULLEN COUNTY,311,61 Years,22,12,10,16,9,7,0,0,0,0,0,0,6,3,3
MCMULLEN COUNTY,311,62 Years,13,4,9,9,3,6,0,0,0,0,0,0,4,1,3
MCMULLEN COUNTY,311,63 Years,14,8,6,11,7,4,0,0,0,0,0,0,3,1,2
MCMULLEN COUNTY,311,64 Years,9,3,6,8,3,5,0,0,0,0,0,0,1,0,1
MCMULLEN COUNTY,311,65 Years,10,7,3,7,5,2,0,0,0,0,0,0,3,2,1
MCMULLEN COUNTY,311,66 Years,10,6,4,6,3,3,0,0,0,0,0,0,4,3,1
MCMULLEN COUNTY,311,67 Years,13,7,6,10,5,5,0,0,0,0,0,0,3,2,1
MCMULLEN COUNTY,311,68 Years,8,5,3,7,4,3,0,0,0,0,0,0,1,1,0
MCMULLEN COUNTY,311,69 Years,11,5,6,9,4,5,0,0,0,0,0,0,2,1,1
MCMULLEN COUNTY,311,70 Years,7,2,5,5,2,3,0,0,0,0,0,0,2,0,2
MCMULLEN COUNTY,311,71 Years,16,8,8,10,6,4,0,0,0,0,0,0,6,2,4
MCMULLEN COUNTY,311,72 Years,12,5,7,9,5,4,0,0,0,0,0,0,3,0,3
MCMULLEN COUNTY,311,73 Years,6,2,4,4,2,2,0,0,0,0,0,0,2,0,2
MCMULLEN COUNTY,311,74 Years,16,8,8,11,4,7,0,0,0,0,0,0,5,4,1
MCMULLEN COUNTY,311,75 Years,11,7,4,10,6,4,0,0,0,0,0,0,1,1,0
MCMULLEN COUNTY,311,76 Years,15,14,1,11,10,1,0,0,0,0,0,0,4,4,0
MCMULLEN COUNTY,311,77 Years,8,5,3,4,2,2,0,0,0,0,0,0,4,3,1
MCMULLEN COUNTY,311,78 Years,16,5,11,11,2,9,0,0,0,0,0,0,5,3,2
MCMULLEN COUNTY,311,79 Years,17,7,10,16,6,10,0,0,0,0,0,0,1,1,0
MCMULLEN COUNTY,311,80 Years,11,6,5,11,6,5,0,0,0,0,0,0,0,0,0
MCMULLEN COUNTY,311,81 Years,10,8,2,9,7,2,1,1,0,0,0,0,0,0,0
MCMULLEN COUNTY,311,82 Years,5,3,2,3,2,1,0,0,0,0,0,0,2,1,1
MCMULLEN COUNTY,311,83 Years,11,4,7,9,3,6,0,0,0,0,0,0,2,1,1
MCMULLEN COUNTY,311,84 Years,14,6,8,11,5,6,1,0,1,0,0,0,2,1,1
MCMULLEN COUNTY,311,85 Years +,31,19,12,24,13,11,0,0,0,2,2,0,5,4,1
MADISON COUNTY,313,All Ages,14273,8169,6104,8140,4293,3847,2692,1765,927,376,183,193,3065,1928,1137
MADISON COUNTY,313,< 1 Year,155,77,78,79,41,38,20,10,10,18,5,13,38,21,17
MADISON COUNTY,313,1 Years,159,81,78,79,41,38,22,11,11,14,5,9,44,24,20
MADISON COUNTY,313,2 Years,156,82,74,74,38,36,20,10,10,14,9,5,48,25,23
MADISON COUNTY,313,3 Years,159,84,75,73,39,34,23,13,10,15,10,5,48,22,26
MADISON COUNTY,313,4 Years,152,80,72,70,36,34,19,10,9,19,13,6,44,21,23
MADISON COUNTY,313,5 Years,165,83,82,73,39,34,21,11,10,27,11,16,44,22,22
MADISON COUNTY,313,6 Years,171,88,83,86,49,37,23,11,12,17,6,11,45,22,23
MADISON COUNTY,313,7 Years,159,80,79,86,46,40,21,9,12,17,6,11,35,19,16
MADISON COUNTY,313,8 Years,159,81,78,78,41,37,23,12,11,13,3,10,45,25,20
MADISON COUNTY,313,9 Years,163,85,78,79,42,37,33,17,16,9,4,5,42,22,20
MADISON COUNTY,313,10 Years,163,77,86,76,34,42,35,13,22,7,4,3,45,26,19
MADISON COUNTY,313,11 Years,161,84,77,81,44,37,29,12,17,9,3,6,42,25,17
MADISON COUNTY,313,12 Years,158,84,74,85,46,39,24,14,10,10,2,8,39,22,17
MADISON COUNTY,313,13 Years,157,75,82,82,41,41,27,10,17,6,0,6,42,24,18
MADISON COUNTY,313,14 Years,179,95,84,85,49,36,34,19,15,5,3,2,55,24,31
MADISON COUNTY,313,15 Years,174,98,76,87,51,36,29,17,12,5,5,0,53,25,28
MADISON COUNTY,313,16 Years,179,89,90,96,49,47,27,10,17,4,3,1,52,27,25
MADISON COUNTY,313,17 Years,190,95,95,93,49,44,35,10,25,3,2,1,59,34,25
MADISON COUNTY,313,18 Years,207,113,94,99,50,49,43,24,19,5,3,2,60,36,24
MADISON COUNTY,313,19 Years,224,148,76,90,53,37,53,42,11,5,4,1,76,49,27
MADISON COUNTY,313,20 Years,210,141,69,76,47,29,47,34,13,4,2,2,83,58,25
MADISON COUNTY,313,21 Years,245,164,81,96,53,43,55,43,12,3,2,1,91,66,25
MADISON COUNTY,313,22 Years,287,200,87,97,54,43,82,65,17,2,2,0,106,79,27
MADISON COUNTY,313,23 Years,292,206,86,107,67,40,67,50,17,3,2,1,115,87,28
MADISON COUNTY,313,24 Years,313,233,80,119,84,35,86,74,12,1,0,1,107,75,32
MADISON COUNTY,313,25 Years,323,252,71,107,71,36,103,94,9,1,0,1,112,87,25
MADISON COUNTY,313,26 Years,324,256,68,129,93,36,95,83,12,1,1,0,99,79,20
MADISON COUNTY,313,27 Years,269,195,74,115,72,43,90,74,16,1,1,0,63,48,15
MADISON COUNTY,313,28 Years,250,188,62,103,68,35,69,54,15,1,0,1,77,66,11
MADISON COUNTY,313,29 Years,251,186,65,121,80,41,69,59,10,2,2,0,59,45,14
MADISON COUNTY,313,30 Years,202,150,52,92,55,37,58,55,3,4,4,0,48,36,12
MADISON COUNTY,313,31 Years,214,153,61,113,74,39,49,39,10,4,2,2,48,38,10
MADISON COUNTY,313,32 Years,198,124,74,97,54,43,55,43,12,6,3,3,40,24,16
MADISON COUNTY,313,33 Years,201,126,75,91,49,42,48,34,14,3,1,2,59,42,17
MADISON COUNTY,313,34 Years,186,124,62,89,51,38,55,44,11,3,2,1,39,27,12
MADISON COUNTY,313,35 Years,199,135,64,89,50,39,57,47,10,2,1,1,51,37,14
MADISON COUNTY,313,36 Years,187,113,74,95,54,41,37,26,11,3,2,1,52,31,21
MADISON COUNTY,313,37 Years,180,108,72,81,39,42,50,36,14,4,2,2,45,31,14
MADISON COUNTY,313,38 Years,191,123,68,107,62,45,41,30,11,3,2,1,40,29,11
MADISON COUNTY,313,39 Years,159,102,57,74,39,35,42,36,6,5,3,2,38,24,14
MADISON COUNTY,313,40 Years,152,93,59,91,55,36,17,12,5,4,3,1,40,23,17
MADISON COUNTY,313,41 Years,178,113,65,98,62,36,34,23,11,4,2,2,42,26,16
MADISON COUNTY,313,42 Years,173,97,76,94,48,46,35,21,14,1,0,1,43,28,15
MADISON COUNTY,313,43 Years,177,109,68,94,53,41,38,26,12,0,0,0,45,30,15
MADISON COUNTY,313,44 Years,163,90,73,91,47,44,30,22,8,3,1,2,39,20,19
MADISON COUNTY,313,45 Years,177,108,69,103,58,45,33,27,6,5,2,3,36,21,15
MADISON COUNTY,313,46 Years,175,97,78,113,59,54,29,19,10,1,1,0,32,18,14
MADISON COUNTY,313,47 Years,171,96,75,103,58,45,36,22,14,2,2,0,30,14,16
MADISON COUNTY,313,48 Years,155,89,66,97,55,42,21,9,12,5,4,1,32,21,11
MADISON COUNTY,313,49 Years,127,61,66,88,44,44,16,7,9,2,1,1,21,9,12
MADISON COUNTY,313,50 Years,137,68,69,95,47,48,15,4,11,2,1,1,25,16,9
MADISON COUNTY,313,51 Years,140,73,67,87,44,43,26,14,12,1,1,0,26,14,12
MADISON COUNTY,313,52 Years,153,75,78,93,46,47,29,18,11,5,2,3,26,9,17
MADISON COUNTY,313,53 Years,139,70,69,94,48,46,16,5,11,4,2,2,25,15,10
MADISON COUNTY,313,54 Years,147,65,82,105,43,62,18,9,9,1,0,1,23,13,10
MADISON COUNTY,313,55 Years,147,66,81,108,46,62,19,10,9,2,1,1,18,9,9
MADISON COUNTY,313,56 Years,147,64,83,111,46,65,22,11,11,1,1,0,13,6,7
MADISON COUNTY,313,57 Years,159,72,87,131,61,70,14,4,10,2,2,0,12,5,7
MADISON COUNTY,313,58 Years,162,80,82,135,68,67,9,3,6,2,1,1,16,8,8
MADISON COUNTY,313,59 Years,158,76,82,118,62,56,26,8,18,4,3,1,10,3,7
MADISON COUNTY,313,60 Years,152,79,73,114,59,55,26,12,14,1,1,0,11,7,4
MADISON COUNTY,313,61 Years,164,78,86,120,57,63,27,15,12,3,1,2,14,5,9
MADISON COUNTY,313,62 Years,172,86,86,114,55,59,35,20,15,3,1,2,20,10,10
MADISON COUNTY,313,63 Years,147,67,80,107,48,59,23,11,12,1,0,1,16,8,8
MADISON COUNTY,313,64 Years,139,64,75,108,46,62,17,11,6,2,0,2,12,7,5
MADISON COUNTY,313,65 Years,149,69,80,115,50,65,26,16,10,1,0,1,7,3,4
MADISON COUNTY,313,66 Years,146,72,74,119,57,62,16,11,5,2,0,2,9,4,5
MADISON COUNTY,313,67 Years,155,76,79,122,61,61,21,9,12,3,1,2,9,5,4
MADISON COUNTY,313,68 Years,144,67,77,125,60,65,12,4,8,1,0,1,6,3,3
MADISON COUNTY,313,69 Years,144,71,73,121,60,61,8,3,5,6,3,3,9,5,4
MADISON COUNTY,313,70 Years,123,61,62,101,49,52,12,7,5,4,2,2,6,3,3
MADISON COUNTY,313,71 Years,115,51,64,95,42,53,17,8,9,1,1,0,2,0,2
MADISON COUNTY,313,72 Years,116,56,60,101,46,55,10,5,5,1,1,0,4,4,0
MADISON COUNTY,313,73 Years,110,50,60,89,38,51,14,7,7,3,3,0,4,2,2
MADISON COUNTY,313,74 Years,111,57,54,90,47,43,11,5,6,2,1,1,8,4,4
MADISON COUNTY,313,75 Years,109,58,51,96,51,45,6,3,3,2,1,1,5,3,2
MADISON COUNTY,313,76 Years,111,56,55,94,48,46,11,6,5,2,0,2,4,2,2
MADISON COUNTY,313,77 Years,96,49,47,73,39,34,15,6,9,2,1,1,6,3,3
MADISON COUNTY,313,78 Years,75,38,37,60,33,27,7,1,6,1,0,1,7,4,3
MADISON COUNTY,313,79 Years,67,25,42,54,21,33,8,2,6,0,0,0,5,2,3
MADISON COUNTY,313,80 Years,68,31,37,55,24,31,7,4,3,2,0,2,4,3,1
MADISON COUNTY,313,81 Years,63,25,38,52,22,30,9,3,6,1,0,1,1,0,1
MADISON COUNTY,313,82 Years,54,25,29,48,22,26,5,2,3,0,0,0,1,1,0
MADISON COUNTY,313,83 Years,44,22,22,36,18,18,4,2,2,0,0,0,4,2,2
MADISON COUNTY,313,84 Years,41,18,23,31,15,16,9,3,6,0,0,0,1,0,1
MADISON COUNTY,313,85 Years +,250,98,152,202,81,121,37,10,27,3,1,2,8,6,2
MARION COUNTY,315,All Ages,10191,5051,5140,7149,3593,3556,2302,1084,1218,381,194,187,359,180,179
MARION COUNTY,315,< 1 Year,90,47,43,50,22,28,20,14,6,15,8,7,5,3,2
MARION COUNTY,315,1 Years,88,46,42,50,22,28,22,15,7,12,7,5,4,2,2
MARION COUNTY,315,2 Years,99,49,50,57,25,32,24,14,10,12,7,5,6,3,3
MARION COUNTY,315,3 Years,98,42,56,54,22,32,25,12,13,10,5,5,9,3,6
MARION COUNTY,315,4 Years,103,46,57,55,23,32,23,12,11,12,5,7,13,6,7
MARION COUNTY,315,5 Years,102,47,55,53,26,27,25,11,14,13,5,8,11,5,6
MARION COUNTY,315,6 Years,115,55,60,61,27,34,34,18,16,11,3,8,9,7,2
MARION COUNTY,315,7 Years,100,54,46,56,27,29,28,17,11,8,4,4,8,6,2
MARION COUNTY,315,8 Years,115,59,56,72,38,34,22,10,12,10,7,3,11,4,7
MARION COUNTY,315,9 Years,102,49,53,68,33,35,21,10,11,5,3,2,8,3,5
MARION COUNTY,315,10 Years,100,54,46,64,35,29,24,13,11,4,3,1,8,3,5
MARION COUNTY,315,11 Years,92,44,48,59,28,31,23,12,11,5,3,2,5,1,4
MARION COUNTY,315,12 Years,88,47,41,57,33,24,22,11,11,4,2,2,5,1,4
MARION COUNTY,315,13 Years,92,50,42,67,35,32,20,13,7,1,1,0,4,1,3
MARION COUNTY,315,14 Years,99,52,47,65,37,28,28,13,15,1,1,0,5,1,4
MARION COUNTY,315,15 Years,98,56,42,64,40,24,26,11,15,5,3,2,3,2,1
MARION COUNTY,315,16 Years,99,51,48,59,32,27,30,13,17,5,3,2,5,3,2
MARION COUNTY,315,17 Years,107,62,45,59,35,24,38,19,19,4,3,1,6,5,1
MARION COUNTY,315,18 Years,117,73,44,72,47,25,32,16,16,5,4,1,8,6,2
MARION COUNTY,315,19 Years,98,54,44,67,40,27,20,8,12,6,3,3,5,3,2
MARION COUNTY,315,20 Years,97,55,42,58,33,25,26,13,13,5,3,2,8,6,2
MARION COUNTY,315,21 Years,98,56,42,47,26,21,34,19,15,5,3,2,12,8,4
MARION COUNTY,315,22 Years,100,50,50,59,27,32,27,12,15,6,4,2,8,7,1
MARION COUNTY,315,23 Years,106,57,49,68,38,30,27,12,15,5,3,2,6,4,2
MARION COUNTY,315,24 Years,116,63,53,78,43,35,29,16,13,4,2,2,5,2,3
MARION COUNTY,315,25 Years,105,57,48,77,43,34,20,9,11,2,2,0,6,3,3
MARION COUNTY,315,26 Years,87,44,43,63,34,29,18,7,11,1,1,0,5,2,3
MARION COUNTY,315,27 Years,79,40,39,46,25,21,26,12,14,3,1,2,4,2,2
MARION COUNTY,315,28 Years,95,49,46,61,34,27,23,10,13,4,3,1,7,2,5
MARION COUNTY,315,29 Years,96,45,51,63,32,31,24,8,16,5,3,2,4,2,2
MARION COUNTY,315,30 Years,90,46,44,66,36,30,19,8,11,3,1,2,2,1,1
MARION COUNTY,315,31 Years,72,32,40,58,27,31,12,4,8,1,1,0,1,0,1
MARION COUNTY,315,32 Years,73,33,40,52,24,28,13,6,7,3,1,2,5,2,3
MARION COUNTY,315,33 Years,88,36,52,48,21,27,27,10,17,7,2,5,6,3,3
MARION COUNTY,315,34 Years,85,37,48,53,24,29,25,11,14,2,1,1,5,1,4
MARION COUNTY,315,35 Years,82,41,41,56,28,28,21,10,11,3,2,1,2,1,1
MARION COUNTY,315,36 Years,92,44,48,61,27,34,26,13,13,4,3,1,1,1,0
MARION COUNTY,315,37 Years,78,37,41,56,26,30,18,9,9,1,1,0,3,1,2
MARION COUNTY,315,38 Years,73,33,40,54,25,29,16,6,10,0,0,0,3,2,1
MARION COUNTY,315,39 Years,93,50,43,63,35,28,20,10,10,6,3,3,4,2,2
MARION COUNTY,315,40 Years,91,46,45,64,35,29,18,8,10,3,1,2,6,2,4
MARION COUNTY,315,41 Years,76,37,39,54,27,27,14,6,8,3,2,1,5,2,3
MARION COUNTY,315,42 Years,85,43,42,63,32,31,16,8,8,3,1,2,3,2,1
MARION COUNTY,315,43 Years,95,45,50,68,36,32,19,5,14,2,1,1,6,3,3
MARION COUNTY,315,44 Years,100,39,61,72,30,42,17,5,12,3,0,3,8,4,4
MARION COUNTY,315,45 Years,117,59,58,82,43,39,25,13,12,6,1,5,4,2,2
MARION COUNTY,315,46 Years,111,60,51,77,43,34,27,15,12,3,1,2,4,1,3
MARION COUNTY,315,47 Years,108,54,54,75,38,37,27,14,13,3,1,2,3,1,2
MARION COUNTY,315,48 Years,116,61,55,85,46,39,26,12,14,3,1,2,2,2,0
MARION COUNTY,315,49 Years,130,68,62,94,49,45,30,14,16,3,2,1,3,3,0
MARION COUNTY,315,50 Years,151,77,74,104,54,50,36,17,19,6,3,3,5,3,2
MARION COUNTY,315,51 Years,153,78,75,110,57,53,35,17,18,5,3,2,3,1,2
MARION COUNTY,315,52 Years,153,81,72,113,59,54,34,19,15,4,2,2,2,1,1
MARION COUNTY,315,53 Years,158,78,80,116,56,60,33,18,15,6,3,3,3,1,2
MARION COUNTY,315,54 Years,175,84,91,131,65,66,37,17,20,3,2,1,4,0,4
MARION COUNTY,315,55 Years,186,86,100,139,71,68,38,12,26,6,3,3,3,0,3
MARION COUNTY,315,56 Years,204,106,98,149,82,67,46,20,26,6,4,2,3,0,3
MARION COUNTY,315,57 Years,196,94,102,140,69,71,48,19,29,4,3,1,4,3,1
MARION COUNTY,315,58 Years,178,81,97,128,61,67,41,15,26,5,2,3,4,3,1
MARION COUNTY,315,59 Years,172,92,80,121,63,58,39,20,19,5,2,3,7,7,0
MARION COUNTY,315,60 Years,167,91,76,122,62,60,35,23,12,6,3,3,4,3,1
MARION COUNTY,315,61 Years,176,87,89,130,62,68,37,21,16,6,3,3,3,1,2
MARION COUNTY,315,62 Years,183,80,103,131,56,75,47,22,25,5,2,3,0,0,0
MARION COUNTY,315,63 Years,171,84,87,123,60,63,41,22,19,4,1,3,3,1,2
MARION COUNTY,315,64 Years,170,84,86,128,63,65,38,18,20,3,2,1,1,1,0
MARION COUNTY,315,65 Years,182,87,95,127,63,64,51,23,28,4,1,3,0,0,0
MARION COUNTY,315,66 Years,189,97,92,133,70,63,50,24,26,5,3,2,1,0,1
MARION COUNTY,315,67 Years,196,101,95,146,78,68,41,18,23,5,2,3,4,3,1
MARION COUNTY,315,68 Years,204,96,108,163,77,86,35,15,20,3,2,1,3,2,1
MARION COUNTY,315,69 Years,209,102,107,167,83,84,36,16,20,4,2,2,2,1,1
MARION COUNTY,315,70 Years,173,83,90,136,66,70,32,15,17,3,1,2,2,1,1
MARION COUNTY,315,71 Years,146,75,71,112,58,54,29,14,15,4,2,2,1,1,0
MARION COUNTY,315,72 Years,137,66,71,112,54,58,22,11,11,2,1,1,1,0,1
MARION COUNTY,315,73 Years,126,63,63,104,51,53,19,10,9,3,2,1,0,0,0
MARION COUNTY,315,74 Years,125,63,62,95,49,46,24,12,12,3,1,2,3,1,2
MARION COUNTY,315,75 Years,126,57,69,101,48,53,22,9,13,2,0,2,1,0,1
MARION COUNTY,315,76 Years,112,60,52,92,50,42,18,9,9,1,1,0,1,0,1
MARION COUNTY,315,77 Years,104,49,55,83,41,42,19,8,11,1,0,1,1,0,1
MARION COUNTY,315,78 Years,92,42,50,71,36,35,17,5,12,3,1,2,1,0,1
MARION COUNTY,315,79 Years,75,30,45,59,24,35,13,6,7,2,0,2,1,0,1
MARION COUNTY,315,80 Years,92,37,55,74,30,44,14,6,8,2,1,1,2,0,2
MARION COUNTY,315,81 Years,64,33,31,45,25,20,14,5,9,2,1,1,3,2,1
MARION COUNTY,315,82 Years,63,30,33,48,24,24,12,4,8,2,1,1,1,1,0
MARION COUNTY,315,83 Years,53,22,31,41,17,24,12,5,7,0,0,0,0,0,0
MARION COUNTY,315,84 Years,52,26,26,42,21,21,9,4,5,0,0,0,1,1,0
MARION COUNTY,315,85 Years +,242,95,147,183,74,109,51,18,33,6,3,3,2,0,2
MARTIN COUNTY,317,All Ages,5622,2884,2738,2923,1491,1432,70,31,39,82,51,31,2547,1311,1236
MARTIN COUNTY,317,< 1 Year,95,49,46,42,21,21,0,0,0,3,1,2,50,27,23
MARTIN COUNTY,317,1 Years,100,52,48,45,24,21,0,0,0,2,1,1,53,27,26
MARTIN COUNTY,317,2 Years,99,56,43,43,24,19,0,0,0,2,2,0,54,30,24
MARTIN COUNTY,317,3 Years,94,55,39,43,25,18,0,0,0,3,2,1,48,28,20
MARTIN COUNTY,317,4 Years,80,46,34,35,18,17,0,0,0,1,0,1,44,28,16
MARTIN COUNTY,317,5 Years,75,41,34,35,18,17,0,0,0,1,1,0,39,22,17
MARTIN COUNTY,317,6 Years,86,46,40,40,24,16,4,2,2,0,0,0,42,20,22
MARTIN COUNTY,317,7 Years,86,45,41,37,20,17,3,2,1,3,2,1,43,21,22
MARTIN COUNTY,317,8 Years,79,39,40,32,17,15,3,1,2,2,2,0,42,19,23
MARTIN COUNTY,317,9 Years,84,48,36,35,19,16,2,0,2,3,2,1,44,27,17
MARTIN COUNTY,317,10 Years,84,48,36,34,19,15,3,2,1,1,1,0,46,26,20
MARTIN COUNTY,317,11 Years,87,49,38,36,18,18,3,2,1,0,0,0,48,29,19
MARTIN COUNTY,317,12 Years,87,50,37,36,19,17,3,1,2,0,0,0,48,30,18
MARTIN COUNTY,317,13 Years,86,41,45,36,17,19,1,0,1,1,1,0,48,23,25
MARTIN COUNTY,317,14 Years,76,39,37,32,19,13,0,0,0,2,1,1,42,19,23
MARTIN COUNTY,317,15 Years,86,46,40,37,21,16,1,1,0,1,0,1,47,24,23
MARTIN COUNTY,317,16 Years,86,42,44,39,21,18,1,0,1,3,2,1,43,19,24
MARTIN COUNTY,317,17 Years,85,42,43,36,22,14,2,0,2,4,2,2,43,18,25
MARTIN COUNTY,317,18 Years,84,44,40,40,21,19,1,0,1,1,1,0,42,22,20
MARTIN COUNTY,317,19 Years,80,39,41,41,19,22,0,0,0,0,0,0,39,20,19
MARTIN COUNTY,317,20 Years,78,43,35,38,22,16,0,0,0,1,0,1,39,21,18
MARTIN COUNTY,317,21 Years,76,39,37,36,18,18,0,0,0,1,1,0,39,20,19
MARTIN COUNTY,317,22 Years,79,43,36,33,19,14,0,0,0,3,3,0,43,21,22
MARTIN COUNTY,317,23 Years,102,54,48,52,28,24,0,0,0,2,2,0,48,24,24
MARTIN COUNTY,317,24 Years,89,46,43,37,20,17,0,0,0,4,3,1,48,23,25
MARTIN COUNTY,317,25 Years,69,34,35,35,17,18,2,0,2,1,1,0,31,16,15
MARTIN COUNTY,317,26 Years,73,40,33,28,15,13,3,0,3,1,1,0,41,24,17
MARTIN COUNTY,317,27 Years,63,33,30,24,14,10,2,0,2,0,0,0,37,19,18
MARTIN COUNTY,317,28 Years,54,27,27,26,14,12,1,0,1,0,0,0,27,13,14
MARTIN COUNTY,317,29 Years,64,27,37,24,11,13,1,1,0,0,0,0,39,15,24
MARTIN COUNTY,317,30 Years,65,28,37,28,14,14,3,0,3,0,0,0,34,14,20
MARTIN COUNTY,317,31 Years,73,33,40,33,17,16,2,1,1,0,0,0,38,15,23
MARTIN COUNTY,317,32 Years,76,40,36,37,22,15,1,1,0,1,0,1,37,17,20
MARTIN COUNTY,317,33 Years,69,39,30,39,23,16,1,1,0,1,1,0,28,14,14
MARTIN COUNTY,317,34 Years,59,32,27,36,18,18,0,0,0,0,0,0,23,14,9
MARTIN COUNTY,317,35 Years,51,24,27,29,11,18,0,0,0,0,0,0,22,13,9
MARTIN COUNTY,317,36 Years,65,36,29,32,16,16,1,1,0,0,0,0,32,19,13
MARTIN COUNTY,317,37 Years,65,37,28,27,13,14,1,1,0,0,0,0,37,23,14
MARTIN COUNTY,317,38 Years,54,25,29,25,12,13,0,0,0,0,0,0,29,13,16
MARTIN COUNTY,317,39 Years,55,30,25,24,13,11,1,1,0,0,0,0,30,16,14
MARTIN COUNTY,317,40 Years,53,29,24,23,12,11,0,0,0,0,0,0,30,17,13
MARTIN COUNTY,317,41 Years,55,28,27,28,14,14,1,1,0,0,0,0,26,13,13
MARTIN COUNTY,317,42 Years,64,31,33,28,12,16,1,0,1,0,0,0,35,19,16
MARTIN COUNTY,317,43 Years,66,34,32,33,14,19,0,0,0,0,0,0,33,20,13
MARTIN COUNTY,317,44 Years,72,33,39,34,15,19,1,1,0,1,0,1,36,17,19
MARTIN COUNTY,317,45 Years,68,33,35,38,15,23,2,1,1,0,0,0,28,17,11
MARTIN COUNTY,317,46 Years,61,32,29,40,20,20,1,1,0,0,0,0,20,11,9
MARTIN COUNTY,317,47 Years,64,31,33,31,16,15,0,0,0,0,0,0,33,15,18
MARTIN COUNTY,317,48 Years,70,32,38,31,14,17,0,0,0,0,0,0,39,18,21
MARTIN COUNTY,317,49 Years,64,30,34,28,13,15,0,0,0,0,0,0,36,17,19
MARTIN COUNTY,317,50 Years,72,40,32,35,22,13,0,0,0,1,0,1,36,18,18
MARTIN COUNTY,317,51 Years,70,40,30,41,23,18,0,0,0,1,1,0,28,16,12
MARTIN COUNTY,317,52 Years,86,48,38,50,28,22,0,0,0,2,2,0,34,18,16
MARTIN COUNTY,317,53 Years,79,41,38,41,23,18,1,0,1,1,1,0,36,17,19
MARTIN COUNTY,317,54 Years,80,41,39,50,28,22,2,1,1,2,1,1,26,11,15
MARTIN COUNTY,317,55 Years,69,33,36,48,25,23,1,1,0,2,1,1,18,6,12
MARTIN COUNTY,317,56 Years,79,38,41,47,19,28,0,0,0,0,0,0,32,19,13
MARTIN COUNTY,317,57 Years,63,28,35,42,17,25,1,1,0,0,0,0,20,10,10
MARTIN COUNTY,317,58 Years,72,32,40,50,21,29,0,0,0,0,0,0,22,11,11
MARTIN COUNTY,317,59 Years,75,34,41,50,24,26,1,0,1,0,0,0,24,10,14
MARTIN COUNTY,317,60 Years,68,36,32,43,24,19,1,1,0,0,0,0,24,11,13
MARTIN COUNTY,317,61 Years,66,39,27,40,25,15,0,0,0,3,2,1,23,12,11
MARTIN COUNTY,317,62 Years,68,38,30,49,27,22,0,0,0,1,1,0,18,10,8
MARTIN COUNTY,317,63 Years,60,32,28,44,21,23,0,0,0,2,2,0,14,9,5
MARTIN COUNTY,317,64 Years,54,26,28,36,16,20,1,0,1,2,1,1,15,9,6
MARTIN COUNTY,317,65 Years,51,27,24,31,16,15,0,0,0,3,0,3,17,11,6
MARTIN COUNTY,317,66 Years,57,32,25,39,24,15,0,0,0,2,0,2,16,8,8
MARTIN COUNTY,317,67 Years,54,30,24,36,21,15,1,0,1,1,1,0,16,8,8
MARTIN COUNTY,317,68 Years,52,26,26,34,20,14,1,0,1,2,1,1,15,5,10
MARTIN COUNTY,317,69 Years,51,25,26,32,18,14,2,2,0,2,1,1,15,4,11
MARTIN COUNTY,317,70 Years,49,20,29,27,11,16,1,1,0,1,1,0,20,7,13
MARTIN COUNTY,317,71 Years,56,27,29,35,15,20,0,0,0,0,0,0,21,12,9
MARTIN COUNTY,317,72 Years,50,27,23,31,17,14,2,1,1,1,1,0,16,8,8
MARTIN COUNTY,317,73 Years,42,19,23,22,7,15,0,0,0,1,1,0,19,11,8
MARTIN COUNTY,317,74 Years,33,13,20,23,8,15,0,0,0,0,0,0,10,5,5
MARTIN COUNTY,317,75 Years,30,13,17,20,8,12,1,1,0,0,0,0,9,4,5
MARTIN COUNTY,317,76 Years,29,12,17,19,7,12,0,0,0,1,0,1,9,5,4
MARTIN COUNTY,317,77 Years,32,15,17,23,11,12,0,0,0,1,0,1,8,4,4
MARTIN COUNTY,317,78 Years,27,14,13,19,9,10,0,0,0,0,0,0,8,5,3
MARTIN COUNTY,317,79 Years,30,13,17,19,7,12,0,0,0,0,0,0,11,6,5
MARTIN COUNTY,317,80 Years,25,12,13,15,8,7,0,0,0,0,0,0,10,4,6
MARTIN COUNTY,317,81 Years,24,13,11,15,8,7,0,0,0,0,0,0,9,5,4
MARTIN COUNTY,317,82 Years,19,8,11,16,7,9,0,0,0,0,0,0,3,1,2
MARTIN COUNTY,317,83 Years,16,10,6,12,7,5,0,0,0,0,0,0,4,3,1
MARTIN COUNTY,317,84 Years,14,6,8,11,4,7,0,0,0,0,0,0,3,2,1
MARTIN COUNTY,317,85 Years +,85,36,49,67,27,40,2,0,2,1,0,1,15,9,6
MASON COUNTY,319,All Ages,4094,2015,2079,3059,1464,1595,16,8,8,39,23,16,980,520,460
MASON COUNTY,319,< 1 Year,40,21,19,22,11,11,0,0,0,0,0,0,18,10,8
MASON COUNTY,319,1 Years,35,19,16,18,10,8,0,0,0,0,0,0,17,9,8
MASON COUNTY,319,2 Years,38,19,19,18,9,9,0,0,0,0,0,0,20,10,10
MASON COUNTY,319,3 Years,35,16,19,16,8,8,0,0,0,0,0,0,19,8,11
MASON COUNTY,319,4 Years,40,18,22,23,10,13,0,0,0,0,0,0,17,8,9
MASON COUNTY,319,5 Years,36,18,18,22,10,12,0,0,0,0,0,0,14,8,6
MASON COUNTY,319,6 Years,30,17,13,18,9,9,1,1,0,0,0,0,11,7,4
MASON COUNTY,319,7 Years,37,20,17,26,13,13,1,1,0,0,0,0,10,6,4
MASON COUNTY,319,8 Years,45,24,21,28,15,13,0,0,0,0,0,0,17,9,8
MASON COUNTY,319,9 Years,44,26,18,30,16,14,0,0,0,1,1,0,13,9,4
MASON COUNTY,319,10 Years,41,25,16,26,15,11,0,0,0,1,1,0,14,9,5
MASON COUNTY,319,11 Years,43,22,21,26,13,13,1,1,0,0,0,0,16,8,8
MASON COUNTY,319,12 Years,42,21,21,33,16,17,1,0,1,0,0,0,8,5,3
MASON COUNTY,319,13 Years,46,27,19,29,17,12,0,0,0,1,1,0,16,9,7
MASON COUNTY,319,14 Years,58,29,29,45,21,24,0,0,0,0,0,0,13,8,5
MASON COUNTY,319,15 Years,43,20,23,32,16,16,0,0,0,1,1,0,10,3,7
MASON COUNTY,319,16 Years,53,28,25,36,19,17,0,0,0,1,1,0,16,8,8
MASON COUNTY,319,17 Years,69,27,42,49,20,29,0,0,0,1,1,0,19,6,13
MASON COUNTY,319,18 Years,52,23,29,39,16,23,1,0,1,1,0,1,11,7,4
MASON COUNTY,319,19 Years,46,22,24,26,10,16,1,0,1,1,1,0,18,11,7
MASON COUNTY,319,20 Years,50,26,24,27,13,14,0,0,0,1,0,1,22,13,9
MASON COUNTY,319,21 Years,48,30,18,28,17,11,0,0,0,1,0,1,19,13,6
MASON COUNTY,319,22 Years,46,25,21,28,16,12,0,0,0,0,0,0,18,9,9
MASON COUNTY,319,23 Years,46,31,15,27,17,10,0,0,0,2,2,0,17,12,5
MASON COUNTY,319,24 Years,48,27,21,29,13,16,1,1,0,1,1,0,17,12,5
MASON COUNTY,319,25 Years,38,23,15,22,12,10,1,1,0,0,0,0,15,10,5
MASON COUNTY,319,26 Years,23,14,9,14,8,6,0,0,0,1,1,0,8,5,3
MASON COUNTY,319,27 Years,28,16,12,16,10,6,1,0,1,1,1,0,10,5,5
MASON COUNTY,319,28 Years,31,18,13,20,13,7,0,0,0,0,0,0,11,5,6
MASON COUNTY,319,29 Years,34,22,12,18,9,9,0,0,0,0,0,0,16,13,3
MASON COUNTY,319,30 Years,22,14,8,13,7,6,0,0,0,0,0,0,9,7,2
MASON COUNTY,319,31 Years,27,11,16,14,5,9,0,0,0,0,0,0,13,6,7
MASON COUNTY,319,32 Years,23,12,11,15,8,7,0,0,0,0,0,0,8,4,4
MASON COUNTY,319,33 Years,22,8,14,13,4,9,2,0,2,0,0,0,7,4,3
MASON COUNTY,319,34 Years,29,12,17,21,8,13,0,0,0,0,0,0,8,4,4
MASON COUNTY,319,35 Years,35,15,20,26,11,15,0,0,0,1,0,1,8,4,4
MASON COUNTY,319,36 Years,26,12,14,19,8,11,0,0,0,1,0,1,6,4,2
MASON COUNTY,319,37 Years,28,11,17,20,8,12,0,0,0,1,0,1,7,3,4
MASON COUNTY,319,38 Years,29,11,18,24,8,16,0,0,0,0,0,0,5,3,2
MASON COUNTY,319,39 Years,40,18,22,30,14,16,0,0,0,1,1,0,9,3,6
MASON COUNTY,319,40 Years,49,25,24,34,20,14,0,0,0,1,0,1,14,5,9
MASON COUNTY,319,41 Years,33,21,12,22,17,5,0,0,0,0,0,0,11,4,7
MASON COUNTY,319,42 Years,31,16,15,21,11,10,0,0,0,0,0,0,10,5,5
MASON COUNTY,319,43 Years,39,20,19,28,13,15,1,1,0,1,1,0,9,5,4
MASON COUNTY,319,44 Years,43,20,23,36,17,19,0,0,0,0,0,0,7,3,4
MASON COUNTY,319,45 Years,44,20,24,28,13,15,0,0,0,1,0,1,15,7,8
MASON COUNTY,319,46 Years,49,25,24,33,18,15,0,0,0,2,1,1,14,6,8
MASON COUNTY,319,47 Years,42,22,20,29,15,14,0,0,0,0,0,0,13,7,6
MASON COUNTY,319,48 Years,39,18,21,28,13,15,0,0,0,0,0,0,11,5,6
MASON COUNTY,319,49 Years,44,20,24,28,15,13,1,0,1,0,0,0,15,5,10
MASON COUNTY,319,50 Years,49,26,23,31,16,15,1,0,1,0,0,0,17,10,7
MASON COUNTY,319,51 Years,42,17,25,26,10,16,0,0,0,0,0,0,16,7,9
MASON COUNTY,319,52 Years,45,19,26,32,13,19,0,0,0,0,0,0,13,6,7
MASON COUNTY,319,53 Years,63,26,37,43,16,27,0,0,0,1,0,1,19,10,9
MASON COUNTY,319,54 Years,70,34,36,51,24,27,1,1,0,1,0,1,17,9,8
MASON COUNTY,319,55 Years,73,40,33,51,26,25,1,1,0,1,1,0,20,12,8
MASON COUNTY,319,56 Years,68,41,27,54,35,19,0,0,0,0,0,0,14,6,8
MASON COUNTY,319,57 Years,61,35,26,52,29,23,0,0,0,0,0,0,9,6,3
MASON COUNTY,319,58 Years,73,34,39,59,29,30,0,0,0,0,0,0,14,5,9
MASON COUNTY,319,59 Years,73,35,38,63,31,32,0,0,0,0,0,0,10,4,6
MASON COUNTY,319,60 Years,63,30,33,45,19,26,0,0,0,0,0,0,18,11,7
MASON COUNTY,319,61 Years,56,27,29,45,20,25,0,0,0,1,1,0,10,6,4
MASON COUNTY,319,62 Years,65,34,31,55,28,27,0,0,0,0,0,0,10,6,4
MASON COUNTY,319,63 Years,67,32,35,57,27,30,0,0,0,0,0,0,10,5,5
MASON COUNTY,319,64 Years,66,33,33,61,29,32,0,0,0,0,0,0,5,4,1
MASON COUNTY,319,65 Years,67,31,36,60,27,33,0,0,0,0,0,0,7,4,3
MASON COUNTY,319,66 Years,73,34,39,68,31,37,0,0,0,0,0,0,5,3,2
MASON COUNTY,319,67 Years,80,34,46,72,29,43,0,0,0,1,1,0,7,4,3
MASON COUNTY,319,68 Years,77,37,40,69,31,38,0,0,0,1,1,0,7,5,2
MASON COUNTY,319,69 Years,90,44,46,80,40,40,0,0,0,0,0,0,10,4,6
MASON COUNTY,319,70 Years,78,35,43,67,33,34,0,0,0,1,0,1,10,2,8
MASON COUNTY,319,71 Years,72,32,40,65,30,35,0,0,0,0,0,0,7,2,5
MASON COUNTY,319,72 Years,69,29,40,61,26,35,0,0,0,0,0,0,8,3,5
MASON COUNTY,319,73 Years,60,24,36,55,23,32,0,0,0,1,0,1,4,1,3
MASON COUNTY,319,74 Years,64,29,35,56,25,31,0,0,0,1,0,1,7,4,3
MASON COUNTY,319,75 Years,55,28,27,49,25,24,0,0,0,0,0,0,6,3,3
MASON COUNTY,319,76 Years,54,24,30,46,18,28,0,0,0,1,1,0,7,5,2
MASON COUNTY,319,77 Years,41,20,21,37,17,20,0,0,0,0,0,0,4,3,1
MASON COUNTY,319,78 Years,33,15,18,29,13,16,0,0,0,0,0,0,4,2,2
MASON COUNTY,319,79 Years,36,19,17,31,17,14,0,0,0,0,0,0,5,2,3
MASON COUNTY,319,80 Years,34,20,14,26,15,11,0,0,0,0,0,0,8,5,3
MASON COUNTY,319,81 Years,34,15,19,29,11,18,0,0,0,1,1,0,4,3,1
MASON COUNTY,319,82 Years,29,17,12,26,14,12,0,0,0,1,1,0,2,2,0
MASON COUNTY,319,83 Years,21,10,11,17,7,10,0,0,0,1,1,0,3,2,1
MASON COUNTY,319,84 Years,21,7,14,18,6,12,0,0,0,0,0,0,3,1,2
MASON COUNTY,319,85 Years +,113,43,70,100,39,61,0,0,0,2,0,2,11,4,7
MATAGORDA COUNTY,321,All Ages,36489,18426,18063,16068,8067,8001,3995,1909,2086,1182,595,587,15244,7855,7389
MATAGORDA COUNTY,321,< 1 Year,521,270,251,147,74,73,55,25,30,7,3,4,312,168,144
MATAGORDA COUNTY,321,1 Years,528,274,254,144,75,69,58,27,31,5,3,2,321,169,152
MATAGORDA COUNTY,321,2 Years,519,270,249,145,75,70,54,26,28,7,4,3,313,165,148
MATAGORDA COUNTY,321,3 Years,515,268,247,145,77,68,58,28,30,7,4,3,305,159,146
MATAGORDA COUNTY,321,4 Years,501,255,246,143,73,70,53,26,27,8,4,4,297,152,145
MATAGORDA COUNTY,321,5 Years,509,251,258,144,70,74,61,29,32,8,4,4,296,148,148
MATAGORDA COUNTY,321,6 Years,502,240,262,138,73,65,59,24,35,17,7,10,288,136,152
MATAGORDA COUNTY,321,7 Years,476,258,218,132,68,64,45,23,22,25,12,13,274,155,119
MATAGORDA COUNTY,321,8 Years,492,250,242,152,73,79,45,23,22,19,9,10,276,145,131
MATAGORDA COUNTY,321,9 Years,514,267,247,142,69,73,60,32,28,21,11,10,291,155,136
MATAGORDA COUNTY,321,10 Years,495,258,237,140,76,64,45,21,24,21,9,12,289,152,137
MATAGORDA COUNTY,321,11 Years,493,258,235,149,73,76,42,21,21,20,11,9,282,153,129
MATAGORDA COUNTY,321,12 Years,471,242,229,145,69,76,39,21,18,20,11,9,267,141,126
MATAGORDA COUNTY,321,13 Years,519,279,240,180,101,79,45,22,23,23,11,12,271,145,126
MATAGORDA COUNTY,321,14 Years,493,271,222,172,92,80,49,30,19,20,8,12,252,141,111
MATAGORDA COUNTY,321,15 Years,523,280,243,177,91,86,47,30,17,22,12,10,277,147,130
MATAGORDA COUNTY,321,16 Years,537,286,251,170,87,83,50,32,18,24,13,11,293,154,139
MATAGORDA COUNTY,321,17 Years,518,273,245,165,89,76,60,31,29,26,14,12,267,139,128
MATAGORDA COUNTY,321,18 Years,520,277,243,164,84,80,60,36,24,17,9,8,279,148,131
MATAGORDA COUNTY,321,19 Years,482,249,233,147,79,68,59,29,30,16,7,9,260,134,126
MATAGORDA COUNTY,321,20 Years,482,246,236,135,67,68,58,27,31,22,13,9,267,139,128
MATAGORDA COUNTY,321,21 Years,481,263,218,153,83,70,57,26,31,19,11,8,252,143,109
MATAGORDA COUNTY,321,22 Years,487,252,235,144,72,72,61,32,29,22,10,12,260,138,122
MATAGORDA COUNTY,321,23 Years,551,286,265,177,91,86,71,38,33,26,14,12,277,143,134
MATAGORDA COUNTY,321,24 Years,516,263,253,171,77,94,59,35,24,21,12,9,265,139,126
MATAGORDA COUNTY,321,25 Years,459,255,204,147,84,63,54,29,25,19,12,7,239,130,109
MATAGORDA COUNTY,321,26 Years,444,229,215,152,73,79,59,32,27,13,9,4,220,115,105
MATAGORDA COUNTY,321,27 Years,421,203,218,139,71,68,62,27,35,7,5,2,213,100,113
MATAGORDA COUNTY,321,28 Years,419,204,215,143,75,68,50,19,31,13,6,7,213,104,109
MATAGORDA COUNTY,321,29 Years,385,195,190,134,63,71,34,18,16,13,5,8,204,109,95
MATAGORDA COUNTY,321,30 Years,373,197,176,124,66,58,46,24,22,9,4,5,194,103,91
MATAGORDA COUNTY,321,31 Years,396,201,195,161,70,91,37,22,15,11,6,5,187,103,84
MATAGORDA COUNTY,321,32 Years,381,186,195,142,67,75,46,24,22,14,7,7,179,88,91
MATAGORDA COUNTY,321,33 Years,370,187,183,127,59,68,39,18,21,9,5,4,195,105,90
MATAGORDA COUNTY,321,34 Years,385,202,183,149,82,67,31,12,19,9,4,5,196,104,92
MATAGORDA COUNTY,321,35 Years,387,201,186,153,80,73,34,14,20,9,3,6,191,104,87
MATAGORDA COUNTY,321,36 Years,425,227,198,163,89,74,39,14,25,9,5,4,214,119,95
MATAGORDA COUNTY,321,37 Years,381,189,192,133,66,67,36,18,18,11,6,5,201,99,102
MATAGORDA COUNTY,321,38 Years,372,183,189,139,64,75,30,16,14,9,4,5,194,99,95
MATAGORDA COUNTY,321,39 Years,379,188,191,145,72,73,34,16,18,9,3,6,191,97,94
MATAGORDA COUNTY,321,40 Years,374,182,192,143,66,77,41,21,20,10,5,5,180,90,90
MATAGORDA COUNTY,321,41 Years,368,175,193,145,63,82,39,19,20,12,6,6,172,87,85
MATAGORDA COUNTY,321,42 Years,343,157,186,139,62,77,35,13,22,12,6,6,157,76,81
MATAGORDA COUNTY,321,43 Years,367,165,202,145,65,80,29,11,18,15,5,10,178,84,94
MATAGORDA COUNTY,321,44 Years,390,196,194,165,85,80,35,17,18,20,9,11,170,85,85
MATAGORDA COUNTY,321,45 Years,396,197,199,174,90,84,30,17,13,22,11,11,170,79,91
MATAGORDA COUNTY,321,46 Years,399,191,208,186,85,101,32,17,15,14,7,7,167,82,85
MATAGORDA COUNTY,321,47 Years,416,199,217,199,96,103,42,18,24,18,7,11,157,78,79
MATAGORDA COUNTY,321,48 Years,389,191,198,179,88,91,44,17,27,13,6,7,153,80,73
MATAGORDA COUNTY,321,49 Years,419,211,208,173,90,83,53,20,33,15,7,8,178,94,84
MATAGORDA COUNTY,321,50 Years,428,213,215,180,87,93,60,27,33,14,9,5,174,90,84
MATAGORDA COUNTY,321,51 Years,467,241,226,224,110,114,48,23,25,17,9,8,178,99,79
MATAGORDA COUNTY,321,52 Years,519,279,240,251,126,125,56,32,24,21,10,11,191,111,80
MATAGORDA COUNTY,321,53 Years,528,260,268,264,129,135,69,35,34,18,8,10,177,88,89
MATAGORDA COUNTY,321,54 Years,563,263,300,303,152,151,68,25,43,18,9,9,174,77,97
MATAGORDA COUNTY,321,55 Years,531,263,268,289,146,143,66,26,40,17,8,9,159,83,76
MATAGORDA COUNTY,321,56 Years,565,289,276,313,166,147,73,30,43,20,11,9,159,82,77
MATAGORDA COUNTY,321,57 Years,548,287,261,303,161,142,70,33,37,20,11,9,155,82,73
MATAGORDA COUNTY,321,58 Years,556,291,265,321,167,154,71,34,37,25,11,14,139,79,60
MATAGORDA COUNTY,321,59 Years,576,304,272,324,179,145,87,38,49,17,9,8,148,78,70
MATAGORDA COUNTY,321,60 Years,538,279,259,323,169,154,72,33,39,14,8,6,129,69,60
MATAGORDA COUNTY,321,61 Years,524,277,247,303,159,144,63,36,27,17,9,8,141,73,68
MATAGORDA COUNTY,321,62 Years,531,276,255,323,177,146,62,29,33,15,8,7,131,62,69
MATAGORDA COUNTY,321,63 Years,513,245,268,320,155,165,57,23,34,12,6,6,124,61,63
MATAGORDA COUNTY,321,64 Years,470,222,248,287,134,153,54,28,26,14,7,7,115,53,62
MATAGORDA COUNTY,321,65 Years,439,234,205,267,144,123,46,25,21,16,9,7,110,56,54
MATAGORDA COUNTY,321,66 Years,461,261,200,299,169,130,47,27,20,16,9,7,99,56,43
MATAGORDA COUNTY,321,67 Years,426,227,199,273,144,129,42,22,20,15,7,8,96,54,42
MATAGORDA COUNTY,321,68 Years,411,199,212,277,135,142,41,19,22,13,8,5,80,37,43
MATAGORDA COUNTY,321,69 Years,380,184,196,254,130,124,42,18,24,10,6,4,74,30,44
MATAGORDA COUNTY,321,70 Years,330,161,169,214,108,106,40,21,19,5,3,2,71,29,42
MATAGORDA COUNTY,321,71 Years,311,157,154,212,109,103,29,17,12,5,3,2,65,28,37
MATAGORDA COUNTY,321,72 Years,312,147,165,212,98,114,33,16,17,6,6,0,61,27,34
MATAGORDA COUNTY,321,73 Years,298,136,162,200,90,110,33,16,17,7,5,2,58,25,33
MATAGORDA COUNTY,321,74 Years,284,134,150,188,89,99,28,13,15,6,2,4,62,30,32
MATAGORDA COUNTY,321,75 Years,248,121,127,170,87,83,23,10,13,7,5,2,48,19,29
MATAGORDA COUNTY,321,76 Years,236,117,119,164,92,72,21,9,12,5,1,4,46,15,31
MATAGORDA COUNTY,321,77 Years,228,110,118,168,88,80,19,8,11,2,0,2,39,14,25
MATAGORDA COUNTY,321,78 Years,221,112,109,153,84,69,17,8,9,6,2,4,45,18,27
MATAGORDA COUNTY,321,79 Years,206,94,112,144,65,79,21,9,12,5,2,3,36,18,18
MATAGORDA COUNTY,321,80 Years,167,77,90,106,51,55,23,7,16,5,2,3,33,17,16
MATAGORDA COUNTY,321,81 Years,158,69,89,104,48,56,18,6,12,6,2,4,30,13,17
MATAGORDA COUNTY,321,82 Years,138,56,82,93,40,53,16,5,11,7,2,5,22,9,13
MATAGORDA COUNTY,321,83 Years,123,54,69,85,42,43,15,4,11,4,1,3,19,7,12
MATAGORDA COUNTY,321,84 Years,115,53,62,83,40,43,13,4,9,3,2,1,16,7,9
MATAGORDA COUNTY,321,85 Years +,657,237,420,454,168,286,91,26,65,16,6,10,96,37,59
MAVERICK COUNTY,323,All Ages,56956,28072,28884,1762,975,787,69,43,26,857,445,412,54268,26609,27659
MAVERICK COUNTY,323,< 1 Year,1061,559,502,45,24,21,0,0,0,25,15,10,991,520,471
MAVERICK COUNTY,323,1 Years,1090,563,527,52,28,24,0,0,0,21,12,9,1017,523,494
MAVERICK COUNTY,323,2 Years,1101,553,548,58,31,27,1,1,0,18,10,8,1024,511,513
MAVERICK COUNTY,323,3 Years,1085,539,546,49,29,20,0,0,0,15,7,8,1021,503,518
MAVERICK COUNTY,323,4 Years,1040,529,511,42,28,14,0,0,0,13,4,9,985,497,488
MAVERICK COUNTY,323,5 Years,1008,513,495,36,25,11,0,0,0,18,5,13,954,483,471
MAVERICK COUNTY,323,6 Years,894,458,436,27,14,13,0,0,0,14,3,11,853,441,412
MAVERICK COUNTY,323,7 Years,861,448,413,27,15,12,2,2,0,12,7,5,820,424,396
MAVERICK COUNTY,323,8 Years,885,458,427,24,14,10,1,1,0,23,13,10,837,430,407
MAVERICK COUNTY,323,9 Years,920,463,457,30,17,13,1,1,0,23,15,8,866,430,436
MAVERICK COUNTY,323,10 Years,975,492,483,34,19,15,0,0,0,25,16,9,916,457,459
MAVERICK COUNTY,323,11 Years,1002,506,496,29,16,13,1,0,1,27,16,11,945,474,471
MAVERICK COUNTY,323,12 Years,989,497,492,31,13,18,2,0,2,22,12,10,934,472,462
MAVERICK COUNTY,323,13 Years,989,505,484,25,13,12,0,0,0,19,12,7,945,480,465
MAVERICK COUNTY,323,14 Years,1071,555,516,21,10,11,2,0,2,21,11,10,1027,534,493
MAVERICK COUNTY,323,15 Years,1035,551,484,20,9,11,2,0,2,16,7,9,997,535,462
MAVERICK COUNTY,323,16 Years,1039,557,482,14,4,10,2,1,1,10,6,4,1013,546,467
MAVERICK COUNTY,323,17 Years,1061,555,506,18,8,10,1,1,0,8,3,5,1034,543,491
MAVERICK COUNTY,323,18 Years,1001,527,474,14,7,7,0,0,0,12,4,8,975,516,459
MAVERICK COUNTY,323,19 Years,962,506,456,11,7,4,1,0,1,14,8,6,936,491,445
MAVERICK COUNTY,323,20 Years,986,516,470,13,8,5,1,0,1,8,6,2,964,502,462
MAVERICK COUNTY,323,21 Years,943,485,458,18,10,8,1,0,1,9,6,3,915,469,446
MAVERICK COUNTY,323,22 Years,935,482,453,19,13,6,0,0,0,14,7,7,902,462,440
MAVERICK COUNTY,323,23 Years,999,518,481,19,11,8,1,0,1,9,6,3,970,501,469
MAVERICK COUNTY,323,24 Years,910,487,423,16,9,7,1,1,0,12,7,5,881,470,411
MAVERICK COUNTY,323,25 Years,821,444,377,18,12,6,1,0,1,13,9,4,789,423,366
MAVERICK COUNTY,323,26 Years,717,381,336,15,9,6,2,1,1,13,10,3,687,361,326
MAVERICK COUNTY,323,27 Years,671,344,327,11,6,5,1,1,0,14,10,4,645,327,318
MAVERICK COUNTY,323,28 Years,650,342,308,17,9,8,0,0,0,16,8,8,617,325,292
MAVERICK COUNTY,323,29 Years,633,367,266,27,18,9,2,1,1,15,9,6,589,339,250
MAVERICK COUNTY,323,30 Years,620,358,262,33,22,11,1,1,0,18,12,6,568,323,245
MAVERICK COUNTY,323,31 Years,598,327,271,33,21,12,1,1,0,16,11,5,548,294,254
MAVERICK COUNTY,323,32 Years,607,317,290,29,15,14,2,1,1,15,9,6,561,292,269
MAVERICK COUNTY,323,33 Years,620,307,313,23,13,10,3,2,1,16,7,9,578,285,293
MAVERICK COUNTY,323,34 Years,603,298,305,25,15,10,3,3,0,13,7,6,562,273,289
MAVERICK COUNTY,323,35 Years,643,311,332,23,14,9,1,1,0,10,5,5,609,291,318
MAVERICK COUNTY,323,36 Years,648,314,334,19,11,8,1,1,0,11,5,6,617,297,320
MAVERICK COUNTY,323,37 Years,626,313,313,21,14,7,1,0,1,11,6,5,593,293,300
MAVERICK COUNTY,323,38 Years,616,301,315,15,9,6,1,1,0,11,6,5,589,285,304
MAVERICK COUNTY,323,39 Years,623,278,345,14,8,6,2,1,1,11,5,6,596,264,332
MAVERICK COUNTY,323,40 Years,658,310,348,19,9,10,1,1,0,11,7,4,627,293,334
MAVERICK COUNTY,323,41 Years,684,312,372,16,6,10,0,0,0,7,4,3,661,302,359
MAVERICK COUNTY,323,42 Years,684,317,367,21,10,11,0,0,0,7,4,3,656,303,353
MAVERICK COUNTY,323,43 Years,709,336,373,17,12,5,1,1,0,8,4,4,683,319,364
MAVERICK COUNTY,323,44 Years,696,313,383,19,10,9,0,0,0,9,4,5,668,299,369
MAVERICK COUNTY,323,45 Years,677,305,372,19,10,9,1,1,0,6,4,2,651,290,361
MAVERICK COUNTY,323,46 Years,661,310,351,18,11,7,1,1,0,8,3,5,634,295,339
MAVERICK COUNTY,323,47 Years,683,331,352,15,7,8,1,1,0,15,4,11,652,319,333
MAVERICK COUNTY,323,48 Years,650,314,336,14,5,9,1,1,0,12,5,7,623,303,320
MAVERICK COUNTY,323,49 Years,623,293,330,17,8,9,1,1,0,12,6,6,593,278,315
MAVERICK COUNTY,323,50 Years,614,285,329,26,13,13,1,1,0,7,3,4,580,268,312
MAVERICK COUNTY,323,51 Years,617,309,308,20,13,7,2,1,1,8,3,5,587,292,295
MAVERICK COUNTY,323,52 Years,625,308,317,17,9,8,0,0,0,10,4,6,598,295,303
MAVERICK COUNTY,323,53 Years,602,285,317,13,7,6,1,1,0,10,7,3,578,270,308
MAVERICK COUNTY,323,54 Years,569,266,303,17,10,7,0,0,0,8,4,4,544,252,292
MAVERICK COUNTY,323,55 Years,585,284,301,17,8,9,0,0,0,10,4,6,558,272,286
MAVERICK COUNTY,323,56 Years,596,293,303,13,7,6,1,1,0,7,4,3,575,281,294
MAVERICK COUNTY,323,57 Years,587,267,320,14,7,7,0,0,0,8,2,6,565,258,307
MAVERICK COUNTY,323,58 Years,562,253,309,12,6,6,1,1,0,6,4,2,543,242,301
MAVERICK COUNTY,323,59 Years,568,239,329,17,6,11,1,0,1,3,1,2,547,232,315
MAVERICK COUNTY,323,60 Years,554,260,294,20,10,10,1,1,0,7,1,6,526,248,278
MAVERICK COUNTY,323,61 Years,578,263,315,21,9,12,2,2,0,5,2,3,550,250,300
MAVERICK COUNTY,323,62 Years,558,245,313,22,10,12,3,2,1,3,2,1,530,231,299
MAVERICK COUNTY,323,63 Years,540,244,296,18,10,8,0,0,0,3,1,2,519,233,286
MAVERICK COUNTY,323,64 Years,508,238,270,19,9,10,1,0,1,6,1,5,482,228,254
MAVERICK COUNTY,323,65 Years,513,238,275,20,8,12,0,0,0,3,1,2,490,229,261
MAVERICK COUNTY,323,66 Years,495,229,266,21,9,12,0,0,0,1,0,1,473,220,253
MAVERICK COUNTY,323,67 Years,426,192,234,23,13,10,0,0,0,3,1,2,400,178,222
MAVERICK COUNTY,323,68 Years,421,180,241,18,10,8,0,0,0,3,2,1,400,168,232
MAVERICK COUNTY,323,69 Years,417,186,231,19,13,6,0,0,0,1,0,1,397,173,224
MAVERICK COUNTY,323,70 Years,395,183,212,17,14,3,0,0,0,7,3,4,371,166,205
MAVERICK COUNTY,323,71 Years,380,168,212,16,9,7,0,0,0,4,2,2,360,157,203
MAVERICK COUNTY,323,72 Years,346,156,190,15,7,8,0,0,0,5,3,2,326,146,180
MAVERICK COUNTY,323,73 Years,333,147,186,17,10,7,1,1,0,2,0,2,313,136,177
MAVERICK COUNTY,323,74 Years,311,118,193,18,10,8,1,1,0,0,0,0,292,107,185
MAVERICK COUNTY,323,75 Years,303,134,169,16,11,5,0,0,0,2,1,1,285,122,163
MAVERICK COUNTY,323,76 Years,277,129,148,14,9,5,1,0,1,1,0,1,261,120,141
MAVERICK COUNTY,323,77 Years,243,105,138,11,7,4,0,0,0,1,0,1,231,98,133
MAVERICK COUNTY,323,78 Years,246,105,141,7,3,4,1,0,1,4,0,4,234,102,132
MAVERICK COUNTY,323,79 Years,236,103,133,8,6,2,0,0,0,3,0,3,225,97,128
MAVERICK COUNTY,323,80 Years,215,99,116,8,6,2,0,0,0,1,1,0,206,92,114
MAVERICK COUNTY,323,81 Years,209,94,115,7,6,1,0,0,0,1,1,0,201,87,114
MAVERICK COUNTY,323,82 Years,192,80,112,8,4,4,0,0,0,0,0,0,184,76,108
MAVERICK COUNTY,323,83 Years,153,62,91,11,4,7,0,0,0,0,0,0,142,58,84
MAVERICK COUNTY,323,84 Years,134,51,83,6,3,3,1,0,1,0,0,0,127,48,79
MAVERICK COUNTY,323,85 Years +,785,309,476,26,13,13,1,1,0,8,5,3,750,290,460
MEDINA COUNTY,325,All Ages,50502,25696,24806,22529,11036,11493,918,792,126,937,493,444,26118,13375,12743
MEDINA COUNTY,325,< 1 Year,594,294,300,205,99,106,2,1,1,16,7,9,371,187,184
MEDINA COUNTY,325,1 Years,603,310,293,213,109,104,2,1,1,15,8,7,373,192,181
MEDINA COUNTY,325,2 Years,583,298,285,207,105,102,1,1,0,12,7,5,363,185,178
MEDINA COUNTY,325,3 Years,561,304,257,199,107,92,1,1,0,10,6,4,351,190,161
MEDINA COUNTY,325,4 Years,532,283,249,184,94,90,0,0,0,10,5,5,338,184,154
MEDINA COUNTY,325,5 Years,551,290,261,191,95,96,1,1,0,13,5,8,346,189,157
MEDINA COUNTY,325,6 Years,605,316,289,208,108,100,1,0,1,14,6,8,382,202,180
MEDINA COUNTY,325,7 Years,620,309,311,210,118,92,2,0,2,15,5,10,393,186,207
MEDINA COUNTY,325,8 Years,597,287,310,201,104,97,1,1,0,12,6,6,383,176,207
MEDINA COUNTY,325,9 Years,655,324,331,221,106,115,5,1,4,11,6,5,418,211,207
MEDINA COUNTY,325,10 Years,694,360,334,241,123,118,3,2,1,11,4,7,439,231,208
MEDINA COUNTY,325,11 Years,687,341,346,241,120,121,2,0,2,12,7,5,432,214,218
MEDINA COUNTY,325,12 Years,725,353,372,259,126,133,4,2,2,19,12,7,443,213,230
MEDINA COUNTY,325,13 Years,788,391,397,283,134,149,9,4,5,19,10,9,477,243,234
MEDINA COUNTY,325,14 Years,775,406,369,296,148,148,6,4,2,21,14,7,452,240,212
MEDINA COUNTY,325,15 Years,783,399,384,297,148,149,3,1,2,19,11,8,464,239,225
MEDINA COUNTY,325,16 Years,790,415,375,290,147,143,4,1,3,14,8,6,482,259,223
MEDINA COUNTY,325,17 Years,782,407,375,282,132,150,12,7,5,14,8,6,474,260,214
MEDINA COUNTY,325,18 Years,785,424,361,276,143,133,11,9,2,15,7,8,483,265,218
MEDINA COUNTY,325,19 Years,781,445,336,251,145,106,22,20,2,14,5,9,494,275,219
MEDINA COUNTY,325,20 Years,790,458,332,256,153,103,38,35,3,18,10,8,478,260,218
MEDINA COUNTY,325,21 Years,750,425,325,226,121,105,28,26,2,15,9,6,481,269,212
MEDINA COUNTY,325,22 Years,677,380,297,219,112,107,12,10,2,9,7,2,437,251,186
MEDINA COUNTY,325,23 Years,715,411,304,223,126,97,26,23,3,15,11,4,451,251,200
MEDINA COUNTY,325,24 Years,714,416,298,220,121,99,24,23,1,20,16,4,450,256,194
MEDINA COUNTY,325,25 Years,631,392,239,169,89,80,49,48,1,23,17,6,390,238,152
MEDINA COUNTY,325,26 Years,610,396,214,165,98,67,46,45,1,12,9,3,387,244,143
MEDINA COUNTY,325,27 Years,536,345,191,152,91,61,36,36,0,16,13,3,332,205,127
MEDINA COUNTY,325,28 Years,515,311,204,183,106,77,35,34,1,5,4,1,292,167,125
MEDINA COUNTY,325,29 Years,502,282,220,131,66,65,24,23,1,13,10,3,334,183,151
MEDINA COUNTY,325,30 Years,553,346,207,154,90,64,45,45,0,20,16,4,334,195,139
MEDINA COUNTY,325,31 Years,530,300,230,168,89,79,26,25,1,19,15,4,317,171,146
MEDINA COUNTY,325,32 Years,519,259,260,195,91,104,17,16,1,19,13,6,288,139,149
MEDINA COUNTY,325,33 Years,511,234,277,206,86,120,9,9,0,15,9,6,281,130,151
MEDINA COUNTY,325,34 Years,578,296,282,232,105,127,18,18,0,8,4,4,320,169,151
MEDINA COUNTY,325,35 Years,526,265,261,236,112,124,17,17,0,7,3,4,266,133,133
MEDINA COUNTY,325,36 Years,609,323,286,255,124,131,23,23,0,7,3,4,324,173,151
MEDINA COUNTY,325,37 Years,514,238,276,250,115,135,10,9,1,6,2,4,248,112,136
MEDINA COUNTY,325,38 Years,507,225,282,257,120,137,4,2,2,6,3,3,240,100,140
MEDINA COUNTY,325,39 Years,516,248,268,244,122,122,13,12,1,9,5,4,250,109,141
MEDINA COUNTY,325,40 Years,530,258,272,247,123,124,10,10,0,4,2,2,269,123,146
MEDINA COUNTY,325,41 Years,541,276,265,244,115,129,21,21,0,4,2,2,272,138,134
MEDINA COUNTY,325,42 Years,531,236,295,240,95,145,10,8,2,7,4,3,274,129,145
MEDINA COUNTY,325,43 Years,570,253,317,260,106,154,2,2,0,12,4,8,296,141,155
MEDINA COUNTY,325,44 Years,595,289,306,274,119,155,10,8,2,8,3,5,303,159,144
MEDINA COUNTY,325,45 Years,666,345,321,293,144,149,12,11,1,10,4,6,351,186,165
MEDINA COUNTY,325,46 Years,697,340,357,300,138,162,22,21,1,15,5,10,360,176,184
MEDINA COUNTY,325,47 Years,695,331,364,305,133,172,16,15,1,13,6,7,361,177,184
MEDINA COUNTY,325,48 Years,641,311,330,293,141,152,10,10,0,15,5,10,323,155,168
MEDINA COUNTY,325,49 Years,611,297,314,279,131,148,7,7,0,11,5,6,314,154,160
MEDINA COUNTY,325,50 Years,699,355,344,325,159,166,13,10,3,12,4,8,349,182,167
MEDINA COUNTY,325,51 Years,721,361,360,335,163,172,13,9,4,13,5,8,360,184,176
MEDINA COUNTY,325,52 Years,762,401,361,355,179,176,25,22,3,11,4,7,371,196,175
MEDINA COUNTY,325,53 Years,786,422,364,382,187,195,20,16,4,14,6,8,370,213,157
MEDINA COUNTY,325,54 Years,763,382,381,391,185,206,9,5,4,15,7,8,348,185,163
MEDINA COUNTY,325,55 Years,787,384,403,422,210,212,6,3,3,15,4,11,344,167,177
MEDINA COUNTY,325,56 Years,810,385,425,449,217,232,12,7,5,13,6,7,336,155,181
MEDINA COUNTY,325,57 Years,721,359,362,402,195,207,7,4,3,9,5,4,303,155,148
MEDINA COUNTY,325,58 Years,730,341,389,400,185,215,12,7,5,13,3,10,305,146,159
MEDINA COUNTY,325,59 Years,745,369,376,419,201,218,11,7,4,13,5,8,302,156,146
MEDINA COUNTY,325,60 Years,717,348,369,423,206,217,7,6,1,8,2,6,279,134,145
MEDINA COUNTY,325,61 Years,668,332,336,391,198,193,7,6,1,10,4,6,260,124,136
MEDINA COUNTY,325,62 Years,630,307,323,366,181,185,3,2,1,8,3,5,253,121,132
MEDINA COUNTY,325,63 Years,651,316,335,375,180,195,6,3,3,8,4,4,262,129,133
MEDINA COUNTY,325,64 Years,645,305,340,363,170,193,12,9,3,11,7,4,259,119,140
MEDINA COUNTY,325,65 Years,617,293,324,355,170,185,5,4,1,7,3,4,250,116,134
MEDINA COUNTY,325,66 Years,584,277,307,342,164,178,5,2,3,6,3,3,231,108,123
MEDINA COUNTY,325,67 Years,614,301,313,361,174,187,3,1,2,9,6,3,241,120,121
MEDINA COUNTY,325,68 Years,622,299,323,366,173,193,3,1,2,9,5,4,244,120,124
MEDINA COUNTY,325,69 Years,581,277,304,351,173,178,2,1,1,9,3,6,219,100,119
MEDINA COUNTY,325,70 Years,461,232,229,286,150,136,1,0,1,4,2,2,170,80,90
MEDINA COUNTY,325,71 Years,432,217,215,269,139,130,1,0,1,4,4,0,158,74,84
MEDINA COUNTY,325,72 Years,429,200,229,262,125,137,1,1,0,8,6,2,158,68,90
MEDINA COUNTY,325,73 Years,407,188,219,257,119,138,2,1,1,5,1,4,143,67,76
MEDINA COUNTY,325,74 Years,360,171,189,222,108,114,1,1,0,5,2,3,132,60,72
MEDINA COUNTY,325,75 Years,310,150,160,200,97,103,1,1,0,6,2,4,103,50,53
MEDINA COUNTY,325,76 Years,294,160,134,178,88,90,7,7,0,3,2,1,106,63,43
MEDINA COUNTY,325,77 Years,278,135,143,168,88,80,2,2,0,7,1,6,101,44,57
MEDINA COUNTY,325,78 Years,262,118,144,165,81,84,0,0,0,6,0,6,91,37,54
MEDINA COUNTY,325,79 Years,229,97,132,146,67,79,0,0,0,5,2,3,78,28,50
MEDINA COUNTY,325,80 Years,237,107,130,150,71,79,2,1,1,6,4,2,79,31,48
MEDINA COUNTY,325,81 Years,206,94,112,133,62,71,2,0,2,3,3,0,68,29,39
MEDINA COUNTY,325,82 Years,190,86,104,122,57,65,0,0,0,3,1,2,65,28,37
MEDINA COUNTY,325,83 Years,175,84,91,107,51,56,0,0,0,2,2,0,66,31,35
MEDINA COUNTY,325,84 Years,158,69,89,102,44,58,0,0,0,1,1,0,55,24,31
MEDINA COUNTY,325,85 Years +,850,332,518,558,226,332,5,4,1,9,5,4,278,97,181
MENARD COUNTY,327,All Ages,2289,1204,1085,1345,678,667,14,11,3,15,7,8,915,508,407
MENARD COUNTY,327,< 1 Year,16,10,6,4,3,1,0,0,0,0,0,0,12,7,5
MENARD COUNTY,327,1 Years,19,13,6,5,4,1,0,0,0,0,0,0,14,9,5
MENARD COUNTY,327,2 Years,23,16,7,7,4,3,0,0,0,0,0,0,16,12,4
MENARD COUNTY,327,3 Years,24,14,10,6,3,3,0,0,0,0,0,0,18,11,7
MENARD COUNTY,327,4 Years,24,14,10,7,3,4,0,0,0,0,0,0,17,11,6
MENARD COUNTY,327,5 Years,20,11,9,5,2,3,0,0,0,0,0,0,15,9,6
MENARD COUNTY,327,6 Years,24,15,9,8,6,2,0,0,0,0,0,0,16,9,7
MENARD COUNTY,327,7 Years,31,20,11,17,11,6,0,0,0,0,0,0,14,9,5
MENARD COUNTY,327,8 Years,30,15,15,15,8,7,0,0,0,0,0,0,15,7,8
MENARD COUNTY,327,9 Years,26,13,13,12,6,6,0,0,0,0,0,0,14,7,7
MENARD COUNTY,327,10 Years,30,18,12,14,11,3,0,0,0,0,0,0,16,7,9
MENARD COUNTY,327,11 Years,32,22,10,20,15,5,0,0,0,0,0,0,12,7,5
MENARD COUNTY,327,12 Years,21,15,6,9,8,1,0,0,0,0,0,0,12,7,5
MENARD COUNTY,327,13 Years,21,13,8,10,6,4,0,0,0,0,0,0,11,7,4
MENARD COUNTY,327,14 Years,19,9,10,8,3,5,0,0,0,0,0,0,11,6,5
MENARD COUNTY,327,15 Years,20,11,9,8,3,5,0,0,0,0,0,0,12,8,4
MENARD COUNTY,327,16 Years,25,15,10,11,8,3,0,0,0,0,0,0,14,7,7
MENARD COUNTY,327,17 Years,27,13,14,11,6,5,0,0,0,0,0,0,16,7,9
MENARD COUNTY,327,18 Years,27,18,9,14,8,6,0,0,0,0,0,0,13,10,3
MENARD COUNTY,327,19 Years,20,14,6,7,4,3,0,0,0,0,0,0,13,10,3
MENARD COUNTY,327,20 Years,28,15,13,11,7,4,0,0,0,0,0,0,17,8,9
MENARD COUNTY,327,21 Years,28,15,13,10,6,4,0,0,0,0,0,0,18,9,9
MENARD COUNTY,327,22 Years,19,11,8,9,5,4,0,0,0,0,0,0,10,6,4
MENARD COUNTY,327,23 Years,28,14,14,8,4,4,0,0,0,1,0,1,19,10,9
MENARD COUNTY,327,24 Years,27,17,10,10,7,3,1,1,0,0,0,0,16,9,7
MENARD COUNTY,327,25 Years,22,11,11,9,4,5,0,0,0,0,0,0,13,7,6
MENARD COUNTY,327,26 Years,16,10,6,5,3,2,1,0,1,0,0,0,10,7,3
MENARD COUNTY,327,27 Years,17,10,7,2,2,0,1,0,1,0,0,0,14,8,6
MENARD COUNTY,327,28 Years,15,9,6,5,2,3,1,0,1,0,0,0,9,7,2
MENARD COUNTY,327,29 Years,20,11,9,13,7,6,0,0,0,0,0,0,7,4,3
MENARD COUNTY,327,30 Years,18,13,5,11,8,3,0,0,0,0,0,0,7,5,2
MENARD COUNTY,327,31 Years,18,13,5,10,7,3,0,0,0,0,0,0,8,6,2
MENARD COUNTY,327,32 Years,22,11,11,13,5,8,0,0,0,0,0,0,9,6,3
MENARD COUNTY,327,33 Years,18,9,9,9,4,5,0,0,0,1,0,1,8,5,3
MENARD COUNTY,327,34 Years,20,10,10,8,4,4,1,1,0,1,0,1,10,5,5
MENARD COUNTY,327,35 Years,24,11,13,13,5,8,1,1,0,0,0,0,10,5,5
MENARD COUNTY,327,36 Years,17,7,10,7,2,5,0,0,0,0,0,0,10,5,5
MENARD COUNTY,327,37 Years,15,8,7,8,4,4,0,0,0,1,1,0,6,3,3
MENARD COUNTY,327,38 Years,15,9,6,7,4,3,0,0,0,0,0,0,8,5,3
MENARD COUNTY,327,39 Years,13,6,7,7,4,3,0,0,0,0,0,0,6,2,4
MENARD COUNTY,327,40 Years,19,7,12,11,3,8,0,0,0,1,1,0,7,3,4
MENARD COUNTY,327,41 Years,22,11,11,14,6,8,0,0,0,0,0,0,8,5,3
MENARD COUNTY,327,42 Years,15,7,8,11,6,5,0,0,0,0,0,0,4,1,3
MENARD COUNTY,327,43 Years,16,6,10,13,6,7,0,0,0,0,0,0,3,0,3
MENARD COUNTY,327,44 Years,14,5,9,12,4,8,0,0,0,0,0,0,2,1,1
MENARD COUNTY,327,45 Years,15,4,11,9,2,7,0,0,0,0,0,0,6,2,4
MENARD COUNTY,327,46 Years,17,7,10,7,2,5,0,0,0,0,0,0,10,5,5
MENARD COUNTY,327,47 Years,23,11,12,11,6,5,1,1,0,0,0,0,11,4,7
MENARD COUNTY,327,48 Years,23,12,11,11,5,6,1,1,0,0,0,0,11,6,5
MENARD COUNTY,327,49 Years,26,12,14,17,7,10,0,0,0,0,0,0,9,5,4
MENARD COUNTY,327,50 Years,22,11,11,11,4,7,0,0,0,0,0,0,11,7,4
MENARD COUNTY,327,51 Years,22,12,10,8,2,6,0,0,0,0,0,0,14,10,4
MENARD COUNTY,327,52 Years,27,16,11,12,6,6,0,0,0,0,0,0,15,10,5
MENARD COUNTY,327,53 Years,35,14,21,20,7,13,0,0,0,0,0,0,15,7,8
MENARD COUNTY,327,54 Years,40,21,19,24,11,13,0,0,0,0,0,0,16,10,6
MENARD COUNTY,327,55 Years,39,21,18,25,13,12,0,0,0,1,1,0,13,7,6
MENARD COUNTY,327,56 Years,37,19,18,27,13,14,0,0,0,1,1,0,9,5,4
MENARD COUNTY,327,57 Years,43,22,21,28,15,13,0,0,0,0,0,0,15,7,8
MENARD COUNTY,327,58 Years,34,17,17,21,10,11,1,1,0,0,0,0,12,6,6
MENARD COUNTY,327,59 Years,35,16,19,25,9,16,1,1,0,0,0,0,9,6,3
MENARD COUNTY,327,60 Years,34,18,16,21,13,8,0,0,0,0,0,0,13,5,8
MENARD COUNTY,327,61 Years,35,19,16,24,13,11,0,0,0,0,0,0,11,6,5
MENARD COUNTY,327,62 Years,35,17,18,23,9,14,1,1,0,1,1,0,10,6,4
MENARD COUNTY,327,63 Years,34,16,18,25,11,14,1,1,0,1,0,1,7,4,3
MENARD COUNTY,327,64 Years,29,18,11,21,13,8,0,0,0,1,0,1,7,5,2
MENARD COUNTY,327,65 Years,37,17,20,27,12,15,0,0,0,1,0,1,9,5,4
MENARD COUNTY,327,66 Years,38,14,24,29,11,18,0,0,0,0,0,0,9,3,6
MENARD COUNTY,327,67 Years,44,22,22,29,12,17,1,1,0,0,0,0,14,9,5
MENARD COUNTY,327,68 Years,41,23,18,28,15,13,1,1,0,0,0,0,12,7,5
MENARD COUNTY,327,69 Years,39,19,20,29,13,16,0,0,0,0,0,0,10,6,4
MENARD COUNTY,327,70 Years,36,19,17,28,15,13,0,0,0,0,0,0,8,4,4
MENARD COUNTY,327,71 Years,43,23,20,34,19,15,0,0,0,1,0,1,8,4,4
MENARD COUNTY,327,72 Years,47,29,18,36,22,14,0,0,0,0,0,0,11,7,4
MENARD COUNTY,327,73 Years,44,25,19,36,21,15,0,0,0,1,1,0,7,3,4
MENARD COUNTY,327,74 Years,35,19,16,25,15,10,0,0,0,0,0,0,10,4,6
MENARD COUNTY,327,75 Years,29,14,15,21,10,11,0,0,0,0,0,0,8,4,4
MENARD COUNTY,327,76 Years,32,15,17,27,12,15,0,0,0,0,0,0,5,3,2
MENARD COUNTY,327,77 Years,25,13,12,23,11,12,0,0,0,0,0,0,2,2,0
MENARD COUNTY,327,78 Years,24,13,11,17,10,7,0,0,0,0,0,0,7,3,4
MENARD COUNTY,327,79 Years,25,11,14,19,9,10,0,0,0,0,0,0,6,2,4
MENARD COUNTY,327,80 Years,19,8,11,15,7,8,0,0,0,0,0,0,4,1,3
MENARD COUNTY,327,81 Years,13,6,7,10,5,5,0,0,0,0,0,0,3,1,2
MENARD COUNTY,327,82 Years,20,8,12,14,6,8,0,0,0,0,0,0,6,2,4
MENARD COUNTY,327,83 Years,18,9,9,12,6,6,0,0,0,0,0,0,6,3,3
MENARD COUNTY,327,84 Years,14,8,6,12,6,6,0,0,0,0,0,0,2,2,0
MENARD COUNTY,327,85 Years +,96,41,55,70,29,41,0,0,0,2,1,1,24,11,13
MIDLAND COUNTY,329,All Ages,162105,80733,81372,77968,38818,39150,9999,4906,5093,5561,2770,2791,68577,34239,34338
MIDLAND COUNTY,329,< 1 Year,2772,1421,1351,1059,553,506,173,87,86,140,64,76,1400,717,683
MIDLAND COUNTY,329,1 Years,2754,1414,1340,1040,541,499,167,85,82,143,67,76,1404,721,683
MIDLAND COUNTY,329,2 Years,2685,1370,1315,1017,523,494,158,79,79,140,70,70,1370,698,672
MIDLAND COUNTY,329,3 Years,2527,1284,1243,969,487,482,148,76,72,124,62,62,1286,659,627
MIDLAND COUNTY,329,4 Years,2376,1210,1166,917,465,452,137,67,70,120,63,57,1202,615,587
MIDLAND COUNTY,329,5 Years,2245,1167,1078,852,438,414,133,68,65,106,57,49,1154,604,550
MIDLAND COUNTY,329,6 Years,2129,1106,1023,798,427,371,126,59,67,91,45,46,1114,575,539
MIDLAND COUNTY,329,7 Years,2407,1254,1153,891,473,418,150,84,66,101,50,51,1265,647,618
MIDLAND COUNTY,329,8 Years,2474,1266,1208,919,490,429,153,73,80,96,41,55,1306,662,644
MIDLAND COUNTY,329,9 Years,2438,1254,1184,857,445,412,167,81,86,93,43,50,1321,685,636
MIDLAND COUNTY,329,10 Years,2376,1229,1147,846,446,400,163,96,67,89,42,47,1278,645,633
MIDLAND COUNTY,329,11 Years,2370,1217,1153,846,454,392,153,82,71,89,46,43,1282,635,647
MIDLAND COUNTY,329,12 Years,2368,1227,1141,840,440,400,150,76,74,92,52,40,1286,659,627
MIDLAND COUNTY,329,13 Years,2333,1198,1135,825,418,407,150,78,72,70,40,30,1288,662,626
MIDLAND COUNTY,329,14 Years,2346,1208,1138,825,432,393,147,77,70,87,48,39,1287,651,636
MIDLAND COUNTY,329,15 Years,2378,1206,1172,850,422,428,146,68,78,96,52,44,1286,664,622
MIDLAND COUNTY,329,16 Years,2372,1208,1164,866,440,426,159,76,83,85,48,37,1262,644,618
MIDLAND COUNTY,329,17 Years,2313,1210,1103,856,445,411,145,73,72,80,45,35,1232,647,585
MIDLAND COUNTY,329,18 Years,2187,1140,1047,788,422,366,120,59,61,73,41,32,1206,618,588
MIDLAND COUNTY,329,19 Years,2050,1077,973,733,392,341,134,69,65,69,35,34,1114,581,533
MIDLAND COUNTY,329,20 Years,2008,1044,964,727,370,357,118,59,59,71,41,30,1092,574,518
MIDLAND COUNTY,329,21 Years,2061,1031,1030,759,387,372,125,65,60,61,38,23,1116,541,575
MIDLAND COUNTY,329,22 Years,2117,1066,1051,798,408,390,124,70,54,76,49,27,1119,539,580
MIDLAND COUNTY,329,23 Years,2188,1094,1094,823,421,402,149,81,68,71,43,28,1145,549,596
MIDLAND COUNTY,329,24 Years,2324,1150,1174,894,459,435,168,80,88,83,46,37,1179,565,614
MIDLAND COUNTY,329,25 Years,2440,1209,1231,929,477,452,202,87,115,91,45,46,1218,600,618
MIDLAND COUNTY,329,26 Years,2292,1117,1175,883,440,443,177,89,88,78,32,46,1154,556,598
MIDLAND COUNTY,329,27 Years,2183,1060,1123,862,416,446,129,72,57,77,37,40,1115,535,580
MIDLAND COUNTY,329,28 Years,2175,1089,1086,847,425,422,129,75,54,82,37,45,1117,552,565
MIDLAND COUNTY,329,29 Years,2339,1178,1161,960,482,478,148,77,71,87,40,47,1144,579,565
MIDLAND COUNTY,329,30 Years,2473,1242,1231,1095,564,531,165,80,85,84,36,48,1129,562,567
MIDLAND COUNTY,329,31 Years,2559,1323,1236,1168,621,547,144,79,65,97,41,56,1150,582,568
MIDLAND COUNTY,329,32 Years,2641,1408,1233,1230,664,566,137,77,60,111,47,64,1163,620,543
MIDLAND COUNTY,329,33 Years,2729,1431,1298,1299,710,589,132,73,59,114,55,59,1184,593,591
MIDLAND COUNTY,329,34 Years,2640,1369,1271,1237,668,569,138,70,68,99,47,52,1166,584,582
MIDLAND COUNTY,329,35 Years,2495,1314,1181,1195,650,545,124,57,67,86,44,42,1090,563,527
MIDLAND COUNTY,329,36 Years,2431,1290,1141,1168,654,514,144,65,79,77,42,35,1042,529,513
MIDLAND COUNTY,329,37 Years,2165,1130,1035,1019,563,456,126,60,66,72,29,43,948,478,470
MIDLAND COUNTY,329,38 Years,2072,1043,1029,937,481,456,110,58,52,73,25,48,952,479,473
MIDLAND COUNTY,329,39 Years,1961,1013,948,869,430,439,113,61,52,68,37,31,911,485,426
MIDLAND COUNTY,329,40 Years,1862,965,897,814,418,396,117,58,59,83,42,41,848,447,401
MIDLAND COUNTY,329,41 Years,1916,965,951,864,427,437,111,50,61,67,37,30,874,451,423
MIDLAND COUNTY,329,42 Years,1858,930,928,828,424,404,95,46,49,68,38,30,867,422,445
MIDLAND COUNTY,329,43 Years,1857,942,915,839,434,405,114,63,51,54,21,33,850,424,426
MIDLAND COUNTY,329,44 Years,1894,950,944,889,454,435,106,58,48,58,21,37,841,417,424
MIDLAND COUNTY,329,45 Years,1877,884,993,904,434,470,112,44,68,79,34,45,782,372,410
MIDLAND COUNTY,329,46 Years,1848,920,928,893,468,425,118,52,66,87,38,49,750,362,388
MIDLAND COUNTY,329,47 Years,1844,904,940,898,443,455,120,59,61,68,28,40,758,374,384
MIDLAND COUNTY,329,48 Years,1753,861,892,836,403,433,124,64,60,50,26,24,743,368,375
MIDLAND COUNTY,329,49 Years,1700,832,868,832,390,442,119,62,57,46,29,17,703,351,352
MIDLAND COUNTY,329,50 Years,1741,870,871,847,414,433,119,62,57,49,32,17,726,362,364
MIDLAND COUNTY,329,51 Years,1814,909,905,892,435,457,132,70,62,48,28,20,742,376,366
MIDLAND COUNTY,329,52 Years,1916,916,1000,997,460,537,148,71,77,52,27,25,719,358,361
MIDLAND COUNTY,329,53 Years,2052,991,1061,1127,545,582,150,68,82,51,20,31,724,358,366
MIDLAND COUNTY,329,54 Years,2116,1011,1105,1239,598,641,137,64,73,46,21,25,694,328,366
MIDLAND COUNTY,329,55 Years,2169,993,1176,1295,583,712,148,68,80,56,27,29,670,315,355
MIDLAND COUNTY,329,56 Years,2250,1081,1169,1378,662,716,142,66,76,67,30,37,663,323,340
MIDLAND COUNTY,329,57 Years,2205,1061,1144,1404,671,733,135,63,72,54,26,28,612,301,311
MIDLAND COUNTY,329,58 Years,2185,1069,1116,1420,685,735,134,65,69,46,26,20,585,293,292
MIDLAND COUNTY,329,59 Years,2195,1093,1102,1409,704,705,136,63,73,54,30,24,596,296,300
MIDLAND COUNTY,329,60 Years,2138,1029,1109,1382,673,709,127,57,70,47,22,25,582,277,305
MIDLAND COUNTY,329,61 Years,2030,991,1039,1383,677,706,109,46,63,44,21,23,494,247,247
MIDLAND COUNTY,329,62 Years,1920,948,972,1280,633,647,124,64,60,51,28,23,465,223,242
MIDLAND COUNTY,329,63 Years,1786,875,911,1202,607,595,106,53,53,57,31,26,421,184,237
MIDLAND COUNTY,329,64 Years,1650,815,835,1116,557,559,111,52,59,43,22,21,380,184,196
MIDLAND COUNTY,329,65 Years,1549,746,803,1041,512,529,96,44,52,54,27,27,358,163,195
MIDLAND COUNTY,329,66 Years,1458,708,750,958,477,481,79,35,44,52,27,25,369,169,200
MIDLAND COUNTY,329,67 Years,1312,653,659,880,449,431,72,37,35,45,26,19,315,141,174
MIDLAND COUNTY,329,68 Years,1235,608,627,836,430,406,70,26,44,38,17,21,291,135,156
MIDLAND COUNTY,329,69 Years,1229,597,632,860,426,434,66,29,37,41,17,24,262,125,137
MIDLAND COUNTY,329,70 Years,978,495,483,659,339,320,66,35,31,30,17,13,223,104,119
MIDLAND COUNTY,329,71 Years,875,403,472,590,279,311,54,22,32,25,15,10,206,87,119
MIDLAND COUNTY,329,72 Years,868,403,465,605,289,316,52,22,30,18,10,8,193,82,111
MIDLAND COUNTY,329,73 Years,843,396,447,581,281,300,54,27,27,17,9,8,191,79,112
MIDLAND COUNTY,329,74 Years,781,348,433,539,241,298,52,24,28,21,14,7,169,69,100
MIDLAND COUNTY,329,75 Years,687,304,383,461,205,256,46,18,28,16,9,7,164,72,92
MIDLAND COUNTY,329,76 Years,659,274,385,461,190,271,46,20,26,17,10,7,135,54,81
MIDLAND COUNTY,329,77 Years,623,257,366,438,182,256,36,18,18,17,7,10,132,50,82
MIDLAND COUNTY,329,78 Years,642,266,376,473,190,283,33,16,17,13,5,8,123,55,68
MIDLAND COUNTY,329,79 Years,608,260,348,448,187,261,41,14,27,10,4,6,109,55,54
MIDLAND COUNTY,329,80 Years,585,260,325,430,186,244,37,17,20,8,3,5,110,54,56
MIDLAND COUNTY,329,81 Years,561,246,315,415,180,235,33,13,20,8,5,3,105,48,57
MIDLAND COUNTY,329,82 Years,495,209,286,383,168,215,25,7,18,4,2,2,83,32,51
MIDLAND COUNTY,329,83 Years,461,181,280,357,147,210,24,7,17,5,2,3,75,25,50
MIDLAND COUNTY,329,84 Years,438,162,276,339,124,215,26,8,18,6,1,5,67,29,38
MIDLAND COUNTY,329,85 Years +,2449,885,1564,1953,694,1259,116,31,85,49,16,33,331,144,187
MILAM COUNTY,331,All Ages,24445,12188,12257,15105,7460,7645,2407,1176,1231,458,244,214,6475,3308,3167
MILAM COUNTY,331,< 1 Year,319,161,158,141,79,62,32,12,20,14,9,5,132,61,71
MILAM COUNTY,331,1 Years,327,165,162,139,73,66,34,16,18,18,11,7,136,65,71
MILAM COUNTY,331,2 Years,328,164,164,135,66,69,33,17,16,19,11,8,141,70,71
MILAM COUNTY,331,3 Years,326,161,165,132,64,68,34,18,16,16,8,8,144,71,73
MILAM COUNTY,331,4 Years,319,158,161,133,67,66,32,14,18,10,5,5,144,72,72
MILAM COUNTY,331,5 Years,317,159,158,126,65,61,29,12,17,15,10,5,147,72,75
MILAM COUNTY,331,6 Years,332,172,160,134,81,53,33,17,16,12,7,5,153,67,86
MILAM COUNTY,331,7 Years,324,170,154,144,79,65,29,16,13,11,6,5,140,69,71
MILAM COUNTY,331,8 Years,333,179,154,160,87,73,36,19,17,10,8,2,127,65,62
MILAM COUNTY,331,9 Years,336,166,170,160,80,80,37,19,18,9,7,2,130,60,70
MILAM COUNTY,331,10 Years,306,160,146,159,79,80,30,18,12,9,5,4,108,58,50
MILAM COUNTY,331,11 Years,337,170,167,171,85,86,32,18,14,9,4,5,125,63,62
MILAM COUNTY,331,12 Years,341,176,165,172,90,82,29,15,14,8,5,3,132,66,66
MILAM COUNTY,331,13 Years,325,171,154,157,84,73,32,16,16,7,5,2,129,66,63
MILAM COUNTY,331,14 Years,361,192,169,179,94,85,32,16,16,8,4,4,142,78,64
MILAM COUNTY,331,15 Years,374,191,183,180,92,88,44,24,20,6,2,4,144,73,71
MILAM COUNTY,331,16 Years,365,199,166,178,100,78,42,24,18,6,3,3,139,72,67
MILAM COUNTY,331,17 Years,336,182,154,174,99,75,31,14,17,6,2,4,125,67,58
MILAM COUNTY,331,18 Years,324,173,151,166,96,70,38,16,22,5,4,1,115,57,58
MILAM COUNTY,331,19 Years,333,176,157,171,95,76,38,20,18,6,4,2,118,57,61
MILAM COUNTY,331,20 Years,325,178,147,161,89,72,38,22,16,7,3,4,119,64,55
MILAM COUNTY,331,21 Years,344,190,154,163,86,77,50,29,21,9,5,4,122,70,52
MILAM COUNTY,331,22 Years,352,181,171,162,79,83,52,30,22,9,5,4,129,67,62
MILAM COUNTY,331,23 Years,345,188,157,165,89,76,52,32,20,8,2,6,120,65,55
MILAM COUNTY,331,24 Years,333,174,159,180,92,88,40,20,20,5,2,3,108,60,48
MILAM COUNTY,331,25 Years,270,127,143,142,64,78,30,14,16,4,2,2,94,47,47
MILAM COUNTY,331,26 Years,232,122,110,117,60,57,30,18,12,4,3,1,81,41,40
MILAM COUNTY,331,27 Years,227,110,117,111,48,63,27,16,11,3,1,2,86,45,41
MILAM COUNTY,331,28 Years,220,116,104,126,62,64,22,12,10,2,1,1,70,41,29
MILAM COUNTY,331,29 Years,206,111,95,116,62,54,24,15,9,4,2,2,62,32,30
MILAM COUNTY,331,30 Years,211,111,100,115,55,60,20,12,8,3,2,1,73,42,31
MILAM COUNTY,331,31 Years,219,106,113,114,51,63,22,13,9,4,2,2,79,40,39
MILAM COUNTY,331,32 Years,218,115,103,111,66,45,19,7,12,2,1,1,86,41,45
MILAM COUNTY,331,33 Years,243,128,115,133,72,61,20,9,11,6,3,3,84,44,40
MILAM COUNTY,331,34 Years,227,115,112,127,60,67,19,8,11,4,2,2,77,45,32
MILAM COUNTY,331,35 Years,223,109,114,133,62,71,16,6,10,1,0,1,73,41,32
MILAM COUNTY,331,36 Years,230,109,121,132,60,72,23,9,14,3,2,1,72,38,34
MILAM COUNTY,331,37 Years,229,96,133,140,53,87,17,5,12,4,2,2,68,36,32
MILAM COUNTY,331,38 Years,238,106,132,145,63,82,18,3,15,3,3,0,72,37,35
MILAM COUNTY,331,39 Years,240,112,128,141,67,74,23,7,16,2,2,0,74,36,38
MILAM COUNTY,331,40 Years,267,131,136,149,76,73,31,12,19,3,2,1,84,41,43
MILAM COUNTY,331,41 Years,240,112,128,146,66,80,22,9,13,4,1,3,68,36,32
MILAM COUNTY,331,42 Years,251,115,136,149,69,80,25,9,16,3,0,3,74,37,37
MILAM COUNTY,331,43 Years,245,120,125,161,79,82,21,8,13,2,0,2,61,33,28
MILAM COUNTY,331,44 Years,273,138,135,185,90,95,25,14,11,5,2,3,58,32,26
MILAM COUNTY,331,45 Years,293,161,132,190,107,83,24,12,12,3,1,2,76,41,35
MILAM COUNTY,331,46 Years,287,142,145,180,91,89,26,9,17,5,2,3,76,40,36
MILAM COUNTY,331,47 Years,273,127,146,176,84,92,23,9,14,6,3,3,68,31,37
MILAM COUNTY,331,48 Years,278,141,137,190,96,94,21,11,10,5,4,1,62,30,32
MILAM COUNTY,331,49 Years,295,149,146,194,99,95,36,17,19,3,3,0,62,30,32
MILAM COUNTY,331,50 Years,309,147,162,199,96,103,34,16,18,6,3,3,70,32,38
MILAM COUNTY,331,51 Years,311,161,150,207,104,103,32,18,14,3,1,2,69,38,31
MILAM COUNTY,331,52 Years,322,158,164,219,107,112,34,17,17,1,0,1,68,34,34
MILAM COUNTY,331,53 Years,358,173,185,246,119,127,34,16,18,7,4,3,71,34,37
MILAM COUNTY,331,54 Years,326,157,169,225,104,121,36,18,18,7,3,4,58,32,26
MILAM COUNTY,331,55 Years,342,174,168,235,117,118,41,25,16,4,2,2,62,30,32
MILAM COUNTY,331,56 Years,362,174,188,254,124,130,45,21,24,4,3,1,59,26,33
MILAM COUNTY,331,57 Years,330,165,165,239,114,125,36,18,18,6,4,2,49,29,20
MILAM COUNTY,331,58 Years,347,172,175,246,115,131,29,17,12,5,3,2,67,37,30
MILAM COUNTY,331,59 Years,361,176,185,271,130,141,30,15,15,5,4,1,55,27,28
MILAM COUNTY,331,60 Years,365,187,178,271,135,136,31,16,15,6,3,3,57,33,24
MILAM COUNTY,331,61 Years,351,167,184,263,129,134,33,12,21,6,1,5,49,25,24
MILAM COUNTY,331,62 Years,348,169,179,270,136,134,32,15,17,2,0,2,44,18,26
MILAM COUNTY,331,63 Years,325,156,169,259,120,139,23,10,13,1,1,0,42,25,17
MILAM COUNTY,331,64 Years,319,152,167,252,120,132,22,8,14,4,2,2,41,22,19
MILAM COUNTY,331,65 Years,335,160,175,264,122,142,27,16,11,5,3,2,39,19,20
MILAM COUNTY,331,66 Years,308,152,156,238,118,120,31,17,14,4,2,2,35,15,20
MILAM COUNTY,331,67 Years,300,152,148,226,113,113,32,17,15,5,1,4,37,21,16
MILAM COUNTY,331,68 Years,305,159,146,233,119,114,33,17,16,3,1,2,36,22,14
MILAM COUNTY,331,69 Years,332,169,163,264,130,134,25,14,11,3,1,2,40,24,16
MILAM COUNTY,331,70 Years,264,140,124,212,115,97,22,12,10,1,0,1,29,13,16
MILAM COUNTY,331,71 Years,265,138,127,210,110,100,18,8,10,3,2,1,34,18,16
MILAM COUNTY,331,72 Years,238,118,120,191,95,96,18,9,9,4,2,2,25,12,13
MILAM COUNTY,331,73 Years,229,118,111,190,96,94,18,10,8,4,3,1,17,9,8
MILAM COUNTY,331,74 Years,206,104,102,169,87,82,17,8,9,3,1,2,17,8,9
MILAM COUNTY,331,75 Years,190,93,97,152,79,73,17,6,11,2,1,1,19,7,12
MILAM COUNTY,331,76 Years,178,86,92,142,70,72,14,3,11,2,1,1,20,12,8
MILAM COUNTY,331,77 Years,170,79,91,135,63,72,18,6,12,1,0,1,16,10,6
MILAM COUNTY,331,78 Years,177,81,96,140,65,75,14,7,7,3,1,2,20,8,12
MILAM COUNTY,331,79 Years,167,69,98,133,58,75,15,6,9,3,0,3,16,5,11
MILAM COUNTY,331,80 Years,151,72,79,121,56,65,12,6,6,2,1,1,16,9,7
MILAM COUNTY,331,81 Years,129,60,69,104,46,58,11,6,5,0,0,0,14,8,6
MILAM COUNTY,331,82 Years,126,54,72,102,44,58,12,5,7,1,1,0,11,4,7
MILAM COUNTY,331,83 Years,113,50,63,93,42,51,9,4,5,3,0,3,8,4,4
MILAM COUNTY,331,84 Years,102,41,61,83,32,51,8,4,4,1,1,0,10,4,6
MILAM COUNTY,331,85 Years +,587,220,367,482,178,304,51,15,36,8,5,3,46,22,24
MILLS COUNTY,333,All Ages,5028,2509,2519,3959,1939,2020,27,14,13,79,42,37,963,514,449
MILLS COUNTY,333,< 1 Year,47,25,22,28,17,11,0,0,0,0,0,0,19,8,11
MILLS COUNTY,333,1 Years,51,27,24,29,16,13,0,0,0,2,1,1,20,10,10
MILLS COUNTY,333,2 Years,54,30,24,32,17,15,0,0,0,2,1,1,20,12,8
MILLS COUNTY,333,3 Years,56,32,24,33,17,16,0,0,0,3,2,1,20,13,7
MILLS COUNTY,333,4 Years,53,31,22,33,19,14,0,0,0,3,2,1,17,10,7
MILLS COUNTY,333,5 Years,52,28,24,31,15,16,0,0,0,0,0,0,21,13,8
MILLS COUNTY,333,6 Years,63,34,29,36,14,22,0,0,0,1,1,0,26,19,7
MILLS COUNTY,333,7 Years,59,34,25,38,22,16,0,0,0,2,2,0,19,10,9
MILLS COUNTY,333,8 Years,70,31,39,45,21,24,0,0,0,2,2,0,23,8,15
MILLS COUNTY,333,9 Years,75,33,42,52,26,26,0,0,0,2,1,1,21,6,15
MILLS COUNTY,333,10 Years,76,40,36,56,31,25,0,0,0,1,0,1,19,9,10
MILLS COUNTY,333,11 Years,68,32,36,49,22,27,0,0,0,2,1,1,17,9,8
MILLS COUNTY,333,12 Years,66,35,31,48,25,23,0,0,0,2,1,1,16,9,7
MILLS COUNTY,333,13 Years,66,35,31,52,25,27,1,1,0,2,2,0,11,7,4
MILLS COUNTY,333,14 Years,70,39,31,58,31,27,1,1,0,1,1,0,10,6,4
MILLS COUNTY,333,15 Years,80,45,35,67,37,30,1,0,1,1,1,0,11,7,4
MILLS COUNTY,333,16 Years,86,43,43,69,36,33,4,2,2,0,0,0,13,5,8
MILLS COUNTY,333,17 Years,83,37,46,63,28,35,4,3,1,1,0,1,15,6,9
MILLS COUNTY,333,18 Years,76,32,44,57,25,32,5,2,3,0,0,0,14,5,9
MILLS COUNTY,333,19 Years,73,37,36,53,26,27,3,2,1,0,0,0,17,9,8
MILLS COUNTY,333,20 Years,71,40,31,46,24,22,2,2,0,0,0,0,23,14,9
MILLS COUNTY,333,21 Years,66,35,31,46,23,23,0,0,0,1,0,1,19,12,7
MILLS COUNTY,333,22 Years,71,35,36,48,23,25,1,0,1,3,2,1,19,10,9
MILLS COUNTY,333,23 Years,77,46,31,55,30,25,0,0,0,1,1,0,21,15,6
MILLS COUNTY,333,24 Years,73,42,31,57,31,26,0,0,0,0,0,0,16,11,5
MILLS COUNTY,333,25 Years,45,20,25,34,14,20,0,0,0,0,0,0,11,6,5
MILLS COUNTY,333,26 Years,40,20,20,25,13,12,0,0,0,1,0,1,14,7,7
MILLS COUNTY,333,27 Years,34,19,15,24,12,12,0,0,0,0,0,0,10,7,3
MILLS COUNTY,333,28 Years,38,18,20,23,10,13,0,0,0,0,0,0,15,8,7
MILLS COUNTY,333,29 Years,40,22,18,27,18,9,0,0,0,1,0,1,12,4,8
MILLS COUNTY,333,30 Years,32,19,13,25,16,9,0,0,0,1,0,1,6,3,3
MILLS COUNTY,333,31 Years,36,20,16,29,16,13,0,0,0,0,0,0,7,4,3
MILLS COUNTY,333,32 Years,34,19,15,25,14,11,0,0,0,0,0,0,9,5,4
MILLS COUNTY,333,33 Years,37,14,23,24,8,16,0,0,0,2,0,2,11,6,5
MILLS COUNTY,333,34 Years,39,13,26,30,10,20,0,0,0,0,0,0,9,3,6
MILLS COUNTY,333,35 Years,39,15,24,28,11,17,0,0,0,0,0,0,11,4,7
MILLS COUNTY,333,36 Years,45,24,21,33,18,15,0,0,0,1,1,0,11,5,6
MILLS COUNTY,333,37 Years,46,24,22,30,14,16,0,0,0,1,1,0,15,9,6
MILLS COUNTY,333,38 Years,40,19,21,29,14,15,0,0,0,0,0,0,11,5,6
MILLS COUNTY,333,39 Years,43,23,20,33,18,15,0,0,0,2,2,0,8,3,5
MILLS COUNTY,333,40 Years,44,18,26,32,14,18,1,0,1,2,1,1,9,3,6
MILLS COUNTY,333,41 Years,33,15,18,24,11,13,0,0,0,1,0,1,8,4,4
MILLS COUNTY,333,42 Years,40,22,18,29,16,13,0,0,0,1,1,0,10,5,5
MILLS COUNTY,333,43 Years,45,23,22,33,16,17,0,0,0,1,1,0,11,6,5
MILLS COUNTY,333,44 Years,46,20,26,31,14,17,0,0,0,0,0,0,15,6,9
MILLS COUNTY,333,45 Years,59,23,36,43,16,27,0,0,0,1,1,0,15,6,9
MILLS COUNTY,333,46 Years,64,33,31,49,24,25,0,0,0,1,1,0,14,8,6
MILLS COUNTY,333,47 Years,59,36,23,48,30,18,0,0,0,1,0,1,10,6,4
MILLS COUNTY,333,48 Years,52,25,27,42,20,22,0,0,0,1,0,1,9,5,4
MILLS COUNTY,333,49 Years,61,33,28,51,26,25,0,0,0,0,0,0,10,7,3
MILLS COUNTY,333,50 Years,61,32,29,46,25,21,0,0,0,1,0,1,14,7,7
MILLS COUNTY,333,51 Years,70,38,32,52,26,26,0,0,0,2,1,1,16,11,5
MILLS COUNTY,333,52 Years,58,29,29,47,23,24,0,0,0,1,0,1,10,6,4
MILLS COUNTY,333,53 Years,59,30,29,46,21,25,1,1,0,1,0,1,11,8,3
MILLS COUNTY,333,54 Years,63,31,32,52,24,28,1,0,1,2,1,1,8,6,2
MILLS COUNTY,333,55 Years,72,35,37,58,28,30,1,0,1,1,0,1,12,7,5
MILLS COUNTY,333,56 Years,59,33,26,53,29,24,0,0,0,0,0,0,6,4,2
MILLS COUNTY,333,57 Years,51,24,27,45,22,23,0,0,0,0,0,0,6,2,4
MILLS COUNTY,333,58 Years,63,29,34,55,26,29,0,0,0,2,0,2,6,3,3
MILLS COUNTY,333,59 Years,69,35,34,57,28,29,0,0,0,4,2,2,8,5,3
MILLS COUNTY,333,60 Years,77,38,39,66,32,34,0,0,0,2,1,1,9,5,4
MILLS COUNTY,333,61 Years,77,43,34,65,36,29,1,0,1,0,0,0,11,7,4
MILLS COUNTY,333,62 Years,69,37,32,61,32,29,0,0,0,0,0,0,8,5,3
MILLS COUNTY,333,63 Years,71,34,37,60,29,31,0,0,0,2,1,1,9,4,5
MILLS COUNTY,333,64 Years,68,31,37,59,27,32,0,0,0,0,0,0,9,4,5
MILLS COUNTY,333,65 Years,72,38,34,63,35,28,0,0,0,1,0,1,8,3,5
MILLS COUNTY,333,66 Years,78,37,41,69,33,36,0,0,0,2,1,1,7,3,4
MILLS COUNTY,333,67 Years,80,34,46,70,30,40,0,0,0,1,1,0,9,3,6
MILLS COUNTY,333,68 Years,68,34,34,64,32,32,0,0,0,0,0,0,4,2,2
MILLS COUNTY,333,69 Years,69,34,35,65,31,34,0,0,0,0,0,0,4,3,1
MILLS COUNTY,333,70 Years,69,32,37,65,30,35,0,0,0,2,1,1,2,1,1
MILLS COUNTY,333,71 Years,73,31,42,67,28,39,0,0,0,1,0,1,5,3,2
MILLS COUNTY,333,72 Years,75,39,36,72,37,35,0,0,0,1,1,0,2,1,1
MILLS COUNTY,333,73 Years,73,37,36,67,34,33,0,0,0,0,0,0,6,3,3
MILLS COUNTY,333,74 Years,63,32,31,61,31,30,0,0,0,0,0,0,2,1,1
MILLS COUNTY,333,75 Years,55,32,23,50,29,21,0,0,0,0,0,0,5,3,2
MILLS COUNTY,333,76 Years,44,23,21,39,19,20,0,0,0,1,1,0,4,3,1
MILLS COUNTY,333,77 Years,49,19,30,42,15,27,0,0,0,0,0,0,7,4,3
MILLS COUNTY,333,78 Years,40,18,22,36,15,21,0,0,0,1,1,0,3,2,1
MILLS COUNTY,333,79 Years,34,18,16,33,17,16,0,0,0,0,0,0,1,1,0
MILLS COUNTY,333,80 Years,33,17,16,29,16,13,0,0,0,0,0,0,4,1,3
MILLS COUNTY,333,81 Years,26,13,13,22,11,11,0,0,0,0,0,0,4,2,2
MILLS COUNTY,333,82 Years,33,13,20,29,11,18,0,0,0,0,0,0,4,2,2
MILLS COUNTY,333,83 Years,33,17,16,28,14,14,0,0,0,0,0,0,5,3,2
MILLS COUNTY,333,84 Years,32,16,16,29,15,14,0,0,0,0,0,0,3,1,2
MILLS COUNTY,333,85 Years +,169,61,108,155,54,101,0,0,0,1,0,1,13,7,6
MITCHELL COUNTY,335,All Ages,8698,5328,3370,4208,2243,1965,918,819,99,126,68,58,3446,2198,1248
MITCHELL COUNTY,335,< 1 Year,84,43,41,34,19,15,1,0,1,0,0,0,49,24,25
MITCHELL COUNTY,335,1 Years,84,39,45,36,18,18,1,0,1,0,0,0,47,21,26
MITCHELL COUNTY,335,2 Years,83,40,43,34,17,17,1,0,1,2,1,1,46,22,24
MITCHELL COUNTY,335,3 Years,88,46,42,36,19,17,0,0,0,3,1,2,49,26,23
MITCHELL COUNTY,335,4 Years,91,49,42,34,20,14,0,0,0,5,2,3,52,27,25
MITCHELL COUNTY,335,5 Years,95,49,46,36,18,18,0,0,0,4,2,2,55,29,26
MITCHELL COUNTY,335,6 Years,88,45,43,35,13,22,1,0,1,3,1,2,49,31,18
MITCHELL COUNTY,335,7 Years,92,44,48,43,18,25,3,1,2,1,0,1,45,25,20
MITCHELL COUNTY,335,8 Years,93,47,46,41,21,20,2,1,1,4,1,3,46,24,22
MITCHELL COUNTY,335,9 Years,93,49,44,41,23,18,3,0,3,2,1,1,47,25,22
MITCHELL COUNTY,335,10 Years,86,43,43,40,20,20,2,1,1,1,0,1,43,22,21
MITCHELL COUNTY,335,11 Years,72,43,29,29,18,11,3,2,1,1,0,1,39,23,16
MITCHELL COUNTY,335,12 Years,93,48,45,44,22,22,6,3,3,1,1,0,42,22,20
MITCHELL COUNTY,335,13 Years,90,47,43,39,20,19,7,3,4,2,1,1,42,23,19
MITCHELL COUNTY,335,14 Years,89,45,44,44,23,21,7,5,2,1,0,1,37,17,20
MITCHELL COUNTY,335,15 Years,100,48,52,51,25,26,5,3,2,0,0,0,44,20,24
MITCHELL COUNTY,335,16 Years,101,52,49,49,24,25,3,2,1,1,0,1,48,26,22
MITCHELL COUNTY,335,17 Years,98,53,45,48,29,19,5,2,3,1,1,0,44,21,23
MITCHELL COUNTY,335,18 Years,114,69,45,52,31,21,7,5,2,1,1,0,54,32,22
MITCHELL COUNTY,335,19 Years,127,88,39,46,24,22,20,19,1,1,0,1,60,45,15
MITCHELL COUNTY,335,20 Years,155,116,39,39,21,18,27,27,0,2,1,1,87,67,20
MITCHELL COUNTY,335,21 Years,201,153,48,52,27,25,48,48,0,3,2,1,98,76,22
MITCHELL COUNTY,335,22 Years,208,160,48,57,34,23,51,49,2,1,0,1,99,77,22
MITCHELL COUNTY,335,23 Years,198,158,40,53,35,18,46,42,4,2,2,0,97,79,18
MITCHELL COUNTY,335,24 Years,204,164,40,62,43,19,44,42,2,3,1,2,95,78,17
MITCHELL COUNTY,335,25 Years,197,162,35,72,54,18,56,54,2,1,1,0,68,53,15
MITCHELL COUNTY,335,26 Years,184,150,34,53,39,14,45,43,2,1,1,0,85,67,18
MITCHELL COUNTY,335,27 Years,147,114,33,48,32,16,31,28,3,1,0,1,67,54,13
MITCHELL COUNTY,335,28 Years,161,133,28,47,36,11,37,35,2,2,2,0,75,60,15
MITCHELL COUNTY,335,29 Years,141,111,30,48,32,16,26,26,0,1,1,0,66,52,14
MITCHELL COUNTY,335,30 Years,136,107,29,52,36,16,30,30,0,3,2,1,51,39,12
MITCHELL COUNTY,335,31 Years,114,79,35,41,26,15,23,22,1,2,0,2,48,31,17
MITCHELL COUNTY,335,32 Years,118,86,32,42,28,14,18,18,0,3,1,2,55,39,16
MITCHELL COUNTY,335,33 Years,122,89,33,44,25,19,21,21,0,2,2,0,55,41,14
MITCHELL COUNTY,335,34 Years,120,89,31,47,30,17,20,20,0,0,0,0,53,39,14
MITCHELL COUNTY,335,35 Years,130,88,42,57,32,25,17,16,1,2,2,0,54,38,16
MITCHELL COUNTY,335,36 Years,120,75,45,52,23,29,19,18,1,2,1,1,47,33,14
MITCHELL COUNTY,335,37 Years,134,96,38,56,32,24,20,18,2,3,1,2,55,45,10
MITCHELL COUNTY,335,38 Years,120,89,31,58,34,24,17,16,1,1,1,0,44,38,6
MITCHELL COUNTY,335,39 Years,105,70,35,57,31,26,10,10,0,2,2,0,36,27,9
MITCHELL COUNTY,335,40 Years,87,59,28,44,27,17,7,7,0,1,1,0,35,24,11
MITCHELL COUNTY,335,41 Years,101,72,29,47,28,19,14,14,0,3,3,0,37,27,10
MITCHELL COUNTY,335,42 Years,104,73,31,50,28,22,20,19,1,2,2,0,32,24,8
MITCHELL COUNTY,335,43 Years,93,59,34,45,24,21,19,18,1,1,1,0,28,16,12
MITCHELL COUNTY,335,44 Years,91,56,35,44,26,18,9,8,1,1,1,0,37,21,16
MITCHELL COUNTY,335,45 Years,120,74,46,62,35,27,9,9,0,1,1,0,48,29,19
MITCHELL COUNTY,335,46 Years,121,71,50,55,29,26,11,10,1,0,0,0,55,32,23
MITCHELL COUNTY,335,47 Years,95,62,33,46,26,20,9,8,1,1,1,0,39,27,12
MITCHELL COUNTY,335,48 Years,87,61,26,42,28,14,11,11,0,3,2,1,31,20,11
MITCHELL COUNTY,335,49 Years,105,65,40,48,28,20,8,6,2,3,1,2,46,30,16
MITCHELL COUNTY,335,50 Years,108,71,37,50,29,21,10,8,2,1,1,0,47,33,14
MITCHELL COUNTY,335,51 Years,98,58,40,52,29,23,7,5,2,1,1,0,38,23,15
MITCHELL COUNTY,335,52 Years,87,49,38,45,25,20,10,8,2,1,0,1,31,16,15
MITCHELL COUNTY,335,53 Years,106,67,39,59,34,25,8,8,0,1,1,0,38,24,14
MITCHELL COUNTY,335,54 Years,103,61,42,63,35,28,7,5,2,1,0,1,32,21,11
MITCHELL COUNTY,335,55 Years,76,38,38,43,20,23,2,1,1,0,0,0,31,17,14
MITCHELL COUNTY,335,56 Years,107,64,43,72,41,31,6,6,0,1,1,0,28,16,12
MITCHELL COUNTY,335,57 Years,101,57,44,63,34,29,5,3,2,3,2,1,30,18,12
MITCHELL COUNTY,335,58 Years,96,43,53,62,28,34,4,3,1,1,1,0,29,11,18
MITCHELL COUNTY,335,59 Years,87,42,45,56,22,34,4,3,1,3,2,1,24,15,9
MITCHELL COUNTY,335,60 Years,89,43,46,61,28,33,6,3,3,0,0,0,22,12,10
MITCHELL COUNTY,335,61 Years,102,50,52,76,38,38,1,0,1,3,1,2,22,11,11
MITCHELL COUNTY,335,62 Years,106,48,58,78,34,44,2,1,1,2,1,1,24,12,12
MITCHELL COUNTY,335,63 Years,100,48,52,73,36,37,2,1,1,0,0,0,25,11,14
MITCHELL COUNTY,335,64 Years,104,54,50,71,35,36,4,2,2,1,1,0,28,16,12
MITCHELL COUNTY,335,65 Years,100,42,58,68,31,37,2,1,1,2,1,1,28,9,19
MITCHELL COUNTY,335,66 Years,86,39,47,60,28,32,2,0,2,0,0,0,24,11,13
MITCHELL COUNTY,335,67 Years,77,38,39,50,23,27,1,0,1,2,2,0,24,13,11
MITCHELL COUNTY,335,68 Years,83,44,39,58,29,29,1,1,0,0,0,0,24,14,10
MITCHELL COUNTY,335,69 Years,86,43,43,64,30,34,1,1,0,0,0,0,21,12,9
MITCHELL COUNTY,335,70 Years,73,35,38,52,20,32,0,0,0,2,1,1,19,14,5
MITCHELL COUNTY,335,71 Years,65,28,37,47,20,27,0,0,0,2,0,2,16,8,8
MITCHELL COUNTY,335,72 Years,62,26,36,40,16,24,4,1,3,1,1,0,17,8,9
MITCHELL COUNTY,335,73 Years,59,25,34,38,15,23,3,2,1,0,0,0,18,8,10
MITCHELL COUNTY,335,74 Years,60,32,28,42,25,17,2,2,0,0,0,0,16,5,11
MITCHELL COUNTY,335,75 Years,58,23,35,39,17,22,2,1,1,3,1,2,14,4,10
MITCHELL COUNTY,335,76 Years,40,17,23,28,11,17,2,1,1,0,0,0,10,5,5
MITCHELL COUNTY,335,77 Years,43,21,22,30,15,15,2,2,0,1,0,1,10,4,6
MITCHELL COUNTY,335,78 Years,43,17,26,32,14,18,0,0,0,1,0,1,10,3,7
MITCHELL COUNTY,335,79 Years,45,23,22,33,18,15,1,1,0,0,0,0,11,4,7
MITCHELL COUNTY,335,80 Years,43,23,20,26,14,12,3,2,1,1,1,0,13,6,7
MITCHELL COUNTY,335,81 Years,35,14,21,24,8,16,1,1,0,1,0,1,9,5,4
MITCHELL COUNTY,335,82 Years,25,9,16,17,6,11,0,0,0,0,0,0,8,3,5
MITCHELL COUNTY,335,83 Years,30,13,17,18,10,8,3,1,2,0,0,0,9,2,7
MITCHELL COUNTY,335,84 Years,28,15,13,19,11,8,0,0,0,2,0,2,7,4,3
MITCHELL COUNTY,335,85 Years +,207,80,127,167,63,104,10,5,5,2,0,2,28,12,16
MONTAGUE COUNTY,337,All Ages,19717,9799,9918,16848,8367,8481,44,31,13,426,192,234,2399,1209,1190
MONTAGUE COUNTY,337,< 1 Year,235,111,124,175,82,93,0,0,0,3,1,2,57,28,29
MONTAGUE COUNTY,337,1 Years,230,114,116,168,82,86,0,0,0,6,4,2,56,28,28
MONTAGUE COUNTY,337,2 Years,222,111,111,164,81,83,0,0,0,6,4,2,52,26,26
MONTAGUE COUNTY,337,3 Years,222,113,109,166,83,83,4,2,2,6,4,2,46,24,22
MONTAGUE COUNTY,337,4 Years,224,110,114,169,84,85,4,2,2,4,2,2,47,22,25
MONTAGUE COUNTY,337,5 Years,246,127,119,181,96,85,0,0,0,3,1,2,62,30,32
MONTAGUE COUNTY,337,6 Years,263,139,124,196,111,85,2,1,1,4,2,2,61,25,36
MONTAGUE COUNTY,337,7 Years,248,128,120,184,95,89,2,2,0,4,2,2,58,29,29
MONTAGUE COUNTY,337,8 Years,256,134,122,195,99,96,1,1,0,7,4,3,53,30,23
MONTAGUE COUNTY,337,9 Years,249,135,114,191,102,89,0,0,0,7,3,4,51,30,21
MONTAGUE COUNTY,337,10 Years,227,123,104,167,90,77,0,0,0,9,5,4,51,28,23
MONTAGUE COUNTY,337,11 Years,245,128,117,181,95,86,1,1,0,10,4,6,53,28,25
MONTAGUE COUNTY,337,12 Years,259,131,128,194,96,98,1,1,0,11,4,7,53,30,23
MONTAGUE COUNTY,337,13 Years,238,128,110,183,98,85,0,0,0,8,3,5,47,27,20
MONTAGUE COUNTY,337,14 Years,253,142,111,192,106,86,2,2,0,9,4,5,50,30,20
MONTAGUE COUNTY,337,15 Years,260,122,138,204,97,107,1,0,1,7,3,4,48,22,26
MONTAGUE COUNTY,337,16 Years,235,106,129,178,86,92,2,1,1,5,3,2,50,16,34
MONTAGUE COUNTY,337,17 Years,253,127,126,194,99,95,0,0,0,9,6,3,50,22,28
MONTAGUE COUNTY,337,18 Years,254,121,133,201,96,105,2,0,2,6,4,2,45,21,24
MONTAGUE COUNTY,337,19 Years,218,97,121,169,79,90,2,1,1,6,3,3,41,14,27
MONTAGUE COUNTY,337,20 Years,202,94,108,155,75,80,1,1,0,7,3,4,39,15,24
MONTAGUE COUNTY,337,21 Years,204,98,106,151,72,79,1,0,1,8,4,4,44,22,22
MONTAGUE COUNTY,337,22 Years,208,105,103,153,78,75,1,1,0,4,1,3,50,25,25
MONTAGUE COUNTY,337,23 Years,225,114,111,169,85,84,0,0,0,11,5,6,45,24,21
MONTAGUE COUNTY,337,24 Years,238,116,122,187,94,93,3,3,0,6,2,4,42,17,25
MONTAGUE COUNTY,337,25 Years,193,105,88,142,82,60,0,0,0,4,2,2,47,21,26
MONTAGUE COUNTY,337,26 Years,208,109,99,170,88,82,0,0,0,1,1,0,37,20,17
MONTAGUE COUNTY,337,27 Years,210,106,104,175,90,85,0,0,0,2,1,1,33,15,18
MONTAGUE COUNTY,337,28 Years,187,84,103,154,68,86,0,0,0,3,1,2,30,15,15
MONTAGUE COUNTY,337,29 Years,170,76,94,136,60,76,0,0,0,4,2,2,30,14,16
MONTAGUE COUNTY,337,30 Years,182,106,76,154,89,65,0,0,0,4,2,2,24,15,9
MONTAGUE COUNTY,337,31 Years,169,96,73,134,75,59,1,1,0,1,1,0,33,19,14
MONTAGUE COUNTY,337,32 Years,177,88,89,139,67,72,2,2,0,2,0,2,34,19,15
MONTAGUE COUNTY,337,33 Years,182,96,86,146,75,71,0,0,0,9,7,2,27,14,13
MONTAGUE COUNTY,337,34 Years,180,91,89,146,72,74,0,0,0,6,5,1,28,14,14
MONTAGUE COUNTY,337,35 Years,194,95,99,166,81,85,0,0,0,6,3,3,22,11,11
MONTAGUE COUNTY,337,36 Years,198,105,93,165,89,76,0,0,0,5,1,4,28,15,13
MONTAGUE COUNTY,337,37 Years,174,91,83,144,76,68,0,0,0,3,0,3,27,15,12
MONTAGUE COUNTY,337,38 Years,191,100,91,159,81,78,0,0,0,4,2,2,28,17,11
MONTAGUE COUNTY,337,39 Years,188,88,100,155,70,85,0,0,0,4,1,3,29,17,12
MONTAGUE COUNTY,337,40 Years,192,93,99,159,77,82,0,0,0,5,2,3,28,14,14
MONTAGUE COUNTY,337,41 Years,206,94,112,170,79,91,0,0,0,2,1,1,34,14,20
MONTAGUE COUNTY,337,42 Years,213,102,111,173,86,87,1,1,0,5,2,3,34,13,21
MONTAGUE COUNTY,337,43 Years,229,129,100,191,112,79,1,1,0,4,1,3,33,15,18
MONTAGUE COUNTY,337,44 Years,214,112,102,188,101,87,0,0,0,3,1,2,23,10,13
MONTAGUE COUNTY,337,45 Years,241,124,117,211,111,100,0,0,0,5,0,5,25,13,12
MONTAGUE COUNTY,337,46 Years,227,114,113,198,99,99,1,0,1,3,1,2,25,14,11
MONTAGUE COUNTY,337,47 Years,241,113,128,200,96,104,1,1,0,8,3,5,32,13,19
MONTAGUE COUNTY,337,48 Years,223,106,117,187,90,97,0,0,0,7,2,5,29,14,15
MONTAGUE COUNTY,337,49 Years,247,131,116,218,115,103,0,0,0,3,2,1,26,14,12
MONTAGUE COUNTY,337,50 Years,276,142,134,239,123,116,0,0,0,6,3,3,31,16,15
MONTAGUE COUNTY,337,51 Years,268,134,134,230,118,112,0,0,0,4,0,4,34,16,18
MONTAGUE COUNTY,337,52 Years,248,120,128,219,109,110,0,0,0,2,0,2,27,11,16
MONTAGUE COUNTY,337,53 Years,272,135,137,240,119,121,0,0,0,7,3,4,25,13,12
MONTAGUE COUNTY,337,54 Years,301,155,146,261,133,128,1,1,0,12,5,7,27,16,11
MONTAGUE COUNTY,337,55 Years,310,152,158,275,133,142,0,0,0,9,3,6,26,16,10
MONTAGUE COUNTY,337,56 Years,318,159,159,286,142,144,0,0,0,7,4,3,25,13,12
MONTAGUE COUNTY,337,57 Years,285,141,144,261,128,133,0,0,0,8,3,5,16,10,6
MONTAGUE COUNTY,337,58 Years,299,152,147,279,141,138,1,0,1,3,2,1,16,9,7
MONTAGUE COUNTY,337,59 Years,308,155,153,280,141,139,1,1,0,8,3,5,19,10,9
MONTAGUE COUNTY,337,60 Years,280,144,136,256,128,128,0,0,0,8,5,3,16,11,5
MONTAGUE COUNTY,337,61 Years,285,140,145,266,131,135,1,1,0,5,1,4,13,7,6
MONTAGUE COUNTY,337,62 Years,280,136,144,264,126,138,1,1,0,5,3,2,10,6,4
MONTAGUE COUNTY,337,63 Years,259,127,132,250,122,128,0,0,0,3,2,1,6,3,3
MONTAGUE COUNTY,337,64 Years,263,135,128,255,129,126,0,0,0,3,2,1,5,4,1
MONTAGUE COUNTY,337,65 Years,273,139,134,265,135,130,0,0,0,2,1,1,6,3,3
MONTAGUE COUNTY,337,66 Years,289,137,152,280,133,147,0,0,0,3,2,1,6,2,4
MONTAGUE COUNTY,337,67 Years,306,141,165,294,137,157,0,0,0,4,2,2,8,2,6
MONTAGUE COUNTY,337,68 Years,310,156,154,297,150,147,0,0,0,4,2,2,9,4,5
MONTAGUE COUNTY,337,69 Years,295,158,137,278,147,131,1,1,0,8,5,3,8,5,3
MONTAGUE COUNTY,337,70 Years,260,132,128,248,125,123,1,1,0,5,2,3,6,4,2
MONTAGUE COUNTY,337,71 Years,233,109,124,226,105,121,0,0,0,2,0,2,5,4,1
MONTAGUE COUNTY,337,72 Years,242,123,119,231,116,115,0,0,0,3,2,1,8,5,3
MONTAGUE COUNTY,337,73 Years,234,115,119,224,107,117,0,0,0,3,2,1,7,6,1
MONTAGUE COUNTY,337,74 Years,213,105,108,203,98,105,0,0,0,3,1,2,7,6,1
MONTAGUE COUNTY,337,75 Years,178,97,81,172,92,80,0,0,0,3,3,0,3,2,1
MONTAGUE COUNTY,337,76 Years,151,77,74,144,74,70,0,0,0,2,1,1,5,2,3
MONTAGUE COUNTY,337,77 Years,155,77,78,151,75,76,0,0,0,1,0,1,3,2,1
MONTAGUE COUNTY,337,78 Years,166,73,93,163,72,91,0,0,0,2,1,1,1,0,1
MONTAGUE COUNTY,337,79 Years,157,73,84,153,70,83,0,0,0,2,1,1,2,2,0
MONTAGUE COUNTY,337,80 Years,143,63,80,135,59,76,0,0,0,4,1,3,4,3,1
MONTAGUE COUNTY,337,81 Years,120,53,67,113,50,63,0,0,0,4,1,3,3,2,1
MONTAGUE COUNTY,337,82 Years,110,51,59,106,51,55,0,0,0,2,0,2,2,0,2
MONTAGUE COUNTY,337,83 Years,108,50,58,105,49,56,0,0,0,1,0,1,2,1,1
MONTAGUE COUNTY,337,84 Years,99,44,55,94,43,51,0,0,0,2,0,2,3,1,2
MONTAGUE COUNTY,337,85 Years +,473,171,302,458,166,292,0,0,0,7,1,6,8,4,4
MONTGOMERY COUNTY,339,All Ages,557340,272566,284774,364978,175567,189411,24021,11516,12505,25853,12349,13504,142488,73134,69354
MONTGOMERY COUNTY,339,< 1 Year,7025,3598,3427,3682,1903,1779,334,163,171,427,210,217,2582,1322,1260
MONTGOMERY COUNTY,339,1 Years,6959,3564,3395,3694,1885,1809,322,164,158,446,221,225,2497,1294,1203
MONTGOMERY COUNTY,339,2 Years,6790,3464,3326,3664,1865,1799,298,154,144,481,237,244,2347,1208,1139
MONTGOMERY COUNTY,339,3 Years,6584,3334,3250,3579,1812,1767,276,144,132,464,233,231,2265,1145,1120
MONTGOMERY COUNTY,339,4 Years,6521,3313,3208,3565,1803,1762,269,141,128,470,237,233,2217,1132,1085
MONTGOMERY COUNTY,339,5 Years,6706,3409,3297,3577,1796,1781,270,141,129,481,234,247,2378,1238,1140
MONTGOMERY COUNTY,339,6 Years,6787,3558,3229,3656,1933,1723,269,129,140,459,238,221,2403,1258,1145
MONTGOMERY COUNTY,339,7 Years,7261,3755,3506,3936,2053,1883,296,144,152,501,260,241,2528,1298,1230
MONTGOMERY COUNTY,339,8 Years,7776,3987,3789,4217,2185,2032,336,165,171,517,270,247,2706,1367,1339
MONTGOMERY COUNTY,339,9 Years,8126,4124,4002,4404,2233,2171,347,177,170,514,275,239,2861,1439,1422
MONTGOMERY COUNTY,339,10 Years,8380,4274,4106,4536,2321,2215,371,178,193,517,268,249,2956,1507,1449
MONTGOMERY COUNTY,339,11 Years,8558,4316,4242,4666,2328,2338,357,186,171,512,264,248,3023,1538,1485
MONTGOMERY COUNTY,339,12 Years,8758,4466,4292,4855,2446,2409,400,208,192,497,263,234,3006,1549,1457
MONTGOMERY COUNTY,339,13 Years,8929,4539,4390,4997,2514,2483,444,227,217,454,233,221,3034,1565,1469
MONTGOMERY COUNTY,339,14 Years,8987,4525,4462,5010,2498,2512,455,234,221,465,239,226,3057,1554,1503
MONTGOMERY COUNTY,339,15 Years,9087,4576,4511,5051,2508,2543,460,244,216,493,243,250,3083,1581,1502
MONTGOMERY COUNTY,339,16 Years,9028,4557,4471,5122,2568,2554,453,222,231,487,240,247,2966,1527,1439
MONTGOMERY COUNTY,339,17 Years,8747,4458,4289,5003,2504,2499,462,224,238,457,229,228,2825,1501,1324
MONTGOMERY COUNTY,339,18 Years,8179,4184,3995,4664,2342,2322,427,214,213,448,230,218,2640,1398,1242
MONTGOMERY COUNTY,339,19 Years,7464,3826,3638,4090,2093,1997,381,190,191,435,223,212,2558,1320,1238
MONTGOMERY COUNTY,339,20 Years,7091,3579,3512,3843,1937,1906,372,186,186,423,219,204,2453,1237,1216
MONTGOMERY COUNTY,339,21 Years,6809,3411,3398,3770,1882,1888,339,170,169,386,189,197,2314,1170,1144
MONTGOMERY COUNTY,339,22 Years,6658,3314,3344,3670,1795,1875,349,174,175,363,173,190,2276,1172,1104
MONTGOMERY COUNTY,339,23 Years,6620,3315,3305,3727,1823,1904,345,178,167,338,166,172,2210,1148,1062
MONTGOMERY COUNTY,339,24 Years,6326,3197,3129,3669,1828,1841,314,155,159,273,141,132,2070,1073,997
MONTGOMERY COUNTY,339,25 Years,5622,2876,2746,3131,1551,1580,291,151,140,250,134,116,1950,1040,910
MONTGOMERY COUNTY,339,26 Years,5460,2833,2627,3042,1528,1514,277,134,143,227,106,121,1914,1065,849
MONTGOMERY COUNTY,339,27 Years,5318,2760,2558,2981,1504,1477,261,125,136,213,96,117,1863,1035,828
MONTGOMERY COUNTY,339,28 Years,5314,2710,2604,3029,1490,1539,247,120,127,237,113,124,1801,987,814
MONTGOMERY COUNTY,339,29 Years,5764,2879,2885,3373,1597,1776,262,121,141,229,113,116,1900,1048,852
MONTGOMERY COUNTY,339,30 Years,6076,2984,3092,3536,1657,1879,282,136,146,209,108,101,2049,1083,966
MONTGOMERY COUNTY,339,31 Years,6483,3205,3278,3822,1822,2000,314,163,151,229,114,115,2118,1106,1012
MONTGOMERY COUNTY,339,32 Years,6867,3314,3553,4202,1950,2252,306,148,158,247,117,130,2112,1099,1013
MONTGOMERY COUNTY,339,33 Years,7394,3547,3847,4516,2094,2422,324,152,172,263,128,135,2291,1173,1118
MONTGOMERY COUNTY,339,34 Years,7776,3760,4016,4789,2235,2554,341,171,170,284,135,149,2362,1219,1143
MONTGOMERY COUNTY,339,35 Years,7947,3869,4078,4905,2321,2584,396,197,199,305,133,172,2341,1218,1123
MONTGOMERY COUNTY,339,36 Years,8051,3912,4139,4994,2370,2624,401,183,218,317,145,172,2339,1214,1125
MONTGOMERY COUNTY,339,37 Years,7811,3765,4046,4807,2285,2522,353,164,189,327,154,173,2324,1162,1162
MONTGOMERY COUNTY,339,38 Years,7746,3672,4074,4741,2232,2509,354,171,183,322,131,191,2329,1138,1191
MONTGOMERY COUNTY,339,39 Years,7847,3794,4053,4786,2312,2474,361,166,195,356,162,194,2344,1154,1190
MONTGOMERY COUNTY,339,40 Years,7894,3846,4048,4792,2325,2467,358,163,195,334,146,188,2410,1212,1198
MONTGOMERY COUNTY,339,41 Years,8007,3889,4118,4941,2400,2541,359,166,193,338,131,207,2369,1192,1177
MONTGOMERY COUNTY,339,42 Years,7937,3796,4141,4865,2330,2535,402,179,223,360,135,225,2310,1152,1158
MONTGOMERY COUNTY,339,43 Years,8074,3888,4186,4956,2375,2581,415,184,231,373,162,211,2330,1167,1163
MONTGOMERY COUNTY,339,44 Years,8459,4123,4336,5426,2610,2816,411,192,219,392,167,225,2230,1154,1076
MONTGOMERY COUNTY,339,45 Years,8761,4321,4440,5769,2802,2967,413,188,225,406,178,228,2173,1153,1020
MONTGOMERY COUNTY,339,46 Years,8685,4302,4383,5740,2790,2950,393,187,206,425,190,235,2127,1135,992
MONTGOMERY COUNTY,339,47 Years,8287,4106,4181,5451,2655,2796,359,166,193,420,195,225,2057,1090,967
MONTGOMERY COUNTY,339,48 Years,7966,3960,4006,5233,2562,2671,347,164,183,406,189,217,1980,1045,935
MONTGOMERY COUNTY,339,49 Years,7815,3900,3915,5222,2552,2670,327,163,164,375,179,196,1891,1006,885
MONTGOMERY COUNTY,339,50 Years,7747,3787,3960,5270,2520,2750,324,153,171,379,175,204,1774,939,835
MONTGOMERY COUNTY,339,51 Years,7970,3855,4115,5528,2649,2879,323,151,172,387,170,217,1732,885,847
MONTGOMERY COUNTY,339,52 Years,8041,3915,4126,5724,2769,2955,323,150,173,374,167,207,1620,829,791
MONTGOMERY COUNTY,339,53 Years,8017,3877,4140,5852,2834,3018,333,139,194,346,152,194,1486,752,734
MONTGOMERY COUNTY,339,54 Years,7994,3887,4107,5938,2881,3057,317,142,175,345,152,193,1394,712,682
MONTGOMERY COUNTY,339,55 Years,8007,3865,4142,6029,2895,3134,320,150,170,333,156,177,1325,664,661
MONTGOMERY COUNTY,339,56 Years,7922,3856,4066,6097,2959,3138,307,142,165,320,162,158,1198,593,605
MONTGOMERY COUNTY,339,57 Years,7727,3719,4008,6021,2883,3138,300,134,166,308,154,154,1098,548,550
MONTGOMERY COUNTY,339,58 Years,7759,3778,3981,6070,2937,3133,313,141,172,301,142,159,1075,558,517
MONTGOMERY COUNTY,339,59 Years,7437,3637,3800,5832,2845,2987,319,147,172,290,129,161,996,516,480
MONTGOMERY COUNTY,339,60 Years,7147,3428,3719,5617,2700,2917,319,151,168,274,121,153,937,456,481
MONTGOMERY COUNTY,339,61 Years,6845,3239,3606,5441,2563,2878,291,137,154,239,113,126,874,426,448
MONTGOMERY COUNTY,339,62 Years,6463,3089,3374,5220,2492,2728,249,115,134,230,106,124,764,376,388
MONTGOMERY COUNTY,339,63 Years,6205,2952,3253,5040,2401,2639,237,105,132,239,105,134,689,341,348
MONTGOMERY COUNTY,339,64 Years,5998,2817,3181,4944,2324,2620,222,95,127,217,99,118,615,299,316
MONTGOMERY COUNTY,339,65 Years,5613,2625,2988,4632,2162,2470,206,89,117,200,94,106,575,280,295
MONTGOMERY COUNTY,339,66 Years,5391,2555,2836,4471,2103,2368,191,89,102,185,90,95,544,273,271
MONTGOMERY COUNTY,339,67 Years,5272,2467,2805,4438,2057,2381,168,82,86,165,79,86,501,249,252
MONTGOMERY COUNTY,339,68 Years,5389,2530,2859,4591,2142,2449,176,96,80,168,76,92,454,216,238
MONTGOMERY COUNTY,339,69 Years,5089,2441,2648,4375,2086,2289,160,81,79,159,80,79,395,194,201
MONTGOMERY COUNTY,339,70 Years,4101,1914,2187,3519,1639,1880,120,58,62,136,60,76,326,157,169
MONTGOMERY COUNTY,339,71 Years,3914,1797,2117,3352,1538,1814,115,57,58,122,49,73,325,153,172
MONTGOMERY COUNTY,339,72 Years,3816,1741,2075,3300,1511,1789,104,44,60,113,52,61,299,134,165
MONTGOMERY COUNTY,339,73 Years,3671,1664,2007,3196,1450,1746,96,42,54,100,46,54,279,126,153
MONTGOMERY COUNTY,339,74 Years,3360,1499,1861,2940,1310,1630,84,37,47,85,37,48,251,115,136
MONTGOMERY COUNTY,339,75 Years,2935,1354,1581,2557,1174,1383,73,32,41,75,35,40,230,113,117
MONTGOMERY COUNTY,339,76 Years,2599,1192,1407,2239,1024,1215,59,24,35,78,37,41,223,107,116
MONTGOMERY COUNTY,339,77 Years,2414,1104,1310,2071,953,1118,55,25,30,78,35,43,210,91,119
MONTGOMERY COUNTY,339,78 Years,2202,989,1213,1934,873,1061,43,19,24,57,26,31,168,71,97
MONTGOMERY COUNTY,339,79 Years,1988,879,1109,1754,784,970,35,9,26,54,25,29,145,61,84
MONTGOMERY COUNTY,339,80 Years,1765,771,994,1544,685,859,33,9,24,47,23,24,141,54,87
MONTGOMERY COUNTY,339,81 Years,1654,710,944,1458,634,824,34,14,20,42,17,25,120,45,75
MONTGOMERY COUNTY,339,82 Years,1517,630,887,1339,567,772,43,15,28,45,12,33,90,36,54
MONTGOMERY COUNTY,339,83 Years,1336,539,797,1193,482,711,37,14,23,35,14,21,71,29,42
MONTGOMERY COUNTY,339,84 Years,1221,509,712,1088,453,635,28,13,15,30,14,16,75,29,46
MONTGOMERY COUNTY,339,85 Years +,7297,2301,4996,6668,2084,4584,164,49,115,145,49,96,320,119,201
MOORE COUNTY,341,All Ages,22722,11849,10873,7545,3713,3832,362,232,130,2271,1329,942,12544,6575,5969
MOORE COUNTY,341,< 1 Year,411,201,210,80,32,48,24,7,17,35,17,18,272,145,127
MOORE COUNTY,341,1 Years,399,200,199,79,35,44,19,7,12,40,19,21,261,139,122
MOORE COUNTY,341,2 Years,398,203,195,80,38,42,17,9,8,50,24,26,251,132,119
MOORE COUNTY,341,3 Years,392,197,195,77,39,38,14,7,7,56,29,27,245,122,123
MOORE COUNTY,341,4 Years,390,196,194,78,38,40,18,9,9,58,31,27,236,118,118
MOORE COUNTY,341,5 Years,376,193,183,76,36,40,11,6,5,57,35,22,232,116,116
MOORE COUNTY,341,6 Years,385,207,178,84,48,36,8,2,6,55,40,15,238,117,121
MOORE COUNTY,341,7 Years,382,201,181,81,38,43,5,2,3,55,32,23,241,129,112
MOORE COUNTY,341,8 Years,411,207,204,67,33,34,4,2,2,63,36,27,277,136,141
MOORE COUNTY,341,9 Years,417,225,192,86,43,43,2,2,0,60,33,27,269,147,122
MOORE COUNTY,341,10 Years,418,222,196,88,46,42,2,1,1,51,29,22,277,146,131
MOORE COUNTY,341,11 Years,426,221,205,87,44,43,3,1,2,48,31,17,288,145,143
MOORE COUNTY,341,12 Years,409,217,192,77,38,39,3,2,1,45,28,17,284,149,135
MOORE COUNTY,341,13 Years,403,212,191,81,42,39,3,2,1,45,25,20,274,143,131
MOORE COUNTY,341,14 Years,383,206,177,89,49,40,4,4,0,46,22,24,244,131,113
MOORE COUNTY,341,15 Years,377,212,165,91,49,42,3,2,1,43,21,22,240,140,100
MOORE COUNTY,341,16 Years,349,193,156,90,55,35,1,1,0,35,18,17,223,119,104
MOORE COUNTY,341,17 Years,355,200,155,96,55,41,1,1,0,37,20,17,221,124,97
MOORE COUNTY,341,18 Years,355,201,154,92,47,45,2,1,1,34,20,14,227,133,94
MOORE COUNTY,341,19 Years,335,182,153,76,40,36,5,2,3,35,21,14,219,119,100
MOORE COUNTY,341,20 Years,330,185,145,70,42,28,4,2,2,31,20,11,225,121,104
MOORE COUNTY,341,21 Years,349,193,156,74,40,34,5,3,2,37,21,16,233,129,104
MOORE COUNTY,341,22 Years,318,166,152,71,34,37,3,3,0,38,23,15,206,106,100
MOORE COUNTY,341,23 Years,332,177,155,82,39,43,4,4,0,30,17,13,216,117,99
MOORE COUNTY,341,24 Years,332,173,159,85,40,45,2,1,1,38,24,14,207,108,99
MOORE COUNTY,341,25 Years,318,169,149,78,35,43,6,3,3,45,30,15,189,101,88
MOORE COUNTY,341,26 Years,321,173,148,66,37,29,4,3,1,48,31,17,203,102,101
MOORE COUNTY,341,27 Years,311,175,136,67,32,35,2,2,0,45,33,12,197,108,89
MOORE COUNTY,341,28 Years,280,170,110,64,34,30,5,5,0,48,37,11,163,94,69
MOORE COUNTY,341,29 Years,275,155,120,66,32,34,6,4,2,40,26,14,163,93,70
MOORE COUNTY,341,30 Years,266,145,121,61,29,32,7,3,4,31,20,11,167,93,74
MOORE COUNTY,341,31 Years,265,148,117,66,31,35,5,4,1,36,24,12,158,89,69
MOORE COUNTY,341,32 Years,297,161,136,75,38,37,6,5,1,36,22,14,180,96,84
MOORE COUNTY,341,33 Years,312,156,156,86,38,48,8,6,2,41,25,16,177,87,90
MOORE COUNTY,341,34 Years,322,160,162,96,48,48,15,11,4,39,25,14,172,76,96
MOORE COUNTY,341,35 Years,292,153,139,81,35,46,16,15,1,36,23,13,159,80,79
MOORE COUNTY,341,36 Years,284,149,135,84,39,45,12,12,0,41,25,16,147,73,74
MOORE COUNTY,341,37 Years,283,153,130,90,45,45,11,11,0,40,21,19,142,76,66
MOORE COUNTY,341,38 Years,305,159,146,91,43,48,12,11,1,42,25,17,160,80,80
MOORE COUNTY,341,39 Years,278,152,126,82,37,45,5,5,0,41,26,15,150,84,66
MOORE COUNTY,341,40 Years,282,150,132,91,49,42,3,2,1,42,22,20,146,77,69
MOORE COUNTY,341,41 Years,290,149,141,85,45,40,4,2,2,36,20,16,165,82,83
MOORE COUNTY,341,42 Years,264,136,128,82,44,38,3,2,1,28,16,12,151,74,77
MOORE COUNTY,341,43 Years,269,146,123,79,43,36,4,3,1,31,20,11,155,80,75
MOORE COUNTY,341,44 Years,255,136,119,88,47,41,2,2,0,29,18,11,136,69,67
MOORE COUNTY,341,45 Years,275,145,130,100,51,49,3,2,1,25,13,12,147,79,68
MOORE COUNTY,341,46 Years,290,153,137,110,56,54,3,2,1,19,11,8,158,84,74
MOORE COUNTY,341,47 Years,276,137,139,105,46,59,3,1,2,16,9,7,152,81,71
MOORE COUNTY,341,48 Years,258,127,131,87,37,50,4,3,1,17,10,7,150,77,73
MOORE COUNTY,341,49 Years,248,129,119,83,43,40,4,2,2,14,9,5,147,75,72
MOORE COUNTY,341,50 Years,256,149,107,92,54,38,5,3,2,12,7,5,147,85,62
MOORE COUNTY,341,51 Years,260,146,114,96,53,43,2,2,0,18,11,7,144,80,64
MOORE COUNTY,341,52 Years,270,139,131,119,60,59,2,1,1,22,12,10,127,66,61
MOORE COUNTY,341,53 Years,292,150,142,120,62,58,3,2,1,14,7,7,155,79,76
MOORE COUNTY,341,54 Years,265,139,126,120,68,52,3,3,0,15,7,8,127,61,66
MOORE COUNTY,341,55 Years,254,135,119,127,65,62,2,2,0,17,8,9,108,60,48
MOORE COUNTY,341,56 Years,265,135,130,134,66,68,3,2,1,18,11,7,110,56,54
MOORE COUNTY,341,57 Years,248,120,128,126,59,67,4,1,3,16,11,5,102,49,53
MOORE COUNTY,341,58 Years,260,134,126,138,68,70,3,2,1,12,7,5,107,57,50
MOORE COUNTY,341,59 Years,252,126,126,134,63,71,2,2,0,9,4,5,107,57,50
MOORE COUNTY,341,60 Years,254,121,133,131,59,72,1,0,1,11,6,5,111,56,55
MOORE COUNTY,341,61 Years,267,136,131,140,69,71,3,2,1,13,7,6,111,58,53
MOORE COUNTY,341,62 Years,236,124,112,133,65,68,2,1,1,11,8,3,90,50,40
MOORE COUNTY,341,63 Years,211,107,104,126,63,63,0,0,0,6,3,3,79,41,38
MOORE COUNTY,341,64 Years,207,101,106,124,63,61,0,0,0,6,1,5,77,37,40
MOORE COUNTY,341,65 Years,191,94,97,117,58,59,0,0,0,8,3,5,66,33,33
MOORE COUNTY,341,66 Years,181,91,90,102,48,54,1,1,0,6,5,1,72,37,35
MOORE COUNTY,341,67 Years,163,80,83,100,46,54,2,2,0,4,2,2,57,30,27
MOORE COUNTY,341,68 Years,156,74,82,94,41,53,0,0,0,7,5,2,55,28,27
MOORE COUNTY,341,69 Years,143,67,76,88,43,45,0,0,0,9,5,4,46,19,27
MOORE COUNTY,341,70 Years,118,57,61,68,34,34,0,0,0,5,1,4,45,22,23
MOORE COUNTY,341,71 Years,109,56,53,69,35,34,1,1,0,3,1,2,36,19,17
MOORE COUNTY,341,72 Years,112,55,57,80,41,39,0,0,0,2,1,1,30,13,17
MOORE COUNTY,341,73 Years,96,48,48,61,29,32,0,0,0,2,2,0,33,17,16
MOORE COUNTY,341,74 Years,97,46,51,67,32,35,1,0,1,2,1,1,27,13,14
MOORE COUNTY,341,75 Years,97,46,51,65,28,37,0,0,0,4,3,1,28,15,13
MOORE COUNTY,341,76 Years,93,49,44,58,29,29,1,1,0,4,3,1,30,16,14
MOORE COUNTY,341,77 Years,86,38,48,62,26,36,0,0,0,1,1,0,23,11,12
MOORE COUNTY,341,78 Years,82,36,46,60,25,35,0,0,0,0,0,0,22,11,11
MOORE COUNTY,341,79 Years,74,30,44,55,24,31,1,0,1,1,0,1,17,6,11
MOORE COUNTY,341,80 Years,68,28,40,50,20,30,0,0,0,1,0,1,17,8,9
MOORE COUNTY,341,81 Years,72,30,42,52,22,30,0,0,0,5,1,4,15,7,8
MOORE COUNTY,341,82 Years,56,27,29,41,19,22,0,0,0,3,1,2,12,7,5
MOORE COUNTY,341,83 Years,54,24,30,40,17,23,0,0,0,0,0,0,14,7,7
MOORE COUNTY,341,84 Years,55,27,28,42,19,23,0,0,0,3,1,2,10,7,3
MOORE COUNTY,341,85 Years +,274,108,166,214,86,128,0,0,0,13,6,7,47,16,31
MORRIS COUNTY,343,All Ages,12942,6360,6582,8227,4046,4181,3007,1440,1567,445,224,221,1263,650,613
MORRIS COUNTY,343,< 1 Year,155,85,70,80,42,38,31,20,11,21,11,10,23,12,11
MORRIS COUNTY,343,1 Years,155,87,68,80,42,38,31,21,10,20,11,9,24,13,11
MORRIS COUNTY,343,2 Years,161,86,75,86,44,42,35,22,13,17,9,8,23,11,12
MORRIS COUNTY,343,3 Years,164,86,78,93,48,45,37,22,15,12,6,6,22,10,12
MORRIS COUNTY,343,4 Years,170,91,79,101,54,47,40,24,16,8,4,4,21,9,12
MORRIS COUNTY,343,5 Years,171,93,78,98,52,46,37,24,13,12,6,6,24,11,13
MORRIS COUNTY,343,6 Years,194,97,97,107,54,53,40,21,19,17,9,8,30,13,17
MORRIS COUNTY,343,7 Years,166,91,75,86,45,41,32,20,12,17,9,8,31,17,14
MORRIS COUNTY,343,8 Years,160,85,75,80,43,37,32,18,14,17,7,10,31,17,14
MORRIS COUNTY,343,9 Years,178,92,86,93,49,44,33,17,16,14,6,8,38,20,18
MORRIS COUNTY,343,10 Years,178,90,88,100,53,47,29,13,16,9,3,6,40,21,19
MORRIS COUNTY,343,11 Years,147,75,72,74,40,34,38,18,20,8,5,3,27,12,15
MORRIS COUNTY,343,12 Years,178,95,83,98,53,45,41,20,21,10,8,2,29,14,15
MORRIS COUNTY,343,13 Years,158,91,67,80,45,35,41,25,16,7,4,3,30,17,13
MORRIS COUNTY,343,14 Years,135,74,61,75,41,34,27,16,11,9,4,5,24,13,11
MORRIS COUNTY,343,15 Years,147,84,63,86,48,38,35,23,12,5,2,3,21,11,10
MORRIS COUNTY,343,16 Years,159,82,77,84,45,39,34,16,18,10,4,6,31,17,14
MORRIS COUNTY,343,17 Years,168,89,79,86,48,38,33,16,17,12,5,7,37,20,17
MORRIS COUNTY,343,18 Years,173,92,81,98,52,46,38,21,17,7,4,3,30,15,15
MORRIS COUNTY,343,19 Years,158,78,80,81,39,42,41,21,20,7,4,3,29,14,15
MORRIS COUNTY,343,20 Years,164,85,79,79,41,38,53,25,28,7,4,3,25,15,10
MORRIS COUNTY,343,21 Years,165,84,81,82,43,39,55,26,29,3,1,2,25,14,11
MORRIS COUNTY,343,22 Years,157,77,80,73,36,37,49,23,26,4,2,2,31,16,15
MORRIS COUNTY,343,23 Years,164,84,80,76,40,36,51,27,24,6,4,2,31,13,18
MORRIS COUNTY,343,24 Years,185,92,93,99,49,50,54,28,26,4,1,3,28,14,14
MORRIS COUNTY,343,25 Years,159,74,85,87,41,46,44,19,25,5,2,3,23,12,11
MORRIS COUNTY,343,26 Years,144,67,77,80,37,43,45,21,24,2,1,1,17,8,9
MORRIS COUNTY,343,27 Years,147,67,80,81,34,47,40,19,21,5,3,2,21,11,10
MORRIS COUNTY,343,28 Years,136,74,62,83,48,35,34,18,16,5,3,2,14,5,9
MORRIS COUNTY,343,29 Years,118,65,53,74,43,31,31,17,14,3,2,1,10,3,7
MORRIS COUNTY,343,30 Years,113,51,62,71,34,37,28,11,17,2,2,0,12,4,8
MORRIS COUNTY,343,31 Years,113,56,57,74,34,40,23,13,10,3,3,0,13,6,7
MORRIS COUNTY,343,32 Years,121,57,64,81,35,46,22,13,9,2,2,0,16,7,9
MORRIS COUNTY,343,33 Years,132,61,71,85,36,49,27,13,14,4,3,1,16,9,7
MORRIS COUNTY,343,34 Years,135,70,65,82,40,42,35,18,17,5,3,2,13,9,4
MORRIS COUNTY,343,35 Years,142,70,72,88,43,45,37,17,20,5,3,2,12,7,5
MORRIS COUNTY,343,36 Years,128,63,65,83,41,42,31,14,17,2,1,1,12,7,5
MORRIS COUNTY,343,37 Years,136,70,66,84,45,39,39,17,22,1,1,0,12,7,5
MORRIS COUNTY,343,38 Years,130,60,70,80,36,44,35,16,19,2,1,1,13,7,6
MORRIS COUNTY,343,39 Years,117,55,62,76,34,42,25,13,12,1,1,0,15,7,8
MORRIS COUNTY,343,40 Years,131,61,70,82,38,44,33,14,19,0,0,0,16,9,7
MORRIS COUNTY,343,41 Years,156,75,81,92,44,48,37,16,21,5,2,3,22,13,9
MORRIS COUNTY,343,42 Years,144,66,78,95,44,51,30,12,18,1,1,0,18,9,9
MORRIS COUNTY,343,43 Years,146,68,78,93,45,48,32,14,18,2,2,0,19,7,12
MORRIS COUNTY,343,44 Years,144,72,72,92,42,50,36,20,16,2,1,1,14,9,5
MORRIS COUNTY,343,45 Years,148,80,68,93,51,42,38,21,17,3,2,1,14,6,8
MORRIS COUNTY,343,46 Years,154,70,84,98,43,55,36,18,18,4,1,3,16,8,8
MORRIS COUNTY,343,47 Years,132,61,71,79,36,43,35,16,19,1,1,0,17,8,9
MORRIS COUNTY,343,48 Years,124,55,69,75,37,38,30,11,19,6,2,4,13,5,8
MORRIS COUNTY,343,49 Years,121,64,57,72,39,33,28,11,17,7,5,2,14,9,5
MORRIS COUNTY,343,50 Years,131,67,64,88,49,39,29,10,19,4,1,3,10,7,3
MORRIS COUNTY,343,51 Years,155,80,75,110,63,47,36,12,24,3,1,2,6,4,2
MORRIS COUNTY,343,52 Years,160,85,75,114,64,50,33,16,17,5,2,3,8,3,5
MORRIS COUNTY,343,53 Years,164,85,79,117,62,55,32,16,16,2,1,1,13,6,7
MORRIS COUNTY,343,54 Years,173,80,93,119,58,61,43,17,26,4,1,3,7,4,3
MORRIS COUNTY,343,55 Years,196,90,106,135,63,72,48,19,29,5,3,2,8,5,3
MORRIS COUNTY,343,56 Years,200,97,103,141,72,69,50,22,28,2,0,2,7,3,4
MORRIS COUNTY,343,57 Years,217,105,112,137,68,69,64,30,34,3,0,3,13,7,6
MORRIS COUNTY,343,58 Years,194,93,101,126,62,64,59,26,33,3,1,2,6,4,2
MORRIS COUNTY,343,59 Years,188,85,103,131,56,75,48,24,24,2,0,2,7,5,2
MORRIS COUNTY,343,60 Years,195,91,104,134,58,76,43,21,22,5,2,3,13,10,3
MORRIS COUNTY,343,61 Years,189,87,102,139,64,75,40,17,23,2,1,1,8,5,3
MORRIS COUNTY,343,62 Years,176,84,92,127,61,66,41,18,23,2,1,1,6,4,2
MORRIS COUNTY,343,63 Years,187,100,87,127,72,55,49,21,28,2,1,1,9,6,3
MORRIS COUNTY,343,64 Years,186,87,99,127,62,65,49,19,30,3,2,1,7,4,3
MORRIS COUNTY,343,65 Years,162,78,84,115,54,61,38,19,19,2,1,1,7,4,3
MORRIS COUNTY,343,66 Years,152,72,80,113,56,57,34,15,19,1,0,1,4,1,3
MORRIS COUNTY,343,67 Years,173,70,103,125,53,72,38,14,24,6,2,4,4,1,3
MORRIS COUNTY,343,68 Years,170,77,93,124,57,67,41,18,23,4,2,2,1,0,1
MORRIS COUNTY,343,69 Years,155,78,77,116,58,58,32,17,15,4,1,3,3,2,1
MORRIS COUNTY,343,70 Years,133,66,67,98,50,48,30,14,16,1,0,1,4,2,2
MORRIS COUNTY,343,71 Years,141,65,76,111,52,59,24,12,12,3,1,2,3,0,3
MORRIS COUNTY,343,72 Years,137,63,74,107,50,57,27,12,15,2,1,1,1,0,1
MORRIS COUNTY,343,73 Years,133,68,65,107,53,54,24,14,10,1,0,1,1,1,0
MORRIS COUNTY,343,74 Years,129,68,61,103,52,51,21,12,9,3,2,1,2,2,0
MORRIS COUNTY,343,75 Years,128,63,65,100,48,52,20,10,10,4,2,2,4,3,1
MORRIS COUNTY,343,76 Years,108,50,58,81,39,42,21,8,13,5,2,3,1,1,0
MORRIS COUNTY,343,77 Years,102,44,58,81,35,46,19,8,11,2,1,1,0,0,0
MORRIS COUNTY,343,78 Years,101,42,59,80,32,48,18,7,11,3,3,0,0,0,0
MORRIS COUNTY,343,79 Years,108,49,59,90,41,49,14,5,9,2,2,0,2,1,1
MORRIS COUNTY,343,80 Years,95,47,48,79,41,38,15,6,9,0,0,0,1,0,1
MORRIS COUNTY,343,81 Years,88,40,48,68,32,36,15,7,8,4,1,3,1,0,1
MORRIS COUNTY,343,82 Years,70,30,40,56,25,31,11,4,7,1,0,1,2,1,1
MORRIS COUNTY,343,83 Years,62,27,35,50,23,27,11,4,7,1,0,1,0,0,0
MORRIS COUNTY,343,84 Years,61,27,34,50,23,27,10,4,6,1,0,1,0,0,0
MORRIS COUNTY,343,85 Years +,342,123,219,246,92,154,82,23,59,7,5,2,7,3,4
MOTLEY COUNTY,345,All Ages,1112,558,554,924,460,464,21,13,8,7,3,4,160,82,78
MOTLEY COUNTY,345,< 1 Year,11,3,8,11,3,8,0,0,0,0,0,0,0,0,0
MOTLEY COUNTY,345,1 Years,9,3,6,9,3,6,0,0,0,0,0,0,0,0,0
MOTLEY COUNTY,345,2 Years,6,2,4,3,2,1,0,0,0,0,0,0,3,0,3
MOTLEY COUNTY,345,3 Years,11,6,5,8,4,4,0,0,0,0,0,0,3,2,1
MOTLEY COUNTY,345,4 Years,10,6,4,7,4,3,0,0,0,0,0,0,3,2,1
MOTLEY COUNTY,345,5 Years,11,5,6,9,4,5,0,0,0,0,0,0,2,1,1
MOTLEY COUNTY,345,6 Years,10,7,3,6,5,1,0,0,0,0,0,0,4,2,2
MOTLEY COUNTY,345,7 Years,7,2,5,3,1,2,0,0,0,0,0,0,4,1,3
MOTLEY COUNTY,345,8 Years,13,4,9,8,3,5,0,0,0,0,0,0,5,1,4
MOTLEY COUNTY,345,9 Years,18,7,11,13,5,8,0,0,0,0,0,0,5,2,3
MOTLEY COUNTY,345,10 Years,12,5,7,10,4,6,0,0,0,0,0,0,2,1,1
MOTLEY COUNTY,345,11 Years,13,8,5,9,6,3,1,1,0,0,0,0,3,1,2
MOTLEY COUNTY,345,12 Years,10,7,3,7,5,2,0,0,0,0,0,0,3,2,1
MOTLEY COUNTY,345,13 Years,17,8,9,12,6,6,0,0,0,0,0,0,5,2,3
MOTLEY COUNTY,345,14 Years,16,6,10,12,4,8,0,0,0,1,0,1,3,2,1
MOTLEY COUNTY,345,15 Years,13,7,6,9,5,4,0,0,0,0,0,0,4,2,2
MOTLEY COUNTY,345,16 Years,11,5,6,9,4,5,0,0,0,0,0,0,2,1,1
MOTLEY COUNTY,345,17 Years,14,6,8,11,5,6,0,0,0,0,0,0,3,1,2
MOTLEY COUNTY,345,18 Years,16,8,8,12,6,6,0,0,0,0,0,0,4,2,2
MOTLEY COUNTY,345,19 Years,14,7,7,9,5,4,0,0,0,1,0,1,4,2,2
MOTLEY COUNTY,345,20 Years,12,7,5,7,5,2,0,0,0,1,0,1,4,2,2
MOTLEY COUNTY,345,21 Years,10,7,3,7,4,3,0,0,0,0,0,0,3,3,0
MOTLEY COUNTY,345,22 Years,15,12,3,10,7,3,0,0,0,0,0,0,5,5,0
MOTLEY COUNTY,345,23 Years,15,8,7,11,5,6,1,1,0,0,0,0,3,2,1
MOTLEY COUNTY,345,24 Years,11,6,5,7,4,3,0,0,0,0,0,0,4,2,2
MOTLEY COUNTY,345,25 Years,10,4,6,6,2,4,0,0,0,0,0,0,4,2,2
MOTLEY COUNTY,345,26 Years,8,5,3,5,3,2,0,0,0,0,0,0,3,2,1
MOTLEY COUNTY,345,27 Years,6,4,2,4,3,1,0,0,0,0,0,0,2,1,1
MOTLEY COUNTY,345,28 Years,7,5,2,4,3,1,1,1,0,0,0,0,2,1,1
MOTLEY COUNTY,345,29 Years,13,6,7,11,5,6,1,1,0,0,0,0,1,0,1
MOTLEY COUNTY,345,30 Years,10,4,6,9,4,5,0,0,0,0,0,0,1,0,1
MOTLEY COUNTY,345,31 Years,9,3,6,6,2,4,1,1,0,0,0,0,2,0,2
MOTLEY COUNTY,345,32 Years,7,5,2,4,3,1,0,0,0,0,0,0,3,2,1
MOTLEY COUNTY,345,33 Years,7,5,2,5,3,2,1,1,0,0,0,0,1,1,0
MOTLEY COUNTY,345,34 Years,6,3,3,4,2,2,0,0,0,0,0,0,2,1,1
MOTLEY COUNTY,345,35 Years,11,7,4,9,6,3,0,0,0,0,0,0,2,1,1
MOTLEY COUNTY,345,36 Years,10,6,4,9,5,4,0,0,0,0,0,0,1,1,0
MOTLEY COUNTY,345,37 Years,12,5,7,9,4,5,0,0,0,0,0,0,3,1,2
MOTLEY COUNTY,345,38 Years,10,6,4,9,5,4,0,0,0,0,0,0,1,1,0
MOTLEY COUNTY,345,39 Years,10,2,8,8,2,6,0,0,0,0,0,0,2,0,2
MOTLEY COUNTY,345,40 Years,9,6,3,8,6,2,0,0,0,0,0,0,1,0,1
MOTLEY COUNTY,345,41 Years,15,8,7,12,6,6,0,0,0,1,1,0,2,1,1
MOTLEY COUNTY,345,42 Years,10,5,5,8,4,4,0,0,0,0,0,0,2,1,1
MOTLEY COUNTY,345,43 Years,7,4,3,6,3,3,0,0,0,0,0,0,1,1,0
MOTLEY COUNTY,345,44 Years,11,8,3,9,6,3,0,0,0,0,0,0,2,2,0
MOTLEY COUNTY,345,45 Years,12,6,6,10,5,5,0,0,0,0,0,0,2,1,1
MOTLEY COUNTY,345,46 Years,8,3,5,7,3,4,0,0,0,0,0,0,1,0,1
MOTLEY COUNTY,345,47 Years,8,5,3,6,5,1,0,0,0,0,0,0,2,0,2
MOTLEY COUNTY,345,48 Years,3,2,1,3,2,1,0,0,0,0,0,0,0,0,0
MOTLEY COUNTY,345,49 Years,8,4,4,5,2,3,1,1,0,1,1,0,1,0,1
MOTLEY COUNTY,345,50 Years,10,6,4,7,5,2,1,0,1,2,1,1,0,0,0
MOTLEY COUNTY,345,51 Years,13,6,7,12,5,7,1,1,0,0,0,0,0,0,0
MOTLEY COUNTY,345,52 Years,13,8,5,11,6,5,1,1,0,0,0,0,1,1,0
MOTLEY COUNTY,345,53 Years,15,6,9,13,5,8,0,0,0,0,0,0,2,1,1
MOTLEY COUNTY,345,54 Years,19,9,10,15,8,7,0,0,0,0,0,0,4,1,3
MOTLEY COUNTY,345,55 Years,16,8,8,14,7,7,0,0,0,0,0,0,2,1,1
MOTLEY COUNTY,345,56 Years,13,7,6,13,7,6,0,0,0,0,0,0,0,0,0
MOTLEY COUNTY,345,57 Years,15,11,4,15,11,4,0,0,0,0,0,0,0,0,0
MOTLEY COUNTY,345,58 Years,14,6,8,13,6,7,0,0,0,0,0,0,1,0,1
MOTLEY COUNTY,345,59 Years,12,6,6,11,6,5,0,0,0,0,0,0,1,0,1
MOTLEY COUNTY,345,60 Years,17,9,8,15,7,8,0,0,0,0,0,0,2,2,0
MOTLEY COUNTY,345,61 Years,16,8,8,15,7,8,0,0,0,0,0,0,1,1,0
MOTLEY COUNTY,345,62 Years,11,7,4,11,7,4,0,0,0,0,0,0,0,0,0
MOTLEY COUNTY,345,63 Years,18,9,9,16,9,7,1,0,1,0,0,0,1,0,1
MOTLEY COUNTY,345,64 Years,25,11,14,21,9,12,1,0,1,0,0,0,3,2,1
MOTLEY COUNTY,345,65 Years,16,7,9,14,6,8,0,0,0,0,0,0,2,1,1
MOTLEY COUNTY,345,66 Years,17,11,6,14,8,6,2,2,0,0,0,0,1,1,0
MOTLEY COUNTY,345,67 Years,20,12,8,17,9,8,1,1,0,0,0,0,2,2,0
MOTLEY COUNTY,345,68 Years,12,5,7,11,4,7,0,0,0,0,0,0,1,1,0
MOTLEY COUNTY,345,69 Years,14,7,7,13,6,7,0,0,0,0,0,0,1,1,0
MOTLEY COUNTY,345,70 Years,16,8,8,15,7,8,0,0,0,0,0,0,1,1,0
MOTLEY COUNTY,345,71 Years,18,9,9,16,9,7,0,0,0,0,0,0,2,0,2
MOTLEY COUNTY,345,72 Years,22,12,10,21,11,10,0,0,0,0,0,0,1,1,0
MOTLEY COUNTY,345,73 Years,21,12,9,20,11,9,0,0,0,0,0,0,1,1,0
MOTLEY COUNTY,345,74 Years,20,7,13,19,7,12,1,0,1,0,0,0,0,0,0
MOTLEY COUNTY,345,75 Years,14,5,9,13,5,8,1,0,1,0,0,0,0,0,0
MOTLEY COUNTY,345,76 Years,17,8,9,15,6,9,0,0,0,0,0,0,2,2,0
MOTLEY COUNTY,345,77 Years,13,5,8,12,5,7,0,0,0,0,0,0,1,0,1
MOTLEY COUNTY,345,78 Years,14,8,6,14,8,6,0,0,0,0,0,0,0,0,0
MOTLEY COUNTY,345,79 Years,15,9,6,15,9,6,0,0,0,0,0,0,0,0,0
MOTLEY COUNTY,345,80 Years,12,6,6,12,6,6,0,0,0,0,0,0,0,0,0
MOTLEY COUNTY,345,81 Years,12,4,8,11,3,8,0,0,0,0,0,0,1,1,0
MOTLEY COUNTY,345,82 Years,12,5,7,12,5,7,0,0,0,0,0,0,0,0,0
MOTLEY COUNTY,345,83 Years,11,4,7,11,4,7,0,0,0,0,0,0,0,0,0
MOTLEY COUNTY,345,84 Years,9,4,5,8,4,4,1,0,1,0,0,0,0,0,0
MOTLEY COUNTY,345,85 Years +,48,20,28,44,19,25,3,1,2,0,0,0,1,0,1
NACOGDOCHES COUNTY,347,All Ages,65596,31813,33783,37414,17954,19460,11940,5456,6484,2518,1262,1256,13724,7141,6583
NACOGDOCHES COUNTY,347,< 1 Year,974,515,459,393,199,194,208,116,92,94,53,41,279,147,132
NACOGDOCHES COUNTY,347,1 Years,1002,514,488,404,204,200,209,107,102,91,48,43,298,155,143
NACOGDOCHES COUNTY,347,2 Years,1035,533,502,417,207,210,212,106,106,93,52,41,313,168,145
NACOGDOCHES COUNTY,347,3 Years,1057,538,519,424,207,217,217,111,106,86,46,40,330,174,156
NACOGDOCHES COUNTY,347,4 Years,1073,557,516,432,207,225,221,118,103,82,52,30,338,180,158
NACOGDOCHES COUNTY,347,5 Years,1102,573,529,435,211,224,240,133,107,87,51,36,340,178,162
NACOGDOCHES COUNTY,347,6 Years,1071,541,530,442,224,218,230,115,115,79,46,33,320,156,164
NACOGDOCHES COUNTY,347,7 Years,855,430,425,370,176,194,167,87,80,60,36,24,258,131,127
NACOGDOCHES COUNTY,347,8 Years,890,466,424,386,201,185,171,84,87,46,25,21,287,156,131
NACOGDOCHES COUNTY,347,9 Years,839,437,402,384,203,181,144,73,71,46,20,26,265,141,124
NACOGDOCHES COUNTY,347,10 Years,859,456,403,370,195,175,154,83,71,49,25,24,286,153,133
NACOGDOCHES COUNTY,347,11 Years,873,471,402,374,210,164,148,80,68,51,29,22,300,152,148
NACOGDOCHES COUNTY,347,12 Years,861,470,391,397,229,168,136,71,65,52,26,26,276,144,132
NACOGDOCHES COUNTY,347,13 Years,851,444,407,384,199,185,155,88,67,44,20,24,268,137,131
NACOGDOCHES COUNTY,347,14 Years,794,401,393,371,178,193,137,75,62,36,17,19,250,131,119
NACOGDOCHES COUNTY,347,15 Years,823,446,377,383,218,165,145,76,69,32,17,15,263,135,128
NACOGDOCHES COUNTY,347,16 Years,881,468,413,421,223,198,163,91,72,31,14,17,266,140,126
NACOGDOCHES COUNTY,347,17 Years,910,436,474,430,208,222,181,86,95,32,13,19,267,129,138
NACOGDOCHES COUNTY,347,18 Years,1597,648,949,784,300,484,424,172,252,56,25,31,333,151,182
NACOGDOCHES COUNTY,347,19 Years,2278,934,1344,1119,443,676,633,256,377,88,33,55,438,202,236
NACOGDOCHES COUNTY,347,20 Years,2004,858,1146,1057,442,615,510,213,297,66,29,37,371,174,197
NACOGDOCHES COUNTY,347,21 Years,1909,871,1038,1045,457,588,431,185,246,65,41,24,368,188,180
NACOGDOCHES COUNTY,347,22 Years,1688,805,883,945,441,504,353,162,191,52,26,26,338,176,162
NACOGDOCHES COUNTY,347,23 Years,1273,623,650,728,362,366,235,110,125,38,19,19,272,132,140
NACOGDOCHES COUNTY,347,24 Years,1114,548,566,600,287,313,216,102,114,53,33,20,245,126,119
NACOGDOCHES COUNTY,347,25 Years,1027,505,522,542,260,282,200,95,105,54,27,27,231,123,108
NACOGDOCHES COUNTY,347,26 Years,934,490,444,497,247,250,183,88,95,40,22,18,214,133,81
NACOGDOCHES COUNTY,347,27 Years,889,455,434,508,257,251,166,73,93,33,18,15,182,107,75
NACOGDOCHES COUNTY,347,28 Years,722,366,356,377,186,191,135,57,78,34,19,15,176,104,72
NACOGDOCHES COUNTY,347,29 Years,677,337,340,334,159,175,133,57,76,29,16,13,181,105,76
NACOGDOCHES COUNTY,347,30 Years,643,307,336,309,141,168,121,47,74,30,13,17,183,106,77
NACOGDOCHES COUNTY,347,31 Years,673,334,339,347,184,163,121,53,68,22,10,12,183,87,96
NACOGDOCHES COUNTY,347,32 Years,670,330,340,336,172,164,121,49,72,24,12,12,189,97,92
NACOGDOCHES COUNTY,347,33 Years,662,341,321,347,175,172,99,47,52,22,11,11,194,108,86
NACOGDOCHES COUNTY,347,34 Years,718,363,355,379,190,189,120,55,65,19,4,15,200,114,86
NACOGDOCHES COUNTY,347,35 Years,702,365,337,365,190,175,116,53,63,20,9,11,201,113,88
NACOGDOCHES COUNTY,347,36 Years,703,363,340,392,207,185,108,49,59,13,7,6,190,100,90
NACOGDOCHES COUNTY,347,37 Years,705,349,356,376,196,180,124,53,71,17,6,11,188,94,94
NACOGDOCHES COUNTY,347,38 Years,687,328,359,335,169,166,132,55,77,22,10,12,198,94,104
NACOGDOCHES COUNTY,347,39 Years,626,295,331,324,163,161,97,36,61,17,7,10,188,89,99
NACOGDOCHES COUNTY,347,40 Years,629,307,322,339,165,174,97,42,55,19,9,10,174,91,83
NACOGDOCHES COUNTY,347,41 Years,632,321,311,347,179,168,89,48,41,21,7,14,175,87,88
NACOGDOCHES COUNTY,347,42 Years,559,283,276,299,152,147,83,44,39,22,10,12,155,77,78
NACOGDOCHES COUNTY,347,43 Years,599,289,310,338,162,176,91,44,47,24,9,15,146,74,72
NACOGDOCHES COUNTY,347,44 Years,613,309,304,367,185,182,86,41,45,20,9,11,140,74,66
NACOGDOCHES COUNTY,347,45 Years,663,330,333,406,202,204,103,47,56,18,9,9,136,72,64
NACOGDOCHES COUNTY,347,46 Years,657,312,345,392,185,207,104,47,57,17,6,11,144,74,70
NACOGDOCHES COUNTY,347,47 Years,651,309,342,395,191,204,89,35,54,20,6,14,147,77,70
NACOGDOCHES COUNTY,347,48 Years,631,324,307,383,203,180,100,47,53,18,9,9,130,65,65
NACOGDOCHES COUNTY,347,49 Years,647,310,337,396,194,202,111,49,62,13,7,6,127,60,67
NACOGDOCHES COUNTY,347,50 Years,652,307,345,399,182,217,110,46,64,15,7,8,128,72,56
NACOGDOCHES COUNTY,347,51 Years,708,324,384,433,193,240,128,53,75,19,10,9,128,68,60
NACOGDOCHES COUNTY,347,52 Years,722,335,387,468,217,251,132,52,80,21,11,10,101,55,46
NACOGDOCHES COUNTY,347,53 Years,753,353,400,498,233,265,122,49,73,17,7,10,116,64,52
NACOGDOCHES COUNTY,347,54 Years,753,375,378,494,254,240,130,51,79,17,8,9,112,62,50
NACOGDOCHES COUNTY,347,55 Years,747,359,388,501,244,257,128,52,76,17,6,11,101,57,44
NACOGDOCHES COUNTY,347,56 Years,720,346,374,479,228,251,140,62,78,13,6,7,88,50,38
NACOGDOCHES COUNTY,347,57 Years,714,347,367,481,243,238,132,50,82,16,10,6,85,44,41
NACOGDOCHES COUNTY,347,58 Years,763,371,392,525,255,270,131,53,78,17,10,7,90,53,37
NACOGDOCHES COUNTY,347,59 Years,774,382,392,549,268,281,132,65,67,20,10,10,73,39,34
NACOGDOCHES COUNTY,347,60 Years,719,369,350,506,260,246,133,66,67,23,10,13,57,33,24
NACOGDOCHES COUNTY,347,61 Years,725,359,366,523,259,264,126,59,67,18,3,15,58,38,20
NACOGDOCHES COUNTY,347,62 Years,729,350,379,540,263,277,113,47,66,17,6,11,59,34,25
NACOGDOCHES COUNTY,347,63 Years,720,353,367,546,271,275,105,49,56,19,9,10,50,24,26
NACOGDOCHES COUNTY,347,64 Years,693,333,360,525,252,273,99,46,53,16,7,9,53,28,25
NACOGDOCHES COUNTY,347,65 Years,658,315,343,507,249,258,97,38,59,11,5,6,43,23,20
NACOGDOCHES COUNTY,347,66 Years,651,315,336,503,245,258,93,39,54,9,4,5,46,27,19
NACOGDOCHES COUNTY,347,67 Years,599,287,312,467,225,242,86,36,50,9,4,5,37,22,15
NACOGDOCHES COUNTY,347,68 Years,601,303,298,458,230,228,89,41,48,14,10,4,40,22,18
NACOGDOCHES COUNTY,347,69 Years,580,289,291,462,234,228,77,36,41,13,9,4,28,10,18
NACOGDOCHES COUNTY,347,70 Years,483,224,259,394,183,211,61,30,31,8,5,3,20,6,14
NACOGDOCHES COUNTY,347,71 Years,475,222,253,380,175,205,62,28,34,7,4,3,26,15,11
NACOGDOCHES COUNTY,347,72 Years,462,216,246,369,174,195,62,25,37,9,4,5,22,13,9
NACOGDOCHES COUNTY,347,73 Years,432,197,235,349,162,187,49,19,30,8,4,4,26,12,14
NACOGDOCHES COUNTY,347,74 Years,388,182,206,315,151,164,41,16,25,7,4,3,25,11,14
NACOGDOCHES COUNTY,347,75 Years,349,166,183,276,135,141,45,18,27,4,1,3,24,12,12
NACOGDOCHES COUNTY,347,76 Years,303,133,170,249,110,139,35,14,21,3,1,2,16,8,8
NACOGDOCHES COUNTY,347,77 Years,286,120,166,233,98,135,36,14,22,2,0,2,15,8,7
NACOGDOCHES COUNTY,347,78 Years,300,129,171,238,104,134,34,14,20,6,1,5,22,10,12
NACOGDOCHES COUNTY,347,79 Years,261,110,151,213,92,121,29,10,19,4,1,3,15,7,8
NACOGDOCHES COUNTY,347,80 Years,231,91,140,190,77,113,24,10,14,5,1,4,12,3,9
NACOGDOCHES COUNTY,347,81 Years,232,102,130,193,83,110,23,10,13,7,3,4,9,6,3
NACOGDOCHES COUNTY,347,82 Years,209,82,127,173,70,103,22,6,16,5,2,3,9,4,5
NACOGDOCHES COUNTY,347,83 Years,186,76,110,149,66,83,25,6,19,5,3,2,7,1,6
NACOGDOCHES COUNTY,347,84 Years,176,77,99,145,64,81,23,8,15,3,2,1,5,3,2
NACOGDOCHES COUNTY,347,85 Years +,910,309,601,759,260,499,97,27,70,17,6,11,37,16,21
NAVARRO COUNTY,349,All Ages,49338,24728,24610,27678,13696,13982,6214,2998,3216,1770,910,860,13676,7124,6552
NAVARRO COUNTY,349,< 1 Year,660,328,332,275,141,134,85,37,48,41,20,21,259,130,129
NAVARRO COUNTY,349,1 Years,680,341,339,290,151,139,86,38,48,44,22,22,260,130,130
NAVARRO COUNTY,349,2 Years,671,331,340,282,140,142,88,39,49,47,26,21,254,126,128
NAVARRO COUNTY,349,3 Years,689,348,341,302,153,149,89,40,49,49,28,21,249,127,122
NAVARRO COUNTY,349,4 Years,670,330,340,282,136,146,88,41,47,53,28,25,247,125,122
NAVARRO COUNTY,349,5 Years,698,356,342,286,146,140,83,38,45,70,39,31,259,133,126
NAVARRO COUNTY,349,6 Years,673,344,329,282,153,129,80,31,49,51,25,26,260,135,125
NAVARRO COUNTY,349,7 Years,688,347,341,273,136,137,94,50,44,53,21,32,268,140,128
NAVARRO COUNTY,349,8 Years,718,363,355,277,138,139,82,40,42,54,25,29,305,160,145
NAVARRO COUNTY,349,9 Years,754,396,358,284,140,144,102,56,46,51,28,23,317,172,145
NAVARRO COUNTY,349,10 Years,716,369,347,274,138,136,88,51,37,46,22,24,308,158,150
NAVARRO COUNTY,349,11 Years,701,366,335,258,134,124,88,52,36,42,22,20,313,158,155
NAVARRO COUNTY,349,12 Years,715,378,337,285,155,130,80,43,37,39,21,18,311,159,152
NAVARRO COUNTY,349,13 Years,740,382,358,298,161,137,78,34,44,30,18,12,334,169,165
NAVARRO COUNTY,349,14 Years,752,394,358,325,166,159,75,36,39,28,16,12,324,176,148
NAVARRO COUNTY,349,15 Years,785,427,358,337,178,159,78,46,32,36,19,17,334,184,150
NAVARRO COUNTY,349,16 Years,785,436,349,339,193,146,91,52,39,37,21,16,318,170,148
NAVARRO COUNTY,349,17 Years,787,432,355,346,189,157,103,56,47,32,13,19,306,174,132
NAVARRO COUNTY,349,18 Years,722,396,326,332,185,147,89,45,44,23,10,13,278,156,122
NAVARRO COUNTY,349,19 Years,699,385,314,307,175,132,85,47,38,21,11,10,286,152,134
NAVARRO COUNTY,349,20 Years,696,354,342,313,171,142,109,55,54,18,8,10,256,120,136
NAVARRO COUNTY,349,21 Years,647,339,308,297,159,138,95,53,42,20,12,8,235,115,120
NAVARRO COUNTY,349,22 Years,665,353,312,292,155,137,103,58,45,25,17,8,245,123,122
NAVARRO COUNTY,349,23 Years,696,393,303,316,175,141,109,64,45,22,12,10,249,142,107
NAVARRO COUNTY,349,24 Years,658,350,308,290,149,141,98,51,47,18,12,6,252,138,114
NAVARRO COUNTY,349,25 Years,702,382,320,316,162,154,119,69,50,29,16,13,238,135,103
NAVARRO COUNTY,349,26 Years,684,368,316,304,159,145,134,70,64,31,17,14,215,122,93
NAVARRO COUNTY,349,27 Years,556,298,258,271,145,126,87,41,46,23,15,8,175,97,78
NAVARRO COUNTY,349,28 Years,529,263,266,264,133,131,84,36,48,13,6,7,168,88,80
NAVARRO COUNTY,349,29 Years,503,249,254,248,130,118,70,32,38,12,5,7,173,82,91
NAVARRO COUNTY,349,30 Years,492,238,254,236,109,127,75,41,34,16,8,8,165,80,85
NAVARRO COUNTY,349,31 Years,468,228,240,209,103,106,81,37,44,19,9,10,159,79,80
NAVARRO COUNTY,349,32 Years,468,237,231,226,115,111,61,27,34,22,11,11,159,84,75
NAVARRO COUNTY,349,33 Years,473,243,230,225,110,115,53,28,25,20,9,11,175,96,79
NAVARRO COUNTY,349,34 Years,503,250,253,250,124,126,56,30,26,25,10,15,172,86,86
NAVARRO COUNTY,349,35 Years,533,262,271,266,136,130,59,27,32,23,11,12,185,88,97
NAVARRO COUNTY,349,36 Years,567,276,291,281,138,143,71,33,38,27,17,10,188,88,100
NAVARRO COUNTY,349,37 Years,543,279,264,274,141,133,71,32,39,21,14,7,177,92,85
NAVARRO COUNTY,349,38 Years,538,274,264,272,141,131,64,26,38,24,12,12,178,95,83
NAVARRO COUNTY,349,39 Years,531,269,262,263,133,130,62,31,31,18,10,8,188,95,93
NAVARRO COUNTY,349,40 Years,536,260,276,273,131,142,56,25,31,16,8,8,191,96,95
NAVARRO COUNTY,349,41 Years,573,276,297,308,147,161,56,22,34,12,6,6,197,101,96
NAVARRO COUNTY,349,42 Years,578,286,292,311,148,163,65,32,33,11,5,6,191,101,90
NAVARRO COUNTY,349,43 Years,619,286,333,328,154,174,74,36,38,23,9,14,194,87,107
NAVARRO COUNTY,349,44 Years,582,285,297,319,160,159,62,27,35,20,10,10,181,88,93
NAVARRO COUNTY,349,45 Years,590,308,282,334,169,165,63,30,33,17,9,8,176,100,76
NAVARRO COUNTY,349,46 Years,612,311,301,348,176,172,69,34,35,14,6,8,181,95,86
NAVARRO COUNTY,349,47 Years,623,310,313,343,166,177,78,43,35,21,10,11,181,91,90
NAVARRO COUNTY,349,48 Years,604,310,294,343,172,171,82,42,40,22,14,8,157,82,75
NAVARRO COUNTY,349,49 Years,540,275,265,312,153,159,77,37,40,16,10,6,135,75,60
NAVARRO COUNTY,349,50 Years,541,263,278,319,149,170,83,39,44,16,9,7,123,66,57
NAVARRO COUNTY,349,51 Years,618,295,323,386,182,204,92,37,55,12,6,6,128,70,58
NAVARRO COUNTY,349,52 Years,636,315,321,409,208,201,86,34,52,15,6,9,126,67,59
NAVARRO COUNTY,349,53 Years,658,322,336,411,211,200,93,38,55,19,7,12,135,66,69
NAVARRO COUNTY,349,54 Years,666,316,350,418,193,225,97,49,48,19,9,10,132,65,67
NAVARRO COUNTY,349,55 Years,687,338,349,445,213,232,100,51,49,12,6,6,130,68,62
NAVARRO COUNTY,349,56 Years,703,364,339,465,235,230,107,51,56,11,6,5,120,72,48
NAVARRO COUNTY,349,57 Years,659,327,332,450,218,232,88,40,48,13,5,8,108,64,44
NAVARRO COUNTY,349,58 Years,670,330,340,469,225,244,87,46,41,18,8,10,96,51,45
NAVARRO COUNTY,349,59 Years,653,327,326,464,236,228,85,36,49,16,8,8,88,47,41
NAVARRO COUNTY,349,60 Years,651,321,330,476,233,243,84,37,47,15,7,8,76,44,32
NAVARRO COUNTY,349,61 Years,616,303,313,452,223,229,87,40,47,6,3,3,71,37,34
NAVARRO COUNTY,349,62 Years,607,298,309,447,218,229,80,39,41,6,2,4,74,39,35
NAVARRO COUNTY,349,63 Years,626,306,320,471,225,246,76,37,39,9,4,5,70,40,30
NAVARRO COUNTY,349,64 Years,568,271,297,430,202,228,76,35,41,10,4,6,52,30,22
NAVARRO COUNTY,349,65 Years,541,265,276,422,206,216,70,37,33,9,4,5,40,18,22
NAVARRO COUNTY,349,66 Years,583,287,296,459,224,235,66,33,33,9,6,3,49,24,25
NAVARRO COUNTY,349,67 Years,585,287,298,457,224,233,59,28,31,15,9,6,54,26,28
NAVARRO COUNTY,349,68 Years,575,283,292,464,226,238,54,25,29,10,6,4,47,26,21
NAVARRO COUNTY,349,69 Years,531,268,263,420,213,207,60,24,36,7,6,1,44,25,19
NAVARRO COUNTY,349,70 Years,447,222,225,359,179,180,48,21,27,7,5,2,33,17,16
NAVARRO COUNTY,349,71 Years,445,214,231,354,169,185,42,20,22,7,4,3,42,21,21
NAVARRO COUNTY,349,72 Years,434,196,238,357,164,193,41,16,25,3,1,2,33,15,18
NAVARRO COUNTY,349,73 Years,413,191,222,345,160,185,33,12,21,3,1,2,32,18,14
NAVARRO COUNTY,349,74 Years,375,176,199,308,146,162,26,10,16,7,4,3,34,16,18
NAVARRO COUNTY,349,75 Years,369,177,192,303,147,156,33,14,19,5,2,3,28,14,14
NAVARRO COUNTY,349,76 Years,337,163,174,287,138,149,28,13,15,3,3,0,19,9,10
NAVARRO COUNTY,349,77 Years,301,139,162,259,119,140,23,13,10,2,1,1,17,6,11
NAVARRO COUNTY,349,78 Years,254,110,144,213,93,120,19,9,10,4,1,3,18,7,11
NAVARRO COUNTY,349,79 Years,237,113,124,201,99,102,18,7,11,2,0,2,16,7,9
NAVARRO COUNTY,349,80 Years,210,95,115,172,76,96,16,7,9,4,2,2,18,10,8
NAVARRO COUNTY,349,81 Years,216,97,119,175,78,97,23,10,13,3,1,2,15,8,7
NAVARRO COUNTY,349,82 Years,184,88,96,148,72,76,19,7,12,1,1,0,16,8,8
NAVARRO COUNTY,349,83 Years,139,58,81,107,48,59,16,4,12,3,0,3,13,6,7
NAVARRO COUNTY,349,84 Years,145,57,88,113,46,67,17,5,12,3,1,2,12,5,7
NAVARRO COUNTY,349,85 Years +,846,285,561,677,226,451,107,33,74,21,9,12,41,17,24
NEWTON COUNTY,351,All Ages,13969,7247,6722,10302,5271,5031,2862,1543,1319,381,187,194,424,246,178
NEWTON COUNTY,351,< 1 Year,144,76,68,102,51,51,27,16,11,13,8,5,2,1,1
NEWTON COUNTY,351,1 Years,149,76,73,110,54,56,24,14,10,11,5,6,4,3,1
NEWTON COUNTY,351,2 Years,155,78,77,117,59,58,23,12,11,11,5,6,4,2,2
NEWTON COUNTY,351,3 Years,157,83,74,123,67,56,22,11,11,8,3,5,4,2,2
NEWTON COUNTY,351,4 Years,159,84,75,121,67,54,23,10,13,8,3,5,7,4,3
NEWTON COUNTY,351,5 Years,159,85,74,115,61,54,29,14,15,9,6,3,6,4,2
NEWTON COUNTY,351,6 Years,182,93,89,128,66,62,36,17,19,13,9,4,5,1,4
NEWTON COUNTY,351,7 Years,158,83,75,106,59,47,32,16,16,15,7,8,5,1,4
NEWTON COUNTY,351,8 Years,169,90,79,127,69,58,24,12,12,11,5,6,7,4,3
NEWTON COUNTY,351,9 Years,173,96,77,130,71,59,28,16,12,5,3,2,10,6,4
NEWTON COUNTY,351,10 Years,156,78,78,120,60,60,26,13,13,3,1,2,7,4,3
NEWTON COUNTY,351,11 Years,151,73,78,101,49,52,40,20,20,5,2,3,5,2,3
NEWTON COUNTY,351,12 Years,146,69,77,101,47,54,34,19,15,4,1,3,7,2,5
NEWTON COUNTY,351,13 Years,164,74,90,110,53,57,36,16,20,8,3,5,10,2,8
NEWTON COUNTY,351,14 Years,180,91,89,116,64,52,46,18,28,8,5,3,10,4,6
NEWTON COUNTY,351,15 Years,189,102,87,128,74,54,42,20,22,7,2,5,12,6,6
NEWTON COUNTY,351,16 Years,165,88,77,111,59,52,39,21,18,7,4,3,8,4,4
NEWTON COUNTY,351,17 Years,179,94,85,124,65,59,39,19,20,5,4,1,11,6,5
NEWTON COUNTY,351,18 Years,185,97,88,132,68,64,40,23,17,3,2,1,10,4,6
NEWTON COUNTY,351,19 Years,170,86,84,119,63,56,35,16,19,6,3,3,10,4,6
NEWTON COUNTY,351,20 Years,169,87,82,121,62,59,35,17,18,5,3,2,8,5,3
NEWTON COUNTY,351,21 Years,156,80,76,102,55,47,39,16,23,7,3,4,8,6,2
NEWTON COUNTY,351,22 Years,184,97,87,124,69,55,42,20,22,8,4,4,10,4,6
NEWTON COUNTY,351,23 Years,203,112,91,141,74,67,41,27,14,7,4,3,14,7,7
NEWTON COUNTY,351,24 Years,217,117,100,135,64,71,63,42,21,6,3,3,13,8,5
NEWTON COUNTY,351,25 Years,226,141,85,162,94,68,53,39,14,4,3,1,7,5,2
NEWTON COUNTY,351,26 Years,196,113,83,138,72,66,46,33,13,4,2,2,8,6,2
NEWTON COUNTY,351,27 Years,183,111,72,134,78,56,35,23,12,4,2,2,10,8,2
NEWTON COUNTY,351,28 Years,170,98,72,118,69,49,38,22,16,4,2,2,10,5,5
NEWTON COUNTY,351,29 Years,163,101,62,121,74,47,32,22,10,4,2,2,6,3,3
NEWTON COUNTY,351,30 Years,149,92,57,107,62,45,32,22,10,3,2,1,7,6,1
NEWTON COUNTY,351,31 Years,149,85,64,102,54,48,40,25,15,2,1,1,5,5,0
NEWTON COUNTY,351,32 Years,142,86,56,97,55,42,34,24,10,5,1,4,6,6,0
NEWTON COUNTY,351,33 Years,140,73,67,100,53,47,33,16,17,4,1,3,3,3,0
NEWTON COUNTY,351,34 Years,132,80,52,87,53,34,38,24,14,5,1,4,2,2,0
NEWTON COUNTY,351,35 Years,155,90,65,101,56,45,38,26,12,6,3,3,10,5,5
NEWTON COUNTY,351,36 Years,150,78,72,101,49,52,37,22,15,3,2,1,9,5,4
NEWTON COUNTY,351,37 Years,146,84,62,112,62,50,25,16,9,3,2,1,6,4,2
NEWTON COUNTY,351,38 Years,140,80,60,108,61,47,25,16,9,3,1,2,4,2,2
NEWTON COUNTY,351,39 Years,135,67,68,90,43,47,36,19,17,4,1,3,5,4,1
NEWTON COUNTY,351,40 Years,147,78,69,103,50,53,34,21,13,4,2,2,6,5,1
NEWTON COUNTY,351,41 Years,167,89,78,127,63,64,31,20,11,2,1,1,7,5,2
NEWTON COUNTY,351,42 Years,148,68,80,110,47,63,32,18,14,1,0,1,5,3,2
NEWTON COUNTY,351,43 Years,154,74,80,115,52,63,33,18,15,2,1,1,4,3,1
NEWTON COUNTY,351,44 Years,162,86,76,119,56,63,33,23,10,5,3,2,5,4,1
NEWTON COUNTY,351,45 Years,176,94,82,128,68,60,39,22,17,4,1,3,5,3,2
NEWTON COUNTY,351,46 Years,186,103,83,131,72,59,46,27,19,4,1,3,5,3,2
NEWTON COUNTY,351,47 Years,183,90,93,129,57,72,46,29,17,4,2,2,4,2,2
NEWTON COUNTY,351,48 Years,167,93,74,121,65,56,37,21,16,3,2,1,6,5,1
NEWTON COUNTY,351,49 Years,182,100,82,135,69,66,35,23,12,4,2,2,8,6,2
NEWTON COUNTY,351,50 Years,180,96,84,132,70,62,40,24,16,6,1,5,2,1,1
NEWTON COUNTY,351,51 Years,191,98,93,147,78,69,38,18,20,3,0,3,3,2,1
NEWTON COUNTY,351,52 Years,207,105,102,159,76,83,40,23,17,4,3,1,4,3,1
NEWTON COUNTY,351,53 Years,199,99,100,149,75,74,43,20,23,5,3,2,2,1,1
NEWTON COUNTY,351,54 Years,200,105,95,152,81,71,39,19,20,5,2,3,4,3,1
NEWTON COUNTY,351,55 Years,193,98,95,146,74,72,40,20,20,2,1,1,5,3,2
NEWTON COUNTY,351,56 Years,212,111,101,162,86,76,42,20,22,3,1,2,5,4,1
NEWTON COUNTY,351,57 Years,197,102,95,148,76,72,43,22,21,4,2,2,2,2,0
NEWTON COUNTY,351,58 Years,216,110,106,174,89,85,35,18,17,4,1,3,3,2,1
NEWTON COUNTY,351,59 Years,206,103,103,166,85,81,35,17,18,2,0,2,3,1,2
NEWTON COUNTY,351,60 Years,198,97,101,152,75,77,41,20,21,2,1,1,3,1,2
NEWTON COUNTY,351,61 Years,206,112,94,153,84,69,45,23,22,4,3,1,4,2,2
NEWTON COUNTY,351,62 Years,204,103,101,155,79,76,43,22,21,2,2,0,4,0,4
NEWTON COUNTY,351,63 Years,188,95,93,145,76,69,36,15,21,2,1,1,5,3,2
NEWTON COUNTY,351,64 Years,179,82,97,144,66,78,30,14,16,2,1,1,3,1,2
NEWTON COUNTY,351,65 Years,168,78,90,128,56,72,35,18,17,4,3,1,1,1,0
NEWTON COUNTY,351,66 Years,172,89,83,125,62,63,44,24,20,2,2,0,1,1,0
NEWTON COUNTY,351,67 Years,191,97,94,151,76,75,37,20,17,3,1,2,0,0,0
NEWTON COUNTY,351,68 Years,174,87,87,140,70,70,30,16,14,4,1,3,0,0,0
NEWTON COUNTY,351,69 Years,178,83,95,141,68,73,32,15,17,4,0,4,1,0,1
NEWTON COUNTY,351,70 Years,147,75,72,118,60,58,24,12,12,4,3,1,1,0,1
NEWTON COUNTY,351,71 Years,155,70,85,120,54,66,28,11,17,4,4,0,3,1,2
NEWTON COUNTY,351,72 Years,138,63,75,111,49,62,23,11,12,2,1,1,2,2,0
NEWTON COUNTY,351,73 Years,142,70,72,117,56,61,22,11,11,2,2,0,1,1,0
NEWTON COUNTY,351,74 Years,129,67,62,106,56,50,20,10,10,2,1,1,1,0,1
NEWTON COUNTY,351,75 Years,118,58,60,95,47,48,19,8,11,1,1,0,3,2,1
NEWTON COUNTY,351,76 Years,117,63,54,91,51,40,22,9,13,1,1,0,3,2,1
NEWTON COUNTY,351,77 Years,107,48,59,82,39,43,21,8,13,2,0,2,2,1,1
NEWTON COUNTY,351,78 Years,99,46,53,82,39,43,14,5,9,2,1,1,1,1,0
NEWTON COUNTY,351,79 Years,84,38,46,67,30,37,16,7,9,1,1,0,0,0,0
NEWTON COUNTY,351,80 Years,78,35,43,60,28,32,17,7,10,1,0,1,0,0,0
NEWTON COUNTY,351,81 Years,80,42,38,65,34,31,14,7,7,1,1,0,0,0,0
NEWTON COUNTY,351,82 Years,64,28,36,50,23,27,13,5,8,1,0,1,0,0,0
NEWTON COUNTY,351,83 Years,64,25,39,50,18,32,12,5,7,1,1,0,1,1,0
NEWTON COUNTY,351,84 Years,63,24,39,51,19,32,11,5,6,1,0,1,0,0,0
NEWTON COUNTY,351,85 Years +,258,102,156,208,82,126,45,18,27,4,2,2,1,0,1
NOLAN COUNTY,353,All Ages,14545,7314,7231,8395,4235,4160,668,336,332,251,131,120,5231,2612,2619
NOLAN COUNTY,353,< 1 Year,189,96,93,90,49,41,9,4,5,2,1,1,88,42,46
NOLAN COUNTY,353,1 Years,197,97,100,92,45,47,9,4,5,3,2,1,93,46,47
NOLAN COUNTY,353,2 Years,199,100,99,89,44,45,9,4,5,3,2,1,98,50,48
NOLAN COUNTY,353,3 Years,197,98,99,92,44,48,8,4,4,0,0,0,97,50,47
NOLAN COUNTY,353,4 Years,183,94,89,83,43,40,9,5,4,3,2,1,88,44,44
NOLAN COUNTY,353,5 Years,172,87,85,79,41,38,7,4,3,5,1,4,81,41,40
NOLAN COUNTY,353,6 Years,192,110,82,90,47,43,8,5,3,5,4,1,89,54,35
NOLAN COUNTY,353,7 Years,187,91,96,83,38,45,7,2,5,5,2,3,92,49,43
NOLAN COUNTY,353,8 Years,221,107,114,99,48,51,10,5,5,7,4,3,105,50,55
NOLAN COUNTY,353,9 Years,217,112,105,99,52,47,14,7,7,8,2,6,96,51,45
NOLAN COUNTY,353,10 Years,209,107,102,95,51,44,15,7,8,7,3,4,92,46,46
NOLAN COUNTY,353,11 Years,209,108,101,92,45,47,12,6,6,5,1,4,100,56,44
NOLAN COUNTY,353,12 Years,216,108,108,100,57,43,11,5,6,4,2,2,101,44,57
NOLAN COUNTY,353,13 Years,210,110,100,92,51,41,7,3,4,9,7,2,102,49,53
NOLAN COUNTY,353,14 Years,198,100,98,86,45,41,11,6,5,7,4,3,94,45,49
NOLAN COUNTY,353,15 Years,189,98,91,81,45,36,11,5,6,7,3,4,90,45,45
NOLAN COUNTY,353,16 Years,195,106,89,77,42,35,14,8,6,6,2,4,98,54,44
NOLAN COUNTY,353,17 Years,196,99,97,83,40,43,13,8,5,4,2,2,96,49,47
NOLAN COUNTY,353,18 Years,180,99,81,82,45,37,14,8,6,2,1,1,82,45,37
NOLAN COUNTY,353,19 Years,176,94,82,88,45,43,14,9,5,2,0,2,72,40,32
NOLAN COUNTY,353,20 Years,180,96,84,91,50,41,11,7,4,4,3,1,74,36,38
NOLAN COUNTY,353,21 Years,182,97,85,90,50,40,6,3,3,4,2,2,82,42,40
NOLAN COUNTY,353,22 Years,190,96,94,94,44,50,10,5,5,6,3,3,80,44,36
NOLAN COUNTY,353,23 Years,174,90,84,90,43,47,10,7,3,4,2,2,70,38,32
NOLAN COUNTY,353,24 Years,214,115,99,115,61,54,14,9,5,3,3,0,82,42,40
NOLAN COUNTY,353,25 Years,238,149,89,121,77,44,11,7,4,6,5,1,100,60,40
NOLAN COUNTY,353,26 Years,216,129,87,116,70,46,5,3,2,4,3,1,91,53,38
NOLAN COUNTY,353,27 Years,173,95,78,89,51,38,8,4,4,3,2,1,73,38,35
NOLAN COUNTY,353,28 Years,160,87,73,82,43,39,9,4,5,3,2,1,66,38,28
NOLAN COUNTY,353,29 Years,174,94,80,90,45,45,10,7,3,3,2,1,71,40,31
NOLAN COUNTY,353,30 Years,152,85,67,80,46,34,7,4,3,1,0,1,64,35,29
NOLAN COUNTY,353,31 Years,146,73,73,78,39,39,4,2,2,3,2,1,61,30,31
NOLAN COUNTY,353,32 Years,136,69,67,70,35,35,3,1,2,1,1,0,62,32,30
NOLAN COUNTY,353,33 Years,145,83,62,80,49,31,8,2,6,3,2,1,54,30,24
NOLAN COUNTY,353,34 Years,148,76,72,88,51,37,6,1,5,1,0,1,53,24,29
NOLAN COUNTY,353,35 Years,168,85,83,90,47,43,7,4,3,3,1,2,68,33,35
NOLAN COUNTY,353,36 Years,155,87,68,87,50,37,10,8,2,2,1,1,56,28,28
NOLAN COUNTY,353,37 Years,142,80,62,81,48,33,5,4,1,1,1,0,55,27,28
NOLAN COUNTY,353,38 Years,153,67,86,76,36,40,7,3,4,6,1,5,64,27,37
NOLAN COUNTY,353,39 Years,156,76,80,84,39,45,9,5,4,3,1,2,60,31,29
NOLAN COUNTY,353,40 Years,149,75,74,76,38,38,9,6,3,1,1,0,63,30,33
NOLAN COUNTY,353,41 Years,155,71,84,89,41,48,8,5,3,1,1,0,57,24,33
NOLAN COUNTY,353,42 Years,150,72,78,88,45,43,5,2,3,3,2,1,54,23,31
NOLAN COUNTY,353,43 Years,161,70,91,95,47,48,6,1,5,2,1,1,58,21,37
NOLAN COUNTY,353,44 Years,160,77,83,89,43,46,7,3,4,1,1,0,63,30,33
NOLAN COUNTY,353,45 Years,177,90,87,99,51,48,10,5,5,1,1,0,67,33,34
NOLAN COUNTY,353,46 Years,184,102,82,108,64,44,8,4,4,2,1,1,66,33,33
NOLAN COUNTY,353,47 Years,169,87,82,99,52,47,11,5,6,2,1,1,57,29,28
NOLAN COUNTY,353,48 Years,163,77,86,91,48,43,10,3,7,3,2,1,59,24,35
NOLAN COUNTY,353,49 Years,174,86,88,108,52,56,7,2,5,4,3,1,55,29,26
NOLAN COUNTY,353,50 Years,159,85,74,99,48,51,6,3,3,2,2,0,52,32,20
NOLAN COUNTY,353,51 Years,172,84,88,107,51,56,5,2,3,7,4,3,53,27,26
NOLAN COUNTY,353,52 Years,157,74,83,101,46,55,8,6,2,2,1,1,46,21,25
NOLAN COUNTY,353,53 Years,184,88,96,123,61,62,11,6,5,4,2,2,46,19,27
NOLAN COUNTY,353,54 Years,187,90,97,127,65,62,10,5,5,3,1,2,47,19,28
NOLAN COUNTY,353,55 Years,186,96,90,121,66,55,6,2,4,1,0,1,58,28,30
NOLAN COUNTY,353,56 Years,197,92,105,134,62,72,11,5,6,2,1,1,50,24,26
NOLAN COUNTY,353,57 Years,194,91,103,129,61,68,11,6,5,2,2,0,52,22,30
NOLAN COUNTY,353,58 Years,176,87,89,120,62,58,4,2,2,2,0,2,50,23,27
NOLAN COUNTY,353,59 Years,185,84,101,125,56,69,7,3,4,3,2,1,50,23,27
NOLAN COUNTY,353,60 Years,210,107,103,141,69,72,10,6,4,2,0,2,57,32,25
NOLAN COUNTY,353,61 Years,212,114,98,137,71,66,8,5,3,3,1,2,64,37,27
NOLAN COUNTY,353,62 Years,199,101,98,135,65,70,8,4,4,3,2,1,53,30,23
NOLAN COUNTY,353,63 Years,196,90,106,126,61,65,9,3,6,3,1,2,58,25,33
NOLAN COUNTY,353,64 Years,196,101,95,129,68,61,12,6,6,1,1,0,54,26,28
NOLAN COUNTY,353,65 Years,183,85,98,122,61,61,10,4,6,3,0,3,48,20,28
NOLAN COUNTY,353,66 Years,193,98,95,138,75,63,5,2,3,3,2,1,47,19,28
NOLAN COUNTY,353,67 Years,180,91,89,131,69,62,6,2,4,3,2,1,40,18,22
NOLAN COUNTY,353,68 Years,170,89,81,130,70,60,4,3,1,2,2,0,34,14,20
NOLAN COUNTY,353,69 Years,169,75,94,128,56,72,9,4,5,1,1,0,31,14,17
NOLAN COUNTY,353,70 Years,138,63,75,101,47,54,4,1,3,1,0,1,32,15,17
NOLAN COUNTY,353,71 Years,138,74,64,99,52,47,6,4,2,0,0,0,33,18,15
NOLAN COUNTY,353,72 Years,149,69,80,106,47,59,5,2,3,2,1,1,36,19,17
NOLAN COUNTY,353,73 Years,131,60,71,86,38,48,4,1,3,2,1,1,39,20,19
NOLAN COUNTY,353,74 Years,122,57,65,85,38,47,3,2,1,2,1,1,32,16,16
NOLAN COUNTY,353,75 Years,110,53,57,84,42,42,3,1,2,1,1,0,22,9,13
NOLAN COUNTY,353,76 Years,110,54,56,87,47,40,2,0,2,1,0,1,20,7,13
NOLAN COUNTY,353,77 Years,102,50,52,78,41,37,3,2,1,0,0,0,21,7,14
NOLAN COUNTY,353,78 Years,84,41,43,65,31,34,4,2,2,1,1,0,14,7,7
NOLAN COUNTY,353,79 Years,89,42,47,70,33,37,5,1,4,0,0,0,14,8,6
NOLAN COUNTY,353,80 Years,91,35,56,66,24,42,4,2,2,1,0,1,20,9,11
NOLAN COUNTY,353,81 Years,85,34,51,63,24,39,3,2,1,0,0,0,19,8,11
NOLAN COUNTY,353,82 Years,72,31,41,52,23,29,1,0,1,1,0,1,18,8,10
NOLAN COUNTY,353,83 Years,61,30,31,48,22,26,1,0,1,1,1,0,11,7,4
NOLAN COUNTY,353,84 Years,55,23,32,44,18,26,1,0,1,1,0,1,9,5,4
NOLAN COUNTY,353,85 Years +,327,119,208,252,93,159,6,2,4,7,2,5,62,22,40
NUECES COUNTY,355,All Ages,361556,178610,182946,105615,53034,52581,12548,6494,6054,12336,5752,6584,231057,113330,117727
NUECES COUNTY,355,< 1 Year,4985,2578,2407,1085,565,520,162,75,87,163,93,70,3575,1845,1730
NUECES COUNTY,355,1 Years,5125,2625,2500,1103,568,535,162,79,83,161,89,72,3699,1889,1810
NUECES COUNTY,355,2 Years,5186,2638,2548,1124,570,554,159,80,79,159,85,74,3744,1903,1841
NUECES COUNTY,355,3 Years,5084,2576,2508,1118,567,551,151,78,73,158,85,73,3657,1846,1811
NUECES COUNTY,355,4 Years,4882,2496,2386,1073,553,520,154,76,78,181,97,84,3474,1770,1704
NUECES COUNTY,355,5 Years,4802,2475,2327,1040,536,504,146,74,72,201,106,95,3415,1759,1656
NUECES COUNTY,355,6 Years,4779,2409,2370,988,498,490,152,76,76,213,105,108,3426,1730,1696
NUECES COUNTY,355,7 Years,4650,2325,2325,915,462,453,151,75,76,196,102,94,3388,1686,1702
NUECES COUNTY,355,8 Years,4723,2409,2314,924,464,460,169,93,76,186,87,99,3444,1765,1679
NUECES COUNTY,355,9 Years,4673,2439,2234,866,449,417,146,82,64,189,88,101,3472,1820,1652
NUECES COUNTY,355,10 Years,4820,2531,2289,893,479,414,136,78,58,197,100,97,3594,1874,1720
NUECES COUNTY,355,11 Years,4823,2501,2322,870,469,401,152,79,73,181,94,87,3620,1859,1761
NUECES COUNTY,355,12 Years,4789,2426,2363,944,484,460,140,70,70,163,84,79,3542,1788,1754
NUECES COUNTY,355,13 Years,4837,2465,2372,919,448,471,135,73,62,151,68,83,3632,1876,1756
NUECES COUNTY,355,14 Years,4979,2584,2395,921,475,446,156,76,80,155,66,89,3747,1967,1780
NUECES COUNTY,355,15 Years,5146,2690,2456,1014,547,467,153,77,76,162,80,82,3817,1986,1831
NUECES COUNTY,355,16 Years,5270,2682,2588,1024,506,518,187,90,97,175,98,77,3884,1988,1896
NUECES COUNTY,355,17 Years,5211,2676,2535,1011,500,511,188,95,93,164,93,71,3848,1988,1860
NUECES COUNTY,355,18 Years,5187,2641,2546,1072,538,534,177,90,87,160,79,81,3778,1934,1844
NUECES COUNTY,355,19 Years,5442,2654,2788,1221,574,647,227,108,119,181,82,99,3813,1890,1923
NUECES COUNTY,355,20 Years,5455,2747,2708,1191,595,596,224,108,116,174,83,91,3866,1961,1905
NUECES COUNTY,355,21 Years,5496,2791,2705,1217,589,628,200,98,102,187,88,99,3892,2016,1876
NUECES COUNTY,355,22 Years,5570,2882,2688,1296,648,648,210,101,109,196,83,113,3868,2050,1818
NUECES COUNTY,355,23 Years,5555,2874,2681,1364,672,692,211,103,108,199,86,113,3781,2013,1768
NUECES COUNTY,355,24 Years,5637,2984,2653,1482,800,682,172,99,73,187,97,90,3796,1988,1808
NUECES COUNTY,355,25 Years,5344,2750,2594,1328,674,654,182,108,74,208,103,105,3626,1865,1761
NUECES COUNTY,355,26 Years,5413,2758,2655,1425,739,686,208,108,100,214,107,107,3566,1804,1762
NUECES COUNTY,355,27 Years,5228,2651,2577,1425,708,717,195,108,87,192,99,93,3416,1736,1680
NUECES COUNTY,355,28 Years,5165,2644,2521,1395,718,677,175,101,74,195,96,99,3400,1729,1671
NUECES COUNTY,355,29 Years,5195,2640,2555,1399,740,659,162,81,81,185,89,96,3449,1730,1719
NUECES COUNTY,355,30 Years,4979,2445,2534,1380,697,683,165,92,73,185,84,101,3249,1572,1677
NUECES COUNTY,355,31 Years,4940,2486,2454,1398,730,668,179,105,74,184,81,103,3179,1570,1609
NUECES COUNTY,355,32 Years,4821,2441,2380,1390,736,654,185,107,78,172,74,98,3074,1524,1550
NUECES COUNTY,355,33 Years,4900,2454,2446,1354,727,627,182,101,81,179,85,94,3185,1541,1644
NUECES COUNTY,355,34 Years,4770,2437,2333,1277,674,603,177,102,75,181,91,90,3135,1570,1565
NUECES COUNTY,355,35 Years,4741,2384,2357,1261,655,606,175,103,72,192,82,110,3113,1544,1569
NUECES COUNTY,355,36 Years,4622,2331,2291,1249,655,594,159,94,65,188,86,102,3026,1496,1530
NUECES COUNTY,355,37 Years,4325,2175,2150,1175,618,557,171,95,76,171,76,95,2808,1386,1422
NUECES COUNTY,355,38 Years,4184,2071,2113,1093,567,526,162,89,73,184,83,101,2745,1332,1413
NUECES COUNTY,355,39 Years,4177,2036,2141,1038,528,510,148,79,69,201,86,115,2790,1343,1447
NUECES COUNTY,355,40 Years,4127,1990,2137,1004,515,489,143,72,71,215,96,119,2765,1307,1458
NUECES COUNTY,355,41 Years,4075,2011,2064,999,521,478,145,82,63,210,102,108,2721,1306,1415
NUECES COUNTY,355,42 Years,4013,1989,2024,1006,525,481,139,79,60,207,100,107,2661,1285,1376
NUECES COUNTY,355,43 Years,4113,2026,2087,1046,553,493,149,71,78,188,87,101,2730,1315,1415
NUECES COUNTY,355,44 Years,4303,2068,2235,1119,555,564,143,78,65,218,90,128,2823,1345,1478
NUECES COUNTY,355,45 Years,4437,2156,2281,1234,641,593,147,83,64,206,94,112,2850,1338,1512
NUECES COUNTY,355,46 Years,4392,2162,2230,1280,650,630,150,83,67,162,71,91,2800,1358,1442
NUECES COUNTY,355,47 Years,4067,1990,2077,1233,641,592,134,68,66,145,64,81,2555,1217,1338
NUECES COUNTY,355,48 Years,4060,1953,2107,1206,604,602,130,66,64,149,66,83,2575,1217,1358
NUECES COUNTY,355,49 Years,4085,1996,2089,1226,629,597,137,71,66,125,51,74,2597,1245,1352
NUECES COUNTY,355,50 Years,3983,1976,2007,1249,640,609,135,72,63,114,48,66,2485,1216,1269
NUECES COUNTY,355,51 Years,4474,2197,2277,1416,701,715,185,103,82,141,65,76,2732,1328,1404
NUECES COUNTY,355,52 Years,4707,2258,2449,1626,824,802,173,91,82,138,58,80,2770,1285,1485
NUECES COUNTY,355,53 Years,4943,2353,2590,1726,859,867,182,95,87,128,53,75,2907,1346,1561
NUECES COUNTY,355,54 Years,4777,2347,2430,1699,852,847,181,97,84,124,56,68,2773,1342,1431
NUECES COUNTY,355,55 Years,4796,2332,2464,1779,904,875,172,93,79,146,76,70,2699,1259,1440
NUECES COUNTY,355,56 Years,4977,2428,2549,1847,944,903,183,91,92,149,62,87,2798,1331,1467
NUECES COUNTY,355,57 Years,4768,2325,2443,1835,907,928,179,87,92,124,49,75,2630,1282,1348
NUECES COUNTY,355,58 Years,4738,2306,2432,1823,905,918,174,91,83,123,55,68,2618,1255,1363
NUECES COUNTY,355,59 Years,4796,2303,2493,1869,940,929,196,98,98,136,64,72,2595,1201,1394
NUECES COUNTY,355,60 Years,4791,2341,2450,1884,968,916,200,110,90,133,57,76,2574,1206,1368
NUECES COUNTY,355,61 Years,4701,2302,2399,1981,1003,978,184,103,81,139,70,69,2397,1126,1271
NUECES COUNTY,355,62 Years,4518,2206,2312,1938,974,964,178,86,92,125,52,73,2277,1094,1183
NUECES COUNTY,355,63 Years,4196,2081,2115,1767,904,863,160,88,72,108,38,70,2161,1051,1110
NUECES COUNTY,355,64 Years,3915,1946,1969,1664,850,814,136,75,61,105,48,57,2010,973,1037
NUECES COUNTY,355,65 Years,3749,1824,1925,1530,767,763,125,67,58,104,44,60,1990,946,1044
NUECES COUNTY,355,66 Years,3638,1757,1881,1459,743,716,143,69,74,109,48,61,1927,897,1030
NUECES COUNTY,355,67 Years,3549,1718,1831,1413,728,685,130,59,71,103,47,56,1903,884,1019
NUECES COUNTY,355,68 Years,3557,1737,1820,1470,771,699,122,61,61,105,44,61,1860,861,999
NUECES COUNTY,355,69 Years,3388,1629,1759,1461,740,721,94,46,48,103,41,62,1730,802,928
NUECES COUNTY,355,70 Years,2861,1354,1507,1175,572,603,99,53,46,87,34,53,1500,695,805
NUECES COUNTY,355,71 Years,2703,1290,1413,1082,537,545,90,45,45,73,33,40,1458,675,783
NUECES COUNTY,355,72 Years,2492,1179,1313,1065,522,543,78,40,38,63,25,38,1286,592,694
NUECES COUNTY,355,73 Years,2282,1058,1224,1013,489,524,75,35,40,53,21,32,1141,513,628
NUECES COUNTY,355,74 Years,2132,997,1135,907,470,437,77,36,41,51,20,31,1097,471,626
NUECES COUNTY,355,75 Years,1943,892,1051,847,422,425,60,27,33,49,19,30,987,424,563
NUECES COUNTY,355,76 Years,1737,793,944,767,369,398,53,27,26,48,23,25,869,374,495
NUECES COUNTY,355,77 Years,1656,722,934,741,349,392,54,25,29,37,16,21,824,332,492
NUECES COUNTY,355,78 Years,1570,650,920,673,308,365,50,19,31,33,16,17,814,307,507
NUECES COUNTY,355,79 Years,1490,629,861,657,301,356,49,17,32,36,16,20,748,295,453
NUECES COUNTY,355,80 Years,1387,565,822,601,260,341,43,17,26,32,15,17,711,273,438
NUECES COUNTY,355,81 Years,1382,546,836,614,259,355,47,21,26,24,9,15,697,257,440
NUECES COUNTY,355,82 Years,1202,479,723,535,220,315,36,13,23,25,8,17,606,238,368
NUECES COUNTY,355,83 Years,1077,421,656,481,204,277,36,13,23,26,10,16,534,194,340
NUECES COUNTY,355,84 Years,1035,395,640,469,190,279,32,13,19,24,9,15,510,183,327
NUECES COUNTY,355,85 Years +,6064,2132,3932,2937,1082,1855,175,52,123,123,42,81,2829,956,1873
OCHILTREE COUNTY,357,All Ages,10742,5557,5185,4563,2280,2283,16,6,10,170,79,91,5993,3192,2801
OCHILTREE COUNTY,357,< 1 Year,177,81,96,42,21,21,0,0,0,3,1,2,132,59,73
OCHILTREE COUNTY,357,1 Years,180,86,94,44,21,23,0,0,0,3,2,1,133,63,70
OCHILTREE COUNTY,357,2 Years,178,89,89,43,22,21,0,0,0,4,2,2,131,65,66
OCHILTREE COUNTY,357,3 Years,175,86,89,48,23,25,0,0,0,3,1,2,124,62,62
OCHILTREE COUNTY,357,4 Years,171,87,84,48,26,22,1,0,1,3,1,2,119,60,59
OCHILTREE COUNTY,357,5 Years,170,84,86,47,25,22,0,0,0,3,2,1,120,57,63
OCHILTREE COUNTY,357,6 Years,183,92,91,46,29,17,0,0,0,3,3,0,134,60,74
OCHILTREE COUNTY,357,7 Years,185,106,79,53,37,16,1,0,1,1,1,0,130,68,62
OCHILTREE COUNTY,357,8 Years,190,112,78,49,29,20,1,1,0,3,2,1,137,80,57
OCHILTREE COUNTY,357,9 Years,194,102,92,55,24,31,0,0,0,2,0,2,137,78,59
OCHILTREE COUNTY,357,10 Years,206,106,100,62,34,28,0,0,0,1,0,1,143,72,71
OCHILTREE COUNTY,357,11 Years,209,100,109,55,28,27,1,0,1,1,0,1,152,72,80
OCHILTREE COUNTY,357,12 Years,218,103,115,66,27,39,0,0,0,2,1,1,150,75,75
OCHILTREE COUNTY,357,13 Years,198,104,94,54,27,27,1,0,1,5,3,2,138,74,64
OCHILTREE COUNTY,357,14 Years,183,94,89,51,27,24,0,0,0,2,2,0,130,65,65
OCHILTREE COUNTY,357,15 Years,196,108,88,57,35,22,0,0,0,5,3,2,134,70,64
OCHILTREE COUNTY,357,16 Years,184,105,79,50,28,22,1,0,1,4,3,1,129,74,55
OCHILTREE COUNTY,357,17 Years,181,93,88,54,24,30,0,0,0,4,1,3,123,68,55
OCHILTREE COUNTY,357,18 Years,153,88,65,48,25,23,0,0,0,1,0,1,104,63,41
OCHILTREE COUNTY,357,19 Years,148,81,67,53,27,26,0,0,0,3,1,2,92,53,39
OCHILTREE COUNTY,357,20 Years,151,91,60,55,31,24,0,0,0,4,3,1,92,57,35
OCHILTREE COUNTY,357,21 Years,147,85,62,54,27,27,0,0,0,3,1,2,90,57,33
OCHILTREE COUNTY,357,22 Years,144,74,70,51,26,25,0,0,0,4,0,4,89,48,41
OCHILTREE COUNTY,357,23 Years,139,79,60,53,29,24,1,1,0,2,1,1,83,48,35
OCHILTREE COUNTY,357,24 Years,158,86,72,61,31,30,1,0,1,3,1,2,93,54,39
OCHILTREE COUNTY,357,25 Years,129,59,70,46,20,26,0,0,0,2,1,1,81,38,43
OCHILTREE COUNTY,357,26 Years,133,63,70,53,25,28,0,0,0,1,0,1,79,38,41
OCHILTREE COUNTY,357,27 Years,128,65,63,47,23,24,0,0,0,3,1,2,78,41,37
OCHILTREE COUNTY,357,28 Years,135,72,63,50,26,24,0,0,0,2,1,1,83,45,38
OCHILTREE COUNTY,357,29 Years,136,72,64,45,24,21,1,1,0,1,1,0,89,46,43
OCHILTREE COUNTY,357,30 Years,123,66,57,48,22,26,1,1,0,0,0,0,74,43,31
OCHILTREE COUNTY,357,31 Years,158,85,73,63,32,31,0,0,0,3,1,2,92,52,40
OCHILTREE COUNTY,357,32 Years,136,77,59,53,28,25,0,0,0,2,1,1,81,48,33
OCHILTREE COUNTY,357,33 Years,144,81,63,54,28,26,0,0,0,2,2,0,88,51,37
OCHILTREE COUNTY,357,34 Years,159,88,71,60,35,25,1,1,0,1,1,0,97,51,46
OCHILTREE COUNTY,357,35 Years,145,76,69,48,27,21,1,0,1,1,1,0,95,48,47
OCHILTREE COUNTY,357,36 Years,140,84,56,42,26,16,0,0,0,3,1,2,95,57,38
OCHILTREE COUNTY,357,37 Years,157,83,74,50,25,25,0,0,0,2,1,1,105,57,48
OCHILTREE COUNTY,357,38 Years,160,80,80,51,24,27,0,0,0,2,0,2,107,56,51
OCHILTREE COUNTY,357,39 Years,146,78,68,41,18,23,0,0,0,3,2,1,102,58,44
OCHILTREE COUNTY,357,40 Years,139,77,62,44,18,26,0,0,0,2,2,0,93,57,36
OCHILTREE COUNTY,357,41 Years,147,77,70,54,25,29,0,0,0,0,0,0,93,52,41
OCHILTREE COUNTY,357,42 Years,143,80,63,55,32,23,0,0,0,0,0,0,88,48,40
OCHILTREE COUNTY,357,43 Years,127,70,57,46,25,21,0,0,0,0,0,0,81,45,36
OCHILTREE COUNTY,357,44 Years,127,75,52,43,26,17,1,0,1,1,0,1,82,49,33
OCHILTREE COUNTY,357,45 Years,120,62,58,48,23,25,0,0,0,1,0,1,71,39,32
OCHILTREE COUNTY,357,46 Years,120,60,60,51,24,27,0,0,0,1,0,1,68,36,32
OCHILTREE COUNTY,357,47 Years,109,55,54,44,21,23,0,0,0,2,2,0,63,32,31
OCHILTREE COUNTY,357,48 Years,111,56,55,45,21,24,1,1,0,3,1,2,62,33,29
OCHILTREE COUNTY,357,49 Years,106,55,51,51,26,25,0,0,0,1,0,1,54,29,25
OCHILTREE COUNTY,357,50 Years,120,58,62,52,26,26,0,0,0,2,1,1,66,31,35
OCHILTREE COUNTY,357,51 Years,117,57,60,58,29,29,0,0,0,5,2,3,54,26,28
OCHILTREE COUNTY,357,52 Years,122,66,56,68,31,37,0,0,0,3,2,1,51,33,18
OCHILTREE COUNTY,357,53 Years,130,67,63,82,39,43,1,0,1,1,1,0,46,27,19
OCHILTREE COUNTY,357,54 Years,135,66,69,82,44,38,1,0,1,3,2,1,49,20,29
OCHILTREE COUNTY,357,55 Years,142,75,67,83,45,38,0,0,0,2,1,1,57,29,28
OCHILTREE COUNTY,357,56 Years,140,71,69,82,41,41,0,0,0,5,3,2,53,27,26
OCHILTREE COUNTY,357,57 Years,120,59,61,69,37,32,0,0,0,5,2,3,46,20,26
OCHILTREE COUNTY,357,58 Years,117,57,60,72,34,38,0,0,0,4,1,3,41,22,19
OCHILTREE COUNTY,357,59 Years,120,66,54,83,46,37,0,0,0,2,0,2,35,20,15
OCHILTREE COUNTY,357,60 Years,117,59,58,79,41,38,0,0,0,3,1,2,35,17,18
OCHILTREE COUNTY,357,61 Years,119,64,55,81,43,38,0,0,0,1,1,0,37,20,17
OCHILTREE COUNTY,357,62 Years,103,51,52,73,37,36,0,0,0,1,0,1,29,14,15
OCHILTREE COUNTY,357,63 Years,98,46,52,73,33,40,0,0,0,1,1,0,24,12,12
OCHILTREE COUNTY,357,64 Years,98,47,51,77,34,43,0,0,0,0,0,0,21,13,8
OCHILTREE COUNTY,357,65 Years,81,43,38,64,32,32,0,0,0,0,0,0,17,11,6
OCHILTREE COUNTY,357,66 Years,75,40,35,55,29,26,0,0,0,0,0,0,20,11,9
OCHILTREE COUNTY,357,67 Years,78,40,38,60,28,32,0,0,0,1,1,0,17,11,6
OCHILTREE COUNTY,357,68 Years,81,45,36,70,37,33,0,0,0,1,0,1,10,8,2
OCHILTREE COUNTY,357,69 Years,75,43,32,61,34,27,0,0,0,1,0,1,13,9,4
OCHILTREE COUNTY,357,70 Years,62,33,29,44,22,22,0,0,0,2,1,1,16,10,6
OCHILTREE COUNTY,357,71 Years,62,25,37,45,19,26,0,0,0,1,0,1,16,6,10
OCHILTREE COUNTY,357,72 Years,55,26,29,45,20,25,0,0,0,0,0,0,10,6,4
OCHILTREE COUNTY,357,73 Years,54,27,27,43,20,23,0,0,0,0,0,0,11,7,4
OCHILTREE COUNTY,357,74 Years,45,19,26,36,15,21,0,0,0,1,0,1,8,4,4
OCHILTREE COUNTY,357,75 Years,49,18,31,43,16,27,0,0,0,2,1,1,4,1,3
OCHILTREE COUNTY,357,76 Years,43,17,26,37,14,23,0,0,0,0,0,0,6,3,3
OCHILTREE COUNTY,357,77 Years,34,13,21,28,11,17,0,0,0,0,0,0,6,2,4
OCHILTREE COUNTY,357,78 Years,35,17,18,29,15,14,0,0,0,1,0,1,5,2,3
OCHILTREE COUNTY,357,79 Years,31,15,16,20,10,10,0,0,0,1,0,1,10,5,5
OCHILTREE COUNTY,357,80 Years,30,12,18,20,8,12,0,0,0,0,0,0,10,4,6
OCHILTREE COUNTY,357,81 Years,34,13,21,27,11,16,0,0,0,2,0,2,5,2,3
OCHILTREE COUNTY,357,82 Years,30,10,20,24,9,15,0,0,0,1,0,1,5,1,4
OCHILTREE COUNTY,357,83 Years,28,13,15,22,12,10,0,0,0,0,0,0,6,1,5
OCHILTREE COUNTY,357,84 Years,26,9,17,21,7,14,0,0,0,2,1,1,3,1,2
OCHILTREE COUNTY,357,85 Years +,140,52,88,124,44,80,0,0,0,5,3,2,11,5,6
OLDHAM COUNTY,359,All Ages,2068,1066,1002,1709,882,827,52,25,27,47,18,29,260,141,119
OLDHAM COUNTY,359,< 1 Year,24,12,12,20,11,9,0,0,0,0,0,0,4,1,3
OLDHAM COUNTY,359,1 Years,23,12,11,20,11,9,0,0,0,0,0,0,3,1,2
OLDHAM COUNTY,359,2 Years,26,14,12,22,11,11,0,0,0,0,0,0,4,3,1
OLDHAM COUNTY,359,3 Years,27,12,15,24,10,14,0,0,0,0,0,0,3,2,1
OLDHAM COUNTY,359,4 Years,25,13,12,23,11,12,0,0,0,0,0,0,2,2,0
OLDHAM COUNTY,359,5 Years,19,9,10,17,8,9,0,0,0,0,0,0,2,1,1
OLDHAM COUNTY,359,6 Years,20,13,7,15,9,6,2,1,1,0,0,0,3,3,0
OLDHAM COUNTY,359,7 Years,20,10,10,15,9,6,1,1,0,0,0,0,4,0,4
OLDHAM COUNTY,359,8 Years,19,10,9,13,8,5,1,1,0,1,0,1,4,1,3
OLDHAM COUNTY,359,9 Years,20,11,9,16,8,8,1,1,0,0,0,0,3,2,1
OLDHAM COUNTY,359,10 Years,21,12,9,17,10,7,1,0,1,0,0,0,3,2,1
OLDHAM COUNTY,359,11 Years,28,13,15,24,13,11,1,0,1,0,0,0,3,0,3
OLDHAM COUNTY,359,12 Years,32,14,18,27,13,14,1,0,1,2,0,2,2,1,1
OLDHAM COUNTY,359,13 Years,30,15,15,24,12,12,0,0,0,1,0,1,5,3,2
OLDHAM COUNTY,359,14 Years,32,16,16,28,15,13,2,0,2,0,0,0,2,1,1
OLDHAM COUNTY,359,15 Years,35,20,15,29,17,12,1,0,1,0,0,0,5,3,2
OLDHAM COUNTY,359,16 Years,31,18,13,27,16,11,1,1,0,0,0,0,3,1,2
OLDHAM COUNTY,359,17 Years,40,29,11,32,23,9,2,2,0,0,0,0,6,4,2
OLDHAM COUNTY,359,18 Years,40,25,15,33,20,13,0,0,0,1,1,0,6,4,2
OLDHAM COUNTY,359,19 Years,48,32,16,31,20,11,5,3,2,1,0,1,11,9,2
OLDHAM COUNTY,359,20 Years,61,39,22,33,22,11,5,3,2,4,1,3,19,13,6
OLDHAM COUNTY,359,21 Years,63,43,20,38,25,13,6,4,2,4,2,2,15,12,3
OLDHAM COUNTY,359,22 Years,65,44,21,44,31,13,7,4,3,1,0,1,13,9,4
OLDHAM COUNTY,359,23 Years,51,33,18,34,22,12,3,1,2,3,2,1,11,8,3
OLDHAM COUNTY,359,24 Years,45,28,17,34,23,11,2,1,1,1,0,1,8,4,4
OLDHAM COUNTY,359,25 Years,22,11,11,18,10,8,0,0,0,1,0,1,3,1,2
OLDHAM COUNTY,359,26 Years,11,5,6,7,4,3,2,0,2,0,0,0,2,1,1
OLDHAM COUNTY,359,27 Years,13,7,6,9,5,4,0,0,0,1,1,0,3,1,2
OLDHAM COUNTY,359,28 Years,12,8,4,9,6,3,0,0,0,0,0,0,3,2,1
OLDHAM COUNTY,359,29 Years,7,5,2,5,3,2,0,0,0,0,0,0,2,2,0
OLDHAM COUNTY,359,30 Years,14,5,9,11,4,7,0,0,0,0,0,0,3,1,2
OLDHAM COUNTY,359,31 Years,20,8,12,16,6,10,1,1,0,0,0,0,3,1,2
OLDHAM COUNTY,359,32 Years,15,6,9,14,6,8,0,0,0,0,0,0,1,0,1
OLDHAM COUNTY,359,33 Years,14,6,8,11,5,6,0,0,0,0,0,0,3,1,2
OLDHAM COUNTY,359,34 Years,18,8,10,15,7,8,1,0,1,0,0,0,2,1,1
OLDHAM COUNTY,359,35 Years,19,3,16,16,2,14,0,0,0,0,0,0,3,1,2
OLDHAM COUNTY,359,36 Years,24,9,15,22,9,13,0,0,0,1,0,1,1,0,1
OLDHAM COUNTY,359,37 Years,27,12,15,26,12,14,1,0,1,0,0,0,0,0,0
OLDHAM COUNTY,359,38 Years,21,11,10,19,10,9,0,0,0,0,0,0,2,1,1
OLDHAM COUNTY,359,39 Years,20,11,9,16,9,7,0,0,0,2,1,1,2,1,1
OLDHAM COUNTY,359,40 Years,18,9,9,15,8,7,0,0,0,1,0,1,2,1,1
OLDHAM COUNTY,359,41 Years,20,10,10,18,8,10,1,1,0,0,0,0,1,1,0
OLDHAM COUNTY,359,42 Years,22,10,12,22,10,12,0,0,0,0,0,0,0,0,0
OLDHAM COUNTY,359,43 Years,22,11,11,19,10,9,1,0,1,0,0,0,2,1,1
OLDHAM COUNTY,359,44 Years,28,15,13,23,13,10,1,0,1,3,2,1,1,0,1
OLDHAM COUNTY,359,45 Years,23,9,14,19,9,10,0,0,0,3,0,3,1,0,1
OLDHAM COUNTY,359,46 Years,24,13,11,20,11,9,0,0,0,0,0,0,4,2,2
OLDHAM COUNTY,359,47 Years,28,11,17,25,10,15,0,0,0,0,0,0,3,1,2
OLDHAM COUNTY,359,48 Years,21,9,12,19,8,11,1,0,1,0,0,0,1,1,0
OLDHAM COUNTY,359,49 Years,13,5,8,12,4,8,0,0,0,0,0,0,1,1,0
OLDHAM COUNTY,359,50 Years,14,6,8,12,5,7,0,0,0,0,0,0,2,1,1
OLDHAM COUNTY,359,51 Years,22,9,13,21,8,13,0,0,0,0,0,0,1,1,0
OLDHAM COUNTY,359,52 Years,31,14,17,29,13,16,0,0,0,0,0,0,2,1,1
OLDHAM COUNTY,359,53 Years,32,21,11,28,18,10,0,0,0,1,1,0,3,2,1
OLDHAM COUNTY,359,54 Years,21,12,9,18,10,8,0,0,0,0,0,0,3,2,1
OLDHAM COUNTY,359,55 Years,25,10,15,21,9,12,0,0,0,0,0,0,4,1,3
OLDHAM COUNTY,359,56 Years,25,11,14,21,10,11,0,0,0,1,1,0,3,0,3
OLDHAM COUNTY,359,57 Years,27,13,14,21,10,11,0,0,0,1,1,0,5,2,3
OLDHAM COUNTY,359,58 Years,31,14,17,27,13,14,0,0,0,1,0,1,3,1,2
OLDHAM COUNTY,359,59 Years,34,13,21,30,12,18,0,0,0,2,1,1,2,0,2
OLDHAM COUNTY,359,60 Years,26,14,12,24,12,12,0,0,0,0,0,0,2,2,0
OLDHAM COUNTY,359,61 Years,38,21,17,32,17,15,0,0,0,1,0,1,5,4,1
OLDHAM COUNTY,359,62 Years,25,11,14,21,10,11,0,0,0,0,0,0,4,1,3
OLDHAM COUNTY,359,63 Years,18,7,11,15,6,9,0,0,0,1,0,1,2,1,1
OLDHAM COUNTY,359,64 Years,23,11,12,22,11,11,1,0,1,0,0,0,0,0,0
OLDHAM COUNTY,359,65 Years,21,8,13,19,7,12,0,0,0,0,0,0,2,1,1
OLDHAM COUNTY,359,66 Years,21,11,10,21,11,10,0,0,0,0,0,0,0,0,0
OLDHAM COUNTY,359,67 Years,27,15,12,24,15,9,0,0,0,1,0,1,2,0,2
OLDHAM COUNTY,359,68 Years,28,14,14,26,14,12,0,0,0,1,0,1,1,0,1
OLDHAM COUNTY,359,69 Years,21,11,10,18,10,8,0,0,0,1,0,1,2,1,1
OLDHAM COUNTY,359,70 Years,20,11,9,16,10,6,0,0,0,1,0,1,3,1,2
OLDHAM COUNTY,359,71 Years,17,9,8,14,7,7,0,0,0,1,1,0,2,1,1
OLDHAM COUNTY,359,72 Years,22,11,11,20,9,11,0,0,0,0,0,0,2,2,0
OLDHAM COUNTY,359,73 Years,16,8,8,14,6,8,0,0,0,1,1,0,1,1,0
OLDHAM COUNTY,359,74 Years,10,3,7,9,3,6,0,0,0,0,0,0,1,0,1
OLDHAM COUNTY,359,75 Years,12,6,6,11,5,6,0,0,0,1,1,0,0,0,0
OLDHAM COUNTY,359,76 Years,14,5,9,14,5,9,0,0,0,0,0,0,0,0,0
OLDHAM COUNTY,359,77 Years,15,4,11,14,4,10,0,0,0,0,0,0,1,0,1
OLDHAM COUNTY,359,78 Years,10,5,5,9,5,4,0,0,0,0,0,0,1,0,1
OLDHAM COUNTY,359,79 Years,16,9,7,13,8,5,0,0,0,0,0,0,3,1,2
OLDHAM COUNTY,359,80 Years,14,8,6,12,6,6,0,0,0,1,1,0,1,1,0
OLDHAM COUNTY,359,81 Years,11,4,7,11,4,7,0,0,0,0,0,0,0,0,0
OLDHAM COUNTY,359,82 Years,10,4,6,10,4,6,0,0,0,0,0,0,0,0,0
OLDHAM COUNTY,359,83 Years,7,3,4,5,2,3,0,0,0,0,0,0,2,1,1
OLDHAM COUNTY,359,84 Years,6,2,4,6,2,4,0,0,0,0,0,0,0,0,0
OLDHAM COUNTY,359,85 Years +,37,14,23,35,14,21,0,0,0,0,0,0,2,0,2
ORANGE COUNTY,361,All Ages,84219,42186,42033,67407,33630,33777,7435,3604,3831,2962,1507,1455,6415,3445,2970
ORANGE COUNTY,361,< 1 Year,1036,529,507,749,380,369,108,56,52,66,37,29,113,56,57
ORANGE COUNTY,361,1 Years,1068,545,523,780,397,383,108,57,51,66,36,30,114,55,59
ORANGE COUNTY,361,2 Years,1093,556,537,797,398,399,113,63,50,65,35,30,118,60,58
ORANGE COUNTY,361,3 Years,1068,539,529,770,387,383,103,51,52,68,36,32,127,65,62
ORANGE COUNTY,361,4 Years,1043,528,515,740,375,365,98,47,51,71,37,34,134,69,65
ORANGE COUNTY,361,5 Years,1040,524,516,725,378,347,92,43,49,75,37,38,148,66,82
ORANGE COUNTY,361,6 Years,1028,516,512,752,379,373,84,46,38,65,31,34,127,60,67
ORANGE COUNTY,361,7 Years,1152,587,565,855,429,426,87,46,41,68,39,29,142,73,69
ORANGE COUNTY,361,8 Years,1176,609,567,853,434,419,117,63,54,70,41,29,136,71,65
ORANGE COUNTY,361,9 Years,1188,614,574,877,466,411,110,52,58,68,35,33,133,61,72
ORANGE COUNTY,361,10 Years,1175,618,557,862,449,413,105,59,46,68,40,28,140,70,70
ORANGE COUNTY,361,11 Years,1168,611,557,871,446,425,109,59,50,48,29,19,140,77,63
ORANGE COUNTY,361,12 Years,1220,651,569,908,473,435,119,65,54,52,30,22,141,83,58
ORANGE COUNTY,361,13 Years,1234,651,583,898,466,432,120,62,58,60,30,30,156,93,63
ORANGE COUNTY,361,14 Years,1198,633,565,887,469,418,112,56,56,54,28,26,145,80,65
ORANGE COUNTY,361,15 Years,1208,637,571,904,476,428,125,65,60,55,29,26,124,67,57
ORANGE COUNTY,361,16 Years,1226,632,594,915,467,448,131,70,61,57,28,29,123,67,56
ORANGE COUNTY,361,17 Years,1233,618,615,928,470,458,131,65,66,52,26,26,122,57,65
ORANGE COUNTY,361,18 Years,1133,601,532,841,449,392,121,60,61,45,24,21,126,68,58
ORANGE COUNTY,361,19 Years,1065,566,499,795,411,384,120,70,50,41,20,21,109,65,44
ORANGE COUNTY,361,20 Years,1033,533,500,744,379,365,132,70,62,41,20,21,116,64,52
ORANGE COUNTY,361,21 Years,1005,551,454,728,396,332,126,73,53,50,27,23,101,55,46
ORANGE COUNTY,361,22 Years,1055,544,511,757,395,362,133,62,71,51,28,23,114,59,55
ORANGE COUNTY,361,23 Years,1108,578,530,814,416,398,139,79,60,52,27,25,103,56,47
ORANGE COUNTY,361,24 Years,1057,569,488,786,416,370,122,67,55,42,23,19,107,63,44
ORANGE COUNTY,361,25 Years,1081,557,524,839,429,410,110,58,52,35,18,17,97,52,45
ORANGE COUNTY,361,26 Years,1031,552,479,819,439,380,92,48,44,37,20,17,83,45,38
ORANGE COUNTY,361,27 Years,980,514,466,774,396,378,89,48,41,26,15,11,91,55,36
ORANGE COUNTY,361,28 Years,896,447,449,708,344,364,74,40,34,22,8,14,92,55,37
ORANGE COUNTY,361,29 Years,879,434,445,692,339,353,80,34,46,25,11,14,82,50,32
ORANGE COUNTY,361,30 Years,874,453,421,690,357,333,76,36,40,30,17,13,78,43,35
ORANGE COUNTY,361,31 Years,885,444,441,687,340,347,92,47,45,23,10,13,83,47,36
ORANGE COUNTY,361,32 Years,911,456,455,704,347,357,81,38,43,27,14,13,99,57,42
ORANGE COUNTY,361,33 Years,947,482,465,752,380,372,78,39,39,19,10,9,98,53,45
ORANGE COUNTY,361,34 Years,944,474,470,745,375,370,72,34,38,23,14,9,104,51,53
ORANGE COUNTY,361,35 Years,990,492,498,789,392,397,72,35,37,27,14,13,102,51,51
ORANGE COUNTY,361,36 Years,1014,500,514,800,396,404,88,37,51,29,15,14,97,52,45
ORANGE COUNTY,361,37 Years,1014,506,508,806,399,407,91,40,51,32,18,14,85,49,36
ORANGE COUNTY,361,38 Years,994,512,482,792,405,387,80,32,48,30,19,11,92,56,36
ORANGE COUNTY,361,39 Years,1007,513,494,791,404,387,91,35,56,34,18,16,91,56,35
ORANGE COUNTY,361,40 Years,968,486,482,750,374,376,99,44,55,39,17,22,80,51,29
ORANGE COUNTY,361,41 Years,1013,480,533,793,373,420,93,44,49,40,12,28,87,51,36
ORANGE COUNTY,361,42 Years,1019,491,528,818,389,429,80,39,41,35,16,19,86,47,39
ORANGE COUNTY,361,43 Years,1018,503,515,822,402,420,87,39,48,35,19,16,74,43,31
ORANGE COUNTY,361,44 Years,1088,558,530,886,464,422,91,38,53,34,13,21,77,43,34
ORANGE COUNTY,361,45 Years,1147,592,555,936,499,437,102,44,58,35,13,22,74,36,38
ORANGE COUNTY,361,46 Years,1095,571,524,897,469,428,86,42,44,32,17,15,80,43,37
ORANGE COUNTY,361,47 Years,1035,545,490,855,449,406,84,39,45,33,22,11,63,35,28
ORANGE COUNTY,361,48 Years,1063,555,508,878,463,415,97,45,52,30,19,11,58,28,30
ORANGE COUNTY,361,49 Years,1113,571,542,931,484,447,92,44,48,32,16,16,58,27,31
ORANGE COUNTY,361,50 Years,1130,570,560,929,469,460,105,49,56,32,18,14,64,34,30
ORANGE COUNTY,361,51 Years,1180,579,601,982,479,503,109,50,59,31,17,14,58,33,25
ORANGE COUNTY,361,52 Years,1285,604,681,1090,512,578,98,47,51,31,15,16,66,30,36
ORANGE COUNTY,361,53 Years,1277,643,634,1092,550,542,91,50,41,35,14,21,59,29,30
ORANGE COUNTY,361,54 Years,1278,659,619,1093,568,525,102,52,50,31,12,19,52,27,25
ORANGE COUNTY,361,55 Years,1271,640,631,1080,543,537,103,49,54,38,20,18,50,28,22
ORANGE COUNTY,361,56 Years,1287,649,638,1093,556,537,103,43,60,37,18,19,54,32,22
ORANGE COUNTY,361,57 Years,1279,631,648,1085,541,544,110,50,60,32,12,20,52,28,24
ORANGE COUNTY,361,58 Years,1285,642,643,1095,558,537,107,48,59,32,11,21,51,25,26
ORANGE COUNTY,361,59 Years,1207,594,613,1027,513,514,101,42,59,34,14,20,45,25,20
ORANGE COUNTY,361,60 Years,1103,554,549,934,473,461,98,40,58,36,15,21,35,26,9
ORANGE COUNTY,361,61 Years,1106,536,570,946,457,489,91,36,55,32,16,16,37,27,10
ORANGE COUNTY,361,62 Years,1072,523,549,919,446,473,88,45,43,28,11,17,37,21,16
ORANGE COUNTY,361,63 Years,990,492,498,853,421,432,78,39,39,24,12,12,35,20,15
ORANGE COUNTY,361,64 Years,987,483,504,854,420,434,73,33,40,25,12,13,35,18,17
ORANGE COUNTY,361,65 Years,956,466,490,825,403,422,74,33,41,23,12,11,34,18,16
ORANGE COUNTY,361,66 Years,923,440,483,808,384,424,63,28,35,20,10,10,32,18,14
ORANGE COUNTY,361,67 Years,871,425,446,757,372,385,70,30,40,23,11,12,21,12,9
ORANGE COUNTY,361,68 Years,886,440,446,768,381,387,72,36,36,22,10,12,24,13,11
ORANGE COUNTY,361,69 Years,827,396,431,716,342,374,72,35,37,12,3,9,27,16,11
ORANGE COUNTY,361,70 Years,691,336,355,600,290,310,60,30,30,12,6,6,19,10,9
ORANGE COUNTY,361,71 Years,665,313,352,580,273,307,51,24,27,11,5,6,23,11,12
ORANGE COUNTY,361,72 Years,679,317,362,606,282,324,47,22,25,10,6,4,16,7,9
ORANGE COUNTY,361,73 Years,639,306,333,564,267,297,46,23,23,15,9,6,14,7,7
ORANGE COUNTY,361,74 Years,611,306,305,540,270,270,39,21,18,13,7,6,19,8,11
ORANGE COUNTY,361,75 Years,562,247,315,502,223,279,36,14,22,8,1,7,16,9,7
ORANGE COUNTY,361,76 Years,482,211,271,427,191,236,32,11,21,7,3,4,16,6,10
ORANGE COUNTY,361,77 Years,487,218,269,431,189,242,32,15,17,8,7,1,16,7,9
ORANGE COUNTY,361,78 Years,461,190,271,407,168,239,31,11,20,10,7,3,13,4,9
ORANGE COUNTY,361,79 Years,432,200,232,379,178,201,32,12,20,10,6,4,11,4,7
ORANGE COUNTY,361,80 Years,421,185,236,377,166,211,23,9,14,6,2,4,15,8,7
ORANGE COUNTY,361,81 Years,399,185,214,354,169,185,21,6,15,6,2,4,18,8,10
ORANGE COUNTY,361,82 Years,345,156,189,309,142,167,18,5,13,5,1,4,13,8,5
ORANGE COUNTY,361,83 Years,324,145,179,286,127,159,18,8,10,7,3,4,13,7,6
ORANGE COUNTY,361,84 Years,296,116,180,263,103,160,17,6,11,7,3,4,9,4,5
ORANGE COUNTY,361,85 Years +,1509,561,948,1346,495,851,82,27,55,35,18,17,46,21,25
PALO PINTO COUNTY,363,All Ages,28600,14171,14429,21499,10553,10946,632,340,292,595,298,297,5874,2980,2894
PALO PINTO COUNTY,363,< 1 Year,334,165,169,210,107,103,12,5,7,8,4,4,104,49,55
PALO PINTO COUNTY,363,1 Years,344,169,175,217,108,109,11,6,5,8,5,3,108,50,58
PALO PINTO COUNTY,363,2 Years,355,177,178,219,111,108,8,4,4,9,6,3,119,56,63
PALO PINTO COUNTY,363,3 Years,364,184,180,223,112,111,10,5,5,9,6,3,122,61,61
PALO PINTO COUNTY,363,4 Years,368,194,174,224,120,104,9,4,5,8,6,2,127,64,63
PALO PINTO COUNTY,363,5 Years,366,199,167,223,123,100,12,7,5,8,6,2,123,63,60
PALO PINTO COUNTY,363,6 Years,385,203,182,236,121,115,14,10,4,5,5,0,130,67,63
PALO PINTO COUNTY,363,7 Years,352,181,171,215,114,101,14,8,6,8,4,4,115,55,60
PALO PINTO COUNTY,363,8 Years,370,191,179,234,126,108,15,6,9,11,4,7,110,55,55
PALO PINTO COUNTY,363,9 Years,403,205,198,253,130,123,10,6,4,16,8,8,124,61,63
PALO PINTO COUNTY,363,10 Years,395,201,194,239,131,108,10,4,6,17,8,9,129,58,71
PALO PINTO COUNTY,363,11 Years,390,200,190,236,125,111,11,7,4,14,5,9,129,63,66
PALO PINTO COUNTY,363,12 Years,357,186,171,219,121,98,10,6,4,9,4,5,119,55,64
PALO PINTO COUNTY,363,13 Years,378,193,185,240,132,108,8,4,4,6,3,3,124,54,70
PALO PINTO COUNTY,363,14 Years,376,186,190,240,122,118,8,5,3,8,5,3,120,54,66
PALO PINTO COUNTY,363,15 Years,403,204,199,249,135,114,12,6,6,12,7,5,130,56,74
PALO PINTO COUNTY,363,16 Years,442,222,220,269,136,133,14,7,7,12,7,5,147,72,75
PALO PINTO COUNTY,363,17 Years,415,210,205,253,126,127,9,5,4,13,8,5,140,71,69
PALO PINTO COUNTY,363,18 Years,399,216,183,241,135,106,11,6,5,9,4,5,138,71,67
PALO PINTO COUNTY,363,19 Years,358,193,165,214,115,99,9,6,3,10,7,3,125,65,60
PALO PINTO COUNTY,363,20 Years,358,192,166,213,108,105,9,6,3,11,6,5,125,72,53
PALO PINTO COUNTY,363,21 Years,337,174,163,198,101,97,9,5,4,8,4,4,122,64,58
PALO PINTO COUNTY,363,22 Years,323,165,158,203,98,105,9,6,3,6,4,2,105,57,48
PALO PINTO COUNTY,363,23 Years,364,194,170,247,129,118,6,4,2,9,4,5,102,57,45
PALO PINTO COUNTY,363,24 Years,344,176,168,239,121,118,7,4,3,7,3,4,91,48,43
PALO PINTO COUNTY,363,25 Years,330,154,176,233,109,124,7,4,3,5,2,3,85,39,46
PALO PINTO COUNTY,363,26 Years,322,155,167,227,106,121,7,5,2,6,3,3,82,41,41
PALO PINTO COUNTY,363,27 Years,296,148,148,211,100,111,6,4,2,4,3,1,75,41,34
PALO PINTO COUNTY,363,28 Years,297,144,153,204,93,111,6,4,2,4,3,1,83,44,39
PALO PINTO COUNTY,363,29 Years,277,147,130,202,105,97,5,4,1,2,2,0,68,36,32
PALO PINTO COUNTY,363,30 Years,275,151,124,199,107,92,8,6,2,2,1,1,66,37,29
PALO PINTO COUNTY,363,31 Years,260,127,133,184,88,96,5,1,4,6,2,4,65,36,29
PALO PINTO COUNTY,363,32 Years,277,152,125,195,107,88,7,3,4,10,5,5,65,37,28
PALO PINTO COUNTY,363,33 Years,284,140,144,195,90,105,6,3,3,9,4,5,74,43,31
PALO PINTO COUNTY,363,34 Years,282,134,148,200,91,109,8,4,4,6,4,2,68,35,33
PALO PINTO COUNTY,363,35 Years,293,143,150,201,94,107,7,3,4,4,2,2,81,44,37
PALO PINTO COUNTY,363,36 Years,288,140,148,210,95,115,7,5,2,6,5,1,65,35,30
PALO PINTO COUNTY,363,37 Years,295,144,151,211,100,111,8,5,3,9,5,4,67,34,33
PALO PINTO COUNTY,363,38 Years,293,142,151,211,101,110,7,3,4,10,5,5,65,33,32
PALO PINTO COUNTY,363,39 Years,296,152,144,220,114,106,7,4,3,5,2,3,64,32,32
PALO PINTO COUNTY,363,40 Years,295,140,155,213,103,110,6,4,2,2,1,1,74,32,42
PALO PINTO COUNTY,363,41 Years,296,137,159,216,102,114,3,1,2,4,3,1,73,31,42
PALO PINTO COUNTY,363,42 Years,306,146,160,221,103,118,7,5,2,10,4,6,68,34,34
PALO PINTO COUNTY,363,43 Years,307,145,162,221,100,121,6,5,1,9,3,6,71,37,34
PALO PINTO COUNTY,363,44 Years,307,153,154,231,113,118,4,3,1,5,2,3,67,35,32
PALO PINTO COUNTY,363,45 Years,328,158,170,250,127,123,3,1,2,7,2,5,68,28,40
PALO PINTO COUNTY,363,46 Years,363,181,182,282,139,143,5,2,3,5,2,3,71,38,33
PALO PINTO COUNTY,363,47 Years,318,164,154,239,119,120,5,3,2,4,3,1,70,39,31
PALO PINTO COUNTY,363,48 Years,331,167,164,262,134,128,8,4,4,2,2,0,59,27,32
PALO PINTO COUNTY,363,49 Years,348,169,179,273,132,141,7,5,2,4,2,2,64,30,34
PALO PINTO COUNTY,363,50 Years,314,153,161,241,121,120,7,5,2,6,2,4,60,25,35
PALO PINTO COUNTY,363,51 Years,384,180,204,306,142,164,8,4,4,8,3,5,62,31,31
PALO PINTO COUNTY,363,52 Years,405,194,211,329,155,174,6,2,4,9,3,6,61,34,27
PALO PINTO COUNTY,363,53 Years,404,189,215,337,152,185,8,3,5,5,2,3,54,32,22
PALO PINTO COUNTY,363,54 Years,428,220,208,350,173,177,12,7,5,7,4,3,59,36,23
PALO PINTO COUNTY,363,55 Years,433,220,213,365,180,185,9,4,5,4,1,3,55,35,20
PALO PINTO COUNTY,363,56 Years,443,210,233,377,177,200,11,5,6,7,3,4,48,25,23
PALO PINTO COUNTY,363,57 Years,415,204,211,352,172,180,6,4,2,6,1,5,51,27,24
PALO PINTO COUNTY,363,58 Years,428,208,220,361,169,192,9,6,3,6,5,1,52,28,24
PALO PINTO COUNTY,363,59 Years,446,217,229,394,188,206,9,4,5,9,5,4,34,20,14
PALO PINTO COUNTY,363,60 Years,463,226,237,406,193,213,13,7,6,10,4,6,34,22,12
PALO PINTO COUNTY,363,61 Years,430,208,222,385,184,201,12,4,8,6,3,3,27,17,10
PALO PINTO COUNTY,363,62 Years,407,206,201,356,179,177,9,2,7,5,3,2,37,22,15
PALO PINTO COUNTY,363,63 Years,392,200,192,340,175,165,5,2,3,7,3,4,40,20,20
PALO PINTO COUNTY,363,64 Years,360,176,184,311,151,160,6,4,2,7,4,3,36,17,19
PALO PINTO COUNTY,363,65 Years,360,181,179,318,158,160,4,3,1,5,2,3,33,18,15
PALO PINTO COUNTY,363,66 Years,387,188,199,338,162,176,7,3,4,7,1,6,35,22,13
PALO PINTO COUNTY,363,67 Years,356,176,180,307,149,158,6,2,4,9,2,7,34,23,11
PALO PINTO COUNTY,363,68 Years,395,194,201,350,171,179,7,4,3,7,4,3,31,15,16
PALO PINTO COUNTY,363,69 Years,395,191,204,360,176,184,11,6,5,5,1,4,19,8,11
PALO PINTO COUNTY,363,70 Years,325,161,164,292,147,145,6,3,3,3,1,2,24,10,14
PALO PINTO COUNTY,363,71 Years,314,162,152,282,145,137,3,3,0,6,4,2,23,10,13
PALO PINTO COUNTY,363,72 Years,315,164,151,286,151,135,2,1,1,10,5,5,17,7,10
PALO PINTO COUNTY,363,73 Years,278,141,137,254,129,125,4,2,2,6,3,3,14,7,7
PALO PINTO COUNTY,363,74 Years,260,127,133,235,112,123,2,2,0,7,4,3,16,9,7
PALO PINTO COUNTY,363,75 Years,249,115,134,226,103,123,2,2,0,4,3,1,17,7,10
PALO PINTO COUNTY,363,76 Years,230,106,124,207,92,115,3,1,2,4,3,1,16,10,6
PALO PINTO COUNTY,363,77 Years,207,110,97,188,100,88,3,1,2,3,3,0,13,6,7
PALO PINTO COUNTY,363,78 Years,199,96,103,184,90,94,3,2,1,3,1,2,9,3,6
PALO PINTO COUNTY,363,79 Years,176,75,101,157,67,90,5,2,3,3,1,2,11,5,6
PALO PINTO COUNTY,363,80 Years,167,70,97,152,63,89,2,0,2,2,0,2,11,7,4
PALO PINTO COUNTY,363,81 Years,150,67,83,140,62,78,3,1,2,3,1,2,4,3,1
PALO PINTO COUNTY,363,82 Years,125,55,70,113,51,62,2,1,1,4,1,3,6,2,4
PALO PINTO COUNTY,363,83 Years,112,46,66,101,43,58,1,1,0,3,0,3,7,2,5
PALO PINTO COUNTY,363,84 Years,112,49,63,96,43,53,3,1,2,3,1,2,10,4,6
PALO PINTO COUNTY,363,85 Years +,492,173,319,438,149,289,11,3,8,15,6,9,28,15,13
PANOLA COUNTY,365,All Ages,24145,12094,12051,17340,8659,8681,3914,1888,2026,505,256,249,2386,1291,1095
PANOLA COUNTY,365,< 1 Year,258,138,120,170,89,81,50,28,22,8,4,4,30,17,13
PANOLA COUNTY,365,1 Years,268,143,125,179,95,84,49,25,24,11,6,5,29,17,12
PANOLA COUNTY,365,2 Years,281,152,129,186,100,86,51,27,24,12,8,4,32,17,15
PANOLA COUNTY,365,3 Years,279,149,130,180,96,84,51,27,24,12,8,4,36,18,18
PANOLA COUNTY,365,4 Years,302,156,146,186,99,87,54,27,27,12,7,5,50,23,27
PANOLA COUNTY,365,5 Years,285,144,141,176,91,85,52,26,26,9,4,5,48,23,25
PANOLA COUNTY,365,6 Years,283,146,137,170,84,86,55,27,28,9,5,4,49,30,19
PANOLA COUNTY,365,7 Years,299,146,153,183,90,93,45,20,25,12,6,6,59,30,29
PANOLA COUNTY,365,8 Years,322,167,155,205,108,97,47,28,19,9,3,6,61,28,33
PANOLA COUNTY,365,9 Years,322,172,150,197,113,84,53,24,29,11,7,4,61,28,33
PANOLA COUNTY,365,10 Years,341,178,163,211,115,96,54,25,29,15,10,5,61,28,33
PANOLA COUNTY,365,11 Years,352,174,178,217,107,110,53,28,25,12,6,6,70,33,37
PANOLA COUNTY,365,12 Years,358,171,187,228,101,127,47,30,17,13,7,6,70,33,37
PANOLA COUNTY,365,13 Years,361,191,170,246,129,117,49,28,21,9,4,5,57,30,27
PANOLA COUNTY,365,14 Years,350,199,151,226,128,98,64,37,27,8,5,3,52,29,23
PANOLA COUNTY,365,15 Years,357,190,167,228,121,107,62,30,32,9,5,4,58,34,24
PANOLA COUNTY,365,16 Years,344,181,163,235,122,113,55,29,26,8,4,4,46,26,20
PANOLA COUNTY,365,17 Years,338,170,168,234,114,120,45,25,20,8,4,4,51,27,24
PANOLA COUNTY,365,18 Years,329,168,161,218,116,102,46,24,22,9,5,4,56,23,33
PANOLA COUNTY,365,19 Years,290,150,140,188,100,88,48,25,23,8,4,4,46,21,25
PANOLA COUNTY,365,20 Years,261,132,129,171,84,87,39,23,16,4,2,2,47,23,24
PANOLA COUNTY,365,21 Years,270,142,128,170,96,74,51,23,28,6,2,4,43,21,22
PANOLA COUNTY,365,22 Years,304,165,139,195,109,86,55,28,27,5,2,3,49,26,23
PANOLA COUNTY,365,23 Years,322,169,153,208,107,101,65,38,27,10,6,4,39,18,21
PANOLA COUNTY,365,24 Years,306,145,161,180,83,97,71,37,34,15,8,7,40,17,23
PANOLA COUNTY,365,25 Years,365,186,179,236,125,111,72,32,40,7,5,2,50,24,26
PANOLA COUNTY,365,26 Years,322,173,149,204,108,96,73,35,38,5,3,2,40,27,13
PANOLA COUNTY,365,27 Years,281,161,120,179,98,81,54,31,23,5,2,3,43,30,13
PANOLA COUNTY,365,28 Years,272,148,124,177,95,82,51,26,25,4,3,1,40,24,16
PANOLA COUNTY,365,29 Years,249,126,123,154,84,70,50,19,31,5,1,4,40,22,18
PANOLA COUNTY,365,30 Years,258,129,129,170,85,85,41,18,23,3,1,2,44,25,19
PANOLA COUNTY,365,31 Years,254,133,121,166,85,81,38,19,19,7,3,4,43,26,17
PANOLA COUNTY,365,32 Years,228,120,108,161,87,74,24,10,14,5,2,3,38,21,17
PANOLA COUNTY,365,33 Years,267,140,127,185,91,94,41,26,15,2,1,1,39,22,17
PANOLA COUNTY,365,34 Years,281,145,136,203,101,102,41,21,20,3,2,1,34,21,13
PANOLA COUNTY,365,35 Years,302,160,142,213,112,101,49,22,27,4,3,1,36,23,13
PANOLA COUNTY,365,36 Years,315,153,162,222,106,116,48,22,26,5,3,2,40,22,18
PANOLA COUNTY,365,37 Years,288,138,150,195,90,105,52,26,26,3,0,3,38,22,16
PANOLA COUNTY,365,38 Years,286,140,146,213,102,111,41,22,19,4,1,3,28,15,13
PANOLA COUNTY,365,39 Years,279,144,135,198,100,98,43,20,23,4,3,1,34,21,13
PANOLA COUNTY,365,40 Years,293,144,149,202,98,104,46,19,27,8,5,3,37,22,15
PANOLA COUNTY,365,41 Years,296,146,150,213,103,110,46,22,24,4,2,2,33,19,14
PANOLA COUNTY,365,42 Years,254,132,122,189,96,93,32,16,16,1,1,0,32,19,13
PANOLA COUNTY,365,43 Years,263,132,131,193,95,98,36,18,18,4,2,2,30,17,13
PANOLA COUNTY,365,44 Years,287,144,143,211,105,106,43,21,22,6,3,3,27,15,12
PANOLA COUNTY,365,45 Years,279,140,139,210,109,101,45,18,27,5,3,2,19,10,9
PANOLA COUNTY,365,46 Years,278,135,143,205,103,102,46,17,29,4,1,3,23,14,9
PANOLA COUNTY,365,47 Years,275,131,144,198,100,98,46,15,31,6,2,4,25,14,11
PANOLA COUNTY,365,48 Years,275,140,135,199,105,94,46,18,28,5,3,2,25,14,11
PANOLA COUNTY,365,49 Years,256,128,128,180,88,92,46,22,24,4,1,3,26,17,9
PANOLA COUNTY,365,50 Years,244,118,126,171,81,90,50,25,25,5,2,3,18,10,8
PANOLA COUNTY,365,51 Years,283,137,146,207,99,108,56,29,27,6,3,3,14,6,8
PANOLA COUNTY,365,52 Years,320,162,158,245,123,122,56,27,29,5,2,3,14,10,4
PANOLA COUNTY,365,53 Years,325,164,161,247,128,119,52,21,31,5,2,3,21,13,8
PANOLA COUNTY,365,54 Years,316,163,153,232,120,112,54,26,28,8,4,4,22,13,9
PANOLA COUNTY,365,55 Years,339,177,162,246,132,114,74,35,39,5,2,3,14,8,6
PANOLA COUNTY,365,56 Years,352,159,193,251,116,135,79,33,46,7,3,4,15,7,8
PANOLA COUNTY,365,57 Years,336,152,184,254,121,133,61,23,38,7,1,6,14,7,7
PANOLA COUNTY,365,58 Years,342,168,174,265,126,139,56,30,26,7,4,3,14,8,6
PANOLA COUNTY,365,59 Years,364,178,186,294,140,154,53,28,25,5,3,2,12,7,5
PANOLA COUNTY,365,60 Years,347,179,168,284,144,140,52,27,25,5,4,1,6,4,2
PANOLA COUNTY,365,61 Years,356,176,180,294,147,147,49,20,29,3,2,1,10,7,3
PANOLA COUNTY,365,62 Years,348,171,177,280,137,143,51,24,27,5,2,3,12,8,4
PANOLA COUNTY,365,63 Years,361,178,183,290,139,151,55,29,26,5,2,3,11,8,3
PANOLA COUNTY,365,64 Years,377,190,187,309,159,150,56,24,32,6,4,2,6,3,3
PANOLA COUNTY,365,65 Years,348,171,177,285,140,145,46,20,26,9,4,5,8,7,1
PANOLA COUNTY,365,66 Years,311,165,146,257,138,119,42,21,21,6,3,3,6,3,3
PANOLA COUNTY,365,67 Years,285,148,137,237,124,113,41,21,20,2,1,1,5,2,3
PANOLA COUNTY,365,68 Years,286,134,152,243,115,128,35,16,19,3,1,2,5,2,3
PANOLA COUNTY,365,69 Years,290,141,149,243,120,123,38,17,21,4,2,2,5,2,3
PANOLA COUNTY,365,70 Years,247,125,122,195,99,96,41,20,21,3,2,1,8,4,4
PANOLA COUNTY,365,71 Years,242,119,123,193,98,95,36,16,20,7,3,4,6,2,4
PANOLA COUNTY,365,72 Years,209,101,108,169,80,89,28,15,13,7,3,4,5,3,2
PANOLA COUNTY,365,73 Years,208,98,110,171,79,92,28,13,15,4,2,2,5,4,1
PANOLA COUNTY,365,74 Years,193,83,110,160,68,92,26,11,15,1,0,1,6,4,2
PANOLA COUNTY,365,75 Years,161,71,90,129,54,75,25,11,14,1,1,0,6,5,1
PANOLA COUNTY,365,76 Years,162,68,94,133,56,77,23,9,14,3,1,2,3,2,1
PANOLA COUNTY,365,77 Years,161,73,88,141,64,77,18,8,10,2,1,1,0,0,0
PANOLA COUNTY,365,78 Years,158,75,83,138,67,71,18,7,11,2,1,1,0,0,0
PANOLA COUNTY,365,79 Years,145,62,83,118,52,66,25,9,16,2,1,1,0,0,0
PANOLA COUNTY,365,80 Years,122,53,69,98,42,56,20,9,11,3,1,2,1,1,0
PANOLA COUNTY,365,81 Years,110,48,62,90,39,51,18,9,9,1,0,1,1,0,1
PANOLA COUNTY,365,82 Years,100,41,59,85,35,50,14,6,8,0,0,0,1,0,1
PANOLA COUNTY,365,83 Years,93,37,56,80,32,48,12,5,7,0,0,0,1,0,1
PANOLA COUNTY,365,84 Years,83,32,51,71,27,44,11,5,6,0,0,0,1,0,1
PANOLA COUNTY,365,85 Years +,436,171,265,372,150,222,54,15,39,4,1,3,6,5,1
PARKER COUNTY,367,All Ages,132602,66117,66485,107921,52875,55046,2100,1465,635,4113,2001,2112,18468,9776,8692
PARKER COUNTY,367,< 1 Year,1410,752,658,1023,540,483,16,10,6,67,48,19,304,154,150
PARKER COUNTY,367,1 Years,1390,725,665,1024,527,497,15,8,7,61,39,22,290,151,139
PARKER COUNTY,367,2 Years,1324,690,634,992,516,476,12,6,6,55,33,22,265,135,130
PARKER COUNTY,367,3 Years,1300,685,615,966,510,456,13,7,6,61,34,27,260,134,126
PARKER COUNTY,367,4 Years,1299,670,629,962,504,458,13,8,5,60,31,29,264,127,137
PARKER COUNTY,367,5 Years,1387,695,692,988,503,485,14,7,7,74,30,44,311,155,156
PARKER COUNTY,367,6 Years,1426,735,691,1029,534,495,11,4,7,63,25,38,323,172,151
PARKER COUNTY,367,7 Years,1580,787,793,1169,579,590,16,8,8,65,27,38,330,173,157
PARKER COUNTY,367,8 Years,1719,879,840,1270,646,624,14,8,6,81,43,38,354,182,172
PARKER COUNTY,367,9 Years,1814,928,886,1346,686,660,17,10,7,81,42,39,370,190,180
PARKER COUNTY,367,10 Years,1862,940,922,1398,701,697,20,11,9,81,38,43,363,190,173
PARKER COUNTY,367,11 Years,1953,979,974,1480,736,744,26,15,11,79,37,42,368,191,177
PARKER COUNTY,367,12 Years,2012,1012,1000,1517,749,768,29,21,8,74,33,41,392,209,183
PARKER COUNTY,367,13 Years,2101,1092,1009,1593,813,780,28,19,9,65,31,34,415,229,186
PARKER COUNTY,367,14 Years,2154,1128,1026,1639,840,799,33,20,13,75,39,36,407,229,178
PARKER COUNTY,367,15 Years,2192,1108,1084,1656,815,841,36,22,14,77,43,34,423,228,195
PARKER COUNTY,367,16 Years,2173,1074,1099,1632,797,835,34,17,17,85,46,39,422,214,208
PARKER COUNTY,367,17 Years,2183,1085,1098,1630,790,840,33,16,17,99,53,46,421,226,195
PARKER COUNTY,367,18 Years,2080,1062,1018,1519,749,770,37,22,15,93,48,45,431,243,188
PARKER COUNTY,367,19 Years,1899,996,903,1328,662,666,56,42,14,85,44,41,430,248,182
PARKER COUNTY,367,20 Years,1848,999,849,1286,670,616,46,32,14,81,37,44,435,260,175
PARKER COUNTY,367,21 Years,1747,971,776,1179,622,557,66,52,14,76,41,35,426,256,170
PARKER COUNTY,367,22 Years,1761,966,795,1202,621,581,57,41,16,74,43,31,428,261,167
PARKER COUNTY,367,23 Years,1766,983,783,1257,682,575,59,43,16,64,33,31,386,225,161
PARKER COUNTY,367,24 Years,1701,914,787,1187,612,575,78,58,20,69,33,36,367,211,156
PARKER COUNTY,367,25 Years,1676,885,791,1205,606,599,79,53,26,56,34,22,336,192,144
PARKER COUNTY,367,26 Years,1460,772,688,1063,531,532,69,52,17,41,23,18,287,166,121
PARKER COUNTY,367,27 Years,1350,757,593,949,498,451,59,53,6,37,21,16,305,185,120
PARKER COUNTY,367,28 Years,1301,731,570,924,500,424,51,47,4,33,19,14,293,165,128
PARKER COUNTY,367,29 Years,1277,714,563,894,488,406,42,37,5,36,18,18,305,171,134
PARKER COUNTY,367,30 Years,1267,686,581,901,465,436,39,35,4,27,15,12,300,171,129
PARKER COUNTY,367,31 Years,1283,674,609,966,481,485,39,35,4,23,14,9,255,144,111
PARKER COUNTY,367,32 Years,1267,658,609,952,468,484,38,34,4,31,17,14,246,139,107
PARKER COUNTY,367,33 Years,1351,672,679,1012,488,524,32,27,5,38,15,23,269,142,127
PARKER COUNTY,367,34 Years,1421,697,724,1089,526,563,33,26,7,45,18,27,254,127,127
PARKER COUNTY,367,35 Years,1483,707,776,1160,544,616,31,23,8,41,20,21,251,120,131
PARKER COUNTY,367,36 Years,1582,751,831,1283,609,674,25,17,8,32,14,18,242,111,131
PARKER COUNTY,367,37 Years,1614,765,849,1318,624,694,29,20,9,28,9,19,239,112,127
PARKER COUNTY,367,38 Years,1586,730,856,1293,583,710,28,20,8,33,12,21,232,115,117
PARKER COUNTY,367,39 Years,1612,769,843,1303,606,697,28,20,8,43,19,24,238,124,114
PARKER COUNTY,367,40 Years,1669,812,857,1345,644,701,20,14,6,51,23,28,253,131,122
PARKER COUNTY,367,41 Years,1756,846,910,1433,677,756,18,14,4,42,19,23,263,136,127
PARKER COUNTY,367,42 Years,1793,857,936,1483,702,781,25,20,5,40,16,24,245,119,126
PARKER COUNTY,367,43 Years,1868,900,968,1541,731,810,31,23,8,49,25,24,247,121,126
PARKER COUNTY,367,44 Years,1960,923,1037,1622,753,869,34,24,10,53,22,31,251,124,127
PARKER COUNTY,367,45 Years,2004,950,1054,1664,785,879,40,28,12,50,18,32,250,119,131
PARKER COUNTY,367,46 Years,1995,946,1049,1670,796,874,39,27,12,51,15,36,235,108,127
PARKER COUNTY,367,47 Years,1883,903,980,1584,760,824,37,27,10,55,19,36,207,97,110
PARKER COUNTY,367,48 Years,1852,910,942,1567,764,803,40,31,9,52,21,31,193,94,99
PARKER COUNTY,367,49 Years,1888,951,937,1604,807,797,34,23,11,51,23,28,199,98,101
PARKER COUNTY,367,50 Years,1899,958,941,1605,809,796,22,15,7,59,27,32,213,107,106
PARKER COUNTY,367,51 Years,1934,958,976,1659,825,834,18,12,6,60,27,33,197,94,103
PARKER COUNTY,367,52 Years,2122,1069,1053,1835,922,913,23,16,7,74,34,40,190,97,93
PARKER COUNTY,367,53 Years,2114,1052,1062,1840,904,936,25,17,8,64,31,33,185,100,85
PARKER COUNTY,367,54 Years,2119,1088,1031,1872,955,917,18,12,6,61,33,28,168,88,80
PARKER COUNTY,367,55 Years,2052,1072,980,1823,953,870,16,7,9,55,29,26,158,83,75
PARKER COUNTY,367,56 Years,2061,1027,1034,1829,909,920,19,12,7,59,30,29,154,76,78
PARKER COUNTY,367,57 Years,1961,963,998,1754,863,891,20,11,9,57,29,28,130,60,70
PARKER COUNTY,367,58 Years,1899,921,978,1715,833,882,16,6,10,53,30,23,115,52,63
PARKER COUNTY,367,59 Years,1862,914,948,1690,833,857,13,6,7,49,20,29,110,55,55
PARKER COUNTY,367,60 Years,1759,854,905,1580,762,818,17,9,8,53,25,28,109,58,51
PARKER COUNTY,367,61 Years,1781,879,902,1614,786,828,18,13,5,49,23,26,100,57,43
PARKER COUNTY,367,62 Years,1713,839,874,1557,754,803,14,10,4,54,26,28,88,49,39
PARKER COUNTY,367,63 Years,1643,786,857,1509,718,791,7,4,3,49,24,25,78,40,38
PARKER COUNTY,367,64 Years,1543,726,817,1420,664,756,7,4,3,38,18,20,78,40,38
PARKER COUNTY,367,65 Years,1482,703,779,1350,631,719,18,12,6,35,16,19,79,44,35
PARKER COUNTY,367,66 Years,1412,672,740,1293,609,684,10,7,3,32,14,18,77,42,35
PARKER COUNTY,367,67 Years,1401,663,738,1290,607,683,9,6,3,33,14,19,69,36,33
PARKER COUNTY,367,68 Years,1469,709,760,1362,661,701,10,6,4,29,10,19,68,32,36
PARKER COUNTY,367,69 Years,1384,667,717,1284,620,664,10,5,5,28,10,18,62,32,30
PARKER COUNTY,367,70 Years,1081,532,549,1001,490,511,8,4,4,23,12,11,49,26,23
PARKER COUNTY,367,71 Years,1075,530,545,1000,493,507,6,4,2,25,10,15,44,23,21
PARKER COUNTY,367,72 Years,1055,518,537,988,490,498,5,3,2,20,8,12,42,17,25
PARKER COUNTY,367,73 Years,1007,489,518,940,462,478,4,1,3,21,9,12,42,17,25
PARKER COUNTY,367,74 Years,903,423,480,840,396,444,6,3,3,20,8,12,37,16,21
PARKER COUNTY,367,75 Years,771,374,397,715,350,365,4,1,3,18,10,8,34,13,21
PARKER COUNTY,367,76 Years,707,353,354,652,325,327,4,2,2,20,14,6,31,12,19
PARKER COUNTY,367,77 Years,676,328,348,635,307,328,4,3,1,12,6,6,25,12,13
PARKER COUNTY,367,78 Years,609,282,327,576,268,308,4,2,2,11,3,8,18,9,9
PARKER COUNTY,367,79 Years,553,251,302,522,237,285,3,2,1,12,4,8,16,8,8
PARKER COUNTY,367,80 Years,506,239,267,474,224,250,4,2,2,10,5,5,18,8,10
PARKER COUNTY,367,81 Years,458,222,236,429,209,220,3,2,1,6,2,4,20,9,11
PARKER COUNTY,367,82 Years,418,185,233,393,173,220,2,2,0,6,2,4,17,8,9
PARKER COUNTY,367,83 Years,381,168,213,359,156,203,2,2,0,5,3,2,15,7,8
PARKER COUNTY,367,84 Years,353,146,207,333,137,196,1,0,1,6,3,3,13,6,7
PARKER COUNTY,367,85 Years +,2160,736,1424,2086,700,1386,11,5,6,24,12,12,39,19,20
PARMER COUNTY,369,All Ages,9882,5150,4732,3261,1644,1617,115,57,58,63,35,28,6443,3414,3029
PARMER COUNTY,369,< 1 Year,152,80,72,37,20,17,9,4,5,0,0,0,106,56,50
PARMER COUNTY,369,1 Years,142,77,65,35,19,16,12,6,6,0,0,0,95,52,43
PARMER COUNTY,369,2 Years,137,72,65,34,16,18,11,5,6,2,1,1,90,50,40
PARMER COUNTY,369,3 Years,142,72,70,36,16,20,3,1,2,3,1,2,100,54,46
PARMER COUNTY,369,4 Years,157,81,76,37,18,19,4,2,2,1,0,1,115,61,54
PARMER COUNTY,369,5 Years,168,84,84,32,17,15,0,0,0,0,0,0,136,67,69
PARMER COUNTY,369,6 Years,189,94,95,40,22,18,3,1,2,0,0,0,146,71,75
PARMER COUNTY,369,7 Years,185,100,85,41,21,20,2,1,1,1,0,1,141,78,63
PARMER COUNTY,369,8 Years,169,97,72,37,22,15,1,0,1,0,0,0,131,75,56
PARMER COUNTY,369,9 Years,182,96,86,50,25,25,0,0,0,2,0,2,130,71,59
PARMER COUNTY,369,10 Years,170,92,78,45,24,21,0,0,0,1,0,1,124,68,56
PARMER COUNTY,369,11 Years,164,80,84,38,20,18,0,0,0,2,1,1,124,59,65
PARMER COUNTY,369,12 Years,156,80,76,34,22,12,1,0,1,2,1,1,119,57,62
PARMER COUNTY,369,13 Years,162,88,74,36,22,14,1,0,1,1,0,1,124,66,58
PARMER COUNTY,369,14 Years,173,90,83,35,22,13,0,0,0,1,0,1,137,68,69
PARMER COUNTY,369,15 Years,163,83,80,30,16,14,0,0,0,0,0,0,133,67,66
PARMER COUNTY,369,16 Years,159,78,81,34,20,14,0,0,0,1,0,1,124,58,66
PARMER COUNTY,369,17 Years,160,82,78,38,20,18,1,0,1,1,0,1,120,62,58
PARMER COUNTY,369,18 Years,157,80,77,35,16,19,1,1,0,1,1,0,120,62,58
PARMER COUNTY,369,19 Years,151,75,76,39,18,21,1,1,0,1,1,0,110,55,55
PARMER COUNTY,369,20 Years,146,75,71,38,17,21,1,0,1,0,0,0,107,58,49
PARMER COUNTY,369,21 Years,161,90,71,41,22,19,0,0,0,2,1,1,118,67,51
PARMER COUNTY,369,22 Years,151,79,72,39,18,21,1,1,0,1,1,0,110,59,51
PARMER COUNTY,369,23 Years,161,86,75,41,24,17,2,2,0,0,0,0,118,60,58
PARMER COUNTY,369,24 Years,154,87,67,42,25,17,1,1,0,1,1,0,110,60,50
PARMER COUNTY,369,25 Years,139,74,65,29,17,12,0,0,0,1,0,1,109,57,52
PARMER COUNTY,369,26 Years,133,72,61,28,12,16,2,1,1,1,1,0,102,58,44
PARMER COUNTY,369,27 Years,131,74,57,35,17,18,2,1,1,1,1,0,93,55,38
PARMER COUNTY,369,28 Years,113,65,48,29,15,14,1,0,1,1,1,0,82,49,33
PARMER COUNTY,369,29 Years,129,75,54,28,16,12,2,2,0,0,0,0,99,57,42
PARMER COUNTY,369,30 Years,116,69,47,27,17,10,0,0,0,2,1,1,87,51,36
PARMER COUNTY,369,31 Years,131,74,57,27,15,12,0,0,0,0,0,0,104,59,45
PARMER COUNTY,369,32 Years,129,68,61,32,13,19,2,2,0,0,0,0,95,53,42
PARMER COUNTY,369,33 Years,126,68,58,33,17,16,1,0,1,1,0,1,91,51,40
PARMER COUNTY,369,34 Years,124,67,57,33,17,16,0,0,0,1,1,0,90,49,41
PARMER COUNTY,369,35 Years,128,67,61,29,15,14,1,1,0,0,0,0,98,51,47
PARMER COUNTY,369,36 Years,136,69,67,25,12,13,0,0,0,1,1,0,110,56,54
PARMER COUNTY,369,37 Years,125,67,58,26,11,15,1,0,1,2,1,1,96,55,41
PARMER COUNTY,369,38 Years,107,53,54,29,14,15,0,0,0,1,1,0,77,38,39
PARMER COUNTY,369,39 Years,117,61,56,33,19,14,0,0,0,1,1,0,83,41,42
PARMER COUNTY,369,40 Years,103,58,45,27,14,13,0,0,0,0,0,0,76,44,32
PARMER COUNTY,369,41 Years,115,62,53,26,15,11,1,0,1,1,1,0,87,46,41
PARMER COUNTY,369,42 Years,117,61,56,33,16,17,2,2,0,1,1,0,81,42,39
PARMER COUNTY,369,43 Years,102,57,45,27,13,14,0,0,0,1,1,0,74,43,31
PARMER COUNTY,369,44 Years,104,52,52,32,14,18,1,1,0,0,0,0,71,37,34
PARMER COUNTY,369,45 Years,103,53,50,34,19,15,1,1,0,1,1,0,67,32,35
PARMER COUNTY,369,46 Years,116,65,51,32,19,13,2,0,2,1,1,0,81,45,36
PARMER COUNTY,369,47 Years,106,51,55,33,18,15,1,0,1,0,0,0,72,33,39
PARMER COUNTY,369,48 Years,97,48,49,28,11,17,1,0,1,0,0,0,68,37,31
PARMER COUNTY,369,49 Years,112,63,49,33,17,16,0,0,0,0,0,0,79,46,33
PARMER COUNTY,369,50 Years,121,62,59,42,19,23,0,0,0,2,1,1,77,42,35
PARMER COUNTY,369,51 Years,99,46,53,44,21,23,1,0,1,1,0,1,53,25,28
PARMER COUNTY,369,52 Years,123,58,65,52,21,31,2,0,2,2,2,0,67,35,32
PARMER COUNTY,369,53 Years,138,67,71,65,28,37,2,1,1,1,1,0,70,37,33
PARMER COUNTY,369,54 Years,126,61,65,56,27,29,1,1,0,1,0,1,68,33,35
PARMER COUNTY,369,55 Years,117,60,57,56,25,31,3,3,0,0,0,0,58,32,26
PARMER COUNTY,369,56 Years,118,62,56,61,33,28,2,2,0,0,0,0,55,27,28
PARMER COUNTY,369,57 Years,118,61,57,55,30,25,2,0,2,1,1,0,60,30,30
PARMER COUNTY,369,58 Years,112,61,51,56,29,27,1,1,0,1,1,0,54,30,24
PARMER COUNTY,369,59 Years,119,73,46,58,36,22,1,1,0,0,0,0,60,36,24
PARMER COUNTY,369,60 Years,109,61,48,50,29,21,0,0,0,0,0,0,59,32,27
PARMER COUNTY,369,61 Years,104,54,50,52,28,24,1,0,1,0,0,0,51,26,25
PARMER COUNTY,369,62 Years,94,49,45,44,25,19,0,0,0,1,1,0,49,23,26
PARMER COUNTY,369,63 Years,94,54,40,45,26,19,0,0,0,1,0,1,48,28,20
PARMER COUNTY,369,64 Years,91,45,46,52,23,29,0,0,0,0,0,0,39,22,17
PARMER COUNTY,369,65 Years,83,39,44,45,19,26,1,1,0,1,0,1,36,19,17
PARMER COUNTY,369,66 Years,83,40,43,50,25,25,0,0,0,2,1,1,31,14,17
PARMER COUNTY,369,67 Years,76,39,37,41,22,19,2,1,1,0,0,0,33,16,17
PARMER COUNTY,369,68 Years,83,45,38,43,25,18,1,0,1,2,1,1,37,19,18
PARMER COUNTY,369,69 Years,74,38,36,40,20,20,1,1,0,0,0,0,33,17,16
PARMER COUNTY,369,70 Years,65,36,29,37,19,18,1,1,0,0,0,0,27,16,11
PARMER COUNTY,369,71 Years,62,33,29,38,18,20,1,0,1,0,0,0,23,15,8
PARMER COUNTY,369,72 Years,56,27,29,35,17,18,0,0,0,0,0,0,21,10,11
PARMER COUNTY,369,73 Years,65,31,34,42,19,23,1,0,1,0,0,0,22,12,10
PARMER COUNTY,369,74 Years,51,23,28,35,15,20,1,1,0,1,0,1,14,7,7
PARMER COUNTY,369,75 Years,53,28,25,37,18,19,3,2,1,0,0,0,13,8,5
PARMER COUNTY,369,76 Years,45,22,23,32,15,17,3,3,0,1,1,0,9,3,6
PARMER COUNTY,369,77 Years,48,20,28,33,14,19,1,0,1,1,1,0,13,5,8
PARMER COUNTY,369,78 Years,37,18,19,25,11,14,2,1,1,1,0,1,9,6,3
PARMER COUNTY,369,79 Years,33,15,18,21,8,13,1,0,1,0,0,0,11,7,4
PARMER COUNTY,369,80 Years,44,21,23,28,15,13,0,0,0,0,0,0,16,6,10
PARMER COUNTY,369,81 Years,40,19,21,25,12,13,0,0,0,0,0,0,15,7,8
PARMER COUNTY,369,82 Years,37,15,22,21,9,12,1,0,1,0,0,0,15,6,9
PARMER COUNTY,369,83 Years,23,11,12,14,6,8,1,0,1,0,0,0,8,5,3
PARMER COUNTY,369,84 Years,26,10,16,22,8,14,0,0,0,0,0,0,4,2,2
PARMER COUNTY,369,85 Years +,145,55,90,117,44,73,2,0,2,1,1,0,25,10,15
PECOS COUNTY,371,All Ages,15908,8926,6982,4080,2434,1646,513,481,32,233,117,116,11082,5894,5188
PECOS COUNTY,371,< 1 Year,211,98,113,25,11,14,3,1,2,3,1,2,180,85,95
PECOS COUNTY,371,1 Years,218,104,114,25,12,13,2,1,1,3,1,2,188,90,98
PECOS COUNTY,371,2 Years,232,115,117,27,15,12,2,1,1,3,1,2,200,98,102
PECOS COUNTY,371,3 Years,233,119,114,30,18,12,1,0,1,2,1,1,200,100,100
PECOS COUNTY,371,4 Years,234,119,115,29,15,14,0,0,0,3,2,1,202,102,100
PECOS COUNTY,371,5 Years,225,115,110,27,14,13,1,1,0,2,1,1,195,99,96
PECOS COUNTY,371,6 Years,244,122,122,26,15,11,2,0,2,3,1,2,213,106,107
PECOS COUNTY,371,7 Years,233,115,118,33,17,16,2,2,0,3,1,2,195,95,100
PECOS COUNTY,371,8 Years,227,114,113,35,17,18,2,1,1,3,2,1,187,94,93
PECOS COUNTY,371,9 Years,223,129,94,35,21,14,2,1,1,2,0,2,184,107,77
PECOS COUNTY,371,10 Years,219,113,106,27,15,12,2,1,1,5,3,2,185,94,91
PECOS COUNTY,371,11 Years,222,111,111,28,15,13,0,0,0,4,2,2,190,94,96
PECOS COUNTY,371,12 Years,217,110,107,26,13,13,1,1,0,1,0,1,189,96,93
PECOS COUNTY,371,13 Years,184,91,93,23,10,13,1,0,1,0,0,0,160,81,79
PECOS COUNTY,371,14 Years,195,103,92,25,13,12,1,0,1,0,0,0,169,90,79
PECOS COUNTY,371,15 Years,202,107,95,32,16,16,3,2,1,1,0,1,166,89,77
PECOS COUNTY,371,16 Years,194,95,99,33,9,24,2,2,0,2,0,2,157,84,73
PECOS COUNTY,371,17 Years,204,110,94,29,15,14,1,1,0,2,1,1,172,93,79
PECOS COUNTY,371,18 Years,192,113,79,43,33,10,0,0,0,3,0,3,146,80,66
PECOS COUNTY,371,19 Years,193,107,86,28,15,13,2,2,0,2,0,2,161,90,71
PECOS COUNTY,371,20 Years,212,139,73,36,23,13,7,6,1,4,2,2,165,108,57
PECOS COUNTY,371,21 Years,216,114,102,44,24,20,6,6,0,2,1,1,164,83,81
PECOS COUNTY,371,22 Years,211,109,102,37,21,16,8,8,0,3,1,2,163,79,84
PECOS COUNTY,371,23 Years,239,142,97,50,31,19,7,6,1,1,0,1,181,105,76
PECOS COUNTY,371,24 Years,224,129,95,44,28,16,14,14,0,2,1,1,164,86,78
PECOS COUNTY,371,25 Years,192,113,79,41,24,17,13,13,0,2,2,0,136,74,62
PECOS COUNTY,371,26 Years,184,117,67,46,33,13,11,10,1,2,2,0,125,72,53
PECOS COUNTY,371,27 Years,199,118,81,37,25,12,15,15,0,2,2,0,145,76,69
PECOS COUNTY,371,28 Years,208,128,80,47,36,11,16,15,1,2,2,0,143,75,68
PECOS COUNTY,371,29 Years,187,126,61,44,36,8,6,6,0,5,3,2,132,81,51
PECOS COUNTY,371,30 Years,240,149,91,68,49,19,12,11,1,4,2,2,156,87,69
PECOS COUNTY,371,31 Years,220,141,79,61,45,16,15,15,0,4,2,2,140,79,61
PECOS COUNTY,371,32 Years,202,120,82,39,25,14,8,8,0,4,1,3,151,86,65
PECOS COUNTY,371,33 Years,237,152,85,57,42,15,13,13,0,2,0,2,165,97,68
PECOS COUNTY,371,34 Years,228,142,86,56,40,16,14,14,0,2,0,2,156,88,68
PECOS COUNTY,371,35 Years,224,137,87,47,30,17,12,12,0,3,3,0,162,92,70
PECOS COUNTY,371,36 Years,207,126,81,40,26,14,14,14,0,3,2,1,150,84,66
PECOS COUNTY,371,37 Years,205,129,76,39,25,14,14,13,1,2,1,1,150,90,60
PECOS COUNTY,371,38 Years,207,136,71,47,33,14,12,11,1,3,1,2,145,91,54
PECOS COUNTY,371,39 Years,224,150,74,53,39,14,16,15,1,4,1,3,151,95,56
PECOS COUNTY,371,40 Years,225,152,73,58,44,14,18,18,0,3,1,2,146,89,57
PECOS COUNTY,371,41 Years,219,141,78,50,38,12,16,15,1,6,3,3,147,85,62
PECOS COUNTY,371,42 Years,193,111,82,51,36,15,9,9,0,2,0,2,131,66,65
PECOS COUNTY,371,43 Years,226,135,91,61,42,19,12,11,1,2,1,1,151,81,70
PECOS COUNTY,371,44 Years,203,120,83,62,42,20,17,17,0,1,0,1,123,61,62
PECOS COUNTY,371,45 Years,195,111,84,64,43,21,8,7,1,1,0,1,122,61,61
PECOS COUNTY,371,46 Years,222,142,80,62,47,15,17,17,0,9,7,2,134,71,63
PECOS COUNTY,371,47 Years,212,131,81,56,39,17,12,12,0,6,4,2,138,76,62
PECOS COUNTY,371,48 Years,219,146,73,62,46,16,13,12,1,4,3,1,140,85,55
PECOS COUNTY,371,49 Years,196,124,72,59,44,15,12,11,1,3,3,0,122,66,56
PECOS COUNTY,371,50 Years,222,135,87,64,41,23,15,15,0,6,3,3,137,76,61
PECOS COUNTY,371,51 Years,221,136,85,75,51,24,10,9,1,4,2,2,132,74,58
PECOS COUNTY,371,52 Years,242,139,103,90,56,34,12,12,0,2,2,0,138,69,69
PECOS COUNTY,371,53 Years,206,109,97,83,40,43,9,9,0,1,1,0,113,59,54
PECOS COUNTY,371,54 Years,211,128,83,89,54,35,13,13,0,4,0,4,105,61,44
PECOS COUNTY,371,55 Years,230,138,92,87,49,38,8,8,0,5,2,3,130,79,51
PECOS COUNTY,371,56 Years,222,129,93,87,44,43,6,6,0,4,1,3,125,78,47
PECOS COUNTY,371,57 Years,221,122,99,86,50,36,7,6,1,4,4,0,124,62,62
PECOS COUNTY,371,58 Years,201,116,85,72,44,28,5,4,1,1,1,0,123,67,56
PECOS COUNTY,371,59 Years,208,121,87,81,52,29,4,4,0,2,1,1,121,64,57
PECOS COUNTY,371,60 Years,208,114,94,76,48,28,2,2,0,2,2,0,128,62,66
PECOS COUNTY,371,61 Years,193,91,102,80,44,36,2,2,0,0,0,0,111,45,66
PECOS COUNTY,371,62 Years,171,82,89,65,35,30,3,3,0,1,0,1,102,44,58
PECOS COUNTY,371,63 Years,172,88,84,59,31,28,5,5,0,4,3,1,104,49,55
PECOS COUNTY,371,64 Years,175,94,81,64,34,30,2,2,0,8,6,2,101,52,49
PECOS COUNTY,371,65 Years,164,90,74,59,34,25,1,0,1,4,4,0,100,52,48
PECOS COUNTY,371,66 Years,153,78,75,60,31,29,2,1,1,3,2,1,88,44,44
PECOS COUNTY,371,67 Years,132,63,69,49,27,22,3,2,1,3,0,3,77,34,43
PECOS COUNTY,371,68 Years,141,80,61,51,26,25,5,5,0,2,1,1,83,48,35
PECOS COUNTY,371,69 Years,147,77,70,57,27,30,1,1,0,2,1,1,87,48,39
PECOS COUNTY,371,70 Years,118,53,65,47,20,27,0,0,0,1,0,1,70,33,37
PECOS COUNTY,371,71 Years,112,58,54,38,21,17,0,0,0,2,1,1,72,36,36
PECOS COUNTY,371,72 Years,101,45,56,38,16,22,1,1,0,3,2,1,59,26,33
PECOS COUNTY,371,73 Years,92,40,52,37,18,19,0,0,0,2,1,1,53,21,32
PECOS COUNTY,371,74 Years,96,40,56,39,17,22,0,0,0,6,2,4,51,21,30
PECOS COUNTY,371,75 Years,92,40,52,34,14,20,0,0,0,2,0,2,56,26,30
PECOS COUNTY,371,76 Years,85,41,44,28,14,14,0,0,0,2,0,2,55,27,28
PECOS COUNTY,371,77 Years,77,33,44,25,10,15,0,0,0,2,1,1,50,22,28
PECOS COUNTY,371,78 Years,74,41,33,30,15,15,0,0,0,2,2,0,42,24,18
PECOS COUNTY,371,79 Years,70,41,29,30,17,13,0,0,0,0,0,0,40,24,16
PECOS COUNTY,371,80 Years,66,37,29,25,12,13,0,0,0,0,0,0,41,25,16
PECOS COUNTY,371,81 Years,51,26,25,20,9,11,0,0,0,1,1,0,30,16,14
PECOS COUNTY,371,82 Years,45,19,26,20,8,12,0,0,0,1,1,0,24,10,14
PECOS COUNTY,371,83 Years,52,26,26,21,12,9,0,0,0,1,0,1,30,14,16
PECOS COUNTY,371,84 Years,44,23,21,22,12,10,0,0,0,0,0,0,22,11,11
PECOS COUNTY,371,85 Years +,215,93,122,88,36,52,0,0,0,6,2,4,121,55,66
POLK COUNTY,373,All Ages,48271,25918,22353,33790,17456,16334,5466,3359,2107,1778,835,943,7237,4268,2969
POLK COUNTY,373,< 1 Year,530,280,250,329,174,155,65,36,29,29,17,12,107,53,54
POLK COUNTY,373,1 Years,522,265,257,323,163,160,62,34,28,30,17,13,107,51,56
POLK COUNTY,373,2 Years,522,262,260,320,160,160,62,31,31,32,16,16,108,55,53
POLK COUNTY,373,3 Years,507,246,261,310,154,156,60,28,32,33,13,20,104,51,53
POLK COUNTY,373,4 Years,514,260,254,306,157,149,67,32,35,37,17,20,104,54,50
POLK COUNTY,373,5 Years,511,252,259,295,148,147,69,36,33,43,18,25,104,50,54
POLK COUNTY,373,6 Years,528,269,259,307,163,144,73,40,33,40,16,24,108,50,58
POLK COUNTY,373,7 Years,506,263,243,292,152,140,51,30,21,42,17,25,121,64,57
POLK COUNTY,373,8 Years,550,287,263,335,184,151,52,23,29,44,20,24,119,60,59
POLK COUNTY,373,9 Years,555,306,249,340,194,146,48,26,22,41,22,19,126,64,62
POLK COUNTY,373,10 Years,533,276,257,328,169,159,57,33,24,38,18,20,110,56,54
POLK COUNTY,373,11 Years,512,265,247,314,156,158,55,31,24,32,17,15,111,61,50
POLK COUNTY,373,12 Years,542,297,245,342,186,156,49,23,26,32,18,14,119,70,49
POLK COUNTY,373,13 Years,535,278,257,327,173,154,55,28,27,38,18,20,115,59,56
POLK COUNTY,373,14 Years,549,264,285,339,158,181,56,32,24,35,16,19,119,58,61
POLK COUNTY,373,15 Years,567,296,271,351,185,166,69,32,37,30,16,14,117,63,54
POLK COUNTY,373,16 Years,569,291,278,347,181,166,70,35,35,31,16,15,121,59,62
POLK COUNTY,373,17 Years,560,297,263,356,190,166,58,33,25,24,10,14,122,64,58
POLK COUNTY,373,18 Years,555,295,260,341,178,163,63,37,26,30,13,17,121,67,54
POLK COUNTY,373,19 Years,507,260,247,294,144,150,67,37,30,26,11,15,120,68,52
POLK COUNTY,373,20 Years,519,277,242,295,148,147,59,35,24,31,14,17,134,80,54
POLK COUNTY,373,21 Years,523,295,228,293,152,141,70,44,26,28,13,15,132,86,46
POLK COUNTY,373,22 Years,553,304,249,311,152,159,77,53,24,24,13,11,141,86,55
POLK COUNTY,373,23 Years,544,301,243,317,157,160,69,45,24,25,13,12,133,86,47
POLK COUNTY,373,24 Years,598,345,253,344,189,155,77,53,24,29,13,16,148,90,58
POLK COUNTY,373,25 Years,584,327,257,351,189,162,93,60,33,21,10,11,119,68,51
POLK COUNTY,373,26 Years,512,307,205,324,182,142,72,52,20,13,9,4,103,64,39
POLK COUNTY,373,27 Years,498,300,198,295,166,129,74,49,25,18,13,5,111,72,39
POLK COUNTY,373,28 Years,502,302,200,308,167,141,77,59,18,17,9,8,100,67,33
POLK COUNTY,373,29 Years,533,316,217,320,177,143,82,55,27,20,13,7,111,71,40
POLK COUNTY,373,30 Years,514,320,194,282,168,114,82,55,27,20,9,11,130,88,42
POLK COUNTY,373,31 Years,523,334,189,301,176,125,85,67,18,14,10,4,123,81,42
POLK COUNTY,373,32 Years,514,320,194,304,173,131,78,62,16,10,4,6,122,81,41
POLK COUNTY,373,33 Years,506,321,185,289,174,115,77,57,20,13,6,7,127,84,43
POLK COUNTY,373,34 Years,511,303,208,286,156,130,84,62,22,15,9,6,126,76,50
POLK COUNTY,373,35 Years,533,333,200,315,185,130,81,60,21,20,13,7,117,75,42
POLK COUNTY,373,36 Years,560,349,211,339,194,145,95,68,27,17,12,5,109,75,34
POLK COUNTY,373,37 Years,532,321,211,321,173,148,92,68,24,15,8,7,104,72,32
POLK COUNTY,373,38 Years,524,320,204,291,160,131,95,68,27,19,8,11,119,84,35
POLK COUNTY,373,39 Years,522,317,205,301,170,131,93,63,30,18,8,10,110,76,34
POLK COUNTY,373,40 Years,557,347,210,347,204,143,81,60,21,12,5,7,117,78,39
POLK COUNTY,373,41 Years,561,327,234,346,186,160,79,53,26,16,6,10,120,82,38
POLK COUNTY,373,42 Years,547,336,211,322,181,141,90,70,20,18,9,9,117,76,41
POLK COUNTY,373,43 Years,561,352,209,323,180,143,98,78,20,12,5,7,128,89,39
POLK COUNTY,373,44 Years,602,347,255,387,210,177,91,71,20,15,6,9,109,60,49
POLK COUNTY,373,45 Years,634,362,272,415,228,187,99,75,24,18,6,12,102,53,49
POLK COUNTY,373,46 Years,626,389,237,416,240,176,82,63,19,17,8,9,111,78,33
POLK COUNTY,373,47 Years,601,359,242,415,233,182,72,53,19,17,7,10,97,66,31
POLK COUNTY,373,48 Years,589,329,260,400,209,191,88,64,24,16,6,10,85,50,35
POLK COUNTY,373,49 Years,609,340,269,421,224,197,82,58,24,22,11,11,84,47,37
POLK COUNTY,373,50 Years,607,332,275,408,217,191,82,54,28,17,7,10,100,54,46
POLK COUNTY,373,51 Years,660,374,286,481,256,225,75,50,25,16,7,9,88,61,27
POLK COUNTY,373,52 Years,667,364,303,495,260,235,78,47,31,20,8,12,74,49,25
POLK COUNTY,373,53 Years,652,340,312,476,240,236,94,56,38,20,10,10,62,34,28
POLK COUNTY,373,54 Years,664,346,318,507,262,245,82,45,37,16,7,9,59,32,27
POLK COUNTY,373,55 Years,706,367,339,530,273,257,85,47,38,19,6,13,72,41,31
POLK COUNTY,373,56 Years,723,373,350,540,268,272,84,50,34,19,5,14,80,50,30
POLK COUNTY,373,57 Years,746,380,366,567,285,282,87,45,42,19,8,11,73,42,31
POLK COUNTY,373,58 Years,767,403,364,597,307,290,89,49,40,15,6,9,66,41,25
POLK COUNTY,373,59 Years,772,411,361,615,322,293,82,48,34,24,9,15,51,32,19
POLK COUNTY,373,60 Years,785,419,366,614,320,294,82,47,35,25,11,14,64,41,23
POLK COUNTY,373,61 Years,786,403,383,622,313,309,85,48,37,20,7,13,59,35,24
POLK COUNTY,373,62 Years,754,388,366,616,313,303,64,31,33,16,9,7,58,35,23
POLK COUNTY,373,63 Years,712,361,351,586,296,290,51,22,29,19,9,10,56,34,22
POLK COUNTY,373,64 Years,704,342,362,587,288,299,53,23,30,19,9,10,45,22,23
POLK COUNTY,373,65 Years,693,339,354,579,281,298,54,25,29,15,9,6,45,24,21
POLK COUNTY,373,66 Years,690,338,352,584,284,300,53,24,29,18,8,10,35,22,13
POLK COUNTY,373,67 Years,699,362,337,603,308,295,41,21,20,17,9,8,38,24,14
POLK COUNTY,373,68 Years,687,356,331,599,309,290,39,22,17,17,7,10,32,18,14
POLK COUNTY,373,69 Years,649,310,339,569,270,299,35,18,17,15,5,10,30,17,13
POLK COUNTY,373,70 Years,589,276,313,506,237,269,38,16,22,13,6,7,32,17,15
POLK COUNTY,373,71 Years,573,259,314,500,226,274,32,15,17,12,4,8,29,14,15
POLK COUNTY,373,72 Years,558,276,282,490,241,249,27,11,16,15,8,7,26,16,10
POLK COUNTY,373,73 Years,544,276,268,474,240,234,28,13,15,14,7,7,28,16,12
POLK COUNTY,373,74 Years,495,239,256,433,210,223,29,13,16,14,8,6,19,8,11
POLK COUNTY,373,75 Years,459,223,236,399,193,206,27,12,15,14,7,7,19,11,8
POLK COUNTY,373,76 Years,437,209,228,389,186,203,23,11,12,11,5,6,14,7,7
POLK COUNTY,373,77 Years,401,183,218,359,163,196,20,10,10,8,3,5,14,7,7
POLK COUNTY,373,78 Years,382,192,190,339,171,168,22,10,12,9,5,4,12,6,6
POLK COUNTY,373,79 Years,344,161,183,307,146,161,18,8,10,7,3,4,12,4,8
POLK COUNTY,373,80 Years,320,151,169,287,139,148,17,7,10,6,2,4,10,3,7
POLK COUNTY,373,81 Years,284,137,147,260,128,132,14,6,8,3,1,2,7,2,5
POLK COUNTY,373,82 Years,246,118,128,218,106,112,13,5,8,7,3,4,8,4,4
POLK COUNTY,373,83 Years,239,116,123,207,98,109,17,9,8,5,3,2,10,6,4
POLK COUNTY,373,84 Years,202,105,97,173,90,83,13,6,7,8,3,5,8,6,2
POLK COUNTY,373,85 Years +,909,380,529,799,338,461,51,18,33,29,9,20,30,15,15
POTTER COUNTY,375,All Ages,123622,63616,60006,53718,26749,26969,12107,6983,5124,9304,4728,4576,48493,25156,23337
POTTER COUNTY,375,< 1 Year,1837,925,912,575,286,289,179,92,87,164,85,79,919,462,457
POTTER COUNTY,375,1 Years,1898,961,937,570,287,283,187,95,92,176,91,85,965,488,477
POTTER COUNTY,375,2 Years,1953,1013,940,575,298,277,195,99,96,192,102,90,991,514,477
POTTER COUNTY,375,3 Years,2009,1044,965,596,316,280,196,100,96,207,107,100,1010,521,489
POTTER COUNTY,375,4 Years,1992,1044,948,606,324,282,193,99,94,208,114,94,985,507,478
POTTER COUNTY,375,5 Years,2008,1025,983,617,326,291,188,91,97,224,116,108,979,492,487
POTTER COUNTY,375,6 Years,1999,1038,961,619,336,283,195,82,113,200,102,98,985,518,467
POTTER COUNTY,375,7 Years,1912,953,959,590,307,283,174,84,90,201,101,100,947,461,486
POTTER COUNTY,375,8 Years,1937,995,942,587,301,286,191,111,80,211,116,95,948,467,481
POTTER COUNTY,375,9 Years,1939,1021,918,587,305,282,184,105,79,192,104,88,976,507,469
POTTER COUNTY,375,10 Years,1919,956,963,548,292,256,179,86,93,190,87,103,1002,491,511
POTTER COUNTY,375,11 Years,1917,979,938,568,291,277,191,95,96,182,84,98,976,509,467
POTTER COUNTY,375,12 Years,1922,992,930,543,283,260,187,106,81,190,80,110,1002,523,479
POTTER COUNTY,375,13 Years,1827,925,902,531,267,264,179,98,81,178,77,101,939,483,456
POTTER COUNTY,375,14 Years,1850,948,902,545,277,268,184,103,81,157,75,82,964,493,471
POTTER COUNTY,375,15 Years,1800,908,892,521,256,265,172,94,78,155,78,77,952,480,472
POTTER COUNTY,375,16 Years,1740,873,867,527,250,277,163,85,78,157,88,69,893,450,443
POTTER COUNTY,375,17 Years,1715,889,826,528,273,255,155,86,69,152,79,73,880,451,429
POTTER COUNTY,375,18 Years,1635,868,767,494,266,228,166,91,75,132,60,72,843,451,392
POTTER COUNTY,375,19 Years,1545,785,760,447,223,224,172,92,80,119,57,62,807,413,394
POTTER COUNTY,375,20 Years,1557,825,732,450,234,216,163,87,76,117,70,47,827,434,393
POTTER COUNTY,375,21 Years,1572,828,744,477,252,225,162,94,68,134,71,63,799,411,388
POTTER COUNTY,375,22 Years,1619,865,754,471,239,232,189,107,82,141,74,67,818,445,373
POTTER COUNTY,375,23 Years,1727,930,797,562,289,273,206,111,95,140,74,66,819,456,363
POTTER COUNTY,375,24 Years,1804,941,863,605,320,285,197,105,92,137,68,69,865,448,417
POTTER COUNTY,375,25 Years,1886,976,910,687,353,334,178,102,76,136,68,68,885,453,432
POTTER COUNTY,375,26 Years,1954,1028,926,775,407,368,199,115,84,148,72,76,832,434,398
POTTER COUNTY,375,27 Years,1959,1022,937,796,409,387,194,112,82,131,65,66,838,436,402
POTTER COUNTY,375,28 Years,2003,1060,943,799,408,391,224,140,84,135,66,69,845,446,399
POTTER COUNTY,375,29 Years,1958,1059,899,822,426,396,221,145,76,126,65,61,789,423,366
POTTER COUNTY,375,30 Years,1995,1035,960,880,418,462,197,134,63,134,66,68,784,417,367
POTTER COUNTY,375,31 Years,1928,976,952,810,370,440,194,127,67,141,72,69,783,407,376
POTTER COUNTY,375,32 Years,1846,963,883,730,347,383,191,121,70,137,74,63,788,421,367
POTTER COUNTY,375,33 Years,1829,966,863,722,354,368,193,121,72,139,73,66,775,418,357
POTTER COUNTY,375,34 Years,1830,964,866,733,376,357,187,117,70,138,68,70,772,403,369
POTTER COUNTY,375,35 Years,1753,894,859,721,353,368,186,118,68,141,67,74,705,356,349
POTTER COUNTY,375,36 Years,1706,903,803,669,338,331,196,128,68,140,66,74,701,371,330
POTTER COUNTY,375,37 Years,1591,876,715,607,310,297,197,135,62,120,54,66,667,377,290
POTTER COUNTY,375,38 Years,1524,806,718,618,301,317,167,119,48,131,65,66,608,321,287
POTTER COUNTY,375,39 Years,1488,833,655,608,336,272,163,112,51,127,63,64,590,322,268
POTTER COUNTY,375,40 Years,1467,800,667,597,314,283,161,110,51,134,74,60,575,302,273
POTTER COUNTY,375,41 Years,1441,777,664,569,295,274,179,125,54,124,63,61,569,294,275
POTTER COUNTY,375,42 Years,1388,772,616,561,286,275,145,98,47,126,67,59,556,321,235
POTTER COUNTY,375,43 Years,1402,761,641,584,292,292,141,103,38,124,70,54,553,296,257
POTTER COUNTY,375,44 Years,1460,782,678,617,317,300,155,99,56,131,74,57,557,292,265
POTTER COUNTY,375,45 Years,1473,796,677,644,345,299,169,112,57,118,60,58,542,279,263
POTTER COUNTY,375,46 Years,1556,842,714,716,381,335,169,118,51,103,46,57,568,297,271
POTTER COUNTY,375,47 Years,1474,787,687,665,341,324,165,114,51,91,43,48,553,289,264
POTTER COUNTY,375,48 Years,1433,771,662,650,335,315,159,110,49,98,50,48,526,276,250
POTTER COUNTY,375,49 Years,1384,774,610,622,341,281,154,104,50,102,54,48,506,275,231
POTTER COUNTY,375,50 Years,1446,802,644,681,356,325,168,115,53,89,47,42,508,284,224
POTTER COUNTY,375,51 Years,1540,827,713,744,389,355,183,113,70,90,47,43,523,278,245
POTTER COUNTY,375,52 Years,1537,822,715,786,425,361,162,89,73,100,52,48,489,256,233
POTTER COUNTY,375,53 Years,1527,814,713,824,446,378,167,89,78,82,43,39,454,236,218
POTTER COUNTY,375,54 Years,1506,762,744,821,406,415,157,90,67,76,36,40,452,230,222
POTTER COUNTY,375,55 Years,1533,807,726,858,443,415,161,96,65,78,39,39,436,229,207
POTTER COUNTY,375,56 Years,1561,820,741,907,463,444,148,80,68,81,45,36,425,232,193
POTTER COUNTY,375,57 Years,1503,791,712,865,447,418,145,86,59,83,42,41,410,216,194
POTTER COUNTY,375,58 Years,1477,760,717,867,425,442,145,89,56,71,38,33,394,208,186
POTTER COUNTY,375,59 Years,1436,709,727,858,411,447,137,76,61,73,39,34,368,183,185
POTTER COUNTY,375,60 Years,1501,795,706,940,497,443,134,76,58,67,34,33,360,188,172
POTTER COUNTY,375,61 Years,1414,722,692,901,457,444,127,74,53,72,35,37,314,156,158
POTTER COUNTY,375,62 Years,1288,669,619,828,422,406,105,59,46,71,38,33,284,150,134
POTTER COUNTY,375,63 Years,1251,637,614,812,406,406,97,50,47,71,36,35,271,145,126
POTTER COUNTY,375,64 Years,1163,587,576,772,385,387,90,41,49,60,30,30,241,131,110
POTTER COUNTY,375,65 Years,1105,560,545,711,348,363,92,47,45,56,33,23,246,132,114
POTTER COUNTY,375,66 Years,1034,531,503,645,320,325,82,43,39,62,37,25,245,131,114
POTTER COUNTY,375,67 Years,983,484,499,620,307,313,88,40,48,68,36,32,207,101,106
POTTER COUNTY,375,68 Years,942,448,494,631,307,324,74,33,41,51,27,24,186,81,105
POTTER COUNTY,375,69 Years,916,443,473,642,301,341,63,31,32,44,27,17,167,84,83
POTTER COUNTY,375,70 Years,767,350,417,493,219,274,50,26,24,47,27,20,177,78,99
POTTER COUNTY,375,71 Years,693,331,362,447,207,240,55,28,27,45,24,21,146,72,74
POTTER COUNTY,375,72 Years,705,344,361,487,238,249,44,22,22,42,19,23,132,65,67
POTTER COUNTY,375,73 Years,631,293,338,451,212,239,40,13,27,33,16,17,107,52,55
POTTER COUNTY,375,74 Years,598,282,316,434,199,235,38,15,23,28,15,13,98,53,45
POTTER COUNTY,375,75 Years,582,272,310,415,197,218,31,14,17,24,11,13,112,50,62
POTTER COUNTY,375,76 Years,534,232,302,400,175,225,24,10,14,23,11,12,87,36,51
POTTER COUNTY,375,77 Years,498,213,285,378,157,221,25,12,13,22,11,11,73,33,40
POTTER COUNTY,375,78 Years,459,201,258,346,146,200,21,10,11,22,12,10,70,33,37
POTTER COUNTY,375,79 Years,435,168,267,330,125,205,21,8,13,21,8,13,63,27,36
POTTER COUNTY,375,80 Years,406,166,240,298,127,171,25,9,16,17,4,13,66,26,40
POTTER COUNTY,375,81 Years,385,157,228,291,120,171,21,8,13,11,4,7,62,25,37
POTTER COUNTY,375,82 Years,359,146,213,272,113,159,21,5,16,12,6,6,54,22,32
POTTER COUNTY,375,83 Years,327,131,196,258,103,155,15,4,11,10,5,5,44,19,25
POTTER COUNTY,375,84 Years,321,128,193,249,95,154,18,9,9,13,4,9,41,20,21
POTTER COUNTY,375,85 Years +,1898,658,1240,1515,504,1011,102,36,66,58,25,33,223,93,130
PRESIDIO COUNTY,377,All Ages,7518,3675,3843,1086,585,501,23,16,7,120,57,63,6289,3017,3272
PRESIDIO COUNTY,377,< 1 Year,113,56,57,13,6,7,0,0,0,0,0,0,100,50,50
PRESIDIO COUNTY,377,1 Years,119,62,57,15,8,7,0,0,0,0,0,0,104,54,50
PRESIDIO COUNTY,377,2 Years,121,62,59,17,10,7,0,0,0,0,0,0,104,52,52
PRESIDIO COUNTY,377,3 Years,120,61,59,14,7,7,0,0,0,0,0,0,106,54,52
PRESIDIO COUNTY,377,4 Years,107,53,54,13,7,6,0,0,0,0,0,0,94,46,48
PRESIDIO COUNTY,377,5 Years,108,54,54,12,6,6,0,0,0,0,0,0,96,48,48
PRESIDIO COUNTY,377,6 Years,102,51,51,12,4,8,1,1,0,3,1,2,86,45,41
PRESIDIO COUNTY,377,7 Years,93,49,44,12,6,6,1,0,1,2,1,1,78,42,36
PRESIDIO COUNTY,377,8 Years,104,57,47,17,11,6,0,0,0,4,2,2,83,44,39
PRESIDIO COUNTY,377,9 Years,97,49,48,8,5,3,1,1,0,2,1,1,86,42,44
PRESIDIO COUNTY,377,10 Years,97,50,47,13,9,4,0,0,0,0,0,0,84,41,43
PRESIDIO COUNTY,377,11 Years,103,55,48,11,7,4,1,1,0,1,0,1,90,47,43
PRESIDIO COUNTY,377,12 Years,105,62,43,10,6,4,1,1,0,4,1,3,90,54,36
PRESIDIO COUNTY,377,13 Years,111,60,51,14,11,3,0,0,0,5,3,2,92,46,46
PRESIDIO COUNTY,377,14 Years,98,57,41,9,7,2,1,1,0,2,2,0,86,47,39
PRESIDIO COUNTY,377,15 Years,119,69,50,6,5,1,0,0,0,1,1,0,112,63,49
PRESIDIO COUNTY,377,16 Years,125,65,60,4,2,2,0,0,0,4,2,2,117,61,56
PRESIDIO COUNTY,377,17 Years,134,75,59,7,4,3,0,0,0,4,3,1,123,68,55
PRESIDIO COUNTY,377,18 Years,138,79,59,10,5,5,1,1,0,2,2,0,125,71,54
PRESIDIO COUNTY,377,19 Years,119,64,55,7,3,4,1,0,1,3,2,1,108,59,49
PRESIDIO COUNTY,377,20 Years,121,56,65,6,2,4,0,0,0,4,2,2,111,52,59
PRESIDIO COUNTY,377,21 Years,128,65,63,4,3,1,1,1,0,1,1,0,122,60,62
PRESIDIO COUNTY,377,22 Years,112,61,51,3,1,2,0,0,0,3,0,3,106,60,46
PRESIDIO COUNTY,377,23 Years,110,61,49,7,1,6,1,0,1,3,2,1,99,58,41
PRESIDIO COUNTY,377,24 Years,100,59,41,5,3,2,0,0,0,1,1,0,94,55,39
PRESIDIO COUNTY,377,25 Years,88,47,41,1,1,0,0,0,0,1,1,0,86,45,41
PRESIDIO COUNTY,377,26 Years,73,34,39,2,1,1,1,0,1,1,1,0,69,32,37
PRESIDIO COUNTY,377,27 Years,58,32,26,7,3,4,0,0,0,0,0,0,51,29,22
PRESIDIO COUNTY,377,28 Years,55,27,28,10,7,3,0,0,0,0,0,0,45,20,25
PRESIDIO COUNTY,377,29 Years,67,40,27,14,11,3,1,1,0,0,0,0,52,28,24
PRESIDIO COUNTY,377,30 Years,78,35,43,11,7,4,0,0,0,0,0,0,67,28,39
PRESIDIO COUNTY,377,31 Years,69,31,38,19,9,10,0,0,0,0,0,0,50,22,28
PRESIDIO COUNTY,377,32 Years,65,24,41,14,6,8,0,0,0,1,0,1,50,18,32
PRESIDIO COUNTY,377,33 Years,58,22,36,11,5,6,0,0,0,0,0,0,47,17,30
PRESIDIO COUNTY,377,34 Years,63,25,38,12,5,7,1,0,1,0,0,0,50,20,30
PRESIDIO COUNTY,377,35 Years,70,30,40,13,7,6,1,1,0,0,0,0,56,22,34
PRESIDIO COUNTY,377,36 Years,69,33,36,13,8,5,0,0,0,0,0,0,56,25,31
PRESIDIO COUNTY,377,37 Years,62,27,35,10,6,4,1,1,0,2,1,1,49,19,30
PRESIDIO COUNTY,377,38 Years,56,27,29,11,8,3,0,0,0,2,1,1,43,18,25
PRESIDIO COUNTY,377,39 Years,63,29,34,10,6,4,2,2,0,2,0,2,49,21,28
PRESIDIO COUNTY,377,40 Years,77,34,43,10,4,6,2,2,0,4,2,2,61,26,35
PRESIDIO COUNTY,377,41 Years,80,32,48,9,4,5,0,0,0,5,1,4,66,27,39
PRESIDIO COUNTY,377,42 Years,79,29,50,11,6,5,0,0,0,4,1,3,64,22,42
PRESIDIO COUNTY,377,43 Years,81,36,45,15,6,9,0,0,0,1,1,0,65,29,36
PRESIDIO COUNTY,377,44 Years,96,48,48,19,9,10,0,0,0,4,3,1,73,36,37
PRESIDIO COUNTY,377,45 Years,94,37,57,17,8,9,0,0,0,1,0,1,76,29,47
PRESIDIO COUNTY,377,46 Years,92,38,54,16,9,7,0,0,0,3,1,2,73,28,45
PRESIDIO COUNTY,377,47 Years,90,40,50,17,10,7,0,0,0,2,1,1,71,29,42
PRESIDIO COUNTY,377,48 Years,89,41,48,15,8,7,0,0,0,3,2,1,71,31,40
PRESIDIO COUNTY,377,49 Years,78,36,42,9,5,4,1,1,0,1,0,1,67,30,37
PRESIDIO COUNTY,377,50 Years,86,37,49,13,7,6,1,1,0,0,0,0,72,29,43
PRESIDIO COUNTY,377,51 Years,84,38,46,8,4,4,0,0,0,2,1,1,74,33,41
PRESIDIO COUNTY,377,52 Years,91,48,43,9,6,3,0,0,0,0,0,0,82,42,40
PRESIDIO COUNTY,377,53 Years,89,42,47,14,7,7,0,0,0,0,0,0,75,35,40
PRESIDIO COUNTY,377,54 Years,89,40,49,15,8,7,0,0,0,1,0,1,73,32,41
PRESIDIO COUNTY,377,55 Years,90,41,49,11,5,6,0,0,0,2,0,2,77,36,41
PRESIDIO COUNTY,377,56 Years,82,38,44,11,7,4,0,0,0,2,0,2,69,31,38
PRESIDIO COUNTY,377,57 Years,74,34,40,12,6,6,0,0,0,2,1,1,60,27,33
PRESIDIO COUNTY,377,58 Years,82,39,43,17,8,9,0,0,0,0,0,0,65,31,34
PRESIDIO COUNTY,377,59 Years,105,53,52,25,14,11,0,0,0,1,1,0,79,38,41
PRESIDIO COUNTY,377,60 Years,91,40,51,15,8,7,0,0,0,2,1,1,74,31,43
PRESIDIO COUNTY,377,61 Years,83,38,45,18,12,6,0,0,0,1,0,1,64,26,38
PRESIDIO COUNTY,377,62 Years,90,41,49,16,10,6,0,0,0,1,1,0,73,30,43
PRESIDIO COUNTY,377,63 Years,93,42,51,18,8,10,0,0,0,0,0,0,75,34,41
PRESIDIO COUNTY,377,64 Years,96,38,58,18,7,11,0,0,0,3,2,1,75,29,46
PRESIDIO COUNTY,377,65 Years,85,41,44,16,6,10,0,0,0,4,3,1,65,32,33
PRESIDIO COUNTY,377,66 Years,89,47,42,20,11,9,1,0,1,1,1,0,67,35,32
PRESIDIO COUNTY,377,67 Years,94,49,45,28,16,12,1,0,1,1,0,1,64,33,31
PRESIDIO COUNTY,377,68 Years,94,48,46,29,17,12,0,0,0,3,2,1,62,29,33
PRESIDIO COUNTY,377,69 Years,97,46,51,22,13,9,0,0,0,3,1,2,72,32,40
PRESIDIO COUNTY,377,70 Years,73,35,38,19,12,7,0,0,0,0,0,0,54,23,31
PRESIDIO COUNTY,377,71 Years,72,33,39,13,8,5,0,0,0,1,0,1,58,25,33
PRESIDIO COUNTY,377,72 Years,73,39,34,12,7,5,0,0,0,1,0,1,60,32,28
PRESIDIO COUNTY,377,73 Years,84,40,44,18,7,11,0,0,0,1,0,1,65,33,32
PRESIDIO COUNTY,377,74 Years,74,34,40,15,9,6,0,0,0,0,0,0,59,25,34
PRESIDIO COUNTY,377,75 Years,68,26,42,7,5,2,0,0,0,0,0,0,61,21,40
PRESIDIO COUNTY,377,76 Years,57,24,33,7,4,3,0,0,0,1,0,1,49,20,29
PRESIDIO COUNTY,377,77 Years,63,31,32,13,7,6,0,0,0,1,0,1,49,24,25
PRESIDIO COUNTY,377,78 Years,58,31,27,11,7,4,0,0,0,0,0,0,47,24,23
PRESIDIO COUNTY,377,79 Years,49,25,24,9,5,4,0,0,0,0,0,0,40,20,20
PRESIDIO COUNTY,377,80 Years,51,23,28,9,4,5,0,0,0,0,0,0,42,19,23
PRESIDIO COUNTY,377,81 Years,51,28,23,10,5,5,0,0,0,0,0,0,41,23,18
PRESIDIO COUNTY,377,82 Years,43,25,18,11,6,5,0,0,0,0,0,0,32,19,13
PRESIDIO COUNTY,377,83 Years,32,15,17,10,4,6,0,0,0,0,0,0,22,11,11
PRESIDIO COUNTY,377,84 Years,29,15,14,7,4,3,0,0,0,0,0,0,22,11,11
PRESIDIO COUNTY,377,85 Years +,203,85,118,35,13,22,0,0,0,0,0,0,168,72,96
RAINS COUNTY,379,All Ages,11249,5562,5687,9776,4779,4997,227,121,106,294,152,142,952,510,442
RAINS COUNTY,379,< 1 Year,99,50,49,82,43,39,0,0,0,4,1,3,13,6,7
RAINS COUNTY,379,1 Years,101,50,51,82,42,40,0,0,0,6,2,4,13,6,7
RAINS COUNTY,379,2 Years,102,53,49,83,43,40,0,0,0,5,3,2,14,7,7
RAINS COUNTY,379,3 Years,106,57,49,86,46,40,0,0,0,6,4,2,14,7,7
RAINS COUNTY,379,4 Years,112,63,49,87,47,40,1,1,0,8,7,1,16,8,8
RAINS COUNTY,379,5 Years,117,66,51,91,48,43,1,1,0,8,6,2,17,11,6
RAINS COUNTY,379,6 Years,122,65,57,97,49,48,2,0,2,6,2,4,17,14,3
RAINS COUNTY,379,7 Years,103,58,45,80,43,37,4,4,0,5,3,2,14,8,6
RAINS COUNTY,379,8 Years,100,62,38,79,46,33,2,2,0,2,2,0,17,12,5
RAINS COUNTY,379,9 Years,116,58,58,91,44,47,0,0,0,2,0,2,23,14,9
RAINS COUNTY,379,10 Years,114,56,58,91,43,48,1,1,0,2,2,0,20,10,10
RAINS COUNTY,379,11 Years,110,59,51,90,48,42,3,2,1,2,2,0,15,7,8
RAINS COUNTY,379,12 Years,119,66,53,92,50,42,3,2,1,5,4,1,19,10,9
RAINS COUNTY,379,13 Years,123,67,56,90,47,43,1,1,0,7,6,1,25,13,12
RAINS COUNTY,379,14 Years,126,57,69,101,47,54,1,0,1,3,2,1,21,8,13
RAINS COUNTY,379,15 Years,140,66,74,111,54,57,2,1,1,4,2,2,23,9,14
RAINS COUNTY,379,16 Years,148,71,77,107,51,56,4,2,2,6,3,3,31,15,16
RAINS COUNTY,379,17 Years,161,83,78,119,60,59,4,2,2,7,4,3,31,17,14
RAINS COUNTY,379,18 Years,174,93,81,134,71,63,5,3,2,6,3,3,29,16,13
RAINS COUNTY,379,19 Years,147,86,61,115,68,47,5,4,1,5,2,3,22,12,10
RAINS COUNTY,379,20 Years,138,81,57,103,62,41,2,0,2,5,4,1,28,15,13
RAINS COUNTY,379,21 Years,129,76,53,95,56,39,3,2,1,6,3,3,25,15,10
RAINS COUNTY,379,22 Years,127,61,66,95,44,51,4,1,3,7,3,4,21,13,8
RAINS COUNTY,379,23 Years,128,67,61,94,48,46,4,1,3,7,3,4,23,15,8
RAINS COUNTY,379,24 Years,139,76,63,110,60,50,3,1,2,7,5,2,19,10,9
RAINS COUNTY,379,25 Years,114,59,55,93,47,46,2,2,0,3,2,1,16,8,8
RAINS COUNTY,379,26 Years,97,49,48,79,37,42,2,1,1,2,1,1,14,10,4
RAINS COUNTY,379,27 Years,96,55,41,82,47,35,0,0,0,3,1,2,11,7,4
RAINS COUNTY,379,28 Years,88,50,38,74,42,32,1,0,1,1,1,0,12,7,5
RAINS COUNTY,379,29 Years,79,38,41,67,30,37,0,0,0,1,0,1,11,8,3
RAINS COUNTY,379,30 Years,85,41,44,68,30,38,1,1,0,1,0,1,15,10,5
RAINS COUNTY,379,31 Years,87,44,43,69,35,34,0,0,0,3,1,2,15,8,7
RAINS COUNTY,379,32 Years,77,40,37,62,35,27,3,2,1,3,1,2,9,2,7
RAINS COUNTY,379,33 Years,84,37,47,71,31,40,1,0,1,2,1,1,10,5,5
RAINS COUNTY,379,34 Years,98,48,50,79,37,42,2,2,0,2,1,1,15,8,7
RAINS COUNTY,379,35 Years,92,49,43,79,41,38,1,1,0,2,1,1,10,6,4
RAINS COUNTY,379,36 Years,92,49,43,73,38,35,2,2,0,2,1,1,15,8,7
RAINS COUNTY,379,37 Years,101,53,48,89,49,40,3,1,2,0,0,0,9,3,6
RAINS COUNTY,379,38 Years,95,50,45,83,44,39,2,1,1,1,0,1,9,5,4
RAINS COUNTY,379,39 Years,113,56,57,99,50,49,2,1,1,2,0,2,10,5,5
RAINS COUNTY,379,40 Years,115,50,65,98,45,53,4,2,2,4,1,3,9,2,7
RAINS COUNTY,379,41 Years,113,52,61,92,41,51,4,3,1,3,1,2,14,7,7
RAINS COUNTY,379,42 Years,109,53,56,96,46,50,1,1,0,2,1,1,10,5,5
RAINS COUNTY,379,43 Years,115,55,60,99,48,51,3,2,1,3,2,1,10,3,7
RAINS COUNTY,379,44 Years,126,58,68,105,46,59,6,3,3,2,2,0,13,7,6
RAINS COUNTY,379,45 Years,147,67,80,128,59,69,4,0,4,2,0,2,13,8,5
RAINS COUNTY,379,46 Years,132,68,64,118,60,58,1,0,1,3,2,1,10,6,4
RAINS COUNTY,379,47 Years,122,65,57,110,58,52,1,0,1,3,2,1,8,5,3
RAINS COUNTY,379,48 Years,125,60,65,109,52,57,3,2,1,5,1,4,8,5,3
RAINS COUNTY,379,49 Years,148,71,77,130,65,65,4,2,2,4,0,4,10,4,6
RAINS COUNTY,379,50 Years,142,69,73,124,58,66,1,1,0,3,1,2,14,9,5
RAINS COUNTY,379,51 Years,139,69,70,121,58,63,2,1,1,4,3,1,12,7,5
RAINS COUNTY,379,52 Years,148,70,78,136,64,72,2,2,0,1,1,0,9,3,6
RAINS COUNTY,379,53 Years,164,80,84,150,71,79,7,5,2,1,1,0,6,3,3
RAINS COUNTY,379,54 Years,167,85,82,153,79,74,2,2,0,5,2,3,7,2,5
RAINS COUNTY,379,55 Years,172,80,92,159,76,83,3,0,3,4,1,3,6,3,3
RAINS COUNTY,379,56 Years,181,88,93,170,82,88,1,0,1,4,2,2,6,4,2
RAINS COUNTY,379,57 Years,200,92,108,189,85,104,2,1,1,3,1,2,6,5,1
RAINS COUNTY,379,58 Years,197,90,107,180,81,99,5,2,3,5,3,2,7,4,3
RAINS COUNTY,379,59 Years,200,92,108,178,81,97,3,1,2,9,5,4,10,5,5
RAINS COUNTY,379,60 Years,175,78,97,159,70,89,4,2,2,6,4,2,6,2,4
RAINS COUNTY,379,61 Years,154,68,86,141,62,79,3,1,2,4,2,2,6,3,3
RAINS COUNTY,379,62 Years,172,73,99,160,68,92,6,2,4,2,1,1,4,2,2
RAINS COUNTY,379,63 Years,185,85,100,172,77,95,8,4,4,3,3,0,2,1,1
RAINS COUNTY,379,64 Years,184,84,100,170,74,96,6,4,2,4,2,2,4,4,0
RAINS COUNTY,379,65 Years,187,82,105,176,76,100,4,3,1,4,1,3,3,2,1
RAINS COUNTY,379,66 Years,189,91,98,182,87,95,3,3,0,2,0,2,2,1,1
RAINS COUNTY,379,67 Years,206,97,109,194,92,102,6,4,2,2,0,2,4,1,3
RAINS COUNTY,379,68 Years,220,98,122,211,96,115,3,0,3,2,0,2,4,2,2
RAINS COUNTY,379,69 Years,215,106,109,202,98,104,6,4,2,6,3,3,1,1,0
RAINS COUNTY,379,70 Years,167,81,86,156,76,80,4,3,1,4,1,3,3,1,2
RAINS COUNTY,379,71 Years,168,84,84,163,82,81,3,2,1,1,0,1,1,0,1
RAINS COUNTY,379,72 Years,167,84,83,163,82,81,2,1,1,1,1,0,1,0,1
RAINS COUNTY,379,73 Years,156,75,81,151,74,77,1,0,1,1,0,1,3,1,2
RAINS COUNTY,379,74 Years,151,75,76,141,71,70,2,1,1,3,2,1,5,1,4
RAINS COUNTY,379,75 Years,132,71,61,121,63,58,3,1,2,3,3,0,5,4,1
RAINS COUNTY,379,76 Years,118,57,61,112,52,60,2,1,1,2,2,0,2,2,0
RAINS COUNTY,379,77 Years,114,50,64,112,48,64,1,1,0,1,1,0,0,0,0
RAINS COUNTY,379,78 Years,107,41,66,100,40,60,3,1,2,2,0,2,2,0,2
RAINS COUNTY,379,79 Years,92,45,47,86,42,44,4,2,2,0,0,0,2,1,1
RAINS COUNTY,379,80 Years,89,49,40,84,46,38,2,1,1,2,2,0,1,0,1
RAINS COUNTY,379,81 Years,75,42,33,72,40,32,2,1,1,1,1,0,0,0,0
RAINS COUNTY,379,82 Years,62,31,31,59,30,29,1,0,1,0,0,0,2,1,1
RAINS COUNTY,379,83 Years,51,26,25,44,23,21,3,1,2,1,0,1,3,2,1
RAINS COUNTY,379,84 Years,45,21,24,42,21,21,2,0,2,0,0,0,1,0,1
RAINS COUNTY,379,85 Years +,207,89,118,186,81,105,7,3,4,8,2,6,6,3,3
RANDALL COUNTY,381,All Ages,133520,65027,68493,96997,46718,50279,3429,1912,1517,5481,2805,2676,27613,13592,14021
RANDALL COUNTY,381,< 1 Year,1543,764,779,916,456,460,45,20,25,106,51,55,476,237,239
RANDALL COUNTY,381,1 Years,1612,803,809,945,475,470,48,24,24,119,59,60,500,245,255
RANDALL COUNTY,381,2 Years,1649,835,814,976,506,470,47,24,23,123,60,63,503,245,258
RANDALL COUNTY,381,3 Years,1664,850,814,987,516,471,44,22,22,127,62,65,506,250,256
RANDALL COUNTY,381,4 Years,1664,854,810,1003,527,476,38,18,20,123,60,63,500,249,251
RANDALL COUNTY,381,5 Years,1718,878,840,988,504,484,35,16,19,147,84,63,548,274,274
RANDALL COUNTY,381,6 Years,1692,868,824,1000,518,482,38,16,22,121,69,52,533,265,268
RANDALL COUNTY,381,7 Years,1888,976,912,1140,598,542,50,22,28,127,68,59,571,288,283
RANDALL COUNTY,381,8 Years,1884,952,932,1124,565,559,52,24,28,136,71,65,572,292,280
RANDALL COUNTY,381,9 Years,1956,985,971,1185,601,584,59,26,33,118,62,56,594,296,298
RANDALL COUNTY,381,10 Years,1960,997,963,1180,598,582,59,31,28,112,54,58,609,314,295
RANDALL COUNTY,381,11 Years,1987,1008,979,1233,617,616,57,30,27,104,56,48,593,305,288
RANDALL COUNTY,381,12 Years,1985,995,990,1276,644,632,50,25,25,96,48,48,563,278,285
RANDALL COUNTY,381,13 Years,1965,1009,956,1274,663,611,57,26,31,95,49,46,539,271,268
RANDALL COUNTY,381,14 Years,1915,990,925,1232,637,595,60,31,29,81,42,39,542,280,262
RANDALL COUNTY,381,15 Years,1954,1012,942,1255,641,614,68,41,27,85,43,42,546,287,259
RANDALL COUNTY,381,16 Years,1938,986,952,1220,605,615,74,37,37,83,40,43,561,304,257
RANDALL COUNTY,381,17 Years,1934,978,956,1205,594,611,76,35,41,84,44,40,569,305,264
RANDALL COUNTY,381,18 Years,2039,1029,1010,1240,609,631,79,41,38,93,46,47,627,333,294
RANDALL COUNTY,381,19 Years,2248,1122,1126,1415,698,717,83,44,39,103,55,48,647,325,322
RANDALL COUNTY,381,20 Years,2153,1072,1081,1321,656,665,80,41,39,107,54,53,645,321,324
RANDALL COUNTY,381,21 Years,2087,1045,1042,1298,648,650,86,48,38,95,51,44,608,298,310
RANDALL COUNTY,381,22 Years,1970,972,998,1236,601,635,70,38,32,97,50,47,567,283,284
RANDALL COUNTY,381,23 Years,1906,961,945,1212,581,631,82,45,37,104,71,33,508,264,244
RANDALL COUNTY,381,24 Years,1845,909,936,1218,572,646,73,44,29,76,45,31,478,248,230
RANDALL COUNTY,381,25 Years,1847,940,907,1227,606,621,62,33,29,80,48,32,478,253,225
RANDALL COUNTY,381,26 Years,1721,824,897,1157,531,626,58,34,24,82,51,31,424,208,216
RANDALL COUNTY,381,27 Years,1660,799,861,1116,518,598,50,33,17,86,50,36,408,198,210
RANDALL COUNTY,381,28 Years,1555,793,762,1039,529,510,50,28,22,60,35,25,406,201,205
RANDALL COUNTY,381,29 Years,1527,796,731,998,546,452,42,18,24,59,31,28,428,201,227
RANDALL COUNTY,381,30 Years,1646,812,834,1101,545,556,39,24,15,64,32,32,442,211,231
RANDALL COUNTY,381,31 Years,1711,831,880,1149,557,592,51,32,19,58,28,30,453,214,239
RANDALL COUNTY,381,32 Years,1785,868,917,1206,595,611,60,36,24,58,29,29,461,208,253
RANDALL COUNTY,381,33 Years,1827,879,948,1255,603,652,61,39,22,59,27,32,452,210,242
RANDALL COUNTY,381,34 Years,1829,862,967,1271,592,679,54,30,24,61,29,32,443,211,232
RANDALL COUNTY,381,35 Years,1912,913,999,1342,631,711,62,35,27,69,32,37,439,215,224
RANDALL COUNTY,381,36 Years,1915,967,948,1366,692,674,56,35,21,68,36,32,425,204,221
RANDALL COUNTY,381,37 Years,1788,927,861,1282,661,621,52,37,15,58,31,27,396,198,198
RANDALL COUNTY,381,38 Years,1776,894,882,1267,637,630,52,35,17,63,32,31,394,190,204
RANDALL COUNTY,381,39 Years,1714,867,847,1232,619,613,44,28,16,60,36,24,378,184,194
RANDALL COUNTY,381,40 Years,1689,853,836,1225,607,618,47,29,18,62,37,25,355,180,175
RANDALL COUNTY,381,41 Years,1723,879,844,1261,633,628,45,29,16,68,34,34,349,183,166
RANDALL COUNTY,381,42 Years,1524,759,765,1104,540,564,42,24,18,60,26,34,318,169,149
RANDALL COUNTY,381,43 Years,1489,737,752,1075,520,555,40,27,13,58,31,27,316,159,157
RANDALL COUNTY,381,44 Years,1592,768,824,1154,544,610,51,36,15,61,32,29,326,156,170
RANDALL COUNTY,381,45 Years,1691,825,866,1273,617,656,48,34,14,61,26,35,309,148,161
RANDALL COUNTY,381,46 Years,1738,836,902,1317,634,683,49,28,21,60,27,33,312,147,165
RANDALL COUNTY,381,47 Years,1572,759,813,1176,563,613,43,25,18,51,22,29,302,149,153
RANDALL COUNTY,381,48 Years,1504,716,788,1124,529,595,46,29,17,54,24,30,280,134,146
RANDALL COUNTY,381,49 Years,1484,721,763,1132,551,581,35,22,13,48,23,25,269,125,144
RANDALL COUNTY,381,50 Years,1504,735,769,1140,555,585,36,23,13,53,24,29,275,133,142
RANDALL COUNTY,381,51 Years,1626,788,838,1247,597,650,47,30,17,60,32,28,272,129,143
RANDALL COUNTY,381,52 Years,1661,812,849,1299,636,663,45,28,17,61,35,26,256,113,143
RANDALL COUNTY,381,53 Years,1736,816,920,1378,648,730,44,27,17,64,37,27,250,104,146
RANDALL COUNTY,381,54 Years,1763,863,900,1417,693,724,44,30,14,59,32,27,243,108,135
RANDALL COUNTY,381,55 Years,1749,866,883,1448,722,726,40,25,15,52,25,27,209,94,115
RANDALL COUNTY,381,56 Years,1751,843,908,1430,686,744,49,31,18,58,26,32,214,100,114
RANDALL COUNTY,381,57 Years,1730,826,904,1432,676,756,36,22,14,63,34,29,199,94,105
RANDALL COUNTY,381,58 Years,1729,812,917,1450,675,775,31,17,14,49,25,24,199,95,104
RANDALL COUNTY,381,59 Years,1717,779,938,1456,654,802,24,16,8,50,19,31,187,90,97
RANDALL COUNTY,381,60 Years,1665,783,882,1424,666,758,32,21,11,49,22,27,160,74,86
RANDALL COUNTY,381,61 Years,1668,792,876,1437,681,756,29,15,14,48,25,23,154,71,83
RANDALL COUNTY,381,62 Years,1602,748,854,1390,660,730,22,9,13,43,14,29,147,65,82
RANDALL COUNTY,381,63 Years,1588,736,852,1392,645,747,19,9,10,50,22,28,127,60,67
RANDALL COUNTY,381,64 Years,1517,717,800,1341,636,705,21,11,10,37,19,18,118,51,67
RANDALL COUNTY,381,65 Years,1417,660,757,1240,575,665,20,10,10,41,22,19,116,53,63
RANDALL COUNTY,381,66 Years,1375,641,734,1208,563,645,18,6,12,41,22,19,108,50,58
RANDALL COUNTY,381,67 Years,1333,631,702,1187,563,624,16,5,11,36,16,20,94,47,47
RANDALL COUNTY,381,68 Years,1346,667,679,1212,598,614,14,10,4,38,17,21,82,42,40
RANDALL COUNTY,381,69 Years,1305,610,695,1173,551,622,12,6,6,42,19,23,78,34,44
RANDALL COUNTY,381,70 Years,1000,452,548,887,403,484,8,2,6,34,16,18,71,31,40
RANDALL COUNTY,381,71 Years,907,407,500,810,360,450,4,2,2,25,13,12,68,32,36
RANDALL COUNTY,381,72 Years,958,435,523,863,392,471,9,5,4,22,12,10,64,26,38
RANDALL COUNTY,381,73 Years,929,425,504,840,386,454,10,4,6,18,10,8,61,25,36
RANDALL COUNTY,381,74 Years,822,360,462,747,328,419,9,4,5,16,8,8,50,20,30
RANDALL COUNTY,381,75 Years,752,329,423,690,304,386,4,2,2,16,7,9,42,16,26
RANDALL COUNTY,381,76 Years,734,314,420,676,291,385,3,1,2,14,7,7,41,15,26
RANDALL COUNTY,381,77 Years,669,272,397,618,251,367,4,1,3,14,7,7,33,13,20
RANDALL COUNTY,381,78 Years,647,262,385,605,243,362,3,1,2,12,6,6,27,12,15
RANDALL COUNTY,381,79 Years,575,236,339,536,220,316,3,2,1,8,3,5,28,11,17
RANDALL COUNTY,381,80 Years,541,237,304,508,222,286,2,0,2,8,4,4,23,11,12
RANDALL COUNTY,381,81 Years,538,231,307,505,212,293,3,3,0,8,6,2,22,10,12
RANDALL COUNTY,381,82 Years,489,207,282,457,194,263,2,1,1,8,4,4,22,8,14
RANDALL COUNTY,381,83 Years,446,184,262,418,175,243,4,0,4,7,3,4,17,6,11
RANDALL COUNTY,381,84 Years,397,165,232,376,158,218,2,0,2,7,1,6,12,6,6
RANDALL COUNTY,381,85 Years +,1959,711,1248,1832,669,1163,11,4,7,40,8,32,76,30,46
REAGAN COUNTY,383,All Ages,3685,1948,1737,1218,601,617,69,41,28,30,16,14,2368,1290,1078
REAGAN COUNTY,383,< 1 Year,66,32,34,11,4,7,0,0,0,0,0,0,55,28,27
REAGAN COUNTY,383,1 Years,57,30,27,8,4,4,1,1,0,1,1,0,47,24,23
REAGAN COUNTY,383,2 Years,59,29,30,10,5,5,1,0,1,0,0,0,48,24,24
REAGAN COUNTY,383,3 Years,55,26,29,10,4,6,1,0,1,0,0,0,44,22,22
REAGAN COUNTY,383,4 Years,54,25,29,9,4,5,0,0,0,0,0,0,45,21,24
REAGAN COUNTY,383,5 Years,46,21,25,8,2,6,0,0,0,0,0,0,38,19,19
REAGAN COUNTY,383,6 Years,47,25,22,10,5,5,1,0,1,1,0,1,35,20,15
REAGAN COUNTY,383,7 Years,55,26,29,8,4,4,1,0,1,2,1,1,44,21,23
REAGAN COUNTY,383,8 Years,57,36,21,8,5,3,0,0,0,0,0,0,49,31,18
REAGAN COUNTY,383,9 Years,61,39,22,12,8,4,1,1,0,2,2,0,46,28,18
REAGAN COUNTY,383,10 Years,55,30,25,13,8,5,0,0,0,1,0,1,41,22,19
REAGAN COUNTY,383,11 Years,48,25,23,8,4,4,0,0,0,0,0,0,40,21,19
REAGAN COUNTY,383,12 Years,52,29,23,8,6,2,0,0,0,1,0,1,43,23,20
REAGAN COUNTY,383,13 Years,66,29,37,10,6,4,0,0,0,1,0,1,55,23,32
REAGAN COUNTY,383,14 Years,54,28,26,9,5,4,0,0,0,2,1,1,43,22,21
REAGAN COUNTY,383,15 Years,54,29,25,10,6,4,2,1,1,1,1,0,41,21,20
REAGAN COUNTY,383,16 Years,55,25,30,10,4,6,1,0,1,1,1,0,43,20,23
REAGAN COUNTY,383,17 Years,52,27,25,10,5,5,0,0,0,1,1,0,41,21,20
REAGAN COUNTY,383,18 Years,56,27,29,13,7,6,2,0,2,0,0,0,41,20,21
REAGAN COUNTY,383,19 Years,65,36,29,13,10,3,0,0,0,0,0,0,52,26,26
REAGAN COUNTY,383,20 Years,62,32,30,12,8,4,2,2,0,1,0,1,47,22,25
REAGAN COUNTY,383,21 Years,56,28,28,14,4,10,1,0,1,0,0,0,41,24,17
REAGAN COUNTY,383,22 Years,50,24,26,13,3,10,1,1,0,0,0,0,36,20,16
REAGAN COUNTY,383,23 Years,53,33,20,16,7,9,2,2,0,0,0,0,35,24,11
REAGAN COUNTY,383,24 Years,59,31,28,20,9,11,1,1,0,0,0,0,38,21,17
REAGAN COUNTY,383,25 Years,40,24,16,9,5,4,2,1,1,1,1,0,28,17,11
REAGAN COUNTY,383,26 Years,42,25,17,8,3,5,2,1,1,0,0,0,32,21,11
REAGAN COUNTY,383,27 Years,39,18,21,11,4,7,0,0,0,0,0,0,28,14,14
REAGAN COUNTY,383,28 Years,41,24,17,14,7,7,1,1,0,0,0,0,26,16,10
REAGAN COUNTY,383,29 Years,34,22,12,12,7,5,1,1,0,0,0,0,21,14,7
REAGAN COUNTY,383,30 Years,43,22,21,13,7,6,1,1,0,0,0,0,29,14,15
REAGAN COUNTY,383,31 Years,41,23,18,18,11,7,1,1,0,0,0,0,22,11,11
REAGAN COUNTY,383,32 Years,47,24,23,12,7,5,1,1,0,0,0,0,34,16,18
REAGAN COUNTY,383,33 Years,48,27,21,13,7,6,1,1,0,0,0,0,34,19,15
REAGAN COUNTY,383,34 Years,50,30,20,11,7,4,2,2,0,0,0,0,37,21,16
REAGAN COUNTY,383,35 Years,45,28,17,10,6,4,3,2,1,0,0,0,32,20,12
REAGAN COUNTY,383,36 Years,43,24,19,11,7,4,1,1,0,0,0,0,31,16,15
REAGAN COUNTY,383,37 Years,43,23,20,9,4,5,0,0,0,2,1,1,32,18,14
REAGAN COUNTY,383,38 Years,48,30,18,11,6,5,0,0,0,1,0,1,36,24,12
REAGAN COUNTY,383,39 Years,49,30,19,12,6,6,1,1,0,0,0,0,36,23,13
REAGAN COUNTY,383,40 Years,44,26,18,8,4,4,1,0,1,0,0,0,35,22,13
REAGAN COUNTY,383,41 Years,43,26,17,12,5,7,0,0,0,0,0,0,31,21,10
REAGAN COUNTY,383,42 Years,33,15,18,7,2,5,0,0,0,0,0,0,26,13,13
REAGAN COUNTY,383,43 Years,37,18,19,7,3,4,0,0,0,0,0,0,30,15,15
REAGAN COUNTY,383,44 Years,41,18,23,9,4,5,2,1,1,0,0,0,30,13,17
REAGAN COUNTY,383,45 Years,41,24,17,12,9,3,1,0,1,0,0,0,28,15,13
REAGAN COUNTY,383,46 Years,46,25,21,18,10,8,2,2,0,3,1,2,23,12,11
REAGAN COUNTY,383,47 Years,48,24,24,20,9,11,1,1,0,0,0,0,27,14,13
REAGAN COUNTY,383,48 Years,44,23,21,20,8,12,0,0,0,0,0,0,24,15,9
REAGAN COUNTY,383,49 Years,42,20,22,17,9,8,0,0,0,1,1,0,24,10,14
REAGAN COUNTY,383,50 Years,46,23,23,16,8,8,0,0,0,1,1,0,29,14,15
REAGAN COUNTY,383,51 Years,42,28,14,16,10,6,0,0,0,0,0,0,26,18,8
REAGAN COUNTY,383,52 Years,46,31,15,19,10,9,0,0,0,0,0,0,27,21,6
REAGAN COUNTY,383,53 Years,48,25,23,23,9,14,2,1,1,0,0,0,23,15,8
REAGAN COUNTY,383,54 Years,53,27,26,27,12,15,2,1,1,0,0,0,24,14,10
REAGAN COUNTY,383,55 Years,54,25,29,29,13,16,0,0,0,0,0,0,25,12,13
REAGAN COUNTY,383,56 Years,49,23,26,24,11,13,1,1,0,0,0,0,24,11,13
REAGAN COUNTY,383,57 Years,45,21,24,23,9,14,1,1,0,0,0,0,21,11,10
REAGAN COUNTY,383,58 Years,52,27,25,25,12,13,2,2,0,0,0,0,25,13,12
REAGAN COUNTY,383,59 Years,54,23,31,27,10,17,1,0,1,2,0,2,24,13,11
REAGAN COUNTY,383,60 Years,51,27,24,21,10,11,1,0,1,0,0,0,29,17,12
REAGAN COUNTY,383,61 Years,55,29,26,29,13,16,1,1,0,1,1,0,24,14,10
REAGAN COUNTY,383,62 Years,45,28,17,29,17,12,1,1,0,0,0,0,15,10,5
REAGAN COUNTY,383,63 Years,38,25,13,20,14,6,0,0,0,0,0,0,18,11,7
REAGAN COUNTY,383,64 Years,31,15,16,16,8,8,1,1,0,0,0,0,14,6,8
REAGAN COUNTY,383,65 Years,47,25,22,28,16,12,1,0,1,1,0,1,17,9,8
REAGAN COUNTY,383,66 Years,34,19,15,18,10,8,0,0,0,0,0,0,16,9,7
REAGAN COUNTY,383,67 Years,24,13,11,10,6,4,0,0,0,0,0,0,14,7,7
REAGAN COUNTY,383,68 Years,29,13,16,14,5,9,0,0,0,0,0,0,15,8,7
REAGAN COUNTY,383,69 Years,36,15,21,17,6,11,1,1,0,0,0,0,18,8,10
REAGAN COUNTY,383,70 Years,31,11,20,18,6,12,1,0,1,0,0,0,12,5,7
REAGAN COUNTY,383,71 Years,24,14,10,12,6,6,1,0,1,0,0,0,11,8,3
REAGAN COUNTY,383,72 Years,18,11,7,10,7,3,0,0,0,0,0,0,8,4,4
REAGAN COUNTY,383,73 Years,21,9,12,15,7,8,0,0,0,0,0,0,6,2,4
REAGAN COUNTY,383,74 Years,16,9,7,12,6,6,0,0,0,0,0,0,4,3,1
REAGAN COUNTY,383,75 Years,18,8,10,9,5,4,0,0,0,0,0,0,9,3,6
REAGAN COUNTY,383,76 Years,21,12,9,15,9,6,0,0,0,0,0,0,6,3,3
REAGAN COUNTY,383,77 Years,19,10,9,12,7,5,2,0,2,0,0,0,5,3,2
REAGAN COUNTY,383,78 Years,21,14,7,8,4,4,1,1,0,1,1,0,11,8,3
REAGAN COUNTY,383,79 Years,20,12,8,13,6,7,1,1,0,1,1,0,5,4,1
REAGAN COUNTY,383,80 Years,20,11,9,13,6,7,2,1,1,0,0,0,5,4,1
REAGAN COUNTY,383,81 Years,15,7,8,10,4,6,2,1,1,0,0,0,3,2,1
REAGAN COUNTY,383,82 Years,16,7,9,11,4,7,0,0,0,0,0,0,5,3,2
REAGAN COUNTY,383,83 Years,12,5,7,8,3,5,0,0,0,0,0,0,4,2,2
REAGAN COUNTY,383,84 Years,14,7,7,10,4,6,0,0,0,0,0,0,4,3,1
REAGAN COUNTY,383,85 Years +,54,24,30,34,14,20,2,0,2,0,0,0,18,10,8
REAL COUNTY,385,All Ages,3462,1707,1755,2445,1192,1253,20,11,9,76,32,44,921,472,449
REAL COUNTY,385,< 1 Year,41,21,20,24,13,11,0,0,0,2,1,1,15,7,8
REAL COUNTY,385,1 Years,40,21,19,24,13,11,0,0,0,1,1,0,15,7,8
REAL COUNTY,385,2 Years,37,19,18,24,13,11,0,0,0,0,0,0,13,6,7
REAL COUNTY,385,3 Years,34,17,17,21,11,10,0,0,0,0,0,0,13,6,7
REAL COUNTY,385,4 Years,35,17,18,23,13,10,0,0,0,0,0,0,12,4,8
REAL COUNTY,385,5 Years,34,17,17,22,12,10,0,0,0,0,0,0,12,5,7
REAL COUNTY,385,6 Years,34,21,13,21,15,6,0,0,0,0,0,0,13,6,7
REAL COUNTY,385,7 Years,34,19,15,15,9,6,0,0,0,0,0,0,19,10,9
REAL COUNTY,385,8 Years,32,17,15,18,9,9,0,0,0,1,0,1,13,8,5
REAL COUNTY,385,9 Years,32,12,20,17,7,10,0,0,0,2,0,2,13,5,8
REAL COUNTY,385,10 Years,35,17,18,19,9,10,0,0,0,1,0,1,15,8,7
REAL COUNTY,385,11 Years,28,15,13,14,7,7,0,0,0,2,1,1,12,7,5
REAL COUNTY,385,12 Years,35,19,16,18,11,7,0,0,0,1,0,1,16,8,8
REAL COUNTY,385,13 Years,34,20,14,18,14,4,0,0,0,0,0,0,16,6,10
REAL COUNTY,385,14 Years,30,14,16,18,8,10,0,0,0,0,0,0,12,6,6
REAL COUNTY,385,15 Years,31,16,15,19,8,11,0,0,0,0,0,0,12,8,4
REAL COUNTY,385,16 Years,28,13,15,17,7,10,0,0,0,0,0,0,11,6,5
REAL COUNTY,385,17 Years,33,18,15,17,7,10,0,0,0,0,0,0,16,11,5
REAL COUNTY,385,18 Years,36,16,20,19,9,10,1,0,1,2,1,1,14,6,8
REAL COUNTY,385,19 Years,46,22,24,21,12,9,0,0,0,1,0,1,24,10,14
REAL COUNTY,385,20 Years,37,16,21,17,9,8,1,0,1,1,0,1,18,7,11
REAL COUNTY,385,21 Years,40,21,19,21,12,9,2,1,1,3,2,1,14,6,8
REAL COUNTY,385,22 Years,60,32,28,34,21,13,6,3,3,1,1,0,19,7,12
REAL COUNTY,385,23 Years,58,28,30,31,14,17,3,1,2,1,1,0,23,12,11
REAL COUNTY,385,24 Years,45,21,24,23,8,15,1,1,0,7,5,2,14,7,7
REAL COUNTY,385,25 Years,39,25,14,25,15,10,1,1,0,2,1,1,11,8,3
REAL COUNTY,385,26 Years,32,17,15,24,13,11,0,0,0,0,0,0,8,4,4
REAL COUNTY,385,27 Years,22,10,12,15,6,9,0,0,0,0,0,0,7,4,3
REAL COUNTY,385,28 Years,23,12,11,15,8,7,0,0,0,1,0,1,7,4,3
REAL COUNTY,385,29 Years,23,11,12,12,5,7,0,0,0,1,1,0,10,5,5
REAL COUNTY,385,30 Years,18,10,8,12,8,4,0,0,0,0,0,0,6,2,4
REAL COUNTY,385,31 Years,23,12,11,12,9,3,0,0,0,0,0,0,11,3,8
REAL COUNTY,385,32 Years,26,8,18,14,6,8,0,0,0,0,0,0,12,2,10
REAL COUNTY,385,33 Years,25,11,14,12,4,8,0,0,0,0,0,0,13,7,6
REAL COUNTY,385,34 Years,26,13,13,14,7,7,0,0,0,1,0,1,11,6,5
REAL COUNTY,385,35 Years,20,12,8,12,6,6,0,0,0,0,0,0,8,6,2
REAL COUNTY,385,36 Years,20,9,11,14,5,9,0,0,0,0,0,0,6,4,2
REAL COUNTY,385,37 Years,19,13,6,13,9,4,0,0,0,0,0,0,6,4,2
REAL COUNTY,385,38 Years,22,11,11,16,8,8,0,0,0,1,0,1,5,3,2
REAL COUNTY,385,39 Years,24,12,12,14,6,8,0,0,0,1,0,1,9,6,3
REAL COUNTY,385,40 Years,26,12,14,18,9,9,0,0,0,0,0,0,8,3,5
REAL COUNTY,385,41 Years,31,16,15,20,10,10,0,0,0,0,0,0,11,6,5
REAL COUNTY,385,42 Years,26,13,13,18,9,9,0,0,0,1,0,1,7,4,3
REAL COUNTY,385,43 Years,31,10,21,22,8,14,0,0,0,0,0,0,9,2,7
REAL COUNTY,385,44 Years,28,16,12,22,12,10,0,0,0,1,1,0,5,3,2
REAL COUNTY,385,45 Years,34,21,13,24,14,10,0,0,0,0,0,0,10,7,3
REAL COUNTY,385,46 Years,38,16,22,25,11,14,0,0,0,3,0,3,10,5,5
REAL COUNTY,385,47 Years,30,19,11,22,14,8,0,0,0,2,1,1,6,4,2
REAL COUNTY,385,48 Years,43,23,20,35,17,18,0,0,0,2,2,0,6,4,2
REAL COUNTY,385,49 Years,40,19,21,28,12,16,0,0,0,1,1,0,11,6,5
REAL COUNTY,385,50 Years,31,13,18,22,8,14,1,1,0,0,0,0,8,4,4
REAL COUNTY,385,51 Years,37,16,21,29,13,16,0,0,0,2,0,2,6,3,3
REAL COUNTY,385,52 Years,46,22,24,31,15,16,0,0,0,1,0,1,14,7,7
REAL COUNTY,385,53 Years,63,28,35,47,17,30,0,0,0,2,2,0,14,9,5
REAL COUNTY,385,54 Years,53,31,22,38,21,17,0,0,0,3,1,2,12,9,3
REAL COUNTY,385,55 Years,45,20,25,36,16,20,0,0,0,1,0,1,8,4,4
REAL COUNTY,385,56 Years,54,27,27,43,21,22,0,0,0,1,1,0,10,5,5
REAL COUNTY,385,57 Years,47,21,26,34,14,20,1,0,1,1,1,0,11,6,5
REAL COUNTY,385,58 Years,49,26,23,37,20,17,0,0,0,3,1,2,9,5,4
REAL COUNTY,385,59 Years,49,34,15,42,28,14,0,0,0,1,0,1,6,6,0
REAL COUNTY,385,60 Years,57,32,25,50,27,23,0,0,0,0,0,0,7,5,2
REAL COUNTY,385,61 Years,68,37,31,57,31,26,0,0,0,0,0,0,11,6,5
REAL COUNTY,385,62 Years,58,24,34,48,20,28,0,0,0,1,0,1,9,4,5
REAL COUNTY,385,63 Years,51,21,30,45,18,27,1,1,0,0,0,0,5,2,3
REAL COUNTY,385,64 Years,50,20,30,43,18,25,0,0,0,0,0,0,7,2,5
REAL COUNTY,385,65 Years,61,23,38,54,20,34,0,0,0,0,0,0,7,3,4
REAL COUNTY,385,66 Years,69,28,41,57,20,37,0,0,0,0,0,0,12,8,4
REAL COUNTY,385,67 Years,77,36,41,60,26,34,0,0,0,2,2,0,15,8,7
REAL COUNTY,385,68 Years,75,34,41,57,26,31,0,0,0,1,0,1,17,8,9
REAL COUNTY,385,69 Years,70,33,37,59,28,31,0,0,0,1,0,1,10,5,5
REAL COUNTY,385,70 Years,59,28,31,51,22,29,1,1,0,1,1,0,6,4,2
REAL COUNTY,385,71 Years,63,32,31,44,22,22,0,0,0,1,1,0,18,9,9
REAL COUNTY,385,72 Years,61,30,31,46,23,23,0,0,0,0,0,0,15,7,8
REAL COUNTY,385,73 Years,54,24,30,46,21,25,0,0,0,2,0,2,6,3,3
REAL COUNTY,385,74 Years,43,20,23,35,18,17,0,0,0,1,0,1,7,2,5
REAL COUNTY,385,75 Years,45,22,23,39,20,19,0,0,0,0,0,0,6,2,4
REAL COUNTY,385,76 Years,44,20,24,35,17,18,0,0,0,1,0,1,8,3,5
REAL COUNTY,385,77 Years,40,19,21,31,14,17,0,0,0,2,1,1,7,4,3
REAL COUNTY,385,78 Years,43,23,20,32,15,17,0,0,0,2,1,1,9,7,2
REAL COUNTY,385,79 Years,42,24,18,33,19,14,0,0,0,1,0,1,8,5,3
REAL COUNTY,385,80 Years,44,26,18,35,21,14,0,0,0,1,0,1,8,5,3
REAL COUNTY,385,81 Years,34,21,13,29,17,12,0,0,0,0,0,0,5,4,1
REAL COUNTY,385,82 Years,27,10,17,21,9,12,0,0,0,1,0,1,5,1,4
REAL COUNTY,385,83 Years,20,8,12,16,7,9,0,0,0,0,0,0,4,1,3
REAL COUNTY,385,84 Years,19,11,8,15,8,7,0,0,0,0,0,0,4,3,1
REAL COUNTY,385,85 Years +,96,43,53,75,30,45,1,1,0,0,0,0,20,12,8
RED RIVER COUNTY,387,All Ages,11870,5854,6016,8520,4219,4301,2119,993,1126,359,181,178,872,461,411
RED RIVER COUNTY,387,< 1 Year,122,58,64,77,38,39,19,7,12,16,8,8,10,5,5
RED RIVER COUNTY,387,1 Years,126,63,63,85,42,43,19,9,10,14,8,6,8,4,4
RED RIVER COUNTY,387,2 Years,137,70,67,94,48,46,21,11,10,14,7,7,8,4,4
RED RIVER COUNTY,387,3 Years,146,74,72,96,47,49,26,14,12,16,9,7,8,4,4
RED RIVER COUNTY,387,4 Years,146,75,71,94,49,45,26,13,13,16,8,8,10,5,5
RED RIVER COUNTY,387,5 Years,135,73,62,88,50,38,25,12,13,13,7,6,9,4,5
RED RIVER COUNTY,387,6 Years,138,72,66,94,48,46,24,12,12,11,4,7,9,8,1
RED RIVER COUNTY,387,7 Years,131,70,61,78,44,34,26,12,14,10,5,5,17,9,8
RED RIVER COUNTY,387,8 Years,140,70,70,84,44,40,26,13,13,9,4,5,21,9,12
RED RIVER COUNTY,387,9 Years,132,72,60,80,46,34,23,12,11,7,3,4,22,11,11
RED RIVER COUNTY,387,10 Years,135,78,57,84,48,36,22,12,10,5,3,2,24,15,9
RED RIVER COUNTY,387,11 Years,119,65,54,74,42,32,18,9,9,6,4,2,21,10,11
RED RIVER COUNTY,387,12 Years,126,72,54,81,48,33,22,13,9,3,2,1,20,9,11
RED RIVER COUNTY,387,13 Years,139,76,63,82,49,33,31,15,16,2,0,2,24,12,12
RED RIVER COUNTY,387,14 Years,132,77,55,81,48,33,25,15,10,4,2,2,22,12,10
RED RIVER COUNTY,387,15 Years,136,78,58,83,48,35,26,15,11,5,3,2,22,12,10
RED RIVER COUNTY,387,16 Years,142,81,61,90,53,37,30,14,16,7,4,3,15,10,5
RED RIVER COUNTY,387,17 Years,143,79,64,92,49,43,27,17,10,6,2,4,18,11,7
RED RIVER COUNTY,387,18 Years,138,72,66,85,46,39,24,10,14,6,3,3,23,13,10
RED RIVER COUNTY,387,19 Years,127,62,65,81,40,41,21,9,12,6,3,3,19,10,9
RED RIVER COUNTY,387,20 Years,136,70,66,81,42,39,37,19,18,1,0,1,17,9,8
RED RIVER COUNTY,387,21 Years,136,74,62,83,47,36,32,16,16,3,1,2,18,10,8
RED RIVER COUNTY,387,22 Years,139,75,64,81,42,39,30,16,14,6,4,2,22,13,9
RED RIVER COUNTY,387,23 Years,140,74,66,81,45,36,31,14,17,6,4,2,22,11,11
RED RIVER COUNTY,387,24 Years,152,72,80,92,45,47,38,16,22,4,2,2,18,9,9
RED RIVER COUNTY,387,25 Years,131,56,75,87,38,49,23,11,12,6,3,3,15,4,11
RED RIVER COUNTY,387,26 Years,126,58,68,86,42,44,26,10,16,4,2,2,10,4,6
RED RIVER COUNTY,387,27 Years,120,58,62,77,38,39,32,15,17,3,2,1,8,3,5
RED RIVER COUNTY,387,28 Years,117,53,64,73,32,41,29,15,14,3,1,2,12,5,7
RED RIVER COUNTY,387,29 Years,109,54,55,69,35,34,26,12,14,3,1,2,11,6,5
RED RIVER COUNTY,387,30 Years,105,59,46,70,40,30,21,11,10,2,1,1,12,7,5
RED RIVER COUNTY,387,31 Years,102,47,55,68,29,39,18,7,11,4,3,1,12,8,4
RED RIVER COUNTY,387,32 Years,100,53,47,66,34,32,17,9,8,3,3,0,14,7,7
RED RIVER COUNTY,387,33 Years,106,56,50,72,39,33,15,7,8,3,2,1,16,8,8
RED RIVER COUNTY,387,34 Years,109,47,62,77,32,45,16,6,10,1,1,0,15,8,7
RED RIVER COUNTY,387,35 Years,117,59,58,82,44,38,24,9,15,1,1,0,10,5,5
RED RIVER COUNTY,387,36 Years,116,55,61,86,41,45,19,8,11,2,1,1,9,5,4
RED RIVER COUNTY,387,37 Years,100,48,52,72,31,41,17,11,6,4,2,2,7,4,3
RED RIVER COUNTY,387,38 Years,117,52,65,87,38,49,17,6,11,2,1,1,11,7,4
RED RIVER COUNTY,387,39 Years,114,55,59,90,43,47,12,5,7,0,0,0,12,7,5
RED RIVER COUNTY,387,40 Years,100,58,42,73,43,30,15,7,8,2,2,0,10,6,4
RED RIVER COUNTY,387,41 Years,107,53,54,78,39,39,19,9,10,1,1,0,9,4,5
RED RIVER COUNTY,387,42 Years,104,49,55,78,36,42,14,8,6,0,0,0,12,5,7
RED RIVER COUNTY,387,43 Years,116,58,58,84,40,44,22,14,8,1,0,1,9,4,5
RED RIVER COUNTY,387,44 Years,141,69,72,103,49,54,26,13,13,2,1,1,10,6,4
RED RIVER COUNTY,387,45 Years,158,77,81,116,59,57,32,15,17,3,0,3,7,3,4
RED RIVER COUNTY,387,46 Years,135,63,72,89,43,46,28,11,17,2,2,0,16,7,9
RED RIVER COUNTY,387,47 Years,130,71,59,91,55,36,21,6,15,5,3,2,13,7,6
RED RIVER COUNTY,387,48 Years,149,73,76,100,53,47,28,9,19,6,2,4,15,9,6
RED RIVER COUNTY,387,49 Years,146,64,82,102,48,54,30,10,20,4,1,3,10,5,5
RED RIVER COUNTY,387,50 Years,144,71,73,98,49,49,36,16,20,2,0,2,8,6,2
RED RIVER COUNTY,387,51 Years,143,70,73,107,55,52,25,10,15,4,2,2,7,3,4
RED RIVER COUNTY,387,52 Years,154,79,75,116,58,58,27,12,15,3,3,0,8,6,2
RED RIVER COUNTY,387,53 Years,183,91,92,131,67,64,38,15,23,4,2,2,10,7,3
RED RIVER COUNTY,387,54 Years,171,82,89,120,57,63,35,17,18,6,2,4,10,6,4
RED RIVER COUNTY,387,55 Years,170,83,87,123,60,63,34,15,19,4,2,2,9,6,3
RED RIVER COUNTY,387,56 Years,183,92,91,131,69,62,40,17,23,3,1,2,9,5,4
RED RIVER COUNTY,387,57 Years,194,87,107,134,63,71,47,19,28,4,1,3,9,4,5
RED RIVER COUNTY,387,58 Years,189,83,106,134,62,72,46,17,29,3,1,2,6,3,3
RED RIVER COUNTY,387,59 Years,173,81,92,132,61,71,36,16,20,3,2,1,2,2,0
RED RIVER COUNTY,387,60 Years,172,83,89,136,66,70,29,14,15,4,2,2,3,1,2
RED RIVER COUNTY,387,61 Years,180,98,82,146,77,69,27,17,10,2,1,1,5,3,2
RED RIVER COUNTY,387,62 Years,190,100,90,154,85,69,26,13,13,3,0,3,7,2,5
RED RIVER COUNTY,387,63 Years,180,82,98,140,65,75,30,12,18,2,0,2,8,5,3
RED RIVER COUNTY,387,64 Years,170,78,92,132,61,71,30,12,18,2,1,1,6,4,2
RED RIVER COUNTY,387,65 Years,182,92,90,138,71,67,36,17,19,4,3,1,4,1,3
RED RIVER COUNTY,387,66 Years,168,86,82,133,65,68,28,17,11,3,2,1,4,2,2
RED RIVER COUNTY,387,67 Years,164,85,79,130,66,64,30,17,13,1,0,1,3,2,1
RED RIVER COUNTY,387,68 Years,179,81,98,143,64,79,31,14,17,2,2,0,3,1,2
RED RIVER COUNTY,387,69 Years,189,85,104,154,69,85,28,14,14,4,0,4,3,2,1
RED RIVER COUNTY,387,70 Years,169,77,92,140,61,79,23,13,10,2,1,1,4,2,2
RED RIVER COUNTY,387,71 Years,161,79,82,132,63,69,21,10,11,2,2,0,6,4,2
RED RIVER COUNTY,387,72 Years,170,89,81,145,76,69,20,11,9,3,1,2,2,1,1
RED RIVER COUNTY,387,73 Years,146,75,71,118,62,56,22,10,12,4,2,2,2,1,1
RED RIVER COUNTY,387,74 Years,125,62,63,107,53,54,15,7,8,2,2,0,1,0,1
RED RIVER COUNTY,387,75 Years,140,67,73,117,56,61,19,9,10,2,1,1,2,1,1
RED RIVER COUNTY,387,76 Years,114,55,59,93,45,48,17,9,8,1,0,1,3,1,2
RED RIVER COUNTY,387,77 Years,115,53,62,96,45,51,16,8,8,2,0,2,1,0,1
RED RIVER COUNTY,387,78 Years,107,53,54,91,45,46,12,6,6,2,1,1,2,1,1
RED RIVER COUNTY,387,79 Years,92,41,51,79,34,45,11,6,5,1,1,0,1,0,1
RED RIVER COUNTY,387,80 Years,88,38,50,74,31,43,11,6,5,2,1,1,1,0,1
RED RIVER COUNTY,387,81 Years,79,36,43,64,29,35,12,5,7,1,1,0,2,1,1
RED RIVER COUNTY,387,82 Years,76,35,41,62,28,34,11,5,6,1,1,0,2,1,1
RED RIVER COUNTY,387,83 Years,71,29,42,63,25,38,6,2,4,1,1,0,1,1,0
RED RIVER COUNTY,387,84 Years,55,21,34,48,18,30,6,2,4,0,0,0,1,1,0
RED RIVER COUNTY,387,85 Years +,316,108,208,262,89,173,42,14,28,7,3,4,5,2,3
REEVES COUNTY,389,All Ages,14576,8700,5876,2609,1724,885,686,582,104,207,122,85,11074,6272,4802
REEVES COUNTY,389,< 1 Year,194,91,103,16,7,9,5,2,3,4,1,3,169,81,88
REEVES COUNTY,389,1 Years,192,93,99,17,7,10,4,2,2,3,1,2,168,83,85
REEVES COUNTY,389,2 Years,185,90,95,17,6,11,4,3,1,3,1,2,161,80,81
REEVES COUNTY,389,3 Years,172,86,86,14,7,7,3,2,1,4,2,2,151,75,76
REEVES COUNTY,389,4 Years,158,79,79,13,5,8,3,2,1,3,2,1,139,70,69
REEVES COUNTY,389,5 Years,147,77,70,11,5,6,0,0,0,3,2,1,133,70,63
REEVES COUNTY,389,6 Years,150,79,71,12,7,5,1,1,0,3,2,1,134,69,65
REEVES COUNTY,389,7 Years,177,95,82,13,7,6,2,1,1,2,1,1,160,86,74
REEVES COUNTY,389,8 Years,204,103,101,20,7,13,3,1,2,3,2,1,178,93,85
REEVES COUNTY,389,9 Years,194,95,99,20,9,11,3,2,1,4,2,2,167,82,85
REEVES COUNTY,389,10 Years,165,87,78,17,8,9,1,1,0,4,3,1,143,75,68
REEVES COUNTY,389,11 Years,145,80,65,16,7,9,1,1,0,1,1,0,127,71,56
REEVES COUNTY,389,12 Years,174,99,75,17,6,11,2,2,0,2,2,0,153,89,64
REEVES COUNTY,389,13 Years,180,106,74,17,7,10,3,2,1,4,4,0,156,93,63
REEVES COUNTY,389,14 Years,180,104,76,19,10,9,1,0,1,7,6,1,153,88,65
REEVES COUNTY,389,15 Years,177,98,79,21,11,10,2,1,1,4,4,0,150,82,68
REEVES COUNTY,389,16 Years,170,90,80,11,5,6,2,1,1,2,1,1,155,83,72
REEVES COUNTY,389,17 Years,208,127,81,20,9,11,3,2,1,5,3,2,180,113,67
REEVES COUNTY,389,18 Years,186,103,83,12,6,6,4,2,2,3,1,2,167,94,73
REEVES COUNTY,389,19 Years,211,123,88,27,22,5,10,8,2,2,2,0,172,91,81
REEVES COUNTY,389,20 Years,302,198,104,57,51,6,23,21,2,3,3,0,219,123,96
REEVES COUNTY,389,21 Years,232,131,101,32,24,8,14,12,2,4,3,1,182,92,90
REEVES COUNTY,389,22 Years,236,137,99,28,18,10,6,5,1,2,1,1,200,113,87
REEVES COUNTY,389,23 Years,287,212,75,58,49,9,40,39,1,4,2,2,185,122,63
REEVES COUNTY,389,24 Years,383,316,67,83,78,5,44,43,1,6,4,2,250,191,59
REEVES COUNTY,389,25 Years,265,191,74,57,44,13,16,13,3,6,4,2,186,130,56
REEVES COUNTY,389,26 Years,245,171,74,44,38,6,21,20,1,3,1,2,177,112,65
REEVES COUNTY,389,27 Years,193,117,76,26,16,10,12,11,1,3,2,1,152,88,64
REEVES COUNTY,389,28 Years,229,160,69,48,41,7,10,10,0,0,0,0,171,109,62
REEVES COUNTY,389,29 Years,158,98,60,17,6,11,9,9,0,1,1,0,131,82,49
REEVES COUNTY,389,30 Years,121,62,59,14,6,8,1,0,1,0,0,0,106,56,50
REEVES COUNTY,389,31 Years,411,336,75,111,101,10,53,51,2,12,10,2,235,174,61
REEVES COUNTY,389,32 Years,162,93,69,22,15,7,10,9,1,4,2,2,126,67,59
REEVES COUNTY,389,33 Years,324,260,64,70,59,11,41,39,2,4,4,0,209,158,51
REEVES COUNTY,389,34 Years,129,66,63,16,10,6,2,1,1,0,0,0,111,55,56
REEVES COUNTY,389,35 Years,183,127,56,36,28,8,13,12,1,1,1,0,133,86,47
REEVES COUNTY,389,36 Years,205,137,68,38,31,7,18,16,2,0,0,0,149,90,59
REEVES COUNTY,389,37 Years,298,241,57,70,64,6,29,26,3,0,0,0,199,151,48
REEVES COUNTY,389,38 Years,323,247,76,72,67,5,29,28,1,5,4,1,217,148,69
REEVES COUNTY,389,39 Years,162,106,56,29,24,5,9,7,2,3,2,1,121,73,48
REEVES COUNTY,389,40 Years,154,78,76,20,15,5,8,7,1,2,2,0,124,54,70
REEVES COUNTY,389,41 Years,199,147,52,38,29,9,17,16,1,0,0,0,144,102,42
REEVES COUNTY,389,42 Years,202,141,61,37,27,10,17,15,2,3,1,2,145,98,47
REEVES COUNTY,389,43 Years,171,105,66,19,16,3,7,5,2,2,0,2,143,84,59
REEVES COUNTY,389,44 Years,162,105,57,18,15,3,8,7,1,3,2,1,133,81,52
REEVES COUNTY,389,45 Years,121,62,59,6,2,4,3,1,2,4,2,2,108,57,51
REEVES COUNTY,389,46 Years,218,141,77,47,41,6,16,15,1,2,1,1,153,84,69
REEVES COUNTY,389,47 Years,175,117,58,33,26,7,10,9,1,4,2,2,128,80,48
REEVES COUNTY,389,48 Years,220,156,64,62,47,15,11,11,0,1,0,1,146,98,48
REEVES COUNTY,389,49 Years,263,198,65,71,59,12,24,23,1,2,2,0,166,114,52
REEVES COUNTY,389,50 Years,153,75,78,26,10,16,2,1,1,3,1,2,122,63,59
REEVES COUNTY,389,51 Years,203,122,81,50,32,18,12,10,2,4,3,1,137,77,60
REEVES COUNTY,389,52 Years,217,143,74,43,33,10,8,8,0,4,1,3,162,101,61
REEVES COUNTY,389,53 Years,180,95,85,34,20,14,7,7,0,2,0,2,137,68,69
REEVES COUNTY,389,54 Years,139,68,71,28,18,10,2,1,1,1,0,1,108,49,59
REEVES COUNTY,389,55 Years,146,71,75,24,11,13,2,1,1,4,3,1,116,56,60
REEVES COUNTY,389,56 Years,177,116,61,41,26,15,7,5,2,4,3,1,125,82,43
REEVES COUNTY,389,57 Years,143,74,69,36,24,12,3,1,2,3,2,1,101,47,54
REEVES COUNTY,389,58 Years,153,87,66,34,20,14,7,5,2,3,2,1,109,60,49
REEVES COUNTY,389,59 Years,166,96,70,35,20,15,8,5,3,4,2,2,119,69,50
REEVES COUNTY,389,60 Years,169,94,75,36,22,14,5,3,2,3,1,2,125,68,57
REEVES COUNTY,389,61 Years,145,70,75,39,23,16,5,2,3,2,1,1,99,44,55
REEVES COUNTY,389,62 Years,137,66,71,32,19,13,6,4,2,0,0,0,99,43,56
REEVES COUNTY,389,63 Years,124,60,64,27,11,16,2,0,2,0,0,0,95,49,46
REEVES COUNTY,389,64 Years,117,59,58,27,14,13,0,0,0,1,1,0,89,44,45
REEVES COUNTY,389,65 Years,115,57,58,24,12,12,2,2,0,2,1,1,87,42,45
REEVES COUNTY,389,66 Years,126,58,68,25,15,10,3,1,2,2,1,1,96,41,55
REEVES COUNTY,389,67 Years,121,63,58,24,14,10,3,3,0,0,0,0,94,46,48
REEVES COUNTY,389,68 Years,108,48,60,22,11,11,0,0,0,2,0,2,84,37,47
REEVES COUNTY,389,69 Years,106,43,63,27,10,17,2,1,1,0,0,0,77,32,45
REEVES COUNTY,389,70 Years,96,40,56,23,11,12,1,0,1,0,0,0,72,29,43
REEVES COUNTY,389,71 Years,81,35,46,20,9,11,0,0,0,0,0,0,61,26,35
REEVES COUNTY,389,72 Years,98,48,50,26,13,13,0,0,0,3,0,3,69,35,34
REEVES COUNTY,389,73 Years,90,43,47,21,10,11,0,0,0,2,0,2,67,33,34
REEVES COUNTY,389,74 Years,70,32,38,23,10,13,1,0,1,0,0,0,46,22,24
REEVES COUNTY,389,75 Years,89,36,53,27,10,17,1,0,1,0,0,0,61,26,35
REEVES COUNTY,389,76 Years,83,35,48,22,9,13,1,0,1,3,0,3,57,26,31
REEVES COUNTY,389,77 Years,64,28,36,23,11,12,0,0,0,1,0,1,40,17,23
REEVES COUNTY,389,78 Years,69,28,41,20,7,13,0,0,0,1,1,0,48,20,28
REEVES COUNTY,389,79 Years,63,28,35,21,8,13,2,1,1,0,0,0,40,19,21
REEVES COUNTY,389,80 Years,66,29,37,19,8,11,1,0,1,0,0,0,46,21,25
REEVES COUNTY,389,81 Years,57,24,33,15,5,10,2,0,2,0,0,0,40,19,21
REEVES COUNTY,389,82 Years,58,23,35,13,5,8,2,0,2,1,0,1,42,18,24
REEVES COUNTY,389,83 Years,56,28,28,13,6,7,2,1,1,0,0,0,41,21,20
REEVES COUNTY,389,84 Years,48,21,27,12,5,7,0,0,0,1,0,1,35,16,19
REEVES COUNTY,389,85 Years +,241,96,145,68,27,41,9,3,6,1,0,1,163,66,97
REFUGIO COUNTY,391,All Ages,7375,3694,3681,3124,1563,1561,430,228,202,130,75,55,3691,1828,1863
REFUGIO COUNTY,391,< 1 Year,98,51,47,31,15,16,2,1,1,4,2,2,61,33,28
REFUGIO COUNTY,391,1 Years,101,50,51,40,20,20,2,1,1,3,2,1,56,27,29
REFUGIO COUNTY,391,2 Years,94,48,46,37,19,18,2,1,1,3,2,1,52,26,26
REFUGIO COUNTY,391,3 Years,91,43,48,36,18,18,2,1,1,0,0,0,53,24,29
REFUGIO COUNTY,391,4 Years,90,43,47,32,15,17,2,1,1,0,0,0,56,27,29
REFUGIO COUNTY,391,5 Years,96,46,50,37,18,19,1,1,0,0,0,0,58,27,31
REFUGIO COUNTY,391,6 Years,85,42,43,29,12,17,2,1,1,2,1,1,52,28,24
REFUGIO COUNTY,391,7 Years,66,34,32,17,10,7,3,3,0,1,0,1,45,21,24
REFUGIO COUNTY,391,8 Years,92,41,51,23,9,14,6,4,2,2,0,2,61,28,33
REFUGIO COUNTY,391,9 Years,103,53,50,31,17,14,4,2,2,4,3,1,64,31,33
REFUGIO COUNTY,391,10 Years,90,47,43,27,13,14,5,3,2,2,2,0,56,29,27
REFUGIO COUNTY,391,11 Years,88,42,46,32,17,15,6,4,2,2,2,0,48,19,29
REFUGIO COUNTY,391,12 Years,88,45,43,30,17,13,5,4,1,4,2,2,49,22,27
REFUGIO COUNTY,391,13 Years,85,44,41,26,14,12,3,2,1,3,2,1,53,26,27
REFUGIO COUNTY,391,14 Years,84,43,41,28,16,12,4,3,1,2,0,2,50,24,26
REFUGIO COUNTY,391,15 Years,119,57,62,40,19,21,2,2,0,3,1,2,74,35,39
REFUGIO COUNTY,391,16 Years,103,43,60,28,13,15,3,1,2,1,0,1,71,29,42
REFUGIO COUNTY,391,17 Years,102,53,49,29,17,12,7,3,4,1,1,0,65,32,33
REFUGIO COUNTY,391,18 Years,95,53,42,34,19,15,9,6,3,1,0,1,51,28,23
REFUGIO COUNTY,391,19 Years,90,53,37,33,16,17,9,5,4,1,1,0,47,31,16
REFUGIO COUNTY,391,20 Years,90,52,38,30,17,13,8,4,4,2,2,0,50,29,21
REFUGIO COUNTY,391,21 Years,95,52,43,34,20,14,7,4,3,2,2,0,52,26,26
REFUGIO COUNTY,391,22 Years,94,52,42,35,19,16,10,5,5,2,1,1,47,27,20
REFUGIO COUNTY,391,23 Years,117,62,55,41,20,21,7,3,4,3,2,1,66,37,29
REFUGIO COUNTY,391,24 Years,115,61,54,46,23,23,5,3,2,1,1,0,63,34,29
REFUGIO COUNTY,391,25 Years,97,59,38,31,17,14,7,4,3,0,0,0,59,38,21
REFUGIO COUNTY,391,26 Years,106,58,48,35,18,17,7,6,1,3,2,1,61,32,29
REFUGIO COUNTY,391,27 Years,76,38,38,26,14,12,7,4,3,2,2,0,41,18,23
REFUGIO COUNTY,391,28 Years,63,35,28,18,13,5,6,3,3,2,1,1,37,18,19
REFUGIO COUNTY,391,29 Years,73,46,27,32,20,12,7,3,4,0,0,0,34,23,11
REFUGIO COUNTY,391,30 Years,62,27,35,27,14,13,4,1,3,1,1,0,30,11,19
REFUGIO COUNTY,391,31 Years,53,27,26,16,9,7,2,1,1,1,1,0,34,16,18
REFUGIO COUNTY,391,32 Years,56,28,28,19,12,7,4,3,1,1,1,0,32,12,20
REFUGIO COUNTY,391,33 Years,71,40,31,23,13,10,3,3,0,1,1,0,44,23,21
REFUGIO COUNTY,391,34 Years,67,34,33,23,13,10,4,3,1,1,1,0,39,17,22
REFUGIO COUNTY,391,35 Years,70,35,35,20,10,10,7,4,3,1,0,1,42,21,21
REFUGIO COUNTY,391,36 Years,64,31,33,20,10,10,3,2,1,1,1,0,40,18,22
REFUGIO COUNTY,391,37 Years,65,34,31,23,11,12,5,2,3,2,1,1,35,20,15
REFUGIO COUNTY,391,38 Years,70,33,37,28,11,17,6,2,4,1,1,0,35,19,16
REFUGIO COUNTY,391,39 Years,51,23,28,21,11,10,2,0,2,0,0,0,28,12,16
REFUGIO COUNTY,391,40 Years,55,27,28,24,14,10,4,3,1,0,0,0,27,10,17
REFUGIO COUNTY,391,41 Years,60,27,33,21,10,11,4,1,3,2,1,1,33,15,18
REFUGIO COUNTY,391,42 Years,73,30,43,28,11,17,6,2,4,1,1,0,38,16,22
REFUGIO COUNTY,391,43 Years,89,48,41,38,19,19,5,3,2,1,0,1,45,26,19
REFUGIO COUNTY,391,44 Years,76,38,38,29,15,14,3,2,1,1,0,1,43,21,22
REFUGIO COUNTY,391,45 Years,89,45,44,40,22,18,4,2,2,1,0,1,44,21,23
REFUGIO COUNTY,391,46 Years,87,47,40,36,22,14,4,2,2,2,1,1,45,22,23
REFUGIO COUNTY,391,47 Years,89,42,47,33,15,18,3,2,1,3,1,2,50,24,26
REFUGIO COUNTY,391,48 Years,89,39,50,37,18,19,4,2,2,2,1,1,46,18,28
REFUGIO COUNTY,391,49 Years,92,40,52,42,19,23,3,2,1,1,0,1,46,19,27
REFUGIO COUNTY,391,50 Years,85,44,41,38,18,20,4,3,1,2,2,0,41,21,20
REFUGIO COUNTY,391,51 Years,93,47,46,39,20,19,8,6,2,1,0,1,45,21,24
REFUGIO COUNTY,391,52 Years,101,51,50,47,25,22,7,5,2,0,0,0,47,21,26
REFUGIO COUNTY,391,53 Years,106,56,50,51,28,23,7,4,3,3,2,1,45,22,23
REFUGIO COUNTY,391,54 Years,107,54,53,52,25,27,6,2,4,2,1,1,47,26,21
REFUGIO COUNTY,391,55 Years,105,57,48,53,27,26,6,3,3,3,3,0,43,24,19
REFUGIO COUNTY,391,56 Years,105,60,45,49,29,20,11,4,7,4,3,1,41,24,17
REFUGIO COUNTY,391,57 Years,104,56,48,48,26,22,7,4,3,2,1,1,47,25,22
REFUGIO COUNTY,391,58 Years,107,53,54,52,26,26,7,4,3,2,1,1,46,22,24
REFUGIO COUNTY,391,59 Years,108,57,51,64,32,32,5,3,2,1,1,0,38,21,17
REFUGIO COUNTY,391,60 Years,117,59,58,60,29,31,5,2,3,3,1,2,49,27,22
REFUGIO COUNTY,391,61 Years,116,63,53,56,31,25,7,4,3,2,2,0,51,26,25
REFUGIO COUNTY,391,62 Years,100,51,49,52,24,28,8,5,3,1,1,0,39,21,18
REFUGIO COUNTY,391,63 Years,100,61,39,54,32,22,6,4,2,2,2,0,38,23,15
REFUGIO COUNTY,391,64 Years,92,50,42,43,23,20,5,4,1,2,1,1,42,22,20
REFUGIO COUNTY,391,65 Years,84,43,41,41,18,23,4,4,0,1,0,1,38,21,17
REFUGIO COUNTY,391,66 Years,87,42,45,47,21,26,2,1,1,1,0,1,37,20,17
REFUGIO COUNTY,391,67 Years,89,46,43,51,25,26,5,2,3,1,1,0,32,18,14
REFUGIO COUNTY,391,68 Years,109,47,62,58,25,33,7,1,6,3,0,3,41,21,20
REFUGIO COUNTY,391,69 Years,91,36,55,47,16,31,7,3,4,1,0,1,36,17,19
REFUGIO COUNTY,391,70 Years,92,40,52,45,21,24,5,1,4,1,0,1,41,18,23
REFUGIO COUNTY,391,71 Years,85,38,47,39,21,18,9,3,6,1,0,1,36,14,22
REFUGIO COUNTY,391,72 Years,90,46,44,47,20,27,8,5,3,3,2,1,32,19,13
REFUGIO COUNTY,391,73 Years,79,35,44,48,20,28,6,2,4,1,1,0,24,12,12
REFUGIO COUNTY,391,74 Years,67,29,38,34,17,17,5,2,3,1,0,1,27,10,17
REFUGIO COUNTY,391,75 Years,67,31,36,33,16,17,5,2,3,1,0,1,28,13,15
REFUGIO COUNTY,391,76 Years,63,31,32,37,18,19,4,3,1,0,0,0,22,10,12
REFUGIO COUNTY,391,77 Years,72,36,36,42,23,19,2,1,1,1,0,1,27,12,15
REFUGIO COUNTY,391,78 Years,61,30,31,35,18,17,3,0,3,0,0,0,23,12,11
REFUGIO COUNTY,391,79 Years,64,35,29,38,24,14,2,0,2,0,0,0,24,11,13
REFUGIO COUNTY,391,80 Years,58,32,26,34,21,13,2,1,1,0,0,0,22,10,12
REFUGIO COUNTY,391,81 Years,54,23,31,31,13,18,2,0,2,1,1,0,20,9,11
REFUGIO COUNTY,391,82 Years,40,16,24,20,8,12,2,1,1,1,0,1,17,7,10
REFUGIO COUNTY,391,83 Years,37,16,21,16,6,10,4,2,2,1,1,0,16,7,9
REFUGIO COUNTY,391,84 Years,36,10,26,20,5,15,2,0,2,0,0,0,14,5,9
REFUGIO COUNTY,391,85 Years +,190,72,118,107,38,69,15,7,8,1,1,0,67,26,41
ROBERTS COUNTY,393,All Ages,924,473,451,834,426,408,0,0,0,11,5,6,79,42,37
ROBERTS COUNTY,393,< 1 Year,13,7,6,11,6,5,0,0,0,0,0,0,2,1,1
ROBERTS COUNTY,393,1 Years,12,4,8,10,4,6,0,0,0,0,0,0,2,0,2
ROBERTS COUNTY,393,2 Years,9,3,6,8,3,5,0,0,0,0,0,0,1,0,1
ROBERTS COUNTY,393,3 Years,11,5,6,11,5,6,0,0,0,0,0,0,0,0,0
ROBERTS COUNTY,393,4 Years,11,8,3,11,8,3,0,0,0,0,0,0,0,0,0
ROBERTS COUNTY,393,5 Years,13,9,4,13,9,4,0,0,0,0,0,0,0,0,0
ROBERTS COUNTY,393,6 Years,13,7,6,12,6,6,0,0,0,0,0,0,1,1,0
ROBERTS COUNTY,393,7 Years,9,5,4,8,4,4,0,0,0,0,0,0,1,1,0
ROBERTS COUNTY,393,8 Years,17,12,5,13,9,4,0,0,0,0,0,0,4,3,1
ROBERTS COUNTY,393,9 Years,24,15,9,21,13,8,0,0,0,0,0,0,3,2,1
ROBERTS COUNTY,393,10 Years,13,8,5,10,7,3,0,0,0,0,0,0,3,1,2
ROBERTS COUNTY,393,11 Years,11,5,6,9,4,5,0,0,0,0,0,0,2,1,1
ROBERTS COUNTY,393,12 Years,10,5,5,9,4,5,0,0,0,0,0,0,1,1,0
ROBERTS COUNTY,393,13 Years,7,4,3,7,4,3,0,0,0,0,0,0,0,0,0
ROBERTS COUNTY,393,14 Years,9,5,4,9,5,4,0,0,0,0,0,0,0,0,0
ROBERTS COUNTY,393,15 Years,16,9,7,15,8,7,0,0,0,0,0,0,1,1,0
ROBERTS COUNTY,393,16 Years,15,9,6,14,9,5,0,0,0,0,0,0,1,0,1
ROBERTS COUNTY,393,17 Years,14,8,6,12,7,5,0,0,0,0,0,0,2,1,1
ROBERTS COUNTY,393,18 Years,17,9,8,15,8,7,0,0,0,0,0,0,2,1,1
ROBERTS COUNTY,393,19 Years,12,6,6,12,6,6,0,0,0,0,0,0,0,0,0
ROBERTS COUNTY,393,20 Years,10,5,5,10,5,5,0,0,0,0,0,0,0,0,0
ROBERTS COUNTY,393,21 Years,7,2,5,6,2,4,0,0,0,0,0,0,1,0,1
ROBERTS COUNTY,393,22 Years,8,3,5,7,3,4,0,0,0,0,0,0,1,0,1
ROBERTS COUNTY,393,23 Years,9,4,5,6,2,4,0,0,0,1,1,0,2,1,1
ROBERTS COUNTY,393,24 Years,12,4,8,10,3,7,0,0,0,0,0,0,2,1,1
ROBERTS COUNTY,393,25 Years,4,2,2,3,1,2,0,0,0,0,0,0,1,1,0
ROBERTS COUNTY,393,26 Years,8,5,3,8,5,3,0,0,0,0,0,0,0,0,0
ROBERTS COUNTY,393,27 Years,12,5,7,10,5,5,0,0,0,0,0,0,2,0,2
ROBERTS COUNTY,393,28 Years,7,4,3,6,4,2,0,0,0,0,0,0,1,0,1
ROBERTS COUNTY,393,29 Years,10,5,5,9,4,5,0,0,0,0,0,0,1,1,0
ROBERTS COUNTY,393,30 Years,7,2,5,4,1,3,0,0,0,0,0,0,3,1,2
ROBERTS COUNTY,393,31 Years,10,3,7,7,3,4,0,0,0,1,0,1,2,0,2
ROBERTS COUNTY,393,32 Years,10,4,6,8,4,4,0,0,0,1,0,1,1,0,1
ROBERTS COUNTY,393,33 Years,10,5,5,10,5,5,0,0,0,0,0,0,0,0,0
ROBERTS COUNTY,393,34 Years,11,5,6,9,4,5,0,0,0,0,0,0,2,1,1
ROBERTS COUNTY,393,35 Years,15,7,8,12,4,8,0,0,0,1,1,0,2,2,0
ROBERTS COUNTY,393,36 Years,9,4,5,9,4,5,0,0,0,0,0,0,0,0,0
ROBERTS COUNTY,393,37 Years,11,8,3,10,7,3,0,0,0,0,0,0,1,1,0
ROBERTS COUNTY,393,38 Years,10,7,3,10,7,3,0,0,0,0,0,0,0,0,0
ROBERTS COUNTY,393,39 Years,7,5,2,7,5,2,0,0,0,0,0,0,0,0,0
ROBERTS COUNTY,393,40 Years,6,2,4,6,2,4,0,0,0,0,0,0,0,0,0
ROBERTS COUNTY,393,41 Years,7,2,5,6,1,5,0,0,0,0,0,0,1,1,0
ROBERTS COUNTY,393,42 Years,4,2,2,3,1,2,0,0,0,0,0,0,1,1,0
ROBERTS COUNTY,393,43 Years,7,4,3,6,3,3,0,0,0,0,0,0,1,1,0
ROBERTS COUNTY,393,44 Years,7,3,4,6,3,3,0,0,0,0,0,0,1,0,1
ROBERTS COUNTY,393,45 Years,9,3,6,8,3,5,0,0,0,0,0,0,1,0,1
ROBERTS COUNTY,393,46 Years,12,5,7,11,4,7,0,0,0,0,0,0,1,1,0
ROBERTS COUNTY,393,47 Years,14,5,9,11,3,8,0,0,0,0,0,0,3,2,1
ROBERTS COUNTY,393,48 Years,11,6,5,9,5,4,0,0,0,0,0,0,2,1,1
ROBERTS COUNTY,393,49 Years,14,9,5,14,9,5,0,0,0,0,0,0,0,0,0
ROBERTS COUNTY,393,50 Years,11,8,3,11,8,3,0,0,0,0,0,0,0,0,0
ROBERTS COUNTY,393,51 Years,11,8,3,10,7,3,0,0,0,0,0,0,1,1,0
ROBERTS COUNTY,393,52 Years,14,5,9,12,5,7,0,0,0,0,0,0,2,0,2
ROBERTS COUNTY,393,53 Years,12,6,6,11,6,5,0,0,0,0,0,0,1,0,1
ROBERTS COUNTY,393,54 Years,15,9,6,14,8,6,0,0,0,0,0,0,1,1,0
ROBERTS COUNTY,393,55 Years,13,9,4,11,7,4,0,0,0,0,0,0,2,2,0
ROBERTS COUNTY,393,56 Years,16,6,10,14,6,8,0,0,0,0,0,0,2,0,2
ROBERTS COUNTY,393,57 Years,16,8,8,15,8,7,0,0,0,1,0,1,0,0,0
ROBERTS COUNTY,393,58 Years,11,6,5,11,6,5,0,0,0,0,0,0,0,0,0
ROBERTS COUNTY,393,59 Years,13,5,8,13,5,8,0,0,0,0,0,0,0,0,0
ROBERTS COUNTY,393,60 Years,9,4,5,9,4,5,0,0,0,0,0,0,0,0,0
ROBERTS COUNTY,393,61 Years,12,6,6,11,5,6,0,0,0,0,0,0,1,1,0
ROBERTS COUNTY,393,62 Years,15,6,9,14,6,8,0,0,0,0,0,0,1,0,1
ROBERTS COUNTY,393,63 Years,14,8,6,12,7,5,0,0,0,2,1,1,0,0,0
ROBERTS COUNTY,393,64 Years,13,7,6,11,6,5,0,0,0,0,0,0,2,1,1
ROBERTS COUNTY,393,65 Years,11,6,5,10,5,5,0,0,0,0,0,0,1,1,0
ROBERTS COUNTY,393,66 Years,11,7,4,9,5,4,0,0,0,2,2,0,0,0,0
ROBERTS COUNTY,393,67 Years,9,5,4,8,5,3,0,0,0,0,0,0,1,0,1
ROBERTS COUNTY,393,68 Years,13,7,6,13,7,6,0,0,0,0,0,0,0,0,0
ROBERTS COUNTY,393,69 Years,14,9,5,13,8,5,0,0,0,0,0,0,1,1,0
ROBERTS COUNTY,393,70 Years,9,4,5,9,4,5,0,0,0,0,0,0,0,0,0
ROBERTS COUNTY,393,71 Years,12,6,6,11,5,6,0,0,0,0,0,0,1,1,0
ROBERTS COUNTY,393,72 Years,16,8,8,15,7,8,0,0,0,0,0,0,1,1,0
ROBERTS COUNTY,393,73 Years,11,5,6,11,5,6,0,0,0,0,0,0,0,0,0
ROBERTS COUNTY,393,74 Years,10,6,4,9,5,4,0,0,0,0,0,0,1,1,0
ROBERTS COUNTY,393,75 Years,10,7,3,9,6,3,0,0,0,0,0,0,1,1,0
ROBERTS COUNTY,393,76 Years,6,2,4,5,2,3,0,0,0,1,0,1,0,0,0
ROBERTS COUNTY,393,77 Years,5,1,4,5,1,4,0,0,0,0,0,0,0,0,0
ROBERTS COUNTY,393,78 Years,10,5,5,10,5,5,0,0,0,0,0,0,0,0,0
ROBERTS COUNTY,393,79 Years,6,2,4,6,2,4,0,0,0,0,0,0,0,0,0
ROBERTS COUNTY,393,80 Years,5,3,2,5,3,2,0,0,0,0,0,0,0,0,0
ROBERTS COUNTY,393,81 Years,7,5,2,7,5,2,0,0,0,0,0,0,0,0,0
ROBERTS COUNTY,393,82 Years,5,3,2,5,3,2,0,0,0,0,0,0,0,0,0
ROBERTS COUNTY,393,83 Years,3,1,2,2,1,1,0,0,0,1,0,1,0,0,0
ROBERTS COUNTY,393,84 Years,2,2,0,2,2,0,0,0,0,0,0,0,0,0,0
ROBERTS COUNTY,393,85 Years +,20,5,15,20,5,15,0,0,0,0,0,0,0,0,0
ROBERTSON COUNTY,395,All Ages,17518,8713,8805,9796,4893,4903,3691,1743,1948,328,172,156,3703,1905,1798
ROBERTSON COUNTY,395,< 1 Year,200,104,96,86,43,43,41,20,21,4,3,1,69,38,31
ROBERTSON COUNTY,395,1 Years,207,107,100,91,45,46,42,22,20,3,2,1,71,38,33
ROBERTSON COUNTY,395,2 Years,210,106,104,90,47,43,46,23,23,3,1,2,71,35,36
ROBERTSON COUNTY,395,3 Years,207,103,104,86,41,45,44,23,21,4,2,2,73,37,36
ROBERTSON COUNTY,395,4 Years,201,103,98,83,39,44,47,25,22,4,3,1,67,36,31
ROBERTSON COUNTY,395,5 Years,207,106,101,81,39,42,43,23,20,6,5,1,77,39,38
ROBERTSON COUNTY,395,6 Years,227,117,110,91,48,43,46,24,22,9,7,2,81,38,43
ROBERTSON COUNTY,395,7 Years,221,109,112,89,43,46,45,21,24,11,9,2,76,36,40
ROBERTSON COUNTY,395,8 Years,251,128,123,108,61,47,52,22,30,11,6,5,80,39,41
ROBERTSON COUNTY,395,9 Years,245,120,125,116,56,60,50,23,27,5,3,2,74,38,36
ROBERTSON COUNTY,395,10 Years,249,134,115,112,63,49,51,24,27,4,3,1,82,44,38
ROBERTSON COUNTY,395,11 Years,226,120,106,96,52,44,49,27,22,7,2,5,74,39,35
ROBERTSON COUNTY,395,12 Years,219,113,106,96,56,40,50,24,26,4,1,3,69,32,37
ROBERTSON COUNTY,395,13 Years,218,113,105,94,56,38,47,20,27,3,1,2,74,36,38
ROBERTSON COUNTY,395,14 Years,221,109,112,92,47,45,55,27,28,3,0,3,71,35,36
ROBERTSON COUNTY,395,15 Years,255,127,128,114,54,60,61,34,27,10,5,5,70,34,36
ROBERTSON COUNTY,395,16 Years,270,146,124,131,71,60,57,31,26,9,5,4,73,39,34
ROBERTSON COUNTY,395,17 Years,243,135,108,114,66,48,56,31,25,6,2,4,67,36,31
ROBERTSON COUNTY,395,18 Years,234,118,116,100,54,46,58,29,29,8,3,5,68,32,36
ROBERTSON COUNTY,395,19 Years,217,115,102,98,58,40,54,29,25,5,1,4,60,27,33
ROBERTSON COUNTY,395,20 Years,208,118,90,96,59,37,55,29,26,4,3,1,53,27,26
ROBERTSON COUNTY,395,21 Years,221,128,93,91,54,37,64,37,27,7,5,2,59,32,27
ROBERTSON COUNTY,395,22 Years,237,127,110,100,54,46,71,38,33,8,4,4,58,31,27
ROBERTSON COUNTY,395,23 Years,236,120,116,110,60,50,65,27,38,5,3,2,56,30,26
ROBERTSON COUNTY,395,24 Years,231,120,111,106,59,47,68,35,33,4,3,1,53,23,30
ROBERTSON COUNTY,395,25 Years,210,108,102,97,49,48,57,28,29,3,2,1,53,29,24
ROBERTSON COUNTY,395,26 Years,205,98,107,81,43,38,62,25,37,2,2,0,60,28,32
ROBERTSON COUNTY,395,27 Years,185,91,94,81,43,38,55,22,33,3,2,1,46,24,22
ROBERTSON COUNTY,395,28 Years,178,86,92,82,38,44,40,16,24,2,1,1,54,31,23
ROBERTSON COUNTY,395,29 Years,171,89,82,76,41,35,45,23,22,3,3,0,47,22,25
ROBERTSON COUNTY,395,30 Years,174,80,94,82,42,40,42,19,23,4,2,2,46,17,29
ROBERTSON COUNTY,395,31 Years,200,99,101,94,49,45,40,20,20,5,1,4,61,29,32
ROBERTSON COUNTY,395,32 Years,193,94,99,88,47,41,38,20,18,2,0,2,65,27,38
ROBERTSON COUNTY,395,33 Years,203,94,109,91,43,48,45,23,22,1,0,1,66,28,38
ROBERTSON COUNTY,395,34 Years,195,101,94,108,54,54,33,20,13,3,2,1,51,25,26
ROBERTSON COUNTY,395,35 Years,184,101,83,100,55,45,32,18,14,3,2,1,49,26,23
ROBERTSON COUNTY,395,36 Years,213,117,96,115,64,51,40,19,21,3,1,2,55,33,22
ROBERTSON COUNTY,395,37 Years,201,110,91,105,59,46,34,18,16,4,1,3,58,32,26
ROBERTSON COUNTY,395,38 Years,197,97,100,104,51,53,40,18,22,3,2,1,50,26,24
ROBERTSON COUNTY,395,39 Years,186,94,92,99,51,48,35,17,18,4,2,2,48,24,24
ROBERTSON COUNTY,395,40 Years,175,86,89,85,41,44,41,20,21,3,1,2,46,24,22
ROBERTSON COUNTY,395,41 Years,188,83,105,93,39,54,51,23,28,2,1,1,42,20,22
ROBERTSON COUNTY,395,42 Years,169,82,87,86,44,42,37,14,23,3,2,1,43,22,21
ROBERTSON COUNTY,395,43 Years,175,89,86,98,55,43,34,11,23,2,2,0,41,21,20
ROBERTSON COUNTY,395,44 Years,198,96,102,119,55,64,37,17,20,3,2,1,39,22,17
ROBERTSON COUNTY,395,45 Years,213,91,122,127,52,75,40,14,26,4,2,2,42,23,19
ROBERTSON COUNTY,395,46 Years,203,97,106,120,61,59,41,11,30,6,3,3,36,22,14
ROBERTSON COUNTY,395,47 Years,211,98,113,124,62,62,47,18,29,3,1,2,37,17,20
ROBERTSON COUNTY,395,48 Years,224,101,123,132,60,72,46,21,25,4,1,3,42,19,23
ROBERTSON COUNTY,395,49 Years,229,110,119,128,54,74,55,31,24,4,2,2,42,23,19
ROBERTSON COUNTY,395,50 Years,233,115,118,140,63,77,50,29,21,4,2,2,39,21,18
ROBERTSON COUNTY,395,51 Years,232,124,108,140,75,65,49,27,22,3,2,1,40,20,20
ROBERTSON COUNTY,395,52 Years,237,130,107,149,79,70,49,29,20,5,3,2,34,19,15
ROBERTSON COUNTY,395,53 Years,235,128,107,158,82,76,50,31,19,2,1,1,25,14,11
ROBERTSON COUNTY,395,54 Years,238,115,123,152,72,80,50,21,29,4,2,2,32,20,12
ROBERTSON COUNTY,395,55 Years,230,121,109,138,71,67,49,22,27,6,2,4,37,26,11
ROBERTSON COUNTY,395,56 Years,263,139,124,159,85,74,60,26,34,5,2,3,39,26,13
ROBERTSON COUNTY,395,57 Years,265,128,137,177,84,93,52,23,29,4,2,2,32,19,13
ROBERTSON COUNTY,395,58 Years,261,124,137,164,78,86,63,28,35,6,2,4,28,16,12
ROBERTSON COUNTY,395,59 Years,268,135,133,170,89,81,65,30,35,5,1,4,28,15,13
ROBERTSON COUNTY,395,60 Years,250,131,119,164,86,78,53,26,27,7,5,2,26,14,12
ROBERTSON COUNTY,395,61 Years,245,118,127,172,83,89,43,18,25,7,5,2,23,12,11
ROBERTSON COUNTY,395,62 Years,262,131,131,179,88,91,45,20,25,5,2,3,33,21,12
ROBERTSON COUNTY,395,63 Years,244,113,131,165,74,91,46,20,26,4,2,2,29,17,12
ROBERTSON COUNTY,395,64 Years,208,103,105,142,67,75,43,24,19,3,1,2,20,11,9
ROBERTSON COUNTY,395,65 Years,213,107,106,150,70,80,42,24,18,2,0,2,19,13,6
ROBERTSON COUNTY,395,66 Years,218,106,112,151,73,78,42,19,23,3,1,2,22,13,9
ROBERTSON COUNTY,395,67 Years,226,106,120,160,75,85,41,18,23,1,0,1,24,13,11
ROBERTSON COUNTY,395,68 Years,217,110,107,156,82,74,39,16,23,3,3,0,19,9,10
ROBERTSON COUNTY,395,69 Years,215,111,104,157,84,73,37,15,22,2,2,0,19,10,9
ROBERTSON COUNTY,395,70 Years,181,92,89,126,66,60,35,14,21,2,2,0,18,10,8
ROBERTSON COUNTY,395,71 Years,146,65,81,110,52,58,20,5,15,2,1,1,14,7,7
ROBERTSON COUNTY,395,72 Years,164,79,85,124,65,59,27,9,18,0,0,0,13,5,8
ROBERTSON COUNTY,395,73 Years,160,70,90,119,55,64,26,10,16,2,0,2,13,5,8
ROBERTSON COUNTY,395,74 Years,159,72,87,114,51,63,26,11,15,1,0,1,18,10,8
ROBERTSON COUNTY,395,75 Years,138,60,78,106,45,61,19,7,12,3,2,1,10,6,4
ROBERTSON COUNTY,395,76 Years,129,53,76,103,44,59,18,8,10,1,0,1,7,1,6
ROBERTSON COUNTY,395,77 Years,128,60,68,102,47,55,19,8,11,0,0,0,7,5,2
ROBERTSON COUNTY,395,78 Years,120,59,61,87,42,45,19,8,11,2,1,1,12,8,4
ROBERTSON COUNTY,395,79 Years,114,58,56,84,44,40,14,7,7,0,0,0,16,7,9
ROBERTSON COUNTY,395,80 Years,102,42,60,78,34,44,12,3,9,1,1,0,11,4,7
ROBERTSON COUNTY,395,81 Years,83,34,49,65,27,38,13,4,9,1,1,0,4,2,2
ROBERTSON COUNTY,395,82 Years,78,37,41,59,31,28,15,5,10,0,0,0,4,1,3
ROBERTSON COUNTY,395,83 Years,79,37,42,59,29,30,9,4,5,2,1,1,9,3,6
ROBERTSON COUNTY,395,84 Years,61,25,36,48,18,30,9,5,4,0,0,0,4,2,2
ROBERTSON COUNTY,395,85 Years +,375,137,238,283,106,177,58,15,43,4,1,3,30,15,15
ROCKWALL COUNTY,397,All Ages,93991,46013,47978,66148,32260,33888,5878,2854,3024,4914,2358,2556,17051,8541,8510
ROCKWALL COUNTY,397,< 1 Year,936,470,466,561,285,276,66,34,32,68,36,32,241,115,126
ROCKWALL COUNTY,397,1 Years,920,473,447,559,291,268,59,28,31,64,35,29,238,119,119
ROCKWALL COUNTY,397,2 Years,916,472,444,561,291,270,48,21,27,61,36,25,246,124,122
ROCKWALL COUNTY,397,3 Years,918,464,454,556,287,269,45,22,23,63,35,28,254,120,134
ROCKWALL COUNTY,397,4 Years,939,474,465,572,290,282,46,23,23,66,38,28,255,123,132
ROCKWALL COUNTY,397,5 Years,982,495,487,593,302,291,47,25,22,72,38,34,270,130,140
ROCKWALL COUNTY,397,6 Years,1077,537,540,672,336,336,60,32,28,75,37,38,270,132,138
ROCKWALL COUNTY,397,7 Years,1271,648,623,820,426,394,69,31,38,95,54,41,287,137,150
ROCKWALL COUNTY,397,8 Years,1415,719,696,918,477,441,75,37,38,104,55,49,318,150,168
ROCKWALL COUNTY,397,9 Years,1489,752,737,958,490,468,80,43,37,106,52,54,345,167,178
ROCKWALL COUNTY,397,10 Years,1537,786,751,993,513,480,91,47,44,99,50,49,354,176,178
ROCKWALL COUNTY,397,11 Years,1590,796,794,1024,517,507,100,44,56,100,48,52,366,187,179
ROCKWALL COUNTY,397,12 Years,1670,844,826,1075,539,536,108,49,59,108,52,56,379,204,175
ROCKWALL COUNTY,397,13 Years,1700,858,842,1096,541,555,118,58,60,107,56,51,379,203,176
ROCKWALL COUNTY,397,14 Years,1786,920,866,1143,572,571,124,64,60,112,64,48,407,220,187
ROCKWALL COUNTY,397,15 Years,1883,952,931,1226,610,616,118,60,58,118,60,58,421,222,199
ROCKWALL COUNTY,397,16 Years,1918,945,973,1253,606,647,115,55,60,114,58,56,436,226,210
ROCKWALL COUNTY,397,17 Years,1902,930,972,1236,592,644,115,57,58,119,55,64,432,226,206
ROCKWALL COUNTY,397,18 Years,1775,900,875,1133,574,559,121,66,55,111,51,60,410,209,201
ROCKWALL COUNTY,397,19 Years,1528,778,750,943,480,463,127,65,62,89,43,46,369,190,179
ROCKWALL COUNTY,397,20 Years,1474,751,723,877,444,433,136,68,68,94,50,44,367,189,178
ROCKWALL COUNTY,397,21 Years,1396,720,676,800,403,397,135,68,67,85,50,35,376,199,177
ROCKWALL COUNTY,397,22 Years,1257,656,601,718,363,355,125,65,60,78,47,31,336,181,155
ROCKWALL COUNTY,397,23 Years,1228,626,602,722,360,362,120,62,58,79,45,34,307,159,148
ROCKWALL COUNTY,397,24 Years,1110,588,522,666,357,309,91,46,45,78,37,41,275,148,127
ROCKWALL COUNTY,397,25 Years,864,457,407,484,246,238,80,43,37,54,27,27,246,141,105
ROCKWALL COUNTY,397,26 Years,805,432,373,458,253,205,76,36,40,50,28,22,221,115,106
ROCKWALL COUNTY,397,27 Years,724,391,333,433,234,199,54,27,27,47,27,20,190,103,87
ROCKWALL COUNTY,397,28 Years,666,357,309,400,215,185,44,23,21,45,22,23,177,97,80
ROCKWALL COUNTY,397,29 Years,687,359,328,434,223,211,39,22,17,39,16,23,175,98,77
ROCKWALL COUNTY,397,30 Years,748,369,379,485,229,256,33,17,16,41,19,22,189,104,85
ROCKWALL COUNTY,397,31 Years,833,415,418,562,277,285,42,20,22,39,20,19,190,98,92
ROCKWALL COUNTY,397,32 Years,904,448,456,611,309,302,45,18,27,42,21,21,206,100,106
ROCKWALL COUNTY,397,33 Years,1002,472,530,683,324,359,49,23,26,47,23,24,223,102,121
ROCKWALL COUNTY,397,34 Years,1062,511,551,737,361,376,48,24,24,45,19,26,232,107,125
ROCKWALL COUNTY,397,35 Years,1139,555,584,775,386,389,52,25,27,50,23,27,262,121,141
ROCKWALL COUNTY,397,36 Years,1187,568,619,806,385,421,69,33,36,45,21,24,267,129,138
ROCKWALL COUNTY,397,37 Years,1219,588,631,809,387,422,73,34,39,44,21,23,293,146,147
ROCKWALL COUNTY,397,38 Years,1240,566,674,820,376,444,72,29,43,56,25,31,292,136,156
ROCKWALL COUNTY,397,39 Years,1233,569,664,802,370,432,80,35,45,69,28,41,282,136,146
ROCKWALL COUNTY,397,40 Years,1287,591,696,844,387,457,92,35,57,66,27,39,285,142,143
ROCKWALL COUNTY,397,41 Years,1304,604,700,858,401,457,87,36,51,76,31,45,283,136,147
ROCKWALL COUNTY,397,42 Years,1325,622,703,885,422,463,90,42,48,72,25,47,278,133,145
ROCKWALL COUNTY,397,43 Years,1350,652,698,923,454,469,98,46,52,61,27,34,268,125,143
ROCKWALL COUNTY,397,44 Years,1471,700,771,1016,491,525,118,52,66,68,33,35,269,124,145
ROCKWALL COUNTY,397,45 Years,1629,789,840,1154,569,585,130,60,70,78,39,39,267,121,146
ROCKWALL COUNTY,397,46 Years,1630,799,831,1182,590,592,116,55,61,76,38,38,256,116,140
ROCKWALL COUNTY,397,47 Years,1598,771,827,1147,557,590,116,54,62,83,39,44,252,121,131
ROCKWALL COUNTY,397,48 Years,1579,787,792,1150,575,575,107,54,53,81,37,44,241,121,120
ROCKWALL COUNTY,397,49 Years,1501,778,723,1098,572,526,113,59,54,79,35,44,211,112,99
ROCKWALL COUNTY,397,50 Years,1479,774,705,1084,573,511,123,60,63,67,33,34,205,108,97
ROCKWALL COUNTY,397,51 Years,1529,778,751,1153,588,565,120,56,64,57,30,27,199,104,95
ROCKWALL COUNTY,397,52 Years,1530,754,776,1170,567,603,107,56,51,59,27,32,194,104,90
ROCKWALL COUNTY,397,53 Years,1469,717,752,1140,555,585,99,49,50,48,20,28,182,93,89
ROCKWALL COUNTY,397,54 Years,1436,698,738,1127,547,580,95,50,45,51,23,28,163,78,85
ROCKWALL COUNTY,397,55 Years,1468,715,753,1143,555,588,106,59,47,47,22,25,172,79,93
ROCKWALL COUNTY,397,56 Years,1400,681,719,1111,538,573,86,45,41,47,21,26,156,77,79
ROCKWALL COUNTY,397,57 Years,1290,623,667,1031,496,535,77,40,37,53,20,33,129,67,62
ROCKWALL COUNTY,397,58 Years,1238,587,651,1005,483,522,70,32,38,54,20,34,109,52,57
ROCKWALL COUNTY,397,59 Years,1195,549,646,961,444,517,70,34,36,45,21,24,119,50,69
ROCKWALL COUNTY,397,60 Years,1159,561,598,950,452,498,64,32,32,45,23,22,100,54,46
ROCKWALL COUNTY,397,61 Years,1081,508,573,896,417,479,53,23,30,47,19,28,85,49,36
ROCKWALL COUNTY,397,62 Years,973,457,516,807,387,420,49,20,29,44,13,31,73,37,36
ROCKWALL COUNTY,397,63 Years,940,442,498,778,374,404,49,25,24,49,18,31,64,25,39
ROCKWALL COUNTY,397,64 Years,924,461,463,763,384,379,50,22,28,44,19,25,67,36,31
ROCKWALL COUNTY,397,65 Years,840,402,438,699,334,365,44,21,23,38,14,24,59,33,26
ROCKWALL COUNTY,397,66 Years,795,373,422,672,308,364,37,21,16,32,12,20,54,32,22
ROCKWALL COUNTY,397,67 Years,789,366,423,669,302,367,33,17,16,36,19,17,51,28,23
ROCKWALL COUNTY,397,68 Years,779,352,427,655,294,361,35,17,18,39,18,21,50,23,27
ROCKWALL COUNTY,397,69 Years,766,353,413,658,307,351,26,11,15,32,10,22,50,25,25
ROCKWALL COUNTY,397,70 Years,626,294,332,531,254,277,24,12,12,21,6,15,50,22,28
ROCKWALL COUNTY,397,71 Years,618,273,345,530,241,289,28,11,17,19,6,13,41,15,26
ROCKWALL COUNTY,397,72 Years,625,275,350,548,247,301,22,10,12,27,8,19,28,10,18
ROCKWALL COUNTY,397,73 Years,597,271,326,524,242,282,14,7,7,26,10,16,33,12,21
ROCKWALL COUNTY,397,74 Years,517,247,270,450,220,230,16,5,11,23,11,12,28,11,17
ROCKWALL COUNTY,397,75 Years,475,236,239,413,211,202,20,6,14,18,9,9,24,10,14
ROCKWALL COUNTY,397,76 Years,434,204,230,382,182,200,16,7,9,17,7,10,19,8,11
ROCKWALL COUNTY,397,77 Years,386,174,212,349,158,191,8,5,3,14,5,9,15,6,9
ROCKWALL COUNTY,397,78 Years,322,143,179,290,131,159,7,3,4,12,5,7,13,4,9
ROCKWALL COUNTY,397,79 Years,287,138,149,250,118,132,9,5,4,12,7,5,16,8,8
ROCKWALL COUNTY,397,80 Years,269,129,140,236,110,126,7,4,3,9,6,3,17,9,8
ROCKWALL COUNTY,397,81 Years,239,102,137,218,95,123,5,2,3,5,2,3,11,3,8
ROCKWALL COUNTY,397,82 Years,230,90,140,204,81,123,5,3,2,8,3,5,13,3,10
ROCKWALL COUNTY,397,83 Years,235,102,133,205,92,113,6,1,5,10,4,6,14,5,9
ROCKWALL COUNTY,397,84 Years,209,81,128,182,74,108,7,2,5,10,3,7,10,2,8
ROCKWALL COUNTY,397,85 Years +,1238,399,839,1133,360,773,29,9,20,31,11,20,45,19,26
RUNNELS COUNTY,399,All Ages,10398,5238,5160,6400,3162,3238,163,90,73,175,95,80,3660,1891,1769
RUNNELS COUNTY,399,< 1 Year,122,64,58,68,35,33,0,0,0,6,3,3,48,26,22
RUNNELS COUNTY,399,1 Years,120,64,56,63,33,30,0,0,0,7,4,3,50,27,23
RUNNELS COUNTY,399,2 Years,118,65,53,57,32,25,0,0,0,9,8,1,52,25,27
RUNNELS COUNTY,399,3 Years,112,62,50,51,28,23,0,0,0,10,8,2,51,26,25
RUNNELS COUNTY,399,4 Years,128,66,62,61,32,29,1,1,0,7,6,1,59,27,32
RUNNELS COUNTY,399,5 Years,141,74,67,66,31,35,2,1,1,3,2,1,70,40,30
RUNNELS COUNTY,399,6 Years,143,79,64,68,39,29,0,0,0,1,1,0,74,39,35
RUNNELS COUNTY,399,7 Years,132,70,62,66,37,29,0,0,0,1,0,1,65,33,32
RUNNELS COUNTY,399,8 Years,154,80,74,74,38,36,2,1,1,4,1,3,74,40,34
RUNNELS COUNTY,399,9 Years,151,75,76,67,31,36,4,3,1,3,2,1,77,39,38
RUNNELS COUNTY,399,10 Years,143,81,62,65,36,29,4,3,1,1,0,1,73,42,31
RUNNELS COUNTY,399,11 Years,145,81,64,62,34,28,2,1,1,1,1,0,80,45,35
RUNNELS COUNTY,399,12 Years,151,78,73,74,38,36,3,2,1,2,1,1,72,37,35
RUNNELS COUNTY,399,13 Years,145,77,68,72,39,33,1,1,0,0,0,0,72,37,35
RUNNELS COUNTY,399,14 Years,137,71,66,60,25,35,1,0,1,2,1,1,74,45,29
RUNNELS COUNTY,399,15 Years,139,73,66,74,39,35,3,2,1,0,0,0,62,32,30
RUNNELS COUNTY,399,16 Years,146,74,72,77,41,36,2,1,1,3,2,1,64,30,34
RUNNELS COUNTY,399,17 Years,135,68,67,62,33,29,2,1,1,3,1,2,68,33,35
RUNNELS COUNTY,399,18 Years,160,78,82,75,36,39,3,1,2,3,1,2,79,40,39
RUNNELS COUNTY,399,19 Years,159,81,78,76,37,39,1,0,1,3,1,2,79,43,36
RUNNELS COUNTY,399,20 Years,141,79,62,65,36,29,3,3,0,2,1,1,71,39,32
RUNNELS COUNTY,399,21 Years,129,78,51,56,34,22,3,2,1,2,2,0,68,40,28
RUNNELS COUNTY,399,22 Years,128,67,61,61,27,34,2,1,1,2,1,1,63,38,25
RUNNELS COUNTY,399,23 Years,128,68,60,69,33,36,2,1,1,3,2,1,54,32,22
RUNNELS COUNTY,399,24 Years,135,83,52,77,47,30,3,2,1,3,2,1,52,32,20
RUNNELS COUNTY,399,25 Years,116,59,57,63,30,33,1,1,0,3,1,2,49,27,22
RUNNELS COUNTY,399,26 Years,113,59,54,59,32,27,2,1,1,4,3,1,48,23,25
RUNNELS COUNTY,399,27 Years,110,59,51,54,30,24,3,1,2,4,2,2,49,26,23
RUNNELS COUNTY,399,28 Years,104,52,52,58,26,32,3,3,0,2,2,0,41,21,20
RUNNELS COUNTY,399,29 Years,88,44,44,55,27,28,1,1,0,2,1,1,30,15,15
RUNNELS COUNTY,399,30 Years,87,43,44,50,27,23,4,1,3,1,0,1,32,15,17
RUNNELS COUNTY,399,31 Years,107,55,52,62,34,28,5,2,3,2,1,1,38,18,20
RUNNELS COUNTY,399,32 Years,106,56,50,63,37,26,2,1,1,2,1,1,39,17,22
RUNNELS COUNTY,399,33 Years,107,59,48,57,33,24,1,1,0,2,1,1,47,24,23
RUNNELS COUNTY,399,34 Years,92,39,53,52,21,31,1,1,0,1,0,1,38,17,21
RUNNELS COUNTY,399,35 Years,98,50,48,55,31,24,1,0,1,2,1,1,40,18,22
RUNNELS COUNTY,399,36 Years,101,54,47,63,38,25,2,1,1,0,0,0,36,15,21
RUNNELS COUNTY,399,37 Years,97,57,40,62,38,24,2,2,0,2,1,1,31,16,15
RUNNELS COUNTY,399,38 Years,92,56,36,54,33,21,1,1,0,1,1,0,36,21,15
RUNNELS COUNTY,399,39 Years,79,37,42,42,20,22,1,0,1,2,2,0,34,15,19
RUNNELS COUNTY,399,40 Years,79,37,42,44,20,24,1,0,1,1,1,0,33,16,17
RUNNELS COUNTY,399,41 Years,90,43,47,53,23,30,0,0,0,0,0,0,37,20,17
RUNNELS COUNTY,399,42 Years,101,44,57,59,28,31,1,1,0,3,1,2,38,14,24
RUNNELS COUNTY,399,43 Years,95,49,46,58,32,26,1,1,0,1,0,1,35,16,19
RUNNELS COUNTY,399,44 Years,111,55,56,75,37,38,1,1,0,0,0,0,35,17,18
RUNNELS COUNTY,399,45 Years,118,53,65,75,32,43,2,1,1,0,0,0,41,20,21
RUNNELS COUNTY,399,46 Years,130,60,70,87,40,47,3,1,2,0,0,0,40,19,21
RUNNELS COUNTY,399,47 Years,128,59,69,76,42,34,1,0,1,1,1,0,50,16,34
RUNNELS COUNTY,399,48 Years,110,52,58,72,37,35,1,1,0,0,0,0,37,14,23
RUNNELS COUNTY,399,49 Years,118,55,63,75,34,41,1,1,0,0,0,0,42,20,22
RUNNELS COUNTY,399,50 Years,124,60,64,81,35,46,1,0,1,1,1,0,41,24,17
RUNNELS COUNTY,399,51 Years,136,68,68,87,43,44,1,1,0,1,0,1,47,24,23
RUNNELS COUNTY,399,52 Years,135,68,67,93,46,47,3,2,1,1,0,1,38,20,18
RUNNELS COUNTY,399,53 Years,148,72,76,104,49,55,3,3,0,1,0,1,40,20,20
RUNNELS COUNTY,399,54 Years,155,78,77,104,49,55,4,3,1,0,0,0,47,26,21
RUNNELS COUNTY,399,55 Years,132,73,59,89,48,41,3,2,1,2,0,2,38,23,15
RUNNELS COUNTY,399,56 Years,144,74,70,96,48,48,2,0,2,2,1,1,44,25,19
RUNNELS COUNTY,399,57 Years,147,67,80,103,42,61,2,0,2,0,0,0,42,25,17
RUNNELS COUNTY,399,58 Years,135,64,71,91,42,49,3,0,3,1,0,1,40,22,18
RUNNELS COUNTY,399,59 Years,152,83,69,109,57,52,4,3,1,1,0,1,38,23,15
RUNNELS COUNTY,399,60 Years,168,83,85,121,58,63,3,2,1,4,1,3,40,22,18
RUNNELS COUNTY,399,61 Years,157,80,77,114,56,58,2,2,0,3,1,2,38,21,17
RUNNELS COUNTY,399,62 Years,145,74,71,106,50,56,5,3,2,1,1,0,33,20,13
RUNNELS COUNTY,399,63 Years,136,69,67,104,52,52,2,1,1,2,1,1,28,15,13
RUNNELS COUNTY,399,64 Years,165,93,72,127,70,57,2,1,1,3,3,0,33,19,14
RUNNELS COUNTY,399,65 Years,140,78,62,110,61,49,4,2,2,2,2,0,24,13,11
RUNNELS COUNTY,399,66 Years,135,66,69,94,46,48,3,1,2,2,1,1,36,18,18
RUNNELS COUNTY,399,67 Years,122,59,63,85,39,46,1,0,1,2,1,1,34,19,15
RUNNELS COUNTY,399,68 Years,124,49,75,93,35,58,2,0,2,1,0,1,28,14,14
RUNNELS COUNTY,399,69 Years,137,66,71,110,52,58,2,0,2,1,0,1,24,14,10
RUNNELS COUNTY,399,70 Years,116,58,58,88,43,45,2,1,1,1,0,1,25,14,11
RUNNELS COUNTY,399,71 Years,119,59,60,88,44,44,2,1,1,0,0,0,29,14,15
RUNNELS COUNTY,399,72 Years,116,55,61,86,41,45,2,1,1,2,2,0,26,11,15
RUNNELS COUNTY,399,73 Years,108,50,58,80,36,44,2,1,1,2,2,0,24,11,13
RUNNELS COUNTY,399,74 Years,94,41,53,64,29,35,2,1,1,1,0,1,27,11,16
RUNNELS COUNTY,399,75 Years,94,43,51,70,32,38,2,1,1,0,0,0,22,10,12
RUNNELS COUNTY,399,76 Years,77,39,38,56,25,31,1,1,0,0,0,0,20,13,7
RUNNELS COUNTY,399,77 Years,83,40,43,63,29,34,1,1,0,1,1,0,18,9,9
RUNNELS COUNTY,399,78 Years,85,37,48,66,28,38,1,1,0,6,2,4,12,6,6
RUNNELS COUNTY,399,79 Years,63,26,37,49,23,26,0,0,0,2,0,2,12,3,9
RUNNELS COUNTY,399,80 Years,63,29,34,50,24,26,1,1,0,1,0,1,11,4,7
RUNNELS COUNTY,399,81 Years,58,27,31,45,20,25,1,1,0,2,2,0,10,4,6
RUNNELS COUNTY,399,82 Years,56,23,33,46,19,27,0,0,0,1,1,0,9,3,6
RUNNELS COUNTY,399,83 Years,59,25,34,51,23,28,2,0,2,0,0,0,6,2,4
RUNNELS COUNTY,399,84 Years,50,23,27,42,21,21,1,0,1,0,0,0,7,2,5
RUNNELS COUNTY,399,85 Years +,301,117,184,246,94,152,5,2,3,8,1,7,42,20,22
RUSK COUNTY,401,All Ages,53886,28447,25439,33499,17148,16351,9337,5254,4083,1395,704,691,9655,5341,4314
RUSK COUNTY,401,< 1 Year,584,300,284,282,144,138,87,46,41,30,17,13,185,93,92
RUSK COUNTY,401,1 Years,580,296,284,294,149,145,81,41,40,26,15,11,179,91,88
RUSK COUNTY,401,2 Years,592,303,289,308,160,148,85,40,45,26,16,10,173,87,86
RUSK COUNTY,401,3 Years,615,311,304,321,173,148,89,40,49,23,12,11,182,86,96
RUSK COUNTY,401,4 Years,652,337,315,335,182,153,93,44,49,33,17,16,191,94,97
RUSK COUNTY,401,5 Years,699,352,347,348,185,163,100,53,47,34,15,19,217,99,118
RUSK COUNTY,401,6 Years,679,336,343,347,172,175,91,51,40,43,25,18,198,88,110
RUSK COUNTY,401,7 Years,674,342,332,359,187,172,92,51,41,43,24,19,180,80,100
RUSK COUNTY,401,8 Years,702,344,358,384,197,187,91,43,48,43,17,26,184,87,97
RUSK COUNTY,401,9 Years,710,349,361,388,201,187,90,42,48,40,17,23,192,89,103
RUSK COUNTY,401,10 Years,712,353,359,384,194,190,98,51,47,38,19,19,192,89,103
RUSK COUNTY,401,11 Years,712,366,346,366,192,174,106,63,43,31,17,14,209,94,115
RUSK COUNTY,401,12 Years,651,329,322,341,172,169,94,55,39,27,13,14,189,89,100
RUSK COUNTY,401,13 Years,655,316,339,356,172,184,102,55,47,29,10,19,168,79,89
RUSK COUNTY,401,14 Years,679,334,345,388,194,194,101,48,53,27,12,15,163,80,83
RUSK COUNTY,401,15 Years,741,368,373,409,208,201,118,54,64,27,15,12,187,91,96
RUSK COUNTY,401,16 Years,741,368,373,404,202,202,120,59,61,32,17,15,185,90,95
RUSK COUNTY,401,17 Years,695,347,348,387,191,196,95,47,48,32,18,14,181,91,90
RUSK COUNTY,401,18 Years,672,345,327,360,188,172,105,51,54,28,14,14,179,92,87
RUSK COUNTY,401,19 Years,624,323,301,325,163,162,106,58,48,26,13,13,167,89,78
RUSK COUNTY,401,20 Years,613,330,283,330,170,160,96,53,43,25,12,13,162,95,67
RUSK COUNTY,401,21 Years,628,343,285,325,172,153,113,58,55,23,12,11,167,101,66
RUSK COUNTY,401,22 Years,676,385,291,350,188,162,132,76,56,22,16,6,172,105,67
RUSK COUNTY,401,23 Years,676,373,303,354,181,173,137,84,53,25,15,10,160,93,67
RUSK COUNTY,401,24 Years,707,406,301,373,198,175,154,100,54,20,11,9,160,97,63
RUSK COUNTY,401,25 Years,722,422,300,384,214,170,156,98,58,16,10,6,166,100,66
RUSK COUNTY,401,26 Years,707,403,304,376,191,185,144,96,48,16,9,7,171,107,64
RUSK COUNTY,401,27 Years,705,416,289,385,208,177,152,106,46,12,5,7,156,97,59
RUSK COUNTY,401,28 Years,687,423,264,376,220,156,144,102,42,13,6,7,154,95,59
RUSK COUNTY,401,29 Years,665,400,265,354,201,153,128,90,38,20,11,9,163,98,65
RUSK COUNTY,401,30 Years,669,410,259,358,202,156,121,88,33,18,11,7,172,109,63
RUSK COUNTY,401,31 Years,666,402,264,364,209,155,120,83,37,11,4,7,171,106,65
RUSK COUNTY,401,32 Years,640,379,261,352,195,157,122,84,38,9,3,6,157,97,60
RUSK COUNTY,401,33 Years,679,386,293,379,208,171,153,94,59,11,5,6,136,79,57
RUSK COUNTY,401,34 Years,746,424,322,420,223,197,148,99,49,14,6,8,164,96,68
RUSK COUNTY,401,35 Years,773,434,339,449,236,213,146,100,46,14,8,6,164,90,74
RUSK COUNTY,401,36 Years,756,425,331,436,239,197,141,87,54,14,5,9,165,94,71
RUSK COUNTY,401,37 Years,721,403,318,435,231,204,132,87,45,11,3,8,143,82,61
RUSK COUNTY,401,38 Years,696,390,306,426,236,190,117,69,48,15,5,10,138,80,58
RUSK COUNTY,401,39 Years,696,400,296,429,240,189,116,69,47,16,6,10,135,85,50
RUSK COUNTY,401,40 Years,716,390,326,422,222,200,128,69,59,14,6,8,152,93,59
RUSK COUNTY,401,41 Years,716,390,326,423,222,201,122,68,54,10,6,4,161,94,67
RUSK COUNTY,401,42 Years,693,391,302,408,234,174,118,65,53,12,3,9,155,89,66
RUSK COUNTY,401,43 Years,668,378,290,392,226,166,126,73,53,14,5,9,136,74,62
RUSK COUNTY,401,44 Years,690,388,302,408,237,171,140,75,65,13,6,7,129,70,59
RUSK COUNTY,401,45 Years,751,410,341,465,252,213,149,82,67,13,5,8,124,71,53
RUSK COUNTY,401,46 Years,777,430,347,497,262,235,141,91,50,14,5,9,125,72,53
RUSK COUNTY,401,47 Years,698,392,306,439,230,209,135,87,48,14,6,8,110,69,41
RUSK COUNTY,401,48 Years,701,394,307,417,216,201,156,95,61,12,6,6,116,77,39
RUSK COUNTY,401,49 Years,703,393,310,425,220,205,148,91,57,11,7,4,119,75,44
RUSK COUNTY,401,50 Years,678,374,304,420,224,196,147,82,65,10,5,5,101,63,38
RUSK COUNTY,401,51 Years,707,398,309,449,248,201,156,85,71,11,5,6,91,60,31
RUSK COUNTY,401,52 Years,751,432,319,499,272,227,154,92,62,9,6,3,89,62,27
RUSK COUNTY,401,53 Years,763,431,332,502,272,230,157,88,69,10,6,4,94,65,29
RUSK COUNTY,401,54 Years,756,394,362,513,252,261,149,87,62,11,7,4,83,48,35
RUSK COUNTY,401,55 Years,781,404,377,553,281,272,136,68,68,13,6,7,79,49,30
RUSK COUNTY,401,56 Years,812,420,392,545,270,275,157,89,68,14,5,9,96,56,40
RUSK COUNTY,401,57 Years,758,416,342,509,267,242,153,93,60,13,6,7,83,50,33
RUSK COUNTY,401,58 Years,759,419,340,530,285,245,145,90,55,15,9,6,69,35,34
RUSK COUNTY,401,59 Years,764,405,359,517,267,250,154,84,70,14,8,6,79,46,33
RUSK COUNTY,401,60 Years,736,376,360,515,259,256,143,74,69,13,6,7,65,37,28
RUSK COUNTY,401,61 Years,715,379,336,504,261,243,145,79,66,12,5,7,54,34,20
RUSK COUNTY,401,62 Years,691,359,332,493,247,246,131,65,66,12,9,3,55,38,17
RUSK COUNTY,401,63 Years,702,355,347,521,257,264,121,64,57,9,3,6,51,31,20
RUSK COUNTY,401,64 Years,631,310,321,476,235,241,110,51,59,9,3,6,36,21,15
RUSK COUNTY,401,65 Years,576,294,282,436,218,218,100,54,46,10,6,4,30,16,14
RUSK COUNTY,401,66 Years,562,287,275,411,202,209,112,60,52,10,6,4,29,19,10
RUSK COUNTY,401,67 Years,561,284,277,428,216,212,96,46,50,10,8,2,27,14,13
RUSK COUNTY,401,68 Years,575,288,287,450,227,223,83,38,45,9,7,2,33,16,17
RUSK COUNTY,401,69 Years,574,276,298,452,215,237,86,41,45,9,4,5,27,16,11
RUSK COUNTY,401,70 Years,473,224,249,369,174,195,77,33,44,7,5,2,20,12,8
RUSK COUNTY,401,71 Years,454,220,234,374,185,189,55,23,32,6,2,4,19,10,9
RUSK COUNTY,401,72 Years,418,203,215,337,163,174,57,26,31,5,2,3,19,12,7
RUSK COUNTY,401,73 Years,400,196,204,318,150,168,62,33,29,6,4,2,14,9,5
RUSK COUNTY,401,74 Years,363,166,197,299,135,164,50,24,26,6,3,3,8,4,4
RUSK COUNTY,401,75 Years,343,153,190,296,131,165,39,19,20,3,2,1,5,1,4
RUSK COUNTY,401,76 Years,334,164,170,279,132,147,39,23,16,4,3,1,12,6,6
RUSK COUNTY,401,77 Years,286,133,153,241,110,131,33,17,16,3,2,1,9,4,5
RUSK COUNTY,401,78 Years,273,129,144,229,106,123,30,15,15,6,3,3,8,5,3
RUSK COUNTY,401,79 Years,242,100,142,197,83,114,31,12,19,5,2,3,9,3,6
RUSK COUNTY,401,80 Years,239,108,131,198,86,112,27,13,14,3,3,0,11,6,5
RUSK COUNTY,401,81 Years,231,105,126,193,86,107,28,13,15,3,3,0,7,3,4
RUSK COUNTY,401,82 Years,197,85,112,164,73,91,22,8,14,4,1,3,7,3,4
RUSK COUNTY,401,83 Years,189,84,105,151,66,85,27,11,16,3,1,2,8,6,2
RUSK COUNTY,401,84 Years,169,69,100,140,58,82,24,8,16,1,1,0,4,2,2
RUSK COUNTY,401,85 Years +,1113,378,735,954,326,628,122,35,87,17,6,11,20,11,9
SABINE COUNTY,403,All Ages,11060,5451,5609,9530,4697,4833,763,381,382,323,150,173,444,223,221
SABINE COUNTY,403,< 1 Year,118,54,64,68,36,32,7,4,3,22,3,19,21,11,10
SABINE COUNTY,403,1 Years,109,57,52,66,35,31,8,5,3,16,5,11,19,12,7
SABINE COUNTY,403,2 Years,107,59,48,63,33,30,6,4,2,16,11,5,22,11,11
SABINE COUNTY,403,3 Years,96,51,45,54,29,25,7,4,3,18,10,8,17,8,9
SABINE COUNTY,403,4 Years,99,50,49,57,31,26,8,5,3,17,9,8,17,5,12
SABINE COUNTY,403,5 Years,98,46,52,63,33,30,9,4,5,10,3,7,16,6,10
SABINE COUNTY,403,6 Years,103,40,63,73,26,47,8,3,5,7,5,2,15,6,9
SABINE COUNTY,403,7 Years,95,44,51,72,32,40,7,4,3,6,3,3,10,5,5
SABINE COUNTY,403,8 Years,102,50,52,78,38,40,9,4,5,7,4,3,8,4,4
SABINE COUNTY,403,9 Years,111,59,52,88,49,39,10,5,5,4,2,2,9,3,6
SABINE COUNTY,403,10 Years,117,59,58,90,44,46,12,8,4,4,1,3,11,6,5
SABINE COUNTY,403,11 Years,106,60,46,81,45,36,10,6,4,5,3,2,10,6,4
SABINE COUNTY,403,12 Years,89,45,44,72,37,35,5,2,3,5,3,2,7,3,4
SABINE COUNTY,403,13 Years,92,48,44,74,38,36,6,4,2,5,3,2,7,3,4
SABINE COUNTY,403,14 Years,101,53,48,83,46,37,7,3,4,4,1,3,7,3,4
SABINE COUNTY,403,15 Years,116,61,55,94,51,43,10,4,6,3,1,2,9,5,4
SABINE COUNTY,403,16 Years,125,66,59,102,55,47,10,4,6,5,2,3,8,5,3
SABINE COUNTY,403,17 Years,124,56,68,102,46,56,9,3,6,8,4,4,5,3,2
SABINE COUNTY,403,18 Years,113,51,62,93,40,53,11,5,6,5,3,2,4,3,1
SABINE COUNTY,403,19 Years,106,46,60,87,38,49,11,4,7,2,2,0,6,2,4
SABINE COUNTY,403,20 Years,107,52,55,92,45,47,7,3,4,5,3,2,3,1,2
SABINE COUNTY,403,21 Years,108,51,57,93,44,49,8,4,4,5,2,3,2,1,1
SABINE COUNTY,403,22 Years,119,58,61,100,48,52,9,6,3,4,2,2,6,2,4
SABINE COUNTY,403,23 Years,124,64,60,101,49,52,18,12,6,3,2,1,2,1,1
SABINE COUNTY,403,24 Years,119,62,57,95,50,45,20,9,11,1,1,0,3,2,1
SABINE COUNTY,403,25 Years,96,47,49,78,40,38,11,3,8,3,2,1,4,2,2
SABINE COUNTY,403,26 Years,94,41,53,77,36,41,10,2,8,3,2,1,4,1,3
SABINE COUNTY,403,27 Years,95,43,52,76,38,38,13,3,10,1,1,0,5,1,4
SABINE COUNTY,403,28 Years,87,42,45,72,36,36,10,5,5,1,0,1,4,1,3
SABINE COUNTY,403,29 Years,84,40,44,68,31,37,6,4,2,3,2,1,7,3,4
SABINE COUNTY,403,30 Years,85,48,37,72,39,33,6,5,1,2,1,1,5,3,2
SABINE COUNTY,403,31 Years,74,37,37,62,28,34,7,6,1,1,0,1,4,3,1
SABINE COUNTY,403,32 Years,69,36,33,62,31,31,4,3,1,1,1,0,2,1,1
SABINE COUNTY,403,33 Years,74,36,38,61,31,30,7,2,5,1,1,0,5,2,3
SABINE COUNTY,403,34 Years,74,36,38,60,26,34,5,2,3,1,1,0,8,7,1
SABINE COUNTY,403,35 Years,76,30,46,59,20,39,10,6,4,0,0,0,7,4,3
SABINE COUNTY,403,36 Years,80,30,50,66,25,41,8,3,5,1,0,1,5,2,3
SABINE COUNTY,403,37 Years,78,33,45,67,28,39,6,3,3,2,1,1,3,1,2
SABINE COUNTY,403,38 Years,80,43,37,68,35,33,8,5,3,2,1,1,2,2,0
SABINE COUNTY,403,39 Years,77,40,37,66,32,34,7,5,2,1,0,1,3,3,0
SABINE COUNTY,403,40 Years,72,39,33,63,34,29,4,3,1,1,0,1,4,2,2
SABINE COUNTY,403,41 Years,69,36,33,60,32,28,3,1,2,2,1,1,4,2,2
SABINE COUNTY,403,42 Years,79,40,39,67,31,36,7,5,2,2,1,1,3,3,0
SABINE COUNTY,403,43 Years,83,41,42,67,33,34,11,5,6,1,1,0,4,2,2
SABINE COUNTY,403,44 Years,93,43,50,80,37,43,9,4,5,1,0,1,3,2,1
SABINE COUNTY,403,45 Years,93,47,46,84,42,42,5,3,2,1,0,1,3,2,1
SABINE COUNTY,403,46 Years,113,55,58,97,49,48,8,2,6,3,3,0,5,1,4
SABINE COUNTY,403,47 Years,114,50,64,100,44,56,8,4,4,2,1,1,4,1,3
SABINE COUNTY,403,48 Years,117,54,63,98,47,51,14,4,10,2,1,1,3,2,1
SABINE COUNTY,403,49 Years,108,48,60,85,36,49,17,8,9,3,1,2,3,3,0
SABINE COUNTY,403,50 Years,114,62,52,98,53,45,10,4,6,2,1,1,4,4,0
SABINE COUNTY,403,51 Years,139,73,66,117,61,56,15,7,8,3,2,1,4,3,1
SABINE COUNTY,403,52 Years,139,75,64,122,67,55,10,4,6,4,2,2,3,2,1
SABINE COUNTY,403,53 Years,143,65,78,129,58,71,9,5,4,2,0,2,3,2,1
SABINE COUNTY,403,54 Years,181,90,91,167,82,85,9,5,4,2,1,1,3,2,1
SABINE COUNTY,403,55 Years,188,95,93,172,87,85,11,6,5,2,0,2,3,2,1
SABINE COUNTY,403,56 Years,187,98,89,172,88,84,10,7,3,3,1,2,2,2,0
SABINE COUNTY,403,57 Years,196,93,103,177,85,92,12,6,6,4,1,3,3,1,2
SABINE COUNTY,403,58 Years,209,96,113,183,85,98,20,10,10,3,1,2,3,0,3
SABINE COUNTY,403,59 Years,215,108,107,196,96,100,16,11,5,2,1,1,1,0,1
SABINE COUNTY,403,60 Years,225,111,114,203,99,104,15,8,7,3,2,1,4,2,2
SABINE COUNTY,403,61 Years,196,94,102,180,85,95,11,7,4,3,1,2,2,1,1
SABINE COUNTY,403,62 Years,198,94,104,187,88,99,9,4,5,2,2,0,0,0,0
SABINE COUNTY,403,63 Years,197,92,105,188,88,100,8,4,4,1,0,1,0,0,0
SABINE COUNTY,403,64 Years,199,97,102,187,92,95,9,4,5,1,0,1,2,1,1
SABINE COUNTY,403,65 Years,203,103,100,186,95,91,8,5,3,2,0,2,7,3,4
SABINE COUNTY,403,66 Years,219,110,109,201,99,102,9,7,2,4,2,2,5,2,3
SABINE COUNTY,403,67 Years,216,111,105,198,103,95,10,6,4,2,0,2,6,2,4
SABINE COUNTY,403,68 Years,231,110,121,214,103,111,9,4,5,4,1,3,4,2,2
SABINE COUNTY,403,69 Years,243,126,117,230,117,113,7,5,2,4,2,2,2,2,0
SABINE COUNTY,403,70 Years,222,114,108,205,103,102,11,6,5,5,4,1,1,1,0
SABINE COUNTY,403,71 Years,213,105,108,200,100,100,8,3,5,3,1,2,2,1,1
SABINE COUNTY,403,72 Years,220,108,112,210,105,105,3,1,2,5,1,4,2,1,1
SABINE COUNTY,403,73 Years,191,100,91,178,93,85,7,5,2,3,0,3,3,2,1
SABINE COUNTY,403,74 Years,164,92,72,153,87,66,6,3,3,2,0,2,3,2,1
SABINE COUNTY,403,75 Years,158,85,73,148,81,67,6,3,3,2,0,2,2,1,1
SABINE COUNTY,403,76 Years,147,83,64,134,75,59,5,3,2,4,2,2,4,3,1
SABINE COUNTY,403,77 Years,121,64,57,112,60,52,6,2,4,2,1,1,1,1,0
SABINE COUNTY,403,78 Years,112,55,57,102,50,52,7,4,3,2,1,1,1,0,1
SABINE COUNTY,403,79 Years,100,48,52,91,43,48,6,3,3,2,1,1,1,1,0
SABINE COUNTY,403,80 Years,100,47,53,90,43,47,6,2,4,1,1,0,3,1,2
SABINE COUNTY,403,81 Years,94,46,48,83,39,44,5,3,2,3,3,0,3,1,2
SABINE COUNTY,403,82 Years,72,37,35,68,35,33,3,1,2,1,1,0,0,0,0
SABINE COUNTY,403,83 Years,67,36,31,62,33,29,4,2,2,1,1,0,0,0,0
SABINE COUNTY,403,84 Years,52,26,26,48,25,23,2,1,1,1,0,1,1,0,1
SABINE COUNTY,403,85 Years +,321,125,196,283,115,168,25,5,20,5,3,2,8,2,6
SAN AUGUSTINE COUNTY,405,All Ages,8355,4160,4195,5697,2851,2846,1945,945,1000,129,60,69,584,304,280
SAN AUGUSTINE COUNTY,405,< 1 Year,83,45,38,54,29,25,18,9,9,1,0,1,10,7,3
SAN AUGUSTINE COUNTY,405,1 Years,83,41,42,54,27,27,18,8,10,2,1,1,9,5,4
SAN AUGUSTINE COUNTY,405,2 Years,86,39,47,55,25,30,19,9,10,0,0,0,12,5,7
SAN AUGUSTINE COUNTY,405,3 Years,98,43,55,60,24,36,24,12,12,0,0,0,14,7,7
SAN AUGUSTINE COUNTY,405,4 Years,105,49,56,63,27,36,24,12,12,0,0,0,18,10,8
SAN AUGUSTINE COUNTY,405,5 Years,104,48,56,59,27,32,27,11,16,0,0,0,18,10,8
SAN AUGUSTINE COUNTY,405,6 Years,75,41,34,42,27,15,21,11,10,1,0,1,11,3,8
SAN AUGUSTINE COUNTY,405,7 Years,87,45,42,46,27,19,27,13,14,2,1,1,12,4,8
SAN AUGUSTINE COUNTY,405,8 Years,90,46,44,49,23,26,27,16,11,1,1,0,13,6,7
SAN AUGUSTINE COUNTY,405,9 Years,93,52,41,52,29,23,25,15,10,2,1,1,14,7,7
SAN AUGUSTINE COUNTY,405,10 Years,87,46,41,47,27,20,21,10,11,2,1,1,17,8,9
SAN AUGUSTINE COUNTY,405,11 Years,90,52,38,46,26,20,26,15,11,4,4,0,14,7,7
SAN AUGUSTINE COUNTY,405,12 Years,85,49,36,45,28,17,25,14,11,4,3,1,11,4,7
SAN AUGUSTINE COUNTY,405,13 Years,89,44,45,50,28,22,23,8,15,3,2,1,13,6,7
SAN AUGUSTINE COUNTY,405,14 Years,93,50,43,51,31,20,29,12,17,2,1,1,11,6,5
SAN AUGUSTINE COUNTY,405,15 Years,100,56,44,52,31,21,29,15,14,2,0,2,17,10,7
SAN AUGUSTINE COUNTY,405,16 Years,90,53,37,51,30,21,23,16,7,2,0,2,14,7,7
SAN AUGUSTINE COUNTY,405,17 Years,103,55,48,66,35,31,23,13,10,2,2,0,12,5,7
SAN AUGUSTINE COUNTY,405,18 Years,98,51,47,59,32,27,27,13,14,2,1,1,10,5,5
SAN AUGUSTINE COUNTY,405,19 Years,81,41,40,47,24,23,24,14,10,3,0,3,7,3,4
SAN AUGUSTINE COUNTY,405,20 Years,79,41,38,42,25,17,23,9,14,2,1,1,12,6,6
SAN AUGUSTINE COUNTY,405,21 Years,93,51,42,57,31,26,24,13,11,3,2,1,9,5,4
SAN AUGUSTINE COUNTY,405,22 Years,86,41,45,56,27,29,20,11,9,3,0,3,7,3,4
SAN AUGUSTINE COUNTY,405,23 Years,102,47,55,64,31,33,25,12,13,7,2,5,6,2,4
SAN AUGUSTINE COUNTY,405,24 Years,95,45,50,60,31,29,23,12,11,4,1,3,8,1,7
SAN AUGUSTINE COUNTY,405,25 Years,98,54,44,67,37,30,25,15,10,0,0,0,6,2,4
SAN AUGUSTINE COUNTY,405,26 Years,94,49,45,54,29,25,33,15,18,1,1,0,6,4,2
SAN AUGUSTINE COUNTY,405,27 Years,82,44,38,52,26,26,24,14,10,1,0,1,5,4,1
SAN AUGUSTINE COUNTY,405,28 Years,91,46,45,60,27,33,26,15,11,1,0,1,4,4,0
SAN AUGUSTINE COUNTY,405,29 Years,79,39,40,45,23,22,26,10,16,2,2,0,6,4,2
SAN AUGUSTINE COUNTY,405,30 Years,82,40,42,49,21,28,20,10,10,2,1,1,11,8,3
SAN AUGUSTINE COUNTY,405,31 Years,75,40,35,42,22,20,19,11,8,1,0,1,13,7,6
SAN AUGUSTINE COUNTY,405,32 Years,59,32,27,32,17,15,16,8,8,0,0,0,11,7,4
SAN AUGUSTINE COUNTY,405,33 Years,64,31,33,37,17,20,14,7,7,2,1,1,11,6,5
SAN AUGUSTINE COUNTY,405,34 Years,60,25,35,31,13,18,21,8,13,2,0,2,6,4,2
SAN AUGUSTINE COUNTY,405,35 Years,51,20,31,27,11,16,17,7,10,1,0,1,6,2,4
SAN AUGUSTINE COUNTY,405,36 Years,69,31,38,37,16,21,20,10,10,1,0,1,11,5,6
SAN AUGUSTINE COUNTY,405,37 Years,72,34,38,44,22,22,20,7,13,0,0,0,8,5,3
SAN AUGUSTINE COUNTY,405,38 Years,82,40,42,48,22,26,17,7,10,2,2,0,15,9,6
SAN AUGUSTINE COUNTY,405,39 Years,64,32,32,31,15,16,22,11,11,2,1,1,9,5,4
SAN AUGUSTINE COUNTY,405,40 Years,68,34,34,40,22,18,22,9,13,1,1,0,5,2,3
SAN AUGUSTINE COUNTY,405,41 Years,64,36,28,41,20,21,14,10,4,1,1,0,8,5,3
SAN AUGUSTINE COUNTY,405,42 Years,66,34,32,50,26,24,10,5,5,0,0,0,6,3,3
SAN AUGUSTINE COUNTY,405,43 Years,80,39,41,61,27,34,13,8,5,1,1,0,5,3,2
SAN AUGUSTINE COUNTY,405,44 Years,83,45,38,62,35,27,17,7,10,2,1,1,2,2,0
SAN AUGUSTINE COUNTY,405,45 Years,91,40,51,66,32,34,18,6,12,2,0,2,5,2,3
SAN AUGUSTINE COUNTY,405,46 Years,84,35,49,58,25,33,21,8,13,0,0,0,5,2,3
SAN AUGUSTINE COUNTY,405,47 Years,77,36,41,49,22,27,24,11,13,1,1,0,3,2,1
SAN AUGUSTINE COUNTY,405,48 Years,87,46,41,53,25,28,26,15,11,1,1,0,7,5,2
SAN AUGUSTINE COUNTY,405,49 Years,100,52,48,64,36,28,27,11,16,4,2,2,5,3,2
SAN AUGUSTINE COUNTY,405,50 Years,108,61,47,66,39,27,33,16,17,3,1,2,6,5,1
SAN AUGUSTINE COUNTY,405,51 Years,119,55,64,80,36,44,30,14,16,3,2,1,6,3,3
SAN AUGUSTINE COUNTY,405,52 Years,122,60,62,85,45,40,29,11,18,1,1,0,7,3,4
SAN AUGUSTINE COUNTY,405,53 Years,142,73,69,97,51,46,38,18,20,2,1,1,5,3,2
SAN AUGUSTINE COUNTY,405,54 Years,126,60,66,84,40,44,34,16,18,3,2,1,5,2,3
SAN AUGUSTINE COUNTY,405,55 Years,137,69,68,100,49,51,28,16,12,2,1,1,7,3,4
SAN AUGUSTINE COUNTY,405,56 Years,131,74,57,96,54,42,31,17,14,0,0,0,4,3,1
SAN AUGUSTINE COUNTY,405,57 Years,142,81,61,99,55,44,36,22,14,2,2,0,5,2,3
SAN AUGUSTINE COUNTY,405,58 Years,144,81,63,97,57,40,39,20,19,3,2,1,5,2,3
SAN AUGUSTINE COUNTY,405,59 Years,136,60,76,103,44,59,29,14,15,2,1,1,2,1,1
SAN AUGUSTINE COUNTY,405,60 Years,119,59,60,87,43,44,31,15,16,0,0,0,1,1,0
SAN AUGUSTINE COUNTY,405,61 Years,112,56,56,85,44,41,22,8,14,0,0,0,5,4,1
SAN AUGUSTINE COUNTY,405,62 Years,118,61,57,87,44,43,24,13,11,0,0,0,7,4,3
SAN AUGUSTINE COUNTY,405,63 Years,132,63,69,94,46,48,34,17,17,1,0,1,3,0,3
SAN AUGUSTINE COUNTY,405,64 Years,136,65,71,99,45,54,33,18,15,2,1,1,2,1,1
SAN AUGUSTINE COUNTY,405,65 Years,131,69,62,102,51,51,24,16,8,2,0,2,3,2,1
SAN AUGUSTINE COUNTY,405,66 Years,133,75,58,105,58,47,22,14,8,1,0,1,5,3,2
SAN AUGUSTINE COUNTY,405,67 Years,131,61,70,105,51,54,23,10,13,1,0,1,2,0,2
SAN AUGUSTINE COUNTY,405,68 Years,140,73,67,112,60,52,26,11,15,0,0,0,2,2,0
SAN AUGUSTINE COUNTY,405,69 Years,158,73,85,129,61,68,26,11,15,1,0,1,2,1,1
SAN AUGUSTINE COUNTY,405,70 Years,130,67,63,109,58,51,19,8,11,1,0,1,1,1,0
SAN AUGUSTINE COUNTY,405,71 Years,123,65,58,105,57,48,16,7,9,1,0,1,1,1,0
SAN AUGUSTINE COUNTY,405,72 Years,123,58,65,105,50,55,15,6,9,1,0,1,2,2,0
SAN AUGUSTINE COUNTY,405,73 Years,126,62,64,109,52,57,15,8,7,0,0,0,2,2,0
SAN AUGUSTINE COUNTY,405,74 Years,102,53,49,88,48,40,14,5,9,0,0,0,0,0,0
SAN AUGUSTINE COUNTY,405,75 Years,92,40,52,75,35,40,14,5,9,1,0,1,2,0,2
SAN AUGUSTINE COUNTY,405,76 Years,94,44,50,74,36,38,18,8,10,0,0,0,2,0,2
SAN AUGUSTINE COUNTY,405,77 Years,88,41,47,72,34,38,14,6,8,1,0,1,1,1,0
SAN AUGUSTINE COUNTY,405,78 Years,75,36,39,64,29,35,8,5,3,3,2,1,0,0,0
SAN AUGUSTINE COUNTY,405,79 Years,55,30,25,46,26,20,8,4,4,1,0,1,0,0,0
SAN AUGUSTINE COUNTY,405,80 Years,64,31,33,50,25,25,14,6,8,0,0,0,0,0,0
SAN AUGUSTINE COUNTY,405,81 Years,60,26,34,51,21,30,8,4,4,0,0,0,1,1,0
SAN AUGUSTINE COUNTY,405,82 Years,52,22,30,41,17,24,10,4,6,0,0,0,1,1,0
SAN AUGUSTINE COUNTY,405,83 Years,49,21,28,37,15,22,10,5,5,1,1,0,1,0,1
SAN AUGUSTINE COUNTY,405,84 Years,43,17,26,33,12,21,9,4,5,0,0,0,1,1,0
SAN AUGUSTINE COUNTY,405,85 Years +,265,93,172,199,73,126,54,15,39,5,3,2,7,2,5
SAN JACINTO COUNTY,407,All Ages,27748,13670,14078,20430,9965,10465,2874,1436,1438,696,372,324,3748,1897,1851
SAN JACINTO COUNTY,407,< 1 Year,280,142,138,184,91,93,21,13,8,6,4,2,69,34,35
SAN JACINTO COUNTY,407,1 Years,280,139,141,179,90,89,20,13,7,10,4,6,71,32,39
SAN JACINTO COUNTY,407,2 Years,276,133,143,179,87,92,23,14,9,10,3,7,64,29,35
SAN JACINTO COUNTY,407,3 Years,271,134,137,172,88,84,23,12,11,14,5,9,62,29,33
SAN JACINTO COUNTY,407,4 Years,268,137,131,172,91,81,24,11,13,12,6,6,60,29,31
SAN JACINTO COUNTY,407,5 Years,288,151,137,181,99,82,23,11,12,12,7,5,72,34,38
SAN JACINTO COUNTY,407,6 Years,340,172,168,226,106,120,29,22,7,11,6,5,74,38,36
SAN JACINTO COUNTY,407,7 Years,306,163,143,200,104,96,30,20,10,14,7,7,62,32,30
SAN JACINTO COUNTY,407,8 Years,337,186,151,219,114,105,29,20,9,14,9,5,75,43,32
SAN JACINTO COUNTY,407,9 Years,353,187,166,233,117,116,29,19,10,17,13,4,74,38,36
SAN JACINTO COUNTY,407,10 Years,346,174,172,225,111,114,34,17,17,15,12,3,72,34,38
SAN JACINTO COUNTY,407,11 Years,353,171,182,231,109,122,40,21,19,13,7,6,69,34,35
SAN JACINTO COUNTY,407,12 Years,362,179,183,235,117,118,32,16,16,16,8,8,79,38,41
SAN JACINTO COUNTY,407,13 Years,370,184,186,233,121,112,32,16,16,16,7,9,89,40,49
SAN JACINTO COUNTY,407,14 Years,380,182,198,234,115,119,35,19,16,15,6,9,96,42,54
SAN JACINTO COUNTY,407,15 Years,399,191,208,253,123,130,41,20,21,11,4,7,94,44,50
SAN JACINTO COUNTY,407,16 Years,400,205,195,263,136,127,44,21,23,7,5,2,86,43,43
SAN JACINTO COUNTY,407,17 Years,397,211,186,256,135,121,51,29,22,12,8,4,78,39,39
SAN JACINTO COUNTY,407,18 Years,400,223,177,247,138,109,47,29,18,12,7,5,94,49,45
SAN JACINTO COUNTY,407,19 Years,354,188,166,210,108,102,41,23,18,11,8,3,92,49,43
SAN JACINTO COUNTY,407,20 Years,355,170,185,214,96,118,50,30,20,11,7,4,80,37,43
SAN JACINTO COUNTY,407,21 Years,341,171,170,211,108,103,45,24,21,11,6,5,74,33,41
SAN JACINTO COUNTY,407,22 Years,324,164,160,204,109,95,40,16,24,11,8,3,69,31,38
SAN JACINTO COUNTY,407,23 Years,343,166,177,215,103,112,43,19,24,17,8,9,68,36,32
SAN JACINTO COUNTY,407,24 Years,330,166,164,221,107,114,39,23,16,11,7,4,59,29,30
SAN JACINTO COUNTY,407,25 Years,326,162,164,221,107,114,36,18,18,8,4,4,61,33,28
SAN JACINTO COUNTY,407,26 Years,296,147,149,195,94,101,32,15,17,10,5,5,59,33,26
SAN JACINTO COUNTY,407,27 Years,279,149,130,186,96,90,27,12,15,4,2,2,62,39,23
SAN JACINTO COUNTY,407,28 Years,273,150,123,174,95,79,27,14,13,6,3,3,66,38,28
SAN JACINTO COUNTY,407,29 Years,252,142,110,159,88,71,31,18,13,8,4,4,54,32,22
SAN JACINTO COUNTY,407,30 Years,223,121,102,155,84,71,29,15,14,2,1,1,37,21,16
SAN JACINTO COUNTY,407,31 Years,228,115,113,159,76,83,26,17,9,3,3,0,40,19,21
SAN JACINTO COUNTY,407,32 Years,258,129,129,182,88,94,24,14,10,5,4,1,47,23,24
SAN JACINTO COUNTY,407,33 Years,258,124,134,170,82,88,30,13,17,7,5,2,51,24,27
SAN JACINTO COUNTY,407,34 Years,254,118,136,177,78,99,23,13,10,5,4,1,49,23,26
SAN JACINTO COUNTY,407,35 Years,267,125,142,185,82,103,24,14,10,7,4,3,51,25,26
SAN JACINTO COUNTY,407,36 Years,291,142,149,203,99,104,29,13,16,8,4,4,51,26,25
SAN JACINTO COUNTY,407,37 Years,280,140,140,199,98,101,32,18,14,3,1,2,46,23,23
SAN JACINTO COUNTY,407,38 Years,289,134,155,209,90,119,35,19,16,4,3,1,41,22,19
SAN JACINTO COUNTY,407,39 Years,271,132,139,192,89,103,29,14,15,6,4,2,44,25,19
SAN JACINTO COUNTY,407,40 Years,288,146,142,203,103,100,29,15,14,1,1,0,55,27,28
SAN JACINTO COUNTY,407,41 Years,285,134,151,209,98,111,26,13,13,4,1,3,46,22,24
SAN JACINTO COUNTY,407,42 Years,304,147,157,224,108,116,34,16,18,3,1,2,43,22,21
SAN JACINTO COUNTY,407,43 Years,328,172,156,244,130,114,35,15,20,4,2,2,45,25,20
SAN JACINTO COUNTY,407,44 Years,334,163,171,253,128,125,31,12,19,3,2,1,47,21,26
SAN JACINTO COUNTY,407,45 Years,309,145,164,233,113,120,35,16,19,6,2,4,35,14,21
SAN JACINTO COUNTY,407,46 Years,333,162,171,243,124,119,41,16,25,7,4,3,42,18,24
SAN JACINTO COUNTY,407,47 Years,320,163,157,235,122,113,33,17,16,5,1,4,47,23,24
SAN JACINTO COUNTY,407,48 Years,291,148,143,210,110,100,31,12,19,7,2,5,43,24,19
SAN JACINTO COUNTY,407,49 Years,281,138,143,217,106,111,25,9,16,5,3,2,34,20,14
SAN JACINTO COUNTY,407,50 Years,321,158,163,247,120,127,33,15,18,7,4,3,34,19,15
SAN JACINTO COUNTY,407,51 Years,340,159,181,250,115,135,39,18,21,8,3,5,43,23,20
SAN JACINTO COUNTY,407,52 Years,381,186,195,286,133,153,45,22,23,10,5,5,40,26,14
SAN JACINTO COUNTY,407,53 Years,418,214,204,323,160,163,49,26,23,10,5,5,36,23,13
SAN JACINTO COUNTY,407,54 Years,429,212,217,336,167,169,45,22,23,14,7,7,34,16,18
SAN JACINTO COUNTY,407,55 Years,443,205,238,348,162,186,50,25,25,14,6,8,31,12,19
SAN JACINTO COUNTY,407,56 Years,481,236,245,384,183,201,57,29,28,13,9,4,27,15,12
SAN JACINTO COUNTY,407,57 Years,486,231,255,389,184,205,58,26,32,12,6,6,27,15,12
SAN JACINTO COUNTY,407,58 Years,483,228,255,389,185,204,53,24,29,10,4,6,31,15,16
SAN JACINTO COUNTY,407,59 Years,494,240,254,405,194,211,50,24,26,6,2,4,33,20,13
SAN JACINTO COUNTY,407,60 Years,473,231,242,393,192,201,46,23,23,7,2,5,27,14,13
SAN JACINTO COUNTY,407,61 Years,468,222,246,377,181,196,61,28,33,8,2,6,22,11,11
SAN JACINTO COUNTY,407,62 Years,432,204,228,350,161,189,53,26,27,8,4,4,21,13,8
SAN JACINTO COUNTY,407,63 Years,424,197,227,351,161,190,44,22,22,6,3,3,23,11,12
SAN JACINTO COUNTY,407,64 Years,420,185,235,343,151,192,43,22,21,8,2,6,26,10,16
SAN JACINTO COUNTY,407,65 Years,408,195,213,327,154,173,49,22,27,10,6,4,22,13,9
SAN JACINTO COUNTY,407,66 Years,429,201,228,356,166,190,46,21,25,12,6,6,15,8,7
SAN JACINTO COUNTY,407,67 Years,403,191,212,343,158,185,36,19,17,11,9,2,13,5,8
SAN JACINTO COUNTY,407,68 Years,378,181,197,323,152,171,36,18,18,7,5,2,12,6,6
SAN JACINTO COUNTY,407,69 Years,378,180,198,320,146,174,34,17,17,9,7,2,15,10,5
SAN JACINTO COUNTY,407,70 Years,321,151,170,267,123,144,29,15,14,9,4,5,16,9,7
SAN JACINTO COUNTY,407,71 Years,321,164,157,274,142,132,30,14,16,6,2,4,11,6,5
SAN JACINTO COUNTY,407,72 Years,315,158,157,271,140,131,27,12,15,5,1,4,12,5,7
SAN JACINTO COUNTY,407,73 Years,315,158,157,275,141,134,25,12,13,5,1,4,10,4,6
SAN JACINTO COUNTY,407,74 Years,296,143,153,263,127,136,22,10,12,3,2,1,8,4,4
SAN JACINTO COUNTY,407,75 Years,263,129,134,235,115,120,19,7,12,3,3,0,6,4,2
SAN JACINTO COUNTY,407,76 Years,241,119,122,212,105,107,19,8,11,3,2,1,7,4,3
SAN JACINTO COUNTY,407,77 Years,208,111,97,178,94,84,18,8,10,5,4,1,7,5,2
SAN JACINTO COUNTY,407,78 Years,177,87,90,150,74,76,17,7,10,2,1,1,8,5,3
SAN JACINTO COUNTY,407,79 Years,162,73,89,136,63,73,17,6,11,3,2,1,6,2,4
SAN JACINTO COUNTY,407,80 Years,163,75,88,140,66,74,15,6,9,4,1,3,4,2,2
SAN JACINTO COUNTY,407,81 Years,162,70,92,140,61,79,14,6,8,2,1,1,6,2,4
SAN JACINTO COUNTY,407,82 Years,137,66,71,117,57,60,13,5,8,1,1,0,6,3,3
SAN JACINTO COUNTY,407,83 Years,116,61,55,94,49,45,10,4,6,2,2,0,10,6,4
SAN JACINTO COUNTY,407,84 Years,102,47,55,84,39,45,9,4,5,3,1,2,6,3,3
SAN JACINTO COUNTY,407,85 Years +,389,165,224,320,133,187,44,17,27,10,5,5,15,10,5
SAN PATRICIO COUNTY,409,All Ages,66237,33109,33128,25894,13017,12877,948,518,430,1577,745,832,37818,18829,18989
SAN PATRICIO COUNTY,409,< 1 Year,1105,559,546,290,150,140,15,9,6,32,14,18,768,386,382
SAN PATRICIO COUNTY,409,1 Years,1106,556,550,298,151,147,13,8,5,33,13,20,762,384,378
SAN PATRICIO COUNTY,409,2 Years,1089,548,541,300,155,145,13,6,7,28,12,16,748,375,373
SAN PATRICIO COUNTY,409,3 Years,1053,530,523,303,155,148,12,6,6,29,11,18,709,358,351
SAN PATRICIO COUNTY,409,4 Years,998,514,484,292,155,137,11,4,7,27,11,16,668,344,324
SAN PATRICIO COUNTY,409,5 Years,974,498,476,290,150,140,10,4,6,32,14,18,642,330,312
SAN PATRICIO COUNTY,409,6 Years,1054,535,519,308,143,165,13,6,7,29,14,15,704,372,332
SAN PATRICIO COUNTY,409,7 Years,935,470,465,262,128,134,12,5,7,29,15,14,632,322,310
SAN PATRICIO COUNTY,409,8 Years,901,454,447,262,144,118,7,1,6,27,11,16,605,298,307
SAN PATRICIO COUNTY,409,9 Years,916,466,450,271,149,122,8,2,6,32,14,18,605,301,304
SAN PATRICIO COUNTY,409,10 Years,911,455,456,249,127,122,8,3,5,36,17,19,618,308,310
SAN PATRICIO COUNTY,409,11 Years,1003,516,487,260,140,120,12,9,3,40,21,19,691,346,345
SAN PATRICIO COUNTY,409,12 Years,992,516,476,282,156,126,14,8,6,34,21,13,662,331,331
SAN PATRICIO COUNTY,409,13 Years,946,496,450,298,157,141,18,11,7,29,20,9,601,308,293
SAN PATRICIO COUNTY,409,14 Years,983,498,485,312,153,159,14,7,7,27,17,10,630,321,309
SAN PATRICIO COUNTY,409,15 Years,1056,563,493,327,185,142,13,7,6,22,13,9,694,358,336
SAN PATRICIO COUNTY,409,16 Years,1034,549,485,307,165,142,12,5,7,21,11,10,694,368,326
SAN PATRICIO COUNTY,409,17 Years,995,498,497,312,165,147,15,5,10,25,10,15,643,318,325
SAN PATRICIO COUNTY,409,18 Years,945,501,444,294,163,131,13,7,6,20,9,11,618,322,296
SAN PATRICIO COUNTY,409,19 Years,921,503,418,276,152,124,10,8,2,27,13,14,608,330,278
SAN PATRICIO COUNTY,409,20 Years,926,481,445,267,136,131,8,5,3,23,12,11,628,328,300
SAN PATRICIO COUNTY,409,21 Years,957,514,443,296,158,138,18,10,8,23,13,10,620,333,287
SAN PATRICIO COUNTY,409,22 Years,969,524,445,309,162,147,15,8,7,31,19,12,614,335,279
SAN PATRICIO COUNTY,409,23 Years,946,494,452,307,152,155,18,8,10,30,17,13,591,317,274
SAN PATRICIO COUNTY,409,24 Years,934,508,426,299,165,134,14,8,6,19,12,7,602,323,279
SAN PATRICIO COUNTY,409,25 Years,843,447,396,283,151,132,12,8,4,19,10,9,529,278,251
SAN PATRICIO COUNTY,409,26 Years,813,437,376,275,154,121,9,6,3,16,11,5,513,266,247
SAN PATRICIO COUNTY,409,27 Years,739,392,347,253,129,124,12,6,6,12,9,3,462,248,214
SAN PATRICIO COUNTY,409,28 Years,688,358,330,263,140,123,11,8,3,11,5,6,403,205,198
SAN PATRICIO COUNTY,409,29 Years,710,361,349,266,137,129,12,9,3,18,9,9,414,206,208
SAN PATRICIO COUNTY,409,30 Years,660,324,336,239,126,113,7,5,2,17,7,10,397,186,211
SAN PATRICIO COUNTY,409,31 Years,676,352,324,252,143,109,12,7,5,11,5,6,401,197,204
SAN PATRICIO COUNTY,409,32 Years,693,354,339,238,130,108,12,7,5,14,6,8,429,211,218
SAN PATRICIO COUNTY,409,33 Years,732,352,380,269,134,135,15,10,5,13,7,6,435,201,234
SAN PATRICIO COUNTY,409,34 Years,727,356,371,254,121,133,15,8,7,11,7,4,447,220,227
SAN PATRICIO COUNTY,409,35 Years,723,361,362,263,134,129,12,6,6,16,9,7,432,212,220
SAN PATRICIO COUNTY,409,36 Years,760,370,390,274,130,144,10,6,4,14,5,9,462,229,233
SAN PATRICIO COUNTY,409,37 Years,750,382,368,272,135,137,12,9,3,11,6,5,455,232,223
SAN PATRICIO COUNTY,409,38 Years,704,352,352,266,137,129,13,5,8,15,10,5,410,200,210
SAN PATRICIO COUNTY,409,39 Years,711,350,361,275,137,138,10,4,6,23,9,14,403,200,203
SAN PATRICIO COUNTY,409,40 Years,717,365,352,259,136,123,13,8,5,22,10,12,423,211,212
SAN PATRICIO COUNTY,409,41 Years,696,348,348,262,130,132,8,4,4,24,11,13,402,203,199
SAN PATRICIO COUNTY,409,42 Years,670,322,348,257,124,133,7,3,4,18,9,9,388,186,202
SAN PATRICIO COUNTY,409,43 Years,728,348,380,292,142,150,10,5,5,12,6,6,414,195,219
SAN PATRICIO COUNTY,409,44 Years,770,367,403,314,156,158,14,7,7,15,5,10,427,199,228
SAN PATRICIO COUNTY,409,45 Years,821,397,424,328,160,168,17,13,4,13,5,8,463,219,244
SAN PATRICIO COUNTY,409,46 Years,842,395,447,355,157,198,14,9,5,14,7,7,459,222,237
SAN PATRICIO COUNTY,409,47 Years,785,404,381,319,161,158,12,6,6,18,10,8,436,227,209
SAN PATRICIO COUNTY,409,48 Years,769,372,397,298,154,144,10,6,4,24,10,14,437,202,235
SAN PATRICIO COUNTY,409,49 Years,764,375,389,307,159,148,14,8,6,17,6,11,426,202,224
SAN PATRICIO COUNTY,409,50 Years,835,408,427,364,189,175,12,7,5,12,4,8,447,208,239
SAN PATRICIO COUNTY,409,51 Years,894,427,467,398,198,200,13,7,6,18,8,10,465,214,251
SAN PATRICIO COUNTY,409,52 Years,887,437,450,395,197,198,16,10,6,17,6,11,459,224,235
SAN PATRICIO COUNTY,409,53 Years,895,454,441,400,193,207,15,9,6,23,10,13,457,242,215
SAN PATRICIO COUNTY,409,54 Years,910,440,470,419,201,218,16,10,6,22,9,13,453,220,233
SAN PATRICIO COUNTY,409,55 Years,932,471,461,463,238,225,17,11,6,21,10,11,431,212,219
SAN PATRICIO COUNTY,409,56 Years,930,450,480,452,216,236,11,5,6,23,11,12,444,218,226
SAN PATRICIO COUNTY,409,57 Years,893,447,446,452,228,224,10,5,5,26,9,17,405,205,200
SAN PATRICIO COUNTY,409,58 Years,859,420,439,432,214,218,16,8,8,28,11,17,383,187,196
SAN PATRICIO COUNTY,409,59 Years,829,414,415,412,208,204,11,6,5,25,10,15,381,190,191
SAN PATRICIO COUNTY,409,60 Years,833,411,422,399,202,197,13,6,7,19,7,12,402,196,206
SAN PATRICIO COUNTY,409,61 Years,844,441,403,396,211,185,15,8,7,16,7,9,417,215,202
SAN PATRICIO COUNTY,409,62 Years,861,434,427,428,217,211,17,11,6,19,8,11,397,198,199
SAN PATRICIO COUNTY,409,63 Years,802,405,397,396,206,190,10,8,2,17,7,10,379,184,195
SAN PATRICIO COUNTY,409,64 Years,724,366,358,384,196,188,9,5,4,13,7,6,318,158,160
SAN PATRICIO COUNTY,409,65 Years,701,337,364,354,170,184,6,2,4,17,9,8,324,156,168
SAN PATRICIO COUNTY,409,66 Years,700,347,353,352,172,180,9,5,4,12,6,6,327,164,163
SAN PATRICIO COUNTY,409,67 Years,677,327,350,336,158,178,7,5,2,12,7,5,322,157,165
SAN PATRICIO COUNTY,409,68 Years,696,349,347,356,179,177,8,6,2,15,7,8,317,157,160
SAN PATRICIO COUNTY,409,69 Years,695,335,360,369,177,192,11,7,4,10,6,4,305,145,160
SAN PATRICIO COUNTY,409,70 Years,571,279,292,272,132,140,5,2,3,14,4,10,280,141,139
SAN PATRICIO COUNTY,409,71 Years,562,267,295,284,131,153,6,4,2,11,1,10,261,131,130
SAN PATRICIO COUNTY,409,72 Years,547,255,292,288,132,156,6,4,2,12,2,10,241,117,124
SAN PATRICIO COUNTY,409,73 Years,498,222,276,275,126,149,6,3,3,10,2,8,207,91,116
SAN PATRICIO COUNTY,409,74 Years,421,191,230,245,120,125,4,1,3,10,4,6,162,66,96
SAN PATRICIO COUNTY,409,75 Years,406,188,218,239,121,118,3,2,1,6,3,3,158,62,96
SAN PATRICIO COUNTY,409,76 Years,372,178,194,202,98,104,5,1,4,4,1,3,161,78,83
SAN PATRICIO COUNTY,409,77 Years,333,150,183,194,87,107,3,1,2,5,3,2,131,59,72
SAN PATRICIO COUNTY,409,78 Years,351,155,196,209,93,116,8,3,5,6,3,3,128,56,72
SAN PATRICIO COUNTY,409,79 Years,293,141,152,176,86,90,6,3,3,3,2,1,108,50,58
SAN PATRICIO COUNTY,409,80 Years,279,127,152,170,84,86,6,2,4,2,1,1,101,40,61
SAN PATRICIO COUNTY,409,81 Years,293,131,162,170,76,94,6,3,3,3,1,2,114,51,63
SAN PATRICIO COUNTY,409,82 Years,266,124,142,158,77,81,5,2,3,3,3,0,100,42,58
SAN PATRICIO COUNTY,409,83 Years,230,109,121,134,66,68,5,4,1,3,3,0,88,36,52
SAN PATRICIO COUNTY,409,84 Years,217,88,129,124,52,72,3,3,0,4,0,4,86,33,53
SAN PATRICIO COUNTY,409,85 Years +,1061,397,664,593,233,360,20,6,14,13,5,8,435,153,282
SAN SABA COUNTY,411,All Ages,6219,3424,2795,3988,2069,1919,195,182,13,87,38,49,1949,1135,814
SAN SABA COUNTY,411,< 1 Year,60,30,30,31,14,17,0,0,0,1,0,1,28,16,12
SAN SABA COUNTY,411,1 Years,62,30,32,32,14,18,0,0,0,0,0,0,30,16,14
SAN SABA COUNTY,411,2 Years,63,32,31,34,16,18,0,0,0,0,0,0,29,16,13
SAN SABA COUNTY,411,3 Years,63,29,34,33,17,16,0,0,0,0,0,0,30,12,18
SAN SABA COUNTY,411,4 Years,65,29,36,35,19,16,0,0,0,1,0,1,29,10,19
SAN SABA COUNTY,411,5 Years,67,31,36,37,19,18,0,0,0,2,1,1,28,11,17
SAN SABA COUNTY,411,6 Years,65,32,33,35,13,22,0,0,0,0,0,0,30,19,11
SAN SABA COUNTY,411,7 Years,68,31,37,34,15,19,1,1,0,0,0,0,33,15,18
SAN SABA COUNTY,411,8 Years,76,30,46,35,13,22,0,0,0,1,1,0,40,16,24
SAN SABA COUNTY,411,9 Years,70,32,38,40,18,22,0,0,0,1,1,0,29,13,16
SAN SABA COUNTY,411,10 Years,65,29,36,36,15,21,0,0,0,1,1,0,28,13,15
SAN SABA COUNTY,411,11 Years,58,28,30,28,14,14,0,0,0,1,1,0,29,13,16
SAN SABA COUNTY,411,12 Years,69,36,33,37,20,17,0,0,0,2,2,0,30,14,16
SAN SABA COUNTY,411,13 Years,67,40,27,39,22,17,0,0,0,1,1,0,27,17,10
SAN SABA COUNTY,411,14 Years,67,39,28,31,19,12,0,0,0,3,0,3,33,20,13
SAN SABA COUNTY,411,15 Years,65,37,28,33,17,16,2,1,1,1,0,1,29,19,10
SAN SABA COUNTY,411,16 Years,63,36,27,40,24,16,0,0,0,0,0,0,23,12,11
SAN SABA COUNTY,411,17 Years,58,27,31,39,18,21,0,0,0,1,0,1,18,9,9
SAN SABA COUNTY,411,18 Years,58,32,26,33,17,16,0,0,0,1,0,1,24,15,9
SAN SABA COUNTY,411,19 Years,100,64,36,41,21,20,4,4,0,3,0,3,52,39,13
SAN SABA COUNTY,411,20 Years,104,75,29,51,36,15,7,7,0,1,1,0,45,31,14
SAN SABA COUNTY,411,21 Years,114,82,32,50,35,15,11,11,0,2,0,2,51,36,15
SAN SABA COUNTY,411,22 Years,113,79,34,58,41,17,9,7,2,0,0,0,46,31,15
SAN SABA COUNTY,411,23 Years,129,88,41,58,38,20,10,6,4,1,0,1,60,44,16
SAN SABA COUNTY,411,24 Years,125,91,34,50,34,16,20,18,2,1,0,1,54,39,15
SAN SABA COUNTY,411,25 Years,118,87,31,52,36,16,11,11,0,2,0,2,53,40,13
SAN SABA COUNTY,411,26 Years,106,75,31,46,29,17,13,13,0,0,0,0,47,33,14
SAN SABA COUNTY,411,27 Years,102,73,29,42,27,15,11,11,0,0,0,0,49,35,14
SAN SABA COUNTY,411,28 Years,82,59,23,32,24,8,10,10,0,0,0,0,40,25,15
SAN SABA COUNTY,411,29 Years,93,69,24,47,35,12,12,12,0,2,1,1,32,21,11
SAN SABA COUNTY,411,30 Years,99,76,23,46,35,11,14,14,0,0,0,0,39,27,12
SAN SABA COUNTY,411,31 Years,95,78,17,47,39,8,15,15,0,0,0,0,33,24,9
SAN SABA COUNTY,411,32 Years,93,70,23,54,38,16,7,7,0,2,1,1,30,24,6
SAN SABA COUNTY,411,33 Years,66,45,21,30,19,11,6,6,0,2,1,1,28,19,9
SAN SABA COUNTY,411,34 Years,69,48,21,37,27,10,6,6,0,2,2,0,24,13,11
SAN SABA COUNTY,411,35 Years,69,40,29,36,19,17,6,6,0,0,0,0,27,15,12
SAN SABA COUNTY,411,36 Years,41,23,18,22,10,12,1,1,0,0,0,0,18,12,6
SAN SABA COUNTY,411,37 Years,36,20,16,21,11,10,2,2,0,1,1,0,12,6,6
SAN SABA COUNTY,411,38 Years,38,18,20,25,10,15,2,2,0,1,1,0,10,5,5
SAN SABA COUNTY,411,39 Years,40,16,24,24,9,15,1,1,0,2,1,1,13,5,8
SAN SABA COUNTY,411,40 Years,36,13,23,22,6,16,3,3,0,0,0,0,11,4,7
SAN SABA COUNTY,411,41 Years,53,27,26,32,14,18,3,3,0,0,0,0,18,10,8
SAN SABA COUNTY,411,42 Years,53,28,25,32,17,15,2,1,1,0,0,0,19,10,9
SAN SABA COUNTY,411,43 Years,50,26,24,29,18,11,0,0,0,0,0,0,21,8,13
SAN SABA COUNTY,411,44 Years,56,26,30,32,17,15,0,0,0,4,1,3,20,8,12
SAN SABA COUNTY,411,45 Years,55,26,29,35,18,17,0,0,0,3,0,3,17,8,9
SAN SABA COUNTY,411,46 Years,66,31,35,44,21,23,0,0,0,0,0,0,22,10,12
SAN SABA COUNTY,411,47 Years,73,39,34,44,22,22,1,1,0,1,1,0,27,15,12
SAN SABA COUNTY,411,48 Years,58,31,27,34,17,17,0,0,0,0,0,0,24,14,10
SAN SABA COUNTY,411,49 Years,52,26,26,30,13,17,0,0,0,0,0,0,22,13,9
SAN SABA COUNTY,411,50 Years,67,41,26,39,25,14,0,0,0,1,1,0,27,15,12
SAN SABA COUNTY,411,51 Years,75,43,32,50,29,21,0,0,0,1,1,0,24,13,11
SAN SABA COUNTY,411,52 Years,76,39,37,60,28,32,0,0,0,1,1,0,15,10,5
SAN SABA COUNTY,411,53 Years,71,35,36,54,23,31,0,0,0,0,0,0,17,12,5
SAN SABA COUNTY,411,54 Years,70,34,36,41,18,23,0,0,0,4,3,1,25,13,12
SAN SABA COUNTY,411,55 Years,78,37,41,50,21,29,1,1,0,3,2,1,24,13,11
SAN SABA COUNTY,411,56 Years,81,41,40,56,27,29,0,0,0,3,1,2,22,13,9
SAN SABA COUNTY,411,57 Years,88,45,43,69,34,35,0,0,0,1,0,1,18,11,7
SAN SABA COUNTY,411,58 Years,84,44,40,65,31,34,0,0,0,2,1,1,17,12,5
SAN SABA COUNTY,411,59 Years,72,29,43,54,21,33,0,0,0,2,0,2,16,8,8
SAN SABA COUNTY,411,60 Years,82,32,50,66,29,37,0,0,0,2,0,2,14,3,11
SAN SABA COUNTY,411,61 Years,79,36,43,67,32,35,0,0,0,2,0,2,10,4,6
SAN SABA COUNTY,411,62 Years,100,53,47,84,44,40,0,0,0,0,0,0,16,9,7
SAN SABA COUNTY,411,63 Years,95,46,49,82,38,44,0,0,0,0,0,0,13,8,5
SAN SABA COUNTY,411,64 Years,97,47,50,83,37,46,1,1,0,0,0,0,13,9,4
SAN SABA COUNTY,411,65 Years,98,49,49,86,43,43,0,0,0,1,1,0,11,5,6
SAN SABA COUNTY,411,66 Years,84,44,40,76,40,36,0,0,0,0,0,0,8,4,4
SAN SABA COUNTY,411,67 Years,80,37,43,69,31,38,0,0,0,2,2,0,9,4,5
SAN SABA COUNTY,411,68 Years,92,40,52,79,35,44,0,0,0,3,1,2,10,4,6
SAN SABA COUNTY,411,69 Years,103,52,51,86,44,42,0,0,0,2,1,1,15,7,8
SAN SABA COUNTY,411,70 Years,89,42,47,72,34,38,0,0,0,1,1,0,16,7,9
SAN SABA COUNTY,411,71 Years,79,42,37,67,35,32,0,0,0,1,1,0,11,6,5
SAN SABA COUNTY,411,72 Years,77,34,43,63,27,36,0,0,0,2,1,1,12,6,6
SAN SABA COUNTY,411,73 Years,65,33,32,55,26,29,0,0,0,1,1,0,9,6,3
SAN SABA COUNTY,411,74 Years,57,30,27,50,26,24,0,0,0,1,0,1,6,4,2
SAN SABA COUNTY,411,75 Years,58,33,25,52,29,23,0,0,0,0,0,0,6,4,2
SAN SABA COUNTY,411,76 Years,48,26,22,39,20,19,0,0,0,0,0,0,9,6,3
SAN SABA COUNTY,411,77 Years,45,24,21,35,19,16,0,0,0,2,0,2,8,5,3
SAN SABA COUNTY,411,78 Years,44,23,21,38,20,18,0,0,0,1,0,1,5,3,2
SAN SABA COUNTY,411,79 Years,35,18,17,31,17,14,0,0,0,0,0,0,4,1,3
SAN SABA COUNTY,411,80 Years,34,19,15,28,16,12,0,0,0,1,0,1,5,3,2
SAN SABA COUNTY,411,81 Years,38,14,24,36,14,22,0,0,0,0,0,0,2,0,2
SAN SABA COUNTY,411,82 Years,34,15,19,30,13,17,1,0,1,0,0,0,3,2,1
SAN SABA COUNTY,411,83 Years,31,14,17,30,14,16,1,0,1,0,0,0,0,0,0
SAN SABA COUNTY,411,84 Years,32,16,16,30,15,15,0,0,0,0,0,0,2,1,1
SAN SABA COUNTY,411,85 Years +,168,58,110,151,54,97,1,0,1,0,0,0,16,4,12
SCHLEICHER COUNTY,413,All Ages,3172,1589,1583,1711,877,834,27,14,13,17,7,10,1417,691,726
SCHLEICHER COUNTY,413,< 1 Year,30,19,11,21,13,8,0,0,0,0,0,0,9,6,3
SCHLEICHER COUNTY,413,1 Years,31,17,14,17,10,7,0,0,0,0,0,0,14,7,7
SCHLEICHER COUNTY,413,2 Years,36,18,18,19,10,9,0,0,0,0,0,0,17,8,9
SCHLEICHER COUNTY,413,3 Years,40,20,20,19,10,9,0,0,0,0,0,0,21,10,11
SCHLEICHER COUNTY,413,4 Years,43,24,19,24,14,10,0,0,0,0,0,0,19,10,9
SCHLEICHER COUNTY,413,5 Years,43,24,19,28,18,10,0,0,0,0,0,0,15,6,9
SCHLEICHER COUNTY,413,6 Years,71,41,30,46,29,17,1,0,1,0,0,0,24,12,12
SCHLEICHER COUNTY,413,7 Years,61,31,30,36,20,16,0,0,0,0,0,0,25,11,14
SCHLEICHER COUNTY,413,8 Years,56,25,31,30,13,17,0,0,0,0,0,0,26,12,14
SCHLEICHER COUNTY,413,9 Years,62,33,29,32,20,12,2,2,0,0,0,0,28,11,17
SCHLEICHER COUNTY,413,10 Years,62,39,23,33,23,10,2,1,1,0,0,0,27,15,12
SCHLEICHER COUNTY,413,11 Years,60,39,21,31,22,9,1,1,0,0,0,0,28,16,12
SCHLEICHER COUNTY,413,12 Years,53,31,22,31,20,11,0,0,0,1,1,0,21,10,11
SCHLEICHER COUNTY,413,13 Years,49,26,23,27,15,12,0,0,0,1,1,0,21,10,11
SCHLEICHER COUNTY,413,14 Years,57,25,32,32,14,18,1,1,0,1,1,0,23,9,14
SCHLEICHER COUNTY,413,15 Years,62,29,33,29,15,14,1,1,0,1,0,1,31,13,18
SCHLEICHER COUNTY,413,16 Years,51,26,25,25,14,11,1,0,1,0,0,0,25,12,13
SCHLEICHER COUNTY,413,17 Years,56,26,30,31,17,14,1,0,1,0,0,0,24,9,15
SCHLEICHER COUNTY,413,18 Years,55,29,26,27,15,12,0,0,0,1,0,1,27,14,13
SCHLEICHER COUNTY,413,19 Years,41,17,24,19,9,10,1,0,1,0,0,0,21,8,13
SCHLEICHER COUNTY,413,20 Years,36,16,20,15,7,8,0,0,0,0,0,0,21,9,12
SCHLEICHER COUNTY,413,21 Years,47,25,22,17,7,10,0,0,0,0,0,0,30,18,12
SCHLEICHER COUNTY,413,22 Years,39,20,19,15,7,8,0,0,0,0,0,0,24,13,11
SCHLEICHER COUNTY,413,23 Years,42,20,22,15,9,6,2,1,1,0,0,0,25,10,15
SCHLEICHER COUNTY,413,24 Years,42,22,20,17,10,7,1,1,0,1,1,0,23,10,13
SCHLEICHER COUNTY,413,25 Years,32,14,18,14,6,8,0,0,0,0,0,0,18,8,10
SCHLEICHER COUNTY,413,26 Years,35,14,21,10,3,7,0,0,0,0,0,0,25,11,14
SCHLEICHER COUNTY,413,27 Years,29,11,18,9,3,6,0,0,0,0,0,0,20,8,12
SCHLEICHER COUNTY,413,28 Years,32,14,18,15,5,10,1,1,0,0,0,0,16,8,8
SCHLEICHER COUNTY,413,29 Years,30,17,13,15,8,7,1,0,1,0,0,0,14,9,5
SCHLEICHER COUNTY,413,30 Years,37,18,19,20,9,11,0,0,0,0,0,0,17,9,8
SCHLEICHER COUNTY,413,31 Years,41,21,20,20,9,11,0,0,0,0,0,0,21,12,9
SCHLEICHER COUNTY,413,32 Years,38,18,20,18,8,10,0,0,0,0,0,0,20,10,10
SCHLEICHER COUNTY,413,33 Years,26,12,14,9,5,4,0,0,0,0,0,0,17,7,10
SCHLEICHER COUNTY,413,34 Years,34,18,16,16,9,7,0,0,0,1,0,1,17,9,8
SCHLEICHER COUNTY,413,35 Years,38,19,19,15,7,8,0,0,0,0,0,0,23,12,11
SCHLEICHER COUNTY,413,36 Years,38,16,22,17,6,11,0,0,0,0,0,0,21,10,11
SCHLEICHER COUNTY,413,37 Years,34,19,15,15,9,6,0,0,0,0,0,0,19,10,9
SCHLEICHER COUNTY,413,38 Years,32,17,15,13,7,6,0,0,0,0,0,0,19,10,9
SCHLEICHER COUNTY,413,39 Years,27,12,15,14,7,7,0,0,0,0,0,0,13,5,8
SCHLEICHER COUNTY,413,40 Years,32,15,17,17,7,10,0,0,0,0,0,0,15,8,7
SCHLEICHER COUNTY,413,41 Years,25,11,14,15,6,9,0,0,0,0,0,0,10,5,5
SCHLEICHER COUNTY,413,42 Years,33,15,18,16,8,8,0,0,0,0,0,0,17,7,10
SCHLEICHER COUNTY,413,43 Years,35,16,19,17,9,8,0,0,0,0,0,0,18,7,11
SCHLEICHER COUNTY,413,44 Years,43,20,23,23,11,12,0,0,0,0,0,0,20,9,11
SCHLEICHER COUNTY,413,45 Years,47,26,21,25,14,11,0,0,0,0,0,0,22,12,10
SCHLEICHER COUNTY,413,46 Years,37,17,20,19,8,11,0,0,0,0,0,0,18,9,9
SCHLEICHER COUNTY,413,47 Years,35,15,20,16,7,9,0,0,0,1,1,0,18,7,11
SCHLEICHER COUNTY,413,48 Years,28,14,14,15,9,6,0,0,0,1,0,1,12,5,7
SCHLEICHER COUNTY,413,49 Years,30,14,16,13,4,9,0,0,0,1,0,1,16,10,6
SCHLEICHER COUNTY,413,50 Years,35,19,16,14,6,8,1,0,1,0,0,0,20,13,7
SCHLEICHER COUNTY,413,51 Years,33,16,17,14,6,8,0,0,0,1,1,0,18,9,9
SCHLEICHER COUNTY,413,52 Years,36,17,19,18,9,9,1,1,0,0,0,0,17,7,10
SCHLEICHER COUNTY,413,53 Years,38,16,22,19,9,10,2,1,1,0,0,0,17,6,11
SCHLEICHER COUNTY,413,54 Years,41,22,19,18,10,8,1,1,0,0,0,0,22,11,11
SCHLEICHER COUNTY,413,55 Years,29,14,15,15,7,8,1,1,0,0,0,0,13,6,7
SCHLEICHER COUNTY,413,56 Years,34,17,17,20,8,12,0,0,0,0,0,0,14,9,5
SCHLEICHER COUNTY,413,57 Years,33,17,16,19,9,10,0,0,0,0,0,0,14,8,6
SCHLEICHER COUNTY,413,58 Years,31,16,15,16,8,8,1,1,0,0,0,0,14,7,7
SCHLEICHER COUNTY,413,59 Years,36,17,19,21,10,11,0,0,0,0,0,0,15,7,8
SCHLEICHER COUNTY,413,60 Years,40,20,20,25,12,13,0,0,0,0,0,0,15,8,7
SCHLEICHER COUNTY,413,61 Years,37,17,20,26,12,14,0,0,0,0,0,0,11,5,6
SCHLEICHER COUNTY,413,62 Years,38,21,17,22,13,9,0,0,0,0,0,0,16,8,8
SCHLEICHER COUNTY,413,63 Years,46,27,19,32,19,13,0,0,0,0,0,0,14,8,6
SCHLEICHER COUNTY,413,64 Years,42,22,20,31,16,15,0,0,0,1,0,1,10,6,4
SCHLEICHER COUNTY,413,65 Years,42,26,16,27,16,11,0,0,0,1,0,1,14,10,4
SCHLEICHER COUNTY,413,66 Years,41,22,19,21,11,10,0,0,0,0,0,0,20,11,9
SCHLEICHER COUNTY,413,67 Years,38,18,20,22,10,12,0,0,0,0,0,0,16,8,8
SCHLEICHER COUNTY,413,68 Years,35,18,17,22,11,11,1,0,1,0,0,0,12,7,5
SCHLEICHER COUNTY,413,69 Years,39,18,21,26,13,13,0,0,0,0,0,0,13,5,8
SCHLEICHER COUNTY,413,70 Years,30,15,15,20,11,9,1,0,1,0,0,0,9,4,5
SCHLEICHER COUNTY,413,71 Years,23,12,11,16,8,8,0,0,0,0,0,0,7,4,3
SCHLEICHER COUNTY,413,72 Years,25,12,13,20,10,10,0,0,0,1,0,1,4,2,2
SCHLEICHER COUNTY,413,73 Years,28,13,15,20,8,12,0,0,0,1,0,1,7,5,2
SCHLEICHER COUNTY,413,74 Years,23,13,10,15,10,5,0,0,0,1,0,1,7,3,4
SCHLEICHER COUNTY,413,75 Years,24,9,15,18,7,11,0,0,0,1,1,0,5,1,4
SCHLEICHER COUNTY,413,76 Years,26,13,13,17,8,9,0,0,0,0,0,0,9,5,4
SCHLEICHER COUNTY,413,77 Years,17,8,9,12,5,7,0,0,0,0,0,0,5,3,2
SCHLEICHER COUNTY,413,78 Years,14,4,10,12,3,9,0,0,0,0,0,0,2,1,1
SCHLEICHER COUNTY,413,79 Years,17,7,10,12,6,6,1,0,1,0,0,0,4,1,3
SCHLEICHER COUNTY,413,80 Years,20,8,12,16,7,9,0,0,0,0,0,0,4,1,3
SCHLEICHER COUNTY,413,81 Years,13,7,6,10,6,4,0,0,0,0,0,0,3,1,2
SCHLEICHER COUNTY,413,82 Years,17,7,10,12,5,7,0,0,0,0,0,0,5,2,3
SCHLEICHER COUNTY,413,83 Years,11,4,7,8,3,5,0,0,0,0,0,0,3,1,2
SCHLEICHER COUNTY,413,84 Years,15,8,7,9,4,5,0,0,0,0,0,0,6,4,2
SCHLEICHER COUNTY,413,85 Years +,52,24,28,34,16,18,1,0,1,0,0,0,17,8,9
SCURRY COUNTY,415,All Ages,17520,9427,8093,9290,4821,4469,766,564,202,261,128,133,7203,3914,3289
SCURRY COUNTY,415,< 1 Year,238,123,115,80,43,37,3,1,2,8,5,3,147,74,73
SCURRY COUNTY,415,1 Years,236,121,115,84,43,41,3,1,2,9,5,4,140,72,68
SCURRY COUNTY,415,2 Years,230,111,119,83,42,41,3,1,2,5,2,3,139,66,73
SCURRY COUNTY,415,3 Years,247,119,128,90,44,46,4,2,2,6,3,3,147,70,77
SCURRY COUNTY,415,4 Years,246,126,120,89,47,42,3,2,1,3,2,1,151,75,76
SCURRY COUNTY,415,5 Years,267,135,132,93,45,48,4,2,2,4,2,2,166,86,80
SCURRY COUNTY,415,6 Years,242,125,117,88,48,40,3,0,3,4,1,3,147,76,71
SCURRY COUNTY,415,7 Years,252,137,115,96,51,45,4,2,2,5,3,2,147,81,66
SCURRY COUNTY,415,8 Years,263,141,122,104,57,47,4,1,3,5,2,3,150,81,69
SCURRY COUNTY,415,9 Years,255,142,113,108,62,46,5,4,1,4,3,1,138,73,65
SCURRY COUNTY,415,10 Years,269,148,121,100,52,48,5,4,1,5,2,3,159,90,69
SCURRY COUNTY,415,11 Years,255,141,114,93,49,44,7,4,3,6,3,3,149,85,64
SCURRY COUNTY,415,12 Years,237,126,111,87,50,37,5,5,0,8,4,4,137,67,70
SCURRY COUNTY,415,13 Years,227,111,116,82,40,42,3,3,0,8,2,6,134,66,68
SCURRY COUNTY,415,14 Years,225,112,113,94,45,49,4,3,1,6,1,5,121,63,58
SCURRY COUNTY,415,15 Years,235,119,116,105,54,51,3,3,0,5,2,3,122,60,62
SCURRY COUNTY,415,16 Years,228,111,117,99,47,52,4,2,2,4,1,3,121,61,60
SCURRY COUNTY,415,17 Years,219,111,108,97,52,45,5,2,3,6,2,4,111,55,56
SCURRY COUNTY,415,18 Years,224,124,100,101,59,42,9,5,4,8,4,4,106,56,50
SCURRY COUNTY,415,19 Years,260,145,115,117,69,48,11,8,3,6,4,2,126,64,62
SCURRY COUNTY,415,20 Years,237,135,102,95,55,40,13,10,3,3,2,1,126,68,58
SCURRY COUNTY,415,21 Years,238,142,96,85,52,33,19,16,3,4,2,2,130,72,58
SCURRY COUNTY,415,22 Years,246,145,101,99,49,50,18,16,2,6,3,3,123,77,46
SCURRY COUNTY,415,23 Years,262,147,115,106,52,54,16,13,3,4,2,2,136,80,56
SCURRY COUNTY,415,24 Years,287,160,127,125,69,56,12,11,1,4,1,3,146,79,67
SCURRY COUNTY,415,25 Years,297,179,118,129,77,52,23,19,4,2,0,2,143,83,60
SCURRY COUNTY,415,26 Years,299,185,114,157,92,65,37,27,10,2,0,2,103,66,37
SCURRY COUNTY,415,27 Years,253,148,105,128,72,56,27,21,6,2,1,1,96,54,42
SCURRY COUNTY,415,28 Years,207,124,83,109,64,45,15,12,3,1,1,0,82,47,35
SCURRY COUNTY,415,29 Years,205,121,84,104,60,44,13,10,3,1,1,0,87,50,37
SCURRY COUNTY,415,30 Years,219,127,92,97,52,45,21,16,5,2,2,0,99,57,42
SCURRY COUNTY,415,31 Years,223,145,78,93,55,38,26,25,1,4,3,1,100,62,38
SCURRY COUNTY,415,32 Years,205,115,90,99,49,50,17,16,1,3,2,1,86,48,38
SCURRY COUNTY,415,33 Years,200,102,98,98,47,51,10,9,1,2,2,0,90,44,46
SCURRY COUNTY,415,34 Years,238,138,100,111,62,49,9,7,2,3,2,1,115,67,48
SCURRY COUNTY,415,35 Years,232,133,99,103,55,48,12,10,2,3,1,2,114,67,47
SCURRY COUNTY,415,36 Years,213,120,93,110,61,49,10,7,3,5,3,2,88,49,39
SCURRY COUNTY,415,37 Years,202,107,95,103,53,50,6,4,2,4,2,2,89,48,41
SCURRY COUNTY,415,38 Years,191,107,84,96,50,46,14,11,3,4,2,2,77,44,33
SCURRY COUNTY,415,39 Years,200,124,76,106,65,41,12,11,1,3,1,2,79,47,32
SCURRY COUNTY,415,40 Years,207,124,83,105,62,43,15,12,3,2,2,0,85,48,37
SCURRY COUNTY,415,41 Years,184,106,78,98,55,43,14,12,2,1,1,0,71,38,33
SCURRY COUNTY,415,42 Years,200,121,79,103,60,43,14,12,2,2,2,0,81,47,34
SCURRY COUNTY,415,43 Years,192,112,80,97,54,43,11,8,3,5,5,0,79,45,34
SCURRY COUNTY,415,44 Years,212,124,88,112,69,43,9,7,2,4,2,2,87,46,41
SCURRY COUNTY,415,45 Years,232,137,95,129,74,55,9,6,3,6,1,5,88,56,32
SCURRY COUNTY,415,46 Years,195,109,86,111,60,51,6,5,1,4,1,3,74,43,31
SCURRY COUNTY,415,47 Years,189,109,80,105,54,51,15,13,2,1,1,0,68,41,27
SCURRY COUNTY,415,48 Years,200,118,82,111,64,47,8,8,0,1,0,1,80,46,34
SCURRY COUNTY,415,49 Years,201,125,76,103,64,39,12,9,3,0,0,0,86,52,34
SCURRY COUNTY,415,50 Years,213,123,90,116,66,50,12,9,3,1,1,0,84,47,37
SCURRY COUNTY,415,51 Years,208,113,95,125,65,60,12,11,1,1,0,1,70,37,33
SCURRY COUNTY,415,52 Years,215,121,94,126,67,59,13,9,4,2,1,1,74,44,30
SCURRY COUNTY,415,53 Years,248,136,112,160,83,77,5,4,1,3,1,2,80,48,32
SCURRY COUNTY,415,54 Years,224,124,100,149,78,71,8,8,0,2,2,0,65,36,29
SCURRY COUNTY,415,55 Years,229,118,111,156,81,75,11,9,2,3,2,1,59,26,33
SCURRY COUNTY,415,56 Years,239,120,119,164,80,84,11,9,2,3,2,1,61,29,32
SCURRY COUNTY,415,57 Years,233,120,113,152,71,81,8,6,2,1,0,1,72,43,29
SCURRY COUNTY,415,58 Years,227,120,107,147,73,74,8,6,2,2,2,0,70,39,31
SCURRY COUNTY,415,59 Years,227,115,112,149,74,75,11,6,5,4,3,1,63,32,31
SCURRY COUNTY,415,60 Years,217,118,99,146,78,68,8,4,4,2,1,1,61,35,26
SCURRY COUNTY,415,61 Years,233,135,98,159,87,72,10,6,4,1,1,0,63,41,22
SCURRY COUNTY,415,62 Years,236,123,113,157,79,78,15,10,5,0,0,0,64,34,30
SCURRY COUNTY,415,63 Years,195,98,97,134,68,66,8,6,2,2,0,2,51,24,27
SCURRY COUNTY,415,64 Years,200,109,91,140,75,65,9,7,2,3,3,0,48,24,24
SCURRY COUNTY,415,65 Years,201,107,94,148,75,73,5,4,1,2,1,1,46,27,19
SCURRY COUNTY,415,66 Years,159,73,86,112,47,65,6,2,4,3,1,2,38,23,15
SCURRY COUNTY,415,67 Years,164,88,76,119,58,61,2,1,1,2,0,2,41,29,12
SCURRY COUNTY,415,68 Years,163,82,81,130,66,64,2,1,1,1,0,1,30,15,15
SCURRY COUNTY,415,69 Years,171,79,92,135,62,73,5,2,3,1,0,1,30,15,15
SCURRY COUNTY,415,70 Years,126,66,60,91,47,44,3,2,1,1,1,0,31,16,15
SCURRY COUNTY,415,71 Years,113,56,57,81,41,40,1,0,1,1,0,1,30,15,15
SCURRY COUNTY,415,72 Years,124,60,64,85,44,41,2,2,0,1,0,1,36,14,22
SCURRY COUNTY,415,73 Years,134,65,69,96,46,50,3,3,0,2,1,1,33,15,18
SCURRY COUNTY,415,74 Years,102,48,54,72,35,37,4,1,3,0,0,0,26,12,14
SCURRY COUNTY,415,75 Years,101,43,58,77,33,44,3,1,2,0,0,0,21,9,12
SCURRY COUNTY,415,76 Years,103,43,60,80,33,47,5,2,3,2,1,1,16,7,9
SCURRY COUNTY,415,77 Years,105,48,57,82,35,47,5,4,1,0,0,0,18,9,9
SCURRY COUNTY,415,78 Years,102,43,59,77,31,46,4,1,3,1,0,1,20,11,9
SCURRY COUNTY,415,79 Years,91,36,55,73,27,46,4,1,3,0,0,0,14,8,6
SCURRY COUNTY,415,80 Years,81,32,49,66,27,39,2,0,2,1,0,1,12,5,7
SCURRY COUNTY,415,81 Years,79,39,40,57,32,25,2,0,2,1,0,1,19,7,12
SCURRY COUNTY,415,82 Years,76,34,42,53,26,27,3,0,3,1,0,1,19,8,11
SCURRY COUNTY,415,83 Years,60,25,35,46,19,27,4,1,3,0,0,0,10,5,5
SCURRY COUNTY,415,84 Years,59,28,31,41,18,23,8,4,4,0,0,0,10,6,4
SCURRY COUNTY,415,85 Years +,341,122,219,272,88,184,9,4,5,8,3,5,52,27,25
SHACKELFORD COUNTY,417,All Ages,3398,1649,1749,2971,1440,1531,9,4,5,66,26,40,352,179,173
SHACKELFORD COUNTY,417,< 1 Year,40,20,20,34,16,18,0,0,0,3,2,1,3,2,1
SHACKELFORD COUNTY,417,1 Years,38,19,19,32,16,16,0,0,0,2,1,1,4,2,2
SHACKELFORD COUNTY,417,2 Years,37,18,19,33,16,17,0,0,0,0,0,0,4,2,2
SHACKELFORD COUNTY,417,3 Years,37,19,18,32,16,16,0,0,0,0,0,0,5,3,2
SHACKELFORD COUNTY,417,4 Years,38,20,18,33,18,15,0,0,0,0,0,0,5,2,3
SHACKELFORD COUNTY,417,5 Years,38,21,17,34,19,15,0,0,0,0,0,0,4,2,2
SHACKELFORD COUNTY,417,6 Years,44,25,19,39,22,17,0,0,0,1,1,0,4,2,2
SHACKELFORD COUNTY,417,7 Years,37,15,22,29,12,17,0,0,0,3,1,2,5,2,3
SHACKELFORD COUNTY,417,8 Years,37,20,17,32,19,13,0,0,0,1,0,1,4,1,3
SHACKELFORD COUNTY,417,9 Years,55,26,29,46,22,24,0,0,0,3,1,2,6,3,3
SHACKELFORD COUNTY,417,10 Years,51,29,22,38,21,17,1,0,1,3,1,2,9,7,2
SHACKELFORD COUNTY,417,11 Years,47,24,23,36,17,19,1,1,0,4,2,2,6,4,2
SHACKELFORD COUNTY,417,12 Years,39,18,21,33,17,16,0,0,0,1,0,1,5,1,4
SHACKELFORD COUNTY,417,13 Years,38,20,18,33,18,15,0,0,0,0,0,0,5,2,3
SHACKELFORD COUNTY,417,14 Years,51,24,27,41,20,21,1,1,0,1,1,0,8,2,6
SHACKELFORD COUNTY,417,15 Years,49,25,24,41,20,21,1,1,0,1,1,0,6,3,3
SHACKELFORD COUNTY,417,16 Years,42,21,21,35,18,17,1,0,1,1,1,0,5,2,3
SHACKELFORD COUNTY,417,17 Years,53,22,31,42,17,25,0,0,0,1,1,0,10,4,6
SHACKELFORD COUNTY,417,18 Years,47,25,22,37,20,17,0,0,0,1,1,0,9,4,5
SHACKELFORD COUNTY,417,19 Years,33,17,16,25,13,12,0,0,0,1,0,1,7,4,3
SHACKELFORD COUNTY,417,20 Years,34,10,24,30,9,21,0,0,0,1,0,1,3,1,2
SHACKELFORD COUNTY,417,21 Years,49,23,26,40,17,23,0,0,0,0,0,0,9,6,3
SHACKELFORD COUNTY,417,22 Years,48,23,25,34,18,16,0,0,0,2,0,2,12,5,7
SHACKELFORD COUNTY,417,23 Years,48,22,26,36,16,20,0,0,0,2,1,1,10,5,5
SHACKELFORD COUNTY,417,24 Years,56,25,31,48,21,27,0,0,0,2,0,2,6,4,2
SHACKELFORD COUNTY,417,25 Years,44,25,19,39,21,18,0,0,0,1,0,1,4,4,0
SHACKELFORD COUNTY,417,26 Years,38,23,15,31,17,14,0,0,0,0,0,0,7,6,1
SHACKELFORD COUNTY,417,27 Years,27,15,12,21,12,9,0,0,0,0,0,0,6,3,3
SHACKELFORD COUNTY,417,28 Years,22,11,11,18,9,9,0,0,0,0,0,0,4,2,2
SHACKELFORD COUNTY,417,29 Years,29,18,11,24,14,10,0,0,0,0,0,0,5,4,1
SHACKELFORD COUNTY,417,30 Years,33,18,15,27,15,12,0,0,0,1,0,1,5,3,2
SHACKELFORD COUNTY,417,31 Years,38,20,18,33,18,15,0,0,0,0,0,0,5,2,3
SHACKELFORD COUNTY,417,32 Years,26,13,13,23,12,11,0,0,0,1,0,1,2,1,1
SHACKELFORD COUNTY,417,33 Years,22,8,14,19,6,13,0,0,0,2,2,0,1,0,1
SHACKELFORD COUNTY,417,34 Years,24,12,12,21,10,11,0,0,0,0,0,0,3,2,1
SHACKELFORD COUNTY,417,35 Years,26,14,12,23,12,11,0,0,0,0,0,0,3,2,1
SHACKELFORD COUNTY,417,36 Years,31,15,16,28,13,15,0,0,0,1,1,0,2,1,1
SHACKELFORD COUNTY,417,37 Years,26,15,11,24,14,10,0,0,0,0,0,0,2,1,1
SHACKELFORD COUNTY,417,38 Years,20,11,9,18,10,8,0,0,0,0,0,0,2,1,1
SHACKELFORD COUNTY,417,39 Years,24,14,10,23,13,10,0,0,0,0,0,0,1,1,0
SHACKELFORD COUNTY,417,40 Years,31,12,19,28,12,16,0,0,0,0,0,0,3,0,3
SHACKELFORD COUNTY,417,41 Years,40,18,22,34,16,18,0,0,0,0,0,0,6,2,4
SHACKELFORD COUNTY,417,42 Years,35,18,17,29,17,12,0,0,0,0,0,0,6,1,5
SHACKELFORD COUNTY,417,43 Years,33,16,17,28,13,15,0,0,0,0,0,0,5,3,2
SHACKELFORD COUNTY,417,44 Years,35,17,18,29,13,16,0,0,0,1,0,1,5,4,1
SHACKELFORD COUNTY,417,45 Years,41,19,22,38,17,21,1,1,0,0,0,0,2,1,1
SHACKELFORD COUNTY,417,46 Years,40,20,20,34,17,17,0,0,0,0,0,0,6,3,3
SHACKELFORD COUNTY,417,47 Years,37,22,15,31,19,12,0,0,0,0,0,0,6,3,3
SHACKELFORD COUNTY,417,48 Years,38,21,17,32,17,15,0,0,0,1,1,0,5,3,2
SHACKELFORD COUNTY,417,49 Years,43,20,23,35,15,20,0,0,0,1,1,0,7,4,3
SHACKELFORD COUNTY,417,50 Years,43,18,25,39,16,23,0,0,0,0,0,0,4,2,2
SHACKELFORD COUNTY,417,51 Years,44,23,21,38,20,18,0,0,0,1,1,0,5,2,3
SHACKELFORD COUNTY,417,52 Years,42,17,25,35,14,21,0,0,0,0,0,0,7,3,4
SHACKELFORD COUNTY,417,53 Years,53,20,33,44,16,28,0,0,0,1,0,1,8,4,4
SHACKELFORD COUNTY,417,54 Years,60,26,34,54,24,30,0,0,0,1,0,1,5,2,3
SHACKELFORD COUNTY,417,55 Years,70,40,30,64,36,28,0,0,0,1,1,0,5,3,2
SHACKELFORD COUNTY,417,56 Years,60,32,28,55,28,27,0,0,0,0,0,0,5,4,1
SHACKELFORD COUNTY,417,57 Years,59,28,31,57,28,29,0,0,0,1,0,1,1,0,1
SHACKELFORD COUNTY,417,58 Years,63,35,28,57,32,25,0,0,0,2,1,1,4,2,2
SHACKELFORD COUNTY,417,59 Years,52,24,28,47,21,26,0,0,0,2,2,0,3,1,2
SHACKELFORD COUNTY,417,60 Years,61,26,35,57,25,32,0,0,0,1,0,1,3,1,2
SHACKELFORD COUNTY,417,61 Years,58,26,32,55,26,29,0,0,0,1,0,1,2,0,2
SHACKELFORD COUNTY,417,62 Years,58,28,30,55,26,29,0,0,0,0,0,0,3,2,1
SHACKELFORD COUNTY,417,63 Years,47,21,26,44,20,24,0,0,0,0,0,0,3,1,2
SHACKELFORD COUNTY,417,64 Years,39,14,25,36,14,22,0,0,0,1,0,1,2,0,2
SHACKELFORD COUNTY,417,65 Years,39,15,24,37,14,23,0,0,0,0,0,0,2,1,1
SHACKELFORD COUNTY,417,66 Years,49,21,28,46,21,25,0,0,0,0,0,0,3,0,3
SHACKELFORD COUNTY,417,67 Years,49,24,25,46,22,24,0,0,0,0,0,0,3,2,1
SHACKELFORD COUNTY,417,68 Years,49,26,23,45,23,22,0,0,0,0,0,0,4,3,1
SHACKELFORD COUNTY,417,69 Years,45,27,18,41,24,17,0,0,0,0,0,0,4,3,1
SHACKELFORD COUNTY,417,70 Years,38,19,19,35,19,16,0,0,0,2,0,2,1,0,1
SHACKELFORD COUNTY,417,71 Years,30,20,10,28,18,10,0,0,0,1,1,0,1,1,0
SHACKELFORD COUNTY,417,72 Years,30,19,11,29,19,10,0,0,0,0,0,0,1,0,1
SHACKELFORD COUNTY,417,73 Years,37,19,18,32,17,15,0,0,0,2,0,2,3,2,1
SHACKELFORD COUNTY,417,74 Years,38,14,24,34,13,21,0,0,0,1,0,1,3,1,2
SHACKELFORD COUNTY,417,75 Years,27,10,17,25,9,16,0,0,0,0,0,0,2,1,1
SHACKELFORD COUNTY,417,76 Years,23,11,12,23,11,12,0,0,0,0,0,0,0,0,0
SHACKELFORD COUNTY,417,77 Years,24,14,10,22,12,10,0,0,0,0,0,0,2,2,0
SHACKELFORD COUNTY,417,78 Years,25,12,13,23,10,13,0,0,0,0,0,0,2,2,0
SHACKELFORD COUNTY,417,79 Years,21,9,12,20,8,12,0,0,0,0,0,0,1,1,0
SHACKELFORD COUNTY,417,80 Years,21,9,12,20,9,11,1,0,1,0,0,0,0,0,0
SHACKELFORD COUNTY,417,81 Years,20,8,12,20,8,12,0,0,0,0,0,0,0,0,0
SHACKELFORD COUNTY,417,82 Years,21,8,13,19,7,12,0,0,0,0,0,0,2,1,1
SHACKELFORD COUNTY,417,83 Years,18,7,11,16,7,9,1,0,1,1,0,1,0,0,0
SHACKELFORD COUNTY,417,84 Years,14,6,8,13,6,7,1,0,1,0,0,0,0,0,0
SHACKELFORD COUNTY,417,85 Years +,82,27,55,77,27,50,0,0,0,4,0,4,1,0,1
SHELBY COUNTY,419,All Ages,25438,12711,12727,15763,7817,7946,4215,1993,2222,390,184,206,5070,2717,2353
SHELBY COUNTY,419,< 1 Year,365,174,191,178,88,90,46,20,26,16,8,8,125,58,67
SHELBY COUNTY,419,1 Years,351,171,180,169,84,85,46,21,25,17,8,9,119,58,61
SHELBY COUNTY,419,2 Years,351,178,173,173,89,84,45,20,25,20,10,10,113,59,54
SHELBY COUNTY,419,3 Years,343,173,170,168,86,82,40,18,22,15,8,7,120,61,59
SHELBY COUNTY,419,4 Years,345,175,170,169,87,82,43,21,22,9,5,4,124,62,62
SHELBY COUNTY,419,5 Years,337,164,173,157,79,78,46,21,25,8,4,4,126,60,66
SHELBY COUNTY,419,6 Years,362,172,190,170,89,81,56,24,32,9,2,7,127,57,70
SHELBY COUNTY,419,7 Years,363,191,172,177,92,85,63,33,30,10,5,5,113,61,52
SHELBY COUNTY,419,8 Years,363,181,182,183,84,99,67,37,30,9,5,4,104,55,49
SHELBY COUNTY,419,9 Years,358,184,174,188,90,98,68,40,28,8,5,3,94,49,45
SHELBY COUNTY,419,10 Years,370,200,170,195,105,90,62,35,27,8,3,5,105,57,48
SHELBY COUNTY,419,11 Years,375,197,178,202,112,90,60,26,34,9,4,5,104,55,49
SHELBY COUNTY,419,12 Years,378,200,178,202,106,96,62,34,28,5,3,2,109,57,52
SHELBY COUNTY,419,13 Years,372,196,176,186,97,89,68,35,33,5,2,3,113,62,51
SHELBY COUNTY,419,14 Years,361,192,169,186,105,81,54,27,27,6,3,3,115,57,58
SHELBY COUNTY,419,15 Years,386,201,185,206,106,100,62,31,31,4,3,1,114,61,53
SHELBY COUNTY,419,16 Years,368,194,174,190,105,85,69,35,34,5,4,1,104,50,54
SHELBY COUNTY,419,17 Years,349,179,170,194,104,90,60,29,31,4,2,2,91,44,47
SHELBY COUNTY,419,18 Years,335,166,169,191,98,93,48,21,27,4,1,3,92,46,46
SHELBY COUNTY,419,19 Years,302,158,144,166,85,81,51,32,19,6,4,2,79,37,42
SHELBY COUNTY,419,20 Years,287,145,142,153,77,76,57,30,27,5,4,1,72,34,38
SHELBY COUNTY,419,21 Years,294,150,144,156,81,75,58,31,27,4,4,0,76,34,42
SHELBY COUNTY,419,22 Years,309,142,167,168,76,92,57,30,27,4,2,2,80,34,46
SHELBY COUNTY,419,23 Years,344,190,154,188,98,90,66,42,24,8,3,5,82,47,35
SHELBY COUNTY,419,24 Years,350,162,188,180,75,105,79,36,43,7,4,3,84,47,37
SHELBY COUNTY,419,25 Years,343,164,179,182,91,91,77,27,50,7,1,6,77,45,32
SHELBY COUNTY,419,26 Years,326,161,165,187,97,90,67,26,41,5,2,3,67,36,31
SHELBY COUNTY,419,27 Years,315,148,167,174,82,92,52,20,32,8,4,4,81,42,39
SHELBY COUNTY,419,28 Years,316,169,147,172,90,82,57,29,28,4,3,1,83,47,36
SHELBY COUNTY,419,29 Years,293,152,141,152,78,74,55,24,31,3,2,1,83,48,35
SHELBY COUNTY,419,30 Years,286,150,136,147,78,69,54,26,28,2,1,1,83,45,38
SHELBY COUNTY,419,31 Years,275,150,125,140,74,66,48,26,22,3,1,2,84,49,35
SHELBY COUNTY,419,32 Years,277,151,126,143,73,70,44,21,23,4,2,2,86,55,31
SHELBY COUNTY,419,33 Years,269,144,125,145,75,70,44,22,22,6,3,3,74,44,30
SHELBY COUNTY,419,34 Years,251,135,116,126,66,60,47,21,26,2,1,1,76,47,29
SHELBY COUNTY,419,35 Years,277,151,126,150,75,75,43,22,21,1,1,0,83,53,30
SHELBY COUNTY,419,36 Years,273,137,136,158,71,87,43,23,20,2,0,2,70,43,27
SHELBY COUNTY,419,37 Years,277,138,139,153,77,76,41,18,23,5,1,4,78,42,36
SHELBY COUNTY,419,38 Years,290,141,149,158,81,77,46,18,28,3,1,2,83,41,42
SHELBY COUNTY,419,39 Years,268,138,130,136,68,68,43,20,23,4,2,2,85,48,37
SHELBY COUNTY,419,40 Years,282,128,154,149,69,80,40,15,25,2,0,2,91,44,47
SHELBY COUNTY,419,41 Years,307,153,154,172,85,87,47,23,24,3,2,1,85,43,42
SHELBY COUNTY,419,42 Years,306,146,160,175,78,97,47,20,27,2,2,0,82,46,36
SHELBY COUNTY,419,43 Years,270,136,134,162,84,78,40,14,26,1,0,1,67,38,29
SHELBY COUNTY,419,44 Years,292,136,156,185,84,101,44,15,29,2,1,1,61,36,25
SHELBY COUNTY,419,45 Years,324,158,166,210,101,109,53,23,30,3,0,3,58,34,24
SHELBY COUNTY,419,46 Years,325,170,155,203,105,98,56,26,30,3,1,2,63,38,25
SHELBY COUNTY,419,47 Years,329,165,164,221,114,107,54,21,33,1,1,0,53,29,24
SHELBY COUNTY,419,48 Years,284,151,133,179,96,83,57,25,32,0,0,0,48,30,18
SHELBY COUNTY,419,49 Years,295,137,158,194,89,105,57,26,31,3,2,1,41,20,21
SHELBY COUNTY,419,50 Years,281,138,143,176,79,97,51,31,20,3,1,2,51,27,24
SHELBY COUNTY,419,51 Years,308,154,154,191,91,100,67,36,31,2,1,1,48,26,22
SHELBY COUNTY,419,52 Years,316,165,151,195,100,95,76,36,40,3,2,1,42,27,15
SHELBY COUNTY,419,53 Years,325,175,150,211,110,101,70,39,31,6,3,3,38,23,15
SHELBY COUNTY,419,54 Years,326,171,155,230,125,105,59,26,33,5,2,3,32,18,14
SHELBY COUNTY,419,55 Years,332,164,168,237,120,117,64,26,38,1,0,1,30,18,12
SHELBY COUNTY,419,56 Years,367,194,173,262,130,132,68,36,32,2,1,1,35,27,8
SHELBY COUNTY,419,57 Years,356,176,180,253,115,138,60,36,24,4,1,3,39,24,15
SHELBY COUNTY,419,58 Years,363,183,180,262,130,132,63,33,30,4,3,1,34,17,17
SHELBY COUNTY,419,59 Years,345,173,172,256,127,129,61,26,35,2,2,0,26,18,8
SHELBY COUNTY,419,60 Years,346,176,170,257,132,125,64,31,33,3,0,3,22,13,9
SHELBY COUNTY,419,61 Years,332,173,159,243,133,110,65,29,36,6,1,5,18,10,8
SHELBY COUNTY,419,62 Years,295,148,147,208,110,98,66,30,36,2,1,1,19,7,12
SHELBY COUNTY,419,63 Years,308,145,163,239,117,122,47,18,29,2,1,1,20,9,11
SHELBY COUNTY,419,64 Years,305,143,162,242,115,127,43,17,26,4,1,3,16,10,6
SHELBY COUNTY,419,65 Years,312,162,150,239,122,117,53,29,24,4,1,3,16,10,6
SHELBY COUNTY,419,66 Years,309,151,158,236,114,122,50,24,26,4,1,3,19,12,7
SHELBY COUNTY,419,67 Years,287,147,140,227,117,110,42,20,22,2,1,1,16,9,7
SHELBY COUNTY,419,68 Years,301,155,146,253,128,125,33,17,16,3,1,2,12,9,3
SHELBY COUNTY,419,69 Years,285,145,140,233,122,111,35,15,20,3,0,3,14,8,6
SHELBY COUNTY,419,70 Years,235,115,120,192,92,100,28,15,13,3,1,2,12,7,5
SHELBY COUNTY,419,71 Years,218,100,118,182,81,101,23,14,9,2,1,1,11,4,7
SHELBY COUNTY,419,72 Years,236,113,123,197,92,105,26,12,14,3,1,2,10,8,2
SHELBY COUNTY,419,73 Years,211,99,112,175,81,94,26,11,15,2,2,0,8,5,3
SHELBY COUNTY,419,74 Years,210,94,116,176,80,96,25,10,15,3,1,2,6,3,3
SHELBY COUNTY,419,75 Years,204,99,105,169,82,87,28,13,15,3,2,1,4,2,2
SHELBY COUNTY,419,76 Years,180,81,99,148,69,79,28,9,19,2,1,1,2,2,0
SHELBY COUNTY,419,77 Years,156,64,92,126,53,73,26,8,18,2,1,1,2,2,0
SHELBY COUNTY,419,78 Years,165,75,90,139,64,75,22,9,13,2,1,1,2,1,1
SHELBY COUNTY,419,79 Years,149,74,75,123,62,61,18,9,9,2,1,1,6,2,4
SHELBY COUNTY,419,80 Years,134,69,65,108,57,51,17,8,9,2,1,1,7,3,4
SHELBY COUNTY,419,81 Years,131,61,70,103,52,51,21,7,14,3,2,1,4,0,4
SHELBY COUNTY,419,82 Years,121,52,69,95,44,51,20,6,14,2,1,1,4,1,3
SHELBY COUNTY,419,83 Years,101,37,64,85,31,54,13,5,8,0,0,0,3,1,2
SHELBY COUNTY,419,84 Years,79,32,47,66,26,40,10,4,6,0,0,0,3,2,1
SHELBY COUNTY,419,85 Years +,441,164,277,361,135,226,58,18,40,10,4,6,12,7,5
SHERMAN COUNTY,421,All Ages,3171,1630,1541,1673,845,828,10,9,1,42,21,21,1446,755,691
SHERMAN COUNTY,421,< 1 Year,36,18,18,14,7,7,0,0,0,0,0,0,22,11,11
SHERMAN COUNTY,421,1 Years,39,18,21,14,6,8,0,0,0,0,0,0,25,12,13
SHERMAN COUNTY,421,2 Years,42,20,22,12,6,6,0,0,0,2,1,1,28,13,15
SHERMAN COUNTY,421,3 Years,39,19,20,11,6,5,0,0,0,2,1,1,26,12,14
SHERMAN COUNTY,421,4 Years,43,21,22,14,8,6,0,0,0,3,2,1,26,11,15
SHERMAN COUNTY,421,5 Years,40,20,20,13,6,7,0,0,0,2,1,1,25,13,12
SHERMAN COUNTY,421,6 Years,32,13,19,11,2,9,0,0,0,0,0,0,21,11,10
SHERMAN COUNTY,421,7 Years,43,19,24,21,9,12,0,0,0,0,0,0,22,10,12
SHERMAN COUNTY,421,8 Years,49,25,24,17,8,9,0,0,0,0,0,0,32,17,15
SHERMAN COUNTY,421,9 Years,42,24,18,13,6,7,0,0,0,0,0,0,29,18,11
SHERMAN COUNTY,421,10 Years,47,28,19,14,8,6,0,0,0,0,0,0,33,20,13
SHERMAN COUNTY,421,11 Years,53,26,27,22,12,10,0,0,0,0,0,0,31,14,17
SHERMAN COUNTY,421,12 Years,58,28,30,26,11,15,0,0,0,1,0,1,31,17,14
SHERMAN COUNTY,421,13 Years,58,28,30,23,10,13,0,0,0,1,1,0,34,17,17
SHERMAN COUNTY,421,14 Years,56,31,25,19,11,8,0,0,0,1,0,1,36,20,16
SHERMAN COUNTY,421,15 Years,55,29,26,17,12,5,0,0,0,2,1,1,36,16,20
SHERMAN COUNTY,421,16 Years,45,21,24,17,10,7,0,0,0,2,1,1,26,10,16
SHERMAN COUNTY,421,17 Years,43,18,25,19,10,9,0,0,0,1,0,1,23,8,15
SHERMAN COUNTY,421,18 Years,57,31,26,21,10,11,0,0,0,1,0,1,35,21,14
SHERMAN COUNTY,421,19 Years,53,30,23,18,11,7,0,0,0,1,1,0,34,18,16
SHERMAN COUNTY,421,20 Years,55,28,27,21,13,8,0,0,0,0,0,0,34,15,19
SHERMAN COUNTY,421,21 Years,58,27,31,21,12,9,1,0,1,1,1,0,35,14,21
SHERMAN COUNTY,421,22 Years,61,29,32,25,14,11,0,0,0,0,0,0,36,15,21
SHERMAN COUNTY,421,23 Years,61,38,23,30,20,10,0,0,0,0,0,0,31,18,13
SHERMAN COUNTY,421,24 Years,50,30,20,24,16,8,0,0,0,0,0,0,26,14,12
SHERMAN COUNTY,421,25 Years,42,24,18,16,9,7,0,0,0,0,0,0,26,15,11
SHERMAN COUNTY,421,26 Years,27,14,13,10,4,6,0,0,0,0,0,0,17,10,7
SHERMAN COUNTY,421,27 Years,26,13,13,11,5,6,0,0,0,0,0,0,15,8,7
SHERMAN COUNTY,421,28 Years,22,14,8,9,6,3,0,0,0,0,0,0,13,8,5
SHERMAN COUNTY,421,29 Years,31,16,15,14,6,8,0,0,0,0,0,0,17,10,7
SHERMAN COUNTY,421,30 Years,26,19,7,12,7,5,1,1,0,0,0,0,13,11,2
SHERMAN COUNTY,421,31 Years,24,14,10,11,6,5,0,0,0,0,0,0,13,8,5
SHERMAN COUNTY,421,32 Years,29,10,19,15,5,10,0,0,0,0,0,0,14,5,9
SHERMAN COUNTY,421,33 Years,33,15,18,17,8,9,0,0,0,0,0,0,16,7,9
SHERMAN COUNTY,421,34 Years,27,14,13,15,8,7,0,0,0,0,0,0,12,6,6
SHERMAN COUNTY,421,35 Years,28,15,13,13,6,7,0,0,0,0,0,0,15,9,6
SHERMAN COUNTY,421,36 Years,26,17,9,13,7,6,0,0,0,0,0,0,13,10,3
SHERMAN COUNTY,421,37 Years,29,15,14,12,5,7,0,0,0,1,1,0,16,9,7
SHERMAN COUNTY,421,38 Years,31,15,16,14,6,8,0,0,0,1,0,1,16,9,7
SHERMAN COUNTY,421,39 Years,31,20,11,11,8,3,0,0,0,1,1,0,19,11,8
SHERMAN COUNTY,421,40 Years,40,24,16,16,9,7,0,0,0,1,1,0,23,14,9
SHERMAN COUNTY,421,41 Years,47,25,22,19,11,8,0,0,0,1,1,0,27,13,14
SHERMAN COUNTY,421,42 Years,34,17,17,13,7,6,0,0,0,1,0,1,20,10,10
SHERMAN COUNTY,421,43 Years,37,17,20,19,9,10,0,0,0,1,1,0,17,7,10
SHERMAN COUNTY,421,44 Years,47,26,21,27,14,13,0,0,0,1,1,0,19,11,8
SHERMAN COUNTY,421,45 Years,43,20,23,27,12,15,0,0,0,0,0,0,16,8,8
SHERMAN COUNTY,421,46 Years,44,22,22,23,11,12,0,0,0,1,1,0,20,10,10
SHERMAN COUNTY,421,47 Years,42,20,22,21,11,10,0,0,0,0,0,0,21,9,12
SHERMAN COUNTY,421,48 Years,35,12,23,16,5,11,0,0,0,0,0,0,19,7,12
SHERMAN COUNTY,421,49 Years,40,20,20,24,9,15,1,1,0,0,0,0,15,10,5
SHERMAN COUNTY,421,50 Years,52,24,28,23,10,13,0,0,0,1,1,0,28,13,15
SHERMAN COUNTY,421,51 Years,53,30,23,27,16,11,0,0,0,1,1,0,25,13,12
SHERMAN COUNTY,421,52 Years,52,32,20,34,21,13,1,1,0,1,0,1,16,10,6
SHERMAN COUNTY,421,53 Years,42,27,15,27,15,12,0,0,0,1,0,1,14,12,2
SHERMAN COUNTY,421,54 Years,47,24,23,27,15,12,0,0,0,1,0,1,19,9,10
SHERMAN COUNTY,421,55 Years,44,21,23,29,12,17,0,0,0,1,0,1,14,9,5
SHERMAN COUNTY,421,56 Years,37,22,15,23,12,11,0,0,0,1,1,0,13,9,4
SHERMAN COUNTY,421,57 Years,42,19,23,28,12,16,0,0,0,1,1,0,13,6,7
SHERMAN COUNTY,421,58 Years,49,24,25,33,16,17,0,0,0,0,0,0,16,8,8
SHERMAN COUNTY,421,59 Years,35,19,16,25,14,11,0,0,0,0,0,0,10,5,5
SHERMAN COUNTY,421,60 Years,40,27,13,25,17,8,1,1,0,0,0,0,14,9,5
SHERMAN COUNTY,421,61 Years,44,24,20,29,16,13,0,0,0,1,0,1,14,8,6
SHERMAN COUNTY,421,62 Years,27,13,14,17,8,9,0,0,0,0,0,0,10,5,5
SHERMAN COUNTY,421,63 Years,23,13,10,18,9,9,0,0,0,0,0,0,5,4,1
SHERMAN COUNTY,421,64 Years,30,16,14,25,13,12,1,1,0,0,0,0,4,2,2
SHERMAN COUNTY,421,65 Years,32,16,16,24,11,13,1,1,0,1,0,1,6,4,2
SHERMAN COUNTY,421,66 Years,28,15,13,22,11,11,1,1,0,0,0,0,5,3,2
SHERMAN COUNTY,421,67 Years,24,13,11,22,12,10,0,0,0,0,0,0,2,1,1
SHERMAN COUNTY,421,68 Years,27,14,13,23,11,12,0,0,0,0,0,0,4,3,1
SHERMAN COUNTY,421,69 Years,41,20,21,38,19,19,0,0,0,0,0,0,3,1,2
SHERMAN COUNTY,421,70 Years,28,13,15,26,13,13,0,0,0,0,0,0,2,0,2
SHERMAN COUNTY,421,71 Years,19,9,10,18,9,9,0,0,0,0,0,0,1,0,1
SHERMAN COUNTY,421,72 Years,23,15,8,19,11,8,0,0,0,0,0,0,4,4,0
SHERMAN COUNTY,421,73 Years,21,9,12,17,6,11,0,0,0,0,0,0,4,3,1
SHERMAN COUNTY,421,74 Years,24,14,10,20,12,8,0,0,0,1,0,1,3,2,1
SHERMAN COUNTY,421,75 Years,27,14,13,24,14,10,0,0,0,1,0,1,2,0,2
SHERMAN COUNTY,421,76 Years,18,8,10,15,7,8,0,0,0,0,0,0,3,1,2
SHERMAN COUNTY,421,77 Years,17,8,9,15,7,8,0,0,0,0,0,0,2,1,1
SHERMAN COUNTY,421,78 Years,16,8,8,14,7,7,0,0,0,0,0,0,2,1,1
SHERMAN COUNTY,421,79 Years,11,6,5,9,4,5,0,0,0,0,0,0,2,2,0
SHERMAN COUNTY,421,80 Years,13,9,4,10,6,4,1,1,0,0,0,0,2,2,0
SHERMAN COUNTY,421,81 Years,18,8,10,15,7,8,1,1,0,0,0,0,2,0,2
SHERMAN COUNTY,421,82 Years,16,6,10,15,6,9,0,0,0,0,0,0,1,0,1
SHERMAN COUNTY,421,83 Years,14,5,9,12,4,8,0,0,0,0,0,0,2,1,1
SHERMAN COUNTY,421,84 Years,12,4,8,10,4,6,0,0,0,0,0,0,2,0,2
SHERMAN COUNTY,421,85 Years +,69,24,45,60,20,40,0,0,0,1,0,1,8,4,4
SMITH COUNTY,423,All Ages,224401,109415,114986,129364,62547,66817,39069,18212,20857,8610,4196,4414,47358,24460,22898
SMITH COUNTY,423,< 1 Year,3108,1576,1532,1410,701,709,548,280,268,184,104,80,966,491,475
SMITH COUNTY,423,1 Years,3122,1603,1519,1407,717,690,545,281,264,192,107,85,978,498,480
SMITH COUNTY,423,2 Years,3114,1607,1507,1397,718,679,552,285,267,189,106,83,976,498,478
SMITH COUNTY,423,3 Years,3110,1605,1505,1388,713,675,536,276,260,200,111,89,986,505,481
SMITH COUNTY,423,4 Years,3059,1554,1505,1367,681,686,536,275,261,194,100,94,962,498,464
SMITH COUNTY,423,5 Years,3065,1550,1515,1352,676,676,530,271,259,211,99,112,972,504,468
SMITH COUNTY,423,6 Years,2961,1506,1455,1342,689,653,521,254,267,172,86,86,926,477,449
SMITH COUNTY,423,7 Years,2953,1513,1440,1361,697,664,540,289,251,172,84,88,880,443,437
SMITH COUNTY,423,8 Years,2987,1561,1426,1366,720,646,525,278,247,181,85,96,915,478,437
SMITH COUNTY,423,9 Years,3141,1629,1512,1466,793,673,532,272,260,145,68,77,998,496,502
SMITH COUNTY,423,10 Years,3123,1602,1521,1507,783,724,526,264,262,146,75,71,944,480,464
SMITH COUNTY,423,11 Years,3066,1584,1482,1449,749,700,543,275,268,155,77,78,919,483,436
SMITH COUNTY,423,12 Years,3182,1658,1524,1461,763,698,541,285,256,176,88,88,1004,522,482
SMITH COUNTY,423,13 Years,3176,1600,1576,1435,713,722,557,291,266,169,78,91,1015,518,497
SMITH COUNTY,423,14 Years,3133,1599,1534,1429,728,701,523,273,250,160,74,86,1021,524,497
SMITH COUNTY,423,15 Years,3200,1644,1556,1487,772,715,545,275,270,167,79,88,1001,518,483
SMITH COUNTY,423,16 Years,3147,1652,1495,1447,760,687,565,299,266,172,90,82,963,503,460
SMITH COUNTY,423,17 Years,3056,1566,1490,1412,728,684,563,284,279,166,91,75,915,463,452
SMITH COUNTY,423,18 Years,3009,1537,1472,1390,698,692,586,309,277,154,79,75,879,451,428
SMITH COUNTY,423,19 Years,2897,1503,1394,1313,691,622,566,291,275,156,78,78,862,443,419
SMITH COUNTY,423,20 Years,2943,1552,1391,1357,725,632,581,291,290,154,81,73,851,455,396
SMITH COUNTY,423,21 Years,2998,1548,1450,1364,698,666,635,312,323,132,69,63,867,469,398
SMITH COUNTY,423,22 Years,3053,1551,1502,1395,707,688,657,311,346,137,68,69,864,465,399
SMITH COUNTY,423,23 Years,3207,1618,1589,1448,727,721,727,331,396,144,76,68,888,484,404
SMITH COUNTY,423,24 Years,3575,1780,1795,1615,768,847,883,417,466,147,79,68,930,516,414
SMITH COUNTY,423,25 Years,4201,2058,2143,2042,964,1078,1043,490,553,154,78,76,962,526,436
SMITH COUNTY,423,26 Years,4028,1979,2049,2059,992,1067,883,412,471,158,84,74,928,491,437
SMITH COUNTY,423,27 Years,3781,1859,1922,1995,945,1050,777,372,405,134,72,62,875,470,405
SMITH COUNTY,423,28 Years,3537,1724,1813,1919,920,999,643,295,348,127,65,62,848,444,404
SMITH COUNTY,423,29 Years,3299,1603,1696,1777,844,933,578,258,320,128,68,60,816,433,383
SMITH COUNTY,423,30 Years,3057,1493,1564,1597,744,853,533,254,279,114,63,51,813,432,381
SMITH COUNTY,423,31 Years,2954,1444,1510,1536,737,799,503,228,275,116,57,59,799,422,377
SMITH COUNTY,423,32 Years,2844,1392,1452,1475,719,756,464,216,248,127,64,63,778,393,385
SMITH COUNTY,423,33 Years,2782,1399,1383,1426,732,694,454,204,250,114,57,57,788,406,382
SMITH COUNTY,423,34 Years,2683,1328,1355,1412,712,700,438,192,246,104,53,51,729,371,358
SMITH COUNTY,423,35 Years,2726,1365,1361,1398,716,682,491,225,266,117,58,59,720,366,354
SMITH COUNTY,423,36 Years,2774,1394,1380,1423,739,684,507,236,271,123,56,67,721,363,358
SMITH COUNTY,423,37 Years,2650,1260,1390,1378,678,700,453,200,253,107,41,66,712,341,371
SMITH COUNTY,423,38 Years,2575,1253,1322,1341,668,673,425,186,239,97,36,61,712,363,349
SMITH COUNTY,423,39 Years,2520,1238,1282,1331,658,673,391,172,219,99,43,56,699,365,334
SMITH COUNTY,423,40 Years,2542,1250,1292,1314,647,667,415,185,230,114,52,62,699,366,333
SMITH COUNTY,423,41 Years,2500,1193,1307,1325,647,678,415,171,244,107,44,63,653,331,322
SMITH COUNTY,423,42 Years,2443,1168,1275,1274,619,655,428,184,244,106,39,67,635,326,309
SMITH COUNTY,423,43 Years,2556,1250,1306,1364,685,679,474,210,264,108,42,66,610,313,297
SMITH COUNTY,423,44 Years,2642,1262,1380,1474,720,754,484,216,268,107,41,66,577,285,292
SMITH COUNTY,423,45 Years,2833,1348,1485,1655,791,864,494,223,271,111,45,66,573,289,284
SMITH COUNTY,423,46 Years,2723,1312,1411,1618,792,826,458,207,251,103,43,60,544,270,274
SMITH COUNTY,423,47 Years,2616,1284,1332,1621,818,803,416,184,232,79,40,39,500,242,258
SMITH COUNTY,423,48 Years,2569,1236,1333,1560,766,794,437,192,245,87,39,48,485,239,246
SMITH COUNTY,423,49 Years,2540,1219,1321,1557,767,790,451,203,248,83,42,41,449,207,242
SMITH COUNTY,423,50 Years,2510,1240,1270,1517,753,764,471,212,259,74,38,36,448,237,211
SMITH COUNTY,423,51 Years,2610,1270,1340,1609,783,826,488,223,265,71,36,35,442,228,214
SMITH COUNTY,423,52 Years,2744,1319,1425,1788,855,933,482,220,262,81,33,48,393,211,182
SMITH COUNTY,423,53 Years,2752,1310,1442,1871,894,977,465,205,260,75,28,47,341,183,158
SMITH COUNTY,423,54 Years,2723,1289,1434,1807,861,946,500,216,284,73,35,38,343,177,166
SMITH COUNTY,423,55 Years,2771,1308,1463,1901,887,1014,460,205,255,78,45,33,332,171,161
SMITH COUNTY,423,56 Years,2822,1362,1460,1901,914,987,502,226,276,75,38,37,344,184,160
SMITH COUNTY,423,57 Years,2720,1312,1408,1848,899,949,475,206,269,68,34,34,329,173,156
SMITH COUNTY,423,58 Years,2723,1283,1440,1871,898,973,480,199,281,61,32,29,311,154,157
SMITH COUNTY,423,59 Years,2692,1289,1403,1852,899,953,493,214,279,65,31,34,282,145,137
SMITH COUNTY,423,60 Years,2714,1301,1413,1896,915,981,483,215,268,61,25,36,274,146,128
SMITH COUNTY,423,61 Years,2678,1237,1441,1888,868,1020,497,219,278,57,23,34,236,127,109
SMITH COUNTY,423,62 Years,2574,1209,1365,1864,878,986,461,203,258,47,18,29,202,110,92
SMITH COUNTY,423,63 Years,2401,1138,1263,1747,832,915,426,189,237,54,24,30,174,93,81
SMITH COUNTY,423,64 Years,2376,1167,1209,1767,864,903,402,194,208,53,26,27,154,83,71
SMITH COUNTY,423,65 Years,2322,1096,1226,1716,811,905,404,194,210,48,23,25,154,68,86
SMITH COUNTY,423,66 Years,2346,1093,1253,1779,831,948,372,169,203,47,20,27,148,73,75
SMITH COUNTY,423,67 Years,2161,994,1167,1650,755,895,340,155,185,45,19,26,126,65,61
SMITH COUNTY,423,68 Years,2230,1047,1183,1740,820,920,331,151,180,45,18,27,114,58,56
SMITH COUNTY,423,69 Years,2238,1015,1223,1771,820,951,307,126,181,45,16,29,115,53,62
SMITH COUNTY,423,70 Years,1804,821,983,1419,654,765,236,94,142,39,19,20,110,54,56
SMITH COUNTY,423,71 Years,1792,805,987,1415,641,774,234,97,137,34,14,20,109,53,56
SMITH COUNTY,423,72 Years,1748,794,954,1405,637,768,211,88,123,31,15,16,101,54,47
SMITH COUNTY,423,73 Years,1684,773,911,1364,618,746,211,97,114,26,13,13,83,45,38
SMITH COUNTY,423,74 Years,1559,718,841,1288,582,706,169,79,90,26,15,11,76,42,34
SMITH COUNTY,423,75 Years,1477,654,823,1218,531,687,172,77,95,27,15,12,60,31,29
SMITH COUNTY,423,76 Years,1414,633,781,1163,522,641,165,67,98,26,12,14,60,32,28
SMITH COUNTY,423,77 Years,1249,566,683,1045,473,572,131,56,75,17,8,9,56,29,27
SMITH COUNTY,423,78 Years,1179,542,637,976,457,519,129,49,80,20,10,10,54,26,28
SMITH COUNTY,423,79 Years,1104,500,604,918,419,499,127,51,76,16,9,7,43,21,22
SMITH COUNTY,423,80 Years,1046,456,590,871,382,489,116,46,70,15,7,8,44,21,23
SMITH COUNTY,423,81 Years,1010,405,605,843,345,498,125,41,84,12,6,6,30,13,17
SMITH COUNTY,423,82 Years,887,364,523,743,313,430,108,37,71,13,5,8,23,9,14
SMITH COUNTY,423,83 Years,795,324,471,656,276,380,104,35,69,13,5,8,22,8,14
SMITH COUNTY,423,84 Years,728,283,445,607,242,365,90,32,58,10,2,8,21,7,14
SMITH COUNTY,423,85 Years +,4058,1489,2569,3414,1283,2131,484,141,343,63,25,38,97,40,57
SOMERVELL COUNTY,425,All Ages,9000,4411,4589,6687,3274,3413,52,29,23,228,95,133,2033,1013,1020
SOMERVELL COUNTY,425,< 1 Year,92,48,44,51,25,26,0,0,0,4,1,3,37,22,15
SOMERVELL COUNTY,425,1 Years,92,47,45,49,25,24,0,0,0,3,1,2,40,21,19
SOMERVELL COUNTY,425,2 Years,94,47,47,49,25,24,0,0,0,1,1,0,44,21,23
SOMERVELL COUNTY,425,3 Years,102,47,55,50,24,26,0,0,0,2,1,1,50,22,28
SOMERVELL COUNTY,425,4 Years,98,48,50,55,26,29,0,0,0,3,2,1,40,20,20
SOMERVELL COUNTY,425,5 Years,100,50,50,53,26,27,0,0,0,2,1,1,45,23,22
SOMERVELL COUNTY,425,6 Years,106,51,55,57,28,29,0,0,0,2,2,0,47,21,26
SOMERVELL COUNTY,425,7 Years,81,38,43,51,26,25,1,0,1,1,1,0,28,11,17
SOMERVELL COUNTY,425,8 Years,108,52,56,70,38,32,1,0,1,5,2,3,32,12,20
SOMERVELL COUNTY,425,9 Years,105,50,55,66,36,30,0,0,0,7,0,7,32,14,18
SOMERVELL COUNTY,425,10 Years,107,51,56,66,35,31,1,0,1,9,1,8,31,15,16
SOMERVELL COUNTY,425,11 Years,109,57,52,65,38,27,3,1,2,6,2,4,35,16,19
SOMERVELL COUNTY,425,12 Years,117,50,67,71,33,38,2,0,2,5,3,2,39,14,25
SOMERVELL COUNTY,425,13 Years,139,59,80,83,37,46,0,0,0,6,3,3,50,19,31
SOMERVELL COUNTY,425,14 Years,146,68,78,97,48,49,0,0,0,6,2,4,43,18,25
SOMERVELL COUNTY,425,15 Years,148,70,78,91,43,48,0,0,0,5,1,4,52,26,26
SOMERVELL COUNTY,425,16 Years,147,74,73,85,43,42,4,2,2,6,2,4,52,27,25
SOMERVELL COUNTY,425,17 Years,141,78,63,89,48,41,5,4,1,7,4,3,40,22,18
SOMERVELL COUNTY,425,18 Years,148,82,66,93,51,42,3,2,1,3,1,2,49,28,21
SOMERVELL COUNTY,425,19 Years,147,87,60,90,55,35,2,1,1,3,1,2,52,30,22
SOMERVELL COUNTY,425,20 Years,140,78,62,90,52,38,2,1,1,3,3,0,45,22,23
SOMERVELL COUNTY,425,21 Years,131,70,61,75,42,33,3,2,1,3,1,2,50,25,25
SOMERVELL COUNTY,425,22 Years,128,69,59,76,45,31,6,4,2,4,1,3,42,19,23
SOMERVELL COUNTY,425,23 Years,154,69,85,96,40,56,4,2,2,4,1,3,50,26,24
SOMERVELL COUNTY,425,24 Years,139,66,73,85,37,48,2,1,1,3,2,1,49,26,23
SOMERVELL COUNTY,425,25 Years,109,54,55,66,32,34,1,1,0,5,1,4,37,20,17
SOMERVELL COUNTY,425,26 Years,94,50,44,50,27,23,0,0,0,7,2,5,37,21,16
SOMERVELL COUNTY,425,27 Years,88,49,39,59,33,26,0,0,0,2,1,1,27,15,12
SOMERVELL COUNTY,425,28 Years,80,41,39,62,31,31,0,0,0,1,1,0,17,9,8
SOMERVELL COUNTY,425,29 Years,69,36,33,52,27,25,0,0,0,0,0,0,17,9,8
SOMERVELL COUNTY,425,30 Years,76,40,36,54,26,28,0,0,0,0,0,0,22,14,8
SOMERVELL COUNTY,425,31 Years,67,32,35,46,20,26,1,0,1,0,0,0,20,12,8
SOMERVELL COUNTY,425,32 Years,67,31,36,49,22,27,1,0,1,1,0,1,16,9,7
SOMERVELL COUNTY,425,33 Years,67,34,33,48,25,23,2,1,1,0,0,0,17,8,9
SOMERVELL COUNTY,425,34 Years,82,39,43,50,25,25,1,0,1,3,2,1,28,12,16
SOMERVELL COUNTY,425,35 Years,82,47,35,56,28,28,0,0,0,1,1,0,25,18,7
SOMERVELL COUNTY,425,36 Years,88,46,42,57,25,32,0,0,0,3,1,2,28,20,8
SOMERVELL COUNTY,425,37 Years,101,46,55,67,29,38,0,0,0,2,0,2,32,17,15
SOMERVELL COUNTY,425,38 Years,98,44,54,71,30,41,0,0,0,3,1,2,24,13,11
SOMERVELL COUNTY,425,39 Years,102,45,57,76,32,44,0,0,0,2,1,1,24,12,12
SOMERVELL COUNTY,425,40 Years,107,47,60,73,31,42,0,0,0,3,3,0,31,13,18
SOMERVELL COUNTY,425,41 Years,106,49,57,78,35,43,0,0,0,1,1,0,27,13,14
SOMERVELL COUNTY,425,42 Years,104,42,62,73,33,40,0,0,0,4,2,2,27,7,20
SOMERVELL COUNTY,425,43 Years,108,49,59,78,39,39,1,1,0,3,1,2,26,8,18
SOMERVELL COUNTY,425,44 Years,105,47,58,74,33,41,0,0,0,5,2,3,26,12,14
SOMERVELL COUNTY,425,45 Years,119,60,59,92,45,47,1,1,0,2,1,1,24,13,11
SOMERVELL COUNTY,425,46 Years,133,64,69,108,51,57,0,0,0,1,1,0,24,12,12
SOMERVELL COUNTY,425,47 Years,129,56,73,100,47,53,0,0,0,5,2,3,24,7,17
SOMERVELL COUNTY,425,48 Years,105,46,59,80,37,43,0,0,0,2,1,1,23,8,15
SOMERVELL COUNTY,425,49 Years,122,58,64,92,42,50,0,0,0,2,1,1,28,15,13
SOMERVELL COUNTY,425,50 Years,131,64,67,104,49,55,1,1,0,2,1,1,24,13,11
SOMERVELL COUNTY,425,51 Years,137,72,65,111,55,56,1,1,0,2,1,1,23,15,8
SOMERVELL COUNTY,425,52 Years,144,70,74,119,55,64,0,0,0,1,0,1,24,15,9
SOMERVELL COUNTY,425,53 Years,135,70,65,112,55,57,0,0,0,4,3,1,19,12,7
SOMERVELL COUNTY,425,54 Years,134,72,62,119,66,53,0,0,0,2,1,1,13,5,8
SOMERVELL COUNTY,425,55 Years,147,78,69,126,69,57,1,1,0,4,1,3,16,7,9
SOMERVELL COUNTY,425,56 Years,125,56,69,110,50,60,1,1,0,2,1,1,12,4,8
SOMERVELL COUNTY,425,57 Years,130,59,71,115,51,64,0,0,0,2,1,1,13,7,6
SOMERVELL COUNTY,425,58 Years,126,65,61,112,58,54,0,0,0,1,0,1,13,7,6
SOMERVELL COUNTY,425,59 Years,122,60,62,107,54,53,0,0,0,2,1,1,13,5,8
SOMERVELL COUNTY,425,60 Years,116,62,54,103,54,49,0,0,0,4,3,1,9,5,4
SOMERVELL COUNTY,425,61 Years,120,55,65,109,48,61,0,0,0,3,1,2,8,6,2
SOMERVELL COUNTY,425,62 Years,129,54,75,116,47,69,0,0,0,2,1,1,11,6,5
SOMERVELL COUNTY,425,63 Years,130,57,73,114,48,66,0,0,0,1,1,0,15,8,7
SOMERVELL COUNTY,425,64 Years,130,64,66,116,56,60,0,0,0,2,1,1,12,7,5
SOMERVELL COUNTY,425,65 Years,124,68,56,111,59,52,1,1,0,3,1,2,9,7,2
SOMERVELL COUNTY,425,66 Years,133,68,65,120,63,57,0,0,0,4,0,4,9,5,4
SOMERVELL COUNTY,425,67 Years,131,75,56,119,68,51,0,0,0,2,1,1,10,6,4
SOMERVELL COUNTY,425,68 Years,127,71,56,118,66,52,0,0,0,2,1,1,7,4,3
SOMERVELL COUNTY,425,69 Years,100,46,54,93,44,49,0,0,0,1,0,1,6,2,4
SOMERVELL COUNTY,425,70 Years,83,37,46,77,34,43,0,0,0,0,0,0,6,3,3
SOMERVELL COUNTY,425,71 Years,79,36,43,73,34,39,0,0,0,2,1,1,4,1,3
SOMERVELL COUNTY,425,72 Years,87,46,41,80,42,38,0,0,0,2,1,1,5,3,2
SOMERVELL COUNTY,425,73 Years,76,41,35,67,37,30,0,0,0,4,2,2,5,2,3
SOMERVELL COUNTY,425,74 Years,72,41,31,67,38,29,0,0,0,1,1,0,4,2,2
SOMERVELL COUNTY,425,75 Years,62,30,32,58,29,29,0,0,0,2,1,1,2,0,2
SOMERVELL COUNTY,425,76 Years,53,25,28,51,25,26,0,0,0,1,0,1,1,0,1
SOMERVELL COUNTY,425,77 Years,47,21,26,43,20,23,0,0,0,2,0,2,2,1,1
SOMERVELL COUNTY,425,78 Years,55,20,35,50,18,32,0,0,0,1,0,1,4,2,2
SOMERVELL COUNTY,425,79 Years,54,23,31,48,20,28,0,0,0,0,0,0,6,3,3
SOMERVELL COUNTY,425,80 Years,38,19,19,34,17,17,0,0,0,0,0,0,4,2,2
SOMERVELL COUNTY,425,81 Years,30,17,13,27,16,11,0,0,0,1,0,1,2,1,1
SOMERVELL COUNTY,425,82 Years,42,18,24,38,17,21,0,0,0,1,0,1,3,1,2
SOMERVELL COUNTY,425,83 Years,36,15,21,34,14,20,0,0,0,0,0,0,2,1,1
SOMERVELL COUNTY,425,84 Years,25,13,12,24,13,11,0,0,0,0,0,0,1,0,1
SOMERVELL COUNTY,425,85 Years +,163,65,98,148,54,94,0,0,0,4,3,1,11,8,3
STARR COUNTY,427,All Ages,64071,31102,32969,2989,1470,1519,13,11,2,179,89,90,60890,29532,31358
STARR COUNTY,427,< 1 Year,1313,668,645,101,58,43,0,0,0,3,1,2,1209,609,600
STARR COUNTY,427,1 Years,1333,664,669,93,50,43,0,0,0,3,1,2,1237,613,624
STARR COUNTY,427,2 Years,1347,663,684,73,33,40,0,0,0,2,1,1,1272,629,643
STARR COUNTY,427,3 Years,1346,680,666,93,35,58,0,0,0,3,3,0,1250,642,608
STARR COUNTY,427,4 Years,1306,651,655,82,31,51,0,0,0,0,0,0,1224,620,604
STARR COUNTY,427,5 Years,1306,661,645,75,38,37,0,0,0,2,2,0,1229,621,608
STARR COUNTY,427,6 Years,1023,521,502,53,23,30,0,0,0,0,0,0,970,498,472
STARR COUNTY,427,7 Years,894,439,455,36,17,19,0,0,0,3,3,0,855,419,436
STARR COUNTY,427,8 Years,856,426,430,45,22,23,0,0,0,4,1,3,807,403,404
STARR COUNTY,427,9 Years,911,470,441,49,25,24,0,0,0,3,1,2,859,444,415
STARR COUNTY,427,10 Years,960,475,485,46,19,27,0,0,0,3,0,3,911,456,455
STARR COUNTY,427,11 Years,980,491,489,43,23,20,0,0,0,5,2,3,932,466,466
STARR COUNTY,427,12 Years,998,484,514,30,15,15,0,0,0,3,1,2,965,468,497
STARR COUNTY,427,13 Years,1053,535,518,38,21,17,0,0,0,2,1,1,1013,513,500
STARR COUNTY,427,14 Years,1127,564,563,48,26,22,0,0,0,3,2,1,1076,536,540
STARR COUNTY,427,15 Years,1160,582,578,45,23,22,0,0,0,3,2,1,1112,557,555
STARR COUNTY,427,16 Years,1210,641,569,50,28,22,0,0,0,3,2,1,1157,611,546
STARR COUNTY,427,17 Years,1138,572,566,50,23,27,0,0,0,1,1,0,1087,548,539
STARR COUNTY,427,18 Years,1123,572,551,48,26,22,1,1,0,3,2,1,1071,543,528
STARR COUNTY,427,19 Years,1061,557,504,35,15,20,1,1,0,3,2,1,1022,539,483
STARR COUNTY,427,20 Years,1130,571,559,42,22,20,1,1,0,2,2,0,1085,546,539
STARR COUNTY,427,21 Years,1057,528,529,31,18,13,3,2,1,3,2,1,1020,506,514
STARR COUNTY,427,22 Years,1042,515,527,31,14,17,1,1,0,2,1,1,1008,499,509
STARR COUNTY,427,23 Years,1051,528,523,38,20,18,0,0,0,4,3,1,1009,505,504
STARR COUNTY,427,24 Years,1029,507,522,38,17,21,0,0,0,4,4,0,987,486,501
STARR COUNTY,427,25 Years,964,491,473,53,30,23,0,0,0,1,1,0,910,460,450
STARR COUNTY,427,26 Years,938,490,448,49,29,20,1,1,0,0,0,0,888,460,428
STARR COUNTY,427,27 Years,813,423,390,50,35,15,0,0,0,0,0,0,763,388,375
STARR COUNTY,427,28 Years,770,399,371,42,25,17,0,0,0,2,1,1,726,373,353
STARR COUNTY,427,29 Years,705,359,346,36,18,18,0,0,0,2,2,0,667,339,328
STARR COUNTY,427,30 Years,723,352,371,25,14,11,1,1,0,0,0,0,697,337,360
STARR COUNTY,427,31 Years,752,365,387,26,13,13,0,0,0,3,1,2,723,351,372
STARR COUNTY,427,32 Years,704,363,341,26,15,11,0,0,0,3,3,0,675,345,330
STARR COUNTY,427,33 Years,705,360,345,32,18,14,1,1,0,3,3,0,669,338,331
STARR COUNTY,427,34 Years,748,374,374,28,14,14,0,0,0,3,1,2,717,359,358
STARR COUNTY,427,35 Years,757,368,389,32,14,18,0,0,0,1,1,0,724,353,371
STARR COUNTY,427,36 Years,782,382,400,25,10,15,0,0,0,1,1,0,756,371,385
STARR COUNTY,427,37 Years,717,352,365,20,8,12,0,0,0,1,1,0,696,343,353
STARR COUNTY,427,38 Years,720,327,393,28,11,17,0,0,0,4,2,2,688,314,374
STARR COUNTY,427,39 Years,712,343,369,28,11,17,0,0,0,3,1,2,681,331,350
STARR COUNTY,427,40 Years,780,365,415,28,12,16,0,0,0,2,1,1,750,352,398
STARR COUNTY,427,41 Years,823,399,424,26,15,11,1,1,0,5,1,4,791,382,409
STARR COUNTY,427,42 Years,778,369,409,21,13,8,0,0,0,5,1,4,752,355,397
STARR COUNTY,427,43 Years,775,373,402,22,9,13,0,0,0,4,1,3,749,363,386
STARR COUNTY,427,44 Years,825,384,441,33,17,16,0,0,0,1,0,1,791,367,424
STARR COUNTY,427,45 Years,809,393,416,38,20,18,0,0,0,3,0,3,768,373,395
STARR COUNTY,427,46 Years,808,394,414,33,17,16,1,0,1,2,1,1,772,376,396
STARR COUNTY,427,47 Years,799,381,418,36,19,17,0,0,0,4,2,2,759,360,399
STARR COUNTY,427,48 Years,771,355,416,36,18,18,0,0,0,3,2,1,732,335,397
STARR COUNTY,427,49 Years,748,321,427,38,16,22,1,1,0,2,1,1,707,303,404
STARR COUNTY,427,50 Years,713,320,393,33,14,19,0,0,0,3,1,2,677,305,372
STARR COUNTY,427,51 Years,672,322,350,36,17,19,0,0,0,5,2,3,631,303,328
STARR COUNTY,427,52 Years,677,324,353,36,18,18,0,0,0,4,2,2,637,304,333
STARR COUNTY,427,53 Years,663,322,341,23,12,11,0,0,0,2,1,1,638,309,329
STARR COUNTY,427,54 Years,630,296,334,31,12,19,0,0,0,1,0,1,598,284,314
STARR COUNTY,427,55 Years,667,319,348,39,15,24,0,0,0,1,0,1,627,304,323
STARR COUNTY,427,56 Years,697,323,374,32,18,14,0,0,0,2,1,1,663,304,359
STARR COUNTY,427,57 Years,624,279,345,28,16,12,0,0,0,2,1,1,594,262,332
STARR COUNTY,427,58 Years,593,273,320,34,20,14,0,0,0,2,1,1,557,252,305
STARR COUNTY,427,59 Years,575,279,296,25,13,12,0,0,0,4,1,3,546,265,281
STARR COUNTY,427,60 Years,561,266,295,25,12,13,0,0,0,3,2,1,533,252,281
STARR COUNTY,427,61 Years,532,246,286,22,11,11,0,0,0,1,0,1,509,235,274
STARR COUNTY,427,62 Years,526,237,289,22,13,9,0,0,0,2,1,1,502,223,279
STARR COUNTY,427,63 Years,507,226,281,29,15,14,0,0,0,3,2,1,475,209,266
STARR COUNTY,427,64 Years,489,212,277,22,8,14,0,0,0,1,0,1,466,204,262
STARR COUNTY,427,65 Years,504,226,278,23,12,11,0,0,0,0,0,0,481,214,267
STARR COUNTY,427,66 Years,525,242,283,17,9,8,0,0,0,2,0,2,506,233,273
STARR COUNTY,427,67 Years,503,215,288,14,8,6,0,0,0,4,2,2,485,205,280
STARR COUNTY,427,68 Years,484,200,284,18,8,10,0,0,0,2,1,1,464,191,273
STARR COUNTY,427,69 Years,465,200,265,23,8,15,0,0,0,3,1,2,439,191,248
STARR COUNTY,427,70 Years,422,185,237,17,4,13,0,0,0,1,0,1,404,181,223
STARR COUNTY,427,71 Years,412,185,227,20,7,13,0,0,0,1,0,1,391,178,213
STARR COUNTY,427,72 Years,366,168,198,19,7,12,0,0,0,0,0,0,347,161,186
STARR COUNTY,427,73 Years,363,173,190,20,9,11,0,0,0,1,0,1,342,164,178
STARR COUNTY,427,74 Years,317,151,166,17,7,10,0,0,0,1,0,1,299,144,155
STARR COUNTY,427,75 Years,345,153,192,18,8,10,0,0,0,0,0,0,327,145,182
STARR COUNTY,427,76 Years,339,156,183,20,10,10,0,0,0,0,0,0,319,146,173
STARR COUNTY,427,77 Years,314,137,177,21,10,11,0,0,0,0,0,0,293,127,166
STARR COUNTY,427,78 Years,285,128,157,16,9,7,0,0,0,1,1,0,268,118,150
STARR COUNTY,427,79 Years,256,107,149,12,6,6,0,0,0,1,1,0,243,100,143
STARR COUNTY,427,80 Years,259,112,147,13,6,7,0,0,0,0,0,0,246,106,140
STARR COUNTY,427,81 Years,233,106,127,13,8,5,0,0,0,0,0,0,220,98,122
STARR COUNTY,427,82 Years,179,83,96,15,7,8,0,0,0,0,0,0,164,76,88
STARR COUNTY,427,83 Years,150,65,85,14,6,8,0,0,0,0,0,0,136,59,77
STARR COUNTY,427,84 Years,156,74,82,11,5,6,0,0,0,0,0,0,145,69,76
STARR COUNTY,427,85 Years +,888,345,543,87,39,48,0,0,0,1,0,1,800,306,494
STEPHENS COUNTY,429,All Ages,9882,5134,4748,7163,3623,3540,196,134,62,179,104,75,2344,1273,1071
STEPHENS COUNTY,429,< 1 Year,103,47,56,54,26,28,0,0,0,10,4,6,39,17,22
STEPHENS COUNTY,429,1 Years,109,54,55,59,30,29,0,0,0,7,4,3,43,20,23
STEPHENS COUNTY,429,2 Years,119,62,57,63,33,30,0,0,0,8,5,3,48,24,24
STEPHENS COUNTY,429,3 Years,117,61,56,63,34,29,1,0,1,8,5,3,45,22,23
STEPHENS COUNTY,429,4 Years,114,54,60,63,31,32,1,0,1,7,4,3,43,19,24
STEPHENS COUNTY,429,5 Years,123,58,65,69,35,34,1,0,1,3,1,2,50,22,28
STEPHENS COUNTY,429,6 Years,134,74,60,73,40,33,1,0,1,2,1,1,58,33,25
STEPHENS COUNTY,429,7 Years,123,62,61,68,34,34,3,2,1,3,1,2,49,25,24
STEPHENS COUNTY,429,8 Years,120,61,59,73,38,35,1,1,0,2,1,1,44,21,23
STEPHENS COUNTY,429,9 Years,146,75,71,91,44,47,2,1,1,3,1,2,50,29,21
STEPHENS COUNTY,429,10 Years,135,61,74,84,37,47,1,0,1,1,0,1,49,24,25
STEPHENS COUNTY,429,11 Years,123,62,61,73,35,38,2,1,1,4,3,1,44,23,21
STEPHENS COUNTY,429,12 Years,143,70,73,83,37,46,3,0,3,6,6,0,51,27,24
STEPHENS COUNTY,429,13 Years,119,55,64,72,32,40,2,0,2,3,3,0,42,20,22
STEPHENS COUNTY,429,14 Years,123,66,57,74,42,32,3,1,2,6,4,2,40,19,21
STEPHENS COUNTY,429,15 Years,127,67,60,76,42,34,3,3,0,3,2,1,45,20,25
STEPHENS COUNTY,429,16 Years,125,67,58,71,35,36,3,2,1,3,3,0,48,27,21
STEPHENS COUNTY,429,17 Years,136,73,63,88,43,45,3,2,1,4,4,0,41,24,17
STEPHENS COUNTY,429,18 Years,128,74,54,80,45,35,4,3,1,3,2,1,41,24,17
STEPHENS COUNTY,429,19 Years,123,72,51,78,40,38,5,4,1,3,2,1,37,26,11
STEPHENS COUNTY,429,20 Years,128,78,50,77,47,30,5,4,1,4,3,1,42,24,18
STEPHENS COUNTY,429,21 Years,150,84,66,90,50,40,4,4,0,3,2,1,53,28,25
STEPHENS COUNTY,429,22 Years,138,82,56,78,43,35,5,5,0,1,0,1,54,34,20
STEPHENS COUNTY,429,23 Years,153,96,57,94,54,40,3,3,0,1,1,0,55,38,17
STEPHENS COUNTY,429,24 Years,152,101,51,92,57,35,6,6,0,1,0,1,53,38,15
STEPHENS COUNTY,429,25 Years,140,84,56,84,47,37,2,2,0,2,2,0,52,33,19
STEPHENS COUNTY,429,26 Years,123,77,46,73,45,28,5,4,1,2,2,0,43,26,17
STEPHENS COUNTY,429,27 Years,123,80,43,73,49,24,2,2,0,1,0,1,47,29,18
STEPHENS COUNTY,429,28 Years,128,84,44,76,53,23,6,5,1,1,0,1,45,26,19
STEPHENS COUNTY,429,29 Years,114,64,50,72,41,31,6,6,0,1,1,0,35,16,19
STEPHENS COUNTY,429,30 Years,115,70,45,69,38,31,8,8,0,0,0,0,38,24,14
STEPHENS COUNTY,429,31 Years,106,64,42,65,37,28,3,3,0,1,0,1,37,24,13
STEPHENS COUNTY,429,32 Years,103,51,52,61,28,33,4,3,1,1,1,0,37,19,18
STEPHENS COUNTY,429,33 Years,105,54,51,75,43,32,2,1,1,2,1,1,26,9,17
STEPHENS COUNTY,429,34 Years,107,56,51,76,42,34,2,1,1,1,0,1,28,13,15
STEPHENS COUNTY,429,35 Years,103,57,46,67,39,28,4,4,0,3,1,2,29,13,16
STEPHENS COUNTY,429,36 Years,107,59,48,76,43,33,2,2,0,3,2,1,26,12,14
STEPHENS COUNTY,429,37 Years,98,55,43,64,32,32,1,1,0,2,1,1,31,21,10
STEPHENS COUNTY,429,38 Years,99,56,43,73,40,33,2,1,1,2,1,1,22,14,8
STEPHENS COUNTY,429,39 Years,106,44,62,74,30,44,2,0,2,4,1,3,26,13,13
STEPHENS COUNTY,429,40 Years,99,59,40,68,40,28,3,2,1,2,2,0,26,15,11
STEPHENS COUNTY,429,41 Years,90,52,38,66,38,28,1,0,1,1,1,0,22,13,9
STEPHENS COUNTY,429,42 Years,100,58,42,71,38,33,3,2,1,1,1,0,25,17,8
STEPHENS COUNTY,429,43 Years,109,55,54,79,42,37,2,2,0,1,1,0,27,10,17
STEPHENS COUNTY,429,44 Years,105,55,50,76,41,35,6,6,0,2,0,2,21,8,13
STEPHENS COUNTY,429,45 Years,123,66,57,89,45,44,3,3,0,2,2,0,29,16,13
STEPHENS COUNTY,429,46 Years,107,52,55,79,34,45,2,2,0,1,0,1,25,16,9
STEPHENS COUNTY,429,47 Years,100,53,47,73,37,36,0,0,0,0,0,0,27,16,11
STEPHENS COUNTY,429,48 Years,112,64,48,80,44,36,1,1,0,0,0,0,31,19,12
STEPHENS COUNTY,429,49 Years,101,55,46,72,38,34,1,1,0,1,0,1,27,16,11
STEPHENS COUNTY,429,50 Years,107,68,39,77,46,31,2,1,1,0,0,0,28,21,7
STEPHENS COUNTY,429,51 Years,112,61,51,86,45,41,3,2,1,0,0,0,23,14,9
STEPHENS COUNTY,429,52 Years,113,53,60,93,42,51,0,0,0,0,0,0,20,11,9
STEPHENS COUNTY,429,53 Years,129,69,60,104,59,45,4,3,1,1,0,1,20,7,13
STEPHENS COUNTY,429,54 Years,152,72,80,125,60,65,3,2,1,1,0,1,23,10,13
STEPHENS COUNTY,429,55 Years,152,80,72,121,62,59,0,0,0,2,2,0,29,16,13
STEPHENS COUNTY,429,56 Years,151,65,86,122,52,70,2,0,2,2,1,1,25,12,13
STEPHENS COUNTY,429,57 Years,119,59,60,102,52,50,2,0,2,1,0,1,14,7,7
STEPHENS COUNTY,429,58 Years,119,59,60,101,51,50,2,1,1,3,3,0,13,4,9
STEPHENS COUNTY,429,59 Years,127,56,71,108,47,61,0,0,0,2,1,1,17,8,9
STEPHENS COUNTY,429,60 Years,138,63,75,118,52,66,1,0,1,3,1,2,16,10,6
STEPHENS COUNTY,429,61 Years,142,68,74,117,55,62,4,1,3,2,1,1,19,11,8
STEPHENS COUNTY,429,62 Years,130,65,65,115,55,60,2,2,0,1,1,0,12,7,5
STEPHENS COUNTY,429,63 Years,144,73,71,130,67,63,2,1,1,2,0,2,10,5,5
STEPHENS COUNTY,429,64 Years,142,66,76,128,61,67,2,1,1,2,0,2,10,4,6
STEPHENS COUNTY,429,65 Years,121,53,68,110,50,60,2,1,1,2,0,2,7,2,5
STEPHENS COUNTY,429,66 Years,126,61,65,115,56,59,2,1,1,0,0,0,9,4,5
STEPHENS COUNTY,429,67 Years,123,65,58,107,56,51,2,2,0,1,1,0,13,6,7
STEPHENS COUNTY,429,68 Years,113,57,56,105,52,53,1,1,0,1,1,0,6,3,3
STEPHENS COUNTY,429,69 Years,115,49,66,109,47,62,1,0,1,2,1,1,3,1,2
STEPHENS COUNTY,429,70 Years,100,51,49,90,46,44,2,0,2,1,0,1,7,5,2
STEPHENS COUNTY,429,71 Years,103,51,52,92,44,48,1,0,1,2,2,0,8,5,3
STEPHENS COUNTY,429,72 Years,111,55,56,105,51,54,0,0,0,0,0,0,6,4,2
STEPHENS COUNTY,429,73 Years,97,51,46,88,45,43,2,2,0,3,2,1,4,2,2
STEPHENS COUNTY,429,74 Years,87,42,45,79,38,41,2,2,0,2,1,1,4,1,3
STEPHENS COUNTY,429,75 Years,88,43,45,83,42,41,1,0,1,1,0,1,3,1,2
STEPHENS COUNTY,429,76 Years,87,44,43,79,39,40,0,0,0,0,0,0,8,5,3
STEPHENS COUNTY,429,77 Years,77,35,42,70,32,38,3,1,2,0,0,0,4,2,2
STEPHENS COUNTY,429,78 Years,70,33,37,63,29,34,2,1,1,0,0,0,5,3,2
STEPHENS COUNTY,429,79 Years,68,29,39,62,27,35,2,1,1,1,1,0,3,0,3
STEPHENS COUNTY,429,80 Years,47,19,28,44,18,26,0,0,0,1,1,0,2,0,2
STEPHENS COUNTY,429,81 Years,56,26,30,51,22,29,0,0,0,1,1,0,4,3,1
STEPHENS COUNTY,429,82 Years,51,22,29,47,18,29,1,1,0,0,0,0,3,3,0
STEPHENS COUNTY,429,83 Years,50,18,32,41,15,26,2,1,1,0,0,0,7,2,5
STEPHENS COUNTY,429,84 Years,40,16,24,37,14,23,0,0,0,0,0,0,3,2,1
STEPHENS COUNTY,429,85 Years +,241,97,144,222,88,134,6,2,4,3,1,2,10,6,4
STERLING COUNTY,431,All Ages,1346,682,664,854,425,429,12,11,1,32,17,15,448,229,219
STERLING COUNTY,431,< 1 Year,19,9,10,12,7,5,0,0,0,0,0,0,7,2,5
STERLING COUNTY,431,1 Years,20,11,9,12,7,5,0,0,0,0,0,0,8,4,4
STERLING COUNTY,431,2 Years,20,9,11,10,5,5,0,0,0,0,0,0,10,4,6
STERLING COUNTY,431,3 Years,17,8,9,8,4,4,0,0,0,0,0,0,9,4,5
STERLING COUNTY,431,4 Years,13,5,8,7,3,4,0,0,0,0,0,0,6,2,4
STERLING COUNTY,431,5 Years,11,5,6,8,3,5,0,0,0,0,0,0,3,2,1
STERLING COUNTY,431,6 Years,15,6,9,8,3,5,1,1,0,1,1,0,5,1,4
STERLING COUNTY,431,7 Years,18,11,7,12,8,4,1,1,0,1,1,0,4,1,3
STERLING COUNTY,431,8 Years,24,12,12,16,9,7,1,1,0,1,0,1,6,2,4
STERLING COUNTY,431,9 Years,22,8,14,14,6,8,0,0,0,1,0,1,7,2,5
STERLING COUNTY,431,10 Years,19,9,10,12,5,7,0,0,0,1,1,0,6,3,3
STERLING COUNTY,431,11 Years,14,9,5,5,3,2,1,1,0,1,0,1,7,5,2
STERLING COUNTY,431,12 Years,19,14,5,9,6,3,0,0,0,2,2,0,8,6,2
STERLING COUNTY,431,13 Years,16,8,8,11,6,5,0,0,0,0,0,0,5,2,3
STERLING COUNTY,431,14 Years,18,9,9,11,7,4,0,0,0,1,0,1,6,2,4
STERLING COUNTY,431,15 Years,18,10,8,9,6,3,0,0,0,2,0,2,7,4,3
STERLING COUNTY,431,16 Years,16,8,8,8,4,4,0,0,0,1,1,0,7,3,4
STERLING COUNTY,431,17 Years,15,10,5,9,7,2,0,0,0,1,0,1,5,3,2
STERLING COUNTY,431,18 Years,15,11,4,9,7,2,0,0,0,0,0,0,6,4,2
STERLING COUNTY,431,19 Years,19,10,9,8,4,4,0,0,0,2,2,0,9,4,5
STERLING COUNTY,431,20 Years,11,5,6,6,3,3,0,0,0,0,0,0,5,2,3
STERLING COUNTY,431,21 Years,14,9,5,7,4,3,0,0,0,1,1,0,6,4,2
STERLING COUNTY,431,22 Years,13,10,3,4,3,1,0,0,0,1,0,1,8,7,1
STERLING COUNTY,431,23 Years,19,13,6,8,6,2,0,0,0,1,0,1,10,7,3
STERLING COUNTY,431,24 Years,17,9,8,5,2,3,0,0,0,0,0,0,12,7,5
STERLING COUNTY,431,25 Years,13,5,8,6,1,5,0,0,0,0,0,0,7,4,3
STERLING COUNTY,431,26 Years,14,8,6,11,6,5,0,0,0,0,0,0,3,2,1
STERLING COUNTY,431,27 Years,15,8,7,5,3,2,0,0,0,0,0,0,10,5,5
STERLING COUNTY,431,28 Years,12,7,5,6,4,2,0,0,0,0,0,0,6,3,3
STERLING COUNTY,431,29 Years,12,8,4,6,5,1,0,0,0,0,0,0,6,3,3
STERLING COUNTY,431,30 Years,19,10,9,12,6,6,0,0,0,1,0,1,6,4,2
STERLING COUNTY,431,31 Years,13,6,7,7,3,4,0,0,0,0,0,0,6,3,3
STERLING COUNTY,431,32 Years,10,8,2,6,5,1,1,1,0,0,0,0,3,2,1
STERLING COUNTY,431,33 Years,16,10,6,9,6,3,1,1,0,1,1,0,5,2,3
STERLING COUNTY,431,34 Years,20,7,13,13,4,9,0,0,0,1,0,1,6,3,3
STERLING COUNTY,431,35 Years,15,7,8,10,5,5,0,0,0,0,0,0,5,2,3
STERLING COUNTY,431,36 Years,16,8,8,10,4,6,0,0,0,0,0,0,6,4,2
STERLING COUNTY,431,37 Years,19,7,12,13,4,9,0,0,0,1,1,0,5,2,3
STERLING COUNTY,431,38 Years,14,5,9,10,3,7,0,0,0,0,0,0,4,2,2
STERLING COUNTY,431,39 Years,15,8,7,9,4,5,0,0,0,0,0,0,6,4,2
STERLING COUNTY,431,40 Years,14,9,5,8,5,3,0,0,0,0,0,0,6,4,2
STERLING COUNTY,431,41 Years,9,6,3,7,4,3,1,1,0,0,0,0,1,1,0
STERLING COUNTY,431,42 Years,7,3,4,5,2,3,0,0,0,0,0,0,2,1,1
STERLING COUNTY,431,43 Years,12,5,7,8,5,3,0,0,0,0,0,0,4,0,4
STERLING COUNTY,431,44 Years,10,3,7,7,2,5,0,0,0,0,0,0,3,1,2
STERLING COUNTY,431,45 Years,9,2,7,5,2,3,0,0,0,0,0,0,4,0,4
STERLING COUNTY,431,46 Years,15,8,7,11,6,5,0,0,0,0,0,0,4,2,2
STERLING COUNTY,431,47 Years,15,6,9,12,5,7,0,0,0,0,0,0,3,1,2
STERLING COUNTY,431,48 Years,16,7,9,9,4,5,1,1,0,0,0,0,6,2,4
STERLING COUNTY,431,49 Years,20,11,9,9,5,4,0,0,0,0,0,0,11,6,5
STERLING COUNTY,431,50 Years,17,8,9,12,5,7,0,0,0,0,0,0,5,3,2
STERLING COUNTY,431,51 Years,17,7,10,12,5,7,0,0,0,1,0,1,4,2,2
STERLING COUNTY,431,52 Years,22,10,12,15,6,9,0,0,0,0,0,0,7,4,3
STERLING COUNTY,431,53 Years,21,10,11,14,7,7,0,0,0,0,0,0,7,3,4
STERLING COUNTY,431,54 Years,18,9,9,11,6,5,0,0,0,0,0,0,7,3,4
STERLING COUNTY,431,55 Years,19,11,8,11,6,5,0,0,0,1,1,0,7,4,3
STERLING COUNTY,431,56 Years,21,14,7,12,9,3,1,1,0,0,0,0,8,4,4
STERLING COUNTY,431,57 Years,22,11,11,16,9,7,0,0,0,0,0,0,6,2,4
STERLING COUNTY,431,58 Years,25,14,11,20,11,9,0,0,0,0,0,0,5,3,2
STERLING COUNTY,431,59 Years,23,10,13,16,5,11,0,0,0,1,0,1,6,5,1
STERLING COUNTY,431,60 Years,18,7,11,13,5,8,0,0,0,1,0,1,4,2,2
STERLING COUNTY,431,61 Years,21,11,10,13,5,8,0,0,0,1,1,0,7,5,2
STERLING COUNTY,431,62 Years,20,7,13,12,4,8,0,0,0,0,0,0,8,3,5
STERLING COUNTY,431,63 Years,11,4,7,9,4,5,0,0,0,0,0,0,2,0,2
STERLING COUNTY,431,64 Years,15,9,6,10,5,5,0,0,0,1,1,0,4,3,1
STERLING COUNTY,431,65 Years,13,4,9,11,3,8,0,0,0,0,0,0,2,1,1
STERLING COUNTY,431,66 Years,17,11,6,14,9,5,0,0,0,0,0,0,3,2,1
STERLING COUNTY,431,67 Years,20,8,12,17,7,10,0,0,0,1,1,0,2,0,2
STERLING COUNTY,431,68 Years,20,14,6,15,10,5,0,0,0,1,1,0,4,3,1
STERLING COUNTY,431,69 Years,22,15,7,15,12,3,0,0,0,1,0,1,6,3,3
STERLING COUNTY,431,70 Years,12,7,5,7,4,3,0,0,0,0,0,0,5,3,2
STERLING COUNTY,431,71 Years,9,5,4,7,4,3,0,0,0,0,0,0,2,1,1
STERLING COUNTY,431,72 Years,13,8,5,10,5,5,0,0,0,1,1,0,2,2,0
STERLING COUNTY,431,73 Years,12,5,7,8,3,5,0,0,0,0,0,0,4,2,2
STERLING COUNTY,431,74 Years,9,4,5,7,3,4,0,0,0,0,0,0,2,1,1
STERLING COUNTY,431,75 Years,12,4,8,9,2,7,1,1,0,0,0,0,2,1,1
STERLING COUNTY,431,76 Years,9,4,5,7,3,4,0,0,0,0,0,0,2,1,1
STERLING COUNTY,431,77 Years,6,3,3,4,2,2,0,0,0,0,0,0,2,1,1
STERLING COUNTY,431,78 Years,7,1,6,5,1,4,0,0,0,0,0,0,2,0,2
STERLING COUNTY,431,79 Years,11,6,5,10,6,4,0,0,0,0,0,0,1,0,1
STERLING COUNTY,431,80 Years,8,2,6,7,2,5,0,0,0,0,0,0,1,0,1
STERLING COUNTY,431,81 Years,14,6,8,11,4,7,0,0,0,0,0,0,3,2,1
STERLING COUNTY,431,82 Years,12,5,7,10,3,7,0,0,0,0,0,0,2,2,0
STERLING COUNTY,431,83 Years,8,5,3,7,4,3,0,0,0,0,0,0,1,1,0
STERLING COUNTY,431,84 Years,8,4,4,7,3,4,0,0,0,0,0,0,1,1,0
STERLING COUNTY,431,85 Years +,42,19,23,28,12,16,2,1,1,0,0,0,12,6,6
STONEWALL COUNTY,433,All Ages,1452,700,752,1159,564,595,39,19,20,31,10,21,223,107,116
STONEWALL COUNTY,433,< 1 Year,15,9,6,12,8,4,0,0,0,0,0,0,3,1,2
STONEWALL COUNTY,433,1 Years,15,8,7,12,7,5,0,0,0,1,0,1,2,1,1
STONEWALL COUNTY,433,2 Years,15,7,8,12,6,6,0,0,0,1,0,1,2,1,1
STONEWALL COUNTY,433,3 Years,13,6,7,9,4,5,0,0,0,0,0,0,4,2,2
STONEWALL COUNTY,433,4 Years,11,5,6,8,4,4,0,0,0,0,0,0,3,1,2
STONEWALL COUNTY,433,5 Years,10,5,5,7,4,3,0,0,0,0,0,0,3,1,2
STONEWALL COUNTY,433,6 Years,10,3,7,7,2,5,0,0,0,0,0,0,3,1,2
STONEWALL COUNTY,433,7 Years,20,8,12,10,5,5,1,0,1,3,1,2,6,2,4
STONEWALL COUNTY,433,8 Years,11,5,6,6,3,3,1,0,1,1,1,0,3,1,2
STONEWALL COUNTY,433,9 Years,18,6,12,15,4,11,0,0,0,0,0,0,3,2,1
STONEWALL COUNTY,433,10 Years,21,10,11,14,6,8,0,0,0,0,0,0,7,4,3
STONEWALL COUNTY,433,11 Years,20,12,8,15,8,7,1,1,0,0,0,0,4,3,1
STONEWALL COUNTY,433,12 Years,21,9,12,11,5,6,1,0,1,2,2,0,7,2,5
STONEWALL COUNTY,433,13 Years,23,10,13,15,7,8,1,0,1,3,1,2,4,2,2
STONEWALL COUNTY,433,14 Years,20,11,9,14,7,7,2,0,2,0,0,0,4,4,0
STONEWALL COUNTY,433,15 Years,21,9,12,17,7,10,1,0,1,0,0,0,3,2,1
STONEWALL COUNTY,433,16 Years,15,9,6,11,7,4,0,0,0,0,0,0,4,2,2
STONEWALL COUNTY,433,17 Years,18,6,12,10,4,6,1,1,0,1,0,1,6,1,5
STONEWALL COUNTY,433,18 Years,19,9,10,14,6,8,1,1,0,1,1,0,3,1,2
STONEWALL COUNTY,433,19 Years,14,5,9,12,4,8,1,1,0,0,0,0,1,0,1
STONEWALL COUNTY,433,20 Years,11,3,8,9,3,6,1,0,1,0,0,0,1,0,1
STONEWALL COUNTY,433,21 Years,17,7,10,11,4,7,1,1,0,0,0,0,5,2,3
STONEWALL COUNTY,433,22 Years,18,9,9,10,5,5,0,0,0,0,0,0,8,4,4
STONEWALL COUNTY,433,23 Years,19,12,7,14,9,5,0,0,0,0,0,0,5,3,2
STONEWALL COUNTY,433,24 Years,16,10,6,11,7,4,0,0,0,2,1,1,3,2,1
STONEWALL COUNTY,433,25 Years,11,8,3,8,6,2,1,1,0,0,0,0,2,1,1
STONEWALL COUNTY,433,26 Years,16,11,5,12,8,4,3,2,1,0,0,0,1,1,0
STONEWALL COUNTY,433,27 Years,11,6,5,9,6,3,1,0,1,0,0,0,1,0,1
STONEWALL COUNTY,433,28 Years,8,6,2,6,4,2,0,0,0,0,0,0,2,2,0
STONEWALL COUNTY,433,29 Years,7,6,1,5,5,0,0,0,0,0,0,0,2,1,1
STONEWALL COUNTY,433,30 Years,12,6,6,8,4,4,0,0,0,0,0,0,4,2,2
STONEWALL COUNTY,433,31 Years,11,4,7,8,3,5,0,0,0,0,0,0,3,1,2
STONEWALL COUNTY,433,32 Years,9,5,4,9,5,4,0,0,0,0,0,0,0,0,0
STONEWALL COUNTY,433,33 Years,13,7,6,8,5,3,0,0,0,2,0,2,3,2,1
STONEWALL COUNTY,433,34 Years,16,7,9,12,6,6,0,0,0,1,0,1,3,1,2
STONEWALL COUNTY,433,35 Years,15,7,8,12,6,6,0,0,0,0,0,0,3,1,2
STONEWALL COUNTY,433,36 Years,15,7,8,11,6,5,0,0,0,0,0,0,4,1,3
STONEWALL COUNTY,433,37 Years,14,5,9,11,4,7,1,0,1,0,0,0,2,1,1
STONEWALL COUNTY,433,38 Years,12,5,7,8,3,5,1,0,1,0,0,0,3,2,1
STONEWALL COUNTY,433,39 Years,13,7,6,11,6,5,0,0,0,1,0,1,1,1,0
STONEWALL COUNTY,433,40 Years,11,7,4,9,5,4,0,0,0,0,0,0,2,2,0
STONEWALL COUNTY,433,41 Years,15,7,8,13,6,7,0,0,0,1,0,1,1,1,0
STONEWALL COUNTY,433,42 Years,15,9,6,11,7,4,0,0,0,1,0,1,3,2,1
STONEWALL COUNTY,433,43 Years,12,7,5,10,5,5,0,0,0,0,0,0,2,2,0
STONEWALL COUNTY,433,44 Years,17,7,10,11,5,6,0,0,0,0,0,0,6,2,4
STONEWALL COUNTY,433,45 Years,20,8,12,16,8,8,0,0,0,0,0,0,4,0,4
STONEWALL COUNTY,433,46 Years,15,8,7,14,8,6,0,0,0,0,0,0,1,0,1
STONEWALL COUNTY,433,47 Years,14,10,4,9,7,2,0,0,0,1,1,0,4,2,2
STONEWALL COUNTY,433,48 Years,14,9,5,10,7,3,0,0,0,0,0,0,4,2,2
STONEWALL COUNTY,433,49 Years,16,9,7,14,7,7,0,0,0,0,0,0,2,2,0
STONEWALL COUNTY,433,50 Years,21,10,11,21,10,11,0,0,0,0,0,0,0,0,0
STONEWALL COUNTY,433,51 Years,19,11,8,16,9,7,2,2,0,0,0,0,1,0,1
STONEWALL COUNTY,433,52 Years,22,8,14,19,7,12,1,1,0,0,0,0,2,0,2
STONEWALL COUNTY,433,53 Years,23,11,12,19,10,9,1,0,1,0,0,0,3,1,2
STONEWALL COUNTY,433,54 Years,24,13,11,19,10,9,0,0,0,0,0,0,5,3,2
STONEWALL COUNTY,433,55 Years,20,12,8,17,9,8,0,0,0,0,0,0,3,3,0
STONEWALL COUNTY,433,56 Years,18,10,8,15,7,8,2,2,0,0,0,0,1,1,0
STONEWALL COUNTY,433,57 Years,20,9,11,19,8,11,0,0,0,0,0,0,1,1,0
STONEWALL COUNTY,433,58 Years,23,15,8,20,12,8,0,0,0,0,0,0,3,3,0
STONEWALL COUNTY,433,59 Years,25,13,12,18,9,9,0,0,0,1,1,0,6,3,3
STONEWALL COUNTY,433,60 Years,22,10,12,17,9,8,2,0,2,0,0,0,3,1,2
STONEWALL COUNTY,433,61 Years,22,7,15,20,7,13,1,0,1,0,0,0,1,0,1
STONEWALL COUNTY,433,62 Years,18,10,8,15,8,7,0,0,0,1,1,0,2,1,1
STONEWALL COUNTY,433,63 Years,18,8,10,15,7,8,0,0,0,0,0,0,3,1,2
STONEWALL COUNTY,433,64 Years,20,12,8,18,11,7,0,0,0,0,0,0,2,1,1
STONEWALL COUNTY,433,65 Years,20,11,9,19,10,9,0,0,0,0,0,0,1,1,0
STONEWALL COUNTY,433,66 Years,19,10,9,18,10,8,0,0,0,0,0,0,1,0,1
STONEWALL COUNTY,433,67 Years,25,13,12,23,12,11,0,0,0,1,0,1,1,1,0
STONEWALL COUNTY,433,68 Years,18,9,9,16,8,8,0,0,0,1,0,1,1,1,0
STONEWALL COUNTY,433,69 Years,19,8,11,16,8,8,0,0,0,0,0,0,3,0,3
STONEWALL COUNTY,433,70 Years,17,7,10,16,7,9,0,0,0,0,0,0,1,0,1
STONEWALL COUNTY,433,71 Years,22,11,11,20,10,10,1,1,0,0,0,0,1,0,1
STONEWALL COUNTY,433,72 Years,27,12,15,24,12,12,1,0,1,1,0,1,1,0,1
STONEWALL COUNTY,433,73 Years,13,6,7,10,5,5,0,0,0,1,0,1,2,1,1
STONEWALL COUNTY,433,74 Years,11,3,8,10,2,8,0,0,0,0,0,0,1,1,0
STONEWALL COUNTY,433,75 Years,11,5,6,11,5,6,0,0,0,0,0,0,0,0,0
STONEWALL COUNTY,433,76 Years,14,7,7,12,6,6,1,1,0,0,0,0,1,0,1
STONEWALL COUNTY,433,77 Years,21,7,14,19,6,13,1,1,0,0,0,0,1,0,1
STONEWALL COUNTY,433,78 Years,16,6,10,14,5,9,2,1,1,0,0,0,0,0,0
STONEWALL COUNTY,433,79 Years,13,7,6,12,6,6,1,1,0,0,0,0,0,0,0
STONEWALL COUNTY,433,80 Years,14,7,7,12,6,6,2,1,1,0,0,0,0,0,0
STONEWALL COUNTY,433,81 Years,10,2,8,8,2,6,0,0,0,1,0,1,1,0,1
STONEWALL COUNTY,433,82 Years,13,4,9,12,3,9,0,0,0,0,0,0,1,1,0
STONEWALL COUNTY,433,83 Years,14,6,8,14,6,8,0,0,0,0,0,0,0,0,0
STONEWALL COUNTY,433,84 Years,13,6,7,10,4,6,0,0,0,1,0,1,2,2,0
STONEWALL COUNTY,433,85 Years +,64,23,41,54,20,34,1,0,1,1,0,1,8,3,5
SUTTON COUNTY,435,All Ages,4039,2016,2023,1517,745,772,6,6,0,26,16,10,2490,1249,1241
SUTTON COUNTY,435,< 1 Year,58,30,28,16,11,5,0,0,0,0,0,0,42,19,23
SUTTON COUNTY,435,1 Years,55,28,27,15,9,6,0,0,0,1,1,0,39,18,21
SUTTON COUNTY,435,2 Years,52,27,25,16,8,8,0,0,0,1,1,0,35,18,17
SUTTON COUNTY,435,3 Years,50,26,24,16,9,7,0,0,0,0,0,0,34,17,17
SUTTON COUNTY,435,4 Years,52,28,24,15,8,7,0,0,0,0,0,0,37,20,17
SUTTON COUNTY,435,5 Years,47,26,21,14,8,6,0,0,0,0,0,0,33,18,15
SUTTON COUNTY,435,6 Years,63,26,37,17,6,11,0,0,0,0,0,0,46,20,26
SUTTON COUNTY,435,7 Years,64,36,28,22,15,7,0,0,0,0,0,0,42,21,21
SUTTON COUNTY,435,8 Years,59,28,31,16,11,5,0,0,0,0,0,0,43,17,26
SUTTON COUNTY,435,9 Years,51,24,27,12,5,7,0,0,0,0,0,0,39,19,20
SUTTON COUNTY,435,10 Years,43,21,22,8,4,4,0,0,0,0,0,0,35,17,18
SUTTON COUNTY,435,11 Years,46,21,25,9,4,5,0,0,0,1,1,0,36,16,20
SUTTON COUNTY,435,12 Years,58,26,32,13,5,8,0,0,0,0,0,0,45,21,24
SUTTON COUNTY,435,13 Years,58,29,29,17,9,8,0,0,0,1,0,1,40,20,20
SUTTON COUNTY,435,14 Years,55,25,30,19,9,10,0,0,0,0,0,0,36,16,20
SUTTON COUNTY,435,15 Years,64,29,35,22,9,13,0,0,0,1,1,0,41,19,22
SUTTON COUNTY,435,16 Years,69,33,36,17,7,10,0,0,0,2,1,1,50,25,25
SUTTON COUNTY,435,17 Years,69,43,26,23,14,9,0,0,0,0,0,0,46,29,17
SUTTON COUNTY,435,18 Years,51,29,22,16,11,5,0,0,0,0,0,0,35,18,17
SUTTON COUNTY,435,19 Years,54,28,26,14,7,7,0,0,0,1,0,1,39,21,18
SUTTON COUNTY,435,20 Years,54,28,26,14,6,8,0,0,0,0,0,0,40,22,18
SUTTON COUNTY,435,21 Years,55,33,22,16,8,8,0,0,0,0,0,0,39,25,14
SUTTON COUNTY,435,22 Years,56,27,29,19,8,11,0,0,0,0,0,0,37,19,18
SUTTON COUNTY,435,23 Years,72,35,37,20,8,12,1,1,0,1,1,0,50,25,25
SUTTON COUNTY,435,24 Years,65,29,36,17,9,8,1,1,0,0,0,0,47,19,28
SUTTON COUNTY,435,25 Years,48,24,24,10,4,6,1,1,0,0,0,0,37,19,18
SUTTON COUNTY,435,26 Years,38,22,16,3,1,2,0,0,0,1,1,0,34,20,14
SUTTON COUNTY,435,27 Years,37,21,16,8,4,4,0,0,0,0,0,0,29,17,12
SUTTON COUNTY,435,28 Years,37,20,17,11,7,4,0,0,0,0,0,0,26,13,13
SUTTON COUNTY,435,29 Years,36,21,15,10,6,4,0,0,0,0,0,0,26,15,11
SUTTON COUNTY,435,30 Years,31,13,18,11,4,7,0,0,0,0,0,0,20,9,11
SUTTON COUNTY,435,31 Years,32,14,18,12,5,7,0,0,0,0,0,0,20,9,11
SUTTON COUNTY,435,32 Years,39,15,24,13,4,9,0,0,0,0,0,0,26,11,15
SUTTON COUNTY,435,33 Years,38,19,19,15,7,8,0,0,0,0,0,0,23,12,11
SUTTON COUNTY,435,34 Years,44,20,24,16,7,9,0,0,0,1,0,1,27,13,14
SUTTON COUNTY,435,35 Years,44,22,22,13,4,9,0,0,0,0,0,0,31,18,13
SUTTON COUNTY,435,36 Years,51,23,28,12,5,7,0,0,0,0,0,0,39,18,21
SUTTON COUNTY,435,37 Years,44,24,20,14,6,8,0,0,0,1,1,0,29,17,12
SUTTON COUNTY,435,38 Years,39,22,17,15,10,5,0,0,0,0,0,0,24,12,12
SUTTON COUNTY,435,39 Years,29,15,14,8,5,3,0,0,0,0,0,0,21,10,11
SUTTON COUNTY,435,40 Years,39,18,21,11,4,7,0,0,0,0,0,0,28,14,14
SUTTON COUNTY,435,41 Years,41,21,20,10,6,4,1,1,0,1,1,0,29,13,16
SUTTON COUNTY,435,42 Years,42,21,21,13,7,6,0,0,0,1,1,0,28,13,15
SUTTON COUNTY,435,43 Years,45,20,25,13,7,6,0,0,0,0,0,0,32,13,19
SUTTON COUNTY,435,44 Years,44,20,24,16,6,10,0,0,0,0,0,0,28,14,14
SUTTON COUNTY,435,45 Years,48,22,26,21,8,13,0,0,0,0,0,0,27,14,13
SUTTON COUNTY,435,46 Years,58,26,32,18,7,11,0,0,0,0,0,0,40,19,21
SUTTON COUNTY,435,47 Years,52,29,23,17,10,7,1,1,0,0,0,0,34,18,16
SUTTON COUNTY,435,48 Years,47,25,22,21,12,9,0,0,0,0,0,0,26,13,13
SUTTON COUNTY,435,49 Years,46,28,18,16,10,6,0,0,0,0,0,0,30,18,12
SUTTON COUNTY,435,50 Years,46,28,18,18,10,8,0,0,0,1,0,1,27,18,9
SUTTON COUNTY,435,51 Years,44,21,23,20,8,12,0,0,0,2,0,2,22,13,9
SUTTON COUNTY,435,52 Years,54,22,32,24,8,16,0,0,0,0,0,0,30,14,16
SUTTON COUNTY,435,53 Years,58,32,26,26,14,12,0,0,0,0,0,0,32,18,14
SUTTON COUNTY,435,54 Years,64,34,30,29,13,16,0,0,0,0,0,0,35,21,14
SUTTON COUNTY,435,55 Years,55,29,26,28,13,15,0,0,0,0,0,0,27,16,11
SUTTON COUNTY,435,56 Years,60,28,32,27,14,13,0,0,0,1,1,0,32,13,19
SUTTON COUNTY,435,57 Years,56,28,28,24,12,12,0,0,0,1,1,0,31,15,16
SUTTON COUNTY,435,58 Years,57,30,27,23,14,9,0,0,0,0,0,0,34,16,18
SUTTON COUNTY,435,59 Years,54,24,30,26,10,16,0,0,0,0,0,0,28,14,14
SUTTON COUNTY,435,60 Years,66,32,34,38,16,22,0,0,0,0,0,0,28,16,12
SUTTON COUNTY,435,61 Years,59,29,30,30,15,15,0,0,0,0,0,0,29,14,15
SUTTON COUNTY,435,62 Years,66,32,34,33,18,15,0,0,0,1,0,1,32,14,18
SUTTON COUNTY,435,63 Years,59,24,35,29,13,16,0,0,0,1,0,1,29,11,18
SUTTON COUNTY,435,64 Years,49,25,24,22,11,11,0,0,0,0,0,0,27,14,13
SUTTON COUNTY,435,65 Years,53,28,25,25,15,10,0,0,0,0,0,0,28,13,15
SUTTON COUNTY,435,66 Years,40,18,22,22,11,11,0,0,0,0,0,0,18,7,11
SUTTON COUNTY,435,67 Years,45,25,20,20,11,9,0,0,0,0,0,0,25,14,11
SUTTON COUNTY,435,68 Years,45,26,19,22,13,9,0,0,0,0,0,0,23,13,10
SUTTON COUNTY,435,69 Years,46,25,21,29,18,11,0,0,0,0,0,0,17,7,10
SUTTON COUNTY,435,70 Years,42,21,21,24,13,11,0,0,0,0,0,0,18,8,10
SUTTON COUNTY,435,71 Years,34,17,17,19,9,10,0,0,0,1,1,0,14,7,7
SUTTON COUNTY,435,72 Years,38,18,20,19,7,12,1,1,0,1,1,0,17,9,8
SUTTON COUNTY,435,73 Years,35,18,17,22,12,10,0,0,0,1,1,0,12,5,7
SUTTON COUNTY,435,74 Years,33,20,13,21,11,10,0,0,0,1,1,0,11,8,3
SUTTON COUNTY,435,75 Years,26,9,17,15,5,10,0,0,0,0,0,0,11,4,7
SUTTON COUNTY,435,76 Years,21,11,10,13,7,6,0,0,0,0,0,0,8,4,4
SUTTON COUNTY,435,77 Years,22,11,11,13,5,8,0,0,0,0,0,0,9,6,3
SUTTON COUNTY,435,78 Years,21,11,10,12,5,7,0,0,0,0,0,0,9,6,3
SUTTON COUNTY,435,79 Years,26,16,10,13,8,5,0,0,0,0,0,0,13,8,5
SUTTON COUNTY,435,80 Years,29,14,15,16,7,9,0,0,0,0,0,0,13,7,6
SUTTON COUNTY,435,81 Years,21,11,10,11,7,4,0,0,0,0,0,0,10,4,6
SUTTON COUNTY,435,82 Years,16,7,9,12,5,7,0,0,0,0,0,0,4,2,2
SUTTON COUNTY,435,83 Years,19,10,9,12,5,7,0,0,0,0,0,0,7,5,2
SUTTON COUNTY,435,84 Years,22,10,12,10,4,6,0,0,0,0,0,0,12,6,6
SUTTON COUNTY,435,85 Years +,89,32,57,40,14,26,0,0,0,1,0,1,48,18,30
SWISHER COUNTY,437,All Ages,7463,3981,3482,3519,1794,1725,542,373,169,145,71,74,3257,1743,1514
SWISHER COUNTY,437,< 1 Year,84,49,35,31,19,12,4,2,2,8,7,1,41,21,20
SWISHER COUNTY,437,1 Years,86,46,40,29,18,11,6,3,3,4,3,1,47,22,25
SWISHER COUNTY,437,2 Years,93,50,43,31,19,12,5,3,2,3,2,1,54,26,28
SWISHER COUNTY,437,3 Years,91,46,45,25,13,12,4,2,2,0,0,0,62,31,31
SWISHER COUNTY,437,4 Years,98,48,50,29,16,13,4,2,2,2,1,1,63,29,34
SWISHER COUNTY,437,5 Years,98,51,47,29,16,13,3,2,1,0,0,0,66,33,33
SWISHER COUNTY,437,6 Years,117,52,65,34,15,19,4,2,2,4,2,2,75,33,42
SWISHER COUNTY,437,7 Years,120,60,60,35,16,19,7,1,6,5,3,2,73,40,33
SWISHER COUNTY,437,8 Years,111,61,50,41,20,21,5,2,3,6,4,2,59,35,24
SWISHER COUNTY,437,9 Years,114,57,57,37,18,19,9,4,5,7,4,3,61,31,30
SWISHER COUNTY,437,10 Years,109,53,56,39,18,21,11,5,6,3,1,2,56,29,27
SWISHER COUNTY,437,11 Years,118,69,49,46,27,19,9,5,4,5,3,2,58,34,24
SWISHER COUNTY,437,12 Years,106,53,53,38,18,20,9,4,5,3,2,1,56,29,27
SWISHER COUNTY,437,13 Years,99,53,46,39,22,17,6,3,3,4,2,2,50,26,24
SWISHER COUNTY,437,14 Years,92,51,41,35,21,14,6,3,3,2,1,1,49,26,23
SWISHER COUNTY,437,15 Years,112,60,52,43,21,22,5,1,4,2,2,0,62,36,26
SWISHER COUNTY,437,16 Years,106,51,55,46,23,23,7,2,5,4,1,3,49,25,24
SWISHER COUNTY,437,17 Years,103,42,61,42,20,22,7,3,4,1,0,1,53,19,34
SWISHER COUNTY,437,18 Years,91,44,47,32,14,18,5,3,2,2,2,0,52,25,27
SWISHER COUNTY,437,19 Years,106,59,47,32,17,15,11,7,4,2,1,1,61,34,27
SWISHER COUNTY,437,20 Years,104,59,45,41,24,17,11,6,5,1,1,0,51,28,23
SWISHER COUNTY,437,21 Years,94,53,41,28,10,18,8,5,3,1,0,1,57,38,19
SWISHER COUNTY,437,22 Years,118,68,50,35,18,17,13,11,2,3,1,2,67,38,29
SWISHER COUNTY,437,23 Years,120,64,56,43,22,21,10,8,2,3,1,2,64,33,31
SWISHER COUNTY,437,24 Years,126,76,50,49,31,18,9,8,1,1,1,0,67,36,31
SWISHER COUNTY,437,25 Years,109,66,43,41,24,17,14,12,2,2,2,0,52,28,24
SWISHER COUNTY,437,26 Years,109,77,32,45,36,9,8,7,1,0,0,0,56,34,22
SWISHER COUNTY,437,27 Years,104,72,32,32,23,9,19,17,2,0,0,0,53,32,21
SWISHER COUNTY,437,28 Years,100,63,37,29,18,11,14,13,1,3,2,1,54,30,24
SWISHER COUNTY,437,29 Years,108,71,37,33,20,13,10,10,0,2,1,1,63,40,23
SWISHER COUNTY,437,30 Years,107,78,29,29,19,10,19,18,1,3,1,2,56,40,16
SWISHER COUNTY,437,31 Years,94,59,35,34,20,14,15,12,3,1,1,0,44,26,18
SWISHER COUNTY,437,32 Years,84,47,37,23,10,13,19,17,2,2,1,1,40,19,21
SWISHER COUNTY,437,33 Years,81,43,38,24,10,14,13,11,2,1,0,1,43,22,21
SWISHER COUNTY,437,34 Years,84,47,37,30,11,19,7,6,1,1,0,1,46,30,16
SWISHER COUNTY,437,35 Years,85,53,32,36,17,19,10,9,1,1,0,1,38,27,11
SWISHER COUNTY,437,36 Years,83,51,32,35,19,16,7,5,2,0,0,0,41,27,14
SWISHER COUNTY,437,37 Years,93,57,36,37,17,20,13,11,2,1,0,1,42,29,13
SWISHER COUNTY,437,38 Years,72,37,35,29,11,18,7,5,2,1,0,1,35,21,14
SWISHER COUNTY,437,39 Years,74,43,31,35,19,16,6,4,2,0,0,0,33,20,13
SWISHER COUNTY,437,40 Years,89,55,34,42,24,18,14,10,4,1,0,1,32,21,11
SWISHER COUNTY,437,41 Years,76,45,31,38,23,15,6,5,1,2,1,1,30,16,14
SWISHER COUNTY,437,42 Years,57,36,21,23,12,11,7,6,1,3,2,1,24,16,8
SWISHER COUNTY,437,43 Years,62,34,28,31,16,15,9,8,1,2,2,0,20,8,12
SWISHER COUNTY,437,44 Years,64,34,30,27,17,10,3,3,0,2,0,2,32,14,18
SWISHER COUNTY,437,45 Years,72,36,36,33,18,15,6,5,1,1,0,1,32,13,19
SWISHER COUNTY,437,46 Years,79,36,43,39,18,21,6,5,1,0,0,0,34,13,21
SWISHER COUNTY,437,47 Years,94,47,47,38,18,20,11,10,1,1,0,1,44,19,25
SWISHER COUNTY,437,48 Years,72,42,30,39,23,16,6,5,1,0,0,0,27,14,13
SWISHER COUNTY,437,49 Years,71,42,29,34,21,13,5,5,0,1,0,1,31,16,15
SWISHER COUNTY,437,50 Years,92,50,42,41,23,18,13,8,5,1,0,1,37,19,18
SWISHER COUNTY,437,51 Years,95,51,44,46,25,21,7,5,2,1,0,1,41,21,20
SWISHER COUNTY,437,52 Years,104,56,48,42,20,22,10,8,2,2,1,1,50,27,23
SWISHER COUNTY,437,53 Years,97,52,45,47,24,23,3,2,1,1,1,0,46,25,21
SWISHER COUNTY,437,54 Years,84,39,45,44,17,27,4,3,1,0,0,0,36,19,17
SWISHER COUNTY,437,55 Years,99,48,51,54,24,30,5,2,3,1,0,1,39,22,17
SWISHER COUNTY,437,56 Years,87,48,39,53,30,23,5,3,2,1,0,1,28,15,13
SWISHER COUNTY,437,57 Years,82,46,36,54,30,24,2,2,0,1,1,0,25,13,12
SWISHER COUNTY,437,58 Years,85,48,37,44,23,21,2,1,1,0,0,0,39,24,15
SWISHER COUNTY,437,59 Years,92,45,47,59,31,28,4,0,4,0,0,0,29,14,15
SWISHER COUNTY,437,60 Years,87,45,42,59,32,27,2,1,1,0,0,0,26,12,14
SWISHER COUNTY,437,61 Years,87,43,44,60,32,28,1,1,0,1,0,1,25,10,15
SWISHER COUNTY,437,62 Years,90,49,41,65,34,31,4,3,1,1,0,1,20,12,8
SWISHER COUNTY,437,63 Years,95,53,42,68,36,32,3,0,3,1,1,0,23,16,7
SWISHER COUNTY,437,64 Years,97,52,45,66,34,32,7,4,3,0,0,0,24,14,10
SWISHER COUNTY,437,65 Years,92,45,47,67,31,36,3,2,1,2,1,1,20,11,9
SWISHER COUNTY,437,66 Years,81,39,42,56,28,28,3,1,2,2,0,2,20,10,10
SWISHER COUNTY,437,67 Years,76,43,33,53,30,23,3,1,2,1,0,1,19,12,7
SWISHER COUNTY,437,68 Years,76,45,31,53,31,22,1,1,0,3,2,1,19,11,8
SWISHER COUNTY,437,69 Years,68,31,37,52,24,28,1,0,1,3,1,2,12,6,6
SWISHER COUNTY,437,70 Years,65,25,40,49,19,30,1,0,1,1,0,1,14,6,8
SWISHER COUNTY,437,71 Years,59,26,33,40,17,23,3,1,2,1,0,1,15,8,7
SWISHER COUNTY,437,72 Years,71,31,40,47,22,25,2,1,1,2,0,2,20,8,12
SWISHER COUNTY,437,73 Years,63,30,33,41,21,20,3,1,2,1,0,1,18,8,10
SWISHER COUNTY,437,74 Years,54,24,30,36,16,20,2,1,1,0,0,0,16,7,9
SWISHER COUNTY,437,75 Years,53,24,29,36,17,19,0,0,0,2,2,0,15,5,10
SWISHER COUNTY,437,76 Years,51,27,24,35,18,17,1,0,1,1,1,0,14,8,6
SWISHER COUNTY,437,77 Years,59,28,31,37,21,16,2,0,2,2,0,2,18,7,11
SWISHER COUNTY,437,78 Years,51,23,28,29,14,15,3,2,1,0,0,0,19,7,12
SWISHER COUNTY,437,79 Years,40,15,25,28,10,18,1,0,1,0,0,0,11,5,6
SWISHER COUNTY,437,80 Years,43,10,33,38,9,29,1,0,1,0,0,0,4,1,3
SWISHER COUNTY,437,81 Years,36,12,24,28,7,21,0,0,0,0,0,0,8,5,3
SWISHER COUNTY,437,82 Years,38,15,23,28,12,16,1,0,1,0,0,0,9,3,6
SWISHER COUNTY,437,83 Years,38,17,21,29,14,15,2,1,1,0,0,0,7,2,5
SWISHER COUNTY,437,84 Years,35,19,16,26,14,12,1,1,0,0,0,0,8,4,4
SWISHER COUNTY,437,85 Years +,202,81,121,164,64,100,4,1,3,6,2,4,28,14,14
TARRANT COUNTY,439,All Ages,1984677,976116,1008561,908388,446246,462142,306306,143200,163106,164878,79635,85243,605105,307035,298070
TARRANT COUNTY,439,< 1 Year,28388,14592,13796,9617,4958,4659,4735,2419,2316,2896,1522,1374,11140,5693,5447
TARRANT COUNTY,439,1 Years,28278,14500,13778,9733,5021,4712,4658,2351,2307,2878,1492,1386,11009,5636,5373
TARRANT COUNTY,439,2 Years,28009,14397,13612,9867,5099,4768,4473,2261,2212,2802,1450,1352,10867,5587,5280
TARRANT COUNTY,439,3 Years,27854,14233,13621,9892,5079,4813,4346,2202,2144,2782,1405,1377,10834,5547,5287
TARRANT COUNTY,439,4 Years,27664,14155,13509,9877,5052,4825,4197,2148,2049,2827,1435,1392,10763,5520,5243
TARRANT COUNTY,439,5 Years,28004,14216,13788,9936,5078,4858,4183,2135,2048,3015,1497,1518,10870,5506,5364
TARRANT COUNTY,439,6 Years,28153,14161,13992,9880,5015,4865,4156,2073,2083,2903,1455,1448,11214,5618,5596
TARRANT COUNTY,439,7 Years,28574,14388,14186,9950,5055,4895,4428,2229,2199,2978,1486,1492,11218,5618,5600
TARRANT COUNTY,439,8 Years,29396,15037,14359,10085,5207,4878,4614,2319,2295,3205,1635,1570,11492,5876,5616
TARRANT COUNTY,439,9 Years,29734,15202,14532,10119,5207,4912,4627,2343,2284,3186,1621,1565,11802,6031,5771
TARRANT COUNTY,439,10 Years,30013,15314,14699,10173,5230,4943,4756,2384,2372,3158,1600,1558,11926,6100,5826
TARRANT COUNTY,439,11 Years,30426,15502,14924,10254,5301,4953,4938,2483,2455,3170,1571,1599,12064,6147,5917
TARRANT COUNTY,439,12 Years,30968,15810,15158,10299,5302,4997,5084,2563,2521,3213,1604,1609,12372,6341,6031
TARRANT COUNTY,439,13 Years,30901,15800,15101,10295,5316,4979,5173,2624,2549,3060,1535,1525,12373,6325,6048
TARRANT COUNTY,439,14 Years,31034,15917,15117,10128,5239,4889,5373,2711,2662,2933,1491,1442,12600,6476,6124
TARRANT COUNTY,439,15 Years,31422,16025,15397,10442,5311,5131,5513,2797,2716,2895,1497,1398,12572,6420,6152
TARRANT COUNTY,439,16 Years,31372,16077,15295,10698,5580,5118,5548,2833,2715,2788,1420,1368,12338,6244,6094
TARRANT COUNTY,439,17 Years,30687,15724,14963,10629,5500,5129,5292,2671,2621,2798,1414,1384,11968,6139,5829
TARRANT COUNTY,439,18 Years,29795,15381,14414,10339,5361,4978,5142,2590,2552,2747,1410,1337,11567,6020,5547
TARRANT COUNTY,439,19 Years,28570,14768,13802,9800,5115,4685,4874,2476,2398,2557,1310,1247,11339,5867,5472
TARRANT COUNTY,439,20 Years,27787,14177,13610,9598,4886,4712,4716,2367,2349,2470,1257,1213,11003,5667,5336
TARRANT COUNTY,439,21 Years,27571,14045,13526,9701,4899,4802,4663,2294,2369,2465,1276,1189,10742,5576,5166
TARRANT COUNTY,439,22 Years,27860,14212,13648,10116,5076,5040,4610,2266,2344,2400,1255,1145,10734,5615,5119
TARRANT COUNTY,439,23 Years,28459,14625,13834,10654,5306,5348,4632,2326,2306,2333,1207,1126,10840,5786,5054
TARRANT COUNTY,439,24 Years,28521,14673,13848,10868,5427,5441,4332,2126,2206,2414,1234,1180,10907,5886,5021
TARRANT COUNTY,439,25 Years,28482,14517,13965,11188,5492,5696,4064,1928,2136,2379,1210,1169,10851,5887,4964
TARRANT COUNTY,439,26 Years,28710,14583,14127,11699,5698,6001,3812,1792,2020,2340,1174,1166,10859,5919,4940
TARRANT COUNTY,439,27 Years,28758,14449,14309,11917,5761,6156,3748,1741,2007,2301,1146,1155,10792,5801,4991
TARRANT COUNTY,439,28 Years,28804,14387,14417,12094,5851,6243,3792,1708,2084,2255,1119,1136,10663,5709,4954
TARRANT COUNTY,439,29 Years,29426,14568,14858,12598,6138,6460,3901,1712,2189,2272,1096,1176,10655,5622,5033
TARRANT COUNTY,439,30 Years,29851,14700,15151,12923,6369,6554,4114,1839,2275,2250,1083,1167,10564,5409,5155
TARRANT COUNTY,439,31 Years,29971,14608,15363,13182,6596,6586,4295,1929,2366,2265,1059,1206,10229,5024,5205
TARRANT COUNTY,439,32 Years,29560,14421,15139,12853,6490,6363,4468,1960,2508,2296,1094,1202,9943,4877,5066
TARRANT COUNTY,439,33 Years,30147,14669,15478,13095,6634,6461,4755,2033,2722,2359,1100,1259,9938,4902,5036
TARRANT COUNTY,439,34 Years,29866,14506,15360,12992,6561,6431,4871,2082,2789,2396,1064,1332,9607,4799,4808
TARRANT COUNTY,439,35 Years,29416,14259,15157,12680,6407,6273,4934,2091,2843,2368,1048,1320,9434,4713,4721
TARRANT COUNTY,439,36 Years,28881,14025,14856,12163,6119,6044,5139,2208,2931,2308,1041,1267,9271,4657,4614
TARRANT COUNTY,439,37 Years,27045,13157,13888,11165,5604,5561,4974,2156,2818,2220,987,1233,8686,4410,4276
TARRANT COUNTY,439,38 Years,26466,12829,13637,10801,5355,5446,4790,2104,2686,2190,968,1222,8685,4402,4283
TARRANT COUNTY,439,39 Years,25899,12588,13311,10421,5224,5197,4653,2041,2612,2291,986,1305,8534,4337,4197
TARRANT COUNTY,439,40 Years,25856,12470,13386,10312,5099,5213,4560,2052,2508,2495,1096,1399,8489,4223,4266
TARRANT COUNTY,439,41 Years,26375,12739,13636,10702,5314,5388,4525,2018,2507,2554,1116,1438,8594,4291,4303
TARRANT COUNTY,439,42 Years,26097,12418,13679,10790,5261,5529,4471,1999,2472,2543,1100,1443,8293,4058,4235
TARRANT COUNTY,439,43 Years,26394,12576,13818,11173,5479,5694,4416,1981,2435,2479,1094,1385,8326,4022,4304
TARRANT COUNTY,439,44 Years,27514,13287,14227,12141,6139,6002,4528,2010,2518,2544,1147,1397,8301,3991,4310
TARRANT COUNTY,439,45 Years,28604,13853,14751,13432,6740,6692,4657,2118,2539,2528,1151,1377,7987,3844,4143
TARRANT COUNTY,439,46 Years,28523,13851,14672,13693,6816,6877,4580,2056,2524,2476,1128,1348,7774,3851,3923
TARRANT COUNTY,439,47 Years,26687,12902,13785,12905,6344,6561,4278,1954,2324,2239,1023,1216,7265,3581,3684
TARRANT COUNTY,439,48 Years,25338,12408,12930,12261,6067,6194,4194,1929,2265,2027,937,1090,6856,3475,3381
TARRANT COUNTY,439,49 Years,24701,12080,12621,12122,6012,6110,4176,1899,2277,1918,863,1055,6485,3306,3179
TARRANT COUNTY,439,50 Years,24921,12113,12808,12329,6002,6327,4298,1948,2350,1876,869,1007,6418,3294,3124
TARRANT COUNTY,439,51 Years,26033,12703,13330,13354,6543,6811,4384,2022,2362,1886,892,994,6409,3246,3163
TARRANT COUNTY,439,52 Years,26354,12811,13543,14249,6921,7328,4315,2025,2290,1872,891,981,5918,2974,2944
TARRANT COUNTY,439,53 Years,26248,12939,13309,14583,7205,7378,4257,2023,2234,1860,893,967,5548,2818,2730
TARRANT COUNTY,439,54 Years,25991,12729,13262,14901,7320,7581,4110,1906,2204,1746,821,925,5234,2682,2552
TARRANT COUNTY,439,55 Years,25967,12754,13213,15171,7474,7697,4000,1876,2124,1760,827,933,5036,2577,2459
TARRANT COUNTY,439,56 Years,25854,12722,13132,15403,7653,7750,3919,1867,2052,1700,797,903,4832,2405,2427
TARRANT COUNTY,439,57 Years,24512,12177,12335,14822,7445,7377,3728,1783,1945,1581,756,825,4381,2193,2188
TARRANT COUNTY,439,58 Years,24031,11909,12122,14779,7353,7426,3607,1699,1908,1582,778,804,4063,2079,1984
TARRANT COUNTY,439,59 Years,23176,11291,11885,14433,7140,7293,3399,1525,1874,1543,735,808,3801,1891,1910
TARRANT COUNTY,439,60 Years,22173,10686,11487,13847,6792,7055,3258,1451,1807,1497,721,776,3571,1722,1849
TARRANT COUNTY,439,61 Years,21584,10433,11151,13729,6720,7009,3092,1397,1695,1360,666,694,3403,1650,1753
TARRANT COUNTY,439,62 Years,20020,9594,10426,12990,6329,6661,2772,1239,1533,1227,558,669,3031,1468,1563
TARRANT COUNTY,439,63 Years,18697,8920,9777,12280,5888,6392,2495,1128,1367,1201,558,643,2721,1346,1375
TARRANT COUNTY,439,64 Years,17590,8341,9249,11607,5568,6039,2360,1050,1310,1184,547,637,2439,1176,1263
TARRANT COUNTY,439,65 Years,16364,7708,8656,10607,5089,5518,2267,983,1284,1115,501,614,2375,1135,1240
TARRANT COUNTY,439,66 Years,15820,7428,8392,10344,4905,5439,2105,887,1218,1108,523,585,2263,1113,1150
TARRANT COUNTY,439,67 Years,14988,7023,7965,9973,4713,5260,1984,824,1160,1008,493,515,2023,993,1030
TARRANT COUNTY,439,68 Years,14843,6959,7884,10310,4905,5405,1785,757,1028,921,424,497,1827,873,954
TARRANT COUNTY,439,69 Years,14483,6821,7662,10333,4947,5386,1592,694,898,831,373,458,1727,807,920
TARRANT COUNTY,439,70 Years,11404,5355,6049,7882,3739,4143,1288,547,741,716,349,367,1518,720,798
TARRANT COUNTY,439,71 Years,10360,4796,5564,7082,3305,3777,1162,491,671,667,318,349,1449,682,767
TARRANT COUNTY,439,72 Years,10146,4629,5517,7119,3292,3827,1109,461,648,630,294,336,1288,582,706
TARRANT COUNTY,439,73 Years,9601,4339,5262,6874,3155,3719,1002,406,596,592,272,320,1133,506,627
TARRANT COUNTY,439,74 Years,8364,3796,4568,5973,2760,3213,900,342,558,503,246,257,988,448,540
TARRANT COUNTY,439,75 Years,7729,3414,4315,5493,2472,3021,848,318,530,461,216,245,927,408,519
TARRANT COUNTY,439,76 Years,7048,3135,3913,5069,2286,2783,721,288,433,395,182,213,863,379,484
TARRANT COUNTY,439,77 Years,6500,2822,3678,4694,2067,2627,662,258,404,365,161,204,779,336,443
TARRANT COUNTY,439,78 Years,6165,2624,3541,4505,1938,2567,611,221,390,348,162,186,701,303,398
TARRANT COUNTY,439,79 Years,5660,2415,3245,4184,1799,2385,548,200,348,282,131,151,646,285,361
TARRANT COUNTY,439,80 Years,5418,2264,3154,4072,1734,2338,508,188,320,248,108,140,590,234,356
TARRANT COUNTY,439,81 Years,5221,2166,3055,3942,1664,2278,503,185,318,213,89,124,563,228,335
TARRANT COUNTY,439,82 Years,4554,1841,2713,3456,1415,2041,426,143,283,207,97,110,465,186,279
TARRANT COUNTY,439,83 Years,4360,1696,2664,3328,1317,2011,387,120,267,207,91,116,438,168,270
TARRANT COUNTY,439,84 Years,4013,1559,2454,3121,1229,1892,336,104,232,166,70,96,390,156,234
TARRANT COUNTY,439,85 Years +,21674,7423,14251,17298,5972,11326,1810,513,1297,854,317,537,1712,621,1091
TAYLOR COUNTY,441,All Ages,137289,67291,69998,85407,41464,43943,9819,5024,4795,7388,3612,3776,34675,17191,17484
TAYLOR COUNTY,441,< 1 Year,2047,1019,1028,909,460,449,182,83,99,225,108,117,731,368,363
TAYLOR COUNTY,441,1 Years,2081,1052,1029,937,489,448,175,85,90,229,115,114,740,363,377
TAYLOR COUNTY,441,2 Years,2069,1051,1018,946,496,450,169,84,85,219,113,106,735,358,377
TAYLOR COUNTY,441,3 Years,2070,1055,1015,950,500,450,157,81,76,223,117,106,740,357,383
TAYLOR COUNTY,441,4 Years,2041,1041,1000,926,479,447,164,83,81,217,115,102,734,364,370
TAYLOR COUNTY,441,5 Years,2084,1050,1034,943,488,455,165,79,86,234,126,108,742,357,385
TAYLOR COUNTY,441,6 Years,1955,936,1019,906,429,477,165,78,87,182,92,90,702,337,365
TAYLOR COUNTY,441,7 Years,1921,969,952,913,460,453,155,76,79,153,83,70,700,350,350
TAYLOR COUNTY,441,8 Years,1938,1024,914,930,479,451,157,80,77,143,82,61,708,383,325
TAYLOR COUNTY,441,9 Years,1962,1048,914,937,487,450,158,89,69,145,84,61,722,388,334
TAYLOR COUNTY,441,10 Years,1866,973,893,877,442,435,153,84,69,134,81,53,702,366,336
TAYLOR COUNTY,441,11 Years,1832,948,884,862,436,426,155,77,78,121,68,53,694,367,327
TAYLOR COUNTY,441,12 Years,1755,896,859,820,417,403,147,76,71,111,56,55,677,347,330
TAYLOR COUNTY,441,13 Years,1715,890,825,825,427,398,152,75,77,105,53,52,633,335,298
TAYLOR COUNTY,441,14 Years,1697,878,819,825,436,389,141,61,80,114,65,49,617,316,301
TAYLOR COUNTY,441,15 Years,1722,874,848,833,441,392,162,76,86,103,52,51,624,305,319
TAYLOR COUNTY,441,16 Years,1744,894,850,863,446,417,138,70,68,100,44,56,643,334,309
TAYLOR COUNTY,441,17 Years,1666,850,816,863,450,413,130,63,67,95,45,50,578,292,286
TAYLOR COUNTY,441,18 Years,1829,905,924,989,481,508,141,76,65,105,53,52,594,295,299
TAYLOR COUNTY,441,19 Years,2066,1075,991,1216,647,569,167,87,80,109,48,61,574,293,281
TAYLOR COUNTY,441,20 Years,2081,1096,985,1198,634,564,201,109,92,106,51,55,576,302,274
TAYLOR COUNTY,441,21 Years,2057,1114,943,1196,663,533,158,83,75,108,56,52,595,312,283
TAYLOR COUNTY,441,22 Years,1923,949,974,1057,510,547,177,99,78,104,45,59,585,295,290
TAYLOR COUNTY,441,23 Years,1946,925,1021,1048,492,556,190,95,95,128,58,70,580,280,300
TAYLOR COUNTY,441,24 Years,2275,1090,1185,1293,627,666,197,102,95,150,66,84,635,295,340
TAYLOR COUNTY,441,25 Years,2850,1391,1459,1791,857,934,209,108,101,188,100,88,662,326,336
TAYLOR COUNTY,441,26 Years,3002,1447,1555,1874,859,1015,230,121,109,204,114,90,694,353,341
TAYLOR COUNTY,441,27 Years,3022,1497,1525,1932,889,1043,241,142,99,187,116,71,662,350,312
TAYLOR COUNTY,441,28 Years,2944,1526,1418,1952,975,977,214,131,83,144,91,53,634,329,305
TAYLOR COUNTY,441,29 Years,2625,1374,1251,1693,878,815,214,124,90,133,78,55,585,294,291
TAYLOR COUNTY,441,30 Years,2354,1236,1118,1484,795,689,175,102,73,116,57,59,579,282,297
TAYLOR COUNTY,441,31 Years,2121,1064,1057,1268,635,633,152,88,64,117,61,56,584,280,304
TAYLOR COUNTY,441,32 Years,1975,997,978,1154,587,567,154,81,73,104,60,44,563,269,294
TAYLOR COUNTY,441,33 Years,1764,883,881,1014,503,511,142,75,67,84,43,41,524,262,262
TAYLOR COUNTY,441,34 Years,1687,856,831,947,471,476,136,75,61,97,48,49,507,262,245
TAYLOR COUNTY,441,35 Years,1624,824,800,902,457,445,145,80,65,87,42,45,490,245,245
TAYLOR COUNTY,441,36 Years,1476,720,756,845,417,428,137,68,69,74,35,39,420,200,220
TAYLOR COUNTY,441,37 Years,1404,700,704,807,407,400,124,61,63,74,30,44,399,202,197
TAYLOR COUNTY,441,38 Years,1380,689,691,821,412,409,108,53,55,83,31,52,368,193,175
TAYLOR COUNTY,441,39 Years,1375,678,697,806,392,414,108,53,55,91,43,48,370,190,180
TAYLOR COUNTY,441,40 Years,1355,672,683,809,406,403,98,46,52,76,35,41,372,185,187
TAYLOR COUNTY,441,41 Years,1373,691,682,818,425,393,110,59,51,60,29,31,385,178,207
TAYLOR COUNTY,441,42 Years,1332,670,662,789,393,396,101,55,46,65,31,34,377,191,186
TAYLOR COUNTY,441,43 Years,1330,656,674,809,400,409,93,52,41,67,34,33,361,170,191
TAYLOR COUNTY,441,44 Years,1351,655,696,852,423,429,107,55,52,66,29,37,326,148,178
TAYLOR COUNTY,441,45 Years,1372,672,700,882,442,440,111,56,55,62,23,39,317,151,166
TAYLOR COUNTY,441,46 Years,1483,716,767,969,471,498,115,62,53,58,25,33,341,158,183
TAYLOR COUNTY,441,47 Years,1443,708,735,947,474,473,101,46,55,75,30,45,320,158,162
TAYLOR COUNTY,441,48 Years,1342,659,683,882,435,447,84,39,45,61,24,37,315,161,154
TAYLOR COUNTY,441,49 Years,1368,656,712,890,425,465,97,46,51,59,24,35,322,161,161
TAYLOR COUNTY,441,50 Years,1413,666,747,949,444,505,99,55,44,50,20,30,315,147,168
TAYLOR COUNTY,441,51 Years,1480,735,745,1003,491,512,96,51,45,50,21,29,331,172,159
TAYLOR COUNTY,441,52 Years,1653,797,856,1143,553,590,111,53,58,55,20,35,344,171,173
TAYLOR COUNTY,441,53 Years,1701,827,874,1218,590,628,100,48,52,54,25,29,329,164,165
TAYLOR COUNTY,441,54 Years,1674,825,849,1189,576,613,107,57,50,54,29,25,324,163,161
TAYLOR COUNTY,441,55 Years,1734,852,882,1262,617,645,101,52,49,60,26,34,311,157,154
TAYLOR COUNTY,441,56 Years,1769,867,902,1275,627,648,101,50,51,60,20,40,333,170,163
TAYLOR COUNTY,441,57 Years,1663,784,879,1222,586,636,105,49,56,57,20,37,279,129,150
TAYLOR COUNTY,441,58 Years,1678,796,882,1233,584,649,108,49,59,50,23,27,287,140,147
TAYLOR COUNTY,441,59 Years,1656,809,847,1244,609,635,104,49,55,47,19,28,261,132,129
TAYLOR COUNTY,441,60 Years,1546,763,783,1143,567,576,91,45,46,52,22,30,260,129,131
TAYLOR COUNTY,441,61 Years,1595,774,821,1192,569,623,104,59,45,52,21,31,247,125,122
TAYLOR COUNTY,441,62 Years,1508,719,789,1146,545,601,98,50,48,45,17,28,219,107,112
TAYLOR COUNTY,441,63 Years,1353,635,718,1014,474,540,76,39,37,46,15,31,217,107,110
TAYLOR COUNTY,441,64 Years,1368,646,722,1011,476,535,76,41,35,41,13,28,240,116,124
TAYLOR COUNTY,441,65 Years,1314,621,693,1014,485,529,68,32,36,36,14,22,196,90,106
TAYLOR COUNTY,441,66 Years,1235,558,677,938,427,511,60,29,31,39,15,24,198,87,111
TAYLOR COUNTY,441,67 Years,1239,581,658,950,453,497,56,28,28,45,15,30,188,85,103
TAYLOR COUNTY,441,68 Years,1219,584,635,954,454,500,53,29,24,38,15,23,174,86,88
TAYLOR COUNTY,441,69 Years,1221,571,650,945,445,500,47,23,24,40,17,23,189,86,103
TAYLOR COUNTY,441,70 Years,960,440,520,731,337,394,40,17,23,28,13,15,161,73,88
TAYLOR COUNTY,441,71 Years,888,389,499,698,307,391,45,18,27,22,9,13,123,55,68
TAYLOR COUNTY,441,72 Years,966,427,539,770,342,428,47,22,25,23,10,13,126,53,73
TAYLOR COUNTY,441,73 Years,930,424,506,755,345,410,45,18,27,21,8,13,109,53,56
TAYLOR COUNTY,441,74 Years,808,357,451,654,287,367,38,19,19,15,5,10,101,46,55
TAYLOR COUNTY,441,75 Years,761,335,426,627,270,357,33,19,14,18,7,11,83,39,44
TAYLOR COUNTY,441,76 Years,770,318,452,641,270,371,32,15,17,20,8,12,77,25,52
TAYLOR COUNTY,441,77 Years,709,305,404,596,262,334,26,10,16,18,7,11,69,26,43
TAYLOR COUNTY,441,78 Years,680,302,378,576,258,318,21,8,13,17,8,9,66,28,38
TAYLOR COUNTY,441,79 Years,643,281,362,554,247,307,19,7,12,13,4,9,57,23,34
TAYLOR COUNTY,441,80 Years,658,272,386,564,239,325,21,8,13,18,4,14,55,21,34
TAYLOR COUNTY,441,81 Years,631,254,377,548,225,323,16,6,10,13,5,8,54,18,36
TAYLOR COUNTY,441,82 Years,580,223,357,504,198,306,17,5,12,12,7,5,47,13,34
TAYLOR COUNTY,441,83 Years,521,201,320,449,174,275,14,6,8,15,4,11,43,17,26
TAYLOR COUNTY,441,84 Years,473,201,272,410,175,235,12,6,6,11,4,7,40,16,24
TAYLOR COUNTY,441,85 Years +,2598,913,1685,2286,812,1474,70,23,47,58,13,45,184,65,119
TERRELL COUNTY,443,All Ages,853,433,420,431,217,214,4,3,1,17,11,6,401,202,199
TERRELL COUNTY,443,< 1 Year,8,5,3,6,3,3,0,0,0,0,0,0,2,2,0
TERRELL COUNTY,443,1 Years,10,5,5,7,3,4,0,0,0,0,0,0,3,2,1
TERRELL COUNTY,443,2 Years,9,3,6,5,1,4,0,0,0,0,0,0,4,2,2
TERRELL COUNTY,443,3 Years,8,3,5,4,2,2,0,0,0,0,0,0,4,1,3
TERRELL COUNTY,443,4 Years,9,4,5,5,2,3,0,0,0,0,0,0,4,2,2
TERRELL COUNTY,443,5 Years,12,5,7,5,2,3,0,0,0,2,1,1,5,2,3
TERRELL COUNTY,443,6 Years,10,5,5,4,1,3,0,0,0,0,0,0,6,4,2
TERRELL COUNTY,443,7 Years,10,5,5,2,0,2,0,0,0,1,0,1,7,5,2
TERRELL COUNTY,443,8 Years,10,3,7,4,1,3,0,0,0,0,0,0,6,2,4
TERRELL COUNTY,443,9 Years,14,8,6,6,4,2,0,0,0,0,0,0,8,4,4
TERRELL COUNTY,443,10 Years,10,5,5,3,2,1,0,0,0,0,0,0,7,3,4
TERRELL COUNTY,443,11 Years,11,6,5,4,3,1,0,0,0,0,0,0,7,3,4
TERRELL COUNTY,443,12 Years,9,4,5,5,2,3,0,0,0,0,0,0,4,2,2
TERRELL COUNTY,443,13 Years,8,5,3,5,2,3,0,0,0,0,0,0,3,3,0
TERRELL COUNTY,443,14 Years,10,6,4,5,3,2,0,0,0,0,0,0,5,3,2
TERRELL COUNTY,443,15 Years,13,8,5,5,2,3,0,0,0,0,0,0,8,6,2
TERRELL COUNTY,443,16 Years,9,6,3,3,2,1,0,0,0,0,0,0,6,4,2
TERRELL COUNTY,443,17 Years,7,4,3,4,3,1,0,0,0,1,1,0,2,0,2
TERRELL COUNTY,443,18 Years,8,4,4,4,2,2,0,0,0,0,0,0,4,2,2
TERRELL COUNTY,443,19 Years,10,5,5,3,1,2,0,0,0,0,0,0,7,4,3
TERRELL COUNTY,443,20 Years,7,4,3,3,2,1,0,0,0,0,0,0,4,2,2
TERRELL COUNTY,443,21 Years,7,5,2,4,3,1,0,0,0,0,0,0,3,2,1
TERRELL COUNTY,443,22 Years,12,9,3,3,3,0,1,1,0,1,1,0,7,4,3
TERRELL COUNTY,443,23 Years,14,6,8,5,2,3,0,0,0,1,1,0,8,3,5
TERRELL COUNTY,443,24 Years,8,4,4,3,2,1,0,0,0,0,0,0,5,2,3
TERRELL COUNTY,443,25 Years,10,5,5,5,1,4,0,0,0,1,1,0,4,3,1
TERRELL COUNTY,443,26 Years,8,6,2,5,4,1,0,0,0,0,0,0,3,2,1
TERRELL COUNTY,443,27 Years,6,3,3,1,1,0,0,0,0,0,0,0,5,2,3
TERRELL COUNTY,443,28 Years,3,1,2,0,0,0,0,0,0,0,0,0,3,1,2
TERRELL COUNTY,443,29 Years,5,2,3,3,1,2,0,0,0,0,0,0,2,1,1
TERRELL COUNTY,443,30 Years,8,5,3,2,1,1,0,0,0,0,0,0,6,4,2
TERRELL COUNTY,443,31 Years,7,5,2,3,2,1,0,0,0,0,0,0,4,3,1
TERRELL COUNTY,443,32 Years,10,3,7,3,1,2,0,0,0,0,0,0,7,2,5
TERRELL COUNTY,443,33 Years,8,4,4,4,3,1,0,0,0,0,0,0,4,1,3
TERRELL COUNTY,443,34 Years,8,5,3,5,3,2,0,0,0,0,0,0,3,2,1
TERRELL COUNTY,443,35 Years,10,3,7,5,2,3,0,0,0,0,0,0,5,1,4
TERRELL COUNTY,443,36 Years,7,3,4,3,1,2,0,0,0,0,0,0,4,2,2
TERRELL COUNTY,443,37 Years,9,5,4,6,3,3,0,0,0,0,0,0,3,2,1
TERRELL COUNTY,443,38 Years,11,6,5,8,4,4,0,0,0,0,0,0,3,2,1
TERRELL COUNTY,443,39 Years,7,3,4,3,1,2,0,0,0,1,1,0,3,1,2
TERRELL COUNTY,443,40 Years,6,2,4,3,1,2,0,0,0,0,0,0,3,1,2
TERRELL COUNTY,443,41 Years,11,6,5,8,5,3,0,0,0,0,0,0,3,1,2
TERRELL COUNTY,443,42 Years,9,4,5,4,1,3,0,0,0,0,0,0,5,3,2
TERRELL COUNTY,443,43 Years,9,6,3,5,3,2,0,0,0,0,0,0,4,3,1
TERRELL COUNTY,443,44 Years,9,5,4,5,3,2,0,0,0,0,0,0,4,2,2
TERRELL COUNTY,443,45 Years,10,6,4,3,2,1,1,0,1,0,0,0,6,4,2
TERRELL COUNTY,443,46 Years,11,5,6,4,1,3,0,0,0,0,0,0,7,4,3
TERRELL COUNTY,443,47 Years,11,5,6,6,3,3,0,0,0,0,0,0,5,2,3
TERRELL COUNTY,443,48 Years,11,6,5,7,4,3,0,0,0,0,0,0,4,2,2
TERRELL COUNTY,443,49 Years,10,5,5,4,2,2,0,0,0,0,0,0,6,3,3
TERRELL COUNTY,443,50 Years,10,2,8,3,0,3,0,0,0,0,0,0,7,2,5
TERRELL COUNTY,443,51 Years,9,5,4,4,2,2,1,1,0,0,0,0,4,2,2
TERRELL COUNTY,443,52 Years,12,9,3,6,3,3,1,1,0,0,0,0,5,5,0
TERRELL COUNTY,443,53 Years,10,7,3,6,4,2,0,0,0,0,0,0,4,3,1
TERRELL COUNTY,443,54 Years,10,6,4,6,4,2,0,0,0,1,1,0,3,1,2
TERRELL COUNTY,443,55 Years,6,4,2,4,3,1,0,0,0,0,0,0,2,1,1
TERRELL COUNTY,443,56 Years,11,5,6,4,1,3,0,0,0,1,1,0,6,3,3
TERRELL COUNTY,443,57 Years,9,3,6,5,2,3,0,0,0,0,0,0,4,1,3
TERRELL COUNTY,443,58 Years,11,7,4,6,4,2,0,0,0,1,1,0,4,2,2
TERRELL COUNTY,443,59 Years,12,4,8,4,1,3,0,0,0,1,1,0,7,2,5
TERRELL COUNTY,443,60 Years,17,7,10,9,4,5,0,0,0,0,0,0,8,3,5
TERRELL COUNTY,443,61 Years,10,6,4,6,4,2,0,0,0,0,0,0,4,2,2
TERRELL COUNTY,443,62 Years,9,5,4,6,3,3,0,0,0,0,0,0,3,2,1
TERRELL COUNTY,443,63 Years,12,8,4,7,4,3,0,0,0,0,0,0,5,4,1
TERRELL COUNTY,443,64 Years,12,5,7,6,2,4,0,0,0,0,0,0,6,3,3
TERRELL COUNTY,443,65 Years,10,4,6,7,2,5,0,0,0,0,0,0,3,2,1
TERRELL COUNTY,443,66 Years,16,7,9,11,6,5,0,0,0,1,0,1,4,1,3
TERRELL COUNTY,443,67 Years,15,7,8,9,4,5,0,0,0,0,0,0,6,3,3
TERRELL COUNTY,443,68 Years,16,8,8,9,5,4,0,0,0,0,0,0,7,3,4
TERRELL COUNTY,443,69 Years,14,8,6,7,5,2,0,0,0,1,0,1,6,3,3
TERRELL COUNTY,443,70 Years,13,6,7,7,3,4,0,0,0,0,0,0,6,3,3
TERRELL COUNTY,443,71 Years,9,5,4,7,4,3,0,0,0,0,0,0,2,1,1
TERRELL COUNTY,443,72 Years,9,4,5,5,1,4,0,0,0,0,0,0,4,3,1
TERRELL COUNTY,443,73 Years,10,4,6,6,2,4,0,0,0,0,0,0,4,2,2
TERRELL COUNTY,443,74 Years,7,4,3,6,4,2,0,0,0,0,0,0,1,0,1
TERRELL COUNTY,443,75 Years,9,4,5,5,2,3,0,0,0,0,0,0,4,2,2
TERRELL COUNTY,443,76 Years,12,5,7,7,3,4,0,0,0,0,0,0,5,2,3
TERRELL COUNTY,443,77 Years,11,8,3,7,6,1,0,0,0,0,0,0,4,2,2
TERRELL COUNTY,443,78 Years,8,5,3,4,3,1,0,0,0,0,0,0,4,2,2
TERRELL COUNTY,443,79 Years,10,5,5,5,4,1,0,0,0,1,0,1,4,1,3
TERRELL COUNTY,443,80 Years,9,5,4,5,4,1,0,0,0,0,0,0,4,1,3
TERRELL COUNTY,443,81 Years,5,2,3,3,1,2,0,0,0,0,0,0,2,1,1
TERRELL COUNTY,443,82 Years,5,2,3,2,0,2,0,0,0,0,0,0,3,2,1
TERRELL COUNTY,443,83 Years,7,4,3,2,1,1,0,0,0,1,1,0,4,2,2
TERRELL COUNTY,443,84 Years,5,3,2,3,2,1,0,0,0,0,0,0,2,1,1
TERRELL COUNTY,443,85 Years +,36,14,22,20,8,12,0,0,0,1,0,1,15,6,9
TERRY COUNTY,445,All Ages,12766,6832,5934,5451,2838,2613,553,371,182,128,70,58,6634,3553,3081
TERRY COUNTY,445,< 1 Year,183,93,90,63,31,32,3,1,2,0,0,0,117,61,56
TERRY COUNTY,445,1 Years,190,99,91,66,34,32,2,1,1,1,0,1,121,64,57
TERRY COUNTY,445,2 Years,197,107,90,70,38,32,2,1,1,1,0,1,124,68,56
TERRY COUNTY,445,3 Years,197,107,90,72,39,33,1,0,1,2,1,1,122,67,55
TERRY COUNTY,445,4 Years,193,101,92,67,36,31,1,0,1,2,1,1,123,64,59
TERRY COUNTY,445,5 Years,183,92,91,63,31,32,2,1,1,2,1,1,116,59,57
TERRY COUNTY,445,6 Years,187,100,87,62,35,27,3,1,2,1,1,0,121,63,58
TERRY COUNTY,445,7 Years,203,107,96,61,34,27,6,1,5,5,4,1,131,68,63
TERRY COUNTY,445,8 Years,193,90,103,64,31,33,5,2,3,4,2,2,120,55,65
TERRY COUNTY,445,9 Years,194,96,98,67,37,30,4,2,2,2,1,1,121,56,65
TERRY COUNTY,445,10 Years,183,106,77,54,32,22,5,4,1,2,2,0,122,68,54
TERRY COUNTY,445,11 Years,172,100,72,56,32,24,7,4,3,1,1,0,108,63,45
TERRY COUNTY,445,12 Years,176,84,92,45,24,21,6,1,5,2,1,1,123,58,65
TERRY COUNTY,445,13 Years,173,76,97,53,24,29,8,2,6,3,2,1,109,48,61
TERRY COUNTY,445,14 Years,158,79,79,51,29,22,7,2,5,3,2,1,97,46,51
TERRY COUNTY,445,15 Years,166,83,83,54,26,28,3,1,2,2,1,1,107,55,52
TERRY COUNTY,445,16 Years,188,99,89,70,39,31,7,3,4,3,2,1,108,55,53
TERRY COUNTY,445,17 Years,182,97,85,57,28,29,7,5,2,4,2,2,114,62,52
TERRY COUNTY,445,18 Years,170,92,78,53,26,27,8,7,1,3,2,1,106,57,49
TERRY COUNTY,445,19 Years,167,97,70,54,34,20,6,4,2,1,0,1,106,59,47
TERRY COUNTY,445,20 Years,179,111,68,54,33,21,17,16,1,2,1,1,106,61,45
TERRY COUNTY,445,21 Years,164,94,70,53,30,23,14,10,4,0,0,0,97,54,43
TERRY COUNTY,445,22 Years,183,107,76,48,23,25,16,12,4,1,1,0,118,71,47
TERRY COUNTY,445,23 Years,190,117,73,60,32,28,17,10,7,1,0,1,112,75,37
TERRY COUNTY,445,24 Years,204,117,87,64,35,29,14,9,5,1,0,1,125,73,52
TERRY COUNTY,445,25 Years,199,111,88,75,37,38,14,11,3,3,1,2,107,62,45
TERRY COUNTY,445,26 Years,206,116,90,73,35,38,17,13,4,5,3,2,111,65,46
TERRY COUNTY,445,27 Years,215,121,94,91,50,41,13,10,3,2,1,1,109,60,49
TERRY COUNTY,445,28 Years,192,117,75,77,45,32,12,11,1,1,0,1,102,61,41
TERRY COUNTY,445,29 Years,214,144,70,79,53,26,20,16,4,2,1,1,113,74,39
TERRY COUNTY,445,30 Years,189,119,70,63,41,22,17,13,4,6,3,3,103,62,41
TERRY COUNTY,445,31 Years,178,107,71,63,38,25,11,10,1,5,2,3,99,57,42
TERRY COUNTY,445,32 Years,158,96,62,66,38,28,8,8,0,3,3,0,81,47,34
TERRY COUNTY,445,33 Years,143,80,63,47,24,23,13,10,3,2,1,1,81,45,36
TERRY COUNTY,445,34 Years,162,92,70,47,26,21,19,13,6,1,1,0,95,52,43
TERRY COUNTY,445,35 Years,137,83,54,52,31,21,8,6,2,2,2,0,75,44,31
TERRY COUNTY,445,36 Years,143,86,57,51,31,20,10,8,2,1,0,1,81,47,34
TERRY COUNTY,445,37 Years,163,97,66,58,37,21,6,4,2,1,1,0,98,55,43
TERRY COUNTY,445,38 Years,141,91,50,62,42,20,4,4,0,0,0,0,75,45,30
TERRY COUNTY,445,39 Years,127,73,54,54,31,23,10,7,3,1,1,0,62,34,28
TERRY COUNTY,445,40 Years,122,74,48,58,34,24,7,6,1,1,1,0,56,33,23
TERRY COUNTY,445,41 Years,118,71,47,56,34,22,5,5,0,2,0,2,55,32,23
TERRY COUNTY,445,42 Years,112,54,58,44,17,27,5,4,1,2,1,1,61,32,29
TERRY COUNTY,445,43 Years,131,80,51,51,34,17,8,6,2,2,1,1,70,39,31
TERRY COUNTY,445,44 Years,134,84,50,66,41,25,6,5,1,1,1,0,61,37,24
TERRY COUNTY,445,45 Years,143,81,62,61,32,29,8,8,0,0,0,0,74,41,33
TERRY COUNTY,445,46 Years,140,78,62,57,36,21,5,3,2,3,2,1,75,37,38
TERRY COUNTY,445,47 Years,126,64,62,51,26,25,6,5,1,1,1,0,68,32,36
TERRY COUNTY,445,48 Years,137,71,66,56,27,29,4,4,0,0,0,0,77,40,37
TERRY COUNTY,445,49 Years,156,85,71,71,40,31,5,5,0,1,0,1,79,40,39
TERRY COUNTY,445,50 Years,131,65,66,54,23,31,7,6,1,1,0,1,69,36,33
TERRY COUNTY,445,51 Years,165,93,72,61,31,30,8,6,2,1,1,0,95,55,40
TERRY COUNTY,445,52 Years,170,91,79,68,35,33,5,2,3,2,1,1,95,53,42
TERRY COUNTY,445,53 Years,177,90,87,86,42,44,10,6,4,1,0,1,80,42,38
TERRY COUNTY,445,54 Years,170,90,80,95,49,46,7,4,3,1,1,0,67,36,31
TERRY COUNTY,445,55 Years,150,91,59,78,49,29,2,0,2,0,0,0,70,42,28
TERRY COUNTY,445,56 Years,167,92,75,84,46,38,8,6,2,1,1,0,74,39,35
TERRY COUNTY,445,57 Years,170,81,89,91,47,44,7,4,3,1,1,0,71,29,42
TERRY COUNTY,445,58 Years,173,93,80,94,51,43,7,3,4,1,1,0,71,38,33
TERRY COUNTY,445,59 Years,154,75,79,78,38,40,4,1,3,1,0,1,71,36,35
TERRY COUNTY,445,60 Years,146,74,72,79,40,39,3,1,2,1,1,0,63,32,31
TERRY COUNTY,445,61 Years,166,86,80,96,49,47,6,4,2,0,0,0,64,33,31
TERRY COUNTY,445,62 Years,135,69,66,80,41,39,3,2,1,3,1,2,49,25,24
TERRY COUNTY,445,63 Years,125,63,62,74,34,40,5,4,1,1,0,1,45,25,20
TERRY COUNTY,445,64 Years,130,63,67,74,38,36,3,0,3,2,0,2,51,25,26
TERRY COUNTY,445,65 Years,136,66,70,76,37,39,6,4,2,1,0,1,53,25,28
TERRY COUNTY,445,66 Years,117,57,60,71,31,40,3,1,2,0,0,0,43,25,18
TERRY COUNTY,445,67 Years,109,58,51,59,29,30,2,1,1,0,0,0,48,28,20
TERRY COUNTY,445,68 Years,108,51,57,68,32,36,3,1,2,1,1,0,36,17,19
TERRY COUNTY,445,69 Years,105,44,61,63,29,34,2,1,1,1,0,1,39,14,25
TERRY COUNTY,445,70 Years,98,43,55,54,26,28,2,1,1,1,0,1,41,16,25
TERRY COUNTY,445,71 Years,102,47,55,52,23,29,2,0,2,3,2,1,45,22,23
TERRY COUNTY,445,72 Years,107,53,54,62,29,33,4,2,2,2,2,0,39,20,19
TERRY COUNTY,445,73 Years,86,43,43,52,23,29,5,3,2,0,0,0,29,17,12
TERRY COUNTY,445,74 Years,94,46,48,60,27,33,5,2,3,1,1,0,28,16,12
TERRY COUNTY,445,75 Years,91,42,49,55,25,30,3,1,2,1,0,1,32,16,16
TERRY COUNTY,445,76 Years,69,30,39,44,21,23,2,1,1,0,0,0,23,8,15
TERRY COUNTY,445,77 Years,63,29,34,41,22,19,1,1,0,0,0,0,21,6,15
TERRY COUNTY,445,78 Years,70,34,36,48,24,24,1,1,0,0,0,0,21,9,12
TERRY COUNTY,445,79 Years,71,27,44,45,16,29,2,1,1,1,1,0,23,9,14
TERRY COUNTY,445,80 Years,74,29,45,51,20,31,1,0,1,0,0,0,22,9,13
TERRY COUNTY,445,81 Years,72,27,45,53,21,32,0,0,0,1,0,1,18,6,12
TERRY COUNTY,445,82 Years,55,24,31,37,15,22,2,2,0,0,0,0,16,7,9
TERRY COUNTY,445,83 Years,46,20,26,28,12,16,2,1,1,0,0,0,16,7,9
TERRY COUNTY,445,84 Years,46,19,27,34,14,20,0,0,0,0,0,0,12,5,7
TERRY COUNTY,445,85 Years +,257,101,156,196,76,120,8,3,5,1,0,1,52,22,30
THROCKMORTON COUNTY,447,All Ages,1517,754,763,1325,671,654,7,2,5,22,7,15,163,74,89
THROCKMORTON COUNTY,447,< 1 Year,15,7,8,11,5,6,0,0,0,0,0,0,4,2,2
THROCKMORTON COUNTY,447,1 Years,13,7,6,9,5,4,0,0,0,0,0,0,4,2,2
THROCKMORTON COUNTY,447,2 Years,14,7,7,8,4,4,0,0,0,0,0,0,6,3,3
THROCKMORTON COUNTY,447,3 Years,16,6,10,13,5,8,0,0,0,0,0,0,3,1,2
THROCKMORTON COUNTY,447,4 Years,15,8,7,12,6,6,0,0,0,0,0,0,3,2,1
THROCKMORTON COUNTY,447,5 Years,13,6,7,13,6,7,0,0,0,0,0,0,0,0,0
THROCKMORTON COUNTY,447,6 Years,16,9,7,13,7,6,0,0,0,0,0,0,3,2,1
THROCKMORTON COUNTY,447,7 Years,19,8,11,15,6,9,1,0,1,0,0,0,3,2,1
THROCKMORTON COUNTY,447,8 Years,20,8,12,15,7,8,1,0,1,0,0,0,4,1,3
THROCKMORTON COUNTY,447,9 Years,22,12,10,18,10,8,0,0,0,0,0,0,4,2,2
THROCKMORTON COUNTY,447,10 Years,19,11,8,17,10,7,0,0,0,0,0,0,2,1,1
THROCKMORTON COUNTY,447,11 Years,18,9,9,15,9,6,0,0,0,0,0,0,3,0,3
THROCKMORTON COUNTY,447,12 Years,12,6,6,10,6,4,0,0,0,0,0,0,2,0,2
THROCKMORTON COUNTY,447,13 Years,19,10,9,14,8,6,0,0,0,2,0,2,3,2,1
THROCKMORTON COUNTY,447,14 Years,13,6,7,10,5,5,0,0,0,0,0,0,3,1,2
THROCKMORTON COUNTY,447,15 Years,16,5,11,12,5,7,0,0,0,1,0,1,3,0,3
THROCKMORTON COUNTY,447,16 Years,18,9,9,14,8,6,0,0,0,0,0,0,4,1,3
THROCKMORTON COUNTY,447,17 Years,23,14,9,18,11,7,0,0,0,0,0,0,5,3,2
THROCKMORTON COUNTY,447,18 Years,13,7,6,10,6,4,0,0,0,0,0,0,3,1,2
THROCKMORTON COUNTY,447,19 Years,17,10,7,13,9,4,0,0,0,1,0,1,3,1,2
THROCKMORTON COUNTY,447,20 Years,21,15,6,16,10,6,0,0,0,1,1,0,4,4,0
THROCKMORTON COUNTY,447,21 Years,23,15,8,21,13,8,0,0,0,1,1,0,1,1,0
THROCKMORTON COUNTY,447,22 Years,21,12,9,19,10,9,0,0,0,1,1,0,1,1,0
THROCKMORTON COUNTY,447,23 Years,23,10,13,20,8,12,0,0,0,0,0,0,3,2,1
THROCKMORTON COUNTY,447,24 Years,20,8,12,16,7,9,1,0,1,0,0,0,3,1,2
THROCKMORTON COUNTY,447,25 Years,13,8,5,11,7,4,0,0,0,0,0,0,2,1,1
THROCKMORTON COUNTY,447,26 Years,12,7,5,10,6,4,0,0,0,0,0,0,2,1,1
THROCKMORTON COUNTY,447,27 Years,12,6,6,10,6,4,0,0,0,0,0,0,2,0,2
THROCKMORTON COUNTY,447,28 Years,14,6,8,12,6,6,0,0,0,0,0,0,2,0,2
THROCKMORTON COUNTY,447,29 Years,16,9,7,14,9,5,0,0,0,0,0,0,2,0,2
THROCKMORTON COUNTY,447,30 Years,11,7,4,10,7,3,0,0,0,0,0,0,1,0,1
THROCKMORTON COUNTY,447,31 Years,7,5,2,7,5,2,0,0,0,0,0,0,0,0,0
THROCKMORTON COUNTY,447,32 Years,13,7,6,12,7,5,0,0,0,0,0,0,1,0,1
THROCKMORTON COUNTY,447,33 Years,17,7,10,13,5,8,0,0,0,1,0,1,3,2,1
THROCKMORTON COUNTY,447,34 Years,17,7,10,14,6,8,0,0,0,1,0,1,2,1,1
THROCKMORTON COUNTY,447,35 Years,11,6,5,10,6,4,0,0,0,0,0,0,1,0,1
THROCKMORTON COUNTY,447,36 Years,13,6,7,10,4,6,0,0,0,0,0,0,3,2,1
THROCKMORTON COUNTY,447,37 Years,8,4,4,7,3,4,0,0,0,0,0,0,1,1,0
THROCKMORTON COUNTY,447,38 Years,15,8,7,12,6,6,0,0,0,0,0,0,3,2,1
THROCKMORTON COUNTY,447,39 Years,15,10,5,11,7,4,0,0,0,0,0,0,4,3,1
THROCKMORTON COUNTY,447,40 Years,13,7,6,10,5,5,0,0,0,0,0,0,3,2,1
THROCKMORTON COUNTY,447,41 Years,9,5,4,8,4,4,0,0,0,0,0,0,1,1,0
THROCKMORTON COUNTY,447,42 Years,14,6,8,12,5,7,0,0,0,0,0,0,2,1,1
THROCKMORTON COUNTY,447,43 Years,17,7,10,13,6,7,0,0,0,0,0,0,4,1,3
THROCKMORTON COUNTY,447,44 Years,17,9,8,13,7,6,1,0,1,0,0,0,3,2,1
THROCKMORTON COUNTY,447,45 Years,17,10,7,16,9,7,0,0,0,0,0,0,1,1,0
THROCKMORTON COUNTY,447,46 Years,15,7,8,14,7,7,0,0,0,0,0,0,1,0,1
THROCKMORTON COUNTY,447,47 Years,15,8,7,14,7,7,0,0,0,0,0,0,1,1,0
THROCKMORTON COUNTY,447,48 Years,18,11,7,16,10,6,1,0,1,0,0,0,1,1,0
THROCKMORTON COUNTY,447,49 Years,17,9,8,17,9,8,0,0,0,0,0,0,0,0,0
THROCKMORTON COUNTY,447,50 Years,12,6,6,11,6,5,0,0,0,0,0,0,1,0,1
THROCKMORTON COUNTY,447,51 Years,23,8,15,21,8,13,0,0,0,0,0,0,2,0,2
THROCKMORTON COUNTY,447,52 Years,23,10,13,20,9,11,0,0,0,0,0,0,3,1,2
THROCKMORTON COUNTY,447,53 Years,26,13,13,24,12,12,0,0,0,0,0,0,2,1,1
THROCKMORTON COUNTY,447,54 Years,28,15,13,23,13,10,0,0,0,2,0,2,3,2,1
THROCKMORTON COUNTY,447,55 Years,23,13,10,21,13,8,0,0,0,2,0,2,0,0,0
THROCKMORTON COUNTY,447,56 Years,18,9,9,17,9,8,0,0,0,0,0,0,1,0,1
THROCKMORTON COUNTY,447,57 Years,24,12,12,22,12,10,0,0,0,0,0,0,2,0,2
THROCKMORTON COUNTY,447,58 Years,25,12,13,22,11,11,0,0,0,0,0,0,3,1,2
THROCKMORTON COUNTY,447,59 Years,21,11,10,20,10,10,0,0,0,0,0,0,1,1,0
THROCKMORTON COUNTY,447,60 Years,14,7,7,13,6,7,0,0,0,1,1,0,0,0,0
THROCKMORTON COUNTY,447,61 Years,20,9,11,18,9,9,0,0,0,1,0,1,1,0,1
THROCKMORTON COUNTY,447,62 Years,23,12,11,22,11,11,0,0,0,1,1,0,0,0,0
THROCKMORTON COUNTY,447,63 Years,15,7,8,14,7,7,0,0,0,0,0,0,1,0,1
THROCKMORTON COUNTY,447,64 Years,19,11,8,17,10,7,0,0,0,0,0,0,2,1,1
THROCKMORTON COUNTY,447,65 Years,19,9,10,17,7,10,0,0,0,0,0,0,2,2,0
THROCKMORTON COUNTY,447,66 Years,23,10,13,22,9,13,0,0,0,0,0,0,1,1,0
THROCKMORTON COUNTY,447,67 Years,21,8,13,20,8,12,0,0,0,0,0,0,1,0,1
THROCKMORTON COUNTY,447,68 Years,22,12,10,21,11,10,0,0,0,0,0,0,1,1,0
THROCKMORTON COUNTY,447,69 Years,24,16,8,23,16,7,0,0,0,0,0,0,1,0,1
THROCKMORTON COUNTY,447,70 Years,15,8,7,15,8,7,0,0,0,0,0,0,0,0,0
THROCKMORTON COUNTY,447,71 Years,17,5,12,14,5,9,0,0,0,1,0,1,2,0,2
THROCKMORTON COUNTY,447,72 Years,21,11,10,20,10,10,0,0,0,0,0,0,1,1,0
THROCKMORTON COUNTY,447,73 Years,16,8,8,16,8,8,0,0,0,0,0,0,0,0,0
THROCKMORTON COUNTY,447,74 Years,16,8,8,16,8,8,0,0,0,0,0,0,0,0,0
THROCKMORTON COUNTY,447,75 Years,26,14,12,23,11,12,1,1,0,1,1,0,1,1,0
THROCKMORTON COUNTY,447,76 Years,22,10,12,19,9,10,1,1,0,0,0,0,2,0,2
THROCKMORTON COUNTY,447,77 Years,17,4,13,14,3,11,0,0,0,1,0,1,2,1,1
THROCKMORTON COUNTY,447,78 Years,20,8,12,18,7,11,0,0,0,1,0,1,1,1,0
THROCKMORTON COUNTY,447,79 Years,19,10,9,19,10,9,0,0,0,0,0,0,0,0,0
THROCKMORTON COUNTY,447,80 Years,14,7,7,14,7,7,0,0,0,0,0,0,0,0,0
THROCKMORTON COUNTY,447,81 Years,15,7,8,15,7,8,0,0,0,0,0,0,0,0,0
THROCKMORTON COUNTY,447,82 Years,16,7,9,15,7,8,0,0,0,0,0,0,1,0,1
THROCKMORTON COUNTY,447,83 Years,12,7,5,11,6,5,0,0,0,1,1,0,0,0,0
THROCKMORTON COUNTY,447,84 Years,10,3,7,9,3,6,0,0,0,1,0,1,0,0,0
THROCKMORTON COUNTY,447,85 Years +,53,20,33,51,20,31,0,0,0,0,0,0,2,0,2
TITUS COUNTY,449,All Ages,33746,16831,16915,14825,7224,7601,3036,1450,1586,833,402,431,15052,7755,7297
TITUS COUNTY,449,< 1 Year,510,245,265,145,69,76,35,16,19,24,11,13,306,149,157
TITUS COUNTY,449,1 Years,528,252,276,152,78,74,33,15,18,31,11,20,312,148,164
TITUS COUNTY,449,2 Years,517,256,261,147,79,68,33,16,17,20,8,12,317,153,164
TITUS COUNTY,449,3 Years,518,264,254,150,84,66,32,15,17,21,9,12,315,156,159
TITUS COUNTY,449,4 Years,504,261,243,144,76,68,29,16,13,20,11,9,311,158,153
TITUS COUNTY,449,5 Years,512,262,250,148,76,72,27,14,13,25,14,11,312,158,154
TITUS COUNTY,449,6 Years,596,302,294,175,89,86,38,25,13,24,11,13,359,177,182
TITUS COUNTY,449,7 Years,545,266,279,159,82,77,39,21,18,22,8,14,325,155,170
TITUS COUNTY,449,8 Years,584,281,303,174,86,88,41,22,19,25,8,17,344,165,179
TITUS COUNTY,449,9 Years,577,290,287,188,94,94,42,21,21,24,11,13,323,164,159
TITUS COUNTY,449,10 Years,562,280,282,168,83,85,36,20,16,23,12,11,335,165,170
TITUS COUNTY,449,11 Years,523,268,255,156,82,74,41,20,21,23,11,12,303,155,148
TITUS COUNTY,449,12 Years,537,265,272,163,79,84,43,24,19,19,10,9,312,152,160
TITUS COUNTY,449,13 Years,525,255,270,155,79,76,42,20,22,17,8,9,311,148,163
TITUS COUNTY,449,14 Years,537,287,250,163,88,75,42,21,21,15,9,6,317,169,148
TITUS COUNTY,449,15 Years,551,300,251,169,91,78,44,25,19,18,9,9,320,175,145
TITUS COUNTY,449,16 Years,509,263,246,165,87,78,33,18,15,16,6,10,295,152,143
TITUS COUNTY,449,17 Years,534,293,241,185,103,82,42,18,24,13,5,8,294,167,127
TITUS COUNTY,449,18 Years,519,276,243,170,96,74,43,21,22,10,4,6,296,155,141
TITUS COUNTY,449,19 Years,513,253,260,161,80,81,43,23,20,12,4,8,297,146,151
TITUS COUNTY,449,20 Years,527,269,258,166,86,80,53,24,29,11,6,5,297,153,144
TITUS COUNTY,449,21 Years,515,267,248,162,81,81,45,23,22,8,5,3,300,158,142
TITUS COUNTY,449,22 Years,520,265,255,155,75,80,37,20,17,14,7,7,314,163,151
TITUS COUNTY,449,23 Years,512,273,239,156,79,77,48,26,22,10,6,4,298,162,136
TITUS COUNTY,449,24 Years,487,265,222,150,72,78,52,31,21,7,6,1,278,156,122
TITUS COUNTY,449,25 Years,536,297,239,205,104,101,46,24,22,10,8,2,275,161,114
TITUS COUNTY,449,26 Years,532,278,254,211,104,107,46,26,20,10,4,6,265,144,121
TITUS COUNTY,449,27 Years,501,241,260,173,76,97,56,30,26,10,4,6,262,131,131
TITUS COUNTY,449,28 Years,459,222,237,169,78,91,42,20,22,6,2,4,242,122,120
TITUS COUNTY,449,29 Years,412,206,206,136,62,74,34,17,17,7,4,3,235,123,112
TITUS COUNTY,449,30 Years,404,205,199,150,69,81,32,18,14,4,4,0,218,114,104
TITUS COUNTY,449,31 Years,399,208,191,148,72,76,31,16,15,5,3,2,215,117,98
TITUS COUNTY,449,32 Years,380,198,182,130,67,63,37,19,18,4,0,4,209,112,97
TITUS COUNTY,449,33 Years,400,210,190,148,82,66,35,19,16,4,2,2,213,107,106
TITUS COUNTY,449,34 Years,410,218,192,161,83,78,38,23,15,5,2,3,206,110,96
TITUS COUNTY,449,35 Years,408,195,213,158,75,83,31,17,14,10,3,7,209,100,109
TITUS COUNTY,449,36 Years,400,184,216,154,66,88,32,15,17,15,4,11,199,99,100
TITUS COUNTY,449,37 Years,390,187,203,144,61,83,37,20,17,14,6,8,195,100,95
TITUS COUNTY,449,38 Years,402,204,198,139,65,74,38,18,20,14,10,4,211,111,100
TITUS COUNTY,449,39 Years,399,201,198,153,73,80,33,13,20,14,10,4,199,105,94
TITUS COUNTY,449,40 Years,377,188,189,145,78,67,35,17,18,7,4,3,190,89,101
TITUS COUNTY,449,41 Years,409,213,196,148,81,67,32,17,15,9,5,4,220,110,110
TITUS COUNTY,449,42 Years,396,199,197,151,83,68,41,22,19,4,2,2,200,92,108
TITUS COUNTY,449,43 Years,418,202,216,174,95,79,41,14,27,6,4,2,197,89,108
TITUS COUNTY,449,44 Years,403,197,206,165,83,82,33,10,23,5,4,1,200,100,100
TITUS COUNTY,449,45 Years,408,203,205,187,94,93,39,15,24,9,5,4,173,89,84
TITUS COUNTY,449,46 Years,428,217,211,180,88,92,42,18,24,11,6,5,195,105,90
TITUS COUNTY,449,47 Years,414,213,201,170,83,87,48,20,28,10,5,5,186,105,81
TITUS COUNTY,449,48 Years,393,198,195,158,79,79,44,19,25,8,4,4,183,96,87
TITUS COUNTY,449,49 Years,408,196,212,186,82,104,44,19,25,7,4,3,171,91,80
TITUS COUNTY,449,50 Years,412,202,210,198,87,111,42,19,23,5,4,1,167,92,75
TITUS COUNTY,449,51 Years,401,195,206,204,92,112,41,19,22,6,3,3,150,81,69
TITUS COUNTY,449,52 Years,426,217,209,214,107,107,47,19,28,7,2,5,158,89,69
TITUS COUNTY,449,53 Years,428,213,215,229,117,112,48,21,27,8,2,6,143,73,70
TITUS COUNTY,449,54 Years,396,189,207,223,109,114,46,19,27,8,2,6,119,59,60
TITUS COUNTY,449,55 Years,374,174,200,222,99,123,42,17,25,8,5,3,102,53,49
TITUS COUNTY,449,56 Years,391,191,200,234,113,121,50,24,26,6,2,4,101,52,49
TITUS COUNTY,449,57 Years,355,186,169,215,103,112,44,24,20,4,2,2,92,57,35
TITUS COUNTY,449,58 Years,360,184,176,226,109,117,35,17,18,8,6,2,91,52,39
TITUS COUNTY,449,59 Years,350,175,175,227,109,118,38,19,19,4,3,1,81,44,37
TITUS COUNTY,449,60 Years,341,146,195,223,92,131,45,17,28,7,3,4,66,34,32
TITUS COUNTY,449,61 Years,347,168,179,223,104,119,47,22,25,7,4,3,70,38,32
TITUS COUNTY,449,62 Years,337,174,163,225,117,108,37,16,21,8,3,5,67,38,29
TITUS COUNTY,449,63 Years,327,174,153,225,116,109,37,19,18,9,5,4,56,34,22
TITUS COUNTY,449,64 Years,331,162,169,242,117,125,31,15,16,8,5,3,50,25,25
TITUS COUNTY,449,65 Years,331,160,171,228,108,120,39,17,22,8,4,4,56,31,25
TITUS COUNTY,449,66 Years,312,144,168,240,111,129,32,14,18,4,1,3,36,18,18
TITUS COUNTY,449,67 Years,293,142,151,227,111,116,27,11,16,2,1,1,37,19,18
TITUS COUNTY,449,68 Years,314,151,163,239,113,126,30,12,18,3,0,3,42,26,16
TITUS COUNTY,449,69 Years,292,137,155,231,106,125,28,13,15,2,0,2,31,18,13
TITUS COUNTY,449,70 Years,245,117,128,184,91,93,30,12,18,3,1,2,28,13,15
TITUS COUNTY,449,71 Years,223,109,114,166,81,85,16,6,10,5,3,2,36,19,17
TITUS COUNTY,449,72 Years,231,107,124,178,82,96,21,11,10,5,3,2,27,11,16
TITUS COUNTY,449,73 Years,205,107,98,161,82,79,19,11,8,5,2,3,20,12,8
TITUS COUNTY,449,74 Years,203,94,109,153,73,80,20,8,12,8,4,4,22,9,13
TITUS COUNTY,449,75 Years,202,95,107,156,77,79,22,8,14,3,1,2,21,9,12
TITUS COUNTY,449,76 Years,167,84,83,128,66,62,19,8,11,1,1,0,19,9,10
TITUS COUNTY,449,77 Years,157,76,81,120,57,63,17,6,11,2,1,1,18,12,6
TITUS COUNTY,449,78 Years,144,66,78,113,49,64,14,6,8,3,1,2,14,10,4
TITUS COUNTY,449,79 Years,130,58,72,103,46,57,12,4,8,4,2,2,11,6,5
TITUS COUNTY,449,80 Years,118,52,66,91,42,49,15,5,10,3,2,1,9,3,6
TITUS COUNTY,449,81 Years,110,55,55,83,41,42,14,6,8,2,2,0,11,6,5
TITUS COUNTY,449,82 Years,90,41,49,73,33,40,11,4,7,2,2,0,4,2,2
TITUS COUNTY,449,83 Years,90,41,49,74,33,41,11,5,6,0,0,0,5,3,2
TITUS COUNTY,449,84 Years,84,35,49,70,27,43,6,2,4,1,1,0,7,5,2
TITUS COUNTY,449,85 Years +,481,172,309,408,147,261,43,13,30,4,0,4,26,12,14
TOM GREEN COUNTY,451,All Ages,117944,58115,59829,63384,31182,32202,4206,2243,1963,3956,1903,2053,46398,22787,23611
TOM GREEN COUNTY,451,< 1 Year,1729,896,833,681,351,330,40,23,17,69,35,34,939,487,452
TOM GREEN COUNTY,451,1 Years,1757,894,863,698,354,344,41,26,15,70,33,37,948,481,467
TOM GREEN COUNTY,451,2 Years,1750,878,872,701,352,349,40,23,17,67,35,32,942,468,474
TOM GREEN COUNTY,451,3 Years,1670,838,832,690,345,345,39,22,17,56,31,25,885,440,445
TOM GREEN COUNTY,451,4 Years,1614,805,809,673,338,335,40,17,23,55,31,24,846,419,427
TOM GREEN COUNTY,451,5 Years,1617,819,798,675,343,332,40,19,21,68,35,33,834,422,412
TOM GREEN COUNTY,451,6 Years,1573,789,784,618,299,319,42,20,22,74,41,33,839,429,410
TOM GREEN COUNTY,451,7 Years,1547,768,779,619,300,319,43,20,23,79,44,35,806,404,402
TOM GREEN COUNTY,451,8 Years,1604,834,770,666,351,315,62,34,28,70,37,33,806,412,394
TOM GREEN COUNTY,451,9 Years,1641,856,785,656,336,320,58,33,25,76,40,36,851,447,404
TOM GREEN COUNTY,451,10 Years,1516,776,740,592,303,289,42,22,20,73,40,33,809,411,398
TOM GREEN COUNTY,451,11 Years,1546,801,745,629,330,299,46,21,25,76,43,33,795,407,388
TOM GREEN COUNTY,451,12 Years,1528,781,747,609,318,291,40,22,18,69,36,33,810,405,405
TOM GREEN COUNTY,451,13 Years,1482,761,721,572,296,276,48,28,20,50,24,26,812,413,399
TOM GREEN COUNTY,451,14 Years,1459,750,709,597,307,290,52,29,23,52,24,28,758,390,368
TOM GREEN COUNTY,451,15 Years,1521,784,737,604,315,289,42,22,20,52,24,28,823,423,400
TOM GREEN COUNTY,451,16 Years,1511,771,740,627,338,289,38,19,19,54,18,36,792,396,396
TOM GREEN COUNTY,451,17 Years,1634,866,768,711,376,335,54,29,25,62,30,32,807,431,376
TOM GREEN COUNTY,451,18 Years,2096,1003,1093,992,424,568,106,60,46,59,31,28,939,488,451
TOM GREEN COUNTY,451,19 Years,2578,1367,1211,1289,703,586,155,92,63,71,37,34,1063,535,528
TOM GREEN COUNTY,451,20 Years,2305,1202,1103,1141,594,547,131,71,60,77,43,34,956,494,462
TOM GREEN COUNTY,451,21 Years,2184,1146,1038,1120,599,521,91,52,39,72,40,32,901,455,446
TOM GREEN COUNTY,451,22 Years,2254,1164,1090,1200,622,578,95,59,36,75,31,44,884,452,432
TOM GREEN COUNTY,451,23 Years,2063,1102,961,1063,596,467,80,39,41,68,33,35,852,434,418
TOM GREEN COUNTY,451,24 Years,2011,1133,878,1015,632,383,103,59,44,95,52,43,798,390,408
TOM GREEN COUNTY,451,25 Years,1768,958,810,861,495,366,86,51,35,114,60,54,707,352,355
TOM GREEN COUNTY,451,26 Years,1753,930,823,920,508,412,85,45,40,95,48,47,653,329,324
TOM GREEN COUNTY,451,27 Years,1589,832,757,833,461,372,69,37,32,76,39,37,611,295,316
TOM GREEN COUNTY,451,28 Years,1386,735,651,654,369,285,69,38,31,69,33,36,594,295,299
TOM GREEN COUNTY,451,29 Years,1503,774,729,740,383,357,63,36,27,56,31,25,644,324,320
TOM GREEN COUNTY,451,30 Years,1433,703,730,677,307,370,71,38,33,45,28,17,640,330,310
TOM GREEN COUNTY,451,31 Years,1487,743,744,744,352,392,78,39,39,50,33,17,615,319,296
TOM GREEN COUNTY,451,32 Years,1535,747,788,769,352,417,67,32,35,57,35,22,642,328,314
TOM GREEN COUNTY,451,33 Years,1456,700,756,718,335,383,66,33,33,58,34,24,614,298,316
TOM GREEN COUNTY,451,34 Years,1388,691,697,693,341,352,65,37,28,45,23,22,585,290,295
TOM GREEN COUNTY,451,35 Years,1431,730,701,707,353,354,61,39,22,52,30,22,611,308,303
TOM GREEN COUNTY,451,36 Years,1418,735,683,720,381,339,63,38,25,44,29,15,591,287,304
TOM GREEN COUNTY,451,37 Years,1262,611,651,654,334,320,55,33,22,35,20,15,518,224,294
TOM GREEN COUNTY,451,38 Years,1269,620,649,661,335,326,45,31,14,50,28,22,513,226,287
TOM GREEN COUNTY,451,39 Years,1211,608,603,633,316,317,35,20,15,45,25,20,498,247,251
TOM GREEN COUNTY,451,40 Years,1185,592,593,625,315,310,33,20,13,40,21,19,487,236,251
TOM GREEN COUNTY,451,41 Years,1189,583,606,617,322,295,35,20,15,62,21,41,475,220,255
TOM GREEN COUNTY,451,42 Years,1188,562,626,598,284,314,39,22,17,59,24,35,492,232,260
TOM GREEN COUNTY,451,43 Years,1175,549,626,585,269,316,34,21,13,57,22,35,499,237,262
TOM GREEN COUNTY,451,44 Years,1248,615,633,640,322,318,35,18,17,48,21,27,525,254,271
TOM GREEN COUNTY,451,45 Years,1241,612,629,653,327,326,31,15,16,47,20,27,510,250,260
TOM GREEN COUNTY,451,46 Years,1301,636,665,712,351,361,33,19,14,37,16,21,519,250,269
TOM GREEN COUNTY,451,47 Years,1191,597,594,638,334,304,36,21,15,33,15,18,484,227,257
TOM GREEN COUNTY,451,48 Years,1227,608,619,672,356,316,37,16,21,33,12,21,485,224,261
TOM GREEN COUNTY,451,49 Years,1235,589,646,668,322,346,50,27,23,35,13,22,482,227,255
TOM GREEN COUNTY,451,50 Years,1230,570,660,676,303,373,47,26,21,31,14,17,476,227,249
TOM GREEN COUNTY,451,51 Years,1343,634,709,781,376,405,48,27,21,31,12,19,483,219,264
TOM GREEN COUNTY,451,52 Years,1388,647,741,821,381,440,46,28,18,35,14,21,486,224,262
TOM GREEN COUNTY,451,53 Years,1434,684,750,844,398,446,53,27,26,37,17,20,500,242,258
TOM GREEN COUNTY,451,54 Years,1513,732,781,865,420,445,55,23,32,33,14,19,560,275,285
TOM GREEN COUNTY,451,55 Years,1495,712,783,884,419,465,57,28,29,29,9,20,525,256,269
TOM GREEN COUNTY,451,56 Years,1469,700,769,906,416,490,57,30,27,29,14,15,477,240,237
TOM GREEN COUNTY,451,57 Years,1491,719,772,937,448,489,60,34,26,34,17,17,460,220,240
TOM GREEN COUNTY,451,58 Years,1487,685,802,932,431,501,53,30,23,37,13,24,465,211,254
TOM GREEN COUNTY,451,59 Years,1468,673,795,925,422,503,48,23,25,37,12,25,458,216,242
TOM GREEN COUNTY,451,60 Years,1399,686,713,882,441,441,64,32,32,29,11,18,424,202,222
TOM GREEN COUNTY,451,61 Years,1435,694,741,951,467,484,42,19,23,37,15,22,405,193,212
TOM GREEN COUNTY,451,62 Years,1356,647,709,912,436,476,39,20,19,28,11,17,377,180,197
TOM GREEN COUNTY,451,63 Years,1388,662,726,933,453,480,49,24,25,28,11,17,378,174,204
TOM GREEN COUNTY,451,64 Years,1325,627,698,890,431,459,48,23,25,30,12,18,357,161,196
TOM GREEN COUNTY,451,65 Years,1233,587,646,811,394,417,46,22,24,29,11,18,347,160,187
TOM GREEN COUNTY,451,66 Years,1244,602,642,835,415,420,45,24,21,29,8,21,335,155,180
TOM GREEN COUNTY,451,67 Years,1111,536,575,754,358,396,42,21,21,31,13,18,284,144,140
TOM GREEN COUNTY,451,68 Years,1151,544,607,802,380,422,33,15,18,29,12,17,287,137,150
TOM GREEN COUNTY,451,69 Years,1185,552,633,844,396,448,30,16,14,28,9,19,283,131,152
TOM GREEN COUNTY,451,70 Years,923,433,490,646,313,333,26,11,15,25,10,15,226,99,127
TOM GREEN COUNTY,451,71 Years,859,394,465,585,272,313,29,14,15,23,10,13,222,98,124
TOM GREEN COUNTY,451,72 Years,910,415,495,659,306,353,26,10,16,18,7,11,207,92,115
TOM GREEN COUNTY,451,73 Years,812,372,440,589,272,317,24,11,13,16,7,9,183,82,101
TOM GREEN COUNTY,451,74 Years,768,374,394,552,267,285,23,11,12,15,6,9,178,90,88
TOM GREEN COUNTY,451,75 Years,731,344,387,545,258,287,19,10,9,17,7,10,150,69,81
TOM GREEN COUNTY,451,76 Years,712,317,395,559,249,310,15,10,5,16,9,7,122,49,73
TOM GREEN COUNTY,451,77 Years,656,281,375,507,223,284,16,9,7,15,7,8,118,42,76
TOM GREEN COUNTY,451,78 Years,662,280,382,504,222,282,18,8,10,17,6,11,123,44,79
TOM GREEN COUNTY,451,79 Years,602,248,354,460,194,266,18,7,11,8,2,6,116,45,71
TOM GREEN COUNTY,451,80 Years,599,248,351,451,186,265,18,7,11,11,4,7,119,51,68
TOM GREEN COUNTY,451,81 Years,562,237,325,442,191,251,16,7,9,10,2,8,94,37,57
TOM GREEN COUNTY,451,82 Years,531,227,304,406,172,234,14,5,9,13,6,7,98,44,54
TOM GREEN COUNTY,451,83 Years,483,194,289,368,147,221,12,5,7,8,2,6,95,40,55
TOM GREEN COUNTY,451,84 Years,406,169,237,312,127,185,9,3,6,11,4,7,74,35,39
TOM GREEN COUNTY,451,85 Years +,2324,845,1479,1784,652,1132,52,16,36,71,16,55,417,161,256
TRAVIS COUNTY,453,All Ages,1194552,601978,592574,568828,285879,282949,91315,44347,46968,111421,54800,56621,422988,216952,206036
TRAVIS COUNTY,453,< 1 Year,18081,9273,8808,6410,3277,3133,1369,681,688,1981,1043,938,8321,4272,4049
TRAVIS COUNTY,453,1 Years,18288,9387,8901,6518,3352,3166,1400,698,702,2009,1042,967,8361,4295,4066
TRAVIS COUNTY,453,2 Years,18246,9356,8890,6527,3349,3178,1378,690,688,1969,1022,947,8372,4295,4077
TRAVIS COUNTY,453,3 Years,18136,9312,8824,6489,3346,3143,1354,687,667,1971,1030,941,8322,4249,4073
TRAVIS COUNTY,453,4 Years,17853,9136,8717,6371,3256,3115,1291,652,639,1907,996,911,8284,4232,4052
TRAVIS COUNTY,453,5 Years,17905,9151,8754,6279,3226,3053,1280,635,645,1962,1004,958,8384,4286,4098
TRAVIS COUNTY,453,6 Years,17622,9028,8594,6124,3221,2903,1265,615,650,1790,892,898,8443,4300,4143
TRAVIS COUNTY,453,7 Years,15758,8068,7690,5463,2829,2634,1135,565,570,1615,808,807,7545,3866,3679
TRAVIS COUNTY,453,8 Years,15739,8042,7697,5366,2806,2560,1180,609,571,1615,793,822,7578,3834,3744
TRAVIS COUNTY,453,9 Years,15555,7906,7649,5329,2765,2564,1213,608,605,1572,791,781,7441,3742,3699
TRAVIS COUNTY,453,10 Years,15355,7831,7524,5268,2705,2563,1214,607,607,1557,775,782,7316,3744,3572
TRAVIS COUNTY,453,11 Years,15167,7714,7453,5048,2565,2483,1204,599,605,1578,764,814,7337,3786,3551
TRAVIS COUNTY,453,12 Years,14905,7602,7303,5003,2604,2399,1165,575,590,1486,728,758,7251,3695,3556
TRAVIS COUNTY,453,13 Years,14902,7634,7268,5036,2630,2406,1188,603,585,1431,706,725,7247,3695,3552
TRAVIS COUNTY,453,14 Years,14691,7564,7127,4878,2526,2352,1270,670,600,1384,670,714,7159,3698,3461
TRAVIS COUNTY,453,15 Years,14513,7436,7077,4709,2450,2259,1317,682,635,1335,644,691,7152,3660,3492
TRAVIS COUNTY,453,16 Years,14258,7343,6915,4662,2443,2219,1319,693,626,1219,598,621,7058,3609,3449
TRAVIS COUNTY,453,17 Years,13699,7048,6651,4518,2296,2222,1308,687,621,1184,611,573,6689,3454,3235
TRAVIS COUNTY,453,18 Years,14802,7625,7177,4951,2513,2438,1344,717,627,1720,874,846,6787,3521,3266
TRAVIS COUNTY,453,19 Years,17854,8927,8927,6433,3132,3301,1531,760,771,2270,1147,1123,7620,3888,3732
TRAVIS COUNTY,453,20 Years,18416,9224,9192,6797,3325,3472,1525,751,774,2389,1228,1161,7705,3920,3785
TRAVIS COUNTY,453,21 Years,18366,9190,9176,6801,3344,3457,1565,740,825,2386,1215,1171,7614,3891,3723
TRAVIS COUNTY,453,22 Years,17861,9126,8735,6574,3267,3307,1583,772,811,2167,1130,1037,7537,3957,3580
TRAVIS COUNTY,453,23 Years,16679,8772,7907,5716,3083,2633,1571,792,779,1722,891,831,7670,4006,3664
TRAVIS COUNTY,453,24 Years,16857,8848,8009,5863,3201,2662,1528,737,791,1763,894,869,7703,4016,3687
TRAVIS COUNTY,453,25 Years,17902,9263,8639,6770,3591,3179,1524,685,839,1901,984,917,7707,4003,3704
TRAVIS COUNTY,453,26 Years,18256,9436,8820,7250,3700,3550,1488,677,811,2009,1026,983,7509,4033,3476
TRAVIS COUNTY,453,27 Years,19603,10260,9343,8138,4164,3974,1312,645,667,2132,1134,998,8021,4317,3704
TRAVIS COUNTY,453,28 Years,20632,10474,10158,8914,4293,4621,1302,616,686,2007,1056,951,8409,4509,3900
TRAVIS COUNTY,453,29 Years,22101,11025,11076,10568,4887,5681,1280,612,668,1811,993,818,8442,4533,3909
TRAVIS COUNTY,453,30 Years,23559,11784,11775,11934,5499,6435,1353,643,710,1893,1063,830,8379,4579,3800
TRAVIS COUNTY,453,31 Years,23687,11938,11749,12724,6084,6640,1328,678,650,1663,841,822,7972,4335,3637
TRAVIS COUNTY,453,32 Years,23983,11972,12011,12921,6294,6627,1310,644,666,1710,828,882,8042,4206,3836
TRAVIS COUNTY,453,33 Years,24212,12078,12134,13297,6546,6751,1357,680,677,1718,763,955,7840,4089,3751
TRAVIS COUNTY,453,34 Years,24104,12057,12047,13508,6725,6783,1388,685,703,1845,769,1076,7363,3878,3485
TRAVIS COUNTY,453,35 Years,23926,11963,11963,13349,6681,6668,1374,684,690,2043,842,1201,7160,3756,3404
TRAVIS COUNTY,453,36 Years,23596,11894,11702,12835,6504,6331,1420,712,708,2219,907,1312,7122,3771,3351
TRAVIS COUNTY,453,37 Years,22356,11374,10982,11827,6070,5757,1365,676,689,2423,1069,1354,6741,3559,3182
TRAVIS COUNTY,453,38 Years,21452,11004,10448,11134,5774,5360,1313,640,673,2501,1188,1313,6504,3402,3102
TRAVIS COUNTY,453,39 Years,20469,10592,9877,10295,5364,4931,1254,606,648,2600,1295,1305,6320,3327,2993
TRAVIS COUNTY,453,40 Years,19458,10121,9337,9468,5050,4418,1194,560,634,2549,1246,1303,6247,3265,2982
TRAVIS COUNTY,453,41 Years,18730,9813,8917,8919,4805,4114,1226,611,615,2438,1188,1250,6147,3209,2938
TRAVIS COUNTY,453,42 Years,17333,9059,8274,8175,4416,3759,1154,591,563,2282,1128,1154,5722,2924,2798
TRAVIS COUNTY,453,43 Years,16736,8696,8040,7748,4157,3591,1212,588,624,2167,1071,1096,5609,2880,2729
TRAVIS COUNTY,453,44 Years,16416,8590,7826,7709,4161,3548,1189,565,624,2013,998,1015,5505,2866,2639
TRAVIS COUNTY,453,45 Years,16894,8762,8132,8413,4463,3950,1289,621,668,1835,904,931,5357,2774,2583
TRAVIS COUNTY,453,46 Years,16579,8556,8023,8468,4484,3984,1275,623,652,1661,814,847,5175,2635,2540
TRAVIS COUNTY,453,47 Years,14973,7617,7356,7769,4048,3721,1175,575,600,1389,684,705,4640,2310,2330
TRAVIS COUNTY,453,48 Years,13942,7134,6808,7163,3755,3408,1185,595,590,1200,594,606,4394,2190,2204
TRAVIS COUNTY,453,49 Years,13165,6734,6431,6799,3506,3293,1147,554,593,1138,580,558,4081,2094,1987
TRAVIS COUNTY,453,50 Years,13042,6599,6443,6763,3465,3298,1147,520,627,1108,546,562,4024,2068,1956
TRAVIS COUNTY,453,51 Years,13756,7018,6738,7235,3712,3523,1242,607,635,1114,550,564,4165,2149,2016
TRAVIS COUNTY,453,52 Years,13653,6904,6749,7373,3757,3616,1304,625,679,1058,537,521,3918,1985,1933
TRAVIS COUNTY,453,53 Years,13525,6807,6718,7448,3768,3680,1253,613,640,1063,524,539,3761,1902,1859
TRAVIS COUNTY,453,54 Years,13449,6757,6692,7617,3843,3774,1250,622,628,945,455,490,3637,1837,1800
TRAVIS COUNTY,453,55 Years,13184,6586,6598,7554,3801,3753,1230,602,628,880,427,453,3520,1756,1764
TRAVIS COUNTY,453,56 Years,13337,6711,6626,7772,3912,3860,1259,639,620,850,394,456,3456,1766,1690
TRAVIS COUNTY,453,57 Years,12746,6338,6408,7562,3767,3795,1195,592,603,783,372,411,3206,1607,1599
TRAVIS COUNTY,453,58 Years,12501,6165,6336,7543,3744,3799,1188,571,617,758,360,398,3012,1490,1522
TRAVIS COUNTY,453,59 Years,12267,6020,6247,7510,3750,3760,1157,568,589,767,331,436,2833,1371,1462
TRAVIS COUNTY,453,60 Years,11659,5733,5926,7199,3548,3651,1100,550,550,707,320,387,2653,1315,1338
TRAVIS COUNTY,453,61 Years,11408,5594,5814,7191,3552,3639,1033,523,510,685,305,380,2499,1214,1285
TRAVIS COUNTY,453,62 Years,10825,5220,5605,7008,3428,3580,974,448,526,614,287,327,2229,1057,1172
TRAVIS COUNTY,453,63 Years,10334,4930,5404,6845,3313,3532,896,416,480,583,270,313,2010,931,1079
TRAVIS COUNTY,453,64 Years,9767,4749,5018,6499,3187,3312,803,385,418,562,257,305,1903,920,983
TRAVIS COUNTY,453,65 Years,9215,4478,4737,6045,3014,3031,812,374,438,551,252,299,1807,838,969
TRAVIS COUNTY,453,66 Years,8874,4324,4550,5800,2928,2872,780,356,424,541,233,308,1753,807,946
TRAVIS COUNTY,453,67 Years,8140,3942,4198,5353,2653,2700,711,327,384,509,220,289,1567,742,825
TRAVIS COUNTY,453,68 Years,7880,3840,4040,5339,2653,2686,645,296,349,452,204,248,1444,687,757
TRAVIS COUNTY,453,69 Years,7457,3642,3815,5227,2607,2620,536,238,298,412,183,229,1282,614,668
TRAVIS COUNTY,453,70 Years,5976,2912,3064,4057,2031,2026,450,213,237,347,154,193,1122,514,608
TRAVIS COUNTY,453,71 Years,5359,2502,2857,3582,1723,1859,419,181,238,315,141,174,1043,457,586
TRAVIS COUNTY,453,72 Years,5134,2386,2748,3506,1677,1829,397,153,244,291,133,158,940,423,517
TRAVIS COUNTY,453,73 Years,4767,2247,2520,3260,1576,1684,384,167,217,268,127,141,855,377,478
TRAVIS COUNTY,453,74 Years,4266,2015,2251,2888,1391,1497,367,161,206,265,135,130,746,328,418
TRAVIS COUNTY,453,75 Years,3739,1682,2057,2514,1174,1340,297,113,184,234,116,118,694,279,415
TRAVIS COUNTY,453,76 Years,3304,1459,1845,2188,993,1195,281,103,178,194,96,98,641,267,374
TRAVIS COUNTY,453,77 Years,3009,1323,1686,1999,899,1100,239,93,146,171,84,87,600,247,353
TRAVIS COUNTY,453,78 Years,2820,1207,1613,1893,839,1054,226,84,142,178,81,97,523,203,320
TRAVIS COUNTY,453,79 Years,2630,1122,1508,1765,772,993,225,89,136,162,72,90,478,189,289
TRAVIS COUNTY,453,80 Years,2417,1014,1403,1638,702,936,207,82,125,137,61,76,435,169,266
TRAVIS COUNTY,453,81 Years,2263,970,1293,1502,678,824,205,75,130,104,43,61,452,174,278
TRAVIS COUNTY,453,82 Years,1987,839,1148,1347,583,764,175,72,103,88,40,48,377,144,233
TRAVIS COUNTY,453,83 Years,1796,730,1066,1249,524,725,150,51,99,93,36,57,304,119,185
TRAVIS COUNTY,453,84 Years,1721,702,1019,1206,505,701,149,47,102,78,33,45,288,117,171
TRAVIS COUNTY,453,85 Years +,10773,3772,7001,8123,2878,5245,718,200,518,425,160,265,1507,534,973
TRINITY COUNTY,455,All Ages,14441,7062,7379,11513,5611,5902,1408,664,744,305,122,183,1215,665,550
TRINITY COUNTY,455,< 1 Year,143,71,72,103,54,49,20,9,11,4,1,3,16,7,9
TRINITY COUNTY,455,1 Years,149,78,71,108,60,48,18,8,10,6,2,4,17,8,9
TRINITY COUNTY,455,2 Years,144,79,65,103,60,43,18,9,9,7,2,5,16,8,8
TRINITY COUNTY,455,3 Years,130,69,61,88,50,38,19,10,9,7,2,5,16,7,9
TRINITY COUNTY,455,4 Years,126,65,61,87,48,39,19,10,9,5,1,4,15,6,9
TRINITY COUNTY,455,5 Years,144,73,71,97,46,51,21,12,9,7,6,1,19,9,10
TRINITY COUNTY,455,6 Years,156,75,81,107,52,55,22,6,16,7,6,1,20,11,9
TRINITY COUNTY,455,7 Years,156,82,74,109,55,54,15,9,6,7,4,3,25,14,11
TRINITY COUNTY,455,8 Years,144,73,71,102,53,49,13,4,9,5,2,3,24,14,10
TRINITY COUNTY,455,9 Years,154,91,63,105,64,41,19,10,9,6,3,3,24,14,10
TRINITY COUNTY,455,10 Years,160,82,78,95,51,44,24,11,13,9,4,5,32,16,16
TRINITY COUNTY,455,11 Years,141,61,80,84,38,46,21,8,13,12,4,8,24,11,13
TRINITY COUNTY,455,12 Years,137,73,64,89,46,43,15,8,7,5,2,3,28,17,11
TRINITY COUNTY,455,13 Years,154,80,74,106,55,51,15,9,6,3,0,3,30,16,14
TRINITY COUNTY,455,14 Years,158,79,79,110,57,53,16,7,9,5,1,4,27,14,13
TRINITY COUNTY,455,15 Years,162,77,85,111,56,55,19,7,12,3,0,3,29,14,15
TRINITY COUNTY,455,16 Years,175,82,93,124,61,63,18,6,12,5,1,4,28,14,14
TRINITY COUNTY,455,17 Years,170,87,83,125,68,57,15,5,10,7,2,5,23,12,11
TRINITY COUNTY,455,18 Years,158,84,74,118,62,56,14,9,5,6,2,4,20,11,9
TRINITY COUNTY,455,19 Years,142,67,75,111,53,58,9,6,3,4,1,3,18,7,11
TRINITY COUNTY,455,20 Years,151,73,78,114,55,59,13,8,5,5,2,3,19,8,11
TRINITY COUNTY,455,21 Years,135,58,77,92,41,51,18,7,11,7,1,6,18,9,9
TRINITY COUNTY,455,22 Years,155,72,83,109,53,56,23,12,11,7,2,5,16,5,11
TRINITY COUNTY,455,23 Years,150,74,76,105,53,52,23,11,12,3,2,1,19,8,11
TRINITY COUNTY,455,24 Years,158,77,81,112,51,61,23,11,12,1,1,0,22,14,8
TRINITY COUNTY,455,25 Years,152,82,70,113,60,53,18,11,7,3,1,2,18,10,8
TRINITY COUNTY,455,26 Years,131,59,72,102,49,53,12,4,8,3,1,2,14,5,9
TRINITY COUNTY,455,27 Years,123,56,67,92,39,53,14,7,7,1,0,1,16,10,6
TRINITY COUNTY,455,28 Years,134,66,68,103,49,54,17,10,7,0,0,0,14,7,7
TRINITY COUNTY,455,29 Years,114,58,56,84,42,42,18,9,9,1,1,0,11,6,5
TRINITY COUNTY,455,30 Years,128,61,67,95,47,48,15,4,11,3,1,2,15,9,6
TRINITY COUNTY,455,31 Years,121,59,62,85,43,42,14,4,10,1,0,1,21,12,9
TRINITY COUNTY,455,32 Years,124,60,64,86,43,43,15,5,10,2,1,1,21,11,10
TRINITY COUNTY,455,33 Years,110,56,54,78,37,41,11,6,5,3,1,2,18,12,6
TRINITY COUNTY,455,34 Years,127,62,65,94,41,53,14,8,6,3,2,1,16,11,5
TRINITY COUNTY,455,35 Years,131,65,66,94,42,52,15,9,6,3,2,1,19,12,7
TRINITY COUNTY,455,36 Years,128,64,64,90,45,45,20,10,10,0,0,0,18,9,9
TRINITY COUNTY,455,37 Years,122,60,62,97,46,51,11,6,5,4,2,2,10,6,4
TRINITY COUNTY,455,38 Years,124,63,61,97,48,49,12,5,7,3,1,2,12,9,3
TRINITY COUNTY,455,39 Years,122,62,60,90,44,46,15,8,7,0,0,0,17,10,7
TRINITY COUNTY,455,40 Years,109,53,56,80,38,42,13,7,6,1,0,1,15,8,7
TRINITY COUNTY,455,41 Years,121,63,58,89,43,46,11,6,5,2,2,0,19,12,7
TRINITY COUNTY,455,42 Years,127,70,57,102,54,48,6,3,3,1,1,0,18,12,6
TRINITY COUNTY,455,43 Years,150,76,74,114,59,55,11,3,8,1,0,1,24,14,10
TRINITY COUNTY,455,44 Years,142,66,76,106,48,58,12,5,7,2,1,1,22,12,10
TRINITY COUNTY,455,45 Years,157,73,84,123,56,67,15,7,8,2,1,1,17,9,8
TRINITY COUNTY,455,46 Years,164,84,80,131,65,66,12,7,5,3,2,1,18,10,8
TRINITY COUNTY,455,47 Years,161,80,81,126,62,64,12,7,5,3,1,2,20,10,10
TRINITY COUNTY,455,48 Years,150,78,72,119,59,60,12,7,5,2,1,1,17,11,6
TRINITY COUNTY,455,49 Years,165,92,73,134,71,63,14,10,4,3,1,2,14,10,4
TRINITY COUNTY,455,50 Years,173,88,85,137,70,67,22,12,10,3,1,2,11,5,6
TRINITY COUNTY,455,51 Years,187,90,97,151,74,77,22,11,11,2,0,2,12,5,7
TRINITY COUNTY,455,52 Years,202,102,100,171,87,84,19,9,10,2,1,1,10,5,5
TRINITY COUNTY,455,53 Years,217,104,113,185,89,96,22,11,11,1,0,1,9,4,5
TRINITY COUNTY,455,54 Years,243,119,124,203,99,104,24,10,14,5,2,3,11,8,3
TRINITY COUNTY,455,55 Years,249,123,126,208,103,105,27,11,16,5,2,3,9,7,2
TRINITY COUNTY,455,56 Years,244,114,130,201,95,106,28,11,17,7,2,5,8,6,2
TRINITY COUNTY,455,57 Years,245,113,132,203,92,111,27,14,13,4,2,2,11,5,6
TRINITY COUNTY,455,58 Years,247,113,134,207,95,112,26,13,13,6,2,4,8,3,5
TRINITY COUNTY,455,59 Years,261,117,144,224,96,128,23,14,9,2,1,1,12,6,6
TRINITY COUNTY,455,60 Years,273,125,148,224,100,124,28,14,14,6,2,4,15,9,6
TRINITY COUNTY,455,61 Years,253,118,135,208,99,109,29,11,18,5,1,4,11,7,4
TRINITY COUNTY,455,62 Years,260,121,139,225,103,122,20,9,11,4,3,1,11,6,5
TRINITY COUNTY,455,63 Years,264,119,145,229,102,127,20,9,11,5,2,3,10,6,4
TRINITY COUNTY,455,64 Years,259,116,143,224,100,124,26,11,15,3,2,1,6,3,3
TRINITY COUNTY,455,65 Years,258,121,137,232,104,128,16,10,6,3,2,1,7,5,2
TRINITY COUNTY,455,66 Years,256,120,136,230,107,123,16,9,7,4,1,3,6,3,3
TRINITY COUNTY,455,67 Years,260,124,136,229,109,120,20,9,11,4,2,2,7,4,3
TRINITY COUNTY,455,68 Years,248,123,125,215,106,109,24,11,13,2,2,0,7,4,3
TRINITY COUNTY,455,69 Years,235,121,114,210,108,102,17,7,10,2,1,1,6,5,1
TRINITY COUNTY,455,70 Years,205,111,94,185,101,84,11,4,7,4,1,3,5,5,0
TRINITY COUNTY,455,71 Years,201,103,98,180,92,88,13,5,8,3,2,1,5,4,1
TRINITY COUNTY,455,72 Years,198,98,100,181,91,90,8,2,6,4,2,2,5,3,2
TRINITY COUNTY,455,73 Years,202,93,109,177,88,89,16,4,12,4,0,4,5,1,4
TRINITY COUNTY,455,74 Years,193,93,100,173,84,89,16,8,8,1,0,1,3,1,2
TRINITY COUNTY,455,75 Years,169,77,92,157,69,88,8,5,3,1,1,0,3,2,1
TRINITY COUNTY,455,76 Years,150,68,82,135,60,75,9,5,4,3,1,2,3,2,1
TRINITY COUNTY,455,77 Years,142,77,65,132,71,61,6,3,3,1,0,1,3,3,0
TRINITY COUNTY,455,78 Years,130,68,62,117,63,54,7,3,4,1,0,1,5,2,3
TRINITY COUNTY,455,79 Years,116,61,55,104,53,51,8,4,4,1,1,0,3,3,0
TRINITY COUNTY,455,80 Years,104,54,50,90,46,44,9,4,5,0,0,0,5,4,1
TRINITY COUNTY,455,81 Years,108,51,57,94,42,52,8,5,3,2,1,1,4,3,1
TRINITY COUNTY,455,82 Years,92,37,55,82,34,48,5,2,3,2,1,1,3,0,3
TRINITY COUNTY,455,83 Years,94,44,50,83,38,45,9,4,5,0,0,0,2,2,0
TRINITY COUNTY,455,84 Years,75,35,40,69,32,37,4,1,3,0,0,0,2,2,0
TRINITY COUNTY,455,85 Years +,339,151,188,300,137,163,26,9,17,10,4,6,3,1,2
TYLER COUNTY,457,All Ages,22003,12256,9747,17360,9002,8358,2498,1647,851,464,241,223,1681,1366,315
TYLER COUNTY,457,< 1 Year,200,93,107,156,71,85,20,12,8,15,8,7,9,2,7
TYLER COUNTY,457,1 Years,205,96,109,160,73,87,20,12,8,14,7,7,11,4,7
TYLER COUNTY,457,2 Years,208,102,106,168,81,87,19,12,7,11,4,7,10,5,5
TYLER COUNTY,457,3 Years,218,113,105,174,89,85,21,13,8,13,6,7,10,5,5
TYLER COUNTY,457,4 Years,217,114,103,176,93,83,19,10,9,12,6,6,10,5,5
TYLER COUNTY,457,5 Years,219,115,104,176,91,85,21,10,11,11,7,4,11,7,4
TYLER COUNTY,457,6 Years,229,117,112,182,97,85,23,10,13,10,4,6,14,6,8
TYLER COUNTY,457,7 Years,210,114,96,163,87,76,22,12,10,8,4,4,17,11,6
TYLER COUNTY,457,8 Years,219,107,112,173,83,90,22,9,13,11,7,4,13,8,5
TYLER COUNTY,457,9 Years,231,118,113,186,95,91,23,11,12,8,4,4,14,8,6
TYLER COUNTY,457,10 Years,236,125,111,190,102,88,23,12,11,8,2,6,15,9,6
TYLER COUNTY,457,11 Years,242,122,120,189,92,97,27,17,10,6,3,3,20,10,10
TYLER COUNTY,457,12 Years,213,104,109,173,83,90,22,12,10,6,2,4,12,7,5
TYLER COUNTY,457,13 Years,210,108,102,170,90,80,23,11,12,4,1,3,13,6,7
TYLER COUNTY,457,14 Years,233,121,112,189,98,91,24,11,13,8,4,4,12,8,4
TYLER COUNTY,457,15 Years,234,126,108,188,103,85,18,8,10,13,6,7,15,9,6
TYLER COUNTY,457,16 Years,249,130,119,207,107,100,21,9,12,11,7,4,10,7,3
TYLER COUNTY,457,17 Years,264,136,128,219,112,107,22,12,10,13,6,7,10,6,4
TYLER COUNTY,457,18 Years,235,133,102,190,106,84,23,15,8,9,4,5,13,8,5
TYLER COUNTY,457,19 Years,248,140,108,188,99,89,31,22,9,5,2,3,24,17,7
TYLER COUNTY,457,20 Years,247,144,103,185,101,84,29,18,11,7,3,4,26,22,4
TYLER COUNTY,457,21 Years,265,153,112,195,98,97,36,27,9,7,3,4,27,25,2
TYLER COUNTY,457,22 Years,305,177,128,210,103,107,53,39,14,5,3,2,37,32,5
TYLER COUNTY,457,23 Years,314,202,112,208,118,90,56,43,13,7,4,3,43,37,6
TYLER COUNTY,457,24 Years,322,203,119,209,115,94,65,48,17,4,2,2,44,38,6
TYLER COUNTY,457,25 Years,322,209,113,204,115,89,57,43,14,6,0,6,55,51,4
TYLER COUNTY,457,26 Years,317,224,93,180,102,78,66,57,9,5,3,2,66,62,4
TYLER COUNTY,457,27 Years,316,223,93,186,105,81,72,65,7,2,1,1,56,52,4
TYLER COUNTY,457,28 Years,305,218,87,174,100,74,65,57,8,3,0,3,63,61,2
TYLER COUNTY,457,29 Years,302,217,85,170,99,71,72,60,12,3,2,1,57,56,1
TYLER COUNTY,457,30 Years,284,203,81,161,93,68,64,55,9,5,4,1,54,51,3
TYLER COUNTY,457,31 Years,280,199,81,167,98,69,52,45,7,3,3,0,58,53,5
TYLER COUNTY,457,32 Years,284,196,88,166,92,74,60,53,7,3,1,2,55,50,5
TYLER COUNTY,457,33 Years,263,180,83,151,84,67,61,54,7,4,1,3,47,41,6
TYLER COUNTY,457,34 Years,267,176,91,158,84,74,50,44,6,5,0,5,54,48,6
TYLER COUNTY,457,35 Years,261,180,81,155,92,63,51,41,10,4,2,2,51,45,6
TYLER COUNTY,457,36 Years,243,165,78,155,90,65,47,38,9,1,1,0,40,36,4
TYLER COUNTY,457,37 Years,226,141,85,149,78,71,37,29,8,3,1,2,37,33,4
TYLER COUNTY,457,38 Years,234,158,76,159,91,68,35,31,4,3,3,0,37,33,4
TYLER COUNTY,457,39 Years,243,156,87,167,91,76,41,34,7,2,2,0,33,29,4
TYLER COUNTY,457,40 Years,239,147,92,172,94,78,36,26,10,1,1,0,30,26,4
TYLER COUNTY,457,41 Years,227,140,87,158,85,73,34,25,9,3,2,1,32,28,4
TYLER COUNTY,457,42 Years,232,134,98,174,88,86,25,19,6,4,2,2,29,25,4
TYLER COUNTY,457,43 Years,244,146,98,183,102,81,25,16,9,7,5,2,29,23,6
TYLER COUNTY,457,44 Years,246,148,98,189,105,84,26,17,9,5,3,2,26,23,3
TYLER COUNTY,457,45 Years,264,159,105,208,115,93,28,21,7,7,3,4,21,20,1
TYLER COUNTY,457,46 Years,263,151,112,210,110,100,25,20,5,4,1,3,24,20,4
TYLER COUNTY,457,47 Years,261,139,122,217,105,112,21,15,6,3,2,1,20,17,3
TYLER COUNTY,457,48 Years,275,144,131,229,113,116,24,16,8,4,2,2,18,13,5
TYLER COUNTY,457,49 Years,283,154,129,233,120,113,28,15,13,5,4,1,17,15,2
TYLER COUNTY,457,50 Years,276,145,131,225,114,111,31,14,17,4,3,1,16,14,2
TYLER COUNTY,457,51 Years,281,149,132,228,115,113,31,20,11,5,2,3,17,12,5
TYLER COUNTY,457,52 Years,260,140,120,218,114,104,26,16,10,4,2,2,12,8,4
TYLER COUNTY,457,53 Years,292,150,142,248,125,123,30,17,13,6,3,3,8,5,3
TYLER COUNTY,457,54 Years,305,151,154,261,126,135,29,14,15,3,2,1,12,9,3
TYLER COUNTY,457,55 Years,320,153,167,275,133,142,30,10,20,8,4,4,7,6,1
TYLER COUNTY,457,56 Years,317,162,155,269,139,130,28,12,16,6,2,4,14,9,5
TYLER COUNTY,457,57 Years,324,177,147,284,155,129,25,12,13,3,1,2,12,9,3
TYLER COUNTY,457,58 Years,319,188,131,280,167,113,24,11,13,3,1,2,12,9,3
TYLER COUNTY,457,59 Years,307,170,137,266,151,115,29,13,16,4,2,2,8,4,4
TYLER COUNTY,457,60 Years,329,177,152,286,153,133,29,15,14,8,4,4,6,5,1
TYLER COUNTY,457,61 Years,325,172,153,288,148,140,28,18,10,5,2,3,4,4,0
TYLER COUNTY,457,62 Years,313,167,146,275,146,129,23,13,10,7,4,3,8,4,4
TYLER COUNTY,457,63 Years,310,171,139,282,157,125,16,7,9,3,2,1,9,5,4
TYLER COUNTY,457,64 Years,293,150,143,263,138,125,19,6,13,7,4,3,4,2,2
TYLER COUNTY,457,65 Years,295,150,145,260,133,127,24,10,14,4,3,1,7,4,3
TYLER COUNTY,457,66 Years,279,137,142,244,119,125,24,13,11,2,1,1,9,4,5
TYLER COUNTY,457,67 Years,269,126,143,245,114,131,15,6,9,5,4,1,4,2,2
TYLER COUNTY,457,68 Years,286,138,148,265,128,137,18,8,10,3,2,1,0,0,0
TYLER COUNTY,457,69 Years,305,154,151,282,140,142,17,10,7,4,3,1,2,1,1
TYLER COUNTY,457,70 Years,262,130,132,237,118,119,13,4,9,6,4,2,6,4,2
TYLER COUNTY,457,71 Years,261,138,123,238,128,110,12,3,9,4,2,2,7,5,2
TYLER COUNTY,457,72 Years,265,133,132,247,127,120,14,4,10,3,1,2,1,1,0
TYLER COUNTY,457,73 Years,245,118,127,229,110,119,10,4,6,3,2,1,3,2,1
TYLER COUNTY,457,74 Years,239,120,119,222,110,112,12,7,5,3,2,1,2,1,1
TYLER COUNTY,457,75 Years,209,104,105,187,92,95,16,8,8,2,2,0,4,2,2
TYLER COUNTY,457,76 Years,198,100,98,176,87,89,17,10,7,2,1,1,3,2,1
TYLER COUNTY,457,77 Years,165,89,76,145,79,66,15,7,8,1,1,0,4,2,2
TYLER COUNTY,457,78 Years,161,81,80,141,73,68,14,5,9,3,2,1,3,1,2
TYLER COUNTY,457,79 Years,158,74,84,137,63,74,14,6,8,3,2,1,4,3,1
TYLER COUNTY,457,80 Years,160,84,76,140,73,67,13,6,7,3,2,1,4,3,1
TYLER COUNTY,457,81 Years,168,82,86,149,72,77,11,4,7,5,4,1,3,2,1
TYLER COUNTY,457,82 Years,136,68,68,120,59,61,11,5,6,1,1,0,4,3,1
TYLER COUNTY,457,83 Years,114,50,64,102,47,55,10,3,7,0,0,0,2,0,2
TYLER COUNTY,457,84 Years,106,51,55,97,46,51,5,3,2,2,1,1,2,1,1
TYLER COUNTY,457,85 Years +,497,187,310,450,165,285,30,12,18,8,5,3,9,5,4
UPSHUR COUNTY,459,All Ages,40795,20194,20601,32176,15892,16284,3507,1688,1819,1476,727,749,3636,1887,1749
UPSHUR COUNTY,459,< 1 Year,436,214,222,293,145,148,21,12,9,37,19,18,85,38,47
UPSHUR COUNTY,459,1 Years,436,218,218,297,146,151,22,12,10,38,22,16,79,38,41
UPSHUR COUNTY,459,2 Years,443,226,217,303,152,151,24,13,11,37,20,17,79,41,38
UPSHUR COUNTY,459,3 Years,457,232,225,313,154,159,23,14,9,41,21,20,80,43,37
UPSHUR COUNTY,459,4 Years,462,231,231,314,156,158,24,14,10,35,15,20,89,46,43
UPSHUR COUNTY,459,5 Years,507,248,259,321,157,164,22,12,10,63,28,35,101,51,50
UPSHUR COUNTY,459,6 Years,450,208,242,299,141,158,27,11,16,38,14,24,86,42,44
UPSHUR COUNTY,459,7 Years,511,253,258,353,178,175,38,17,21,35,16,19,85,42,43
UPSHUR COUNTY,459,8 Years,542,297,245,380,210,170,39,22,17,33,18,15,90,47,43
UPSHUR COUNTY,459,9 Years,592,322,270,422,228,194,41,26,15,36,20,16,93,48,45
UPSHUR COUNTY,459,10 Years,581,308,273,412,221,191,36,18,18,38,19,19,95,50,45
UPSHUR COUNTY,459,11 Years,565,287,278,407,206,201,38,18,20,36,18,18,84,45,39
UPSHUR COUNTY,459,12 Years,545,287,258,402,215,187,41,20,21,31,14,17,71,38,33
UPSHUR COUNTY,459,13 Years,574,316,258,397,215,182,55,33,22,39,22,17,83,46,37
UPSHUR COUNTY,459,14 Years,598,311,287,417,211,206,61,34,27,36,21,15,84,45,39
UPSHUR COUNTY,459,15 Years,589,300,289,423,219,204,56,31,25,40,19,21,70,31,39
UPSHUR COUNTY,459,16 Years,610,310,300,446,233,213,62,29,33,40,21,19,62,27,35
UPSHUR COUNTY,459,17 Years,585,304,281,422,222,200,57,26,31,37,20,17,69,36,33
UPSHUR COUNTY,459,18 Years,557,298,259,403,215,188,57,31,26,28,15,13,69,37,32
UPSHUR COUNTY,459,19 Years,519,278,241,369,197,172,52,31,21,27,13,14,71,37,34
UPSHUR COUNTY,459,20 Years,480,258,222,346,182,164,46,26,20,27,12,15,61,38,23
UPSHUR COUNTY,459,21 Years,487,254,233,350,183,167,49,29,20,32,13,19,56,29,27
UPSHUR COUNTY,459,22 Years,493,269,224,358,196,162,46,29,17,27,11,16,62,33,29
UPSHUR COUNTY,459,23 Years,502,258,244,371,189,182,55,31,24,15,6,9,61,32,29
UPSHUR COUNTY,459,24 Years,491,265,226,357,192,165,63,38,25,11,5,6,60,30,30
UPSHUR COUNTY,459,25 Years,456,245,211,337,185,152,48,24,24,14,8,6,57,28,29
UPSHUR COUNTY,459,26 Years,462,228,234,348,176,172,48,19,29,16,11,5,50,22,28
UPSHUR COUNTY,459,27 Years,447,228,219,336,175,161,43,19,24,10,5,5,58,29,29
UPSHUR COUNTY,459,28 Years,371,185,186,283,139,144,31,15,16,7,5,2,50,26,24
UPSHUR COUNTY,459,29 Years,337,173,164,259,132,127,31,19,12,4,2,2,43,20,23
UPSHUR COUNTY,459,30 Years,353,176,177,266,136,130,37,16,21,8,4,4,42,20,22
UPSHUR COUNTY,459,31 Years,347,168,179,257,126,131,29,12,17,6,2,4,55,28,27
UPSHUR COUNTY,459,32 Years,375,188,187,280,137,143,27,15,12,7,5,2,61,31,30
UPSHUR COUNTY,459,33 Years,443,213,230,338,161,177,32,12,20,9,6,3,64,34,30
UPSHUR COUNTY,459,34 Years,470,234,236,357,176,181,34,12,22,11,6,5,68,40,28
UPSHUR COUNTY,459,35 Years,478,237,241,361,175,186,41,21,20,14,8,6,62,33,29
UPSHUR COUNTY,459,36 Years,499,245,254,391,189,202,40,21,19,11,6,5,57,29,28
UPSHUR COUNTY,459,37 Years,483,243,240,381,185,196,39,21,18,7,4,3,56,33,23
UPSHUR COUNTY,459,38 Years,473,234,239,377,181,196,39,21,18,7,5,2,50,27,23
UPSHUR COUNTY,459,39 Years,493,247,246,390,200,190,41,18,23,17,8,9,45,21,24
UPSHUR COUNTY,459,40 Years,501,251,250,395,199,196,41,19,22,23,11,12,42,22,20
UPSHUR COUNTY,459,41 Years,462,237,225,370,187,183,35,19,16,14,9,5,43,22,21
UPSHUR COUNTY,459,42 Years,461,244,217,371,188,183,35,21,14,13,11,2,42,24,18
UPSHUR COUNTY,459,43 Years,475,242,233,389,197,192,36,19,17,11,7,4,39,19,20
UPSHUR COUNTY,459,44 Years,530,258,272,435,215,220,40,14,26,11,4,7,44,25,19
UPSHUR COUNTY,459,45 Years,508,259,249,410,209,201,43,18,25,13,6,7,42,26,16
UPSHUR COUNTY,459,46 Years,501,247,254,410,204,206,43,20,23,10,2,8,38,21,17
UPSHUR COUNTY,459,47 Years,504,246,258,414,206,208,43,19,24,9,1,8,38,20,18
UPSHUR COUNTY,459,48 Years,506,252,254,407,204,203,51,25,26,10,4,6,38,19,19
UPSHUR COUNTY,459,49 Years,475,231,244,386,188,198,45,21,24,11,6,5,33,16,17
UPSHUR COUNTY,459,50 Years,478,240,238,394,201,193,45,20,25,11,5,6,28,14,14
UPSHUR COUNTY,459,51 Years,544,260,284,444,206,238,55,25,30,13,6,7,32,23,9
UPSHUR COUNTY,459,52 Years,570,266,304,468,218,250,58,25,33,14,6,8,30,17,13
UPSHUR COUNTY,459,53 Years,617,289,328,510,241,269,61,29,32,13,6,7,33,13,20
UPSHUR COUNTY,459,54 Years,620,300,320,509,242,267,68,36,32,13,7,6,30,15,15
UPSHUR COUNTY,459,55 Years,609,295,314,510,239,271,64,34,30,12,7,5,23,15,8
UPSHUR COUNTY,459,56 Years,632,293,339,536,246,290,58,24,34,13,5,8,25,18,7
UPSHUR COUNTY,459,57 Years,649,317,332,552,267,285,55,25,30,19,9,10,23,16,7
UPSHUR COUNTY,459,58 Years,624,302,322,531,262,269,55,24,31,17,6,11,21,10,11
UPSHUR COUNTY,459,59 Years,618,292,326,524,250,274,57,24,33,14,7,7,23,11,12
UPSHUR COUNTY,459,60 Years,625,307,318,535,268,267,55,26,29,12,5,7,23,8,15
UPSHUR COUNTY,459,61 Years,623,314,309,522,268,254,62,28,34,17,7,10,22,11,11
UPSHUR COUNTY,459,62 Years,565,263,302,476,226,250,58,23,35,15,7,8,16,7,9
UPSHUR COUNTY,459,63 Years,551,265,286,472,225,247,54,26,28,13,9,4,12,5,7
UPSHUR COUNTY,459,64 Years,541,266,275,472,232,240,47,23,24,12,7,5,10,4,6
UPSHUR COUNTY,459,65 Years,529,262,267,453,228,225,52,24,28,13,3,10,11,7,4
UPSHUR COUNTY,459,66 Years,507,240,267,445,212,233,42,19,23,9,2,7,11,7,4
UPSHUR COUNTY,459,67 Years,482,225,257,417,198,219,44,20,24,10,2,8,11,5,6
UPSHUR COUNTY,459,68 Years,498,249,249,429,215,214,48,24,24,8,4,4,13,6,7
UPSHUR COUNTY,459,69 Years,491,239,252,430,210,220,41,18,23,8,5,3,12,6,6
UPSHUR COUNTY,459,70 Years,381,187,194,330,164,166,34,14,20,8,4,4,9,5,4
UPSHUR COUNTY,459,71 Years,384,189,195,347,170,177,28,14,14,5,2,3,4,3,1
UPSHUR COUNTY,459,72 Years,401,189,212,347,170,177,38,13,25,8,3,5,8,3,5
UPSHUR COUNTY,459,73 Years,382,182,200,338,165,173,31,11,20,6,3,3,7,3,4
UPSHUR COUNTY,459,74 Years,343,162,181,309,146,163,24,10,14,5,2,3,5,4,1
UPSHUR COUNTY,459,75 Years,320,146,174,282,127,155,28,13,15,4,2,2,6,4,2
UPSHUR COUNTY,459,76 Years,277,124,153,245,112,133,21,6,15,6,3,3,5,3,2
UPSHUR COUNTY,459,77 Years,274,120,154,236,103,133,23,11,12,5,1,4,10,5,5
UPSHUR COUNTY,459,78 Years,267,117,150,235,105,130,20,8,12,4,2,2,8,2,6
UPSHUR COUNTY,459,79 Years,237,118,119,210,103,107,17,7,10,5,5,0,5,3,2
UPSHUR COUNTY,459,80 Years,215,100,115,194,89,105,16,6,10,4,4,0,1,1,0
UPSHUR COUNTY,459,81 Years,204,88,116,183,80,103,14,5,9,3,2,1,4,1,3
UPSHUR COUNTY,459,82 Years,170,84,86,151,76,75,13,5,8,5,3,2,1,0,1
UPSHUR COUNTY,459,83 Years,163,69,94,148,63,85,11,4,7,3,1,2,1,1,0
UPSHUR COUNTY,459,84 Years,152,63,89,136,55,81,11,5,6,3,2,1,2,1,1
UPSHUR COUNTY,459,85 Years +,830,309,521,733,277,456,72,22,50,16,5,11,9,5,4
UPTON COUNTY,461,All Ages,3573,1810,1763,1586,805,781,50,21,29,53,25,28,1884,959,925
UPTON COUNTY,461,< 1 Year,54,27,27,9,4,5,0,0,0,0,0,0,45,23,22
UPTON COUNTY,461,1 Years,50,24,26,9,4,5,0,0,0,1,0,1,40,20,20
UPTON COUNTY,461,2 Years,48,26,22,10,5,5,0,0,0,2,1,1,36,20,16
UPTON COUNTY,461,3 Years,48,26,22,13,7,6,0,0,0,0,0,0,35,19,16
UPTON COUNTY,461,4 Years,50,29,21,13,8,5,0,0,0,0,0,0,37,21,16
UPTON COUNTY,461,5 Years,42,25,17,9,7,2,0,0,0,2,1,1,31,17,14
UPTON COUNTY,461,6 Years,42,20,22,9,4,5,0,0,0,1,1,0,32,15,17
UPTON COUNTY,461,7 Years,57,24,33,11,5,6,0,0,0,1,0,1,45,19,26
UPTON COUNTY,461,8 Years,55,28,27,13,7,6,1,0,1,2,0,2,39,21,18
UPTON COUNTY,461,9 Years,49,24,25,18,9,9,1,0,1,2,0,2,28,15,13
UPTON COUNTY,461,10 Years,46,23,23,17,9,8,1,0,1,0,0,0,28,14,14
UPTON COUNTY,461,11 Years,56,30,26,20,10,10,1,0,1,2,1,1,33,19,14
UPTON COUNTY,461,12 Years,67,38,29,26,12,14,2,0,2,2,1,1,37,25,12
UPTON COUNTY,461,13 Years,62,29,33,24,12,12,0,0,0,2,0,2,36,17,19
UPTON COUNTY,461,14 Years,55,23,32,23,10,13,0,0,0,1,0,1,31,13,18
UPTON COUNTY,461,15 Years,54,23,31,19,9,10,2,1,1,2,0,2,31,13,18
UPTON COUNTY,461,16 Years,50,26,24,23,12,11,0,0,0,2,1,1,25,13,12
UPTON COUNTY,461,17 Years,51,27,24,23,11,12,2,0,2,0,0,0,26,16,10
UPTON COUNTY,461,18 Years,58,33,25,24,12,12,1,0,1,1,1,0,32,20,12
UPTON COUNTY,461,19 Years,54,25,29,21,8,13,0,0,0,1,1,0,32,16,16
UPTON COUNTY,461,20 Years,38,19,19,17,8,9,0,0,0,0,0,0,21,11,10
UPTON COUNTY,461,21 Years,47,24,23,25,15,10,1,1,0,0,0,0,21,8,13
UPTON COUNTY,461,22 Years,42,21,21,18,9,9,0,0,0,0,0,0,24,12,12
UPTON COUNTY,461,23 Years,45,25,20,20,12,8,0,0,0,0,0,0,25,13,12
UPTON COUNTY,461,24 Years,50,29,21,19,13,6,0,0,0,2,1,1,29,15,14
UPTON COUNTY,461,25 Years,40,18,22,12,7,5,0,0,0,1,0,1,27,11,16
UPTON COUNTY,461,26 Years,41,22,19,13,7,6,0,0,0,0,0,0,28,15,13
UPTON COUNTY,461,27 Years,30,16,14,9,6,3,0,0,0,0,0,0,21,10,11
UPTON COUNTY,461,28 Years,29,12,17,8,2,6,0,0,0,2,2,0,19,8,11
UPTON COUNTY,461,29 Years,33,15,18,10,4,6,0,0,0,0,0,0,23,11,12
UPTON COUNTY,461,30 Years,38,19,19,12,7,5,0,0,0,1,0,1,25,12,13
UPTON COUNTY,461,31 Years,41,18,23,18,5,13,0,0,0,0,0,0,23,13,10
UPTON COUNTY,461,32 Years,43,27,16,13,5,8,1,1,0,0,0,0,29,21,8
UPTON COUNTY,461,33 Years,53,34,19,16,9,7,1,1,0,0,0,0,36,24,12
UPTON COUNTY,461,34 Years,53,29,24,20,11,9,1,1,0,2,1,1,30,16,14
UPTON COUNTY,461,35 Years,47,19,28,19,8,11,1,1,0,0,0,0,27,10,17
UPTON COUNTY,461,36 Years,50,21,29,23,11,12,1,0,1,0,0,0,26,10,16
UPTON COUNTY,461,37 Years,48,24,24,24,12,12,0,0,0,0,0,0,24,12,12
UPTON COUNTY,461,38 Years,54,28,26,24,11,13,0,0,0,1,1,0,29,16,13
UPTON COUNTY,461,39 Years,44,24,20,13,8,5,0,0,0,2,1,1,29,15,14
UPTON COUNTY,461,40 Years,46,23,23,16,9,7,2,0,2,1,0,1,27,14,13
UPTON COUNTY,461,41 Years,35,18,17,16,9,7,1,0,1,0,0,0,18,9,9
UPTON COUNTY,461,42 Years,29,16,13,15,8,7,0,0,0,0,0,0,14,8,6
UPTON COUNTY,461,43 Years,33,13,20,14,7,7,0,0,0,0,0,0,19,6,13
UPTON COUNTY,461,44 Years,31,14,17,15,9,6,0,0,0,0,0,0,16,5,11
UPTON COUNTY,461,45 Years,35,15,20,17,6,11,0,0,0,0,0,0,18,9,9
UPTON COUNTY,461,46 Years,34,16,18,17,7,10,0,0,0,0,0,0,17,9,8
UPTON COUNTY,461,47 Years,31,14,17,12,6,6,2,1,1,0,0,0,17,7,10
UPTON COUNTY,461,48 Years,28,12,16,11,4,7,2,1,1,0,0,0,15,7,8
UPTON COUNTY,461,49 Years,36,17,19,16,8,8,1,0,1,0,0,0,19,9,10
UPTON COUNTY,461,50 Years,42,25,17,24,14,10,1,1,0,0,0,0,17,10,7
UPTON COUNTY,461,51 Years,33,18,15,18,11,7,1,1,0,0,0,0,14,6,8
UPTON COUNTY,461,52 Years,43,20,23,24,14,10,0,0,0,1,0,1,18,6,12
UPTON COUNTY,461,53 Years,33,12,21,18,6,12,0,0,0,1,0,1,14,6,8
UPTON COUNTY,461,54 Years,35,16,19,21,8,13,1,1,0,0,0,0,13,7,6
UPTON COUNTY,461,55 Years,40,21,19,22,11,11,0,0,0,1,0,1,17,10,7
UPTON COUNTY,461,56 Years,52,26,26,27,16,11,0,0,0,0,0,0,25,10,15
UPTON COUNTY,461,57 Years,57,32,25,34,21,13,0,0,0,0,0,0,23,11,12
UPTON COUNTY,461,58 Years,64,37,27,39,23,16,1,0,1,1,1,0,23,13,10
UPTON COUNTY,461,59 Years,55,28,27,33,15,18,2,2,0,0,0,0,20,11,9
UPTON COUNTY,461,60 Years,58,32,26,36,19,17,3,2,1,0,0,0,19,11,8
UPTON COUNTY,461,61 Years,53,27,26,31,16,15,3,2,1,1,0,1,18,9,9
UPTON COUNTY,461,62 Years,52,28,24,27,14,13,0,0,0,1,0,1,24,14,10
UPTON COUNTY,461,63 Years,51,31,20,24,15,9,1,1,0,1,1,0,25,14,11
UPTON COUNTY,461,64 Years,38,18,20,21,12,9,1,1,0,0,0,0,16,5,11
UPTON COUNTY,461,65 Years,31,11,20,15,5,10,2,0,2,0,0,0,14,6,8
UPTON COUNTY,461,66 Years,36,16,20,14,7,7,1,0,1,0,0,0,21,9,12
UPTON COUNTY,461,67 Years,38,19,19,20,12,8,0,0,0,1,1,0,17,6,11
UPTON COUNTY,461,68 Years,37,21,16,22,11,11,0,0,0,1,1,0,14,9,5
UPTON COUNTY,461,69 Years,40,23,17,25,12,13,0,0,0,2,2,0,13,9,4
UPTON COUNTY,461,70 Years,28,14,14,19,9,10,1,0,1,0,0,0,8,5,3
UPTON COUNTY,461,71 Years,26,16,10,21,13,8,0,0,0,1,1,0,4,2,2
UPTON COUNTY,461,72 Years,29,18,11,17,12,5,0,0,0,0,0,0,12,6,6
UPTON COUNTY,461,73 Years,27,16,11,16,9,7,0,0,0,0,0,0,11,7,4
UPTON COUNTY,461,74 Years,28,14,14,19,9,10,0,0,0,1,1,0,8,4,4
UPTON COUNTY,461,75 Years,26,13,13,15,8,7,0,0,0,0,0,0,11,5,6
UPTON COUNTY,461,76 Years,24,13,11,17,10,7,0,0,0,0,0,0,7,3,4
UPTON COUNTY,461,77 Years,25,14,11,19,11,8,0,0,0,0,0,0,6,3,3
UPTON COUNTY,461,78 Years,24,14,10,13,6,7,0,0,0,1,1,0,10,7,3
UPTON COUNTY,461,79 Years,27,14,13,16,6,10,0,0,0,2,1,1,9,7,2
UPTON COUNTY,461,80 Years,16,7,9,12,4,8,1,0,1,0,0,0,3,3,0
UPTON COUNTY,461,81 Years,20,9,11,14,5,9,1,0,1,0,0,0,5,4,1
UPTON COUNTY,461,82 Years,21,9,12,15,6,9,0,0,0,1,1,0,5,2,3
UPTON COUNTY,461,83 Years,19,9,10,9,6,3,0,0,0,0,0,0,10,3,7
UPTON COUNTY,461,84 Years,15,6,9,7,3,4,0,0,0,0,0,0,8,3,5
UPTON COUNTY,461,85 Years +,78,31,47,46,18,28,5,2,3,0,0,0,27,11,16
UVALDE COUNTY,463,All Ages,27608,13527,14081,7297,3559,3738,118,72,46,380,183,197,19813,9713,10100
UVALDE COUNTY,463,< 1 Year,408,197,211,56,29,27,2,1,1,6,2,4,344,165,179
UVALDE COUNTY,463,1 Years,416,203,213,58,29,29,2,1,1,8,3,5,348,170,178
UVALDE COUNTY,463,2 Years,428,219,209,60,27,33,1,1,0,7,4,3,360,187,173
UVALDE COUNTY,463,3 Years,429,220,209,63,28,35,1,1,0,6,4,2,359,187,172
UVALDE COUNTY,463,4 Years,432,218,214,57,27,30,1,1,0,8,4,4,366,186,180
UVALDE COUNTY,463,5 Years,433,202,231,61,32,29,1,1,0,9,4,5,362,165,197
UVALDE COUNTY,463,6 Years,425,204,221,53,27,26,1,0,1,8,4,4,363,173,190
UVALDE COUNTY,463,7 Years,419,211,208,51,23,28,2,1,1,5,3,2,361,184,177
UVALDE COUNTY,463,8 Years,404,205,199,53,24,29,1,1,0,3,3,0,347,177,170
UVALDE COUNTY,463,9 Years,441,225,216,70,38,32,1,0,1,7,3,4,363,184,179
UVALDE COUNTY,463,10 Years,440,237,203,72,40,32,4,2,2,5,3,2,359,192,167
UVALDE COUNTY,463,11 Years,421,211,210,76,34,42,2,1,1,4,3,1,339,173,166
UVALDE COUNTY,463,12 Years,438,232,206,79,34,45,1,0,1,7,2,5,351,196,155
UVALDE COUNTY,463,13 Years,425,216,209,72,34,38,3,3,0,6,2,4,344,177,167
UVALDE COUNTY,463,14 Years,439,218,221,74,34,40,2,2,0,9,4,5,354,178,176
UVALDE COUNTY,463,15 Years,461,228,233,69,37,32,2,1,1,11,4,7,379,186,193
UVALDE COUNTY,463,16 Years,470,235,235,75,37,38,2,0,2,6,2,4,387,196,191
UVALDE COUNTY,463,17 Years,442,220,222,81,36,45,2,0,2,7,4,3,352,180,172
UVALDE COUNTY,463,18 Years,456,220,236,73,32,41,3,2,1,4,1,3,376,185,191
UVALDE COUNTY,463,19 Years,471,270,201,84,54,30,5,3,2,3,2,1,379,211,168
UVALDE COUNTY,463,20 Years,470,230,240,85,44,41,4,1,3,6,3,3,375,182,193
UVALDE COUNTY,463,21 Years,438,209,229,74,41,33,2,0,2,9,3,6,353,165,188
UVALDE COUNTY,463,22 Years,457,219,238,88,49,39,2,1,1,9,3,6,358,166,192
UVALDE COUNTY,463,23 Years,489,244,245,85,44,41,2,1,1,10,5,5,392,194,198
UVALDE COUNTY,463,24 Years,524,257,267,111,58,53,3,2,1,8,5,3,402,192,210
UVALDE COUNTY,463,25 Years,458,229,229,98,47,51,3,2,1,8,2,6,349,178,171
UVALDE COUNTY,463,26 Years,378,192,186,73,34,39,2,1,1,5,2,3,298,155,143
UVALDE COUNTY,463,27 Years,323,161,162,47,23,24,4,3,1,5,3,2,267,132,135
UVALDE COUNTY,463,28 Years,261,123,138,48,27,21,1,1,0,6,5,1,206,90,116
UVALDE COUNTY,463,29 Years,215,119,96,39,21,18,2,2,0,4,2,2,170,94,76
UVALDE COUNTY,463,30 Years,240,123,117,50,27,23,1,1,0,3,2,1,186,93,93
UVALDE COUNTY,463,31 Years,230,121,109,46,25,21,1,1,0,2,1,1,181,94,87
UVALDE COUNTY,463,32 Years,251,127,124,45,25,20,2,1,1,4,2,2,200,99,101
UVALDE COUNTY,463,33 Years,240,114,126,44,20,24,3,1,2,3,2,1,190,91,99
UVALDE COUNTY,463,34 Years,231,105,126,48,25,23,2,1,1,2,1,1,179,78,101
UVALDE COUNTY,463,35 Years,238,117,121,64,32,32,3,3,0,1,1,0,170,81,89
UVALDE COUNTY,463,36 Years,287,133,154,70,35,35,2,1,1,3,0,3,212,97,115
UVALDE COUNTY,463,37 Years,291,143,148,64,34,30,1,1,0,6,2,4,220,106,114
UVALDE COUNTY,463,38 Years,274,143,131,66,34,32,1,1,0,6,4,2,201,104,97
UVALDE COUNTY,463,39 Years,278,136,142,57,27,30,1,1,0,8,3,5,212,105,107
UVALDE COUNTY,463,40 Years,306,141,165,54,24,30,3,2,1,4,2,2,245,113,132
UVALDE COUNTY,463,41 Years,282,136,146,58,32,26,2,2,0,3,1,2,219,101,118
UVALDE COUNTY,463,42 Years,275,141,134,63,31,32,2,2,0,3,1,2,207,107,100
UVALDE COUNTY,463,43 Years,296,141,155,65,27,38,1,0,1,2,0,2,228,114,114
UVALDE COUNTY,463,44 Years,290,132,158,74,33,41,0,0,0,3,1,2,213,98,115
UVALDE COUNTY,463,45 Years,311,149,162,85,41,44,0,0,0,3,3,0,223,105,118
UVALDE COUNTY,463,46 Years,323,163,160,89,45,44,2,1,1,5,2,3,227,115,112
UVALDE COUNTY,463,47 Years,299,143,156,92,39,53,1,0,1,8,4,4,198,100,98
UVALDE COUNTY,463,48 Years,308,168,140,89,43,46,0,0,0,4,3,1,215,122,93
UVALDE COUNTY,463,49 Years,298,150,148,79,45,34,0,0,0,4,2,2,215,103,112
UVALDE COUNTY,463,50 Years,305,158,147,85,46,39,1,1,0,3,0,3,216,111,105
UVALDE COUNTY,463,51 Years,316,166,150,105,54,51,1,1,0,6,4,2,204,107,97
UVALDE COUNTY,463,52 Years,307,153,154,93,43,50,0,0,0,5,3,2,209,107,102
UVALDE COUNTY,463,53 Years,319,161,158,86,40,46,3,2,1,5,2,3,225,117,108
UVALDE COUNTY,463,54 Years,364,171,193,117,57,60,3,3,0,6,2,4,238,109,129
UVALDE COUNTY,463,55 Years,348,164,184,124,63,61,3,3,0,6,4,2,215,94,121
UVALDE COUNTY,463,56 Years,308,141,167,112,53,59,0,0,0,2,2,0,194,86,108
UVALDE COUNTY,463,57 Years,310,157,153,115,54,61,0,0,0,1,1,0,194,102,92
UVALDE COUNTY,463,58 Years,338,165,173,125,60,65,0,0,0,3,1,2,210,104,106
UVALDE COUNTY,463,59 Years,348,167,181,136,63,73,1,0,1,1,1,0,210,103,107
UVALDE COUNTY,463,60 Years,316,164,152,123,69,54,0,0,0,3,3,0,190,92,98
UVALDE COUNTY,463,61 Years,304,151,153,119,63,56,2,1,1,5,2,3,178,85,93
UVALDE COUNTY,463,62 Years,288,141,147,112,58,54,0,0,0,5,1,4,171,82,89
UVALDE COUNTY,463,63 Years,277,127,150,114,50,64,0,0,0,4,2,2,159,75,84
UVALDE COUNTY,463,64 Years,272,123,149,117,53,64,1,0,1,3,2,1,151,68,83
UVALDE COUNTY,463,65 Years,289,138,151,124,63,61,0,0,0,1,0,1,164,75,89
UVALDE COUNTY,463,66 Years,302,145,157,129,64,65,0,0,0,1,0,1,172,81,91
UVALDE COUNTY,463,67 Years,322,142,180,149,68,81,2,2,0,2,1,1,169,71,98
UVALDE COUNTY,463,68 Years,317,154,163,143,67,76,0,0,0,2,1,1,172,86,86
UVALDE COUNTY,463,69 Years,310,146,164,146,68,78,0,0,0,3,2,1,161,76,85
UVALDE COUNTY,463,70 Years,267,125,142,127,62,65,1,0,1,3,2,1,136,61,75
UVALDE COUNTY,463,71 Years,233,112,121,108,54,54,0,0,0,3,1,2,122,57,65
UVALDE COUNTY,463,72 Years,232,119,113,113,59,54,1,1,0,1,1,0,117,58,59
UVALDE COUNTY,463,73 Years,217,104,113,116,55,61,1,1,0,4,2,2,96,46,50
UVALDE COUNTY,463,74 Years,195,86,109,99,47,52,1,1,0,2,2,0,93,36,57
UVALDE COUNTY,463,75 Years,179,78,101,88,39,49,0,0,0,1,0,1,90,39,51
UVALDE COUNTY,463,76 Years,155,71,84,76,37,39,0,0,0,1,0,1,78,34,44
UVALDE COUNTY,463,77 Years,151,73,78,84,44,40,1,0,1,2,1,1,64,28,36
UVALDE COUNTY,463,78 Years,155,78,77,85,45,40,1,0,1,2,1,1,67,32,35
UVALDE COUNTY,463,79 Years,146,66,80,68,32,36,0,0,0,2,1,1,76,33,43
UVALDE COUNTY,463,80 Years,131,64,67,65,36,29,0,0,0,1,1,0,65,27,38
UVALDE COUNTY,463,81 Years,122,53,69,57,27,30,0,0,0,2,0,2,63,26,37
UVALDE COUNTY,463,82 Years,112,48,64,53,23,30,1,1,0,2,1,1,56,23,33
UVALDE COUNTY,463,83 Years,106,40,66,53,19,34,0,0,0,0,0,0,53,21,32
UVALDE COUNTY,463,84 Years,104,41,63,51,18,33,0,0,0,1,1,0,52,22,30
UVALDE COUNTY,463,85 Years +,584,235,349,293,118,175,2,0,2,10,4,6,279,113,166
VAL VERDE COUNTY,465,All Ages,47874,24160,23714,7893,4319,3574,543,313,230,678,359,319,38760,19169,19591
VAL VERDE COUNTY,465,< 1 Year,867,441,426,117,63,54,4,2,2,15,10,5,731,366,365
VAL VERDE COUNTY,465,1 Years,859,432,427,121,63,58,5,3,2,18,12,6,715,354,361
VAL VERDE COUNTY,465,2 Years,857,438,419,124,66,58,3,1,2,22,14,8,708,357,351
VAL VERDE COUNTY,465,3 Years,841,436,405,130,70,60,5,3,2,17,13,4,689,350,339
VAL VERDE COUNTY,465,4 Years,840,435,405,128,69,59,4,2,2,19,13,6,689,351,338
VAL VERDE COUNTY,465,5 Years,837,426,411,131,68,63,4,2,2,15,10,5,687,346,341
VAL VERDE COUNTY,465,6 Years,729,374,355,109,57,52,4,3,1,15,9,6,601,305,296
VAL VERDE COUNTY,465,7 Years,761,392,369,101,55,46,9,4,5,17,11,6,634,322,312
VAL VERDE COUNTY,465,8 Years,759,396,363,97,50,47,8,3,5,15,10,5,639,333,306
VAL VERDE COUNTY,465,9 Years,707,348,359,85,42,43,4,3,1,15,9,6,603,294,309
VAL VERDE COUNTY,465,10 Years,752,366,386,84,42,42,7,4,3,15,8,7,646,312,334
VAL VERDE COUNTY,465,11 Years,795,408,387,86,46,40,7,4,3,15,8,7,687,350,337
VAL VERDE COUNTY,465,12 Years,763,410,353,76,40,36,8,3,5,14,8,6,665,359,306
VAL VERDE COUNTY,465,13 Years,727,383,344,74,38,36,7,1,6,12,5,7,634,339,295
VAL VERDE COUNTY,465,14 Years,757,393,364,71,37,34,12,6,6,8,2,6,666,348,318
VAL VERDE COUNTY,465,15 Years,728,373,355,68,36,32,6,3,3,7,3,4,647,331,316
VAL VERDE COUNTY,465,16 Years,759,401,358,55,27,28,4,1,3,8,3,5,692,370,322
VAL VERDE COUNTY,465,17 Years,775,408,367,72,40,32,5,2,3,9,6,3,689,360,329
VAL VERDE COUNTY,465,18 Years,767,401,366,68,37,31,5,4,1,9,7,2,685,353,332
VAL VERDE COUNTY,465,19 Years,704,385,319,59,28,31,6,3,3,6,4,2,633,350,283
VAL VERDE COUNTY,465,20 Years,708,380,328,64,35,29,8,4,4,5,3,2,631,338,293
VAL VERDE COUNTY,465,21 Years,676,345,331,61,31,30,9,5,4,4,2,2,602,307,295
VAL VERDE COUNTY,465,22 Years,690,340,350,71,39,32,11,6,5,5,2,3,603,293,310
VAL VERDE COUNTY,465,23 Years,704,359,345,95,63,32,9,6,3,6,4,2,594,286,308
VAL VERDE COUNTY,465,24 Years,724,406,318,97,61,36,7,5,2,10,7,3,610,333,277
VAL VERDE COUNTY,465,25 Years,617,333,284,96,54,42,9,6,3,4,2,2,508,271,237
VAL VERDE COUNTY,465,26 Years,581,308,273,95,53,42,14,8,6,4,1,3,468,246,222
VAL VERDE COUNTY,465,27 Years,522,280,242,88,50,38,16,11,5,9,3,6,409,216,193
VAL VERDE COUNTY,465,28 Years,574,307,267,129,78,51,14,8,6,13,6,7,418,215,203
VAL VERDE COUNTY,465,29 Years,632,367,265,193,134,59,14,9,5,19,14,5,406,210,196
VAL VERDE COUNTY,465,30 Years,697,407,290,205,146,59,15,11,4,14,9,5,463,241,222
VAL VERDE COUNTY,465,31 Years,619,347,272,164,111,53,13,8,5,10,6,4,432,222,210
VAL VERDE COUNTY,465,32 Years,573,294,279,128,71,57,10,6,4,10,6,4,425,211,214
VAL VERDE COUNTY,465,33 Years,545,292,253,125,70,55,12,8,4,8,3,5,400,211,189
VAL VERDE COUNTY,465,34 Years,595,306,289,115,66,49,6,4,2,15,9,6,459,227,232
VAL VERDE COUNTY,465,35 Years,597,306,291,99,58,41,9,4,5,14,9,5,475,235,240
VAL VERDE COUNTY,465,36 Years,587,306,281,103,57,46,11,6,5,10,6,4,463,237,226
VAL VERDE COUNTY,465,37 Years,538,290,248,100,60,40,9,5,4,5,3,2,424,222,202
VAL VERDE COUNTY,465,38 Years,547,295,252,87,55,32,6,3,3,9,1,8,445,236,209
VAL VERDE COUNTY,465,39 Years,530,271,259,83,50,33,6,2,4,11,3,8,430,216,214
VAL VERDE COUNTY,465,40 Years,534,266,268,73,36,37,6,3,3,6,3,3,449,224,225
VAL VERDE COUNTY,465,41 Years,571,280,291,77,35,42,5,2,3,8,4,4,481,239,242
VAL VERDE COUNTY,465,42 Years,599,288,311,78,39,39,6,3,3,7,3,4,508,243,265
VAL VERDE COUNTY,465,43 Years,603,290,313,73,37,36,4,3,1,11,3,8,515,247,268
VAL VERDE COUNTY,465,44 Years,584,272,312,86,43,43,6,3,3,7,1,6,485,225,260
VAL VERDE COUNTY,465,45 Years,551,266,285,83,46,37,6,3,3,5,2,3,457,215,242
VAL VERDE COUNTY,465,46 Years,568,285,283,86,52,34,5,3,2,6,4,2,471,226,245
VAL VERDE COUNTY,465,47 Years,572,288,284,92,50,42,6,3,3,6,3,3,468,232,236
VAL VERDE COUNTY,465,48 Years,565,280,285,86,40,46,6,4,2,9,4,5,464,232,232
VAL VERDE COUNTY,465,49 Years,550,273,277,103,53,50,5,4,1,7,3,4,435,213,222
VAL VERDE COUNTY,465,50 Years,563,290,273,98,56,42,9,5,4,3,2,1,453,227,226
VAL VERDE COUNTY,465,51 Years,566,278,288,94,50,44,5,1,4,2,1,1,465,226,239
VAL VERDE COUNTY,465,52 Years,543,278,265,86,51,35,5,4,1,4,1,3,448,222,226
VAL VERDE COUNTY,465,53 Years,558,271,287,95,51,44,7,4,3,7,2,5,449,214,235
VAL VERDE COUNTY,465,54 Years,529,257,272,86,45,41,6,5,1,7,2,5,430,205,225
VAL VERDE COUNTY,465,55 Years,519,258,261,90,50,40,7,3,4,5,3,2,417,202,215
VAL VERDE COUNTY,465,56 Years,514,243,271,108,53,55,8,5,3,4,3,1,394,182,212
VAL VERDE COUNTY,465,57 Years,496,238,258,99,55,44,5,5,0,5,2,3,387,176,211
VAL VERDE COUNTY,465,58 Years,498,252,246,104,55,49,8,5,3,7,3,4,379,189,190
VAL VERDE COUNTY,465,59 Years,480,257,223,103,58,45,8,5,3,4,2,2,365,192,173
VAL VERDE COUNTY,465,60 Years,480,229,251,106,55,51,8,4,4,3,2,1,363,168,195
VAL VERDE COUNTY,465,61 Years,448,206,242,80,45,35,10,6,4,7,2,5,351,153,198
VAL VERDE COUNTY,465,62 Years,448,194,254,94,45,49,6,4,2,4,1,3,344,144,200
VAL VERDE COUNTY,465,63 Years,466,207,259,101,51,50,3,3,0,6,2,4,356,151,205
VAL VERDE COUNTY,465,64 Years,438,205,233,103,54,49,3,2,1,5,2,3,327,147,180
VAL VERDE COUNTY,465,65 Years,448,202,246,103,55,48,4,1,3,7,2,5,334,144,190
VAL VERDE COUNTY,465,66 Years,412,187,225,90,47,43,4,3,1,4,1,3,314,136,178
VAL VERDE COUNTY,465,67 Years,429,197,232,86,47,39,7,4,3,4,2,2,332,144,188
VAL VERDE COUNTY,465,68 Years,450,202,248,86,46,40,7,4,3,6,3,3,351,149,202
VAL VERDE COUNTY,465,69 Years,408,205,203,104,58,46,4,4,0,2,1,1,298,142,156
VAL VERDE COUNTY,465,70 Years,381,193,188,90,53,37,3,3,0,5,3,2,283,134,149
VAL VERDE COUNTY,465,71 Years,359,176,183,89,45,44,1,0,1,5,3,2,264,128,136
VAL VERDE COUNTY,465,72 Years,364,174,190,97,47,50,3,3,0,4,2,2,260,122,138
VAL VERDE COUNTY,465,73 Years,301,149,152,69,37,32,2,1,1,4,3,1,226,108,118
VAL VERDE COUNTY,465,74 Years,281,136,145,59,34,25,5,2,3,1,1,0,216,99,117
VAL VERDE COUNTY,465,75 Years,282,134,148,65,30,35,3,2,1,2,0,2,212,102,110
VAL VERDE COUNTY,465,76 Years,267,116,151,66,28,38,2,1,1,1,0,1,198,87,111
VAL VERDE COUNTY,465,77 Years,250,109,141,58,25,33,3,2,1,5,2,3,184,80,104
VAL VERDE COUNTY,465,78 Years,248,118,130,69,34,35,2,1,1,3,2,1,174,81,93
VAL VERDE COUNTY,465,79 Years,228,104,124,56,31,25,2,1,1,3,2,1,167,70,97
VAL VERDE COUNTY,465,80 Years,217,98,119,45,26,19,5,3,2,4,2,2,163,67,96
VAL VERDE COUNTY,465,81 Years,176,81,95,45,26,19,2,2,0,3,1,2,126,52,74
VAL VERDE COUNTY,465,82 Years,169,73,96,40,20,20,0,0,0,4,2,2,125,51,74
VAL VERDE COUNTY,465,83 Years,161,73,88,38,21,17,1,1,0,2,1,1,120,50,70
VAL VERDE COUNTY,465,84 Years,150,69,81,34,16,18,0,0,0,1,1,0,115,52,63
VAL VERDE COUNTY,465,85 Years +,810,328,482,166,72,94,5,1,4,7,1,6,632,254,378
VAN ZANDT COUNTY,467,All Ages,54550,26880,27670,45583,22276,23307,1487,759,728,1615,762,853,5865,3083,2782
VAN ZANDT COUNTY,467,< 1 Year,618,319,299,478,251,227,18,9,9,32,12,20,90,47,43
VAN ZANDT COUNTY,467,1 Years,598,309,289,457,238,219,17,10,7,35,12,23,89,49,40
VAN ZANDT COUNTY,467,2 Years,584,300,284,439,226,213,17,10,7,42,20,22,86,44,42
VAN ZANDT COUNTY,467,3 Years,580,304,276,437,234,203,17,9,8,43,20,23,83,41,42
VAN ZANDT COUNTY,467,4 Years,576,302,274,435,233,202,14,7,7,41,21,20,86,41,45
VAN ZANDT COUNTY,467,5 Years,597,309,288,436,234,202,15,9,6,48,21,27,98,45,53
VAN ZANDT COUNTY,467,6 Years,640,326,314,480,258,222,16,6,10,36,17,19,108,45,63
VAN ZANDT COUNTY,467,7 Years,640,323,317,470,244,226,14,5,9,34,15,19,122,59,63
VAN ZANDT COUNTY,467,8 Years,666,324,342,481,237,244,20,11,9,28,11,17,137,65,72
VAN ZANDT COUNTY,467,9 Years,657,319,338,492,233,259,18,10,8,26,12,14,121,64,57
VAN ZANDT COUNTY,467,10 Years,684,351,333,501,254,247,17,9,8,33,18,15,133,70,63
VAN ZANDT COUNTY,467,11 Years,700,345,355,511,251,260,20,11,9,38,20,18,131,63,68
VAN ZANDT COUNTY,467,12 Years,717,357,360,530,265,265,25,15,10,33,15,18,129,62,67
VAN ZANDT COUNTY,467,13 Years,743,387,356,548,296,252,23,14,9,28,11,17,144,66,78
VAN ZANDT COUNTY,467,14 Years,737,380,357,548,290,258,21,10,11,29,14,15,139,66,73
VAN ZANDT COUNTY,467,15 Years,792,384,408,586,288,298,24,12,12,37,13,24,145,71,74
VAN ZANDT COUNTY,467,16 Years,821,393,428,618,300,318,20,10,10,35,15,20,148,68,80
VAN ZANDT COUNTY,467,17 Years,811,412,399,626,323,303,17,8,9,33,13,20,135,68,67
VAN ZANDT COUNTY,467,18 Years,774,395,379,588,304,284,20,12,8,32,12,20,134,67,67
VAN ZANDT COUNTY,467,19 Years,694,366,328,523,274,249,20,14,6,23,11,12,128,67,61
VAN ZANDT COUNTY,467,20 Years,661,337,324,500,251,249,28,14,14,24,14,10,109,58,51
VAN ZANDT COUNTY,467,21 Years,665,349,316,506,266,240,21,7,14,27,18,9,111,58,53
VAN ZANDT COUNTY,467,22 Years,665,343,322,500,254,246,21,11,10,18,10,8,126,68,58
VAN ZANDT COUNTY,467,23 Years,680,351,329,495,251,244,33,20,13,22,15,7,130,65,65
VAN ZANDT COUNTY,467,24 Years,668,335,333,502,255,247,28,13,15,23,12,11,115,55,60
VAN ZANDT COUNTY,467,25 Years,625,319,306,471,243,228,23,8,15,14,7,7,117,61,56
VAN ZANDT COUNTY,467,26 Years,542,265,277,407,195,212,18,9,9,13,7,6,104,54,50
VAN ZANDT COUNTY,467,27 Years,516,258,258,397,196,201,15,10,5,9,4,5,95,48,47
VAN ZANDT COUNTY,467,28 Years,479,257,222,373,201,172,8,4,4,8,4,4,90,48,42
VAN ZANDT COUNTY,467,29 Years,446,227,219,351,173,178,10,5,5,7,4,3,78,45,33
VAN ZANDT COUNTY,467,30 Years,446,236,210,346,179,167,13,6,7,12,8,4,75,43,32
VAN ZANDT COUNTY,467,31 Years,452,233,219,357,177,180,15,9,6,11,5,6,69,42,27
VAN ZANDT COUNTY,467,32 Years,446,236,210,359,184,175,17,8,9,10,5,5,60,39,21
VAN ZANDT COUNTY,467,33 Years,516,266,250,408,201,207,17,11,6,14,7,7,77,47,30
VAN ZANDT COUNTY,467,34 Years,527,263,264,419,204,215,18,11,7,13,6,7,77,42,35
VAN ZANDT COUNTY,467,35 Years,540,273,267,455,227,228,9,7,2,12,5,7,64,34,30
VAN ZANDT COUNTY,467,36 Years,542,280,262,446,230,216,11,6,5,11,3,8,74,41,33
VAN ZANDT COUNTY,467,37 Years,549,289,260,443,229,214,11,6,5,12,5,7,83,49,34
VAN ZANDT COUNTY,467,38 Years,581,292,289,463,235,228,16,9,7,24,11,13,78,37,41
VAN ZANDT COUNTY,467,39 Years,591,290,301,483,231,252,15,10,5,23,11,12,70,38,32
VAN ZANDT COUNTY,467,40 Years,607,323,284,496,252,244,21,14,7,13,10,3,77,47,30
VAN ZANDT COUNTY,467,41 Years,591,308,283,490,252,238,17,9,8,12,8,4,72,39,33
VAN ZANDT COUNTY,467,42 Years,589,295,294,486,241,245,18,10,8,18,11,7,67,33,34
VAN ZANDT COUNTY,467,43 Years,636,302,334,534,250,284,16,8,8,20,7,13,66,37,29
VAN ZANDT COUNTY,467,44 Years,671,316,355,571,268,303,13,10,3,21,5,16,66,33,33
VAN ZANDT COUNTY,467,45 Years,697,328,369,591,277,314,21,10,11,15,4,11,70,37,33
VAN ZANDT COUNTY,467,46 Years,722,334,388,610,274,336,21,10,11,12,5,7,79,45,34
VAN ZANDT COUNTY,467,47 Years,691,325,366,598,267,331,11,7,4,12,6,6,70,45,25
VAN ZANDT COUNTY,467,48 Years,655,302,353,568,255,313,11,5,6,17,10,7,59,32,27
VAN ZANDT COUNTY,467,49 Years,656,320,336,568,275,293,12,5,7,17,10,7,59,30,29
VAN ZANDT COUNTY,467,50 Years,688,331,357,598,288,310,15,7,8,17,6,11,58,30,28
VAN ZANDT COUNTY,467,51 Years,771,378,393,675,324,351,24,15,9,18,8,10,54,31,23
VAN ZANDT COUNTY,467,52 Years,779,387,392,669,330,339,28,14,14,22,10,12,60,33,27
VAN ZANDT COUNTY,467,53 Years,826,411,415,729,361,368,27,11,16,21,10,11,49,29,20
VAN ZANDT COUNTY,467,54 Years,776,382,394,696,343,353,25,10,15,18,9,9,37,20,17
VAN ZANDT COUNTY,467,55 Years,775,392,383,691,346,345,23,14,9,15,7,8,46,25,21
VAN ZANDT COUNTY,467,56 Years,836,432,404,743,378,365,27,16,11,17,9,8,49,29,20
VAN ZANDT COUNTY,467,57 Years,828,418,410,734,369,365,22,11,11,23,9,14,49,29,20
VAN ZANDT COUNTY,467,58 Years,798,383,415,710,339,371,23,12,11,18,6,12,47,26,21
VAN ZANDT COUNTY,467,59 Years,823,394,429,733,347,386,20,11,9,20,12,8,50,24,26
VAN ZANDT COUNTY,467,60 Years,807,382,425,720,332,388,22,12,10,20,12,8,45,26,19
VAN ZANDT COUNTY,467,61 Years,778,379,399,703,337,366,23,13,10,14,5,9,38,24,14
VAN ZANDT COUNTY,467,62 Years,769,383,386,691,343,348,26,11,15,13,5,8,39,24,15
VAN ZANDT COUNTY,467,63 Years,767,365,402,697,329,368,21,8,13,13,5,8,36,23,13
VAN ZANDT COUNTY,467,64 Years,729,341,388,667,311,356,18,6,12,14,8,6,30,16,14
VAN ZANDT COUNTY,467,65 Years,746,345,401,686,314,372,19,9,10,12,6,6,29,16,13
VAN ZANDT COUNTY,467,66 Years,746,349,397,692,319,373,16,9,7,15,7,8,23,14,9
VAN ZANDT COUNTY,467,67 Years,742,358,384,688,329,359,22,11,11,12,7,5,20,11,9
VAN ZANDT COUNTY,467,68 Years,800,377,423,738,346,392,21,9,12,12,6,6,29,16,13
VAN ZANDT COUNTY,467,69 Years,798,391,407,737,354,383,18,8,10,15,9,6,28,20,8
VAN ZANDT COUNTY,467,70 Years,648,318,330,603,294,309,12,6,6,12,5,7,21,13,8
VAN ZANDT COUNTY,467,71 Years,598,296,302,554,273,281,11,8,3,9,2,7,24,13,11
VAN ZANDT COUNTY,467,72 Years,613,303,310,577,282,295,9,4,5,11,6,5,16,11,5
VAN ZANDT COUNTY,467,73 Years,583,287,296,549,268,281,9,5,4,15,8,7,10,6,4
VAN ZANDT COUNTY,467,74 Years,534,242,292,505,228,277,10,5,5,12,7,5,7,2,5
VAN ZANDT COUNTY,467,75 Years,526,238,288,493,221,272,12,5,7,9,6,3,12,6,6
VAN ZANDT COUNTY,467,76 Years,469,225,244,436,205,231,9,5,4,11,8,3,13,7,6
VAN ZANDT COUNTY,467,77 Years,428,206,222,404,194,210,6,4,2,9,5,4,9,3,6
VAN ZANDT COUNTY,467,78 Years,409,195,214,385,181,204,6,4,2,7,4,3,11,6,5
VAN ZANDT COUNTY,467,79 Years,378,177,201,357,168,189,6,2,4,6,2,4,9,5,4
VAN ZANDT COUNTY,467,80 Years,359,181,178,340,173,167,8,3,5,5,1,4,6,4,2
VAN ZANDT COUNTY,467,81 Years,325,164,161,307,157,150,8,1,7,4,1,3,6,5,1
VAN ZANDT COUNTY,467,82 Years,283,126,157,264,120,144,11,3,8,3,1,2,5,2,3
VAN ZANDT COUNTY,467,83 Years,217,94,123,199,87,112,9,2,7,4,2,2,5,3,2
VAN ZANDT COUNTY,467,84 Years,222,95,127,207,89,118,10,4,6,3,1,2,2,1,1
VAN ZANDT COUNTY,467,85 Years +,1095,398,697,1029,371,658,30,8,22,16,7,9,20,12,8
VICTORIA COUNTY,469,All Ages,92313,45219,47094,40416,19587,20829,5557,2676,2881,2748,1341,1407,43592,21615,21977
VICTORIA COUNTY,469,< 1 Year,1337,686,651,431,223,208,63,33,30,89,44,45,754,386,368
VICTORIA COUNTY,469,1 Years,1340,692,648,431,217,214,59,31,28,90,47,43,760,397,363
VICTORIA COUNTY,469,2 Years,1361,701,660,442,222,220,63,32,31,98,51,47,758,396,362
VICTORIA COUNTY,469,3 Years,1336,683,653,444,222,222,62,30,32,95,49,46,735,382,353
VICTORIA COUNTY,469,4 Years,1333,660,673,428,213,215,64,31,33,86,41,45,755,375,380
VICTORIA COUNTY,469,5 Years,1353,684,669,420,210,210,63,31,32,73,36,37,797,407,390
VICTORIA COUNTY,469,6 Years,1322,674,648,379,188,191,59,31,28,61,29,32,823,426,397
VICTORIA COUNTY,469,7 Years,1346,709,637,372,203,169,64,35,29,58,25,33,852,446,406
VICTORIA COUNTY,469,8 Years,1397,745,652,358,193,165,76,40,36,50,24,26,913,488,425
VICTORIA COUNTY,469,9 Years,1374,719,655,368,185,183,74,39,35,49,23,26,883,472,411
VICTORIA COUNTY,469,10 Years,1345,688,657,361,174,187,88,41,47,49,26,23,847,447,400
VICTORIA COUNTY,469,11 Years,1323,682,641,398,203,195,78,36,42,46,24,22,801,419,382
VICTORIA COUNTY,469,12 Years,1299,648,651,391,197,194,90,41,49,53,25,28,765,385,380
VICTORIA COUNTY,469,13 Years,1308,663,645,382,200,182,87,43,44,61,29,32,778,391,387
VICTORIA COUNTY,469,14 Years,1294,658,636,407,210,197,88,45,43,53,29,24,746,374,372
VICTORIA COUNTY,469,15 Years,1307,640,667,429,215,214,87,42,45,46,21,25,745,362,383
VICTORIA COUNTY,469,16 Years,1329,683,646,439,228,211,87,46,41,42,19,23,761,390,371
VICTORIA COUNTY,469,17 Years,1322,678,644,456,245,211,88,38,50,35,19,16,743,376,367
VICTORIA COUNTY,469,18 Years,1299,640,659,427,212,215,99,39,60,54,24,30,719,365,354
VICTORIA COUNTY,469,19 Years,1289,660,629,428,219,209,94,45,49,51,25,26,716,371,345
VICTORIA COUNTY,469,20 Years,1228,626,602,405,210,195,99,60,39,50,22,28,674,334,340
VICTORIA COUNTY,469,21 Years,1242,603,639,419,197,222,89,47,42,52,23,29,682,336,346
VICTORIA COUNTY,469,22 Years,1290,646,644,455,215,240,92,44,48,56,29,27,687,358,329
VICTORIA COUNTY,469,23 Years,1367,686,681,512,254,258,93,42,51,49,24,25,713,366,347
VICTORIA COUNTY,469,24 Years,1344,685,659,554,291,263,75,30,45,43,25,18,672,339,333
VICTORIA COUNTY,469,25 Years,1281,642,639,521,259,262,79,29,50,42,22,20,639,332,307
VICTORIA COUNTY,469,26 Years,1275,621,654,477,203,274,88,41,47,36,20,16,674,357,317
VICTORIA COUNTY,469,27 Years,1230,652,578,463,251,212,84,43,41,35,20,15,648,338,310
VICTORIA COUNTY,469,28 Years,1185,583,602,458,226,232,102,43,59,31,17,14,594,297,297
VICTORIA COUNTY,469,29 Years,1118,572,546,409,214,195,92,49,43,27,13,14,590,296,294
VICTORIA COUNTY,469,30 Years,1179,568,611,460,223,237,99,45,54,31,13,18,589,287,302
VICTORIA COUNTY,469,31 Years,1133,514,619,484,221,263,75,36,39,30,12,18,544,245,299
VICTORIA COUNTY,469,32 Years,1132,537,595,476,221,255,90,38,52,23,8,15,543,270,273
VICTORIA COUNTY,469,33 Years,1189,598,591,493,256,237,61,26,35,25,14,11,610,302,308
VICTORIA COUNTY,469,34 Years,1194,597,597,494,257,237,60,27,33,35,21,14,605,292,313
VICTORIA COUNTY,469,35 Years,1218,582,636,531,253,278,74,37,37,22,13,9,591,279,312
VICTORIA COUNTY,469,36 Years,1199,606,593,497,254,243,79,41,38,28,16,12,595,295,300
VICTORIA COUNTY,469,37 Years,1080,542,538,448,217,231,88,47,41,27,18,9,517,260,257
VICTORIA COUNTY,469,38 Years,983,486,497,399,193,206,68,38,30,22,10,12,494,245,249
VICTORIA COUNTY,469,39 Years,993,517,476,369,202,167,62,38,24,37,16,21,525,261,264
VICTORIA COUNTY,469,40 Years,1034,520,514,401,211,190,73,48,25,31,14,17,529,247,282
VICTORIA COUNTY,469,41 Years,1010,499,511,421,215,206,67,40,27,24,7,17,498,237,261
VICTORIA COUNTY,469,42 Years,1011,482,529,443,219,224,53,27,26,33,12,21,482,224,258
VICTORIA COUNTY,469,43 Years,1026,498,528,466,229,237,52,31,21,18,7,11,490,231,259
VICTORIA COUNTY,469,44 Years,1050,523,527,463,227,236,56,33,23,26,9,17,505,254,251
VICTORIA COUNTY,469,45 Years,1011,492,519,449,214,235,58,33,25,18,6,12,486,239,247
VICTORIA COUNTY,469,46 Years,1041,510,531,487,237,250,56,32,24,10,4,6,488,237,251
VICTORIA COUNTY,469,47 Years,966,460,506,441,214,227,55,27,28,12,5,7,458,214,244
VICTORIA COUNTY,469,48 Years,930,433,497,419,202,217,55,26,29,15,6,9,441,199,242
VICTORIA COUNTY,469,49 Years,955,451,504,457,210,247,50,28,22,14,7,7,434,206,228
VICTORIA COUNTY,469,50 Years,1036,519,517,509,254,255,61,38,23,15,6,9,451,221,230
VICTORIA COUNTY,469,51 Years,1119,530,589,555,265,290,78,38,40,19,7,12,467,220,247
VICTORIA COUNTY,469,52 Years,1196,582,614,602,288,314,75,34,41,28,14,14,491,246,245
VICTORIA COUNTY,469,53 Years,1212,579,633,625,284,341,74,32,42,31,18,13,482,245,237
VICTORIA COUNTY,469,54 Years,1237,570,667,653,290,363,78,34,44,30,15,15,476,231,245
VICTORIA COUNTY,469,55 Years,1239,612,627,675,332,343,66,30,36,21,13,8,477,237,240
VICTORIA COUNTY,469,56 Years,1223,609,614,677,348,329,69,33,36,14,8,6,463,220,243
VICTORIA COUNTY,469,57 Years,1234,609,625,693,343,350,70,32,38,19,9,10,452,225,227
VICTORIA COUNTY,469,58 Years,1261,620,641,703,338,365,63,33,30,26,11,15,469,238,231
VICTORIA COUNTY,469,59 Years,1203,605,598,646,312,334,65,36,29,30,14,16,462,243,219
VICTORIA COUNTY,469,60 Years,1166,576,590,659,317,342,72,32,40,21,13,8,414,214,200
VICTORIA COUNTY,469,61 Years,1217,587,630,684,332,352,81,33,48,30,18,12,422,204,218
VICTORIA COUNTY,469,62 Years,1133,534,599,646,310,336,76,34,42,30,16,14,381,174,207
VICTORIA COUNTY,469,63 Years,1061,512,549,600,294,306,76,39,37,22,11,11,363,168,195
VICTORIA COUNTY,469,64 Years,1038,482,556,593,278,315,68,31,37,18,8,10,359,165,194
VICTORIA COUNTY,469,65 Years,990,488,502,561,278,283,61,24,37,22,10,12,346,176,170
VICTORIA COUNTY,469,66 Years,981,464,517,560,270,290,54,20,34,21,10,11,346,164,182
VICTORIA COUNTY,469,67 Years,953,447,506,551,254,297,58,24,34,19,8,11,325,161,164
VICTORIA COUNTY,469,68 Years,927,436,491,549,260,289,57,24,33,19,9,10,302,143,159
VICTORIA COUNTY,469,69 Years,904,415,489,544,255,289,46,19,27,20,10,10,294,131,163
VICTORIA COUNTY,469,70 Years,810,396,414,457,231,226,43,22,21,15,7,8,295,136,159
VICTORIA COUNTY,469,71 Years,722,345,377,416,203,213,36,17,19,14,6,8,256,119,137
VICTORIA COUNTY,469,72 Years,687,301,386,444,195,249,32,13,19,11,6,5,200,87,113
VICTORIA COUNTY,469,73 Years,651,308,343,421,208,213,33,15,18,8,3,5,189,82,107
VICTORIA COUNTY,469,74 Years,616,274,342,414,185,229,31,14,17,7,4,3,164,71,93
VICTORIA COUNTY,469,75 Years,560,246,314,375,169,206,24,11,13,8,5,3,153,61,92
VICTORIA COUNTY,469,76 Years,519,220,299,339,146,193,24,10,14,12,6,6,144,58,86
VICTORIA COUNTY,469,77 Years,499,215,284,312,137,175,25,9,16,11,6,5,151,63,88
VICTORIA COUNTY,469,78 Years,464,216,248,291,136,155,22,9,13,10,6,4,141,65,76
VICTORIA COUNTY,469,79 Years,429,180,249,276,119,157,18,8,10,7,2,5,128,51,77
VICTORIA COUNTY,469,80 Years,395,175,220,255,118,137,17,7,10,4,1,3,119,49,70
VICTORIA COUNTY,469,81 Years,408,180,228,270,111,159,15,6,9,6,2,4,117,61,56
VICTORIA COUNTY,469,82 Years,350,144,206,226,92,134,16,6,10,8,3,5,100,43,57
VICTORIA COUNTY,469,83 Years,339,141,198,228,97,131,14,5,9,4,3,1,93,36,57
VICTORIA COUNTY,469,84 Years,331,137,194,235,100,135,12,5,7,4,1,3,80,31,49
VICTORIA COUNTY,469,85 Years +,1695,641,1054,1210,464,746,90,24,66,23,9,14,372,144,228
WALKER COUNTY,471,All Ages,71877,42133,29744,40649,22806,17843,15861,10181,5680,2314,1174,1140,13053,7972,5081
WALKER COUNTY,471,< 1 Year,760,395,365,310,160,150,183,97,86,48,21,27,219,117,102
WALKER COUNTY,471,1 Years,784,399,385,329,168,161,186,97,89,56,27,29,213,107,106
WALKER COUNTY,471,2 Years,779,393,386,339,177,162,172,85,87,61,29,32,207,102,105
WALKER COUNTY,471,3 Years,753,386,367,327,172,155,156,78,78,61,30,31,209,106,103
WALKER COUNTY,471,4 Years,731,372,359,321,168,153,146,75,71,61,31,30,203,98,105
WALKER COUNTY,471,5 Years,719,371,348,325,170,155,145,79,66,52,25,27,197,97,100
WALKER COUNTY,471,6 Years,825,437,388,367,189,178,177,87,90,59,30,29,222,131,91
WALKER COUNTY,471,7 Years,693,369,324,319,172,147,151,74,77,46,22,24,177,101,76
WALKER COUNTY,471,8 Years,662,342,320,306,160,146,129,63,66,54,31,23,173,88,85
WALKER COUNTY,471,9 Years,671,339,332,299,151,148,149,79,70,57,34,23,166,75,91
WALKER COUNTY,471,10 Years,669,355,314,290,159,131,149,73,76,61,35,26,169,88,81
WALKER COUNTY,471,11 Years,644,330,314,286,147,139,125,54,71,44,25,19,189,104,85
WALKER COUNTY,471,12 Years,602,302,300,263,128,135,125,57,68,33,19,14,181,98,83
WALKER COUNTY,471,13 Years,646,331,315,316,161,155,131,64,67,31,18,13,168,88,80
WALKER COUNTY,471,14 Years,600,311,289,292,145,147,108,56,52,38,21,17,162,89,73
WALKER COUNTY,471,15 Years,622,322,300,302,145,157,131,71,60,31,18,13,158,88,70
WALKER COUNTY,471,16 Years,623,320,303,283,135,148,145,87,58,27,11,16,168,87,81
WALKER COUNTY,471,17 Years,687,363,324,315,156,159,181,112,69,33,13,20,158,82,76
WALKER COUNTY,471,18 Years,1208,577,631,600,284,316,309,142,167,34,16,18,265,135,130
WALKER COUNTY,471,19 Years,2029,928,1101,1102,515,587,426,189,237,59,21,38,442,203,239
WALKER COUNTY,471,20 Years,2022,968,1054,1155,541,614,406,209,197,66,28,38,395,190,205
WALKER COUNTY,471,21 Years,2239,1219,1020,1298,696,602,423,209,214,73,44,29,445,270,175
WALKER COUNTY,471,22 Years,2206,1331,875,1323,787,536,407,227,180,67,35,32,409,282,127
WALKER COUNTY,471,23 Years,1774,1080,694,980,591,389,308,179,129,57,28,29,429,282,147
WALKER COUNTY,471,24 Years,1549,908,641,794,463,331,351,200,151,67,32,35,337,213,124
WALKER COUNTY,471,25 Years,1382,763,619,725,399,326,308,177,131,63,28,35,286,159,127
WALKER COUNTY,471,26 Years,1369,789,580,748,438,310,308,190,118,56,31,25,257,130,127
WALKER COUNTY,471,27 Years,1305,769,536,655,380,275,301,190,111,50,28,22,299,171,128
WALKER COUNTY,471,28 Years,1225,737,488,596,345,251,290,183,107,58,34,24,281,175,106
WALKER COUNTY,471,29 Years,1150,710,440,562,310,252,312,217,95,37,21,16,239,162,77
WALKER COUNTY,471,30 Years,1058,684,374,540,303,237,252,190,62,42,25,17,224,166,58
WALKER COUNTY,471,31 Years,972,632,340,492,286,206,226,163,63,22,14,8,232,169,63
WALKER COUNTY,471,32 Years,913,635,278,420,267,153,237,179,58,30,19,11,226,170,56
WALKER COUNTY,471,33 Years,851,578,273,421,244,177,231,181,50,26,17,9,173,136,37
WALKER COUNTY,471,34 Years,925,636,289,445,262,183,231,191,40,15,9,6,234,174,60
WALKER COUNTY,471,35 Years,903,622,281,409,245,164,280,227,53,21,9,12,193,141,52
WALKER COUNTY,471,36 Years,869,593,276,409,248,161,244,201,43,23,10,13,193,134,59
WALKER COUNTY,471,37 Years,856,600,256,429,287,142,252,186,66,16,6,10,159,121,38
WALKER COUNTY,471,38 Years,792,563,229,367,232,135,242,191,51,15,10,5,168,130,38
WALKER COUNTY,471,39 Years,901,625,276,394,245,149,269,215,54,15,8,7,223,157,66
WALKER COUNTY,471,40 Years,912,660,252,430,286,144,261,213,48,23,11,12,198,150,48
WALKER COUNTY,471,41 Years,881,625,256,440,294,146,255,198,57,28,13,15,158,120,38
WALKER COUNTY,471,42 Years,885,654,231,443,318,125,248,193,55,22,10,12,172,133,39
WALKER COUNTY,471,43 Years,905,660,245,460,324,136,254,204,50,14,7,7,177,125,52
WALKER COUNTY,471,44 Years,967,696,271,486,317,169,292,245,47,15,9,6,174,125,49
WALKER COUNTY,471,45 Years,1024,726,298,581,391,190,259,203,56,17,8,9,167,124,43
WALKER COUNTY,471,46 Years,1036,749,287,580,410,170,289,229,60,18,10,8,149,100,49
WALKER COUNTY,471,47 Years,947,657,290,565,379,186,228,175,53,18,10,8,136,93,43
WALKER COUNTY,471,48 Years,925,657,268,535,365,170,228,174,54,11,4,7,151,114,37
WALKER COUNTY,471,49 Years,908,636,272,519,346,173,249,194,55,13,6,7,127,90,37
WALKER COUNTY,471,50 Years,972,652,320,525,344,181,273,201,72,14,6,8,160,101,59
WALKER COUNTY,471,51 Years,1043,720,323,588,394,194,306,234,72,15,6,9,134,86,48
WALKER COUNTY,471,52 Years,975,643,332,574,352,222,265,209,56,17,8,9,119,74,45
WALKER COUNTY,471,53 Years,972,624,348,569,339,230,256,194,62,18,9,9,129,82,47
WALKER COUNTY,471,54 Years,956,614,342,576,350,226,250,182,68,14,8,6,116,74,42
WALKER COUNTY,471,55 Years,943,606,337,574,349,225,245,177,68,15,11,4,109,69,40
WALKER COUNTY,471,56 Years,934,580,354,609,369,240,215,149,66,14,7,7,96,55,41
WALKER COUNTY,471,57 Years,874,550,324,580,352,228,192,137,55,12,4,8,90,57,33
WALKER COUNTY,471,58 Years,773,460,313,521,304,217,149,91,58,12,5,7,91,60,31
WALKER COUNTY,471,59 Years,721,414,307,494,283,211,148,88,60,14,4,10,65,39,26
WALKER COUNTY,471,60 Years,705,390,315,479,253,226,145,93,52,16,5,11,65,39,26
WALKER COUNTY,471,61 Years,747,390,357,520,271,249,121,71,50,13,5,8,93,43,50
WALKER COUNTY,471,62 Years,726,381,345,505,253,252,111,60,51,16,8,8,94,60,34
WALKER COUNTY,471,63 Years,738,377,361,535,251,284,116,70,46,16,6,10,71,50,21
WALKER COUNTY,471,64 Years,682,357,325,499,262,237,118,61,57,15,6,9,50,28,22
WALKER COUNTY,471,65 Years,630,309,321,485,236,249,84,40,44,12,5,7,49,28,21
WALKER COUNTY,471,66 Years,699,367,332,505,264,241,99,53,46,13,8,5,82,42,40
WALKER COUNTY,471,67 Years,633,341,292,489,260,229,84,46,38,9,6,3,51,29,22
WALKER COUNTY,471,68 Years,612,334,278,481,251,230,77,46,31,11,6,5,43,31,12
WALKER COUNTY,471,69 Years,562,293,269,443,225,218,76,47,29,9,4,5,34,17,17
WALKER COUNTY,471,70 Years,465,217,248,369,177,192,57,23,34,11,5,6,28,12,16
WALKER COUNTY,471,71 Years,464,242,222,376,201,175,56,29,27,12,5,7,20,7,13
WALKER COUNTY,471,72 Years,416,203,213,345,169,176,46,21,25,6,4,2,19,9,10
WALKER COUNTY,471,73 Years,453,228,225,364,173,191,58,32,26,7,5,2,24,18,6
WALKER COUNTY,471,74 Years,407,200,207,329,158,171,57,28,29,7,4,3,14,10,4
WALKER COUNTY,471,75 Years,371,181,190,307,153,154,42,17,25,6,3,3,16,8,8
WALKER COUNTY,471,76 Years,363,191,172,292,159,133,47,23,24,7,3,4,17,6,11
WALKER COUNTY,471,77 Years,311,160,151,261,142,119,37,13,24,2,1,1,11,4,7
WALKER COUNTY,471,78 Years,272,130,142,227,110,117,32,15,17,1,1,0,12,4,8
WALKER COUNTY,471,79 Years,254,120,134,205,101,104,31,12,19,3,1,2,15,6,9
WALKER COUNTY,471,80 Years,231,122,109,194,106,88,26,11,15,3,2,1,8,3,5
WALKER COUNTY,471,81 Years,228,97,131,183,81,102,34,10,24,2,0,2,9,6,3
WALKER COUNTY,471,82 Years,194,87,107,162,77,85,25,7,18,0,0,0,7,3,4
WALKER COUNTY,471,83 Years,162,74,88,139,64,75,15,5,10,1,1,0,7,4,3
WALKER COUNTY,471,84 Years,155,59,96,128,51,77,16,6,10,2,0,2,9,2,7
WALKER COUNTY,471,85 Years +,876,316,560,725,261,464,87,28,59,25,11,14,39,16,23
WALLER COUNTY,473,All Ages,49448,24401,25047,20624,10025,10599,10671,4761,5910,995,495,500,17158,9120,8038
WALLER COUNTY,473,< 1 Year,647,327,320,219,107,112,93,49,44,15,8,7,320,163,157
WALLER COUNTY,473,1 Years,656,337,319,216,104,112,90,47,43,15,9,6,335,177,158
WALLER COUNTY,473,2 Years,642,335,307,202,100,102,90,47,43,15,9,6,335,179,156
WALLER COUNTY,473,3 Years,648,330,318,193,95,98,96,48,48,14,9,5,345,178,167
WALLER COUNTY,473,4 Years,606,301,305,173,85,88,104,49,55,12,7,5,317,160,157
WALLER COUNTY,473,5 Years,622,311,311,170,89,81,117,53,64,13,7,6,322,162,160
WALLER COUNTY,473,6 Years,698,367,331,195,105,90,134,66,68,19,8,11,350,188,162
WALLER COUNTY,473,7 Years,662,340,322,193,101,92,125,57,68,20,9,11,324,173,151
WALLER COUNTY,473,8 Years,690,355,335,186,95,91,130,55,75,15,9,6,359,196,163
WALLER COUNTY,473,9 Years,692,345,347,211,95,116,96,46,50,15,10,5,370,194,176
WALLER COUNTY,473,10 Years,670,334,336,206,102,104,96,44,52,13,7,6,355,181,174
WALLER COUNTY,473,11 Years,657,327,330,201,97,104,92,37,55,15,9,6,349,184,165
WALLER COUNTY,473,12 Years,645,314,331,193,84,109,92,40,52,15,6,9,345,184,161
WALLER COUNTY,473,13 Years,665,328,337,201,94,107,104,45,59,14,4,10,346,185,161
WALLER COUNTY,473,14 Years,663,347,316,201,105,96,102,46,56,14,5,9,346,191,155
WALLER COUNTY,473,15 Years,725,378,347,251,122,129,111,53,58,19,11,8,344,192,152
WALLER COUNTY,473,16 Years,713,362,351,238,115,123,100,50,50,30,17,13,345,180,165
WALLER COUNTY,473,17 Years,747,361,386,248,122,126,134,54,80,23,10,13,342,175,167
WALLER COUNTY,473,18 Years,1325,605,720,236,121,115,693,287,406,33,9,24,363,188,175
WALLER COUNTY,473,19 Years,1702,779,923,219,109,110,1116,482,634,40,20,20,327,168,159
WALLER COUNTY,473,20 Years,1353,601,752,200,96,104,842,342,500,25,12,13,286,151,135
WALLER COUNTY,473,21 Years,1197,577,620,212,108,104,653,291,362,26,15,11,306,163,143
WALLER COUNTY,473,22 Years,1002,495,507,202,111,91,470,216,254,17,9,8,313,159,154
WALLER COUNTY,473,23 Years,847,442,405,196,103,93,334,178,156,22,13,9,295,148,147
WALLER COUNTY,473,24 Years,786,417,369,204,110,94,273,149,124,22,11,11,287,147,140
WALLER COUNTY,473,25 Years,676,341,335,193,99,94,189,91,98,22,10,12,272,141,131
WALLER COUNTY,473,26 Years,668,327,341,190,90,100,175,82,93,21,9,12,282,146,136
WALLER COUNTY,473,27 Years,654,358,296,200,99,101,159,97,62,21,11,10,274,151,123
WALLER COUNTY,473,28 Years,521,282,239,150,71,79,115,58,57,12,7,5,244,146,98
WALLER COUNTY,473,29 Years,502,278,224,141,67,74,119,64,55,11,6,5,231,141,90
WALLER COUNTY,473,30 Years,475,247,228,143,72,71,98,45,53,11,6,5,223,124,99
WALLER COUNTY,473,31 Years,479,258,221,132,68,64,98,58,40,7,4,3,242,128,114
WALLER COUNTY,473,32 Years,507,268,239,154,80,74,89,46,43,7,5,2,257,137,120
WALLER COUNTY,473,33 Years,497,267,230,158,82,76,77,44,33,5,1,4,257,140,117
WALLER COUNTY,473,34 Years,518,261,257,177,80,97,68,32,36,7,5,2,266,144,122
WALLER COUNTY,473,35 Years,520,261,259,190,89,101,64,30,34,7,5,2,259,137,122
WALLER COUNTY,473,36 Years,538,276,262,207,101,106,69,33,36,5,4,1,257,138,119
WALLER COUNTY,473,37 Years,521,256,265,212,96,116,65,29,36,2,1,1,242,130,112
WALLER COUNTY,473,38 Years,544,263,281,210,107,103,89,28,61,4,2,2,241,126,115
WALLER COUNTY,473,39 Years,518,264,254,201,110,91,82,26,56,4,2,2,231,126,105
WALLER COUNTY,473,40 Years,509,265,244,197,107,90,76,25,51,7,2,5,229,131,98
WALLER COUNTY,473,41 Years,545,275,270,235,118,117,57,18,39,8,4,4,245,135,110
WALLER COUNTY,473,42 Years,550,261,289,246,122,124,66,22,44,5,2,3,233,115,118
WALLER COUNTY,473,43 Years,516,239,277,228,108,120,73,28,45,5,1,4,210,102,108
WALLER COUNTY,473,44 Years,541,254,287,260,118,142,48,23,25,9,3,6,224,110,114
WALLER COUNTY,473,45 Years,566,283,283,285,138,147,54,26,28,5,3,2,222,116,106
WALLER COUNTY,473,46 Years,584,297,287,280,136,144,65,28,37,10,4,6,229,129,100
WALLER COUNTY,473,47 Years,608,309,299,306,146,160,72,35,37,13,8,5,217,120,97
WALLER COUNTY,473,48 Years,573,289,284,288,143,145,78,39,39,11,4,7,196,103,93
WALLER COUNTY,473,49 Years,569,259,310,293,123,170,82,37,45,12,5,7,182,94,88
WALLER COUNTY,473,50 Years,595,290,305,307,147,160,87,33,54,10,2,8,191,108,83
WALLER COUNTY,473,51 Years,633,315,318,329,160,169,90,36,54,13,4,9,201,115,86
WALLER COUNTY,473,52 Years,658,322,336,359,170,189,92,38,54,12,4,8,195,110,85
WALLER COUNTY,473,53 Years,645,322,323,360,168,192,91,44,47,11,7,4,183,103,80
WALLER COUNTY,473,54 Years,604,290,314,341,154,187,93,42,51,11,5,6,159,89,70
WALLER COUNTY,473,55 Years,610,303,307,376,184,192,75,37,38,12,5,7,147,77,70
WALLER COUNTY,473,56 Years,616,305,311,392,183,209,79,41,38,10,6,4,135,75,60
WALLER COUNTY,473,57 Years,619,317,302,403,199,204,78,38,40,9,6,3,129,74,55
WALLER COUNTY,473,58 Years,622,321,301,405,204,201,75,32,43,9,6,3,133,79,54
WALLER COUNTY,473,59 Years,578,287,291,369,185,184,80,31,49,7,5,2,122,66,56
WALLER COUNTY,473,60 Years,571,289,282,361,182,179,86,43,43,6,5,1,118,59,59
WALLER COUNTY,473,61 Years,604,298,306,401,197,204,82,38,44,8,5,3,113,58,55
WALLER COUNTY,473,62 Years,570,264,306,383,174,209,79,33,46,13,7,6,95,50,45
WALLER COUNTY,473,63 Years,566,273,293,389,188,201,71,29,42,11,6,5,95,50,45
WALLER COUNTY,473,64 Years,557,266,291,377,180,197,84,35,49,12,6,6,84,45,39
WALLER COUNTY,473,65 Years,501,242,259,351,170,181,73,26,47,8,5,3,69,41,28
WALLER COUNTY,473,66 Years,477,209,268,337,150,187,66,21,45,9,4,5,65,34,31
WALLER COUNTY,473,67 Years,500,234,266,356,173,183,65,22,43,11,4,7,68,35,33
WALLER COUNTY,473,68 Years,482,238,244,354,184,170,54,20,34,10,2,8,64,32,32
WALLER COUNTY,473,69 Years,448,215,233,323,162,161,52,20,32,13,4,9,60,29,31
WALLER COUNTY,473,70 Years,403,190,213,285,140,145,49,19,30,10,3,7,59,28,31
WALLER COUNTY,473,71 Years,381,185,196,280,137,143,49,21,28,4,2,2,48,25,23
WALLER COUNTY,473,72 Years,360,177,183,264,134,130,43,18,25,7,4,3,46,21,25
WALLER COUNTY,473,73 Years,316,158,158,237,120,117,35,12,23,8,5,3,36,21,15
WALLER COUNTY,473,74 Years,299,149,150,231,118,113,33,12,21,6,4,2,29,15,14
WALLER COUNTY,473,75 Years,262,129,133,193,96,97,34,14,20,6,4,2,29,15,14
WALLER COUNTY,473,76 Years,222,106,116,153,73,80,39,18,21,5,3,2,25,12,13
WALLER COUNTY,473,77 Years,198,87,111,139,58,81,31,15,16,5,2,3,23,12,11
WALLER COUNTY,473,78 Years,188,88,100,137,66,71,29,11,18,1,0,1,21,11,10
WALLER COUNTY,473,79 Years,165,78,87,114,57,57,31,10,21,3,2,1,17,9,8
WALLER COUNTY,473,80 Years,158,64,94,111,47,64,28,8,20,2,1,1,17,8,9
WALLER COUNTY,473,81 Years,137,50,87,93,39,54,28,6,22,1,0,1,15,5,10
WALLER COUNTY,473,82 Years,105,43,62,69,32,37,23,5,18,0,0,0,13,6,7
WALLER COUNTY,473,83 Years,114,53,61,74,33,41,26,12,14,2,2,0,12,6,6
WALLER COUNTY,473,84 Years,117,57,60,76,37,39,29,13,16,2,2,0,10,5,5
WALLER COUNTY,473,85 Years +,608,234,374,453,179,274,98,33,65,16,6,10,41,16,25
WARD COUNTY,475,All Ages,11181,5468,5713,4821,2312,2509,538,280,258,203,100,103,5619,2776,2843
WARD COUNTY,475,< 1 Year,172,89,83,49,25,24,8,6,2,3,1,2,112,57,55
WARD COUNTY,475,1 Years,176,88,88,52,28,24,11,5,6,2,0,2,111,55,56
WARD COUNTY,475,2 Years,186,97,89,62,35,27,10,4,6,3,1,2,111,57,54
WARD COUNTY,475,3 Years,176,95,81,57,32,25,10,5,5,3,1,2,106,57,49
WARD COUNTY,475,4 Years,171,88,83,63,32,31,12,9,3,2,1,1,94,46,48
WARD COUNTY,475,5 Years,148,66,82,56,28,28,13,6,7,2,0,2,77,32,45
WARD COUNTY,475,6 Years,138,71,67,49,22,27,14,6,8,2,1,1,73,42,31
WARD COUNTY,475,7 Years,164,84,80,47,21,26,11,4,7,4,2,2,102,57,45
WARD COUNTY,475,8 Years,167,86,81,47,26,21,8,4,4,4,2,2,108,54,54
WARD COUNTY,475,9 Years,159,73,86,56,28,28,10,3,7,3,1,2,90,41,49
WARD COUNTY,475,10 Years,166,70,96,63,30,33,7,2,5,3,1,2,93,37,56
WARD COUNTY,475,11 Years,171,74,97,58,28,30,9,2,7,1,0,1,103,44,59
WARD COUNTY,475,12 Years,168,81,87,54,27,27,8,3,5,7,2,5,99,49,50
WARD COUNTY,475,13 Years,166,80,86,51,27,24,5,4,1,5,2,3,105,47,58
WARD COUNTY,475,14 Years,156,74,82,43,20,23,10,6,4,6,3,3,97,45,52
WARD COUNTY,475,15 Years,155,86,69,38,18,20,8,5,3,5,3,2,104,60,44
WARD COUNTY,475,16 Years,155,79,76,53,28,25,10,3,7,4,1,3,88,47,41
WARD COUNTY,475,17 Years,147,65,82,53,22,31,10,3,7,4,2,2,80,38,42
WARD COUNTY,475,18 Years,147,77,70,42,20,22,9,3,6,3,1,2,93,53,40
WARD COUNTY,475,19 Years,155,80,75,52,26,26,9,4,5,4,3,1,90,47,43
WARD COUNTY,475,20 Years,150,77,73,47,20,27,8,4,4,5,5,0,90,48,42
WARD COUNTY,475,21 Years,148,76,72,50,25,25,10,5,5,3,2,1,85,44,41
WARD COUNTY,475,22 Years,155,75,80,54,28,26,8,5,3,3,2,1,90,40,50
WARD COUNTY,475,23 Years,170,88,82,56,30,26,8,5,3,3,1,2,103,52,51
WARD COUNTY,475,24 Years,168,84,84,69,31,38,5,4,1,1,0,1,93,49,44
WARD COUNTY,475,25 Years,121,60,61,50,25,25,6,2,4,0,0,0,65,33,32
WARD COUNTY,475,26 Years,140,77,63,51,35,16,8,2,6,4,2,2,77,38,39
WARD COUNTY,475,27 Years,157,83,74,59,31,28,8,5,3,4,2,2,86,45,41
WARD COUNTY,475,28 Years,127,61,66,51,19,32,5,4,1,4,3,1,67,35,32
WARD COUNTY,475,29 Years,116,60,56,48,22,26,6,4,2,5,2,3,57,32,25
WARD COUNTY,475,30 Years,117,57,60,46,23,23,6,2,4,4,2,2,61,30,31
WARD COUNTY,475,31 Years,120,60,60,48,25,23,11,6,5,5,4,1,56,25,31
WARD COUNTY,475,32 Years,121,62,59,44,19,25,7,5,2,3,2,1,67,36,31
WARD COUNTY,475,33 Years,131,61,70,56,23,33,3,2,1,3,0,3,69,36,33
WARD COUNTY,475,34 Years,135,69,66,57,29,28,2,1,1,2,0,2,74,39,35
WARD COUNTY,475,35 Years,148,75,73,56,28,28,8,3,5,5,3,2,79,41,38
WARD COUNTY,475,36 Years,139,70,69,46,22,24,10,5,5,3,1,2,80,42,38
WARD COUNTY,475,37 Years,119,68,51,46,24,22,5,4,1,2,1,1,66,39,27
WARD COUNTY,475,38 Years,103,53,50,49,21,28,4,3,1,0,0,0,50,29,21
WARD COUNTY,475,39 Years,110,59,51,52,28,24,4,4,0,1,1,0,53,26,27
WARD COUNTY,475,40 Years,126,57,69,53,24,29,3,2,1,1,0,1,69,31,38
WARD COUNTY,475,41 Years,114,53,61,46,17,29,4,2,2,2,0,2,62,34,28
WARD COUNTY,475,42 Years,102,44,58,43,18,25,4,2,2,1,0,1,54,24,30
WARD COUNTY,475,43 Years,122,50,72,47,22,25,4,1,3,3,2,1,68,25,43
WARD COUNTY,475,44 Years,110,49,61,48,22,26,4,1,3,2,2,0,56,24,32
WARD COUNTY,475,45 Years,128,68,60,65,35,30,6,5,1,2,1,1,55,27,28
WARD COUNTY,475,46 Years,117,62,55,53,30,23,5,3,2,2,2,0,57,27,30
WARD COUNTY,475,47 Years,115,53,62,56,23,33,2,1,1,2,2,0,55,27,28
WARD COUNTY,475,48 Years,123,61,62,57,29,28,6,5,1,0,0,0,60,27,33
WARD COUNTY,475,49 Years,122,68,54,62,35,27,6,4,2,2,2,0,52,27,25
WARD COUNTY,475,50 Years,142,76,66,72,36,36,6,4,2,4,4,0,60,32,28
WARD COUNTY,475,51 Years,151,77,74,71,36,35,8,5,3,3,3,0,69,33,36
WARD COUNTY,475,52 Years,143,63,80,63,27,36,8,5,3,2,2,0,70,29,41
WARD COUNTY,475,53 Years,158,77,81,78,37,41,7,3,4,1,1,0,72,36,36
WARD COUNTY,475,54 Years,147,71,76,78,34,44,8,4,4,1,1,0,60,32,28
WARD COUNTY,475,55 Years,158,83,75,80,44,36,6,3,3,4,1,3,68,35,33
WARD COUNTY,475,56 Years,154,76,78,81,43,38,5,2,3,2,1,1,66,30,36
WARD COUNTY,475,57 Years,163,80,83,85,39,46,8,6,2,0,0,0,70,35,35
WARD COUNTY,475,58 Years,152,75,77,73,37,36,9,6,3,3,0,3,67,32,35
WARD COUNTY,475,59 Years,146,74,72,81,40,41,3,2,1,5,2,3,57,30,27
WARD COUNTY,475,60 Years,152,72,80,89,44,45,7,4,3,2,0,2,54,24,30
WARD COUNTY,475,61 Years,160,78,82,94,45,49,6,3,3,2,0,2,58,30,28
WARD COUNTY,475,62 Years,130,67,63,83,43,40,8,2,6,1,1,0,38,21,17
WARD COUNTY,475,63 Years,125,56,69,73,35,38,5,2,3,2,1,1,45,18,27
WARD COUNTY,475,64 Years,122,66,56,64,34,30,8,5,3,2,1,1,48,26,22
WARD COUNTY,475,65 Years,125,55,70,61,24,37,5,2,3,2,2,0,57,27,30
WARD COUNTY,475,66 Years,128,59,69,70,33,37,4,1,3,2,1,1,52,24,28
WARD COUNTY,475,67 Years,122,61,61,62,32,30,1,1,0,2,0,2,57,28,29
WARD COUNTY,475,68 Years,124,55,69,68,31,37,6,4,2,0,0,0,50,20,30
WARD COUNTY,475,69 Years,113,53,60,64,33,31,6,2,4,0,0,0,43,18,25
WARD COUNTY,475,70 Years,87,42,45,47,25,22,2,1,1,1,0,1,37,16,21
WARD COUNTY,475,71 Years,90,43,47,50,26,24,2,0,2,5,1,4,33,16,17
WARD COUNTY,475,72 Years,97,44,53,49,22,27,3,2,1,3,1,2,42,19,23
WARD COUNTY,475,73 Years,83,39,44,46,21,25,5,3,2,0,0,0,32,15,17
WARD COUNTY,475,74 Years,77,36,41,41,17,24,5,3,2,0,0,0,31,16,15
WARD COUNTY,475,75 Years,68,33,35,35,14,21,3,2,1,2,2,0,28,15,13
WARD COUNTY,475,76 Years,64,30,34,35,14,21,1,1,0,2,1,1,26,14,12
WARD COUNTY,475,77 Years,65,28,37,38,12,26,1,1,0,1,1,0,25,14,11
WARD COUNTY,475,78 Years,55,25,30,31,11,20,3,2,1,0,0,0,21,12,9
WARD COUNTY,475,79 Years,56,19,37,31,10,21,2,0,2,0,0,0,23,9,14
WARD COUNTY,475,80 Years,65,29,36,42,18,24,2,1,1,0,0,0,21,10,11
WARD COUNTY,475,81 Years,59,29,30,37,18,19,1,1,0,0,0,0,21,10,11
WARD COUNTY,475,82 Years,51,23,28,29,14,15,2,1,1,0,0,0,20,8,12
WARD COUNTY,475,83 Years,46,20,26,26,11,15,3,2,1,0,0,0,17,7,10
WARD COUNTY,475,84 Years,47,19,28,30,11,19,2,1,1,0,0,0,15,7,8
WARD COUNTY,475,85 Years +,239,92,147,154,55,99,9,5,4,2,1,1,74,31,43
WASHINGTON COUNTY,477,All Ages,35265,17580,17685,22272,10973,11299,6099,3006,3093,925,430,495,5969,3171,2798
WASHINGTON COUNTY,477,< 1 Year,429,213,216,211,107,104,69,32,37,18,8,10,131,66,65
WASHINGTON COUNTY,477,1 Years,428,216,212,218,112,106,71,36,35,13,6,7,126,62,64
WASHINGTON COUNTY,477,2 Years,419,209,210,215,110,105,70,37,33,16,6,10,118,56,62
WASHINGTON COUNTY,477,3 Years,416,210,206,220,113,107,68,38,30,11,6,5,117,53,64
WASHINGTON COUNTY,477,4 Years,419,214,205,211,110,101,68,33,35,15,10,5,125,61,64
WASHINGTON COUNTY,477,5 Years,439,223,216,224,120,104,74,35,39,13,7,6,128,61,67
WASHINGTON COUNTY,477,6 Years,416,213,203,207,106,101,73,45,28,16,5,11,120,57,63
WASHINGTON COUNTY,477,7 Years,420,216,204,196,100,96,87,51,36,21,7,14,116,58,58
WASHINGTON COUNTY,477,8 Years,419,205,214,194,91,103,89,47,42,21,9,12,115,58,57
WASHINGTON COUNTY,477,9 Years,392,199,193,180,92,88,75,37,38,19,7,12,118,63,55
WASHINGTON COUNTY,477,10 Years,405,206,199,190,101,89,83,40,43,15,7,8,117,58,59
WASHINGTON COUNTY,477,11 Years,423,237,186,204,117,87,86,48,38,13,4,9,120,68,52
WASHINGTON COUNTY,477,12 Years,416,234,182,200,106,94,75,48,27,13,3,10,128,77,51
WASHINGTON COUNTY,477,13 Years,437,261,176,203,117,86,88,53,35,17,9,8,129,82,47
WASHINGTON COUNTY,477,14 Years,421,247,174,196,115,81,81,48,33,13,5,8,131,79,52
WASHINGTON COUNTY,477,15 Years,446,243,203,209,111,98,75,48,27,13,6,7,149,78,71
WASHINGTON COUNTY,477,16 Years,444,246,198,221,125,96,76,43,33,18,11,7,129,67,62
WASHINGTON COUNTY,477,17 Years,428,220,208,226,118,108,70,37,33,15,7,8,117,58,59
WASHINGTON COUNTY,477,18 Years,421,221,200,229,114,115,73,44,29,16,7,9,103,56,47
WASHINGTON COUNTY,477,19 Years,395,203,192,202,99,103,80,44,36,16,10,6,97,50,47
WASHINGTON COUNTY,477,20 Years,391,188,203,197,99,98,86,41,45,13,6,7,95,42,53
WASHINGTON COUNTY,477,21 Years,404,194,210,208,105,103,86,42,44,12,6,6,98,41,57
WASHINGTON COUNTY,477,22 Years,433,222,211,217,111,106,107,59,48,10,5,5,99,47,52
WASHINGTON COUNTY,477,23 Years,461,238,223,220,109,111,128,66,62,14,7,7,99,56,43
WASHINGTON COUNTY,477,24 Years,626,310,316,291,133,158,193,99,94,22,11,11,120,67,53
WASHINGTON COUNTY,477,25 Years,878,438,440,447,217,230,252,127,125,27,12,15,152,82,70
WASHINGTON COUNTY,477,26 Years,718,387,331,363,187,176,202,114,88,18,8,10,135,78,57
WASHINGTON COUNTY,477,27 Years,467,266,201,245,137,108,114,64,50,13,8,5,95,57,38
WASHINGTON COUNTY,477,28 Years,406,224,182,196,106,90,108,58,50,15,6,9,87,54,33
WASHINGTON COUNTY,477,29 Years,363,191,172,180,94,86,78,36,42,10,2,8,95,59,36
WASHINGTON COUNTY,477,30 Years,340,187,153,170,89,81,71,37,34,6,3,3,93,58,35
WASHINGTON COUNTY,477,31 Years,329,182,147,163,92,71,65,29,36,9,5,4,92,56,36
WASHINGTON COUNTY,477,32 Years,320,157,163,173,89,84,61,24,37,13,6,7,73,38,35
WASHINGTON COUNTY,477,33 Years,332,162,170,178,91,87,58,25,33,15,9,6,81,37,44
WASHINGTON COUNTY,477,34 Years,336,157,179,176,86,90,58,20,38,8,4,4,94,47,47
WASHINGTON COUNTY,477,35 Years,334,155,179,174,86,88,56,16,40,11,5,6,93,48,45
WASHINGTON COUNTY,477,36 Years,343,187,156,186,107,79,57,29,28,8,2,6,92,49,43
WASHINGTON COUNTY,477,37 Years,346,173,173,190,96,94,52,24,28,13,9,4,91,44,47
WASHINGTON COUNTY,477,38 Years,360,180,180,202,99,103,54,26,28,10,4,6,94,51,43
WASHINGTON COUNTY,477,39 Years,336,158,178,190,92,98,58,23,35,5,1,4,83,42,41
WASHINGTON COUNTY,477,40 Years,331,157,174,185,88,97,53,23,30,7,2,5,86,44,42
WASHINGTON COUNTY,477,41 Years,328,155,173,188,87,101,47,19,28,10,5,5,83,44,39
WASHINGTON COUNTY,477,42 Years,327,168,159,185,89,96,57,28,29,10,6,4,75,45,30
WASHINGTON COUNTY,477,43 Years,348,173,175,207,103,104,60,23,37,8,4,4,73,43,30
WASHINGTON COUNTY,477,44 Years,374,191,183,225,112,113,63,30,33,9,4,5,77,45,32
WASHINGTON COUNTY,477,45 Years,382,195,187,242,118,124,58,29,29,10,7,3,72,41,31
WASHINGTON COUNTY,477,46 Years,417,198,219,260,121,139,72,29,43,14,9,5,71,39,32
WASHINGTON COUNTY,477,47 Years,405,197,208,268,127,141,62,29,33,11,6,5,64,35,29
WASHINGTON COUNTY,477,48 Years,370,178,192,236,117,119,61,23,38,12,5,7,61,33,28
WASHINGTON COUNTY,477,49 Years,373,194,179,255,134,121,55,25,30,10,4,6,53,31,22
WASHINGTON COUNTY,477,50 Years,411,212,199,288,144,144,69,39,30,11,6,5,43,23,20
WASHINGTON COUNTY,477,51 Years,439,219,220,308,146,162,75,40,35,9,5,4,47,28,19
WASHINGTON COUNTY,477,52 Years,488,249,239,339,172,167,89,46,43,9,5,4,51,26,25
WASHINGTON COUNTY,477,53 Years,489,259,230,346,182,164,81,41,40,12,6,6,50,30,20
WASHINGTON COUNTY,477,54 Years,468,242,226,330,171,159,83,41,42,9,4,5,46,26,20
WASHINGTON COUNTY,477,55 Years,507,250,257,359,178,181,95,46,49,12,4,8,41,22,19
WASHINGTON COUNTY,477,56 Years,517,257,260,362,174,188,103,56,47,8,3,5,44,24,20
WASHINGTON COUNTY,477,57 Years,495,247,248,357,176,181,97,46,51,8,4,4,33,21,12
WASHINGTON COUNTY,477,58 Years,506,248,258,380,189,191,77,34,43,12,5,7,37,20,17
WASHINGTON COUNTY,477,59 Years,520,256,264,369,178,191,95,49,46,13,7,6,43,22,21
WASHINGTON COUNTY,477,60 Years,498,251,247,357,177,180,91,49,42,9,3,6,41,22,19
WASHINGTON COUNTY,477,61 Years,527,254,273,396,191,205,83,40,43,13,8,5,35,15,20
WASHINGTON COUNTY,477,62 Years,512,249,263,399,193,206,64,32,32,14,6,8,35,18,17
WASHINGTON COUNTY,477,63 Years,495,238,257,392,191,201,61,28,33,6,2,4,36,17,19
WASHINGTON COUNTY,477,64 Years,496,241,255,394,197,197,67,29,38,7,2,5,28,13,15
WASHINGTON COUNTY,477,65 Years,468,223,245,376,180,196,62,27,35,9,4,5,21,12,9
WASHINGTON COUNTY,477,66 Years,458,218,240,362,175,187,66,27,39,12,4,8,18,12,6
WASHINGTON COUNTY,477,67 Years,430,211,219,341,169,172,55,26,29,10,4,6,24,12,12
WASHINGTON COUNTY,477,68 Years,449,218,231,371,185,186,54,21,33,9,3,6,15,9,6
WASHINGTON COUNTY,477,69 Years,461,222,239,381,189,192,49,19,30,8,3,5,23,11,12
WASHINGTON COUNTY,477,70 Years,391,193,198,317,155,162,52,26,26,4,3,1,18,9,9
WASHINGTON COUNTY,477,71 Years,365,185,180,295,151,144,51,21,30,4,4,0,15,9,6
WASHINGTON COUNTY,477,72 Years,380,192,188,315,161,154,43,20,23,4,2,2,18,9,9
WASHINGTON COUNTY,477,73 Years,350,185,165,303,160,143,33,17,16,5,3,2,9,5,4
WASHINGTON COUNTY,477,74 Years,318,148,170,273,128,145,33,13,20,7,4,3,5,3,2
WASHINGTON COUNTY,477,75 Years,301,138,163,258,121,137,31,13,18,4,1,3,8,3,5
WASHINGTON COUNTY,477,76 Years,262,117,145,214,97,117,38,14,24,4,2,2,6,4,2
WASHINGTON COUNTY,477,77 Years,259,113,146,217,97,120,32,11,21,3,1,2,7,4,3
WASHINGTON COUNTY,477,78 Years,237,109,128,200,90,110,26,13,13,3,2,1,8,4,4
WASHINGTON COUNTY,477,79 Years,212,95,117,184,84,100,20,8,12,3,1,2,5,2,3
WASHINGTON COUNTY,477,80 Years,201,84,117,172,74,98,22,7,15,1,1,0,6,2,4
WASHINGTON COUNTY,477,81 Years,191,79,112,168,72,96,19,6,13,0,0,0,4,1,3
WASHINGTON COUNTY,477,82 Years,167,74,93,148,66,82,13,5,8,2,2,0,4,1,3
WASHINGTON COUNTY,477,83 Years,162,67,95,144,61,83,11,4,7,3,1,2,4,1,3
WASHINGTON COUNTY,477,84 Years,144,57,87,128,51,77,11,5,6,0,0,0,5,1,4
WASHINGTON COUNTY,477,85 Years +,1080,382,698,956,343,613,85,26,59,13,4,9,26,9,17
WEBB COUNTY,479,All Ages,275040,135130,139910,8663,4776,3887,558,370,188,2176,1113,1063,263643,128871,134772
WEBB COUNTY,479,< 1 Year,5063,2621,2442,196,106,90,16,9,7,22,11,11,4829,2495,2334
WEBB COUNTY,479,1 Years,5156,2668,2488,189,104,85,17,10,7,21,11,10,4929,2543,2386
WEBB COUNTY,479,2 Years,5271,2733,2538,182,102,80,16,9,7,27,15,12,5046,2607,2439
WEBB COUNTY,479,3 Years,5284,2737,2547,185,91,94,15,8,7,28,17,11,5056,2621,2435
WEBB COUNTY,479,4 Years,5247,2716,2531,186,91,95,12,5,7,28,17,11,5021,2603,2418
WEBB COUNTY,479,5 Years,5217,2658,2559,173,76,97,9,1,8,30,14,16,5005,2567,2438
WEBB COUNTY,479,6 Years,4633,2299,2334,149,79,70,4,3,1,31,13,18,4449,2204,2245
WEBB COUNTY,479,7 Years,4511,2276,2235,142,74,68,5,4,1,36,17,19,4328,2181,2147
WEBB COUNTY,479,8 Years,4638,2352,2286,138,69,69,7,4,3,33,17,16,4460,2262,2198
WEBB COUNTY,479,9 Years,4680,2374,2306,136,65,71,12,9,3,26,13,13,4506,2287,2219
WEBB COUNTY,479,10 Years,4649,2358,2291,128,71,57,6,5,1,32,19,13,4483,2263,2220
WEBB COUNTY,479,11 Years,4868,2547,2321,123,68,55,10,5,5,29,17,12,4706,2457,2249
WEBB COUNTY,479,12 Years,4998,2658,2340,113,65,48,8,6,2,30,14,16,4847,2573,2274
WEBB COUNTY,479,13 Years,5062,2656,2406,106,57,49,8,6,2,29,16,13,4919,2577,2342
WEBB COUNTY,479,14 Years,5277,2755,2522,108,54,54,5,2,3,29,15,14,5135,2684,2451
WEBB COUNTY,479,15 Years,5313,2753,2560,91,46,45,10,5,5,31,15,16,5181,2687,2494
WEBB COUNTY,479,16 Years,5176,2695,2481,97,56,41,9,7,2,30,18,12,5040,2614,2426
WEBB COUNTY,479,17 Years,5037,2596,2441,97,53,44,7,5,2,31,19,12,4902,2519,2383
WEBB COUNTY,479,18 Years,4902,2544,2358,95,47,48,9,5,4,22,13,9,4776,2479,2297
WEBB COUNTY,479,19 Years,4875,2518,2357,92,48,44,7,2,5,24,13,11,4752,2455,2297
WEBB COUNTY,479,20 Years,4771,2462,2309,88,44,44,9,6,3,17,11,6,4657,2401,2256
WEBB COUNTY,479,21 Years,4813,2473,2340,92,43,49,6,3,3,25,12,13,4690,2415,2275
WEBB COUNTY,479,22 Years,4868,2505,2363,92,41,51,13,9,4,31,17,14,4732,2438,2294
WEBB COUNTY,479,23 Years,4760,2432,2328,95,54,41,9,5,4,31,19,12,4625,2354,2271
WEBB COUNTY,479,24 Years,4699,2381,2318,93,44,49,7,4,3,30,19,11,4569,2314,2255
WEBB COUNTY,479,25 Years,4409,2290,2119,114,62,52,5,3,2,25,18,7,4265,2207,2058
WEBB COUNTY,479,26 Years,4131,2086,2045,127,68,59,5,3,2,31,24,7,3968,1991,1977
WEBB COUNTY,479,27 Years,3841,1935,1906,131,77,54,6,5,1,34,22,12,3670,1831,1839
WEBB COUNTY,479,28 Years,3617,1820,1797,114,65,49,7,5,2,37,19,18,3459,1731,1728
WEBB COUNTY,479,29 Years,3545,1760,1785,113,71,42,6,4,2,35,19,16,3391,1666,1725
WEBB COUNTY,479,30 Years,3591,1772,1819,119,66,53,5,5,0,38,19,19,3429,1682,1747
WEBB COUNTY,479,31 Years,3617,1755,1862,132,78,54,7,6,1,49,23,26,3429,1648,1781
WEBB COUNTY,479,32 Years,3569,1718,1851,131,78,53,5,2,3,50,20,30,3383,1618,1765
WEBB COUNTY,479,33 Years,3524,1729,1795,141,86,55,9,5,4,44,17,27,3330,1621,1709
WEBB COUNTY,479,34 Years,3596,1780,1816,133,87,46,8,6,2,40,20,20,3415,1667,1748
WEBB COUNTY,479,35 Years,3652,1764,1888,121,71,50,11,8,3,39,21,18,3481,1664,1817
WEBB COUNTY,479,36 Years,3719,1784,1935,120,69,51,8,7,1,38,20,18,3553,1688,1865
WEBB COUNTY,479,37 Years,3469,1701,1768,110,71,39,6,4,2,37,18,19,3316,1608,1708
WEBB COUNTY,479,38 Years,3361,1639,1722,97,59,38,15,13,2,32,15,17,3217,1552,1665
WEBB COUNTY,479,39 Years,3442,1693,1749,98,63,35,8,5,3,32,14,18,3304,1611,1693
WEBB COUNTY,479,40 Years,3646,1763,1883,98,61,37,7,6,1,46,20,26,3495,1676,1819
WEBB COUNTY,479,41 Years,3664,1732,1932,104,61,43,11,9,2,42,13,29,3507,1649,1858
WEBB COUNTY,479,42 Years,3619,1709,1910,94,52,42,16,13,3,39,16,23,3470,1628,1842
WEBB COUNTY,479,43 Years,3586,1754,1832,108,60,48,6,4,2,27,12,15,3445,1678,1767
WEBB COUNTY,479,44 Years,3590,1715,1875,115,65,50,10,6,4,35,16,19,3430,1628,1802
WEBB COUNTY,479,45 Years,3544,1653,1891,115,78,37,10,8,2,48,21,27,3371,1546,1825
WEBB COUNTY,479,46 Years,3498,1635,1863,117,72,45,8,5,3,49,25,24,3324,1533,1791
WEBB COUNTY,479,47 Years,3331,1591,1740,106,62,44,8,6,2,45,25,20,3172,1498,1674
WEBB COUNTY,479,48 Years,3175,1469,1706,99,55,44,10,6,4,41,24,17,3025,1384,1641
WEBB COUNTY,479,49 Years,3051,1422,1629,117,68,49,5,3,2,32,12,20,2897,1339,1558
WEBB COUNTY,479,50 Years,2979,1396,1583,100,56,44,6,4,2,33,14,19,2840,1322,1518
WEBB COUNTY,479,51 Years,2968,1381,1587,112,65,47,4,3,1,35,17,18,2817,1296,1521
WEBB COUNTY,479,52 Years,2819,1315,1504,106,66,40,5,5,0,30,19,11,2678,1225,1453
WEBB COUNTY,479,53 Years,2803,1352,1451,100,58,42,7,6,1,32,16,16,2664,1272,1392
WEBB COUNTY,479,54 Years,2727,1350,1377,109,61,48,8,6,2,24,11,13,2586,1272,1314
WEBB COUNTY,479,55 Years,2730,1259,1471,127,68,59,8,6,2,21,11,10,2574,1174,1400
WEBB COUNTY,479,56 Years,2696,1302,1394,108,53,55,5,3,2,19,12,7,2564,1234,1330
WEBB COUNTY,479,57 Years,2501,1189,1312,101,54,47,8,6,2,16,6,10,2376,1123,1253
WEBB COUNTY,479,58 Years,2458,1113,1345,106,64,42,8,6,2,20,8,12,2324,1035,1289
WEBB COUNTY,479,59 Years,2430,1091,1339,94,49,45,6,6,0,25,12,13,2305,1024,1281
WEBB COUNTY,479,60 Years,2307,1085,1222,92,51,41,8,4,4,27,14,13,2180,1016,1164
WEBB COUNTY,479,61 Years,2213,1021,1192,92,45,47,6,5,1,23,11,12,2092,960,1132
WEBB COUNTY,479,62 Years,2063,940,1123,82,46,36,5,5,0,18,8,10,1958,881,1077
WEBB COUNTY,479,63 Years,1879,869,1010,90,58,32,3,2,1,15,7,8,1771,802,969
WEBB COUNTY,479,64 Years,1788,792,996,71,39,32,2,1,1,15,7,8,1700,745,955
WEBB COUNTY,479,65 Years,1734,778,956,80,34,46,2,0,2,15,6,9,1637,738,899
WEBB COUNTY,479,66 Years,1707,763,944,82,39,43,2,0,2,14,7,7,1609,717,892
WEBB COUNTY,479,67 Years,1648,761,887,87,54,33,5,3,2,14,7,7,1542,697,845
WEBB COUNTY,479,68 Years,1673,783,890,84,47,37,3,2,1,18,11,7,1568,723,845
WEBB COUNTY,479,69 Years,1521,684,837,74,38,36,3,2,1,15,9,6,1429,635,794
WEBB COUNTY,479,70 Years,1340,594,746,59,29,30,1,1,0,9,5,4,1271,559,712
WEBB COUNTY,479,71 Years,1303,567,736,62,31,31,1,1,0,12,7,5,1228,528,700
WEBB COUNTY,479,72 Years,1167,496,671,46,26,20,1,1,0,5,3,2,1115,466,649
WEBB COUNTY,479,73 Years,1100,472,628,52,31,21,2,1,1,4,2,2,1042,438,604
WEBB COUNTY,479,74 Years,1064,448,616,51,31,20,1,1,0,6,1,5,1006,415,591
WEBB COUNTY,479,75 Years,972,430,542,41,23,18,1,1,0,6,4,2,924,402,522
WEBB COUNTY,479,76 Years,906,387,519,41,23,18,1,1,0,3,3,0,861,360,501
WEBB COUNTY,479,77 Years,845,359,486,38,19,19,1,1,0,5,5,0,801,334,467
WEBB COUNTY,479,78 Years,771,319,452,32,18,14,1,1,0,3,3,0,735,297,438
WEBB COUNTY,479,79 Years,696,268,428,30,21,9,1,0,1,4,2,2,661,245,416
WEBB COUNTY,479,80 Years,693,277,416,27,17,10,1,0,1,3,2,1,662,258,404
WEBB COUNTY,479,81 Years,631,253,378,27,17,10,1,0,1,3,1,2,600,235,365
WEBB COUNTY,479,82 Years,538,218,320,19,10,9,0,0,0,2,1,1,517,207,310
WEBB COUNTY,479,83 Years,478,185,293,21,7,14,1,1,0,2,2,0,454,175,279
WEBB COUNTY,479,84 Years,496,190,306,23,12,11,1,1,0,0,0,0,472,177,295
WEBB COUNTY,479,85 Years +,2841,1007,1834,137,63,74,1,0,1,12,4,8,2691,940,1751
WHARTON COUNTY,481,All Ages,41103,20331,20772,18448,8984,9464,5529,2686,2843,576,297,279,16550,8364,8186
WHARTON COUNTY,481,< 1 Year,587,304,283,191,100,91,64,39,25,14,5,9,318,160,158
WHARTON COUNTY,481,1 Years,577,292,285,185,95,90,67,37,30,14,6,8,311,154,157
WHARTON COUNTY,481,2 Years,572,290,282,183,94,89,75,42,33,16,10,6,298,144,154
WHARTON COUNTY,481,3 Years,554,279,275,183,90,93,68,37,31,15,9,6,288,143,145
WHARTON COUNTY,481,4 Years,548,280,268,185,88,97,68,41,27,12,5,7,283,146,137
WHARTON COUNTY,481,5 Years,557,285,272,186,90,96,68,41,27,14,7,7,289,147,142
WHARTON COUNTY,481,6 Years,573,298,275,194,106,88,64,31,33,16,10,6,299,151,148
WHARTON COUNTY,481,7 Years,553,282,271,183,98,85,72,40,32,9,3,6,289,141,148
WHARTON COUNTY,481,8 Years,587,299,288,196,107,89,88,42,46,11,5,6,292,145,147
WHARTON COUNTY,481,9 Years,592,292,300,186,85,101,82,44,38,14,7,7,310,156,154
WHARTON COUNTY,481,10 Years,582,296,286,179,83,96,64,36,28,14,7,7,325,170,155
WHARTON COUNTY,481,11 Years,598,309,289,180,84,96,74,38,36,17,11,6,327,176,151
WHARTON COUNTY,481,12 Years,640,322,318,220,110,110,71,35,36,15,10,5,334,167,167
WHARTON COUNTY,481,13 Years,619,301,318,210,102,108,81,37,44,10,7,3,318,155,163
WHARTON COUNTY,481,14 Years,624,325,299,208,105,103,82,43,39,6,3,3,328,174,154
WHARTON COUNTY,481,15 Years,593,306,287,211,106,105,81,51,30,4,3,1,297,146,151
WHARTON COUNTY,481,16 Years,625,303,322,227,110,117,91,45,46,5,2,3,302,146,156
WHARTON COUNTY,481,17 Years,573,278,295,201,93,108,70,34,36,7,4,3,295,147,148
WHARTON COUNTY,481,18 Years,562,291,271,184,96,88,79,45,34,8,3,5,291,147,144
WHARTON COUNTY,481,19 Years,538,254,284,165,77,88,77,35,42,7,2,5,289,140,149
WHARTON COUNTY,481,20 Years,506,252,254,171,82,89,74,32,42,7,2,5,254,136,118
WHARTON COUNTY,481,21 Years,488,261,227,179,94,85,73,39,34,5,2,3,231,126,105
WHARTON COUNTY,481,22 Years,572,311,261,192,107,85,79,41,38,8,5,3,293,158,135
WHARTON COUNTY,481,23 Years,596,311,285,196,100,96,81,35,46,8,5,3,311,171,140
WHARTON COUNTY,481,24 Years,535,287,248,173,87,86,85,44,41,10,8,2,267,148,119
WHARTON COUNTY,481,25 Years,551,293,258,188,106,82,96,42,54,11,8,3,256,137,119
WHARTON COUNTY,481,26 Years,569,295,274,186,94,92,94,45,49,9,4,5,280,152,128
WHARTON COUNTY,481,27 Years,500,254,246,190,92,98,69,31,38,7,2,5,234,129,105
WHARTON COUNTY,481,28 Years,441,237,204,163,88,75,61,28,33,6,4,2,211,117,94
WHARTON COUNTY,481,29 Years,446,241,205,161,84,77,57,31,26,4,3,1,224,123,101
WHARTON COUNTY,481,30 Years,460,237,223,152,77,75,65,36,29,5,2,3,238,122,116
WHARTON COUNTY,481,31 Years,449,228,221,153,80,73,56,22,34,7,3,4,233,123,110
WHARTON COUNTY,481,32 Years,473,253,220,179,92,87,72,36,36,6,2,4,216,123,93
WHARTON COUNTY,481,33 Years,467,229,238,172,81,91,74,38,36,6,3,3,215,107,108
WHARTON COUNTY,481,34 Years,478,218,260,187,82,105,62,29,33,8,3,5,221,104,117
WHARTON COUNTY,481,35 Years,470,236,234,191,97,94,59,27,32,5,1,4,215,111,104
WHARTON COUNTY,481,36 Years,460,234,226,184,100,84,62,27,35,4,2,2,210,105,105
WHARTON COUNTY,481,37 Years,486,233,253,200,98,102,80,35,45,3,1,2,203,99,104
WHARTON COUNTY,481,38 Years,460,235,225,179,90,89,66,36,30,3,2,1,212,107,105
WHARTON COUNTY,481,39 Years,459,226,233,185,92,93,68,35,33,7,4,3,199,95,104
WHARTON COUNTY,481,40 Years,458,227,231,170,82,88,61,28,33,5,2,3,222,115,107
WHARTON COUNTY,481,41 Years,426,207,219,180,89,91,57,27,30,3,2,1,186,89,97
WHARTON COUNTY,481,42 Years,429,224,205,186,105,81,50,28,22,5,4,1,188,87,101
WHARTON COUNTY,481,43 Years,412,210,202,168,87,81,50,30,20,7,5,2,187,88,99
WHARTON COUNTY,481,44 Years,460,225,235,196,95,101,51,31,20,6,3,3,207,96,111
WHARTON COUNTY,481,45 Years,478,241,237,206,106,100,63,32,31,7,4,3,202,99,103
WHARTON COUNTY,481,46 Years,488,244,244,230,109,121,60,30,30,5,4,1,193,101,92
WHARTON COUNTY,481,47 Years,435,213,222,200,92,108,49,27,22,3,2,1,183,92,91
WHARTON COUNTY,481,48 Years,461,222,239,199,95,104,52,26,26,4,3,1,206,98,108
WHARTON COUNTY,481,49 Years,498,255,243,233,119,114,61,30,31,5,3,2,199,103,96
WHARTON COUNTY,481,50 Years,509,266,243,244,125,119,70,33,37,3,1,2,192,107,85
WHARTON COUNTY,481,51 Years,536,257,279,263,127,136,77,29,48,6,3,3,190,98,92
WHARTON COUNTY,481,52 Years,551,274,277,283,139,144,67,29,38,6,1,5,195,105,90
WHARTON COUNTY,481,53 Years,554,263,291,285,129,156,77,38,39,8,3,5,184,93,91
WHARTON COUNTY,481,54 Years,533,261,272,281,130,151,79,40,39,6,4,2,167,87,80
WHARTON COUNTY,481,55 Years,575,294,281,310,153,157,89,42,47,8,5,3,168,94,74
WHARTON COUNTY,481,56 Years,573,282,291,322,159,163,88,42,46,6,4,2,157,77,80
WHARTON COUNTY,481,57 Years,581,288,293,323,160,163,99,48,51,7,3,4,152,77,75
WHARTON COUNTY,481,58 Years,580,289,291,328,161,167,90,45,45,4,2,2,158,81,77
WHARTON COUNTY,481,59 Years,603,280,323,346,168,178,83,37,46,4,1,3,170,74,96
WHARTON COUNTY,481,60 Years,611,297,314,353,172,181,83,40,43,8,3,5,167,82,85
WHARTON COUNTY,481,61 Years,574,274,300,316,142,174,88,45,43,5,2,3,165,85,80
WHARTON COUNTY,481,62 Years,542,271,271,322,163,159,83,38,45,5,3,2,132,67,65
WHARTON COUNTY,481,63 Years,523,270,253,318,165,153,70,33,37,7,4,3,128,68,60
WHARTON COUNTY,481,64 Years,494,257,237,312,165,147,56,28,28,5,2,3,121,62,59
WHARTON COUNTY,481,65 Years,517,263,254,318,161,157,66,32,34,6,3,3,127,67,60
WHARTON COUNTY,481,66 Years,487,239,248,297,148,149,64,29,35,8,4,4,118,58,60
WHARTON COUNTY,481,67 Years,450,222,228,291,147,144,56,20,36,5,3,2,98,52,46
WHARTON COUNTY,481,68 Years,420,204,216,262,130,132,56,23,33,7,3,4,95,48,47
WHARTON COUNTY,481,69 Years,389,185,204,259,120,139,48,21,27,7,4,3,75,40,35
WHARTON COUNTY,481,70 Years,334,151,183,219,103,116,40,16,24,6,2,4,69,30,39
WHARTON COUNTY,481,71 Years,330,153,177,213,99,114,44,23,21,3,1,2,70,30,40
WHARTON COUNTY,481,72 Years,311,152,159,211,108,103,40,17,23,4,2,2,56,25,31
WHARTON COUNTY,481,73 Years,301,144,157,203,107,96,39,15,24,6,0,6,53,22,31
WHARTON COUNTY,481,74 Years,291,131,160,194,92,102,40,14,26,6,2,4,51,23,28
WHARTON COUNTY,481,75 Years,270,120,150,170,78,92,42,16,26,1,1,0,57,25,32
WHARTON COUNTY,481,76 Years,229,101,128,151,67,84,30,14,16,1,0,1,47,20,27
WHARTON COUNTY,481,77 Years,229,97,132,148,63,85,30,12,18,5,4,1,46,18,28
WHARTON COUNTY,481,78 Years,237,106,131,157,71,86,36,19,17,2,2,0,42,14,28
WHARTON COUNTY,481,79 Years,212,93,119,146,67,79,30,12,18,2,2,0,34,12,22
WHARTON COUNTY,481,80 Years,191,74,117,132,54,78,23,8,15,0,0,0,36,12,24
WHARTON COUNTY,481,81 Years,174,71,103,122,54,68,23,7,16,1,1,0,28,9,19
WHARTON COUNTY,481,82 Years,166,66,100,114,47,67,21,6,15,1,1,0,30,12,18
WHARTON COUNTY,481,83 Years,147,64,83,105,46,59,22,9,13,0,0,0,20,9,11
WHARTON COUNTY,481,84 Years,130,53,77,97,41,56,16,6,10,0,0,0,17,6,11
WHARTON COUNTY,481,85 Years +,884,294,590,627,202,425,91,29,62,10,4,6,156,59,97
WHEELER COUNTY,483,All Ages,5538,2754,2784,3586,1760,1826,109,48,61,129,49,80,1714,897,817
WHEELER COUNTY,483,< 1 Year,69,32,37,39,17,22,1,0,1,0,0,0,29,15,14
WHEELER COUNTY,483,1 Years,76,38,38,34,16,18,1,1,0,7,2,5,34,19,15
WHEELER COUNTY,483,2 Years,77,37,40,31,15,16,1,0,1,7,2,5,38,20,18
WHEELER COUNTY,483,3 Years,73,38,35,26,14,12,2,1,1,8,4,4,37,19,18
WHEELER COUNTY,483,4 Years,65,32,33,27,14,13,1,1,0,3,1,2,34,16,18
WHEELER COUNTY,483,5 Years,68,35,33,28,15,13,1,1,0,0,0,0,39,19,20
WHEELER COUNTY,483,6 Years,77,43,34,33,16,17,0,0,0,2,0,2,42,27,15
WHEELER COUNTY,483,7 Years,83,48,35,34,18,16,0,0,0,3,0,3,46,30,16
WHEELER COUNTY,483,8 Years,82,44,38,32,18,14,2,2,0,2,0,2,46,24,22
WHEELER COUNTY,483,9 Years,82,39,43,28,14,14,2,1,1,1,0,1,51,24,27
WHEELER COUNTY,483,10 Years,87,41,46,32,16,16,1,1,0,3,1,2,51,23,28
WHEELER COUNTY,483,11 Years,90,46,44,41,26,15,5,1,4,3,2,1,41,17,24
WHEELER COUNTY,483,12 Years,82,37,45,38,18,20,2,1,1,4,2,2,38,16,22
WHEELER COUNTY,483,13 Years,83,45,38,37,20,17,2,2,0,1,0,1,43,23,20
WHEELER COUNTY,483,14 Years,74,44,30,31,20,11,2,0,2,1,0,1,40,24,16
WHEELER COUNTY,483,15 Years,64,35,29,31,16,15,1,0,1,2,1,1,30,18,12
WHEELER COUNTY,483,16 Years,75,34,41,41,20,21,2,1,1,1,0,1,31,13,18
WHEELER COUNTY,483,17 Years,72,38,34,37,22,15,1,0,1,1,0,1,33,16,17
WHEELER COUNTY,483,18 Years,73,38,35,36,19,17,2,1,1,2,2,0,33,16,17
WHEELER COUNTY,483,19 Years,67,33,34,35,19,16,4,1,3,2,1,1,26,12,14
WHEELER COUNTY,483,20 Years,72,34,38,41,19,22,3,1,2,1,1,0,27,13,14
WHEELER COUNTY,483,21 Years,63,31,32,34,16,18,1,1,0,0,0,0,28,14,14
WHEELER COUNTY,483,22 Years,66,27,39,39,16,23,0,0,0,3,0,3,24,11,13
WHEELER COUNTY,483,23 Years,80,46,34,49,28,21,3,1,2,1,0,1,27,17,10
WHEELER COUNTY,483,24 Years,84,43,41,53,29,24,3,1,2,2,0,2,26,13,13
WHEELER COUNTY,483,25 Years,62,33,29,33,17,16,2,1,1,3,2,1,24,13,11
WHEELER COUNTY,483,26 Years,44,22,22,29,15,14,2,1,1,1,0,1,12,6,6
WHEELER COUNTY,483,27 Years,40,18,22,25,11,14,0,0,0,0,0,0,15,7,8
WHEELER COUNTY,483,28 Years,47,20,27,27,10,17,2,1,1,0,0,0,18,9,9
WHEELER COUNTY,483,29 Years,60,37,23,36,21,15,4,1,3,1,1,0,19,14,5
WHEELER COUNTY,483,30 Years,63,33,30,35,16,19,2,1,1,0,0,0,26,16,10
WHEELER COUNTY,483,31 Years,68,30,38,44,20,24,1,0,1,0,0,0,23,10,13
WHEELER COUNTY,483,32 Years,70,33,37,44,22,22,2,0,2,1,0,1,23,11,12
WHEELER COUNTY,483,33 Years,71,36,35,40,21,19,2,0,2,2,0,2,27,15,12
WHEELER COUNTY,483,34 Years,69,32,37,33,16,17,1,1,0,3,1,2,32,14,18
WHEELER COUNTY,483,35 Years,65,31,34,34,17,17,0,0,0,1,0,1,30,14,16
WHEELER COUNTY,483,36 Years,70,34,36,38,19,19,1,0,1,1,1,0,30,14,16
WHEELER COUNTY,483,37 Years,57,33,24,31,17,14,2,2,0,1,1,0,23,13,10
WHEELER COUNTY,483,38 Years,50,26,24,24,10,14,2,2,0,0,0,0,24,14,10
WHEELER COUNTY,483,39 Years,59,27,32,27,9,18,1,1,0,1,1,0,30,16,14
WHEELER COUNTY,483,40 Years,67,34,33,28,13,15,0,0,0,1,0,1,38,21,17
WHEELER COUNTY,483,41 Years,76,45,31,44,23,21,1,1,0,1,1,0,30,20,10
WHEELER COUNTY,483,42 Years,65,38,27,38,23,15,1,0,1,1,1,0,25,14,11
WHEELER COUNTY,483,43 Years,63,30,33,42,21,21,1,0,1,1,0,1,19,9,10
WHEELER COUNTY,483,44 Years,60,32,28,34,20,14,3,2,1,0,0,0,23,10,13
WHEELER COUNTY,483,45 Years,64,30,34,43,21,22,0,0,0,0,0,0,21,9,12
WHEELER COUNTY,483,46 Years,60,28,32,39,17,22,0,0,0,0,0,0,21,11,10
WHEELER COUNTY,483,47 Years,59,33,26,39,20,19,0,0,0,0,0,0,20,13,7
WHEELER COUNTY,483,48 Years,55,32,23,35,20,15,1,0,1,0,0,0,19,12,7
WHEELER COUNTY,483,49 Years,55,31,24,43,27,16,1,0,1,0,0,0,11,4,7
WHEELER COUNTY,483,50 Years,50,28,22,32,19,13,2,1,1,1,1,0,15,7,8
WHEELER COUNTY,483,51 Years,54,26,28,35,17,18,2,1,1,0,0,0,17,8,9
WHEELER COUNTY,483,52 Years,59,27,32,39,18,21,2,2,0,1,0,1,17,7,10
WHEELER COUNTY,483,53 Years,66,34,32,51,26,25,2,2,0,1,1,0,12,5,7
WHEELER COUNTY,483,54 Years,71,33,38,55,25,30,3,0,3,2,1,1,11,7,4
WHEELER COUNTY,483,55 Years,71,33,38,52,22,30,2,0,2,3,2,1,14,9,5
WHEELER COUNTY,483,56 Years,70,30,40,59,23,36,1,1,0,2,1,1,8,5,3
WHEELER COUNTY,483,57 Years,75,36,39,65,33,32,1,1,0,0,0,0,9,2,7
WHEELER COUNTY,483,58 Years,77,34,43,68,30,38,1,1,0,0,0,0,8,3,5
WHEELER COUNTY,483,59 Years,83,45,38,70,38,32,2,0,2,1,0,1,10,7,3
WHEELER COUNTY,483,60 Years,86,37,49,77,33,44,1,0,1,1,0,1,7,4,3
WHEELER COUNTY,483,61 Years,88,45,43,79,41,38,1,0,1,1,0,1,7,4,3
WHEELER COUNTY,483,62 Years,75,38,37,63,32,31,0,0,0,2,0,2,10,6,4
WHEELER COUNTY,483,63 Years,66,38,28,53,26,27,2,2,0,3,3,0,8,7,1
WHEELER COUNTY,483,64 Years,67,39,28,59,32,27,1,1,0,2,2,0,5,4,1
WHEELER COUNTY,483,65 Years,69,33,36,59,28,31,1,0,1,2,0,2,7,5,2
WHEELER COUNTY,483,66 Years,65,33,32,56,27,29,0,0,0,1,1,0,8,5,3
WHEELER COUNTY,483,67 Years,62,33,29,57,29,28,0,0,0,1,1,0,4,3,1
WHEELER COUNTY,483,68 Years,67,36,31,59,31,28,1,0,1,2,2,0,5,3,2
WHEELER COUNTY,483,69 Years,66,30,36,58,29,29,0,0,0,2,0,2,6,1,5
WHEELER COUNTY,483,70 Years,59,26,33,53,25,28,0,0,0,2,0,2,4,1,3
WHEELER COUNTY,483,71 Years,57,27,30,49,22,27,0,0,0,2,1,1,6,4,2
WHEELER COUNTY,483,72 Years,59,28,31,51,23,28,0,0,0,1,0,1,7,5,2
WHEELER COUNTY,483,73 Years,57,24,33,50,22,28,1,0,1,2,0,2,4,2,2
WHEELER COUNTY,483,74 Years,51,21,30,45,19,26,1,1,0,3,0,3,2,1,1
WHEELER COUNTY,483,75 Years,51,26,25,47,25,22,0,0,0,2,0,2,2,1,1
WHEELER COUNTY,483,76 Years,41,20,21,36,16,20,1,0,1,2,2,0,2,2,0
WHEELER COUNTY,483,77 Years,45,24,21,39,22,17,1,0,1,3,1,2,2,1,1
WHEELER COUNTY,483,78 Years,37,18,19,32,14,18,1,1,0,3,2,1,1,1,0
WHEELER COUNTY,483,79 Years,33,17,16,32,16,16,0,0,0,0,0,0,1,1,0
WHEELER COUNTY,483,80 Years,31,11,20,29,10,19,0,0,0,0,0,0,2,1,1
WHEELER COUNTY,483,81 Years,30,9,21,27,9,18,1,0,1,0,0,0,2,0,2
WHEELER COUNTY,483,82 Years,26,14,12,25,13,12,1,1,0,0,0,0,0,0,0
WHEELER COUNTY,483,83 Years,26,10,16,25,9,16,0,0,0,0,0,0,1,1,0
WHEELER COUNTY,483,84 Years,25,13,12,21,10,11,0,0,0,0,0,0,4,3,1
WHEELER COUNTY,483,85 Years +,120,42,78,107,39,68,2,0,2,2,0,2,9,3,6
WICHITA COUNTY,485,All Ages,133445,68649,64796,85466,43184,42282,13706,7506,6200,7770,3822,3948,26503,14137,12366
WICHITA COUNTY,485,< 1 Year,1707,849,858,874,451,423,167,82,85,167,82,85,499,234,265
WICHITA COUNTY,485,1 Years,1775,897,878,927,481,446,168,83,85,164,79,85,516,254,262
WICHITA COUNTY,485,2 Years,1826,924,902,962,491,471,176,88,88,152,72,80,536,273,263
WICHITA COUNTY,485,3 Years,1836,918,918,981,504,477,170,85,85,146,61,85,539,268,271
WICHITA COUNTY,485,4 Years,1850,930,920,975,511,464,179,86,93,156,67,89,540,266,274
WICHITA COUNTY,485,5 Years,1876,963,913,989,530,459,179,86,93,177,88,89,531,259,272
WICHITA COUNTY,485,6 Years,1843,959,884,972,514,458,183,77,106,157,87,70,531,281,250
WICHITA COUNTY,485,7 Years,1778,949,829,906,485,421,172,88,84,155,82,73,545,294,251
WICHITA COUNTY,485,8 Years,1783,934,849,942,502,440,168,72,96,152,86,66,521,274,247
WICHITA COUNTY,485,9 Years,1760,887,873,909,463,446,186,83,103,144,76,68,521,265,256
WICHITA COUNTY,485,10 Years,1775,893,882,915,453,462,165,73,92,156,86,70,539,281,258
WICHITA COUNTY,485,11 Years,1706,875,831,887,444,443,158,84,74,144,77,67,517,270,247
WICHITA COUNTY,485,12 Years,1654,823,831,861,413,448,167,88,79,131,66,65,495,256,239
WICHITA COUNTY,485,13 Years,1624,801,823,839,399,440,168,87,81,127,71,56,490,244,246
WICHITA COUNTY,485,14 Years,1662,829,833,882,438,444,185,81,104,122,62,60,473,248,225
WICHITA COUNTY,485,15 Years,1615,807,808,840,430,410,168,80,88,112,50,62,495,247,248
WICHITA COUNTY,485,16 Years,1633,842,791,871,458,413,161,79,82,102,51,51,499,254,245
WICHITA COUNTY,485,17 Years,1851,980,871,1006,521,485,181,93,88,138,75,63,526,291,235
WICHITA COUNTY,485,18 Years,2288,1293,995,1356,766,590,246,162,84,148,77,71,538,288,250
WICHITA COUNTY,485,19 Years,2856,1697,1159,1760,1063,697,364,225,139,173,102,71,559,307,252
WICHITA COUNTY,485,20 Years,2508,1471,1037,1496,888,608,349,209,140,153,91,62,510,283,227
WICHITA COUNTY,485,21 Years,2283,1308,975,1325,793,532,302,152,150,144,81,63,512,282,230
WICHITA COUNTY,485,22 Years,2293,1262,1031,1293,725,568,317,162,155,164,74,90,519,301,218
WICHITA COUNTY,485,23 Years,2193,1242,951,1256,718,538,293,167,126,162,83,79,482,274,208
WICHITA COUNTY,485,24 Years,2331,1355,976,1324,794,530,328,193,135,158,85,73,521,283,238
WICHITA COUNTY,485,25 Years,2467,1410,1057,1483,858,625,267,150,117,154,86,68,563,316,247
WICHITA COUNTY,485,26 Years,2441,1360,1081,1540,848,692,259,154,105,148,85,63,494,273,221
WICHITA COUNTY,485,27 Years,2322,1260,1062,1487,786,701,236,133,103,147,84,63,452,257,195
WICHITA COUNTY,485,28 Years,2165,1170,995,1389,701,688,242,155,87,107,61,46,427,253,174
WICHITA COUNTY,485,29 Years,2039,1120,919,1250,650,600,256,163,93,108,62,46,425,245,180
WICHITA COUNTY,485,30 Years,1881,1002,879,1114,563,551,231,137,94,98,55,43,438,247,191
WICHITA COUNTY,485,31 Years,1769,948,821,1024,518,506,234,135,99,98,53,45,413,242,171
WICHITA COUNTY,485,32 Years,1711,898,813,990,483,507,237,141,96,96,48,48,388,226,162
WICHITA COUNTY,485,33 Years,1552,821,731,868,431,437,218,136,82,77,33,44,389,221,168
WICHITA COUNTY,485,34 Years,1556,827,729,873,424,449,195,120,75,82,42,40,406,241,165
WICHITA COUNTY,485,35 Years,1595,850,745,910,469,441,207,119,88,97,48,49,381,214,167
WICHITA COUNTY,485,36 Years,1589,847,742,874,441,433,215,123,92,96,45,51,404,238,166
WICHITA COUNTY,485,37 Years,1563,828,735,882,438,444,205,120,85,92,43,49,384,227,157
WICHITA COUNTY,485,38 Years,1469,780,689,884,452,432,168,95,73,91,41,50,326,192,134
WICHITA COUNTY,485,39 Years,1506,827,679,886,468,418,203,124,79,91,46,45,326,189,137
WICHITA COUNTY,485,40 Years,1463,782,681,899,468,431,160,103,57,95,40,55,309,171,138
WICHITA COUNTY,485,41 Years,1448,765,683,902,461,441,143,86,57,94,41,53,309,177,132
WICHITA COUNTY,485,42 Years,1349,719,630,836,451,385,175,96,79,84,37,47,254,135,119
WICHITA COUNTY,485,43 Years,1398,740,658,897,463,434,152,95,57,80,35,45,269,147,122
WICHITA COUNTY,485,44 Years,1427,745,682,920,455,465,155,100,55,79,39,40,273,151,122
WICHITA COUNTY,485,45 Years,1488,763,725,985,491,494,144,90,54,83,36,47,276,146,130
WICHITA COUNTY,485,46 Years,1491,779,712,984,512,472,139,81,58,84,37,47,284,149,135
WICHITA COUNTY,485,47 Years,1408,764,644,907,492,415,166,104,62,72,34,38,263,134,129
WICHITA COUNTY,485,48 Years,1355,705,650,863,436,427,164,107,57,60,31,29,268,131,137
WICHITA COUNTY,485,49 Years,1421,754,667,932,475,457,158,106,52,60,32,28,271,141,130
WICHITA COUNTY,485,50 Years,1467,784,683,975,510,465,175,109,66,74,34,40,243,131,112
WICHITA COUNTY,485,51 Years,1606,835,771,1106,563,543,178,105,73,77,33,44,245,134,111
WICHITA COUNTY,485,52 Years,1609,829,780,1125,566,559,156,93,63,82,36,46,246,134,112
WICHITA COUNTY,485,53 Years,1665,822,843,1183,568,615,151,87,64,89,37,52,242,130,112
WICHITA COUNTY,485,54 Years,1751,863,888,1268,603,665,175,97,78,79,39,40,229,124,105
WICHITA COUNTY,485,55 Years,1783,918,865,1314,679,635,171,82,89,71,34,37,227,123,104
WICHITA COUNTY,485,56 Years,1727,900,827,1265,657,608,166,85,81,75,37,38,221,121,100
WICHITA COUNTY,485,57 Years,1652,809,843,1220,603,617,158,75,83,64,27,37,210,104,106
WICHITA COUNTY,485,58 Years,1731,843,888,1301,624,677,149,80,69,69,28,41,212,111,101
WICHITA COUNTY,485,59 Years,1680,809,871,1266,595,671,137,72,65,72,30,42,205,112,93
WICHITA COUNTY,485,60 Years,1596,775,821,1234,597,637,135,62,73,56,22,34,171,94,77
WICHITA COUNTY,485,61 Years,1603,809,794,1229,608,621,144,88,56,64,29,35,166,84,82
WICHITA COUNTY,485,62 Years,1532,766,766,1190,579,611,126,78,48,65,32,33,151,77,74
WICHITA COUNTY,485,63 Years,1462,733,729,1113,552,561,134,66,68,59,31,28,156,84,72
WICHITA COUNTY,485,64 Years,1370,677,693,1049,513,536,113,60,53,52,25,27,156,79,77
WICHITA COUNTY,485,65 Years,1294,608,686,988,462,526,119,59,60,58,24,34,129,63,66
WICHITA COUNTY,485,66 Years,1235,601,634,967,478,489,100,50,50,48,16,32,120,57,63
WICHITA COUNTY,485,67 Years,1169,571,598,921,453,468,80,39,41,45,16,29,123,63,60
WICHITA COUNTY,485,68 Years,1152,569,583,919,454,465,68,36,32,54,24,30,111,55,56
WICHITA COUNTY,485,69 Years,1152,547,605,948,454,494,60,23,37,44,21,23,100,49,51
WICHITA COUNTY,485,70 Years,924,438,486,745,359,386,67,26,41,30,15,15,82,38,44
WICHITA COUNTY,485,71 Years,893,440,453,718,359,359,61,30,31,29,10,19,85,41,44
WICHITA COUNTY,485,72 Years,904,401,503,733,322,411,57,26,31,35,16,19,79,37,42
WICHITA COUNTY,485,73 Years,852,375,477,713,319,394,44,19,25,27,11,16,68,26,42
WICHITA COUNTY,485,74 Years,790,339,451,660,288,372,46,20,26,25,10,15,59,21,38
WICHITA COUNTY,485,75 Years,772,327,445,637,266,371,50,28,22,26,8,18,59,25,34
WICHITA COUNTY,485,76 Years,685,291,394,571,251,320,43,15,28,16,3,13,55,22,33
WICHITA COUNTY,485,77 Years,669,271,398,564,229,335,50,21,29,16,5,11,39,16,23
WICHITA COUNTY,485,78 Years,671,273,398,560,235,325,45,12,33,22,8,14,44,18,26
WICHITA COUNTY,485,79 Years,628,270,358,526,232,294,31,10,21,24,7,17,47,21,26
WICHITA COUNTY,485,80 Years,612,251,361,508,206,302,35,15,20,21,10,11,48,20,28
WICHITA COUNTY,485,81 Years,608,254,354,517,215,302,28,15,13,16,7,9,47,17,30
WICHITA COUNTY,485,82 Years,570,243,327,490,208,282,31,16,15,16,4,12,33,15,18
WICHITA COUNTY,485,83 Years,504,205,299,426,174,252,35,16,19,20,6,14,23,9,14
WICHITA COUNTY,485,84 Years,471,185,286,409,166,243,28,9,19,12,3,9,22,7,15
WICHITA COUNTY,485,85 Years +,2477,866,1611,2181,768,1413,131,44,87,61,19,42,104,35,69
WILBARGER COUNTY,487,All Ages,12513,6348,6165,7302,3654,3648,992,539,453,423,207,216,3796,1948,1848
WILBARGER COUNTY,487,< 1 Year,169,86,83,57,28,29,12,4,8,20,11,9,80,43,37
WILBARGER COUNTY,487,1 Years,174,90,84,62,34,28,13,6,7,19,9,10,80,41,39
WILBARGER COUNTY,487,2 Years,176,93,83,64,39,25,12,6,6,15,6,9,85,42,43
WILBARGER COUNTY,487,3 Years,172,91,81,68,39,29,9,4,5,9,4,5,86,44,42
WILBARGER COUNTY,487,4 Years,181,91,90,75,39,36,9,4,5,6,1,5,91,47,44
WILBARGER COUNTY,487,5 Years,185,90,95,74,35,39,11,5,6,7,1,6,93,49,44
WILBARGER COUNTY,487,6 Years,193,94,99,77,39,38,12,7,5,7,6,1,97,42,55
WILBARGER COUNTY,487,7 Years,181,93,88,81,40,41,12,9,3,6,3,3,82,41,41
WILBARGER COUNTY,487,8 Years,175,86,89,71,37,34,16,9,7,9,6,3,79,34,45
WILBARGER COUNTY,487,9 Years,172,76,96,70,31,39,16,7,9,9,6,3,77,32,45
WILBARGER COUNTY,487,10 Years,176,88,88,77,39,38,12,3,9,8,5,3,79,41,38
WILBARGER COUNTY,487,11 Years,170,86,84,73,39,34,12,4,8,7,3,4,78,40,38
WILBARGER COUNTY,487,12 Years,183,100,83,82,48,34,12,5,7,5,2,3,84,45,39
WILBARGER COUNTY,487,13 Years,180,97,83,75,42,33,23,13,10,8,4,4,74,38,36
WILBARGER COUNTY,487,14 Years,183,96,87,84,45,39,19,12,7,7,5,2,73,34,39
WILBARGER COUNTY,487,15 Years,166,87,79,81,44,37,18,9,9,6,5,1,61,29,32
WILBARGER COUNTY,487,16 Years,163,85,78,80,44,36,15,7,8,5,3,2,63,31,32
WILBARGER COUNTY,487,17 Years,149,85,64,70,39,31,12,8,4,6,6,0,61,32,29
WILBARGER COUNTY,487,18 Years,146,82,64,71,38,33,13,8,5,5,4,1,57,32,25
WILBARGER COUNTY,487,19 Years,144,74,70,75,40,35,12,5,7,4,2,2,53,27,26
WILBARGER COUNTY,487,20 Years,145,73,72,74,40,34,12,5,7,4,2,2,55,26,29
WILBARGER COUNTY,487,21 Years,144,77,67,70,38,32,13,8,5,4,3,1,57,28,29
WILBARGER COUNTY,487,22 Years,176,96,80,86,42,44,15,11,4,7,4,3,68,39,29
WILBARGER COUNTY,487,23 Years,205,116,89,101,53,48,20,14,6,8,4,4,76,45,31
WILBARGER COUNTY,487,24 Years,183,103,80,91,47,44,18,11,7,4,1,3,70,44,26
WILBARGER COUNTY,487,25 Years,186,99,87,105,54,51,14,8,6,5,4,1,62,33,29
WILBARGER COUNTY,487,26 Years,198,107,91,117,63,54,20,14,6,6,4,2,55,26,29
WILBARGER COUNTY,487,27 Years,162,83,79,91,47,44,12,8,4,2,0,2,57,28,29
WILBARGER COUNTY,487,28 Years,151,78,73,75,36,39,12,6,6,3,2,1,61,34,27
WILBARGER COUNTY,487,29 Years,147,72,75,69,30,39,11,5,6,5,3,2,62,34,28
WILBARGER COUNTY,487,30 Years,156,81,75,76,40,36,19,9,10,3,1,2,58,31,27
WILBARGER COUNTY,487,31 Years,149,79,70,75,40,35,19,9,10,3,1,2,52,29,23
WILBARGER COUNTY,487,32 Years,152,80,72,83,40,43,8,5,3,5,2,3,56,33,23
WILBARGER COUNTY,487,33 Years,144,75,69,78,43,35,11,7,4,4,1,3,51,24,27
WILBARGER COUNTY,487,34 Years,135,70,65,74,40,34,9,4,5,7,1,6,45,25,20
WILBARGER COUNTY,487,35 Years,130,62,68,78,35,43,8,4,4,4,1,3,40,22,18
WILBARGER COUNTY,487,36 Years,128,69,59,78,41,37,11,5,6,3,3,0,36,20,16
WILBARGER COUNTY,487,37 Years,134,69,65,81,45,36,12,6,6,5,1,4,36,17,19
WILBARGER COUNTY,487,38 Years,131,68,63,71,42,29,12,6,6,5,1,4,43,19,24
WILBARGER COUNTY,487,39 Years,132,68,64,75,37,38,12,7,5,2,2,0,43,22,21
WILBARGER COUNTY,487,40 Years,121,58,63,66,33,33,11,8,3,4,1,3,40,16,24
WILBARGER COUNTY,487,41 Years,113,58,55,65,32,33,9,7,2,3,2,1,36,17,19
WILBARGER COUNTY,487,42 Years,113,52,61,64,29,35,11,7,4,2,2,0,36,14,22
WILBARGER COUNTY,487,43 Years,135,71,64,79,44,35,12,6,6,4,3,1,40,18,22
WILBARGER COUNTY,487,44 Years,128,64,64,77,39,38,9,5,4,5,1,4,37,19,18
WILBARGER COUNTY,487,45 Years,142,67,75,89,44,45,9,4,5,6,2,4,38,17,21
WILBARGER COUNTY,487,46 Years,128,63,65,72,37,35,12,6,6,7,4,3,37,16,21
WILBARGER COUNTY,487,47 Years,119,56,63,72,32,40,14,7,7,4,2,2,29,15,14
WILBARGER COUNTY,487,48 Years,134,70,64,78,41,37,12,7,5,6,2,4,38,20,18
WILBARGER COUNTY,487,49 Years,146,87,59,93,56,37,13,7,6,4,3,1,36,21,15
WILBARGER COUNTY,487,50 Years,155,86,69,104,57,47,12,6,6,2,2,0,37,21,16
WILBARGER COUNTY,487,51 Years,159,84,75,106,55,51,10,7,3,4,1,3,39,21,18
WILBARGER COUNTY,487,52 Years,160,87,73,107,55,52,11,7,4,5,2,3,37,23,14
WILBARGER COUNTY,487,53 Years,177,86,91,123,54,69,15,9,6,4,1,3,35,22,13
WILBARGER COUNTY,487,54 Years,183,87,96,124,57,67,14,9,5,7,2,5,38,19,19
WILBARGER COUNTY,487,55 Years,195,90,105,133,56,77,12,7,5,7,4,3,43,23,20
WILBARGER COUNTY,487,56 Years,192,103,89,125,66,59,16,9,7,3,3,0,48,25,23
WILBARGER COUNTY,487,57 Years,174,93,81,114,59,55,17,10,7,5,3,2,38,21,17
WILBARGER COUNTY,487,58 Years,177,89,88,127,66,61,15,7,8,5,3,2,30,13,17
WILBARGER COUNTY,487,59 Years,162,79,83,113,54,59,14,9,5,5,2,3,30,14,16
WILBARGER COUNTY,487,60 Years,170,95,75,117,63,54,16,11,5,5,2,3,32,19,13
WILBARGER COUNTY,487,61 Years,175,93,82,122,61,61,20,14,6,6,2,4,27,16,11
WILBARGER COUNTY,487,62 Years,178,89,89,124,61,63,16,8,8,5,3,2,33,17,16
WILBARGER COUNTY,487,63 Years,164,81,83,123,58,65,12,6,6,2,1,1,27,16,11
WILBARGER COUNTY,487,64 Years,151,77,74,112,56,56,9,6,3,4,2,2,26,13,13
WILBARGER COUNTY,487,65 Years,142,72,70,99,48,51,13,8,5,5,2,3,25,14,11
WILBARGER COUNTY,487,66 Years,124,60,64,90,42,48,10,6,4,2,1,1,22,11,11
WILBARGER COUNTY,487,67 Years,123,63,60,88,47,41,9,4,5,5,2,3,21,10,11
WILBARGER COUNTY,487,68 Years,149,69,80,112,52,60,7,2,5,5,2,3,25,13,12
WILBARGER COUNTY,487,69 Years,136,70,66,107,50,57,5,5,0,5,2,3,19,13,6
WILBARGER COUNTY,487,70 Years,118,55,63,86,39,47,9,4,5,2,1,1,21,11,10
WILBARGER COUNTY,487,71 Years,119,58,61,89,43,46,10,5,5,2,0,2,18,10,8
WILBARGER COUNTY,487,72 Years,108,52,56,87,43,44,6,2,4,1,0,1,14,7,7
WILBARGER COUNTY,487,73 Years,94,42,52,81,36,45,4,2,2,0,0,0,9,4,5
WILBARGER COUNTY,487,74 Years,90,44,46,74,39,35,4,1,3,1,0,1,11,4,7
WILBARGER COUNTY,487,75 Years,87,43,44,69,33,36,3,2,1,1,0,1,14,8,6
WILBARGER COUNTY,487,76 Years,84,40,44,69,34,35,6,2,4,1,0,1,8,4,4
WILBARGER COUNTY,487,77 Years,74,39,35,58,32,26,4,1,3,2,1,1,10,5,5
WILBARGER COUNTY,487,78 Years,63,35,28,52,30,22,2,0,2,1,1,0,8,4,4
WILBARGER COUNTY,487,79 Years,61,30,31,49,24,25,0,0,0,3,1,2,9,5,4
WILBARGER COUNTY,487,80 Years,66,29,37,51,22,29,6,3,3,2,1,1,7,3,4
WILBARGER COUNTY,487,81 Years,63,28,35,51,21,30,4,1,3,1,0,1,7,6,1
WILBARGER COUNTY,487,82 Years,59,23,36,45,16,29,5,3,2,1,0,1,8,4,4
WILBARGER COUNTY,487,83 Years,51,21,30,41,15,26,4,3,1,1,0,1,5,3,2
WILBARGER COUNTY,487,84 Years,42,14,28,35,10,25,2,1,1,2,1,1,3,2,1
WILBARGER COUNTY,487,85 Years +,283,101,182,225,81,144,20,8,12,9,4,5,29,8,21
WILLACY COUNTY,489,All Ages,22016,12028,9988,2096,1126,970,352,316,36,201,150,51,19367,10436,8931
WILLACY COUNTY,489,< 1 Year,331,167,164,15,3,12,0,0,0,0,0,0,316,164,152
WILLACY COUNTY,489,1 Years,332,173,159,18,6,12,0,0,0,3,2,1,311,165,146
WILLACY COUNTY,489,2 Years,340,174,166,27,11,16,2,1,1,3,2,1,308,160,148
WILLACY COUNTY,489,3 Years,353,184,169,25,13,12,0,0,0,4,3,1,324,168,156
WILLACY COUNTY,489,4 Years,356,182,174,32,16,16,0,0,0,0,0,0,324,166,158
WILLACY COUNTY,489,5 Years,375,193,182,35,18,17,0,0,0,0,0,0,340,175,165
WILLACY COUNTY,489,6 Years,341,166,175,30,11,19,1,0,1,2,0,2,308,155,153
WILLACY COUNTY,489,7 Years,270,140,130,21,11,10,2,1,1,2,1,1,245,127,118
WILLACY COUNTY,489,8 Years,279,143,136,18,10,8,1,0,1,1,0,1,259,133,126
WILLACY COUNTY,489,9 Years,295,152,143,17,7,10,0,0,0,1,1,0,277,144,133
WILLACY COUNTY,489,10 Years,277,140,137,14,8,6,2,0,2,1,0,1,260,132,128
WILLACY COUNTY,489,11 Years,305,157,148,17,10,7,0,0,0,2,1,1,286,146,140
WILLACY COUNTY,489,12 Years,322,165,157,22,13,9,1,1,0,3,2,1,296,149,147
WILLACY COUNTY,489,13 Years,302,166,136,25,16,9,1,1,0,2,1,1,274,148,126
WILLACY COUNTY,489,14 Years,299,154,145,25,14,11,1,0,1,2,1,1,271,139,132
WILLACY COUNTY,489,15 Years,307,163,144,22,13,9,1,0,1,3,2,1,281,148,133
WILLACY COUNTY,489,16 Years,289,151,138,22,12,10,0,0,0,2,1,1,265,138,127
WILLACY COUNTY,489,17 Years,291,147,144,19,9,10,1,0,1,3,2,1,268,136,132
WILLACY COUNTY,489,18 Years,310,176,134,17,10,7,2,2,0,5,5,0,286,159,127
WILLACY COUNTY,489,19 Years,322,180,142,18,9,9,4,4,0,8,6,2,292,161,131
WILLACY COUNTY,489,20 Years,326,191,135,17,12,5,6,6,0,4,3,1,299,170,129
WILLACY COUNTY,489,21 Years,358,201,157,25,14,11,6,6,0,4,3,1,323,178,145
WILLACY COUNTY,489,22 Years,388,232,156,24,12,12,12,12,0,5,4,1,347,204,143
WILLACY COUNTY,489,23 Years,410,249,161,30,21,9,10,10,0,4,4,0,366,214,152
WILLACY COUNTY,489,24 Years,433,274,159,30,23,7,12,11,1,8,8,0,383,232,151
WILLACY COUNTY,489,25 Years,414,264,150,24,15,9,11,10,1,8,8,0,371,231,140
WILLACY COUNTY,489,26 Years,413,275,138,24,16,8,16,15,1,4,4,0,369,240,129
WILLACY COUNTY,489,27 Years,400,270,130,22,15,7,16,16,0,9,8,1,353,231,122
WILLACY COUNTY,489,28 Years,355,235,120,23,16,7,15,14,1,5,4,1,312,201,111
WILLACY COUNTY,489,29 Years,337,222,115,23,17,6,12,11,1,3,2,1,299,192,107
WILLACY COUNTY,489,30 Years,329,209,120,19,13,6,13,12,1,5,3,2,292,181,111
WILLACY COUNTY,489,31 Years,327,211,116,23,16,7,13,13,0,4,2,2,287,180,107
WILLACY COUNTY,489,32 Years,293,192,101,12,7,5,16,16,0,4,4,0,261,165,96
WILLACY COUNTY,489,33 Years,326,210,116,18,11,7,14,13,1,5,4,1,289,182,107
WILLACY COUNTY,489,34 Years,321,208,113,16,10,6,11,10,1,3,3,0,291,185,106
WILLACY COUNTY,489,35 Years,313,201,112,18,12,6,15,13,2,5,5,0,275,171,104
WILLACY COUNTY,489,36 Years,306,186,120,16,6,10,15,13,2,3,3,0,272,164,108
WILLACY COUNTY,489,37 Years,279,168,111,24,15,9,9,8,1,2,2,0,244,143,101
WILLACY COUNTY,489,38 Years,299,169,130,14,7,7,7,7,0,3,2,1,275,153,122
WILLACY COUNTY,489,39 Years,300,171,129,13,9,4,7,7,0,2,1,1,278,154,124
WILLACY COUNTY,489,40 Years,279,152,127,15,10,5,4,3,1,2,1,1,258,138,120
WILLACY COUNTY,489,41 Years,275,164,111,21,15,6,5,5,0,3,3,0,246,141,105
WILLACY COUNTY,489,42 Years,296,180,116,28,18,10,7,5,2,3,2,1,258,155,103
WILLACY COUNTY,489,43 Years,275,168,107,26,16,10,6,5,1,5,3,2,238,144,94
WILLACY COUNTY,489,44 Years,263,140,123,24,14,10,4,4,0,2,1,1,233,121,112
WILLACY COUNTY,489,45 Years,257,141,116,21,12,9,6,5,1,3,3,0,227,121,106
WILLACY COUNTY,489,46 Years,250,142,108,25,15,10,4,4,0,2,2,0,219,121,98
WILLACY COUNTY,489,47 Years,240,132,108,24,12,12,2,2,0,4,2,2,210,116,94
WILLACY COUNTY,489,48 Years,236,129,107,18,12,6,3,3,0,2,1,1,213,113,100
WILLACY COUNTY,489,49 Years,240,130,110,19,13,6,3,3,0,2,2,0,216,112,104
WILLACY COUNTY,489,50 Years,210,119,91,21,12,9,4,4,0,2,2,0,183,101,82
WILLACY COUNTY,489,51 Years,243,112,131,20,10,10,5,5,0,2,1,1,216,96,120
WILLACY COUNTY,489,52 Years,246,124,122,22,13,9,5,5,0,3,1,2,216,105,111
WILLACY COUNTY,489,53 Years,232,111,121,24,12,12,6,6,0,3,2,1,199,91,108
WILLACY COUNTY,489,54 Years,229,106,123,22,12,10,2,2,0,4,3,1,201,89,112
WILLACY COUNTY,489,55 Years,235,121,114,28,15,13,2,2,0,3,2,1,202,102,100
WILLACY COUNTY,489,56 Years,256,137,119,33,15,18,3,3,0,3,2,1,217,117,100
WILLACY COUNTY,489,57 Years,243,132,111,24,11,13,2,2,0,1,1,0,216,118,98
WILLACY COUNTY,489,58 Years,220,111,109,31,13,18,1,1,0,0,0,0,188,97,91
WILLACY COUNTY,489,59 Years,216,101,115,33,14,19,1,1,0,1,0,1,181,86,95
WILLACY COUNTY,489,60 Years,220,111,109,25,11,14,2,2,0,1,1,0,192,97,95
WILLACY COUNTY,489,61 Years,225,97,128,32,13,19,1,1,0,1,0,1,191,83,108
WILLACY COUNTY,489,62 Years,211,93,118,29,13,16,1,0,1,1,1,0,180,79,101
WILLACY COUNTY,489,63 Years,212,99,113,29,15,14,1,0,1,1,1,0,181,83,98
WILLACY COUNTY,489,64 Years,200,86,114,28,14,14,2,1,1,0,0,0,170,71,99
WILLACY COUNTY,489,65 Years,178,81,97,30,15,15,0,0,0,0,0,0,148,66,82
WILLACY COUNTY,489,66 Years,189,93,96,34,15,19,0,0,0,2,1,1,153,77,76
WILLACY COUNTY,489,67 Years,203,110,93,35,18,17,2,2,0,1,1,0,165,89,76
WILLACY COUNTY,489,68 Years,169,84,85,28,18,10,2,2,0,0,0,0,139,64,75
WILLACY COUNTY,489,69 Years,167,74,93,31,20,11,2,1,1,0,0,0,134,53,81
WILLACY COUNTY,489,70 Years,166,84,82,32,18,14,1,1,0,1,0,1,132,65,67
WILLACY COUNTY,489,71 Years,149,82,67,35,21,14,0,0,0,0,0,0,114,61,53
WILLACY COUNTY,489,72 Years,138,73,65,37,18,19,1,0,1,0,0,0,100,55,45
WILLACY COUNTY,489,73 Years,121,58,63,39,18,21,1,0,1,1,1,0,80,39,41
WILLACY COUNTY,489,74 Years,127,58,69,36,17,19,1,1,0,1,1,0,89,39,50
WILLACY COUNTY,489,75 Years,123,52,71,33,17,16,1,0,1,0,0,0,89,35,54
WILLACY COUNTY,489,76 Years,110,43,67,29,15,14,1,0,1,1,0,1,79,28,51
WILLACY COUNTY,489,77 Years,98,45,53,31,16,15,1,1,0,0,0,0,66,28,38
WILLACY COUNTY,489,78 Years,93,46,47,26,15,11,0,0,0,1,1,0,66,30,36
WILLACY COUNTY,489,79 Years,75,40,35,21,13,8,0,0,0,1,1,0,53,26,27
WILLACY COUNTY,489,80 Years,73,29,44,18,8,10,0,0,0,1,0,1,54,21,33
WILLACY COUNTY,489,81 Years,73,30,43,14,5,9,0,0,0,0,0,0,59,25,34
WILLACY COUNTY,489,82 Years,68,31,37,16,8,8,0,0,0,0,0,0,52,23,29
WILLACY COUNTY,489,83 Years,71,26,45,18,6,12,0,0,0,0,0,0,53,20,33
WILLACY COUNTY,489,84 Years,53,18,35,11,4,7,0,0,0,0,0,0,42,14,28
WILLACY COUNTY,489,85 Years +,340,122,218,66,24,42,2,1,1,0,0,0,272,97,175
WILLIAMSON COUNTY,491,All Ages,514534,248502,266032,303298,143922,159376,31939,15619,16320,43080,20799,22281,136217,68162,68055
WILLIAMSON COUNTY,491,< 1 Year,6312,3283,3029,3134,1649,1485,374,177,197,790,408,382,2014,1049,965
WILLIAMSON COUNTY,491,1 Years,6332,3279,3053,3177,1648,1529,383,192,191,777,392,385,1995,1047,948
WILLIAMSON COUNTY,491,2 Years,6241,3252,2989,3156,1620,1536,367,193,174,764,398,366,1954,1041,913
WILLIAMSON COUNTY,491,3 Years,6246,3241,3005,3151,1610,1541,346,178,168,768,402,366,1981,1051,930
WILLIAMSON COUNTY,491,4 Years,6240,3253,2987,3134,1619,1515,326,170,156,785,426,359,1995,1038,957
WILLIAMSON COUNTY,491,5 Years,6539,3398,3141,3195,1660,1535,327,172,155,873,482,391,2144,1084,1060
WILLIAMSON COUNTY,491,6 Years,6975,3521,3454,3369,1682,1687,365,182,183,904,494,410,2337,1163,1174
WILLIAMSON COUNTY,491,7 Years,7140,3571,3569,3452,1701,1751,391,195,196,924,484,440,2373,1191,1182
WILLIAMSON COUNTY,491,8 Years,7637,3858,3779,3663,1848,1815,442,218,224,1000,506,494,2532,1286,1246
WILLIAMSON COUNTY,491,9 Years,7923,4014,3909,3783,1896,1887,462,222,240,998,512,486,2680,1384,1296
WILLIAMSON COUNTY,491,10 Years,8185,4185,4000,3882,1955,1927,502,254,248,980,502,478,2821,1474,1347
WILLIAMSON COUNTY,491,11 Years,8506,4369,4137,4076,2093,1983,520,272,248,987,481,506,2923,1523,1400
WILLIAMSON COUNTY,491,12 Years,8689,4407,4282,4159,2114,2045,585,294,291,936,452,484,3009,1547,1462
WILLIAMSON COUNTY,491,13 Years,8650,4384,4266,4158,2107,2051,631,321,310,843,410,433,3018,1546,1472
WILLIAMSON COUNTY,491,14 Years,8740,4432,4308,4163,2085,2078,645,337,308,806,404,402,3126,1606,1520
WILLIAMSON COUNTY,491,15 Years,8850,4541,4309,4196,2137,2059,650,335,315,819,417,402,3185,1652,1533
WILLIAMSON COUNTY,491,16 Years,8667,4495,4172,4151,2138,2013,667,348,319,757,379,378,3092,1630,1462
WILLIAMSON COUNTY,491,17 Years,8384,4328,4056,3991,2011,1980,662,350,312,731,364,367,3000,1603,1397
WILLIAMSON COUNTY,491,18 Years,7872,4046,3826,3717,1861,1856,618,324,294,712,361,351,2825,1500,1325
WILLIAMSON COUNTY,491,19 Years,7083,3649,3434,3239,1646,1593,552,284,268,676,336,340,2616,1383,1233
WILLIAMSON COUNTY,491,20 Years,6514,3358,3156,2904,1489,1415,547,272,275,617,301,316,2446,1296,1150
WILLIAMSON COUNTY,491,21 Years,6204,3186,3018,2776,1409,1367,527,268,259,550,269,281,2351,1240,1111
WILLIAMSON COUNTY,491,22 Years,6072,3102,2970,2743,1343,1400,506,271,235,529,265,264,2294,1223,1071
WILLIAMSON COUNTY,491,23 Years,5972,3095,2877,2839,1431,1408,488,254,234,474,240,234,2171,1170,1001
WILLIAMSON COUNTY,491,24 Years,5639,2874,2765,2702,1349,1353,425,225,200,420,201,219,2092,1099,993
WILLIAMSON COUNTY,491,25 Years,5194,2625,2569,2478,1206,1272,380,204,176,379,196,183,1957,1019,938
WILLIAMSON COUNTY,491,26 Years,5071,2620,2451,2465,1231,1234,388,217,171,352,178,174,1866,994,872
WILLIAMSON COUNTY,491,27 Years,5048,2568,2480,2463,1183,1280,375,198,177,355,175,180,1855,1012,843
WILLIAMSON COUNTY,491,28 Years,5231,2594,2637,2693,1248,1445,346,179,167,346,167,179,1846,1000,846
WILLIAMSON COUNTY,491,29 Years,5530,2662,2868,3010,1370,1640,348,186,162,333,147,186,1839,959,880
WILLIAMSON COUNTY,491,30 Years,5948,2795,3153,3371,1524,1847,370,193,177,356,158,198,1851,920,931
WILLIAMSON COUNTY,491,31 Years,6452,3000,3452,3795,1704,2091,371,204,167,400,189,211,1886,903,983
WILLIAMSON COUNTY,491,32 Years,6878,3170,3708,4085,1800,2285,365,190,175,432,208,224,1996,972,1024
WILLIAMSON COUNTY,491,33 Years,7465,3427,4038,4400,1966,2434,410,202,208,504,235,269,2151,1024,1127
WILLIAMSON COUNTY,491,34 Years,7797,3558,4239,4625,2065,2560,445,228,217,567,236,331,2160,1029,1131
WILLIAMSON COUNTY,491,35 Years,8140,3739,4401,4778,2184,2594,464,230,234,624,257,367,2274,1068,1206
WILLIAMSON COUNTY,491,36 Years,8664,3954,4710,5034,2264,2770,508,250,258,704,295,409,2418,1145,1273
WILLIAMSON COUNTY,491,37 Years,8759,3976,4783,5133,2275,2858,507,234,273,750,318,432,2369,1149,1220
WILLIAMSON COUNTY,491,38 Years,8903,4105,4798,5267,2385,2882,523,236,287,790,345,445,2323,1139,1184
WILLIAMSON COUNTY,491,39 Years,8955,4191,4764,5196,2408,2788,536,241,295,883,403,480,2340,1139,1201
WILLIAMSON COUNTY,491,40 Years,8790,4137,4653,5025,2380,2645,571,254,317,873,390,483,2321,1113,1208
WILLIAMSON COUNTY,491,41 Years,8787,4208,4579,4996,2425,2571,563,261,302,897,404,493,2331,1118,1213
WILLIAMSON COUNTY,491,42 Years,8666,4188,4478,4850,2399,2451,603,276,327,894,419,475,2319,1094,1225
WILLIAMSON COUNTY,491,43 Years,8498,4080,4418,4856,2393,2463,600,287,313,817,384,433,2225,1016,1209
WILLIAMSON COUNTY,491,44 Years,8620,4194,4426,5023,2494,2529,600,280,320,813,381,432,2184,1039,1145
WILLIAMSON COUNTY,491,45 Years,8777,4365,4412,5256,2673,2583,613,280,333,774,381,393,2134,1031,1103
WILLIAMSON COUNTY,491,46 Years,8648,4269,4379,5237,2625,2612,587,270,317,765,366,399,2059,1008,1051
WILLIAMSON COUNTY,491,47 Years,7941,3937,4004,4808,2401,2407,563,279,284,701,344,357,1869,913,956
WILLIAMSON COUNTY,491,48 Years,7256,3638,3618,4400,2232,2168,543,271,272,627,316,311,1686,819,867
WILLIAMSON COUNTY,491,49 Years,6784,3358,3426,4180,2100,2080,486,228,258,585,282,303,1533,748,785
WILLIAMSON COUNTY,491,50 Years,6630,3227,3403,4084,1985,2099,498,224,274,529,259,270,1519,759,760
WILLIAMSON COUNTY,491,51 Years,6745,3319,3426,4198,2073,2125,504,228,276,530,252,278,1513,766,747
WILLIAMSON COUNTY,491,52 Years,6795,3310,3485,4333,2116,2217,491,226,265,527,253,274,1444,715,729
WILLIAMSON COUNTY,491,53 Years,6675,3215,3460,4388,2110,2278,466,220,246,499,241,258,1322,644,678
WILLIAMSON COUNTY,491,54 Years,6438,3125,3313,4331,2100,2231,453,219,234,435,213,222,1219,593,626
WILLIAMSON COUNTY,491,55 Years,6279,3037,3242,4286,2075,2211,436,211,225,395,190,205,1162,561,601
WILLIAMSON COUNTY,491,56 Years,6119,2955,3164,4253,2041,2212,421,213,208,381,185,196,1064,516,548
WILLIAMSON COUNTY,491,57 Years,5670,2728,2942,3969,1909,2060,398,192,206,348,162,186,955,465,490
WILLIAMSON COUNTY,491,58 Years,5522,2614,2908,3929,1866,2063,340,167,173,321,152,169,932,429,503
WILLIAMSON COUNTY,491,59 Years,5295,2461,2834,3784,1755,2029,337,159,178,290,139,151,884,408,476
WILLIAMSON COUNTY,491,60 Years,5085,2374,2711,3678,1726,1952,336,158,178,278,132,146,793,358,435
WILLIAMSON COUNTY,491,61 Years,4987,2280,2707,3654,1668,1986,314,143,171,267,115,152,752,354,398
WILLIAMSON COUNTY,491,62 Years,4772,2127,2645,3572,1592,1980,246,110,136,254,107,147,700,318,382
WILLIAMSON COUNTY,491,63 Years,4696,2063,2633,3562,1554,2008,236,98,138,258,109,149,640,302,338
WILLIAMSON COUNTY,491,64 Years,4437,1923,2514,3364,1458,1906,233,97,136,246,94,152,594,274,320
WILLIAMSON COUNTY,491,65 Years,4299,1896,2403,3313,1469,1844,227,94,133,238,99,139,521,234,287
WILLIAMSON COUNTY,491,66 Years,4253,1808,2445,3312,1404,1908,202,87,115,244,97,147,495,220,275
WILLIAMSON COUNTY,491,67 Years,4156,1740,2416,3252,1351,1901,189,82,107,227,92,135,488,215,273
WILLIAMSON COUNTY,491,68 Years,4262,1784,2478,3442,1433,2009,164,75,89,213,89,124,443,187,256
WILLIAMSON COUNTY,491,69 Years,4184,1785,2399,3434,1464,1970,148,68,80,198,83,115,404,170,234
WILLIAMSON COUNTY,491,70 Years,3505,1527,1978,2863,1254,1609,106,43,63,165,72,93,371,158,213
WILLIAMSON COUNTY,491,71 Years,3300,1431,1869,2705,1176,1529,98,40,58,151,69,82,346,146,200
WILLIAMSON COUNTY,491,72 Years,3283,1437,1846,2729,1189,1540,95,46,49,137,66,71,322,136,186
WILLIAMSON COUNTY,491,73 Years,3157,1394,1763,2637,1161,1476,97,44,53,125,62,63,298,127,171
WILLIAMSON COUNTY,491,74 Years,2856,1274,1582,2407,1072,1335,79,37,42,102,48,54,268,117,151
WILLIAMSON COUNTY,491,75 Years,2517,1106,1411,2125,940,1185,61,25,36,102,47,55,229,94,135
WILLIAMSON COUNTY,491,76 Years,2218,988,1230,1849,823,1026,48,19,29,102,52,50,219,94,125
WILLIAMSON COUNTY,491,77 Years,2046,900,1146,1714,758,956,43,19,24,91,44,47,198,79,119
WILLIAMSON COUNTY,491,78 Years,1886,819,1067,1582,685,897,42,19,23,78,37,41,184,78,106
WILLIAMSON COUNTY,491,79 Years,1738,747,991,1448,620,828,44,14,30,70,35,35,176,78,98
WILLIAMSON COUNTY,491,80 Years,1536,649,887,1293,548,745,31,8,23,57,28,29,155,65,90
WILLIAMSON COUNTY,491,81 Years,1409,589,820,1194,500,694,26,7,19,50,23,27,139,59,80
WILLIAMSON COUNTY,491,82 Years,1283,534,749,1088,450,638,28,9,19,48,23,25,119,52,67
WILLIAMSON COUNTY,491,83 Years,1186,469,717,1027,412,615,24,6,18,35,14,21,100,37,63
WILLIAMSON COUNTY,491,84 Years,1063,423,640,927,377,550,20,5,15,25,9,16,91,32,59
WILLIAMSON COUNTY,491,85 Years +,5838,1965,3873,5238,1772,3466,85,21,64,123,47,76,392,125,267
WILSON COUNTY,493,All Ages,48676,24268,24408,27926,13931,13995,680,368,312,878,412,466,19192,9557,9635
WILSON COUNTY,493,< 1 Year,479,249,230,237,126,111,3,2,1,11,5,6,228,116,112
WILSON COUNTY,493,1 Years,479,251,228,233,125,108,4,3,1,12,5,7,230,118,112
WILSON COUNTY,493,2 Years,480,252,228,237,127,110,7,4,3,14,8,6,222,113,109
WILSON COUNTY,493,3 Years,462,245,217,229,122,107,6,3,3,10,7,3,217,113,104
WILSON COUNTY,493,4 Years,458,240,218,228,121,107,6,2,4,8,6,2,216,111,105
WILSON COUNTY,493,5 Years,446,229,217,209,108,101,5,2,3,11,7,4,221,112,109
WILSON COUNTY,493,6 Years,463,222,241,205,91,114,6,2,4,12,6,6,240,123,117
WILSON COUNTY,493,7 Years,549,278,271,247,117,130,5,3,2,14,8,6,283,150,133
WILSON COUNTY,493,8 Years,580,302,278,272,144,128,3,1,2,18,11,7,287,146,141
WILSON COUNTY,493,9 Years,634,320,314,291,149,142,3,1,2,22,14,8,318,156,162
WILSON COUNTY,493,10 Years,669,347,322,313,162,151,4,2,2,18,11,7,334,172,162
WILSON COUNTY,493,11 Years,715,374,341,337,175,162,4,2,2,20,13,7,354,184,170
WILSON COUNTY,493,12 Years,746,399,347,371,199,172,8,5,3,16,11,5,351,184,167
WILSON COUNTY,493,13 Years,778,398,380,384,196,188,5,3,2,13,6,7,376,193,183
WILSON COUNTY,493,14 Years,806,425,381,405,222,183,5,2,3,11,5,6,385,196,189
WILSON COUNTY,493,15 Years,842,449,393,433,230,203,5,1,4,12,9,3,392,209,183
WILSON COUNTY,493,16 Years,849,457,392,435,228,207,9,5,4,14,10,4,391,214,177
WILSON COUNTY,493,17 Years,820,440,380,407,220,187,11,5,6,13,8,5,389,207,182
WILSON COUNTY,493,18 Years,777,416,361,381,211,170,14,6,8,20,12,8,362,187,175
WILSON COUNTY,493,19 Years,712,363,349,318,162,156,13,7,6,20,12,8,361,182,179
WILSON COUNTY,493,20 Years,691,344,347,310,143,167,8,4,4,21,12,9,352,185,167
WILSON COUNTY,493,21 Years,651,332,319,284,141,143,9,4,5,20,12,8,338,175,163
WILSON COUNTY,493,22 Years,630,319,311,280,150,130,12,6,6,15,7,8,323,156,167
WILSON COUNTY,493,23 Years,626,329,297,289,157,132,13,5,8,14,6,8,310,161,149
WILSON COUNTY,493,24 Years,594,323,271,267,137,130,10,5,5,14,8,6,303,173,130
WILSON COUNTY,493,25 Years,486,258,228,202,106,96,7,4,3,7,4,3,270,144,126
WILSON COUNTY,493,26 Years,434,242,192,187,104,83,7,4,3,10,5,5,230,129,101
WILSON COUNTY,493,27 Years,385,204,181,178,94,84,6,3,3,7,3,4,194,104,90
WILSON COUNTY,493,28 Years,362,185,177,177,90,87,7,4,3,5,2,3,173,89,84
WILSON COUNTY,493,29 Years,363,180,183,189,94,95,6,4,2,5,2,3,163,80,83
WILSON COUNTY,493,30 Years,354,165,189,179,88,91,2,2,0,5,4,1,168,71,97
WILSON COUNTY,493,31 Years,380,171,209,197,93,104,5,3,2,5,1,4,173,74,99
WILSON COUNTY,493,32 Years,449,213,236,236,111,125,6,4,2,8,2,6,199,96,103
WILSON COUNTY,493,33 Years,461,215,246,243,108,135,9,6,3,5,0,5,204,101,103
WILSON COUNTY,493,34 Years,468,221,247,257,111,146,8,5,3,6,3,3,197,102,95
WILSON COUNTY,493,35 Years,521,248,273,295,130,165,3,1,2,7,3,4,216,114,102
WILSON COUNTY,493,36 Years,547,259,288,320,158,162,2,2,0,7,2,5,218,97,121
WILSON COUNTY,493,37 Years,535,251,284,340,164,176,4,3,1,3,1,2,188,83,105
WILSON COUNTY,493,38 Years,538,247,291,340,157,183,5,3,2,6,2,4,187,85,102
WILSON COUNTY,493,39 Years,558,274,284,345,174,171,1,0,1,5,2,3,207,98,109
WILSON COUNTY,493,40 Years,594,278,316,359,182,177,4,3,1,6,3,3,225,90,135
WILSON COUNTY,493,41 Years,630,305,325,388,193,195,4,3,1,4,2,2,234,107,127
WILSON COUNTY,493,42 Years,602,308,294,357,185,172,5,3,2,6,2,4,234,118,116
WILSON COUNTY,493,43 Years,669,331,338,397,196,201,6,2,4,7,3,4,259,130,129
WILSON COUNTY,493,44 Years,732,354,378,458,223,235,6,4,2,5,2,3,263,125,138
WILSON COUNTY,493,45 Years,743,351,392,470,227,243,6,5,1,6,3,3,261,116,145
WILSON COUNTY,493,46 Years,743,353,390,468,230,238,7,3,4,14,6,8,254,114,140
WILSON COUNTY,493,47 Years,728,352,376,437,214,223,5,2,3,15,5,10,271,131,140
WILSON COUNTY,493,48 Years,709,349,360,418,205,213,5,4,1,16,7,9,270,133,137
WILSON COUNTY,493,49 Years,728,372,356,434,218,216,9,6,3,21,8,13,264,140,124
WILSON COUNTY,493,50 Years,771,400,371,453,233,220,12,8,4,18,6,12,288,153,135
WILSON COUNTY,493,51 Years,811,401,410,480,235,245,12,6,6,22,7,15,297,153,144
WILSON COUNTY,493,52 Years,816,399,417,499,245,254,14,7,7,18,8,10,285,139,146
WILSON COUNTY,493,53 Years,819,405,414,504,258,246,15,5,10,16,8,8,284,134,150
WILSON COUNTY,493,54 Years,802,404,398,497,257,240,13,4,9,18,8,10,274,135,139
WILSON COUNTY,493,55 Years,849,420,429,531,261,270,15,9,6,16,7,9,287,143,144
WILSON COUNTY,493,56 Years,816,402,414,532,269,263,19,12,7,16,7,9,249,114,135
WILSON COUNTY,493,57 Years,769,375,394,491,245,246,19,9,10,16,5,11,243,116,127
WILSON COUNTY,493,58 Years,761,365,396,480,231,249,14,9,5,16,6,10,251,119,132
WILSON COUNTY,493,59 Years,729,351,378,481,231,250,14,9,5,11,3,8,223,108,115
WILSON COUNTY,493,60 Years,726,362,364,461,227,234,17,8,9,9,4,5,239,123,116
WILSON COUNTY,493,61 Years,709,341,368,447,214,233,19,9,10,7,3,4,236,115,121
WILSON COUNTY,493,62 Years,685,319,366,446,197,249,13,9,4,8,2,6,218,111,107
WILSON COUNTY,493,63 Years,649,308,341,432,195,237,10,8,2,11,2,9,196,103,93
WILSON COUNTY,493,64 Years,627,280,347,423,190,233,10,6,4,9,3,6,185,81,104
WILSON COUNTY,493,65 Years,605,286,319,408,195,213,12,6,6,10,3,7,175,82,93
WILSON COUNTY,493,66 Years,619,308,311,421,210,211,10,6,4,11,3,8,177,89,88
WILSON COUNTY,493,67 Years,595,296,299,417,203,214,9,6,3,8,1,7,161,86,75
WILSON COUNTY,493,68 Years,555,284,271,401,205,196,12,8,4,6,3,3,136,68,68
WILSON COUNTY,493,69 Years,532,265,267,382,198,184,12,7,5,6,3,3,132,57,75
WILSON COUNTY,493,70 Years,472,243,229,323,165,158,9,3,6,4,2,2,136,73,63
WILSON COUNTY,493,71 Years,425,223,202,281,148,133,7,4,3,3,2,1,134,69,65
WILSON COUNTY,493,72 Years,391,196,195,263,133,130,8,5,3,5,3,2,115,55,60
WILSON COUNTY,493,73 Years,359,178,181,242,127,115,6,4,2,9,3,6,102,44,58
WILSON COUNTY,493,74 Years,320,164,156,214,110,104,6,5,1,8,1,7,92,48,44
WILSON COUNTY,493,75 Years,276,147,129,201,108,93,5,3,2,3,1,2,67,35,32
WILSON COUNTY,493,76 Years,264,133,131,191,94,97,5,3,2,2,2,0,66,34,32
WILSON COUNTY,493,77 Years,245,120,125,178,89,89,7,4,3,5,3,2,55,24,31
WILSON COUNTY,493,78 Years,217,99,118,155,78,77,8,3,5,2,1,1,52,17,35
WILSON COUNTY,493,79 Years,192,94,98,131,68,63,5,2,3,2,1,1,54,23,31
WILSON COUNTY,493,80 Years,178,89,89,120,64,56,4,2,2,1,0,1,53,23,30
WILSON COUNTY,493,81 Years,169,73,96,114,54,60,1,0,1,2,0,2,52,19,33
WILSON COUNTY,493,82 Years,157,67,90,99,43,56,3,2,1,1,0,1,54,22,32
WILSON COUNTY,493,83 Years,156,75,81,103,49,54,4,3,1,1,0,1,48,23,25
WILSON COUNTY,493,84 Years,157,78,79,100,51,49,4,3,1,4,2,2,49,22,27
WILSON COUNTY,493,85 Years +,798,329,469,552,233,319,14,3,11,10,3,7,222,90,132
WINKLER COUNTY,495,All Ages,7908,4026,3882,3182,1633,1549,153,73,80,169,94,75,4404,2226,2178
WINKLER COUNTY,495,< 1 Year,106,52,54,37,18,19,6,5,1,0,0,0,63,29,34
WINKLER COUNTY,495,1 Years,118,55,63,36,17,19,5,3,2,9,2,7,68,33,35
WINKLER COUNTY,495,2 Years,125,61,64,38,20,18,4,1,3,8,2,6,75,38,37
WINKLER COUNTY,495,3 Years,124,65,59,37,19,18,4,1,3,6,4,2,77,41,36
WINKLER COUNTY,495,4 Years,114,61,53,32,18,14,4,1,3,0,0,0,78,42,36
WINKLER COUNTY,495,5 Years,105,58,47,31,17,14,4,2,2,4,2,2,66,37,29
WINKLER COUNTY,495,6 Years,119,59,60,40,24,16,5,4,1,4,3,1,70,28,42
WINKLER COUNTY,495,7 Years,134,70,64,41,28,13,2,1,1,4,0,4,87,41,46
WINKLER COUNTY,495,8 Years,134,72,62,44,27,17,1,0,1,7,3,4,82,42,40
WINKLER COUNTY,495,9 Years,127,72,55,38,22,16,0,0,0,8,7,1,81,43,38
WINKLER COUNTY,495,10 Years,124,59,65,31,15,16,1,0,1,6,5,1,86,39,47
WINKLER COUNTY,495,11 Years,107,55,52,31,13,18,1,1,0,4,3,1,71,38,33
WINKLER COUNTY,495,12 Years,119,68,51,31,15,16,3,1,2,2,2,0,83,50,33
WINKLER COUNTY,495,13 Years,129,66,63,39,19,20,2,0,2,2,2,0,86,45,41
WINKLER COUNTY,495,14 Years,110,51,59,28,14,14,2,0,2,4,2,2,76,35,41
WINKLER COUNTY,495,15 Years,125,69,56,32,17,15,5,2,3,3,0,3,85,50,35
WINKLER COUNTY,495,16 Years,108,56,52,33,16,17,2,1,1,3,2,1,70,37,33
WINKLER COUNTY,495,17 Years,110,59,51,26,17,9,1,0,1,3,3,0,80,39,41
WINKLER COUNTY,495,18 Years,127,61,66,37,20,17,0,0,0,3,2,1,87,39,48
WINKLER COUNTY,495,19 Years,122,60,62,31,17,14,2,1,1,2,1,1,87,41,46
WINKLER COUNTY,495,20 Years,112,62,50,33,16,17,1,1,0,4,3,1,74,42,32
WINKLER COUNTY,495,21 Years,104,56,48,38,18,20,2,1,1,1,1,0,63,36,27
WINKLER COUNTY,495,22 Years,122,68,54,37,19,18,4,2,2,4,2,2,77,45,32
WINKLER COUNTY,495,23 Years,122,58,64,39,16,23,1,1,0,2,1,1,80,40,40
WINKLER COUNTY,495,24 Years,100,56,44,34,21,13,0,0,0,1,1,0,65,34,31
WINKLER COUNTY,495,25 Years,95,58,37,34,21,13,1,1,0,2,2,0,58,34,24
WINKLER COUNTY,495,26 Years,94,48,46,28,15,13,2,1,1,2,1,1,62,31,31
WINKLER COUNTY,495,27 Years,84,44,40,29,15,14,2,1,1,1,0,1,52,28,24
WINKLER COUNTY,495,28 Years,74,42,32,34,15,19,1,0,1,1,1,0,38,26,12
WINKLER COUNTY,495,29 Years,83,45,38,41,22,19,1,1,0,2,0,2,39,22,17
WINKLER COUNTY,495,30 Years,95,49,46,32,18,14,0,0,0,2,0,2,61,31,30
WINKLER COUNTY,495,31 Years,95,40,55,36,18,18,3,0,3,1,0,1,55,22,33
WINKLER COUNTY,495,32 Years,99,51,48,36,19,17,1,0,1,1,0,1,61,32,29
WINKLER COUNTY,495,33 Years,104,58,46,36,19,17,3,3,0,2,1,1,63,35,28
WINKLER COUNTY,495,34 Years,101,53,48,34,17,17,3,2,1,1,1,0,63,33,30
WINKLER COUNTY,495,35 Years,89,49,40,34,20,14,1,1,0,3,3,0,51,25,26
WINKLER COUNTY,495,36 Years,87,43,44,31,15,16,1,1,0,3,1,2,52,26,26
WINKLER COUNTY,495,37 Years,76,32,44,28,13,15,1,0,1,2,2,0,45,17,28
WINKLER COUNTY,495,38 Years,90,42,48,33,14,19,0,0,0,1,1,0,56,27,29
WINKLER COUNTY,495,39 Years,88,42,46,35,20,15,2,2,0,0,0,0,51,20,31
WINKLER COUNTY,495,40 Years,105,59,46,36,23,13,1,1,0,3,3,0,65,32,33
WINKLER COUNTY,495,41 Years,89,41,48,28,14,14,1,1,0,2,2,0,58,24,34
WINKLER COUNTY,495,42 Years,79,36,43,31,14,17,0,0,0,2,1,1,46,21,25
WINKLER COUNTY,495,43 Years,82,36,46,39,14,25,2,1,1,2,1,1,39,20,19
WINKLER COUNTY,495,44 Years,84,47,37,35,20,15,2,1,1,2,2,0,45,24,21
WINKLER COUNTY,495,45 Years,91,44,47,36,18,18,3,1,2,2,2,0,50,23,27
WINKLER COUNTY,495,46 Years,87,39,48,33,14,19,2,2,0,0,0,0,52,23,29
WINKLER COUNTY,495,47 Years,87,39,48,30,12,18,0,0,0,2,1,1,55,26,29
WINKLER COUNTY,495,48 Years,75,35,40,31,14,17,1,0,1,1,0,1,42,21,21
WINKLER COUNTY,495,49 Years,82,36,46,38,17,21,0,0,0,1,1,0,43,18,25
WINKLER COUNTY,495,50 Years,104,50,54,46,24,22,1,0,1,1,0,1,56,26,30
WINKLER COUNTY,495,51 Years,111,55,56,53,28,25,2,2,0,0,0,0,56,25,31
WINKLER COUNTY,495,52 Years,131,75,56,61,36,25,4,3,1,2,2,0,64,34,30
WINKLER COUNTY,495,53 Years,126,68,58,62,33,29,1,0,1,5,3,2,58,32,26
WINKLER COUNTY,495,54 Years,134,72,62,68,37,31,2,2,0,3,1,2,61,32,29
WINKLER COUNTY,495,55 Years,111,65,46,57,36,21,1,1,0,0,0,0,53,28,25
WINKLER COUNTY,495,56 Years,106,60,46,50,30,20,3,2,1,1,0,1,52,28,24
WINKLER COUNTY,495,57 Years,103,59,44,50,30,20,2,2,0,0,0,0,51,27,24
WINKLER COUNTY,495,58 Years,101,61,40,52,34,18,2,0,2,2,1,1,45,26,19
WINKLER COUNTY,495,59 Years,107,57,50,57,33,24,2,0,2,2,1,1,46,23,23
WINKLER COUNTY,495,60 Years,109,52,57,58,28,30,4,1,3,2,1,1,45,22,23
WINKLER COUNTY,495,61 Years,89,48,41,54,29,25,3,1,2,0,0,0,32,18,14
WINKLER COUNTY,495,62 Years,87,44,43,49,23,26,2,0,2,0,0,0,36,21,15
WINKLER COUNTY,495,63 Years,85,49,36,46,27,19,3,2,1,2,1,1,34,19,15
WINKLER COUNTY,495,64 Years,86,43,43,44,25,19,2,1,1,1,0,1,39,17,22
WINKLER COUNTY,495,65 Years,90,44,46,52,26,26,1,0,1,1,0,1,36,18,18
WINKLER COUNTY,495,66 Years,78,39,39,46,23,23,1,0,1,1,1,0,30,15,15
WINKLER COUNTY,495,67 Years,68,37,31,33,17,16,1,0,1,2,1,1,32,19,13
WINKLER COUNTY,495,68 Years,73,37,36,37,19,18,0,0,0,1,0,1,35,18,17
WINKLER COUNTY,495,69 Years,85,37,48,49,19,30,2,1,1,0,0,0,34,17,17
WINKLER COUNTY,495,70 Years,72,37,35,40,20,20,2,1,1,0,0,0,30,16,14
WINKLER COUNTY,495,71 Years,64,25,39,32,13,19,1,0,1,1,0,1,30,12,18
WINKLER COUNTY,495,72 Years,58,25,33,34,14,20,1,0,1,1,1,0,22,10,12
WINKLER COUNTY,495,73 Years,55,24,31,32,14,18,0,0,0,2,1,1,21,9,12
WINKLER COUNTY,495,74 Years,47,23,24,28,13,15,1,1,0,1,1,0,17,8,9
WINKLER COUNTY,495,75 Years,43,22,21,25,11,14,1,1,0,0,0,0,17,10,7
WINKLER COUNTY,495,76 Years,39,23,16,23,13,10,1,1,0,0,0,0,15,9,6
WINKLER COUNTY,495,77 Years,41,20,21,23,11,12,0,0,0,0,0,0,18,9,9
WINKLER COUNTY,495,78 Years,42,17,25,26,12,14,0,0,0,0,0,0,16,5,11
WINKLER COUNTY,495,79 Years,36,15,21,22,10,12,0,0,0,0,0,0,14,5,9
WINKLER COUNTY,495,80 Years,35,11,24,20,8,12,2,0,2,1,0,1,12,3,9
WINKLER COUNTY,495,81 Years,31,13,18,18,7,11,2,0,2,0,0,0,11,6,5
WINKLER COUNTY,495,82 Years,25,12,13,17,7,10,1,0,1,0,0,0,7,5,2
WINKLER COUNTY,495,83 Years,23,10,13,15,6,9,0,0,0,1,0,1,7,4,3
WINKLER COUNTY,495,84 Years,21,8,13,12,5,7,0,0,0,0,0,0,9,3,6
WINKLER COUNTY,495,85 Years +,130,52,78,79,28,51,6,2,4,1,0,1,44,22,22
WISE COUNTY,497,All Ages,64218,32137,32081,47869,23625,24244,589,394,195,1823,849,974,13937,7269,6668
WISE COUNTY,497,< 1 Year,743,366,377,469,234,235,5,4,1,45,16,29,224,112,112
WISE COUNTY,497,1 Years,757,384,373,482,244,238,5,2,3,45,23,22,225,115,110
WISE COUNTY,497,2 Years,783,399,384,505,251,254,5,2,3,44,26,18,229,120,109
WISE COUNTY,497,3 Years,762,375,387,492,240,252,6,2,4,37,17,20,227,116,111
WISE COUNTY,497,4 Years,758,372,386,487,234,253,5,2,3,33,13,20,233,123,110
WISE COUNTY,497,5 Years,802,398,404,485,238,247,5,3,2,60,21,39,252,136,116
WISE COUNTY,497,6 Years,776,412,364,481,261,220,6,1,5,39,18,21,250,132,118
WISE COUNTY,497,7 Years,813,397,416,525,255,270,7,4,3,29,15,14,252,123,129
WISE COUNTY,497,8 Years,856,438,418,545,282,263,4,3,1,28,15,13,279,138,141
WISE COUNTY,497,9 Years,875,461,414,551,288,263,8,4,4,33,19,14,283,150,133
WISE COUNTY,497,10 Years,890,472,418,570,301,269,5,3,2,32,20,12,283,148,135
WISE COUNTY,497,11 Years,896,464,432,564,290,274,3,1,2,37,21,16,292,152,140
WISE COUNTY,497,12 Years,926,458,468,592,303,289,2,2,0,36,13,23,296,140,156
WISE COUNTY,497,13 Years,947,469,478,615,310,305,5,2,3,34,15,19,293,142,151
WISE COUNTY,497,14 Years,979,503,476,629,327,302,9,4,5,31,14,17,310,158,152
WISE COUNTY,497,15 Years,1045,535,510,676,345,331,9,4,5,30,11,19,330,175,155
WISE COUNTY,497,16 Years,1051,537,514,682,357,325,12,6,6,33,12,21,324,162,162
WISE COUNTY,497,17 Years,1016,547,469,675,366,309,4,3,1,30,15,15,307,163,144
WISE COUNTY,497,18 Years,989,514,475,665,352,313,4,1,3,29,14,15,291,147,144
WISE COUNTY,497,19 Years,903,462,441,584,303,281,3,1,2,25,15,10,291,143,148
WISE COUNTY,497,20 Years,840,439,401,526,270,256,8,5,3,27,17,10,279,147,132
WISE COUNTY,497,21 Years,812,425,387,516,269,247,11,8,3,35,20,15,250,128,122
WISE COUNTY,497,22 Years,799,420,379,517,270,247,6,5,1,42,21,21,234,124,110
WISE COUNTY,497,23 Years,831,442,389,545,294,251,8,5,3,37,15,22,241,128,113
WISE COUNTY,497,24 Years,820,440,380,535,287,248,10,6,4,30,16,14,245,131,114
WISE COUNTY,497,25 Years,757,395,362,491,255,236,9,6,3,26,16,10,231,118,113
WISE COUNTY,497,26 Years,736,379,357,475,227,248,8,6,2,21,13,8,232,133,99
WISE COUNTY,497,27 Years,684,351,333,442,210,232,7,4,3,17,7,10,218,130,88
WISE COUNTY,497,28 Years,663,345,318,417,201,216,8,6,2,17,7,10,221,131,90
WISE COUNTY,497,29 Years,699,364,335,446,217,229,12,10,2,16,8,8,225,129,96
WISE COUNTY,497,30 Years,732,395,337,484,252,232,16,11,5,17,7,10,215,125,90
WISE COUNTY,497,31 Years,729,376,353,488,241,247,14,9,5,17,8,9,210,118,92
WISE COUNTY,497,32 Years,732,368,364,488,230,258,11,7,4,19,8,11,214,123,91
WISE COUNTY,497,33 Years,752,373,379,491,239,252,10,6,4,16,3,13,235,125,110
WISE COUNTY,497,34 Years,793,379,414,535,246,289,15,8,7,16,5,11,227,120,107
WISE COUNTY,497,35 Years,749,362,387,524,254,270,15,10,5,13,4,9,197,94,103
WISE COUNTY,497,36 Years,742,361,381,528,257,271,8,6,2,14,5,9,192,93,99
WISE COUNTY,497,37 Years,737,367,370,535,263,272,9,7,2,12,4,8,181,93,88
WISE COUNTY,497,38 Years,743,363,380,540,259,281,11,9,2,12,5,7,180,90,90
WISE COUNTY,497,39 Years,729,351,378,518,240,278,17,12,5,11,6,5,183,93,90
WISE COUNTY,497,40 Years,755,397,358,549,276,273,14,12,2,11,7,4,181,102,79
WISE COUNTY,497,41 Years,762,387,375,568,281,287,10,9,1,13,3,10,171,94,77
WISE COUNTY,497,42 Years,787,399,388,553,276,277,13,11,2,23,10,13,198,102,96
WISE COUNTY,497,43 Years,798,382,416,581,274,307,9,8,1,22,10,12,186,90,96
WISE COUNTY,497,44 Years,856,399,457,644,299,345,13,11,2,22,8,14,177,81,96
WISE COUNTY,497,45 Years,910,449,461,694,340,354,14,12,2,28,12,16,174,85,89
WISE COUNTY,497,46 Years,904,449,455,703,349,354,12,7,5,28,16,12,161,77,84
WISE COUNTY,497,47 Years,848,408,440,655,309,346,9,8,1,20,11,9,164,80,84
WISE COUNTY,497,48 Years,865,420,445,662,312,350,8,7,1,26,13,13,169,88,81
WISE COUNTY,497,49 Years,882,437,445,671,324,347,11,9,2,26,14,12,174,90,84
WISE COUNTY,497,50 Years,935,481,454,734,369,365,16,13,3,21,12,9,164,87,77
WISE COUNTY,497,51 Years,941,472,469,756,372,384,12,10,2,23,11,12,150,79,71
WISE COUNTY,497,52 Years,989,478,511,815,388,427,7,3,4,30,11,19,137,76,61
WISE COUNTY,497,53 Years,1032,507,525,852,411,441,7,6,1,34,10,24,139,80,59
WISE COUNTY,497,54 Years,993,482,511,831,397,434,10,9,1,28,9,19,124,67,57
WISE COUNTY,497,55 Years,999,502,497,842,422,420,6,5,1,23,8,15,128,67,61
WISE COUNTY,497,56 Years,1011,494,517,852,420,432,10,6,4,21,7,14,128,61,67
WISE COUNTY,497,57 Years,989,499,490,846,425,421,7,6,1,19,9,10,117,59,58
WISE COUNTY,497,58 Years,966,496,470,837,420,417,7,7,0,19,10,9,103,59,44
WISE COUNTY,497,59 Years,932,487,445,813,417,396,5,3,2,16,10,6,98,57,41
WISE COUNTY,497,60 Years,869,436,433,751,372,379,8,6,2,20,11,9,90,47,43
WISE COUNTY,497,61 Years,831,434,397,712,363,349,7,5,2,23,12,11,89,54,35
WISE COUNTY,497,62 Years,784,391,393,669,325,344,5,4,1,22,13,9,88,49,39
WISE COUNTY,497,63 Years,764,371,393,672,325,347,5,2,3,16,11,5,71,33,38
WISE COUNTY,497,64 Years,704,346,358,633,313,320,2,1,1,11,4,7,58,28,30
WISE COUNTY,497,65 Years,678,333,345,602,293,309,3,2,1,10,4,6,63,34,29
WISE COUNTY,497,66 Years,680,330,350,607,291,316,3,2,1,10,4,6,60,33,27
WISE COUNTY,497,67 Years,639,295,344,581,264,317,3,2,1,11,5,6,44,24,20
WISE COUNTY,497,68 Years,674,343,331,619,312,307,5,2,3,10,5,5,40,24,16
WISE COUNTY,497,69 Years,654,330,324,596,301,295,3,1,2,17,9,8,38,19,19
WISE COUNTY,497,70 Years,593,303,290,532,269,263,4,2,2,12,7,5,45,25,20
WISE COUNTY,497,71 Years,540,254,286,496,231,265,2,1,1,5,1,4,37,21,16
WISE COUNTY,497,72 Years,543,265,278,508,251,257,0,0,0,5,2,3,30,12,18
WISE COUNTY,497,73 Years,515,247,268,478,234,244,0,0,0,6,1,5,31,12,19
WISE COUNTY,497,74 Years,463,214,249,426,202,224,2,1,1,8,3,5,27,8,19
WISE COUNTY,497,75 Years,424,204,220,381,186,195,2,1,1,10,4,6,31,13,18
WISE COUNTY,497,76 Years,371,179,192,339,162,177,1,0,1,4,2,2,27,15,12
WISE COUNTY,497,77 Years,334,154,180,307,143,164,1,0,1,3,1,2,23,10,13
WISE COUNTY,497,78 Years,307,152,155,281,142,139,0,0,0,6,2,4,20,8,12
WISE COUNTY,497,79 Years,282,130,152,264,121,143,0,0,0,7,4,3,11,5,6
WISE COUNTY,497,80 Years,244,105,139,230,98,132,0,0,0,3,2,1,11,5,6
WISE COUNTY,497,81 Years,226,99,127,211,91,120,0,0,0,2,1,1,13,7,6
WISE COUNTY,497,82 Years,228,104,124,209,96,113,1,0,1,4,1,3,14,7,7
WISE COUNTY,497,83 Years,190,91,99,175,85,90,1,0,1,4,1,3,10,5,5
WISE COUNTY,497,84 Years,153,75,78,142,68,74,0,0,0,2,2,0,9,5,4
WISE COUNTY,497,85 Years +,728,269,459,675,244,431,6,0,6,14,8,6,33,17,16
WOOD COUNTY,499,All Ages,44003,21682,22321,36402,17734,18668,2110,1058,1052,1097,552,545,4394,2338,2056
WOOD COUNTY,499,< 1 Year,409,209,200,282,148,134,23,12,11,29,13,16,75,36,39
WOOD COUNTY,499,1 Years,419,221,198,288,155,133,22,9,13,33,19,14,76,38,38
WOOD COUNTY,499,2 Years,422,227,195,294,159,135,21,9,12,34,22,12,73,37,36
WOOD COUNTY,499,3 Years,422,221,201,294,155,139,19,10,9,38,24,14,71,32,39
WOOD COUNTY,499,4 Years,422,219,203,297,150,147,14,10,4,37,23,14,74,36,38
WOOD COUNTY,499,5 Years,440,229,211,305,154,151,14,9,5,43,27,16,78,39,39
WOOD COUNTY,499,6 Years,437,203,234,320,153,167,14,4,10,27,11,16,76,35,41
WOOD COUNTY,499,7 Years,446,229,217,315,169,146,17,7,10,21,10,11,93,43,50
WOOD COUNTY,499,8 Years,438,228,210,308,161,147,19,12,7,25,13,12,86,42,44
WOOD COUNTY,499,9 Years,467,250,217,337,179,158,15,7,8,25,12,13,90,52,38
WOOD COUNTY,499,10 Years,464,239,225,349,174,175,12,8,4,19,10,9,84,47,37
WOOD COUNTY,499,11 Years,466,246,220,337,177,160,15,8,7,21,11,10,93,50,43
WOOD COUNTY,499,12 Years,502,262,240,363,192,171,18,11,7,20,11,9,101,48,53
WOOD COUNTY,499,13 Years,506,252,254,358,176,182,22,12,10,24,13,11,102,51,51
WOOD COUNTY,499,14 Years,512,252,260,367,178,189,20,7,13,25,16,9,100,51,49
WOOD COUNTY,499,15 Years,549,275,274,385,190,195,26,13,13,24,15,9,114,57,57
WOOD COUNTY,499,16 Years,533,269,264,390,192,198,18,9,9,23,9,14,102,59,43
WOOD COUNTY,499,17 Years,538,271,267,398,198,200,16,7,9,19,9,10,105,57,48
WOOD COUNTY,499,18 Years,507,268,239,360,181,179,38,29,9,16,9,7,93,49,44
WOOD COUNTY,499,19 Years,503,263,240,349,169,180,54,44,10,16,7,9,84,43,41
WOOD COUNTY,499,20 Years,476,251,225,328,157,171,47,38,9,13,9,4,88,47,41
WOOD COUNTY,499,21 Years,466,247,219,334,169,165,40,33,7,12,7,5,80,38,42
WOOD COUNTY,499,22 Years,465,247,218,327,166,161,42,30,12,13,6,7,83,45,38
WOOD COUNTY,499,23 Years,448,234,214,313,161,152,37,18,19,12,7,5,86,48,38
WOOD COUNTY,499,24 Years,487,248,239,318,164,154,67,24,43,11,4,7,91,56,35
WOOD COUNTY,499,25 Years,482,246,236,299,155,144,91,37,54,6,3,3,86,51,35
WOOD COUNTY,499,26 Years,466,231,235,275,140,135,100,34,66,9,6,3,82,51,31
WOOD COUNTY,499,27 Years,451,230,221,283,149,134,85,32,53,8,5,3,75,44,31
WOOD COUNTY,499,28 Years,396,204,192,263,142,121,59,22,37,11,6,5,63,34,29
WOOD COUNTY,499,29 Years,370,212,158,263,149,114,38,23,15,6,2,4,63,38,25
WOOD COUNTY,499,30 Years,334,167,167,239,112,127,27,17,10,6,3,3,62,35,27
WOOD COUNTY,499,31 Years,299,147,152,222,102,120,21,13,8,6,3,3,50,29,21
WOOD COUNTY,499,32 Years,298,140,158,224,103,121,20,11,9,4,1,3,50,25,25
WOOD COUNTY,499,33 Years,316,162,154,240,121,119,15,8,7,4,2,2,57,31,26
WOOD COUNTY,499,34 Years,352,180,172,265,133,132,13,8,5,9,4,5,65,35,30
WOOD COUNTY,499,35 Years,383,187,196,302,146,156,14,8,6,7,4,3,60,29,31
WOOD COUNTY,499,36 Years,371,185,186,277,140,137,16,8,8,8,5,3,70,32,38
WOOD COUNTY,499,37 Years,383,197,186,308,157,151,13,4,9,8,5,3,54,31,23
WOOD COUNTY,499,38 Years,365,184,181,285,140,145,13,7,6,8,5,3,59,32,27
WOOD COUNTY,499,39 Years,379,189,190,300,149,151,14,5,9,7,3,4,58,32,26
WOOD COUNTY,499,40 Years,380,195,185,312,162,150,12,4,8,5,1,4,51,28,23
WOOD COUNTY,499,41 Years,384,203,181,321,171,150,9,4,5,6,2,4,48,26,22
WOOD COUNTY,499,42 Years,373,192,181,315,160,155,11,6,5,6,1,5,41,25,16
WOOD COUNTY,499,43 Years,397,182,215,330,149,181,10,4,6,5,1,4,52,28,24
WOOD COUNTY,499,44 Years,431,209,222,365,177,188,11,7,4,7,4,3,48,21,27
WOOD COUNTY,499,45 Years,441,233,208,375,198,177,11,8,3,11,7,4,44,20,24
WOOD COUNTY,499,46 Years,491,249,242,414,209,205,16,8,8,13,4,9,48,28,20
WOOD COUNTY,499,47 Years,476,246,230,405,208,197,10,4,6,9,2,7,52,32,20
WOOD COUNTY,499,48 Years,476,233,243,398,191,207,18,8,10,7,3,4,53,31,22
WOOD COUNTY,499,49 Years,460,221,239,390,179,211,18,9,9,7,3,4,45,30,15
WOOD COUNTY,499,50 Years,510,250,260,430,203,227,21,13,8,9,4,5,50,30,20
WOOD COUNTY,499,51 Years,553,272,281,481,229,252,23,15,8,9,2,7,40,26,14
WOOD COUNTY,499,52 Years,587,282,305,524,247,277,22,12,10,5,1,4,36,22,14
WOOD COUNTY,499,53 Years,566,274,292,494,238,256,21,9,12,9,4,5,42,23,19
WOOD COUNTY,499,54 Years,593,276,317,513,237,276,23,12,11,14,8,6,43,19,24
WOOD COUNTY,499,55 Years,635,319,316,558,284,274,24,16,8,19,8,11,34,11,23
WOOD COUNTY,499,56 Years,665,335,330,581,289,292,28,18,10,14,6,8,42,22,20
WOOD COUNTY,499,57 Years,632,316,316,565,283,282,28,13,15,5,2,3,34,18,16
WOOD COUNTY,499,58 Years,632,315,317,562,277,285,31,14,17,9,4,5,30,20,10
WOOD COUNTY,499,59 Years,699,334,365,618,292,326,42,21,21,8,6,2,31,15,16
WOOD COUNTY,499,60 Years,683,322,361,603,282,321,42,25,17,9,3,6,29,12,17
WOOD COUNTY,499,61 Years,701,317,384,636,286,350,26,14,12,13,3,10,26,14,12
WOOD COUNTY,499,62 Years,733,324,409,661,291,370,32,14,18,13,5,8,27,14,13
WOOD COUNTY,499,63 Years,723,325,398,659,295,364,28,14,14,11,4,7,25,12,13
WOOD COUNTY,499,64 Years,742,347,395,688,322,366,22,10,12,10,4,6,22,11,11
WOOD COUNTY,499,65 Years,767,372,395,708,341,367,22,9,13,15,8,7,22,14,8
WOOD COUNTY,499,66 Years,799,386,413,744,359,385,21,9,12,14,6,8,20,12,8
WOOD COUNTY,499,67 Years,819,408,411,763,378,385,23,12,11,16,8,8,17,10,7
WOOD COUNTY,499,68 Years,858,420,438,807,392,415,24,14,10,13,6,7,14,8,6
WOOD COUNTY,499,69 Years,860,423,437,812,401,411,24,9,15,9,3,6,15,10,5
WOOD COUNTY,499,70 Years,733,352,381,692,336,356,19,6,13,11,5,6,11,5,6
WOOD COUNTY,499,71 Years,736,357,379,701,337,364,12,6,6,10,7,3,13,7,6
WOOD COUNTY,499,72 Years,743,364,379,700,343,357,25,11,14,8,5,3,10,5,5
WOOD COUNTY,499,73 Years,712,341,371,671,321,350,25,11,14,6,2,4,10,7,3
WOOD COUNTY,499,74 Years,656,308,348,617,290,327,21,8,13,7,4,3,11,6,5
WOOD COUNTY,499,75 Years,586,268,318,550,256,294,18,6,12,6,2,4,12,4,8
WOOD COUNTY,499,76 Years,532,243,289,500,229,271,14,7,7,7,3,4,11,4,7
WOOD COUNTY,499,77 Years,491,234,257,457,218,239,18,7,11,7,5,2,9,4,5
WOOD COUNTY,499,78 Years,441,217,224,409,204,205,17,6,11,6,2,4,9,5,4
WOOD COUNTY,499,79 Years,386,199,187,363,187,176,10,6,4,4,2,2,9,4,5
WOOD COUNTY,499,80 Years,353,177,176,335,167,168,9,5,4,3,2,1,6,3,3
WOOD COUNTY,499,81 Years,351,174,177,328,162,166,9,5,4,6,2,4,8,5,3
WOOD COUNTY,499,82 Years,292,134,158,272,125,147,9,5,4,4,3,1,7,1,6
WOOD COUNTY,499,83 Years,250,116,134,232,108,124,7,1,6,4,3,1,7,4,3
WOOD COUNTY,499,84 Years,222,100,122,208,96,112,7,2,5,4,1,3,3,1,2
WOOD COUNTY,499,85 Years +,1064,397,667,974,360,614,48,14,34,17,7,10,25,16,9
YOAKUM COUNTY,501,All Ages,8823,4461,4362,2957,1465,1492,58,24,34,123,61,62,5685,2911,2774
YOAKUM COUNTY,501,< 1 Year,155,86,69,28,14,14,0,0,0,0,0,0,127,72,55
YOAKUM COUNTY,501,1 Years,144,83,61,23,13,10,0,0,0,0,0,0,121,70,51
YOAKUM COUNTY,501,2 Years,150,86,64,22,14,8,2,1,1,2,1,1,124,70,54
YOAKUM COUNTY,501,3 Years,139,79,60,23,14,9,2,1,1,1,1,0,113,63,50
YOAKUM COUNTY,501,4 Years,141,74,67,26,13,13,2,1,1,2,1,1,111,59,52
YOAKUM COUNTY,501,5 Years,117,60,57,22,12,10,0,0,0,2,1,1,93,47,46
YOAKUM COUNTY,501,6 Years,130,70,60,24,14,10,1,1,0,2,0,2,103,55,48
YOAKUM COUNTY,501,7 Years,158,69,89,35,17,18,1,0,1,4,0,4,118,52,66
YOAKUM COUNTY,501,8 Years,149,66,83,34,14,20,1,0,1,1,0,1,113,52,61
YOAKUM COUNTY,501,9 Years,140,66,74,41,20,21,1,0,1,3,1,2,95,45,50
YOAKUM COUNTY,501,10 Years,149,69,80,43,22,21,1,0,1,1,1,0,104,46,58
YOAKUM COUNTY,501,11 Years,156,76,80,35,18,17,1,1,0,1,0,1,119,57,62
YOAKUM COUNTY,501,12 Years,160,79,81,39,20,19,1,0,1,2,2,0,118,57,61
YOAKUM COUNTY,501,13 Years,146,69,77,38,20,18,0,0,0,3,2,1,105,47,58
YOAKUM COUNTY,501,14 Years,148,72,76,41,18,23,0,0,0,2,2,0,105,52,53
YOAKUM COUNTY,501,15 Years,155,78,77,36,16,20,0,0,0,1,0,1,118,62,56
YOAKUM COUNTY,501,16 Years,167,87,80,47,25,22,0,0,0,1,0,1,119,62,57
YOAKUM COUNTY,501,17 Years,162,93,69,44,24,20,0,0,0,2,1,1,116,68,48
YOAKUM COUNTY,501,18 Years,130,63,67,35,17,18,0,0,0,1,0,1,94,46,48
YOAKUM COUNTY,501,19 Years,121,58,63,28,16,12,1,1,0,1,0,1,91,41,50
YOAKUM COUNTY,501,20 Years,130,70,60,30,15,15,1,1,0,3,2,1,96,52,44
YOAKUM COUNTY,501,21 Years,117,61,56,30,17,13,1,1,0,1,1,0,85,42,43
YOAKUM COUNTY,501,22 Years,125,61,64,33,16,17,1,0,1,3,1,2,88,44,44
YOAKUM COUNTY,501,23 Years,150,80,70,41,22,19,0,0,0,3,1,2,106,57,49
YOAKUM COUNTY,501,24 Years,124,63,61,39,20,19,2,0,2,3,1,2,80,42,38
YOAKUM COUNTY,501,25 Years,108,58,50,28,17,11,0,0,0,1,0,1,79,41,38
YOAKUM COUNTY,501,26 Years,90,44,46,18,7,11,0,0,0,1,0,1,71,37,34
YOAKUM COUNTY,501,27 Years,89,41,48,18,6,12,0,0,0,2,2,0,69,33,36
YOAKUM COUNTY,501,28 Years,107,49,58,24,9,15,2,1,1,4,4,0,77,35,42
YOAKUM COUNTY,501,29 Years,111,59,52,20,10,10,2,1,1,2,2,0,87,46,41
YOAKUM COUNTY,501,30 Years,96,51,45,20,10,10,0,0,0,0,0,0,76,41,35
YOAKUM COUNTY,501,31 Years,92,53,39,17,8,9,0,0,0,1,0,1,74,45,29
YOAKUM COUNTY,501,32 Years,93,56,37,22,11,11,0,0,0,0,0,0,71,45,26
YOAKUM COUNTY,501,33 Years,106,60,46,32,15,17,1,1,0,0,0,0,73,44,29
YOAKUM COUNTY,501,34 Years,121,64,57,32,16,16,1,0,1,1,0,1,87,48,39
YOAKUM COUNTY,501,35 Years,122,51,71,38,16,22,1,0,1,3,2,1,80,33,47
YOAKUM COUNTY,501,36 Years,110,38,72,28,9,19,1,0,1,2,1,1,79,28,51
YOAKUM COUNTY,501,37 Years,103,53,50,24,14,10,0,0,0,1,0,1,78,39,39
YOAKUM COUNTY,501,38 Years,106,64,42,24,16,8,0,0,0,3,2,1,79,46,33
YOAKUM COUNTY,501,39 Years,119,69,50,28,18,10,0,0,0,2,1,1,89,50,39
YOAKUM COUNTY,501,40 Years,121,67,54,32,17,15,0,0,0,2,2,0,87,48,39
YOAKUM COUNTY,501,41 Years,109,58,51,35,18,17,1,0,1,1,1,0,72,39,33
YOAKUM COUNTY,501,42 Years,93,43,50,25,13,12,1,0,1,0,0,0,67,30,37
YOAKUM COUNTY,501,43 Years,89,44,45,22,13,9,0,0,0,1,1,0,66,30,36
YOAKUM COUNTY,501,44 Years,100,43,57,31,14,17,0,0,0,0,0,0,69,29,40
YOAKUM COUNTY,501,45 Years,92,44,48,27,14,13,1,1,0,0,0,0,64,29,35
YOAKUM COUNTY,501,46 Years,102,50,52,36,19,17,0,0,0,1,0,1,65,31,34
YOAKUM COUNTY,501,47 Years,112,52,60,41,18,23,1,0,1,2,1,1,68,33,35
YOAKUM COUNTY,501,48 Years,94,45,49,29,13,16,0,0,0,2,1,1,63,31,32
YOAKUM COUNTY,501,49 Years,101,52,49,29,15,14,0,0,0,3,1,2,69,36,33
YOAKUM COUNTY,501,50 Years,96,49,47,27,11,16,0,0,0,2,1,1,67,37,30
YOAKUM COUNTY,501,51 Years,105,55,50,31,15,16,1,0,1,1,1,0,72,39,33
YOAKUM COUNTY,501,52 Years,99,54,45,36,20,16,0,0,0,1,1,0,62,33,29
YOAKUM COUNTY,501,53 Years,106,53,53,47,22,25,0,0,0,1,1,0,58,30,28
YOAKUM COUNTY,501,54 Years,112,56,56,50,25,25,3,1,2,1,1,0,58,29,29
YOAKUM COUNTY,501,55 Years,106,56,50,60,28,32,1,0,1,5,3,2,40,25,15
YOAKUM COUNTY,501,56 Years,120,68,52,60,36,24,1,1,0,3,2,1,56,29,27
YOAKUM COUNTY,501,57 Years,115,54,61,55,30,25,3,2,1,1,0,1,56,22,34
YOAKUM COUNTY,501,58 Years,110,55,55,55,30,25,2,1,1,0,0,0,53,24,29
YOAKUM COUNTY,501,59 Years,110,63,47,65,40,25,0,0,0,0,0,0,45,23,22
YOAKUM COUNTY,501,60 Years,103,50,53,59,27,32,3,1,2,1,0,1,40,22,18
YOAKUM COUNTY,501,61 Years,101,50,51,51,24,27,3,1,2,0,0,0,47,25,22
YOAKUM COUNTY,501,62 Years,96,49,47,51,24,27,1,0,1,2,1,1,42,24,18
YOAKUM COUNTY,501,63 Years,79,42,37,45,21,24,0,0,0,2,1,1,32,20,12
YOAKUM COUNTY,501,64 Years,83,41,42,46,21,25,2,1,1,0,0,0,35,19,16
YOAKUM COUNTY,501,65 Years,88,44,44,49,25,24,1,0,1,0,0,0,38,19,19
YOAKUM COUNTY,501,66 Years,76,36,40,40,20,20,1,1,0,2,0,2,33,15,18
YOAKUM COUNTY,501,67 Years,76,35,41,45,19,26,0,0,0,1,0,1,30,16,14
YOAKUM COUNTY,501,68 Years,71,39,32,42,23,19,0,0,0,4,3,1,25,13,12
YOAKUM COUNTY,501,69 Years,73,38,35,47,23,24,0,0,0,2,2,0,24,13,11
YOAKUM COUNTY,501,70 Years,68,30,38,37,15,22,1,1,0,2,1,1,28,13,15
YOAKUM COUNTY,501,71 Years,55,26,29,32,14,18,0,0,0,1,0,1,22,12,10
YOAKUM COUNTY,501,72 Years,62,34,28,39,20,19,0,0,0,1,0,1,22,14,8
YOAKUM COUNTY,501,73 Years,56,30,26,35,18,17,0,0,0,1,0,1,20,12,8
YOAKUM COUNTY,501,74 Years,47,24,23,26,12,14,0,0,0,3,1,2,18,11,7
YOAKUM COUNTY,501,75 Years,44,21,23,25,13,12,1,1,0,2,1,1,16,6,10
YOAKUM COUNTY,501,76 Years,44,22,22,28,13,15,0,0,0,1,0,1,15,9,6
YOAKUM COUNTY,501,77 Years,43,18,25,28,12,16,0,0,0,1,0,1,14,6,8
YOAKUM COUNTY,501,78 Years,37,16,21,24,10,14,0,0,0,1,1,0,12,5,7
YOAKUM COUNTY,501,79 Years,31,13,18,24,10,14,0,0,0,0,0,0,7,3,4
YOAKUM COUNTY,501,80 Years,30,14,16,19,9,10,0,0,0,0,0,0,11,5,6
YOAKUM COUNTY,501,81 Years,34,17,17,23,12,11,1,0,1,0,0,0,10,5,5
YOAKUM COUNTY,501,82 Years,29,13,16,22,10,12,1,0,1,0,0,0,6,3,3
YOAKUM COUNTY,501,83 Years,28,12,16,17,6,11,0,0,0,0,0,0,11,6,5
YOAKUM COUNTY,501,84 Years,23,10,13,14,6,8,0,0,0,0,0,0,9,4,5
YOAKUM COUNTY,501,85 Years +,118,48,70,86,34,52,1,1,0,1,0,1,30,13,17
YOUNG COUNTY,503,All Ages,18807,9420,9387,14465,7083,7382,223,127,96,369,170,199,3750,2040,1710
YOUNG COUNTY,503,< 1 Year,225,119,106,137,71,66,0,0,0,10,6,4,78,42,36
YOUNG COUNTY,503,1 Years,229,116,113,142,72,70,0,0,0,10,5,5,77,39,38
YOUNG COUNTY,503,2 Years,229,117,112,148,77,71,0,0,0,8,4,4,73,36,37
YOUNG COUNTY,503,3 Years,241,132,109,158,86,72,2,1,1,6,3,3,75,42,33
YOUNG COUNTY,503,4 Years,241,126,115,156,83,73,2,0,2,6,2,4,77,41,36
YOUNG COUNTY,503,5 Years,248,127,121,153,84,69,2,0,2,9,3,6,84,40,44
YOUNG COUNTY,503,6 Years,259,150,109,154,88,66,3,1,2,9,7,2,93,54,39
YOUNG COUNTY,503,7 Years,256,138,118,151,80,71,3,2,1,8,4,4,94,52,42
YOUNG COUNTY,503,8 Years,242,124,118,147,71,76,3,2,1,11,6,5,81,45,36
YOUNG COUNTY,503,9 Years,252,142,110,149,83,66,6,2,4,10,6,4,87,51,36
YOUNG COUNTY,503,10 Years,248,125,123,145,72,73,4,2,2,11,7,4,88,44,44
YOUNG COUNTY,503,11 Years,235,111,124,138,66,72,2,2,0,7,4,3,88,39,49
YOUNG COUNTY,503,12 Years,258,125,133,169,85,84,2,1,1,5,3,2,82,36,46
YOUNG COUNTY,503,13 Years,261,132,129,174,88,86,3,2,1,7,4,3,77,38,39
YOUNG COUNTY,503,14 Years,260,128,132,184,87,97,3,2,1,7,3,4,66,36,30
YOUNG COUNTY,503,15 Years,265,131,134,184,87,97,5,4,1,4,2,2,72,38,34
YOUNG COUNTY,503,16 Years,268,139,129,184,96,88,3,3,0,4,1,3,77,39,38
YOUNG COUNTY,503,17 Years,253,138,115,183,96,87,4,4,0,3,1,2,63,37,26
YOUNG COUNTY,503,18 Years,237,136,101,164,87,77,4,4,0,6,3,3,63,42,21
YOUNG COUNTY,503,19 Years,201,111,90,140,73,67,1,1,0,4,2,2,56,35,21
YOUNG COUNTY,503,20 Years,215,111,104,146,70,76,1,1,0,5,2,3,63,38,25
YOUNG COUNTY,503,21 Years,199,105,94,140,72,68,2,2,0,4,1,3,53,30,23
YOUNG COUNTY,503,22 Years,203,116,87,144,80,64,2,2,0,4,2,2,53,32,21
YOUNG COUNTY,503,23 Years,221,110,111,159,82,77,3,0,3,6,1,5,53,27,26
YOUNG COUNTY,503,24 Years,237,129,108,169,96,73,2,1,1,8,2,6,58,30,28
YOUNG COUNTY,503,25 Years,198,96,102,132,64,68,4,2,2,4,2,2,58,28,30
YOUNG COUNTY,503,26 Years,202,103,99,138,66,72,3,2,1,3,2,1,58,33,25
YOUNG COUNTY,503,27 Years,192,98,94,131,63,68,3,3,0,6,3,3,52,29,23
YOUNG COUNTY,503,28 Years,186,99,87,114,58,56,5,4,1,6,3,3,61,34,27
YOUNG COUNTY,503,29 Years,177,88,89,115,54,61,2,1,1,4,1,3,56,32,24
YOUNG COUNTY,503,30 Years,206,115,91,135,71,64,1,0,1,6,2,4,64,42,22
YOUNG COUNTY,503,31 Years,208,106,102,140,64,76,5,3,2,7,3,4,56,36,20
YOUNG COUNTY,503,32 Years,192,105,87,136,73,63,4,3,1,2,1,1,50,28,22
YOUNG COUNTY,503,33 Years,216,115,101,150,79,71,2,1,1,2,1,1,62,34,28
YOUNG COUNTY,503,34 Years,201,112,89,136,75,61,4,2,2,3,1,2,58,34,24
YOUNG COUNTY,503,35 Years,208,109,99,152,74,78,2,2,0,4,2,2,50,31,19
YOUNG COUNTY,503,36 Years,179,95,84,130,68,62,1,1,0,2,1,1,46,25,21
YOUNG COUNTY,503,37 Years,182,91,91,135,63,72,0,0,0,2,1,1,45,27,18
YOUNG COUNTY,503,38 Years,198,99,99,150,70,80,2,1,1,2,0,2,44,28,16
YOUNG COUNTY,503,39 Years,183,91,92,126,63,63,4,1,3,3,0,3,50,27,23
YOUNG COUNTY,503,40 Years,181,89,92,130,62,68,2,1,1,1,0,1,48,26,22
YOUNG COUNTY,503,41 Years,204,91,113,150,63,87,2,2,0,3,2,1,49,24,25
YOUNG COUNTY,503,42 Years,227,113,114,170,84,86,3,3,0,4,3,1,50,23,27
YOUNG COUNTY,503,43 Years,221,113,108,174,89,85,2,2,0,3,1,2,42,21,21
YOUNG COUNTY,503,44 Years,215,104,111,170,81,89,2,1,1,1,0,1,42,22,20
YOUNG COUNTY,503,45 Years,211,97,114,172,77,95,1,1,0,1,0,1,37,19,18
YOUNG COUNTY,503,46 Years,214,103,111,169,79,90,3,2,1,3,1,2,39,21,18
YOUNG COUNTY,503,47 Years,216,113,103,166,85,81,4,3,1,5,3,2,41,22,19
YOUNG COUNTY,503,48 Years,221,110,111,168,86,82,1,1,0,6,3,3,46,20,26
YOUNG COUNTY,503,49 Years,212,106,106,165,81,84,3,2,1,4,1,3,40,22,18
YOUNG COUNTY,503,50 Years,222,114,108,171,83,88,3,1,2,1,0,1,47,30,17
YOUNG COUNTY,503,51 Years,259,124,135,212,100,112,4,1,3,2,1,1,41,22,19
YOUNG COUNTY,503,52 Years,258,130,128,217,109,108,4,3,1,2,1,1,35,17,18
YOUNG COUNTY,503,53 Years,262,132,130,210,104,106,5,2,3,3,2,1,44,24,20
YOUNG COUNTY,503,54 Years,275,126,149,229,105,124,4,1,3,4,1,3,38,19,19
YOUNG COUNTY,503,55 Years,277,137,140,241,120,121,2,1,1,2,0,2,32,16,16
YOUNG COUNTY,503,56 Years,297,143,154,251,119,132,4,3,1,4,1,3,38,20,18
YOUNG COUNTY,503,57 Years,292,144,148,243,119,124,4,4,0,5,1,4,40,20,20
YOUNG COUNTY,503,58 Years,287,145,142,244,121,123,3,1,2,4,1,3,36,22,14
YOUNG COUNTY,503,59 Years,289,140,149,254,122,132,3,0,3,3,1,2,29,17,12
YOUNG COUNTY,503,60 Years,293,155,138,256,134,122,5,2,3,3,3,0,29,16,13
YOUNG COUNTY,503,61 Years,259,124,135,232,111,121,4,1,3,3,1,2,20,11,9
YOUNG COUNTY,503,62 Years,241,123,118,216,111,105,2,0,2,5,3,2,18,9,9
YOUNG COUNTY,503,63 Years,268,131,137,244,120,124,1,0,1,4,3,1,19,8,11
YOUNG COUNTY,503,64 Years,289,139,150,253,121,132,2,1,1,5,2,3,29,15,14
YOUNG COUNTY,503,65 Years,240,131,109,216,116,100,1,1,0,5,4,1,18,10,8
YOUNG COUNTY,503,66 Years,227,124,103,205,111,94,1,0,1,4,2,2,17,11,6
YOUNG COUNTY,503,67 Years,208,99,109,192,90,102,1,0,1,1,0,1,14,9,5
YOUNG COUNTY,503,68 Years,226,104,122,210,97,113,4,1,3,3,0,3,9,6,3
YOUNG COUNTY,503,69 Years,231,116,115,213,107,106,2,1,1,3,1,2,13,7,6
YOUNG COUNTY,503,70 Years,189,92,97,171,83,88,4,1,3,4,2,2,10,6,4
YOUNG COUNTY,503,71 Years,186,92,94,170,82,88,3,2,1,4,2,2,9,6,3
YOUNG COUNTY,503,72 Years,187,89,98,175,80,95,2,1,1,2,2,0,8,6,2
YOUNG COUNTY,503,73 Years,167,76,91,156,70,86,1,1,0,4,2,2,6,3,3
YOUNG COUNTY,503,74 Years,168,80,88,158,74,84,0,0,0,2,1,1,8,5,3
YOUNG COUNTY,503,75 Years,160,77,83,147,69,78,0,0,0,3,2,1,10,6,4
YOUNG COUNTY,503,76 Years,130,57,73,123,54,69,1,0,1,3,2,1,3,1,2
YOUNG COUNTY,503,77 Years,126,58,68,117,52,65,1,0,1,2,1,1,6,5,1
YOUNG COUNTY,503,78 Years,105,45,60,98,42,56,4,1,3,1,1,0,2,1,1
YOUNG COUNTY,503,79 Years,121,59,62,115,55,60,4,3,1,1,0,1,1,1,0
YOUNG COUNTY,503,80 Years,116,53,63,105,48,57,1,1,0,3,0,3,7,4,3
YOUNG COUNTY,503,81 Years,120,56,64,106,48,58,3,3,0,3,1,2,8,4,4
YOUNG COUNTY,503,82 Years,106,44,62,94,40,54,3,1,2,1,0,1,8,3,5
YOUNG COUNTY,503,83 Years,99,40,59,88,33,55,2,2,0,1,1,0,8,4,4
YOUNG COUNTY,503,84 Years,93,40,53,86,37,49,1,1,0,1,1,0,5,1,4
YOUNG COUNTY,503,85 Years +,501,182,319,475,172,303,7,3,4,9,3,6,10,4,6
ZAPATA COUNTY,505,All Ages,14237,7209,7028,723,375,348,8,7,1,59,25,34,13447,6802,6645
ZAPATA COUNTY,505,< 1 Year,281,142,139,0,0,0,0,0,0,0,0,0,281,142,139
ZAPATA COUNTY,505,1 Years,296,156,140,0,0,0,0,0,0,0,0,0,296,156,140
ZAPATA COUNTY,505,2 Years,301,163,138,3,2,1,0,0,0,0,0,0,298,161,137
ZAPATA COUNTY,505,3 Years,303,160,143,4,2,2,0,0,0,0,0,0,299,158,141
ZAPATA COUNTY,505,4 Years,296,150,146,7,3,4,0,0,0,0,0,0,289,147,142
ZAPATA COUNTY,505,5 Years,318,159,159,9,2,7,0,0,0,0,0,0,309,157,152
ZAPATA COUNTY,505,6 Years,321,173,148,7,3,4,0,0,0,0,0,0,314,170,144
ZAPATA COUNTY,505,7 Years,272,148,124,5,3,2,0,0,0,0,0,0,267,145,122
ZAPATA COUNTY,505,8 Years,270,147,123,4,1,3,0,0,0,1,1,0,265,145,120
ZAPATA COUNTY,505,9 Years,261,144,117,6,3,3,0,0,0,0,0,0,255,141,114
ZAPATA COUNTY,505,10 Years,235,137,98,7,5,2,0,0,0,0,0,0,228,132,96
ZAPATA COUNTY,505,11 Years,261,148,113,7,4,3,0,0,0,1,1,0,253,143,110
ZAPATA COUNTY,505,12 Years,250,137,113,9,7,2,0,0,0,2,1,1,239,129,110
ZAPATA COUNTY,505,13 Years,237,126,111,5,3,2,0,0,0,2,1,1,230,122,108
ZAPATA COUNTY,505,14 Years,254,133,121,6,3,3,0,0,0,1,0,1,247,130,117
ZAPATA COUNTY,505,15 Years,234,125,109,3,1,2,0,0,0,1,1,0,230,123,107
ZAPATA COUNTY,505,16 Years,232,118,114,3,2,1,1,1,0,0,0,0,228,115,113
ZAPATA COUNTY,505,17 Years,255,128,127,7,3,4,0,0,0,1,1,0,247,124,123
ZAPATA COUNTY,505,18 Years,236,121,115,6,3,3,0,0,0,0,0,0,230,118,112
ZAPATA COUNTY,505,19 Years,219,122,97,7,6,1,0,0,0,0,0,0,212,116,96
ZAPATA COUNTY,505,20 Years,228,123,105,6,3,3,0,0,0,2,2,0,220,118,102
ZAPATA COUNTY,505,21 Years,215,110,105,5,3,2,0,0,0,3,1,2,207,106,101
ZAPATA COUNTY,505,22 Years,228,128,100,6,3,3,0,0,0,1,0,1,221,125,96
ZAPATA COUNTY,505,23 Years,233,117,116,5,2,3,0,0,0,0,0,0,228,115,113
ZAPATA COUNTY,505,24 Years,229,120,109,4,2,2,0,0,0,2,0,2,223,118,105
ZAPATA COUNTY,505,25 Years,219,111,108,7,4,3,0,0,0,1,0,1,211,107,104
ZAPATA COUNTY,505,26 Years,209,104,105,7,2,5,0,0,0,1,0,1,201,102,99
ZAPATA COUNTY,505,27 Years,192,93,99,7,4,3,0,0,0,0,0,0,185,89,96
ZAPATA COUNTY,505,28 Years,173,95,78,4,2,2,0,0,0,0,0,0,169,93,76
ZAPATA COUNTY,505,29 Years,176,85,91,2,1,1,0,0,0,1,0,1,173,84,89
ZAPATA COUNTY,505,30 Years,194,98,96,4,2,2,0,0,0,1,0,1,189,96,93
ZAPATA COUNTY,505,31 Years,179,81,98,4,1,3,0,0,0,0,0,0,175,80,95
ZAPATA COUNTY,505,32 Years,160,86,74,6,4,2,0,0,0,0,0,0,154,82,72
ZAPATA COUNTY,505,33 Years,175,91,84,5,3,2,0,0,0,0,0,0,170,88,82
ZAPATA COUNTY,505,34 Years,176,84,92,5,3,2,0,0,0,0,0,0,171,81,90
ZAPATA COUNTY,505,35 Years,174,89,85,5,3,2,0,0,0,0,0,0,169,86,83
ZAPATA COUNTY,505,36 Years,172,88,84,2,2,0,0,0,0,0,0,0,170,86,84
ZAPATA COUNTY,505,37 Years,153,80,73,1,0,1,0,0,0,0,0,0,152,80,72
ZAPATA COUNTY,505,38 Years,164,84,80,7,3,4,0,0,0,0,0,0,157,81,76
ZAPATA COUNTY,505,39 Years,175,92,83,6,3,3,0,0,0,1,0,1,168,89,79
ZAPATA COUNTY,505,40 Years,177,86,91,7,3,4,0,0,0,0,0,0,170,83,87
ZAPATA COUNTY,505,41 Years,184,85,99,10,6,4,0,0,0,0,0,0,174,79,95
ZAPATA COUNTY,505,42 Years,163,73,90,8,3,5,0,0,0,0,0,0,155,70,85
ZAPATA COUNTY,505,43 Years,150,73,77,3,1,2,0,0,0,1,1,0,146,71,75
ZAPATA COUNTY,505,44 Years,152,67,85,6,3,3,0,0,0,1,1,0,145,63,82
ZAPATA COUNTY,505,45 Years,152,70,82,2,1,1,0,0,0,1,1,0,149,68,81
ZAPATA COUNTY,505,46 Years,149,75,74,2,2,0,0,0,0,1,1,0,146,72,74
ZAPATA COUNTY,505,47 Years,141,67,74,5,5,0,0,0,0,4,2,2,132,60,72
ZAPATA COUNTY,505,48 Years,137,67,70,4,4,0,0,0,0,2,1,1,131,62,69
ZAPATA COUNTY,505,49 Years,144,67,77,5,3,2,0,0,0,1,1,0,138,63,75
ZAPATA COUNTY,505,50 Years,149,63,86,5,1,4,0,0,0,2,1,1,142,61,81
ZAPATA COUNTY,505,51 Years,139,67,72,7,4,3,0,0,0,1,1,0,131,62,69
ZAPATA COUNTY,505,52 Years,144,67,77,7,4,3,0,0,0,0,0,0,137,63,74
ZAPATA COUNTY,505,53 Years,143,68,75,11,6,5,0,0,0,1,0,1,131,62,69
ZAPATA COUNTY,505,54 Years,135,73,62,8,3,5,0,0,0,0,0,0,127,70,57
ZAPATA COUNTY,505,55 Years,142,72,70,6,2,4,0,0,0,0,0,0,136,70,66
ZAPATA COUNTY,505,56 Years,133,70,63,9,6,3,0,0,0,1,1,0,123,63,60
ZAPATA COUNTY,505,57 Years,126,69,57,6,5,1,0,0,0,0,0,0,120,64,56
ZAPATA COUNTY,505,58 Years,119,62,57,8,6,2,0,0,0,0,0,0,111,56,55
ZAPATA COUNTY,505,59 Years,121,66,55,8,6,2,0,0,0,2,1,1,111,59,52
ZAPATA COUNTY,505,60 Years,109,56,53,5,3,2,1,1,0,0,0,0,103,52,51
ZAPATA COUNTY,505,61 Years,125,64,61,10,6,4,0,0,0,1,1,0,114,57,57
ZAPATA COUNTY,505,62 Years,114,60,54,11,5,6,1,1,0,2,0,2,100,54,46
ZAPATA COUNTY,505,63 Years,112,54,58,11,5,6,1,0,1,2,1,1,98,48,50
ZAPATA COUNTY,505,64 Years,101,44,57,8,4,4,0,0,0,2,0,2,91,40,51
ZAPATA COUNTY,505,65 Years,106,51,55,14,9,5,0,0,0,1,0,1,91,42,49
ZAPATA COUNTY,505,66 Years,102,46,56,11,6,5,0,0,0,2,0,2,89,40,49
ZAPATA COUNTY,505,67 Years,112,46,66,16,7,9,0,0,0,1,0,1,95,39,56
ZAPATA COUNTY,505,68 Years,108,45,63,19,8,11,1,1,0,0,0,0,88,36,52
ZAPATA COUNTY,505,69 Years,104,47,57,17,8,9,0,0,0,2,1,1,85,38,47
ZAPATA COUNTY,505,70 Years,97,43,54,17,7,10,1,1,0,0,0,0,79,35,44
ZAPATA COUNTY,505,71 Years,85,34,51,12,7,5,0,0,0,1,0,1,72,27,45
ZAPATA COUNTY,505,72 Years,78,28,50,16,8,8,0,0,0,0,0,0,62,20,42
ZAPATA COUNTY,505,73 Years,82,37,45,18,9,9,0,0,0,0,0,0,64,28,36
ZAPATA COUNTY,505,74 Years,80,38,42,15,8,7,0,0,0,0,0,0,65,30,35
ZAPATA COUNTY,505,75 Years,77,38,39,19,8,11,0,0,0,0,0,0,58,30,28
ZAPATA COUNTY,505,76 Years,68,33,35,17,7,10,0,0,0,1,0,1,50,26,24
ZAPATA COUNTY,505,77 Years,58,29,29,17,10,7,0,0,0,1,0,1,40,19,21
ZAPATA COUNTY,505,78 Years,63,36,27,21,10,11,0,0,0,0,0,0,42,26,16
ZAPATA COUNTY,505,79 Years,48,25,23,14,6,8,0,0,0,0,0,0,34,19,15
ZAPATA COUNTY,505,80 Years,46,19,27,13,6,7,0,0,0,0,0,0,33,13,20
ZAPATA COUNTY,505,81 Years,43,16,27,10,6,4,1,1,0,1,0,1,31,9,22
ZAPATA COUNTY,505,82 Years,39,20,19,10,7,3,1,1,0,0,0,0,28,12,16
ZAPATA COUNTY,505,83 Years,28,13,15,9,5,4,0,0,0,0,0,0,19,8,11
ZAPATA COUNTY,505,84 Years,25,11,14,10,4,6,0,0,0,1,1,0,14,6,8
ZAPATA COUNTY,505,85 Years +,171,73,98,53,26,27,0,0,0,1,0,1,117,47,70
ZAVALA COUNTY,507,All Ages,12001,5949,6052,628,313,315,31,17,14,29,14,15,11313,5605,5708
ZAVALA COUNTY,507,< 1 Year,208,108,100,5,2,3,0,0,0,0,0,0,203,106,97
ZAVALA COUNTY,507,1 Years,214,108,106,5,2,3,0,0,0,0,0,0,209,106,103
ZAVALA COUNTY,507,2 Years,221,109,112,7,4,3,0,0,0,0,0,0,214,105,109
ZAVALA COUNTY,507,3 Years,226,115,111,7,4,3,0,0,0,0,0,0,219,111,108
ZAVALA COUNTY,507,4 Years,227,111,116,6,3,3,0,0,0,0,0,0,221,108,113
ZAVALA COUNTY,507,5 Years,222,106,116,6,3,3,0,0,0,0,0,0,216,103,113
ZAVALA COUNTY,507,6 Years,222,107,115,6,4,2,0,0,0,0,0,0,216,103,113
ZAVALA COUNTY,507,7 Years,195,96,99,13,3,10,1,0,1,0,0,0,181,93,88
ZAVALA COUNTY,507,8 Years,187,99,88,8,4,4,2,0,2,0,0,0,177,95,82
ZAVALA COUNTY,507,9 Years,186,95,91,9,6,3,1,0,1,0,0,0,176,89,87
ZAVALA COUNTY,507,10 Years,213,114,99,6,3,3,0,0,0,0,0,0,207,111,96
ZAVALA COUNTY,507,11 Years,219,108,111,5,1,4,0,0,0,0,0,0,214,107,107
ZAVALA COUNTY,507,12 Years,191,94,97,7,2,5,2,1,1,0,0,0,182,91,91
ZAVALA COUNTY,507,13 Years,189,97,92,7,2,5,0,0,0,0,0,0,182,95,87
ZAVALA COUNTY,507,14 Years,188,90,98,4,1,3,0,0,0,0,0,0,184,89,95
ZAVALA COUNTY,507,15 Years,180,89,91,4,2,2,1,0,1,2,1,1,173,86,87
ZAVALA COUNTY,507,16 Years,189,97,92,4,3,1,2,1,1,1,1,0,182,92,90
ZAVALA COUNTY,507,17 Years,190,84,106,8,2,6,2,2,0,1,0,1,179,80,99
ZAVALA COUNTY,507,18 Years,183,89,94,5,2,3,2,2,0,1,0,1,175,85,90
ZAVALA COUNTY,507,19 Years,166,80,86,7,4,3,0,0,0,3,1,2,156,75,81
ZAVALA COUNTY,507,20 Years,166,83,83,5,2,3,1,0,1,1,0,1,159,81,78
ZAVALA COUNTY,507,21 Years,183,95,88,4,1,3,0,0,0,0,0,0,179,94,85
ZAVALA COUNTY,507,22 Years,188,87,101,3,3,0,1,0,1,0,0,0,184,84,100
ZAVALA COUNTY,507,23 Years,207,108,99,7,5,2,0,0,0,1,0,1,199,103,96
ZAVALA COUNTY,507,24 Years,199,93,106,9,3,6,0,0,0,1,0,1,189,90,99
ZAVALA COUNTY,507,25 Years,187,110,77,9,6,3,1,1,0,0,0,0,177,103,74
ZAVALA COUNTY,507,26 Years,190,108,82,6,4,2,1,1,0,0,0,0,183,103,80
ZAVALA COUNTY,507,27 Years,158,94,64,6,5,1,0,0,0,1,1,0,151,88,63
ZAVALA COUNTY,507,28 Years,147,86,61,5,3,2,1,1,0,0,0,0,141,82,59
ZAVALA COUNTY,507,29 Years,175,104,71,8,5,3,0,0,0,0,0,0,167,99,68
ZAVALA COUNTY,507,30 Years,159,96,63,7,3,4,0,0,0,0,0,0,152,93,59
ZAVALA COUNTY,507,31 Years,143,78,65,7,4,3,0,0,0,0,0,0,136,74,62
ZAVALA COUNTY,507,32 Years,128,73,55,7,3,4,1,1,0,0,0,0,120,69,51
ZAVALA COUNTY,507,33 Years,144,78,66,7,3,4,1,1,0,0,0,0,136,74,62
ZAVALA COUNTY,507,34 Years,140,73,67,7,4,3,0,0,0,1,0,1,132,69,63
ZAVALA COUNTY,507,35 Years,145,73,72,9,4,5,1,0,1,0,0,0,135,69,66
ZAVALA COUNTY,507,36 Years,143,70,73,9,3,6,0,0,0,0,0,0,134,67,67
ZAVALA COUNTY,507,37 Years,122,57,65,7,3,4,1,0,1,0,0,0,114,54,60
ZAVALA COUNTY,507,38 Years,114,57,57,4,2,2,0,0,0,1,1,0,109,54,55
ZAVALA COUNTY,507,39 Years,111,55,56,7,5,2,0,0,0,0,0,0,104,50,54
ZAVALA COUNTY,507,40 Years,128,60,68,4,2,2,0,0,0,0,0,0,124,58,66
ZAVALA COUNTY,507,41 Years,130,69,61,4,2,2,0,0,0,0,0,0,126,67,59
ZAVALA COUNTY,507,42 Years,115,60,55,5,2,3,0,0,0,1,0,1,109,58,51
ZAVALA COUNTY,507,43 Years,141,68,73,8,4,4,0,0,0,0,0,0,133,64,69
ZAVALA COUNTY,507,44 Years,126,66,60,6,3,3,0,0,0,0,0,0,120,63,57
ZAVALA COUNTY,507,45 Years,120,54,66,6,2,4,0,0,0,1,1,0,113,51,62
ZAVALA COUNTY,507,46 Years,121,60,61,9,4,5,1,1,0,1,0,1,110,55,55
ZAVALA COUNTY,507,47 Years,119,58,61,8,2,6,1,1,0,0,0,0,110,55,55
ZAVALA COUNTY,507,48 Years,126,53,73,6,3,3,0,0,0,0,0,0,120,50,70
ZAVALA COUNTY,507,49 Years,134,68,66,7,5,2,0,0,0,1,0,1,126,63,63
ZAVALA COUNTY,507,50 Years,128,65,63,5,2,3,1,0,1,1,1,0,121,62,59
ZAVALA COUNTY,507,51 Years,119,56,63,9,5,4,1,0,1,0,0,0,109,51,58
ZAVALA COUNTY,507,52 Years,119,53,66,4,2,2,0,0,0,0,0,0,115,51,64
ZAVALA COUNTY,507,53 Years,118,63,55,6,3,3,1,1,0,1,1,0,110,58,52
ZAVALA COUNTY,507,54 Years,122,66,56,11,7,4,0,0,0,1,1,0,110,58,52
ZAVALA COUNTY,507,55 Years,135,71,64,7,3,4,0,0,0,1,1,0,127,67,60
ZAVALA COUNTY,507,56 Years,146,73,73,9,5,4,0,0,0,1,0,1,136,68,68
ZAVALA COUNTY,507,57 Years,134,59,75,5,1,4,0,0,0,0,0,0,129,58,71
ZAVALA COUNTY,507,58 Years,117,56,61,7,2,5,0,0,0,0,0,0,110,54,56
ZAVALA COUNTY,507,59 Years,133,68,65,8,6,2,0,0,0,0,0,0,125,62,63
ZAVALA COUNTY,507,60 Years,128,63,65,9,6,3,1,1,0,0,0,0,118,56,62
ZAVALA COUNTY,507,61 Years,130,63,67,7,4,3,1,1,0,0,0,0,122,58,64
ZAVALA COUNTY,507,62 Years,118,58,60,5,4,1,0,0,0,1,0,1,112,54,58
ZAVALA COUNTY,507,63 Years,125,57,68,7,3,4,0,0,0,1,1,0,117,53,64
ZAVALA COUNTY,507,64 Years,120,58,62,15,7,8,0,0,0,0,0,0,105,51,54
ZAVALA COUNTY,507,65 Years,120,57,63,15,9,6,0,0,0,1,1,0,104,47,57
ZAVALA COUNTY,507,66 Years,124,52,72,12,5,7,1,0,1,0,0,0,111,47,64
ZAVALA COUNTY,507,67 Years,121,48,73,11,5,6,0,0,0,0,0,0,110,43,67
ZAVALA COUNTY,507,68 Years,111,50,61,10,5,5,0,0,0,0,0,0,101,45,56
ZAVALA COUNTY,507,69 Years,93,42,51,10,7,3,0,0,0,0,0,0,83,35,48
ZAVALA COUNTY,507,70 Years,94,41,53,8,4,4,0,0,0,0,0,0,86,37,49
ZAVALA COUNTY,507,71 Years,81,38,43,11,6,5,0,0,0,0,0,0,70,32,38
ZAVALA COUNTY,507,72 Years,89,39,50,10,6,4,0,0,0,0,0,0,79,33,46
ZAVALA COUNTY,507,73 Years,84,40,44,8,4,4,0,0,0,1,1,0,75,35,40
ZAVALA COUNTY,507,74 Years,65,27,38,7,4,3,0,0,0,1,1,0,57,22,35
ZAVALA COUNTY,507,75 Years,61,28,33,6,2,4,0,0,0,0,0,0,55,26,29
ZAVALA COUNTY,507,76 Years,59,30,29,5,3,2,0,0,0,0,0,0,54,27,27
ZAVALA COUNTY,507,77 Years,51,26,25,3,3,0,0,0,0,0,0,0,48,23,25
ZAVALA COUNTY,507,78 Years,47,19,28,5,4,1,0,0,0,0,0,0,42,15,27
ZAVALA COUNTY,507,79 Years,56,25,31,11,3,8,0,0,0,0,0,0,45,22,23
ZAVALA COUNTY,507,80 Years,51,21,30,8,3,5,0,0,0,0,0,0,43,18,25
ZAVALA COUNTY,507,81 Years,41,16,25,3,2,1,0,0,0,0,0,0,38,14,24
ZAVALA COUNTY,507,82 Years,42,19,23,5,3,2,0,0,0,0,0,0,37,16,21
ZAVALA COUNTY,507,83 Years,31,12,19,5,2,3,0,0,0,0,0,0,26,10,16
ZAVALA COUNTY,507,84 Years,35,11,24,5,3,2,0,0,0,0,0,0,30,8,22
ZAVALA COUNTY,507,85 Years +,228,89,139,31,13,18,1,1,0,1,0,1,195,75,120
