County,FIPS,Age,Total,Total Male,Total Female,Anglo Total,Anglo Male,Anglo Female,Black Total,Black Male,Black Female,Other Total,Other Male,Other Female,Hispanic Total,Hispanic Male,Hispanic Female
STATE OF TEXAS,0,All Ages,26059203,12936056,13123147,11552519,5713595,5838924,2986753,1442418,1544335,1503577,734573,769004,10016354,5045470,4970884
STATE OF TEXAS,0,< 1 Year,380034,194158,185876,131981,67584,64397,42215,21457,20758,23253,12009,11244,182585,93108,89477
STATE OF TEXAS,0,1 Years,394870,201322,193548,132437,67677,64760,42926,21821,21105,23824,12100,11724,195683,99724,95959
STATE OF TEXAS,0,2 Years,387106,197251,189855,123896,63604,60292,42864,21670,21194,24043,12279,11764,196303,99698,96605
STATE OF TEXAS,0,3 Years,384538,196057,188481,120769,61868,58901,42761,21635,21126,25917,13238,12679,195091,99316,95775
STATE OF TEXAS,0,4 Years,391789,200018,191771,123217,63120,60097,43872,22284,21588,26716,13665,13051,197984,100949,97035
STATE OF TEXAS,0,5 Years,394308,201428,192880,124883,64071,60812,44520,22787,21733,26367,13449,12918,198538,101121,97417
STATE OF TEXAS,0,6 Years,392274,200322,191952,125426,64568,60858,44494,22494,22000,26197,13311,12886,196157,99949,96208
STATE OF TEXAS,0,7 Years,392236,200221,192015,126472,64879,61593,44280,22361,21919,26267,13293,12974,195217,99688,95529
STATE OF TEXAS,0,8 Years,391472,199649,191823,127983,65583,62400,44313,22446,21867,26120,13185,12935,193056,98435,94621
STATE OF TEXAS,0,9 Years,390040,198695,191345,128977,66108,62869,44398,22565,21833,25511,12824,12687,191154,97198,93956
STATE OF TEXAS,0,10 Years,389565,199058,190507,129394,66394,63000,45009,22999,22010,24654,12481,12173,190508,97184,93324
STATE OF TEXAS,0,11 Years,396054,202437,193617,132097,67872,64225,46187,23691,22496,24722,12542,12180,193048,98332,94716
STATE OF TEXAS,0,12 Years,396686,203000,193686,133870,68850,65020,47099,24063,23036,23919,12156,11763,191798,97931,93867
STATE OF TEXAS,0,13 Years,388862,199095,189767,133549,68602,64947,46429,23791,22638,22851,11610,11241,186033,95092,90941
STATE OF TEXAS,0,14 Years,383220,196432,186788,132824,68446,64378,46353,23756,22597,22613,11446,11167,181430,92784,88646
STATE OF TEXAS,0,15 Years,380618,194739,185879,133790,68742,65048,46353,23631,22722,22415,11291,11124,178060,91075,86985
STATE OF TEXAS,0,16 Years,379844,194662,185182,134559,69067,65492,46580,23941,22639,22149,11233,10916,176556,90421,86135
STATE OF TEXAS,0,17 Years,382836,196796,186040,136516,70277,66239,48383,24832,23551,21952,11219,10733,175985,90468,85517
STATE OF TEXAS,0,18 Years,400045,204955,195090,146285,74445,71840,52033,26621,25412,22854,11710,11144,178873,92179,86694
STATE OF TEXAS,0,19 Years,419722,216439,203283,158516,81716,76800,54893,28217,26676,23112,11845,11267,183201,94661,88540
STATE OF TEXAS,0,20 Years,394592,204233,190359,146446,75643,70803,51354,26505,24849,21314,10982,10332,175478,91103,84375
STATE OF TEXAS,0,21 Years,383400,198550,184850,142198,73742,68456,49592,25187,24405,20932,10730,10202,170678,88891,81787
STATE OF TEXAS,0,22 Years,372501,192990,179511,138523,71528,66995,47942,24141,23801,20667,10617,10050,165369,86704,78665
STATE OF TEXAS,0,23 Years,357374,184885,172489,132039,67592,64447,45423,22844,22579,20571,10602,9969,159341,83847,75494
STATE OF TEXAS,0,24 Years,356768,184324,172444,134706,68553,66153,43664,21713,21951,21100,10763,10337,157298,83295,74003
STATE OF TEXAS,0,25 Years,362283,185678,176605,139715,70106,69609,42971,21208,21763,21588,10863,10725,158009,83501,74508
STATE OF TEXAS,0,26 Years,369090,188867,180223,144386,72524,71862,43521,21438,22083,22265,11084,11181,158918,83821,75097
STATE OF TEXAS,0,27 Years,374405,191142,183263,148986,75014,73972,43425,21448,21977,23030,11517,11513,158964,83163,75801
STATE OF TEXAS,0,28 Years,369573,187494,182079,146467,73655,72812,42863,20833,22030,23690,11611,12079,156553,81395,75158
STATE OF TEXAS,0,29 Years,376667,191044,185623,149757,75630,74127,43516,21111,22405,24161,11736,12425,159233,82567,76666
STATE OF TEXAS,0,30 Years,376584,189970,186614,149412,74949,74463,43575,21122,22453,24405,11663,12742,159192,82236,76956
STATE OF TEXAS,0,31 Years,376658,188939,187719,149498,75127,74371,44249,21257,22992,23731,11041,12690,159180,81514,77666
STATE OF TEXAS,0,32 Years,379785,191030,188755,149980,75697,74283,45762,21807,23955,24238,11431,12807,159805,82095,77710
STATE OF TEXAS,0,33 Years,360918,180816,180102,142743,72082,70661,43756,20787,22969,23618,11060,12558,150801,76887,73914
STATE OF TEXAS,0,34 Years,355209,177336,177873,140062,70367,69695,42138,19972,22166,23443,10996,12447,149566,76001,73565
STATE OF TEXAS,0,35 Years,350492,175218,175274,137321,69013,68308,41310,19627,21683,23508,11179,12329,148353,75399,72954
STATE OF TEXAS,0,36 Years,349881,174222,175659,135608,68373,67235,40679,19106,21573,24404,11610,12794,149190,75133,74057
STATE OF TEXAS,0,37 Years,354334,176267,178067,138314,69611,68703,40721,19268,21453,25023,11890,13133,150276,75498,74778
STATE OF TEXAS,0,38 Years,346838,172009,174829,136281,68379,67902,40915,19381,21534,24889,11774,13115,144753,72475,72278
STATE OF TEXAS,0,39 Years,350500,173592,176908,139335,70160,69175,42201,19972,22229,25084,11903,13181,143880,71557,72323
STATE OF TEXAS,0,40 Years,360332,178353,181979,149361,75281,74080,43165,20477,22688,24974,11841,13133,142832,70754,72078
STATE OF TEXAS,0,41 Years,370808,183582,187226,161207,81099,80108,44690,21235,23455,24930,11923,13007,139981,69325,70656
STATE OF TEXAS,0,42 Years,369322,183420,185902,162998,81981,81017,43700,20813,22887,24331,11635,12696,138293,68991,69302
STATE OF TEXAS,0,43 Years,349328,174088,175240,155366,78140,77226,40886,19650,21236,22918,11103,11815,130158,65195,64963
STATE OF TEXAS,0,44 Years,337372,168292,169080,149699,75568,74131,40703,19624,21079,21354,10359,10995,125616,62741,62875
STATE OF TEXAS,0,45 Years,331810,165603,166207,149252,75213,74039,40843,19640,21203,19960,9688,10272,121755,61062,60693
STATE OF TEXAS,0,46 Years,334094,166841,167253,151929,76128,75801,42010,20179,21831,19788,9688,10100,120367,60846,59521
STATE OF TEXAS,0,47 Years,349391,173862,175529,164507,82221,82286,43901,20872,23029,20007,9762,10245,120976,61007,59969
STATE OF TEXAS,0,48 Years,353789,175655,178134,173551,86481,87070,43354,20569,22785,20182,9886,10296,116702,58719,57983
STATE OF TEXAS,0,49 Years,355352,176148,179204,178867,88896,89971,43001,20487,22514,19997,9778,10219,113487,56987,56500
STATE OF TEXAS,0,50 Years,352324,174510,177814,181985,90360,91625,42645,20340,22305,18582,8984,9598,109112,54826,54286
STATE OF TEXAS,0,51 Years,352905,174265,178640,185598,92166,93432,42777,20337,22440,18263,8712,9551,106267,53050,53217
STATE OF TEXAS,0,52 Years,354755,176012,178743,189088,94135,94953,42906,20684,22222,18058,8622,9436,104703,52571,52132
STATE OF TEXAS,0,53 Years,341575,168799,172776,185422,92282,93140,41453,19771,21682,17186,8114,9072,97514,48632,48882
STATE OF TEXAS,0,54 Years,337450,166259,171191,186367,92569,93798,40262,19110,21152,16941,8079,8862,93880,46501,47379
STATE OF TEXAS,0,55 Years,328735,161254,167481,183167,90740,92427,39076,18546,20530,16620,7810,8810,89872,44158,45714
STATE OF TEXAS,0,56 Years,319538,156225,163313,179291,88400,90891,37769,17928,19841,16218,7686,8532,86260,42211,44049
STATE OF TEXAS,0,57 Years,313191,152685,160506,178577,88000,90577,36425,17169,19256,15678,7388,8290,82511,40128,42383
STATE OF TEXAS,0,58 Years,297270,143879,153391,172648,84423,88225,33364,15505,17859,14641,6876,7765,76617,37075,39542
STATE OF TEXAS,0,59 Years,286301,138462,147839,168256,82385,85871,31589,14656,16933,14363,6665,7698,72093,34756,37337
STATE OF TEXAS,0,60 Years,272360,131235,141125,162264,79340,82924,29867,13619,16248,13318,6101,7217,66911,32175,34736
STATE OF TEXAS,0,61 Years,259528,124511,135017,153317,74693,78624,28639,13009,15630,12957,5880,7077,64615,30929,33686
STATE OF TEXAS,0,62 Years,254122,121709,132413,151709,73878,77831,27204,12354,14850,12853,5860,6993,62356,29617,32739
STATE OF TEXAS,0,63 Years,244838,117194,127644,148926,72378,76548,25565,11604,13961,12060,5570,6490,58287,27642,30645
STATE OF TEXAS,0,64 Years,243275,116605,126670,152532,74215,78317,23884,10935,12949,11321,5240,6081,55538,26215,29323
STATE OF TEXAS,0,65 Years,238255,114125,124130,153911,75047,78864,21536,9760,11776,10535,4839,5696,52273,24479,27794
STATE OF TEXAS,0,66 Years,197074,94010,103064,123178,60015,63163,18198,8117,10081,9060,4248,4812,46638,21630,25008
STATE OF TEXAS,0,67 Years,185089,87555,97534,116053,55925,60128,17053,7448,9605,8527,3976,4551,43456,20206,23250
STATE OF TEXAS,0,68 Years,181132,85269,95863,117304,56339,60965,15955,6897,9058,7800,3663,4137,40073,18370,21703
STATE OF TEXAS,0,69 Years,173383,81558,91825,113983,54711,59272,15219,6696,8523,7392,3531,3861,36789,16620,20169
STATE OF TEXAS,0,70 Years,157240,73727,83513,103336,49507,53829,13776,5963,7813,6755,3236,3519,33373,15021,18352
STATE OF TEXAS,0,71 Years,145052,67162,77890,94913,44927,49986,12821,5416,7405,6118,2895,3223,31200,13924,17276
STATE OF TEXAS,0,72 Years,134908,62204,72704,87830,41281,46549,11837,4982,6855,5693,2665,3028,29548,13276,16272
STATE OF TEXAS,0,73 Years,126284,57946,68338,83119,38924,44195,10726,4604,6122,5190,2420,2770,27249,11998,15251
STATE OF TEXAS,0,74 Years,120010,54505,65505,79145,36725,42420,9972,4138,5834,4839,2310,2529,26054,11332,14722
STATE OF TEXAS,0,75 Years,111749,50289,61460,73514,33922,39592,9392,3782,5610,4413,2041,2372,24430,10544,13886
STATE OF TEXAS,0,76 Years,106454,47175,59279,70457,32125,38332,8802,3481,5321,4041,1811,2230,23154,9758,13396
STATE OF TEXAS,0,77 Years,102611,45166,57445,68357,30815,37542,8603,3397,5206,3544,1620,1924,22107,9334,12773
STATE OF TEXAS,0,78 Years,93456,40764,52692,62607,27909,34698,7807,3067,4740,3166,1423,1743,19876,8365,11511
STATE OF TEXAS,0,79 Years,87241,37357,49884,59201,26054,33147,7334,2752,4582,2942,1267,1675,17764,7284,10480
STATE OF TEXAS,0,80 Years,82503,35086,47417,56463,24607,31856,6478,2416,4062,2592,1097,1495,16970,6966,10004
STATE OF TEXAS,0,81 Years,78385,32859,45526,54057,23204,30853,5881,2159,3722,2475,1020,1455,15972,6476,9496
STATE OF TEXAS,0,82 Years,74260,30319,43941,51172,21419,29753,5656,1997,3659,2259,928,1331,15173,5975,9198
STATE OF TEXAS,0,83 Years,66750,26751,39999,46448,19080,27368,5088,1730,3358,1852,760,1092,13362,5181,8181
STATE OF TEXAS,0,84 Years,60225,23596,36629,42033,16825,25208,4467,1485,2982,1646,656,990,12079,4630,7449
STATE OF TEXAS,0,85 Years +,333406,113845,219561,240336,82044,158292,24935,7229,17706,8121,2979,5142,60014,21593,38421
ANDERSON COUNTY,1,All Ages,58964,35746,23218,35797,19690,16107,12280,8906,3374,1207,588,619,9680,6562,3118
ANDERSON COUNTY,1,< 1 Year,588,301,287,351,175,176,85,49,36,13,5,8,139,72,67
ANDERSON COUNTY,1,1 Years,605,311,294,367,186,181,86,47,39,12,7,5,140,71,69
ANDERSON COUNTY,1,2 Years,590,310,280,321,165,156,105,53,52,27,13,14,137,79,58
ANDERSON COUNTY,1,3 Years,624,304,320,346,165,181,102,43,59,30,15,15,146,81,65
ANDERSON COUNTY,1,4 Years,639,310,329,344,166,178,95,39,56,39,19,20,161,86,75
ANDERSON COUNTY,1,5 Years,655,332,323,357,183,174,91,41,50,39,21,18,168,87,81
ANDERSON COUNTY,1,6 Years,651,323,328,366,185,181,98,37,61,35,17,18,152,84,68
ANDERSON COUNTY,1,7 Years,647,339,308,352,174,178,102,54,48,31,17,14,162,94,68
ANDERSON COUNTY,1,8 Years,634,327,307,376,190,186,93,55,38,21,11,10,144,71,73
ANDERSON COUNTY,1,9 Years,663,357,306,379,209,170,100,54,46,28,13,15,156,81,75
ANDERSON COUNTY,1,10 Years,670,366,304,379,214,165,111,48,63,27,16,11,153,88,65
ANDERSON COUNTY,1,11 Years,673,354,319,398,210,188,104,51,53,24,14,10,147,79,68
ANDERSON COUNTY,1,12 Years,679,345,334,410,215,195,91,46,45,26,13,13,152,71,81
ANDERSON COUNTY,1,13 Years,679,343,336,403,205,198,96,55,41,28,13,15,152,70,82
ANDERSON COUNTY,1,14 Years,600,294,306,356,176,180,84,43,41,22,8,14,138,67,71
ANDERSON COUNTY,1,15 Years,618,316,302,375,195,180,99,52,47,25,7,18,119,62,57
ANDERSON COUNTY,1,16 Years,620,300,320,379,189,190,97,48,49,27,10,17,117,53,64
ANDERSON COUNTY,1,17 Years,620,321,299,346,181,165,111,55,56,24,11,13,139,74,65
ANDERSON COUNTY,1,18 Years,687,369,318,397,195,202,115,69,46,14,9,5,161,96,65
ANDERSON COUNTY,1,19 Years,684,395,289,378,201,177,132,89,43,18,9,9,156,96,60
ANDERSON COUNTY,1,20 Years,638,372,266,381,213,168,118,78,40,15,6,9,124,75,49
ANDERSON COUNTY,1,21 Years,641,397,244,362,214,148,132,92,40,11,4,7,136,87,49
ANDERSON COUNTY,1,22 Years,672,422,250,357,199,158,152,111,41,10,6,4,153,106,47
ANDERSON COUNTY,1,23 Years,745,474,271,374,201,173,191,143,48,11,8,3,169,122,47
ANDERSON COUNTY,1,24 Years,733,459,274,373,204,169,163,117,46,8,5,3,189,133,56
ANDERSON COUNTY,1,25 Years,835,561,274,423,248,175,209,160,49,12,6,6,191,147,44
ANDERSON COUNTY,1,26 Years,852,573,279,437,255,182,203,156,47,11,7,4,201,155,46
ANDERSON COUNTY,1,27 Years,900,634,266,441,256,185,233,197,36,10,8,2,216,173,43
ANDERSON COUNTY,1,28 Years,865,620,245,415,253,162,243,198,45,11,7,4,196,162,34
ANDERSON COUNTY,1,29 Years,927,638,289,457,269,188,248,205,43,14,7,7,208,157,51
ANDERSON COUNTY,1,30 Years,938,666,272,433,249,184,251,220,31,13,6,7,241,191,50
ANDERSON COUNTY,1,31 Years,959,670,289,452,260,192,266,227,39,14,4,10,227,179,48
ANDERSON COUNTY,1,32 Years,1017,728,289,489,306,183,265,229,36,15,6,9,248,187,61
ANDERSON COUNTY,1,33 Years,978,709,269,451,283,168,265,223,42,12,6,6,250,197,53
ANDERSON COUNTY,1,34 Years,981,716,265,465,286,179,285,249,36,9,4,5,222,177,45
ANDERSON COUNTY,1,35 Years,894,654,240,427,263,164,255,218,37,14,8,6,198,165,33
ANDERSON COUNTY,1,36 Years,884,633,251,440,271,169,251,217,34,16,9,7,177,136,41
ANDERSON COUNTY,1,37 Years,915,655,260,476,312,164,244,204,40,16,9,7,179,130,49
ANDERSON COUNTY,1,38 Years,921,657,264,475,298,177,250,216,34,18,11,7,178,132,46
ANDERSON COUNTY,1,39 Years,894,618,276,444,262,182,259,219,40,19,9,10,172,128,44
ANDERSON COUNTY,1,40 Years,982,691,291,501,315,186,257,215,42,26,11,15,198,150,48
ANDERSON COUNTY,1,41 Years,1016,733,283,544,356,188,254,216,38,18,8,10,200,153,47
ANDERSON COUNTY,1,42 Years,972,699,273,499,325,174,273,226,47,15,8,7,185,140,45
ANDERSON COUNTY,1,43 Years,919,658,261,473,293,180,266,227,39,12,4,8,168,134,34
ANDERSON COUNTY,1,44 Years,947,680,267,531,336,195,264,228,36,13,5,8,139,111,28
ANDERSON COUNTY,1,45 Years,914,635,279,500,303,197,267,225,42,12,5,7,135,102,33
ANDERSON COUNTY,1,46 Years,892,610,282,486,292,194,264,213,51,11,6,5,131,99,32
ANDERSON COUNTY,1,47 Years,962,673,289,564,349,215,247,208,39,7,2,5,144,114,30
ANDERSON COUNTY,1,48 Years,973,674,299,602,386,216,229,187,42,10,4,6,132,97,35
ANDERSON COUNTY,1,49 Years,968,654,314,570,349,221,231,183,48,15,8,7,152,114,38
ANDERSON COUNTY,1,50 Years,964,639,325,578,338,240,250,201,49,17,8,9,119,92,27
ANDERSON COUNTY,1,51 Years,961,653,308,592,369,223,248,195,53,14,8,6,107,81,26
ANDERSON COUNTY,1,52 Years,911,595,316,581,351,230,218,163,55,14,6,8,98,75,23
ANDERSON COUNTY,1,53 Years,859,540,319,575,333,242,194,145,49,14,6,8,76,56,20
ANDERSON COUNTY,1,54 Years,871,542,329,591,344,247,185,137,48,15,7,8,80,54,26
ANDERSON COUNTY,1,55 Years,840,507,333,568,322,246,184,134,50,14,4,10,74,47,27
ANDERSON COUNTY,1,56 Years,781,447,334,554,298,256,167,115,52,16,7,9,44,27,17
ANDERSON COUNTY,1,57 Years,787,449,338,563,302,261,164,108,56,12,6,6,48,33,15
ANDERSON COUNTY,1,58 Years,744,406,338,552,286,266,128,83,45,15,8,7,49,29,20
ANDERSON COUNTY,1,59 Years,689,389,300,514,269,245,109,72,37,10,7,3,56,41,15
ANDERSON COUNTY,1,60 Years,734,415,319,544,293,251,129,86,43,6,4,2,55,32,23
ANDERSON COUNTY,1,61 Years,676,377,299,488,263,225,123,77,46,12,5,7,53,32,21
ANDERSON COUNTY,1,62 Years,636,352,284,467,243,224,93,59,34,16,9,7,60,41,19
ANDERSON COUNTY,1,63 Years,628,321,307,498,246,252,77,47,30,11,7,4,42,21,21
ANDERSON COUNTY,1,64 Years,605,323,282,495,257,238,67,42,25,8,4,4,35,20,15
ANDERSON COUNTY,1,65 Years,600,311,289,502,247,255,61,42,19,7,6,1,30,16,14
ANDERSON COUNTY,1,66 Years,489,254,235,409,209,200,46,26,20,10,6,4,24,13,11
ANDERSON COUNTY,1,67 Years,484,250,234,399,202,197,55,31,24,8,5,3,22,12,10
ANDERSON COUNTY,1,68 Years,493,265,228,412,218,194,55,29,26,5,3,2,21,15,6
ANDERSON COUNTY,1,69 Years,514,256,258,426,212,214,51,27,24,7,1,6,30,16,14
ANDERSON COUNTY,1,70 Years,447,220,227,368,182,186,46,19,27,7,3,4,26,16,10
ANDERSON COUNTY,1,71 Years,410,207,203,331,168,163,58,24,34,6,3,3,15,12,3
ANDERSON COUNTY,1,72 Years,398,195,203,332,166,166,45,20,25,9,3,6,12,6,6
ANDERSON COUNTY,1,73 Years,358,179,179,303,150,153,34,17,17,5,1,4,16,11,5
ANDERSON COUNTY,1,74 Years,336,151,185,293,127,166,32,15,17,2,2,0,9,7,2
ANDERSON COUNTY,1,75 Years,297,130,167,253,110,143,32,14,18,2,1,1,10,5,5
ANDERSON COUNTY,1,76 Years,273,130,143,225,106,119,40,18,22,2,1,1,6,5,1
ANDERSON COUNTY,1,77 Years,306,134,172,254,112,142,35,15,20,6,1,5,11,6,5
ANDERSON COUNTY,1,78 Years,264,123,141,214,96,118,36,17,19,4,2,2,10,8,2
ANDERSON COUNTY,1,79 Years,247,112,135,205,93,112,32,12,20,3,2,1,7,5,2
ANDERSON COUNTY,1,80 Years,224,104,120,186,89,97,27,12,15,2,0,2,9,3,6
ANDERSON COUNTY,1,81 Years,206,92,114,172,79,93,26,11,15,2,0,2,6,2,4
ANDERSON COUNTY,1,82 Years,191,76,115,165,69,96,18,6,12,3,1,2,5,0,5
ANDERSON COUNTY,1,83 Years,172,61,111,144,52,92,25,7,18,2,1,1,1,1,0
ANDERSON COUNTY,1,84 Years,159,55,104,130,44,86,24,7,17,1,1,0,4,3,1
ANDERSON COUNTY,1,85 Years +,850,306,544,692,260,432,134,38,96,12,4,8,12,4,8
ANDREWS COUNTY,3,All Ages,16039,8007,8032,7512,3667,3845,218,112,106,323,158,165,7986,4070,3916
ANDREWS COUNTY,3,< 1 Year,300,150,150,105,50,55,4,1,3,3,2,1,188,97,91
ANDREWS COUNTY,3,1 Years,263,133,130,94,47,47,1,1,0,4,2,2,164,83,81
ANDREWS COUNTY,3,2 Years,264,137,127,82,41,41,3,1,2,4,4,0,175,91,84
ANDREWS COUNTY,3,3 Years,244,135,109,88,44,44,5,4,1,6,6,0,145,81,64
ANDREWS COUNTY,3,4 Years,254,137,117,87,44,43,4,1,3,6,3,3,157,89,68
ANDREWS COUNTY,3,5 Years,271,148,123,86,53,33,3,0,3,3,1,2,179,94,85
ANDREWS COUNTY,3,6 Years,265,138,127,81,46,35,4,1,3,6,2,4,174,89,85
ANDREWS COUNTY,3,7 Years,271,143,128,85,47,38,5,4,1,3,0,3,178,92,86
ANDREWS COUNTY,3,8 Years,261,124,137,80,41,39,4,3,1,5,1,4,172,79,93
ANDREWS COUNTY,3,9 Years,247,126,121,85,45,40,3,3,0,7,4,3,152,74,78
ANDREWS COUNTY,3,10 Years,238,124,114,80,42,38,2,2,0,3,2,1,153,78,75
ANDREWS COUNTY,3,11 Years,258,126,132,92,49,43,8,4,4,7,2,5,151,71,80
ANDREWS COUNTY,3,12 Years,239,117,122,85,47,38,7,4,3,5,1,4,142,65,77
ANDREWS COUNTY,3,13 Years,249,136,113,79,43,36,5,3,2,12,5,7,153,85,68
ANDREWS COUNTY,3,14 Years,250,131,119,89,45,44,4,0,4,7,5,2,150,81,69
ANDREWS COUNTY,3,15 Years,254,146,108,89,48,41,5,4,1,3,3,0,157,91,66
ANDREWS COUNTY,3,16 Years,260,139,121,94,54,40,5,3,2,3,1,2,158,81,77
ANDREWS COUNTY,3,17 Years,254,127,127,99,50,49,4,4,0,10,6,4,141,67,74
ANDREWS COUNTY,3,18 Years,265,135,130,99,49,50,3,3,0,8,4,4,155,79,76
ANDREWS COUNTY,3,19 Years,239,141,98,90,53,37,2,2,0,5,4,1,142,82,60
ANDREWS COUNTY,3,20 Years,232,125,107,79,44,35,4,3,1,4,4,0,145,74,71
ANDREWS COUNTY,3,21 Years,198,93,105,62,30,32,3,2,1,5,2,3,128,59,69
ANDREWS COUNTY,3,22 Years,192,105,87,68,37,31,1,1,0,4,1,3,119,66,53
ANDREWS COUNTY,3,23 Years,234,121,113,86,42,44,5,2,3,7,5,2,136,72,64
ANDREWS COUNTY,3,24 Years,219,117,102,92,50,42,3,2,1,2,1,1,122,64,58
ANDREWS COUNTY,3,25 Years,213,115,98,83,45,38,1,0,1,0,0,0,129,70,59
ANDREWS COUNTY,3,26 Years,200,94,106,75,30,45,2,0,2,0,0,0,123,64,59
ANDREWS COUNTY,3,27 Years,217,103,114,85,35,50,1,1,0,2,2,0,129,65,64
ANDREWS COUNTY,3,28 Years,200,97,103,80,38,42,1,1,0,7,4,3,112,54,58
ANDREWS COUNTY,3,29 Years,236,114,122,104,53,51,2,0,2,5,2,3,125,59,66
ANDREWS COUNTY,3,30 Years,223,113,110,90,40,50,1,1,0,5,2,3,127,70,57
ANDREWS COUNTY,3,31 Years,201,94,107,88,36,52,1,0,1,8,7,1,104,51,53
ANDREWS COUNTY,3,32 Years,205,108,97,89,46,43,2,0,2,7,5,2,107,57,50
ANDREWS COUNTY,3,33 Years,201,111,90,90,49,41,1,1,0,4,2,2,106,59,47
ANDREWS COUNTY,3,34 Years,187,88,99,78,37,41,2,0,2,3,2,1,104,49,55
ANDREWS COUNTY,3,35 Years,205,92,113,90,43,47,4,1,3,3,2,1,108,46,62
ANDREWS COUNTY,3,36 Years,198,88,110,88,40,48,3,1,2,3,0,3,104,47,57
ANDREWS COUNTY,3,37 Years,194,98,96,83,36,47,5,3,2,2,1,1,104,58,46
ANDREWS COUNTY,3,38 Years,201,106,95,85,42,43,3,3,0,2,1,1,111,60,51
ANDREWS COUNTY,3,39 Years,189,95,94,87,44,43,4,1,3,2,0,2,96,50,46
ANDREWS COUNTY,3,40 Years,169,88,81,92,46,46,2,2,0,2,0,2,73,40,33
ANDREWS COUNTY,3,41 Years,178,89,89,92,46,46,1,1,0,1,1,0,84,41,43
ANDREWS COUNTY,3,42 Years,184,89,95,88,44,44,2,2,0,3,2,1,91,41,50
ANDREWS COUNTY,3,43 Years,187,81,106,86,41,45,3,1,2,2,1,1,96,38,58
ANDREWS COUNTY,3,44 Years,215,88,127,104,44,60,2,0,2,6,2,4,103,42,61
ANDREWS COUNTY,3,45 Years,191,91,100,83,39,44,3,1,2,5,2,3,100,49,51
ANDREWS COUNTY,3,46 Years,184,104,80,77,41,36,3,1,2,5,2,3,99,60,39
ANDREWS COUNTY,3,47 Years,211,104,107,112,53,59,1,1,0,4,1,3,94,49,45
ANDREWS COUNTY,3,48 Years,232,105,127,117,46,71,2,1,1,4,1,3,109,57,52
ANDREWS COUNTY,3,49 Years,230,112,118,125,60,65,3,1,2,4,1,3,98,50,48
ANDREWS COUNTY,3,50 Years,219,114,105,116,62,54,3,1,2,6,4,2,94,47,47
ANDREWS COUNTY,3,51 Years,246,134,112,146,78,68,2,1,1,6,4,2,92,51,41
ANDREWS COUNTY,3,52 Years,235,131,104,133,72,61,1,1,0,5,1,4,96,57,39
ANDREWS COUNTY,3,53 Years,226,109,117,126,61,65,1,0,1,6,2,4,93,46,47
ANDREWS COUNTY,3,54 Years,219,103,116,118,58,60,3,0,3,7,4,3,91,41,50
ANDREWS COUNTY,3,55 Years,231,115,116,143,74,69,2,1,1,6,3,3,80,37,43
ANDREWS COUNTY,3,56 Years,213,108,105,132,70,62,1,1,0,4,1,3,76,36,40
ANDREWS COUNTY,3,57 Years,200,98,102,127,61,66,4,3,1,2,0,2,67,34,33
ANDREWS COUNTY,3,58 Years,191,92,99,124,58,66,5,2,3,4,1,3,58,31,27
ANDREWS COUNTY,3,59 Years,172,80,92,114,58,56,5,2,3,5,1,4,48,19,29
ANDREWS COUNTY,3,60 Years,156,77,79,97,51,46,3,1,2,4,0,4,52,25,27
ANDREWS COUNTY,3,61 Years,166,93,73,91,49,42,4,1,3,6,3,3,65,40,25
ANDREWS COUNTY,3,62 Years,161,84,77,98,50,48,4,2,2,3,2,1,56,30,26
ANDREWS COUNTY,3,63 Years,159,79,80,102,42,60,1,1,0,6,4,2,50,32,18
ANDREWS COUNTY,3,64 Years,138,63,75,87,34,53,1,1,0,6,4,2,44,24,20
ANDREWS COUNTY,3,65 Years,132,62,70,86,38,48,2,1,1,3,1,2,41,22,19
ANDREWS COUNTY,3,66 Years,103,51,52,64,33,31,2,1,1,3,1,2,34,16,18
ANDREWS COUNTY,3,67 Years,95,48,47,57,30,27,2,1,1,2,0,2,34,17,17
ANDREWS COUNTY,3,68 Years,110,57,53,81,42,39,2,2,0,1,0,1,26,13,13
ANDREWS COUNTY,3,69 Years,104,47,57,74,34,40,2,2,0,2,1,1,26,10,16
ANDREWS COUNTY,3,70 Years,90,46,44,62,29,33,2,1,1,1,1,0,25,15,10
ANDREWS COUNTY,3,71 Years,94,42,52,63,30,33,2,0,2,1,1,0,28,11,17
ANDREWS COUNTY,3,72 Years,84,34,50,66,28,38,0,0,0,2,0,2,16,6,10
ANDREWS COUNTY,3,73 Years,79,29,50,52,18,34,0,0,0,1,0,1,26,11,15
ANDREWS COUNTY,3,74 Years,83,38,45,56,21,35,1,1,0,2,2,0,24,14,10
ANDREWS COUNTY,3,75 Years,70,30,40,46,17,29,0,0,0,1,1,0,23,12,11
ANDREWS COUNTY,3,76 Years,88,33,55,72,27,45,0,0,0,0,0,0,16,6,10
ANDREWS COUNTY,3,77 Years,82,33,49,72,29,43,1,0,1,0,0,0,9,4,5
ANDREWS COUNTY,3,78 Years,69,31,38,53,25,28,0,0,0,1,0,1,15,6,9
ANDREWS COUNTY,3,79 Years,64,33,31,46,25,21,1,1,0,1,0,1,16,7,9
ANDREWS COUNTY,3,80 Years,56,25,31,43,19,24,0,0,0,1,1,0,12,5,7
ANDREWS COUNTY,3,81 Years,59,23,36,42,15,27,2,0,2,1,0,1,14,8,6
ANDREWS COUNTY,3,82 Years,54,22,32,40,15,25,1,0,1,0,0,0,13,7,6
ANDREWS COUNTY,3,83 Years,45,20,25,37,18,19,1,0,1,0,0,0,7,2,5
ANDREWS COUNTY,3,84 Years,36,15,21,23,11,12,1,1,0,0,0,0,12,3,9
ANDREWS COUNTY,3,85 Years +,238,87,151,196,70,126,4,1,3,3,1,2,35,15,20
ANGELINA COUNTY,5,All Ages,88850,43635,45215,55351,26960,28391,13188,6239,6949,2021,940,1081,18290,9496,8794
ANGELINA COUNTY,5,< 1 Year,1214,630,584,629,326,303,195,98,97,34,22,12,356,184,172
ANGELINA COUNTY,5,1 Years,1273,653,620,651,335,316,196,99,97,38,21,17,388,198,190
ANGELINA COUNTY,5,2 Years,1257,639,618,605,306,299,189,87,102,42,21,21,421,225,196
ANGELINA COUNTY,5,3 Years,1264,653,611,599,323,276,193,91,102,51,29,22,421,210,211
ANGELINA COUNTY,5,4 Years,1320,688,632,609,305,304,220,122,98,55,29,26,436,232,204
ANGELINA COUNTY,5,5 Years,1343,673,670,602,295,307,225,120,105,47,19,28,469,239,230
ANGELINA COUNTY,5,6 Years,1397,698,699,678,349,329,208,100,108,40,17,23,471,232,239
ANGELINA COUNTY,5,7 Years,1338,687,651,681,353,328,197,106,91,42,21,21,418,207,211
ANGELINA COUNTY,5,8 Years,1308,662,646,652,334,318,212,108,104,42,16,26,402,204,198
ANGELINA COUNTY,5,9 Years,1294,655,639,655,331,324,201,103,98,50,29,21,388,192,196
ANGELINA COUNTY,5,10 Years,1284,643,641,664,327,337,191,101,90,42,19,23,387,196,191
ANGELINA COUNTY,5,11 Years,1325,692,633,689,359,330,203,99,104,37,18,19,396,216,180
ANGELINA COUNTY,5,12 Years,1336,680,656,695,365,330,204,96,108,37,15,22,400,204,196
ANGELINA COUNTY,5,13 Years,1342,665,677,698,355,343,202,97,105,40,20,20,402,193,209
ANGELINA COUNTY,5,14 Years,1327,672,655,708,364,344,209,109,100,38,16,22,372,183,189
ANGELINA COUNTY,5,15 Years,1343,684,659,732,372,360,214,109,105,39,18,21,358,185,173
ANGELINA COUNTY,5,16 Years,1309,661,648,712,364,348,203,93,110,37,22,15,357,182,175
ANGELINA COUNTY,5,17 Years,1235,641,594,711,373,338,181,85,96,36,17,19,307,166,141
ANGELINA COUNTY,5,18 Years,1236,621,615,682,354,328,204,98,106,30,12,18,320,157,163
ANGELINA COUNTY,5,19 Years,1251,639,612,685,359,326,214,108,106,35,13,22,317,159,158
ANGELINA COUNTY,5,20 Years,1209,587,622,666,325,341,210,95,115,26,13,13,307,154,153
ANGELINA COUNTY,5,21 Years,1225,619,606,657,335,322,221,102,119,27,12,15,320,170,150
ANGELINA COUNTY,5,22 Years,1201,615,586,658,339,319,223,104,119,28,9,19,292,163,129
ANGELINA COUNTY,5,23 Years,1141,571,570,624,310,314,219,102,117,22,11,11,276,148,128
ANGELINA COUNTY,5,24 Years,1117,539,578,627,287,340,198,94,104,20,9,11,272,149,123
ANGELINA COUNTY,5,25 Years,1098,532,566,626,297,329,178,78,100,19,11,8,275,146,129
ANGELINA COUNTY,5,26 Years,1083,532,551,623,304,319,163,72,91,12,5,7,285,151,134
ANGELINA COUNTY,5,27 Years,1058,526,532,582,287,295,178,82,96,26,12,14,272,145,127
ANGELINA COUNTY,5,28 Years,1064,506,558,591,289,302,174,68,106,30,15,15,269,134,135
ANGELINA COUNTY,5,29 Years,1094,532,562,632,318,314,154,61,93,32,15,17,276,138,138
ANGELINA COUNTY,5,30 Years,1101,541,560,623,308,315,157,69,88,27,13,14,294,151,143
ANGELINA COUNTY,5,31 Years,1116,541,575,642,311,331,170,76,94,25,14,11,279,140,139
ANGELINA COUNTY,5,32 Years,1176,569,607,665,317,348,184,78,106,21,12,9,306,162,144
ANGELINA COUNTY,5,33 Years,1125,565,560,629,311,318,183,89,94,25,13,12,288,152,136
ANGELINA COUNTY,5,34 Years,1074,530,544,607,302,305,159,79,80,35,16,19,273,133,140
ANGELINA COUNTY,5,35 Years,1045,529,516,580,290,290,177,95,82,26,13,13,262,131,131
ANGELINA COUNTY,5,36 Years,1022,489,533,574,260,314,165,79,86,19,8,11,264,142,122
ANGELINA COUNTY,5,37 Years,1045,496,549,593,278,315,152,71,81,29,13,16,271,134,137
ANGELINA COUNTY,5,38 Years,1054,499,555,613,298,315,145,59,86,22,9,13,274,133,141
ANGELINA COUNTY,5,39 Years,1095,545,550,637,313,324,151,67,84,24,11,13,283,154,129
ANGELINA COUNTY,5,40 Years,1142,574,568,710,357,353,173,75,98,22,7,15,237,135,102
ANGELINA COUNTY,5,41 Years,1170,583,587,747,375,372,186,83,103,21,7,14,216,118,98
ANGELINA COUNTY,5,42 Years,1173,548,625,734,341,393,183,83,100,21,8,13,235,116,119
ANGELINA COUNTY,5,43 Years,1136,555,581,721,359,362,168,78,90,18,4,14,229,114,115
ANGELINA COUNTY,5,44 Years,1079,523,556,676,333,343,165,70,95,16,4,12,222,116,106
ANGELINA COUNTY,5,45 Years,1114,541,573,705,340,365,171,80,91,21,4,17,217,117,100
ANGELINA COUNTY,5,46 Years,1131,564,567,724,352,372,168,78,90,22,10,12,217,124,93
ANGELINA COUNTY,5,47 Years,1149,578,571,722,358,364,188,91,97,28,16,12,211,113,98
ANGELINA COUNTY,5,48 Years,1187,623,564,797,421,376,176,90,86,27,15,12,187,97,90
ANGELINA COUNTY,5,49 Years,1213,587,626,832,391,441,189,94,95,15,8,7,177,94,83
ANGELINA COUNTY,5,50 Years,1182,582,600,789,371,418,190,99,91,24,15,9,179,97,82
ANGELINA COUNTY,5,51 Years,1171,593,578,791,383,408,175,92,83,23,12,11,182,106,76
ANGELINA COUNTY,5,52 Years,1224,598,626,836,403,433,183,88,95,23,9,14,182,98,84
ANGELINA COUNTY,5,53 Years,1193,581,612,816,401,415,198,82,116,22,10,12,157,88,69
ANGELINA COUNTY,5,54 Years,1187,592,595,820,410,410,189,93,96,31,15,16,147,74,73
ANGELINA COUNTY,5,55 Years,1163,601,562,820,427,393,177,89,88,24,10,14,142,75,67
ANGELINA COUNTY,5,56 Years,1178,605,573,801,401,400,210,108,102,21,8,13,146,88,58
ANGELINA COUNTY,5,57 Years,1183,581,602,797,375,422,222,117,105,22,7,15,142,82,60
ANGELINA COUNTY,5,58 Years,1103,566,537,779,394,385,178,90,88,16,7,9,130,75,55
ANGELINA COUNTY,5,59 Years,1112,589,523,786,411,375,168,85,83,16,9,7,142,84,58
ANGELINA COUNTY,5,60 Years,1029,558,471,760,408,352,147,76,71,13,4,9,109,70,39
ANGELINA COUNTY,5,61 Years,967,487,480,723,366,357,139,71,68,14,3,11,91,47,44
ANGELINA COUNTY,5,62 Years,933,442,491,685,311,374,132,67,65,20,9,11,96,55,41
ANGELINA COUNTY,5,63 Years,974,441,533,747,336,411,121,49,72,23,11,12,83,45,38
ANGELINA COUNTY,5,64 Years,923,427,496,720,336,384,111,45,66,21,10,11,71,36,35
ANGELINA COUNTY,5,65 Years,984,474,510,795,380,415,104,49,55,20,13,7,65,32,33
ANGELINA COUNTY,5,66 Years,787,368,419,621,293,328,88,43,45,13,7,6,65,25,40
ANGELINA COUNTY,5,67 Years,764,357,407,621,293,328,87,38,49,10,5,5,46,21,25
ANGELINA COUNTY,5,68 Years,736,365,371,602,294,308,78,44,34,7,3,4,49,24,25
ANGELINA COUNTY,5,69 Years,734,353,381,594,292,302,70,31,39,13,6,7,57,24,33
ANGELINA COUNTY,5,70 Years,688,339,349,555,271,284,70,35,35,13,7,6,50,26,24
ANGELINA COUNTY,5,71 Years,665,314,351,541,252,289,67,31,36,12,7,5,45,24,21
ANGELINA COUNTY,5,72 Years,596,267,329,498,222,276,53,23,30,10,4,6,35,18,17
ANGELINA COUNTY,5,73 Years,588,259,329,488,218,270,55,20,35,10,4,6,35,17,18
ANGELINA COUNTY,5,74 Years,538,245,293,457,209,248,45,22,23,7,4,3,29,10,19
ANGELINA COUNTY,5,75 Years,510,205,305,421,177,244,55,16,39,3,1,2,31,11,20
ANGELINA COUNTY,5,76 Years,502,224,278,423,189,234,56,22,34,5,1,4,18,12,6
ANGELINA COUNTY,5,77 Years,505,230,275,431,197,234,41,13,28,6,4,2,27,16,11
ANGELINA COUNTY,5,78 Years,447,202,245,368,172,196,45,15,30,8,5,3,26,10,16
ANGELINA COUNTY,5,79 Years,420,185,235,361,161,200,35,14,21,4,2,2,20,8,12
ANGELINA COUNTY,5,80 Years,366,150,216,318,129,189,29,12,17,6,2,4,13,7,6
ANGELINA COUNTY,5,81 Years,335,149,186,283,121,162,32,17,15,5,2,3,15,9,6
ANGELINA COUNTY,5,82 Years,335,145,190,276,123,153,35,12,23,7,3,4,17,7,10
ANGELINA COUNTY,5,83 Years,299,117,182,255,103,152,32,10,22,4,1,3,8,3,5
ANGELINA COUNTY,5,84 Years,273,98,175,235,87,148,25,7,18,4,1,3,9,3,6
ANGELINA COUNTY,5,85 Years +,1623,571,1052,1384,489,895,157,43,114,23,8,15,59,31,28
ARANSAS COUNTY,7,All Ages,23825,11783,12042,16599,8129,8470,253,144,109,906,445,461,6067,3065,3002
ARANSAS COUNTY,7,< 1 Year,242,119,123,127,62,65,4,2,2,8,3,5,103,52,51
ARANSAS COUNTY,7,1 Years,256,129,127,141,69,72,2,1,1,11,6,5,102,53,49
ARANSAS COUNTY,7,2 Years,239,125,114,116,62,54,1,0,1,12,6,6,110,57,53
ARANSAS COUNTY,7,3 Years,239,125,114,116,61,55,2,0,2,10,5,5,111,59,52
ARANSAS COUNTY,7,4 Years,259,141,118,125,66,59,4,2,2,8,3,5,122,70,52
ARANSAS COUNTY,7,5 Years,241,121,120,107,58,49,3,1,2,13,8,5,118,54,64
ARANSAS COUNTY,7,6 Years,244,120,124,123,63,60,4,1,3,10,5,5,107,51,56
ARANSAS COUNTY,7,7 Years,245,132,113,128,64,64,3,2,1,10,6,4,104,60,44
ARANSAS COUNTY,7,8 Years,259,139,120,132,74,58,5,4,1,10,4,6,112,57,55
ARANSAS COUNTY,7,9 Years,225,115,110,100,53,47,5,4,1,8,3,5,112,55,57
ARANSAS COUNTY,7,10 Years,222,110,112,107,54,53,3,2,1,6,3,3,106,51,55
ARANSAS COUNTY,7,11 Years,244,124,120,131,69,62,7,4,3,12,5,7,94,46,48
ARANSAS COUNTY,7,12 Years,228,117,111,125,66,59,3,2,1,9,4,5,91,45,46
ARANSAS COUNTY,7,13 Years,257,135,122,130,63,67,3,3,0,11,7,4,113,62,51
ARANSAS COUNTY,7,14 Years,280,138,142,143,68,75,4,2,2,13,7,6,120,61,59
ARANSAS COUNTY,7,15 Years,272,141,131,138,70,68,1,1,0,12,8,4,121,62,59
ARANSAS COUNTY,7,16 Years,282,151,131,150,74,76,0,0,0,16,11,5,116,66,50
ARANSAS COUNTY,7,17 Years,296,159,137,156,79,77,2,1,1,14,9,5,124,70,54
ARANSAS COUNTY,7,18 Years,275,158,117,152,85,67,4,2,2,13,5,8,106,66,40
ARANSAS COUNTY,7,19 Years,312,161,151,172,90,82,3,0,3,18,11,7,119,60,59
ARANSAS COUNTY,7,20 Years,282,155,127,142,77,65,3,2,1,17,11,6,120,65,55
ARANSAS COUNTY,7,21 Years,228,129,99,112,62,50,5,4,1,13,7,6,98,56,42
ARANSAS COUNTY,7,22 Years,196,98,98,110,55,55,3,2,1,8,6,2,75,35,40
ARANSAS COUNTY,7,23 Years,199,94,105,113,56,57,3,1,2,5,3,2,78,34,44
ARANSAS COUNTY,7,24 Years,232,122,110,134,69,65,4,2,2,6,4,2,88,47,41
ARANSAS COUNTY,7,25 Years,216,116,100,124,70,54,5,4,1,8,2,6,79,40,39
ARANSAS COUNTY,7,26 Years,209,108,101,118,62,56,4,3,1,9,4,5,78,39,39
ARANSAS COUNTY,7,27 Years,204,106,98,125,61,64,4,3,1,13,7,6,62,35,27
ARANSAS COUNTY,7,28 Years,187,90,97,114,52,62,2,1,1,12,9,3,59,28,31
ARANSAS COUNTY,7,29 Years,189,95,94,106,52,54,1,0,1,9,6,3,73,37,36
ARANSAS COUNTY,7,30 Years,207,98,109,125,57,68,2,0,2,14,6,8,66,35,31
ARANSAS COUNTY,7,31 Years,221,105,116,122,59,63,5,4,1,13,5,8,81,37,44
ARANSAS COUNTY,7,32 Years,201,97,104,126,61,65,4,3,1,9,3,6,62,30,32
ARANSAS COUNTY,7,33 Years,184,87,97,109,52,57,3,2,1,3,0,3,69,33,36
ARANSAS COUNTY,7,34 Years,201,95,106,128,61,67,2,1,1,5,2,3,66,31,35
ARANSAS COUNTY,7,35 Years,209,110,99,132,69,63,2,2,0,7,2,5,68,37,31
ARANSAS COUNTY,7,36 Years,203,100,103,125,61,64,2,2,0,11,5,6,65,32,33
ARANSAS COUNTY,7,37 Years,217,101,116,138,64,74,1,1,0,8,3,5,70,33,37
ARANSAS COUNTY,7,38 Years,198,102,96,119,63,56,0,0,0,13,5,8,66,34,32
ARANSAS COUNTY,7,39 Years,232,116,116,138,68,70,2,0,2,14,5,9,78,43,35
ARANSAS COUNTY,7,40 Years,226,118,108,138,73,65,2,2,0,11,3,8,75,40,35
ARANSAS COUNTY,7,41 Years,252,129,123,165,89,76,1,1,0,7,5,2,79,34,45
ARANSAS COUNTY,7,42 Years,254,124,130,180,86,94,3,3,0,10,6,4,61,29,32
ARANSAS COUNTY,7,43 Years,228,110,118,149,67,82,1,1,0,11,6,5,67,36,31
ARANSAS COUNTY,7,44 Years,240,115,125,158,72,86,2,1,1,8,4,4,72,38,34
ARANSAS COUNTY,7,45 Years,248,124,124,158,76,82,7,5,2,10,6,4,73,37,36
ARANSAS COUNTY,7,46 Years,285,140,145,173,82,91,3,2,1,16,9,7,93,47,46
ARANSAS COUNTY,7,47 Years,294,139,155,206,97,109,5,0,5,12,7,5,71,35,36
ARANSAS COUNTY,7,48 Years,304,146,158,207,100,107,7,3,4,12,5,7,78,38,40
ARANSAS COUNTY,7,49 Years,337,165,172,233,112,121,5,4,1,11,2,9,88,47,41
ARANSAS COUNTY,7,50 Years,328,162,166,239,119,120,2,1,1,14,7,7,73,35,38
ARANSAS COUNTY,7,51 Years,369,175,194,276,125,151,2,2,0,13,6,7,78,42,36
ARANSAS COUNTY,7,52 Years,393,193,200,288,134,154,8,6,2,15,11,4,82,42,40
ARANSAS COUNTY,7,53 Years,366,184,182,277,132,145,7,5,2,14,9,5,68,38,30
ARANSAS COUNTY,7,54 Years,359,173,186,276,132,144,4,2,2,11,5,6,68,34,34
ARANSAS COUNTY,7,55 Years,327,142,185,246,107,139,5,1,4,13,6,7,63,28,35
ARANSAS COUNTY,7,56 Years,363,165,198,277,130,147,5,1,4,19,8,11,62,26,36
ARANSAS COUNTY,7,57 Years,411,183,228,311,139,172,6,2,4,20,8,12,74,34,40
ARANSAS COUNTY,7,58 Years,362,163,199,285,130,155,5,1,4,16,4,12,56,28,28
ARANSAS COUNTY,7,59 Years,365,170,195,288,134,154,2,1,1,11,4,7,64,31,33
ARANSAS COUNTY,7,60 Years,386,196,190,297,143,154,3,2,1,20,12,8,66,39,27
ARANSAS COUNTY,7,61 Years,362,180,182,290,143,147,1,1,0,17,8,9,54,28,26
ARANSAS COUNTY,7,62 Years,411,196,215,338,162,176,2,1,1,14,5,9,57,28,29
ARANSAS COUNTY,7,63 Years,420,203,217,356,171,185,2,1,1,12,3,9,50,28,22
ARANSAS COUNTY,7,64 Years,428,208,220,355,168,187,6,3,3,14,7,7,53,30,23
ARANSAS COUNTY,7,65 Years,416,205,211,350,169,181,3,2,1,14,7,7,49,27,22
ARANSAS COUNTY,7,66 Years,372,172,200,311,141,170,3,3,0,9,6,3,49,22,27
ARANSAS COUNTY,7,67 Years,386,180,206,328,153,175,2,1,1,11,8,3,45,18,27
ARANSAS COUNTY,7,68 Years,402,191,211,346,165,181,2,1,1,10,5,5,44,20,24
ARANSAS COUNTY,7,69 Years,427,206,221,368,178,190,4,4,0,13,4,9,42,20,22
ARANSAS COUNTY,7,70 Years,351,181,170,301,157,144,3,2,1,9,3,6,38,19,19
ARANSAS COUNTY,7,71 Years,375,211,164,332,189,143,2,1,1,11,5,6,30,16,14
ARANSAS COUNTY,7,72 Years,337,168,169,300,155,145,4,1,3,11,3,8,22,9,13
ARANSAS COUNTY,7,73 Years,320,147,173,279,130,149,3,2,1,5,3,2,33,12,21
ARANSAS COUNTY,7,74 Years,296,140,156,249,122,127,1,1,0,7,2,5,39,15,24
ARANSAS COUNTY,7,75 Years,258,123,135,219,107,112,2,1,1,5,1,4,32,14,18
ARANSAS COUNTY,7,76 Years,239,122,117,210,108,102,1,0,1,3,1,2,25,13,12
ARANSAS COUNTY,7,77 Years,243,117,126,213,105,108,1,0,1,10,4,6,19,8,11
ARANSAS COUNTY,7,78 Years,216,122,94,191,109,82,1,0,1,7,5,2,17,8,9
ARANSAS COUNTY,7,79 Years,205,112,93,177,98,79,0,0,0,7,6,1,21,8,13
ARANSAS COUNTY,7,80 Years,181,91,90,157,78,79,0,0,0,3,3,0,21,10,11
ARANSAS COUNTY,7,81 Years,168,86,82,154,79,75,2,1,1,0,0,0,12,6,6
ARANSAS COUNTY,7,82 Years,145,68,77,134,65,69,1,0,1,1,1,0,9,2,7
ARANSAS COUNTY,7,83 Years,140,56,84,124,52,72,1,0,1,6,2,4,9,2,7
ARANSAS COUNTY,7,84 Years,121,58,63,108,54,54,0,0,0,3,1,2,10,3,7
ARANSAS COUNTY,7,85 Years +,577,240,337,503,211,292,1,1,0,9,5,4,64,23,41
ARCHER COUNTY,9,All Ages,8996,4527,4469,8103,4056,4047,33,19,14,160,68,92,700,384,316
ARCHER COUNTY,9,< 1 Year,68,34,34,57,29,28,0,0,0,1,0,1,10,5,5
ARCHER COUNTY,9,1 Years,77,41,36,66,35,31,0,0,0,1,1,0,10,5,5
ARCHER COUNTY,9,2 Years,83,40,43,67,33,34,0,0,0,3,1,2,13,6,7
ARCHER COUNTY,9,3 Years,92,42,50,74,33,41,0,0,0,4,1,3,14,8,6
ARCHER COUNTY,9,4 Years,85,44,41,74,38,36,0,0,0,4,1,3,7,5,2
ARCHER COUNTY,9,5 Years,96,41,55,79,37,42,0,0,0,5,1,4,12,3,9
ARCHER COUNTY,9,6 Years,103,43,60,80,33,47,0,0,0,4,2,2,19,8,11
ARCHER COUNTY,9,7 Years,111,58,53,92,48,44,0,0,0,4,3,1,15,7,8
ARCHER COUNTY,9,8 Years,118,60,58,102,53,49,1,0,1,3,1,2,12,6,6
ARCHER COUNTY,9,9 Years,115,61,54,99,53,46,0,0,0,2,0,2,14,8,6
ARCHER COUNTY,9,10 Years,126,71,55,103,58,45,1,1,0,3,2,1,19,10,9
ARCHER COUNTY,9,11 Years,120,61,59,100,52,48,2,1,1,2,1,1,16,7,9
ARCHER COUNTY,9,12 Years,136,64,72,115,53,62,1,1,0,2,2,0,18,8,10
ARCHER COUNTY,9,13 Years,148,72,76,126,61,65,2,2,0,2,0,2,18,9,9
ARCHER COUNTY,9,14 Years,138,64,74,123,58,65,2,1,1,2,1,1,11,4,7
ARCHER COUNTY,9,15 Years,143,72,71,129,63,66,0,0,0,1,1,0,13,8,5
ARCHER COUNTY,9,16 Years,146,77,69,129,69,60,0,0,0,2,0,2,15,8,7
ARCHER COUNTY,9,17 Years,145,76,69,124,65,59,0,0,0,4,0,4,17,11,6
ARCHER COUNTY,9,18 Years,141,85,56,120,74,46,3,1,2,3,0,3,15,10,5
ARCHER COUNTY,9,19 Years,131,82,49,114,70,44,2,1,1,1,0,1,14,11,3
ARCHER COUNTY,9,20 Years,135,86,49,111,68,43,2,1,1,3,3,0,19,14,5
ARCHER COUNTY,9,21 Years,105,55,50,84,44,40,1,0,1,3,1,2,17,10,7
ARCHER COUNTY,9,22 Years,98,46,52,85,41,44,1,0,1,1,0,1,11,5,6
ARCHER COUNTY,9,23 Years,104,62,42,89,52,37,0,0,0,2,1,1,13,9,4
ARCHER COUNTY,9,24 Years,83,45,38,71,37,34,0,0,0,1,1,0,11,7,4
ARCHER COUNTY,9,25 Years,78,46,32,65,37,28,0,0,0,0,0,0,13,9,4
ARCHER COUNTY,9,26 Years,73,44,29,64,38,26,0,0,0,1,0,1,8,6,2
ARCHER COUNTY,9,27 Years,74,39,35,69,37,32,0,0,0,1,0,1,4,2,2
ARCHER COUNTY,9,28 Years,81,43,38,71,39,32,0,0,0,0,0,0,10,4,6
ARCHER COUNTY,9,29 Years,74,35,39,60,29,31,0,0,0,1,0,1,13,6,7
ARCHER COUNTY,9,30 Years,65,29,36,57,26,31,0,0,0,1,0,1,7,3,4
ARCHER COUNTY,9,31 Years,75,37,38,66,30,36,0,0,0,4,2,2,5,5,0
ARCHER COUNTY,9,32 Years,87,48,39,81,45,36,0,0,0,1,0,1,5,3,2
ARCHER COUNTY,9,33 Years,77,39,38,65,34,31,0,0,0,2,1,1,10,4,6
ARCHER COUNTY,9,34 Years,85,33,52,68,25,43,0,0,0,1,1,0,16,7,9
ARCHER COUNTY,9,35 Years,100,51,49,87,44,43,0,0,0,1,0,1,12,7,5
ARCHER COUNTY,9,36 Years,99,54,45,86,47,39,0,0,0,3,2,1,10,5,5
ARCHER COUNTY,9,37 Years,89,45,44,77,40,37,2,0,2,2,1,1,8,4,4
ARCHER COUNTY,9,38 Years,99,47,52,89,42,47,1,1,0,2,1,1,7,3,4
ARCHER COUNTY,9,39 Years,105,56,49,94,50,44,0,0,0,2,1,1,9,5,4
ARCHER COUNTY,9,40 Years,107,57,50,95,48,47,0,0,0,1,1,0,11,8,3
ARCHER COUNTY,9,41 Years,117,50,67,105,44,61,1,1,0,2,1,1,9,4,5
ARCHER COUNTY,9,42 Years,116,46,70,102,39,63,0,0,0,3,2,1,11,5,6
ARCHER COUNTY,9,43 Years,119,58,61,104,49,55,0,0,0,2,1,1,13,8,5
ARCHER COUNTY,9,44 Years,115,64,51,98,55,43,0,0,0,2,1,1,15,8,7
ARCHER COUNTY,9,45 Years,122,67,55,109,57,52,1,1,0,2,2,0,10,7,3
ARCHER COUNTY,9,46 Years,114,55,59,105,50,55,0,0,0,1,1,0,8,4,4
ARCHER COUNTY,9,47 Years,142,78,64,136,74,62,1,1,0,0,0,0,5,3,2
ARCHER COUNTY,9,48 Years,147,75,72,141,72,69,0,0,0,0,0,0,6,3,3
ARCHER COUNTY,9,49 Years,171,81,90,159,75,84,2,1,1,1,0,1,9,5,4
ARCHER COUNTY,9,50 Years,150,83,67,138,76,62,1,1,0,2,1,1,9,5,4
ARCHER COUNTY,9,51 Years,170,84,86,160,80,80,0,0,0,3,1,2,7,3,4
ARCHER COUNTY,9,52 Years,164,73,91,153,67,86,0,0,0,4,3,1,7,3,4
ARCHER COUNTY,9,53 Years,151,74,77,141,67,74,0,0,0,2,1,1,8,6,2
ARCHER COUNTY,9,54 Years,175,89,86,164,83,81,0,0,0,3,1,2,8,5,3
ARCHER COUNTY,9,55 Years,167,82,85,159,78,81,0,0,0,1,0,1,7,4,3
ARCHER COUNTY,9,56 Years,147,74,73,140,69,71,0,0,0,2,1,1,5,4,1
ARCHER COUNTY,9,57 Years,145,76,69,136,71,65,1,1,0,3,1,2,5,3,2
ARCHER COUNTY,9,58 Years,131,64,67,125,61,64,0,0,0,2,1,1,4,2,2
ARCHER COUNTY,9,59 Years,118,60,58,115,57,58,0,0,0,1,1,0,2,2,0
ARCHER COUNTY,9,60 Years,134,64,70,128,61,67,0,0,0,5,2,3,1,1,0
ARCHER COUNTY,9,61 Years,108,50,58,105,49,56,0,0,0,2,1,1,1,0,1
ARCHER COUNTY,9,62 Years,118,61,57,111,58,53,1,0,1,3,2,1,3,1,2
ARCHER COUNTY,9,63 Years,109,54,55,104,51,53,0,0,0,3,2,1,2,1,1
ARCHER COUNTY,9,64 Years,102,51,51,98,49,49,0,0,0,1,0,1,3,2,1
ARCHER COUNTY,9,65 Years,120,66,54,113,60,53,2,2,0,1,0,1,4,4,0
ARCHER COUNTY,9,66 Years,81,44,37,77,42,35,1,1,0,2,0,2,1,1,0
ARCHER COUNTY,9,67 Years,90,47,43,85,44,41,0,0,0,2,1,1,3,2,1
ARCHER COUNTY,9,68 Years,78,35,43,76,35,41,0,0,0,1,0,1,1,0,1
ARCHER COUNTY,9,69 Years,78,32,46,74,30,44,0,0,0,1,0,1,3,2,1
ARCHER COUNTY,9,70 Years,101,45,56,94,42,52,0,0,0,2,1,1,5,2,3
ARCHER COUNTY,9,71 Years,96,50,46,92,47,45,0,0,0,1,1,0,3,2,1
ARCHER COUNTY,9,72 Years,87,41,46,81,38,43,1,0,1,2,1,1,3,2,1
ARCHER COUNTY,9,73 Years,68,36,32,65,35,30,0,0,0,0,0,0,3,1,2
ARCHER COUNTY,9,74 Years,76,43,33,71,41,30,0,0,0,2,1,1,3,1,2
ARCHER COUNTY,9,75 Years,67,30,37,66,29,37,0,0,0,0,0,0,1,1,0
ARCHER COUNTY,9,76 Years,58,22,36,57,21,36,0,0,0,0,0,0,1,1,0
ARCHER COUNTY,9,77 Years,67,29,38,64,29,35,0,0,0,1,0,1,2,0,2
ARCHER COUNTY,9,78 Years,59,32,27,58,32,26,0,0,0,0,0,0,1,0,1
ARCHER COUNTY,9,79 Years,61,30,31,59,29,30,0,0,0,0,0,0,2,1,1
ARCHER COUNTY,9,80 Years,49,23,26,47,22,25,0,0,0,0,0,0,2,1,1
ARCHER COUNTY,9,81 Years,36,15,21,35,14,21,0,0,0,1,1,0,0,0,0
ARCHER COUNTY,9,82 Years,40,17,23,38,16,22,0,0,0,1,1,0,1,0,1
ARCHER COUNTY,9,83 Years,46,19,27,42,18,24,0,0,0,2,0,2,2,1,1
ARCHER COUNTY,9,84 Years,31,13,18,29,13,16,0,0,0,2,0,2,0,0,0
ARCHER COUNTY,9,85 Years +,140,60,80,137,59,78,0,0,0,3,1,2,0,0,0
ARMSTRONG COUNTY,11,All Ages,1940,945,995,1761,863,898,12,7,5,43,18,25,124,57,67
ARMSTRONG COUNTY,11,< 1 Year,21,9,12,18,9,9,0,0,0,1,0,1,2,0,2
ARMSTRONG COUNTY,11,1 Years,16,8,8,14,7,7,0,0,0,0,0,0,2,1,1
ARMSTRONG COUNTY,11,2 Years,19,10,9,18,10,8,0,0,0,1,0,1,0,0,0
ARMSTRONG COUNTY,11,3 Years,25,15,10,21,12,9,0,0,0,1,0,1,3,3,0
ARMSTRONG COUNTY,11,4 Years,21,10,11,18,9,9,1,0,1,1,1,0,1,0,1
ARMSTRONG COUNTY,11,5 Years,21,12,9,16,9,7,0,0,0,2,1,1,3,2,1
ARMSTRONG COUNTY,11,6 Years,22,10,12,17,8,9,0,0,0,1,0,1,4,2,2
ARMSTRONG COUNTY,11,7 Years,24,10,14,17,7,10,1,1,0,2,0,2,4,2,2
ARMSTRONG COUNTY,11,8 Years,17,7,10,14,5,9,1,1,0,0,0,0,2,1,1
ARMSTRONG COUNTY,11,9 Years,19,10,9,17,8,9,0,0,0,0,0,0,2,2,0
ARMSTRONG COUNTY,11,10 Years,18,7,11,15,5,10,0,0,0,0,0,0,3,2,1
ARMSTRONG COUNTY,11,11 Years,30,12,18,24,9,15,1,0,1,0,0,0,5,3,2
ARMSTRONG COUNTY,11,12 Years,25,11,14,19,7,12,0,0,0,1,1,0,5,3,2
ARMSTRONG COUNTY,11,13 Years,22,9,13,19,8,11,1,1,0,0,0,0,2,0,2
ARMSTRONG COUNTY,11,14 Years,26,16,10,22,14,8,0,0,0,1,0,1,3,2,1
ARMSTRONG COUNTY,11,15 Years,21,12,9,19,11,8,0,0,0,1,0,1,1,1,0
ARMSTRONG COUNTY,11,16 Years,21,13,8,17,9,8,0,0,0,0,0,0,4,4,0
ARMSTRONG COUNTY,11,17 Years,33,20,13,27,16,11,1,1,0,1,1,0,4,2,2
ARMSTRONG COUNTY,11,18 Years,34,18,16,30,16,14,1,0,1,1,1,0,2,1,1
ARMSTRONG COUNTY,11,19 Years,30,17,13,27,16,11,0,0,0,0,0,0,3,1,2
ARMSTRONG COUNTY,11,20 Years,25,12,13,21,10,11,0,0,0,1,1,0,3,1,2
ARMSTRONG COUNTY,11,21 Years,16,11,5,14,9,5,1,1,0,0,0,0,1,1,0
ARMSTRONG COUNTY,11,22 Years,14,11,3,12,9,3,1,1,0,1,1,0,0,0,0
ARMSTRONG COUNTY,11,23 Years,10,5,5,8,4,4,0,0,0,1,1,0,1,0,1
ARMSTRONG COUNTY,11,24 Years,12,5,7,11,5,6,0,0,0,1,0,1,0,0,0
ARMSTRONG COUNTY,11,25 Years,12,4,8,10,4,6,0,0,0,0,0,0,2,0,2
ARMSTRONG COUNTY,11,26 Years,13,3,10,10,3,7,1,0,1,0,0,0,2,0,2
ARMSTRONG COUNTY,11,27 Years,12,3,9,8,3,5,0,0,0,2,0,2,2,0,2
ARMSTRONG COUNTY,11,28 Years,18,11,7,16,9,7,0,0,0,2,2,0,0,0,0
ARMSTRONG COUNTY,11,29 Years,22,13,9,19,12,7,0,0,0,0,0,0,3,1,2
ARMSTRONG COUNTY,11,30 Years,21,13,8,19,12,7,0,0,0,0,0,0,2,1,1
ARMSTRONG COUNTY,11,31 Years,21,12,9,20,11,9,0,0,0,0,0,0,1,1,0
ARMSTRONG COUNTY,11,32 Years,26,13,13,24,13,11,0,0,0,1,0,1,1,0,1
ARMSTRONG COUNTY,11,33 Years,26,14,12,26,14,12,0,0,0,0,0,0,0,0,0
ARMSTRONG COUNTY,11,34 Years,20,9,11,20,9,11,0,0,0,0,0,0,0,0,0
ARMSTRONG COUNTY,11,35 Years,18,9,9,16,9,7,0,0,0,0,0,0,2,0,2
ARMSTRONG COUNTY,11,36 Years,21,11,10,19,10,9,0,0,0,0,0,0,2,1,1
ARMSTRONG COUNTY,11,37 Years,21,11,10,20,10,10,0,0,0,0,0,0,1,1,0
ARMSTRONG COUNTY,11,38 Years,15,7,8,14,7,7,1,0,1,0,0,0,0,0,0
ARMSTRONG COUNTY,11,39 Years,16,9,7,14,8,6,0,0,0,0,0,0,2,1,1
ARMSTRONG COUNTY,11,40 Years,15,6,9,13,6,7,0,0,0,0,0,0,2,0,2
ARMSTRONG COUNTY,11,41 Years,24,9,15,20,8,12,0,0,0,0,0,0,4,1,3
ARMSTRONG COUNTY,11,42 Years,31,18,13,28,17,11,0,0,0,0,0,0,3,1,2
ARMSTRONG COUNTY,11,43 Years,24,12,12,19,10,9,0,0,0,0,0,0,5,2,3
ARMSTRONG COUNTY,11,44 Years,20,10,10,17,9,8,0,0,0,1,0,1,2,1,1
ARMSTRONG COUNTY,11,45 Years,20,10,10,19,9,10,0,0,0,0,0,0,1,1,0
ARMSTRONG COUNTY,11,46 Years,21,11,10,20,10,10,0,0,0,0,0,0,1,1,0
ARMSTRONG COUNTY,11,47 Years,22,14,8,21,14,7,0,0,0,1,0,1,0,0,0
ARMSTRONG COUNTY,11,48 Years,21,6,15,20,6,14,0,0,0,0,0,0,1,0,1
ARMSTRONG COUNTY,11,49 Years,21,6,15,20,5,15,0,0,0,0,0,0,1,1,0
ARMSTRONG COUNTY,11,50 Years,24,8,16,22,7,15,0,0,0,0,0,0,2,1,1
ARMSTRONG COUNTY,11,51 Years,29,14,15,28,13,15,0,0,0,0,0,0,1,1,0
ARMSTRONG COUNTY,11,52 Years,41,21,20,39,20,19,0,0,0,1,1,0,1,0,1
ARMSTRONG COUNTY,11,53 Years,35,16,19,33,14,19,0,0,0,1,1,0,1,1,0
ARMSTRONG COUNTY,11,54 Years,31,18,13,27,15,12,0,0,0,2,2,0,2,1,1
ARMSTRONG COUNTY,11,55 Years,30,16,14,29,15,14,0,0,0,0,0,0,1,1,0
ARMSTRONG COUNTY,11,56 Years,31,14,17,30,14,16,0,0,0,0,0,0,1,0,1
ARMSTRONG COUNTY,11,57 Years,26,10,16,23,9,14,0,0,0,1,0,1,2,1,1
ARMSTRONG COUNTY,11,58 Years,32,18,14,29,16,13,0,0,0,2,2,0,1,0,1
ARMSTRONG COUNTY,11,59 Years,34,21,13,33,20,13,0,0,0,1,1,0,0,0,0
ARMSTRONG COUNTY,11,60 Years,35,17,18,35,17,18,0,0,0,0,0,0,0,0,0
ARMSTRONG COUNTY,11,61 Years,24,11,13,22,11,11,0,0,0,1,0,1,1,0,1
ARMSTRONG COUNTY,11,62 Years,28,11,17,24,11,13,0,0,0,1,0,1,3,0,3
ARMSTRONG COUNTY,11,63 Years,38,16,22,36,15,21,0,0,0,0,0,0,2,1,1
ARMSTRONG COUNTY,11,64 Years,39,23,16,35,21,14,0,0,0,2,0,2,2,2,0
ARMSTRONG COUNTY,11,65 Years,33,20,13,31,19,12,1,1,0,1,0,1,0,0,0
ARMSTRONG COUNTY,11,66 Years,21,10,11,20,10,10,0,0,0,0,0,0,1,0,1
ARMSTRONG COUNTY,11,67 Years,22,9,13,20,9,11,0,0,0,1,0,1,1,0,1
ARMSTRONG COUNTY,11,68 Years,27,10,17,27,10,17,0,0,0,0,0,0,0,0,0
ARMSTRONG COUNTY,11,69 Years,23,11,12,22,11,11,0,0,0,1,0,1,0,0,0
ARMSTRONG COUNTY,11,70 Years,17,10,7,16,9,7,0,0,0,1,1,0,0,0,0
ARMSTRONG COUNTY,11,71 Years,25,11,14,25,11,14,0,0,0,0,0,0,0,0,0
ARMSTRONG COUNTY,11,72 Years,22,10,12,22,10,12,0,0,0,0,0,0,0,0,0
ARMSTRONG COUNTY,11,73 Years,21,12,9,21,12,9,0,0,0,0,0,0,0,0,0
ARMSTRONG COUNTY,11,74 Years,16,9,7,16,9,7,0,0,0,0,0,0,0,0,0
ARMSTRONG COUNTY,11,75 Years,18,8,10,18,8,10,0,0,0,0,0,0,0,0,0
ARMSTRONG COUNTY,11,76 Years,23,8,15,22,8,14,0,0,0,0,0,0,1,0,1
ARMSTRONG COUNTY,11,77 Years,24,6,18,22,6,16,0,0,0,1,0,1,1,0,1
ARMSTRONG COUNTY,11,78 Years,16,5,11,16,5,11,0,0,0,0,0,0,0,0,0
ARMSTRONG COUNTY,11,79 Years,7,4,3,7,4,3,0,0,0,0,0,0,0,0,0
ARMSTRONG COUNTY,11,80 Years,13,8,5,13,8,5,0,0,0,0,0,0,0,0,0
ARMSTRONG COUNTY,11,81 Years,11,5,6,11,5,6,0,0,0,0,0,0,0,0,0
ARMSTRONG COUNTY,11,82 Years,10,4,6,10,4,6,0,0,0,0,0,0,0,0,0
ARMSTRONG COUNTY,11,83 Years,9,2,7,9,2,7,0,0,0,0,0,0,0,0,0
ARMSTRONG COUNTY,11,84 Years,10,5,5,10,5,5,0,0,0,0,0,0,0,0,0
ARMSTRONG COUNTY,11,85 Years +,52,20,32,51,20,31,0,0,0,1,0,1,0,0,0
ATASCOSA COUNTY,13,All Ages,46956,23121,23835,16775,8134,8641,271,151,120,600,292,308,29310,14544,14766
ATASCOSA COUNTY,13,< 1 Year,641,318,323,201,103,98,2,1,1,3,1,2,435,213,222
ATASCOSA COUNTY,13,1 Years,668,344,324,180,95,85,3,2,1,5,3,2,480,244,236
ATASCOSA COUNTY,13,2 Years,677,342,335,180,87,93,1,0,1,7,3,4,489,252,237
ATASCOSA COUNTY,13,3 Years,651,336,315,170,83,87,1,1,0,6,2,4,474,250,224
ATASCOSA COUNTY,13,4 Years,672,340,332,175,91,84,2,1,1,6,3,3,489,245,244
ATASCOSA COUNTY,13,5 Years,688,346,342,163,79,84,3,2,1,11,7,4,511,258,253
ATASCOSA COUNTY,13,6 Years,714,368,346,180,98,82,4,3,1,9,7,2,521,260,261
ATASCOSA COUNTY,13,7 Years,742,380,362,185,80,105,5,1,4,9,6,3,543,293,250
ATASCOSA COUNTY,13,8 Years,711,369,342,188,97,91,7,2,5,6,3,3,510,267,243
ATASCOSA COUNTY,13,9 Years,692,352,340,195,103,92,6,1,5,6,3,3,485,245,240
ATASCOSA COUNTY,13,10 Years,755,379,376,198,101,97,6,1,5,7,3,4,544,274,270
ATASCOSA COUNTY,13,11 Years,770,401,369,205,102,103,6,4,2,7,3,4,552,292,260
ATASCOSA COUNTY,13,12 Years,758,381,377,181,93,88,4,1,3,6,4,2,567,283,284
ATASCOSA COUNTY,13,13 Years,766,382,384,193,106,87,6,5,1,4,2,2,563,269,294
ATASCOSA COUNTY,13,14 Years,826,412,414,231,113,118,7,6,1,6,2,4,582,291,291
ATASCOSA COUNTY,13,15 Years,808,408,400,218,107,111,4,3,1,9,3,6,577,295,282
ATASCOSA COUNTY,13,16 Years,797,397,400,210,100,110,7,3,4,6,3,3,574,291,283
ATASCOSA COUNTY,13,17 Years,764,388,376,199,99,100,7,3,4,9,6,3,549,280,269
ATASCOSA COUNTY,13,18 Years,745,370,375,202,101,101,5,3,2,16,9,7,522,257,265
ATASCOSA COUNTY,13,19 Years,714,362,352,178,89,89,8,3,5,10,4,6,518,266,252
ATASCOSA COUNTY,13,20 Years,683,358,325,179,90,89,4,2,2,6,3,3,494,263,231
ATASCOSA COUNTY,13,21 Years,612,322,290,150,79,71,2,0,2,6,1,5,454,242,212
ATASCOSA COUNTY,13,22 Years,561,289,272,158,87,71,1,0,1,5,3,2,397,199,198
ATASCOSA COUNTY,13,23 Years,534,276,258,155,81,74,2,0,2,6,4,2,371,191,180
ATASCOSA COUNTY,13,24 Years,499,244,255,137,67,70,5,3,2,5,3,2,352,171,181
ATASCOSA COUNTY,13,25 Years,508,250,258,127,57,70,4,3,1,6,3,3,371,187,184
ATASCOSA COUNTY,13,26 Years,512,238,274,150,66,84,5,4,1,7,6,1,350,162,188
ATASCOSA COUNTY,13,27 Years,515,256,259,152,70,82,5,4,1,12,6,6,346,176,170
ATASCOSA COUNTY,13,28 Years,479,232,247,152,73,79,6,3,3,6,3,3,315,153,162
ATASCOSA COUNTY,13,29 Years,475,224,251,156,77,79,3,1,2,8,5,3,308,141,167
ATASCOSA COUNTY,13,30 Years,507,249,258,162,82,80,2,2,0,10,6,4,333,159,174
ATASCOSA COUNTY,13,31 Years,557,277,280,197,104,93,3,1,2,10,5,5,347,167,180
ATASCOSA COUNTY,13,32 Years,582,292,290,205,105,100,2,1,1,6,4,2,369,182,187
ATASCOSA COUNTY,13,33 Years,551,258,293,193,94,99,0,0,0,6,2,4,352,162,190
ATASCOSA COUNTY,13,34 Years,523,248,275,189,94,95,1,1,0,4,1,3,329,152,177
ATASCOSA COUNTY,13,35 Years,526,260,266,201,94,107,5,2,3,5,4,1,315,160,155
ATASCOSA COUNTY,13,36 Years,525,265,260,181,94,87,3,2,1,3,2,1,338,167,171
ATASCOSA COUNTY,13,37 Years,541,266,275,184,92,92,1,1,0,6,4,2,350,169,181
ATASCOSA COUNTY,13,38 Years,523,253,270,189,95,94,1,0,1,6,4,2,327,154,173
ATASCOSA COUNTY,13,39 Years,569,253,316,189,89,100,3,1,2,9,4,5,368,159,209
ATASCOSA COUNTY,13,40 Years,615,292,323,220,116,104,3,1,2,11,6,5,381,169,212
ATASCOSA COUNTY,13,41 Years,610,316,294,225,123,102,2,0,2,8,4,4,375,189,186
ATASCOSA COUNTY,13,42 Years,652,333,319,225,120,105,3,3,0,11,2,9,413,208,205
ATASCOSA COUNTY,13,43 Years,595,302,293,224,110,114,4,3,1,7,2,5,360,187,173
ATASCOSA COUNTY,13,44 Years,558,281,277,196,93,103,5,4,1,8,2,6,349,182,167
ATASCOSA COUNTY,13,45 Years,567,297,270,204,110,94,2,2,0,10,5,5,351,180,171
ATASCOSA COUNTY,13,46 Years,584,296,288,218,106,112,4,2,2,5,4,1,357,184,173
ATASCOSA COUNTY,13,47 Years,595,297,298,210,109,101,3,2,1,12,7,5,370,179,191
ATASCOSA COUNTY,13,48 Years,646,298,348,225,104,121,3,2,1,11,4,7,407,188,219
ATASCOSA COUNTY,13,49 Years,690,335,355,263,127,136,3,2,1,8,4,4,416,202,214
ATASCOSA COUNTY,13,50 Years,649,309,340,255,119,136,3,1,2,11,6,5,380,183,197
ATASCOSA COUNTY,13,51 Years,674,333,341,250,116,134,2,1,1,18,8,10,404,208,196
ATASCOSA COUNTY,13,52 Years,629,304,325,225,99,126,5,4,1,13,4,9,386,197,189
ATASCOSA COUNTY,13,53 Years,665,307,358,280,121,159,4,4,0,7,4,3,374,178,196
ATASCOSA COUNTY,13,54 Years,630,316,314,272,131,141,5,4,1,8,3,5,345,178,167
ATASCOSA COUNTY,13,55 Years,614,309,305,269,129,140,4,2,2,11,6,5,330,172,158
ATASCOSA COUNTY,13,56 Years,601,279,322,249,106,143,3,1,2,13,6,7,336,166,170
ATASCOSA COUNTY,13,57 Years,621,305,316,270,123,147,4,2,2,11,6,5,336,174,162
ATASCOSA COUNTY,13,58 Years,603,304,299,276,130,146,4,3,1,9,5,4,314,166,148
ATASCOSA COUNTY,13,59 Years,622,301,321,289,130,159,2,2,0,8,7,1,323,162,161
ATASCOSA COUNTY,13,60 Years,575,274,301,267,122,145,3,2,1,7,4,3,298,146,152
ATASCOSA COUNTY,13,61 Years,541,276,265,256,127,129,2,1,1,10,6,4,273,142,131
ATASCOSA COUNTY,13,62 Years,547,263,284,261,124,137,2,1,1,9,7,2,275,131,144
ATASCOSA COUNTY,13,63 Years,546,258,288,251,122,129,5,3,2,9,4,5,281,129,152
ATASCOSA COUNTY,13,64 Years,508,264,244,243,130,113,3,1,2,10,4,6,252,129,123
ATASCOSA COUNTY,13,65 Years,510,249,261,258,128,130,1,1,0,4,1,3,247,119,128
ATASCOSA COUNTY,13,66 Years,497,234,263,237,115,122,4,3,1,3,0,3,253,116,137
ATASCOSA COUNTY,13,67 Years,444,210,234,204,97,107,1,1,0,4,1,3,235,111,124
ATASCOSA COUNTY,13,68 Years,414,208,206,211,105,106,2,2,0,6,1,5,195,100,95
ATASCOSA COUNTY,13,69 Years,388,184,204,205,93,112,3,2,1,8,1,7,172,88,84
ATASCOSA COUNTY,13,70 Years,353,166,187,181,87,94,1,1,0,5,1,4,166,77,89
ATASCOSA COUNTY,13,71 Years,328,161,167,174,87,87,1,0,1,7,4,3,146,70,76
ATASCOSA COUNTY,13,72 Years,324,157,167,169,89,80,1,0,1,4,1,3,150,67,83
ATASCOSA COUNTY,13,73 Years,281,129,152,141,67,74,3,1,2,5,3,2,132,58,74
ATASCOSA COUNTY,13,74 Years,268,121,147,135,63,72,2,2,0,6,2,4,125,54,71
ATASCOSA COUNTY,13,75 Years,252,115,137,126,56,70,3,1,2,4,1,3,119,57,62
ATASCOSA COUNTY,13,76 Years,230,114,116,129,62,67,2,0,2,4,2,2,95,50,45
ATASCOSA COUNTY,13,77 Years,254,131,123,133,69,64,1,1,0,2,1,1,118,60,58
ATASCOSA COUNTY,13,78 Years,212,114,98,116,65,51,1,0,1,2,1,1,93,48,45
ATASCOSA COUNTY,13,79 Years,197,93,104,114,57,57,3,3,0,2,0,2,78,33,45
ATASCOSA COUNTY,13,80 Years,181,82,99,102,45,57,1,1,0,0,0,0,78,36,42
ATASCOSA COUNTY,13,81 Years,165,69,96,84,35,49,0,0,0,1,0,1,80,34,46
ATASCOSA COUNTY,13,82 Years,164,68,96,89,36,53,0,0,0,1,0,1,74,32,42
ATASCOSA COUNTY,13,83 Years,151,70,81,90,42,48,1,0,1,0,0,0,60,28,32
ATASCOSA COUNTY,13,84 Years,132,53,79,85,32,53,0,0,0,1,0,1,46,21,25
ATASCOSA COUNTY,13,85 Years +,733,259,474,431,140,291,5,2,3,6,2,4,291,115,176
AUSTIN COUNTY,15,All Ages,28837,14307,14530,18574,9096,9478,2667,1318,1349,512,238,274,7084,3655,3429
AUSTIN COUNTY,15,< 1 Year,340,167,173,171,85,86,32,14,18,4,2,2,133,66,67
AUSTIN COUNTY,15,1 Years,353,180,173,178,92,86,32,16,16,6,3,3,137,69,68
AUSTIN COUNTY,15,2 Years,371,176,195,167,77,90,33,16,17,10,3,7,161,80,81
AUSTIN COUNTY,15,3 Years,356,178,178,175,93,82,32,18,14,6,3,3,143,64,79
AUSTIN COUNTY,15,4 Years,370,191,179,180,93,87,36,21,15,11,7,4,143,70,73
AUSTIN COUNTY,15,5 Years,373,184,189,171,91,80,33,15,18,14,6,8,155,72,83
AUSTIN COUNTY,15,6 Years,371,193,178,164,91,73,39,21,18,15,6,9,153,75,78
AUSTIN COUNTY,15,7 Years,355,191,164,168,99,69,36,19,17,10,4,6,141,69,72
AUSTIN COUNTY,15,8 Years,357,198,159,188,109,79,19,11,8,13,7,6,137,71,66
AUSTIN COUNTY,15,9 Years,411,225,186,210,115,95,38,19,19,14,7,7,149,84,65
AUSTIN COUNTY,15,10 Years,402,225,177,200,115,85,50,27,23,9,4,5,143,79,64
AUSTIN COUNTY,15,11 Years,393,202,191,207,110,97,36,20,16,7,4,3,143,68,75
AUSTIN COUNTY,15,12 Years,412,204,208,205,103,102,43,23,20,11,8,3,153,70,83
AUSTIN COUNTY,15,13 Years,445,216,229,228,102,126,50,27,23,11,7,4,156,80,76
AUSTIN COUNTY,15,14 Years,432,211,221,236,116,120,50,25,25,7,2,5,139,68,71
AUSTIN COUNTY,15,15 Years,386,198,188,216,111,105,40,23,17,10,4,6,120,60,60
AUSTIN COUNTY,15,16 Years,419,221,198,237,124,113,46,25,21,10,5,5,126,67,59
AUSTIN COUNTY,15,17 Years,444,225,219,247,124,123,46,23,23,6,3,3,145,75,70
AUSTIN COUNTY,15,18 Years,446,224,222,237,121,116,57,29,28,13,5,8,139,69,70
AUSTIN COUNTY,15,19 Years,425,223,202,229,125,104,51,23,28,11,6,5,134,69,65
AUSTIN COUNTY,15,20 Years,360,195,165,191,100,91,46,23,23,9,7,2,114,65,49
AUSTIN COUNTY,15,21 Years,316,161,155,161,79,82,33,15,18,5,3,2,117,64,53
AUSTIN COUNTY,15,22 Years,289,138,151,140,68,72,35,16,19,3,0,3,111,54,57
AUSTIN COUNTY,15,23 Years,289,137,152,148,65,83,33,17,16,4,1,3,104,54,50
AUSTIN COUNTY,15,24 Years,281,148,133,144,75,69,30,16,14,2,1,1,105,56,49
AUSTIN COUNTY,15,25 Years,274,140,134,149,78,71,26,11,15,7,4,3,92,47,45
AUSTIN COUNTY,15,26 Years,280,141,139,155,78,77,27,14,13,4,3,1,94,46,48
AUSTIN COUNTY,15,27 Years,299,155,144,141,70,71,34,18,16,6,1,5,118,66,52
AUSTIN COUNTY,15,28 Years,251,136,115,123,63,60,27,14,13,4,1,3,97,58,39
AUSTIN COUNTY,15,29 Years,298,156,142,149,67,82,35,20,15,4,3,1,110,66,44
AUSTIN COUNTY,15,30 Years,308,158,150,159,78,81,28,17,11,5,3,2,116,60,56
AUSTIN COUNTY,15,31 Years,312,161,151,175,86,89,30,18,12,6,3,3,101,54,47
AUSTIN COUNTY,15,32 Years,320,154,166,184,85,99,31,18,13,5,0,5,100,51,49
AUSTIN COUNTY,15,33 Years,333,156,177,185,92,93,36,13,23,5,3,2,107,48,59
AUSTIN COUNTY,15,34 Years,324,161,163,196,102,94,27,11,16,4,2,2,97,46,51
AUSTIN COUNTY,15,35 Years,326,169,157,198,98,100,26,14,12,5,3,2,97,54,43
AUSTIN COUNTY,15,36 Years,304,156,148,182,92,90,25,12,13,2,1,1,95,51,44
AUSTIN COUNTY,15,37 Years,337,167,170,188,89,99,31,18,13,6,1,5,112,59,53
AUSTIN COUNTY,15,38 Years,338,177,161,174,89,85,30,14,16,5,1,4,129,73,56
AUSTIN COUNTY,15,39 Years,320,165,155,173,85,88,23,11,12,5,3,2,119,66,53
AUSTIN COUNTY,15,40 Years,335,154,181,194,84,110,35,17,18,7,2,5,99,51,48
AUSTIN COUNTY,15,41 Years,359,165,194,219,93,126,33,13,20,5,2,3,102,57,45
AUSTIN COUNTY,15,42 Years,360,175,185,224,109,115,33,15,18,4,0,4,99,51,48
AUSTIN COUNTY,15,43 Years,340,166,174,229,113,116,32,15,17,3,0,3,76,38,38
AUSTIN COUNTY,15,44 Years,343,176,167,216,106,110,37,22,15,4,2,2,86,46,40
AUSTIN COUNTY,15,45 Years,351,192,159,216,116,100,36,19,17,8,4,4,91,53,38
AUSTIN COUNTY,15,46 Years,389,208,181,246,133,113,44,21,23,11,5,6,88,49,39
AUSTIN COUNTY,15,47 Years,392,192,200,252,121,131,46,21,25,10,4,6,84,46,38
AUSTIN COUNTY,15,48 Years,397,191,206,260,117,143,40,22,18,9,4,5,88,48,40
AUSTIN COUNTY,15,49 Years,418,198,220,291,133,158,39,16,23,7,5,2,81,44,37
AUSTIN COUNTY,15,50 Years,431,201,230,307,142,165,43,15,28,5,5,0,76,39,37
AUSTIN COUNTY,15,51 Years,445,206,239,302,132,170,49,25,24,12,10,2,82,39,43
AUSTIN COUNTY,15,52 Years,447,217,230,328,149,179,39,22,17,10,5,5,70,41,29
AUSTIN COUNTY,15,53 Years,448,234,214,332,173,159,42,24,18,9,4,5,65,33,32
AUSTIN COUNTY,15,54 Years,467,248,219,332,175,157,47,26,21,8,4,4,80,43,37
AUSTIN COUNTY,15,55 Years,475,251,224,355,185,170,36,21,15,15,7,8,69,38,31
AUSTIN COUNTY,15,56 Years,481,230,251,368,173,195,40,23,17,10,3,7,63,31,32
AUSTIN COUNTY,15,57 Years,426,213,213,320,156,164,34,20,14,5,1,4,67,36,31
AUSTIN COUNTY,15,58 Years,451,215,236,353,166,187,39,18,21,6,2,4,53,29,24
AUSTIN COUNTY,15,59 Years,434,233,201,343,183,160,34,16,18,7,4,3,50,30,20
AUSTIN COUNTY,15,60 Years,418,216,202,336,175,161,34,17,17,6,2,4,42,22,20
AUSTIN COUNTY,15,61 Years,364,182,182,290,145,145,24,11,13,3,2,1,47,24,23
AUSTIN COUNTY,15,62 Years,335,173,162,275,143,132,21,13,8,2,0,2,37,17,20
AUSTIN COUNTY,15,63 Years,354,180,174,288,149,139,26,12,14,5,2,3,35,17,18
AUSTIN COUNTY,15,64 Years,378,183,195,311,149,162,30,15,15,3,2,1,34,17,17
AUSTIN COUNTY,15,65 Years,377,178,199,319,150,169,22,11,11,2,1,1,34,16,18
AUSTIN COUNTY,15,66 Years,314,140,174,256,116,140,25,9,16,2,0,2,31,15,16
AUSTIN COUNTY,15,67 Years,309,158,151,257,133,124,22,10,12,4,2,2,26,13,13
AUSTIN COUNTY,15,68 Years,308,152,156,259,128,131,23,12,11,2,2,0,24,10,14
AUSTIN COUNTY,15,69 Years,321,153,168,271,129,142,21,10,11,3,2,1,26,12,14
AUSTIN COUNTY,15,70 Years,298,150,148,259,133,126,20,8,12,1,1,0,18,8,10
AUSTIN COUNTY,15,71 Years,251,121,130,222,111,111,15,6,9,2,1,1,12,3,9
AUSTIN COUNTY,15,72 Years,215,105,110,175,88,87,16,6,10,2,1,1,22,10,12
AUSTIN COUNTY,15,73 Years,184,86,98,153,70,83,12,6,6,5,1,4,14,9,5
AUSTIN COUNTY,15,74 Years,194,84,110,167,73,94,15,6,9,3,1,2,9,4,5
AUSTIN COUNTY,15,75 Years,178,77,101,151,70,81,13,3,10,2,0,2,12,4,8
AUSTIN COUNTY,15,76 Years,156,78,78,134,69,65,9,3,6,1,0,1,12,6,6
AUSTIN COUNTY,15,77 Years,163,79,84,141,69,72,7,2,5,2,0,2,13,8,5
AUSTIN COUNTY,15,78 Years,151,65,86,123,50,73,15,7,8,2,1,1,11,7,4
AUSTIN COUNTY,15,79 Years,125,56,69,100,48,52,13,3,10,2,1,1,10,4,6
AUSTIN COUNTY,15,80 Years,136,65,71,119,61,58,6,1,5,1,0,1,10,3,7
AUSTIN COUNTY,15,81 Years,137,62,75,117,55,62,9,2,7,1,0,1,10,5,5
AUSTIN COUNTY,15,82 Years,136,58,78,116,49,67,10,5,5,2,2,0,8,2,6
AUSTIN COUNTY,15,83 Years,117,47,70,100,39,61,11,5,6,1,1,0,5,2,3
AUSTIN COUNTY,15,84 Years,100,43,57,88,35,53,7,4,3,0,0,0,5,4,1
AUSTIN COUNTY,15,85 Years +,609,188,421,531,165,366,51,15,36,4,0,4,23,8,15
BAILEY COUNTY,17,All Ages,7301,3687,3614,2711,1304,1407,68,40,28,75,37,38,4447,2306,2141
BAILEY COUNTY,17,< 1 Year,123,65,58,40,18,22,0,0,0,3,2,1,80,45,35
BAILEY COUNTY,17,1 Years,117,60,57,30,16,14,1,0,1,2,1,1,84,43,41
BAILEY COUNTY,17,2 Years,141,77,64,32,17,15,0,0,0,2,1,1,107,59,48
BAILEY COUNTY,17,3 Years,138,71,67,27,12,15,0,0,0,2,1,1,109,58,51
BAILEY COUNTY,17,4 Years,126,62,64,22,10,12,1,0,1,0,0,0,103,52,51
BAILEY COUNTY,17,5 Years,139,74,65,32,15,17,0,0,0,1,1,0,106,58,48
BAILEY COUNTY,17,6 Years,145,71,74,34,11,23,0,0,0,1,1,0,110,59,51
BAILEY COUNTY,17,7 Years,134,64,70,35,11,24,1,0,1,3,2,1,95,51,44
BAILEY COUNTY,17,8 Years,121,56,65,27,10,17,0,0,0,2,1,1,92,45,47
BAILEY COUNTY,17,9 Years,121,63,58,26,13,13,1,1,0,0,0,0,94,49,45
BAILEY COUNTY,17,10 Years,132,70,62,30,18,12,1,1,0,0,0,0,101,51,50
BAILEY COUNTY,17,11 Years,136,66,70,36,17,19,0,0,0,1,1,0,99,48,51
BAILEY COUNTY,17,12 Years,117,63,54,20,12,8,0,0,0,0,0,0,97,51,46
BAILEY COUNTY,17,13 Years,108,61,47,28,18,10,0,0,0,2,2,0,78,41,37
BAILEY COUNTY,17,14 Years,112,60,52,25,13,12,0,0,0,2,1,1,85,46,39
BAILEY COUNTY,17,15 Years,103,53,50,22,13,9,0,0,0,1,0,1,80,40,40
BAILEY COUNTY,17,16 Years,120,58,62,30,16,14,1,1,0,1,0,1,88,41,47
BAILEY COUNTY,17,17 Years,117,60,57,28,12,16,1,1,0,1,0,1,87,47,40
BAILEY COUNTY,17,18 Years,112,62,50,25,13,12,0,0,0,1,0,1,86,49,37
BAILEY COUNTY,17,19 Years,107,55,52,21,11,10,1,0,1,1,0,1,84,44,40
BAILEY COUNTY,17,20 Years,106,61,45,26,13,13,5,3,2,0,0,0,75,45,30
BAILEY COUNTY,17,21 Years,91,47,44,17,11,6,2,1,1,1,0,1,71,35,36
BAILEY COUNTY,17,22 Years,89,45,44,14,7,7,1,0,1,0,0,0,74,38,36
BAILEY COUNTY,17,23 Years,83,39,44,17,7,10,1,0,1,0,0,0,65,32,33
BAILEY COUNTY,17,24 Years,91,45,46,17,9,8,1,0,1,0,0,0,73,36,37
BAILEY COUNTY,17,25 Years,100,49,51,27,12,15,3,2,1,2,0,2,68,35,33
BAILEY COUNTY,17,26 Years,91,42,49,25,9,16,2,1,1,1,0,1,63,32,31
BAILEY COUNTY,17,27 Years,107,50,57,34,13,21,0,0,0,2,1,1,71,36,35
BAILEY COUNTY,17,28 Years,104,55,49,31,16,15,1,1,0,2,1,1,70,37,33
BAILEY COUNTY,17,29 Years,87,47,40,26,12,14,1,1,0,2,1,1,58,33,25
BAILEY COUNTY,17,30 Years,90,48,42,32,19,13,1,1,0,2,1,1,55,27,28
BAILEY COUNTY,17,31 Years,90,43,47,29,16,13,0,0,0,1,0,1,60,27,33
BAILEY COUNTY,17,32 Years,86,45,41,26,16,10,1,0,1,0,0,0,59,29,30
BAILEY COUNTY,17,33 Years,95,52,43,34,19,15,1,0,1,0,0,0,60,33,27
BAILEY COUNTY,17,34 Years,92,50,42,27,16,11,2,2,0,1,1,0,62,31,31
BAILEY COUNTY,17,35 Years,76,40,36,20,11,9,1,1,0,0,0,0,55,28,27
BAILEY COUNTY,17,36 Years,84,44,40,25,12,13,1,1,0,0,0,0,58,31,27
BAILEY COUNTY,17,37 Years,80,40,40,21,8,13,2,2,0,0,0,0,57,30,27
BAILEY COUNTY,17,38 Years,91,46,45,32,16,16,0,0,0,2,1,1,57,29,28
BAILEY COUNTY,17,39 Years,78,43,35,27,17,10,0,0,0,1,1,0,50,25,25
BAILEY COUNTY,17,40 Years,77,40,37,19,11,8,1,1,0,1,0,1,56,28,28
BAILEY COUNTY,17,41 Years,73,35,38,18,8,10,0,0,0,2,1,1,53,26,27
BAILEY COUNTY,17,42 Years,75,36,39,21,10,11,1,0,1,2,0,2,51,26,25
BAILEY COUNTY,17,43 Years,81,39,42,27,14,13,2,0,2,2,1,1,50,24,26
BAILEY COUNTY,17,44 Years,76,38,38,23,10,13,1,0,1,2,2,0,50,26,24
BAILEY COUNTY,17,45 Years,80,42,38,29,14,15,0,0,0,2,2,0,49,26,23
BAILEY COUNTY,17,46 Years,84,48,36,29,16,13,1,1,0,0,0,0,54,31,23
BAILEY COUNTY,17,47 Years,75,36,39,26,12,14,0,0,0,1,0,1,48,24,24
BAILEY COUNTY,17,48 Years,75,33,42,21,8,13,0,0,0,1,1,0,53,24,29
BAILEY COUNTY,17,49 Years,84,43,41,36,15,21,1,1,0,1,0,1,46,27,19
BAILEY COUNTY,17,50 Years,89,45,44,41,19,22,1,1,0,0,0,0,47,25,22
BAILEY COUNTY,17,51 Years,85,48,37,30,16,14,0,0,0,1,1,0,54,31,23
BAILEY COUNTY,17,52 Years,84,46,38,35,22,13,0,0,0,0,0,0,49,24,25
BAILEY COUNTY,17,53 Years,81,38,43,45,20,25,1,1,0,1,0,1,34,17,17
BAILEY COUNTY,17,54 Years,78,43,35,39,21,18,0,0,0,1,0,1,38,22,16
BAILEY COUNTY,17,55 Years,98,52,46,52,24,28,3,3,0,1,1,0,42,24,18
BAILEY COUNTY,17,56 Years,93,47,46,50,23,27,3,2,1,0,0,0,40,22,18
BAILEY COUNTY,17,57 Years,78,43,35,43,25,18,1,1,0,0,0,0,34,17,17
BAILEY COUNTY,17,58 Years,87,47,40,48,26,22,1,1,0,0,0,0,38,20,18
BAILEY COUNTY,17,59 Years,91,44,47,53,25,28,1,1,0,1,0,1,36,18,18
BAILEY COUNTY,17,60 Years,77,36,41,46,20,26,1,1,0,1,0,1,29,15,14
BAILEY COUNTY,17,61 Years,69,36,33,41,19,22,0,0,0,2,1,1,26,16,10
BAILEY COUNTY,17,62 Years,65,38,27,39,21,18,1,1,0,0,0,0,25,16,9
BAILEY COUNTY,17,63 Years,64,29,35,44,18,26,0,0,0,0,0,0,20,11,9
BAILEY COUNTY,17,64 Years,69,30,39,45,19,26,0,0,0,0,0,0,24,11,13
BAILEY COUNTY,17,65 Years,57,28,29,35,17,18,1,1,0,1,1,0,20,9,11
BAILEY COUNTY,17,66 Years,49,24,25,32,17,15,1,1,0,1,0,1,15,6,9
BAILEY COUNTY,17,67 Years,53,34,19,34,23,11,1,1,0,1,0,1,17,10,7
BAILEY COUNTY,17,68 Years,61,30,31,42,20,22,1,0,1,2,2,0,16,8,8
BAILEY COUNTY,17,69 Years,63,26,37,44,18,26,0,0,0,1,1,0,18,7,11
BAILEY COUNTY,17,70 Years,53,23,30,38,17,21,0,0,0,0,0,0,15,6,9
BAILEY COUNTY,17,71 Years,63,36,27,45,28,17,0,0,0,1,0,1,17,8,9
BAILEY COUNTY,17,72 Years,45,22,23,34,17,17,0,0,0,0,0,0,11,5,6
BAILEY COUNTY,17,73 Years,46,24,22,28,17,11,0,0,0,0,0,0,18,7,11
BAILEY COUNTY,17,74 Years,39,18,21,26,12,14,0,0,0,1,1,0,12,5,7
BAILEY COUNTY,17,75 Years,46,21,25,35,15,20,0,0,0,0,0,0,11,6,5
BAILEY COUNTY,17,76 Years,52,20,32,40,13,27,1,0,1,0,0,0,11,7,4
BAILEY COUNTY,17,77 Years,44,17,27,33,14,19,1,0,1,0,0,0,10,3,7
BAILEY COUNTY,17,78 Years,42,23,19,29,16,13,1,0,1,1,0,1,11,7,4
BAILEY COUNTY,17,79 Years,38,16,22,28,10,18,0,0,0,0,0,0,10,6,4
BAILEY COUNTY,17,80 Years,42,17,25,28,9,19,0,0,0,0,0,0,14,8,6
BAILEY COUNTY,17,81 Years,32,15,17,26,12,14,1,1,0,0,0,0,5,2,3
BAILEY COUNTY,17,82 Years,27,11,16,19,9,10,2,0,2,0,0,0,6,2,4
BAILEY COUNTY,17,83 Years,26,12,14,20,10,10,1,0,1,0,0,0,5,2,3
BAILEY COUNTY,17,84 Years,28,15,13,21,11,10,0,0,0,0,0,0,7,4,3
BAILEY COUNTY,17,85 Years +,127,41,86,97,28,69,3,1,2,1,1,0,26,11,15
BANDERA COUNTY,19,All Ages,20738,10278,10460,16678,8229,8449,91,50,41,408,189,219,3561,1810,1751
BANDERA COUNTY,19,< 1 Year,161,83,78,121,62,59,2,1,1,4,3,1,34,17,17
BANDERA COUNTY,19,1 Years,166,86,80,123,63,60,0,0,0,4,2,2,39,21,18
BANDERA COUNTY,19,2 Years,168,92,76,117,64,53,1,0,1,6,3,3,44,25,19
BANDERA COUNTY,19,3 Years,181,94,87,134,67,67,1,0,1,3,1,2,43,26,17
BANDERA COUNTY,19,4 Years,185,89,96,129,59,70,3,2,1,5,1,4,48,27,21
BANDERA COUNTY,19,5 Years,193,97,96,129,64,65,1,1,0,6,3,3,57,29,28
BANDERA COUNTY,19,6 Years,192,95,97,132,67,65,1,0,1,4,2,2,55,26,29
BANDERA COUNTY,19,7 Years,193,93,100,127,63,64,1,0,1,5,4,1,60,26,34
BANDERA COUNTY,19,8 Years,192,96,96,126,62,64,0,0,0,4,2,2,62,32,30
BANDERA COUNTY,19,9 Years,225,108,117,144,70,74,3,1,2,6,1,5,72,36,36
BANDERA COUNTY,19,10 Years,219,103,116,150,69,81,3,1,2,3,1,2,63,32,31
BANDERA COUNTY,19,11 Years,227,120,107,152,80,72,2,1,1,3,1,2,70,38,32
BANDERA COUNTY,19,12 Years,220,103,117,152,72,80,4,1,3,3,1,2,61,29,32
BANDERA COUNTY,19,13 Years,244,129,115,181,97,84,4,2,2,3,2,1,56,28,28
BANDERA COUNTY,19,14 Years,254,126,128,189,93,96,3,2,1,6,2,4,56,29,27
BANDERA COUNTY,19,15 Years,260,137,123,187,102,85,2,1,1,8,3,5,63,31,32
BANDERA COUNTY,19,16 Years,273,143,130,192,99,93,2,2,0,8,2,6,71,40,31
BANDERA COUNTY,19,17 Years,281,140,141,199,96,103,2,1,1,5,2,3,75,41,34
BANDERA COUNTY,19,18 Years,288,141,147,210,101,109,1,1,0,7,3,4,70,36,34
BANDERA COUNTY,19,19 Years,264,139,125,198,102,96,2,1,1,4,3,1,60,33,27
BANDERA COUNTY,19,20 Years,219,126,93,151,86,65,0,0,0,3,2,1,65,38,27
BANDERA COUNTY,19,21 Years,161,80,81,119,60,59,0,0,0,1,0,1,41,20,21
BANDERA COUNTY,19,22 Years,152,76,76,117,58,59,1,0,1,2,2,0,32,16,16
BANDERA COUNTY,19,23 Years,151,78,73,102,51,51,0,0,0,8,5,3,41,22,19
BANDERA COUNTY,19,24 Years,144,66,78,102,45,57,0,0,0,6,2,4,36,19,17
BANDERA COUNTY,19,25 Years,151,77,74,103,57,46,1,0,1,3,1,2,44,19,25
BANDERA COUNTY,19,26 Years,140,72,68,97,51,46,1,1,0,3,2,1,39,18,21
BANDERA COUNTY,19,27 Years,151,75,76,104,52,52,0,0,0,4,3,1,43,20,23
BANDERA COUNTY,19,28 Years,137,72,65,103,54,49,0,0,0,5,3,2,29,15,14
BANDERA COUNTY,19,29 Years,147,84,63,107,59,48,0,0,0,2,2,0,38,23,15
BANDERA COUNTY,19,30 Years,136,73,63,106,58,48,0,0,0,6,3,3,24,12,12
BANDERA COUNTY,19,31 Years,165,82,83,129,61,68,0,0,0,5,2,3,31,19,12
BANDERA COUNTY,19,32 Years,162,74,88,124,53,71,1,1,0,3,1,2,34,19,15
BANDERA COUNTY,19,33 Years,161,82,79,127,60,67,0,0,0,1,1,0,33,21,12
BANDERA COUNTY,19,34 Years,166,92,74,130,71,59,1,1,0,2,1,1,33,19,14
BANDERA COUNTY,19,35 Years,162,92,70,129,73,56,2,2,0,1,1,0,30,16,14
BANDERA COUNTY,19,36 Years,176,91,85,136,71,65,3,3,0,1,0,1,36,17,19
BANDERA COUNTY,19,37 Years,191,83,108,140,64,76,1,1,0,3,2,1,47,16,31
BANDERA COUNTY,19,38 Years,173,78,95,129,59,70,2,0,2,3,2,1,39,17,22
BANDERA COUNTY,19,39 Years,197,91,106,147,66,81,1,0,1,9,4,5,40,21,19
BANDERA COUNTY,19,40 Years,196,104,92,144,74,70,2,2,0,5,3,2,45,25,20
BANDERA COUNTY,19,41 Years,219,113,106,162,85,77,1,1,0,7,4,3,49,23,26
BANDERA COUNTY,19,42 Years,239,112,127,186,87,99,1,1,0,5,2,3,47,22,25
BANDERA COUNTY,19,43 Years,241,115,126,192,93,99,1,1,0,2,1,1,46,20,26
BANDERA COUNTY,19,44 Years,254,122,132,200,98,102,0,0,0,6,2,4,48,22,26
BANDERA COUNTY,19,45 Years,257,121,136,209,99,110,0,0,0,5,2,3,43,20,23
BANDERA COUNTY,19,46 Years,263,128,135,216,108,108,1,0,1,8,4,4,38,16,22
BANDERA COUNTY,19,47 Years,305,147,158,244,116,128,2,2,0,7,2,5,52,27,25
BANDERA COUNTY,19,48 Years,356,181,175,293,148,145,1,1,0,5,2,3,57,30,27
BANDERA COUNTY,19,49 Years,365,179,186,295,144,151,1,1,0,4,3,1,65,31,34
BANDERA COUNTY,19,50 Years,358,172,186,292,137,155,2,1,1,7,5,2,57,29,28
BANDERA COUNTY,19,51 Years,392,175,217,319,146,173,1,0,1,9,3,6,63,26,37
BANDERA COUNTY,19,52 Years,415,186,229,340,152,188,1,1,0,11,3,8,63,30,33
BANDERA COUNTY,19,53 Years,400,186,214,345,157,188,2,1,1,4,2,2,49,26,23
BANDERA COUNTY,19,54 Years,389,203,186,328,171,157,2,1,1,7,4,3,52,27,25
BANDERA COUNTY,19,55 Years,383,185,198,324,155,169,4,3,1,8,5,3,47,22,25
BANDERA COUNTY,19,56 Years,418,196,222,356,165,191,2,1,1,5,2,3,55,28,27
BANDERA COUNTY,19,57 Years,395,195,200,339,171,168,1,0,1,5,1,4,50,23,27
BANDERA COUNTY,19,58 Years,390,183,207,338,161,177,0,0,0,8,2,6,44,20,24
BANDERA COUNTY,19,59 Years,397,193,204,347,167,180,1,0,1,4,1,3,45,25,20
BANDERA COUNTY,19,60 Years,388,199,189,335,175,160,1,0,1,9,2,7,43,22,21
BANDERA COUNTY,19,61 Years,363,185,178,320,164,156,1,0,1,9,5,4,33,16,17
BANDERA COUNTY,19,62 Years,346,162,184,305,142,163,0,0,0,4,1,3,37,19,18
BANDERA COUNTY,19,63 Years,362,182,180,318,159,159,1,1,0,10,4,6,33,18,15
BANDERA COUNTY,19,64 Years,389,199,190,334,170,164,0,0,0,7,5,2,48,24,24
BANDERA COUNTY,19,65 Years,410,201,209,348,166,182,0,0,0,7,3,4,55,32,23
BANDERA COUNTY,19,66 Years,321,155,166,270,122,148,0,0,0,12,7,5,39,26,13
BANDERA COUNTY,19,67 Years,306,156,150,272,137,135,1,1,0,8,2,6,25,16,9
BANDERA COUNTY,19,68 Years,311,148,163,277,135,142,2,1,1,4,1,3,28,11,17
BANDERA COUNTY,19,69 Years,327,158,169,290,142,148,1,1,0,7,4,3,29,11,18
BANDERA COUNTY,19,70 Years,301,148,153,273,137,136,1,1,0,4,2,2,23,8,15
BANDERA COUNTY,19,71 Years,273,139,134,250,128,122,0,0,0,5,3,2,18,8,10
BANDERA COUNTY,19,72 Years,245,132,113,216,117,99,1,0,1,3,1,2,25,14,11
BANDERA COUNTY,19,73 Years,222,115,107,197,104,93,1,0,1,3,1,2,21,10,11
BANDERA COUNTY,19,74 Years,198,96,102,177,85,92,1,1,0,4,3,1,16,7,9
BANDERA COUNTY,19,75 Years,163,75,88,144,67,77,0,0,0,4,2,2,15,6,9
BANDERA COUNTY,19,76 Years,161,77,84,139,67,72,0,0,0,3,2,1,19,8,11
BANDERA COUNTY,19,77 Years,158,86,72,139,78,61,1,0,1,1,1,0,17,7,10
BANDERA COUNTY,19,78 Years,141,72,69,122,61,61,0,0,0,1,0,1,18,11,7
BANDERA COUNTY,19,79 Years,128,70,58,111,60,51,0,0,0,1,1,0,16,9,7
BANDERA COUNTY,19,80 Years,120,61,59,104,51,53,0,0,0,2,1,1,14,9,5
BANDERA COUNTY,19,81 Years,120,60,60,108,53,55,0,0,0,2,1,1,10,6,4
BANDERA COUNTY,19,82 Years,106,56,50,94,49,45,0,0,0,1,0,1,11,7,4
BANDERA COUNTY,19,83 Years,106,60,46,95,55,40,1,0,1,2,0,2,8,5,3
BANDERA COUNTY,19,84 Years,85,39,46,78,36,42,0,0,0,2,1,1,5,2,3
BANDERA COUNTY,19,85 Years +,428,193,235,399,174,225,0,0,0,3,2,1,26,17,9
BASTROP COUNTY,21,All Ages,77140,39479,37661,43065,21485,21580,5734,3068,2666,2150,1074,1076,26191,13852,12339
BASTROP COUNTY,21,< 1 Year,837,421,416,389,192,197,47,26,21,22,13,9,379,190,189
BASTROP COUNTY,21,1 Years,997,506,491,415,211,204,56,30,26,35,17,18,491,248,243
BASTROP COUNTY,21,2 Years,926,480,446,355,187,168,61,36,25,32,15,17,478,242,236
BASTROP COUNTY,21,3 Years,990,477,513,377,181,196,65,34,31,41,19,22,507,243,264
BASTROP COUNTY,21,4 Years,1036,536,500,393,199,194,69,34,35,46,25,21,528,278,250
BASTROP COUNTY,21,5 Years,1085,578,507,383,220,163,68,33,35,49,29,20,585,296,289
BASTROP COUNTY,21,6 Years,1070,564,506,396,218,178,60,28,32,54,28,26,560,290,270
BASTROP COUNTY,21,7 Years,1095,587,508,434,235,199,59,32,27,40,18,22,562,302,260
BASTROP COUNTY,21,8 Years,1100,553,547,427,227,200,67,28,39,44,22,22,562,276,286
BASTROP COUNTY,21,9 Years,1116,558,558,439,230,209,70,26,44,51,23,28,556,279,277
BASTROP COUNTY,21,10 Years,1142,585,557,471,251,220,61,25,36,49,25,24,561,284,277
BASTROP COUNTY,21,11 Years,1163,596,567,479,251,228,65,31,34,45,20,25,574,294,280
BASTROP COUNTY,21,12 Years,1199,640,559,494,262,232,80,38,42,44,24,20,581,316,265
BASTROP COUNTY,21,13 Years,1233,648,585,526,272,254,81,40,41,39,18,21,587,318,269
BASTROP COUNTY,21,14 Years,1208,610,598,531,260,271,94,45,49,43,18,25,540,287,253
BASTROP COUNTY,21,15 Years,1179,605,574,531,270,261,107,53,54,43,21,22,498,261,237
BASTROP COUNTY,21,16 Years,1179,616,563,547,274,273,91,48,43,34,20,14,507,274,233
BASTROP COUNTY,21,17 Years,1161,599,562,545,279,266,94,50,44,42,24,18,480,246,234
BASTROP COUNTY,21,18 Years,1097,565,532,512,259,253,91,46,45,31,15,16,463,245,218
BASTROP COUNTY,21,19 Years,1088,556,532,515,266,249,74,42,32,30,17,13,469,231,238
BASTROP COUNTY,21,20 Years,1025,538,487,452,236,216,85,54,31,27,11,16,461,237,224
BASTROP COUNTY,21,21 Years,878,482,396,353,194,159,81,47,34,21,12,9,423,229,194
BASTROP COUNTY,21,22 Years,832,447,385,334,168,166,79,49,30,29,12,17,390,218,172
BASTROP COUNTY,21,23 Years,767,436,331,335,170,165,63,39,24,20,13,7,349,214,135
BASTROP COUNTY,21,24 Years,786,428,358,347,167,180,68,37,31,14,10,4,357,214,143
BASTROP COUNTY,21,25 Years,774,428,346,340,177,163,62,32,30,27,14,13,345,205,140
BASTROP COUNTY,21,26 Years,813,444,369,371,198,173,57,36,21,17,8,9,368,202,166
BASTROP COUNTY,21,27 Years,753,396,357,340,161,179,56,37,19,23,15,8,334,183,151
BASTROP COUNTY,21,28 Years,764,395,369,335,168,167,61,33,28,17,11,6,351,183,168
BASTROP COUNTY,21,29 Years,799,420,379,366,193,173,50,30,20,22,13,9,361,184,177
BASTROP COUNTY,21,30 Years,870,444,426,410,202,208,53,32,21,19,10,9,388,200,188
BASTROP COUNTY,21,31 Years,920,485,435,429,217,212,74,47,27,18,9,9,399,212,187
BASTROP COUNTY,21,32 Years,939,501,438,445,233,212,71,49,22,21,11,10,402,208,194
BASTROP COUNTY,21,33 Years,971,503,468,467,219,248,67,45,22,28,15,13,409,224,185
BASTROP COUNTY,21,34 Years,924,505,419,438,222,216,69,46,23,25,13,12,392,224,168
BASTROP COUNTY,21,35 Years,957,506,451,458,231,227,64,43,21,26,12,14,409,220,189
BASTROP COUNTY,21,36 Years,965,504,461,455,221,234,81,52,29,31,16,15,398,215,183
BASTROP COUNTY,21,37 Years,994,524,470,460,233,227,80,56,24,26,14,12,428,221,207
BASTROP COUNTY,21,38 Years,1007,514,493,507,254,253,82,51,31,26,10,16,392,199,193
BASTROP COUNTY,21,39 Years,1006,554,452,515,286,229,90,57,33,23,14,9,378,197,181
BASTROP COUNTY,21,40 Years,1080,584,496,552,285,267,90,58,32,25,16,9,413,225,188
BASTROP COUNTY,21,41 Years,1102,573,529,596,287,309,108,64,44,22,12,10,376,210,166
BASTROP COUNTY,21,42 Years,1123,579,544,597,287,310,102,61,41,29,14,15,395,217,178
BASTROP COUNTY,21,43 Years,1090,551,539,625,307,318,79,42,37,28,9,19,358,193,165
BASTROP COUNTY,21,44 Years,1005,512,493,569,293,276,82,42,40,24,10,14,330,167,163
BASTROP COUNTY,21,45 Years,1012,511,501,576,290,286,93,48,45,30,16,14,313,157,156
BASTROP COUNTY,21,46 Years,1075,555,520,617,307,310,96,50,46,29,14,15,333,184,149
BASTROP COUNTY,21,47 Years,1205,623,582,726,364,362,113,64,49,30,17,13,336,178,158
BASTROP COUNTY,21,48 Years,1189,612,577,744,386,358,109,51,58,31,17,14,305,158,147
BASTROP COUNTY,21,49 Years,1210,643,567,765,389,376,101,59,42,29,19,10,315,176,139
BASTROP COUNTY,21,50 Years,1193,629,564,748,378,370,89,51,38,34,16,18,322,184,138
BASTROP COUNTY,21,51 Years,1218,642,576,784,405,379,100,53,47,39,17,22,295,167,128
BASTROP COUNTY,21,52 Years,1217,628,589,799,396,403,90,49,41,29,12,17,299,171,128
BASTROP COUNTY,21,53 Years,1221,617,604,825,407,418,94,51,43,33,15,18,269,144,125
BASTROP COUNTY,21,54 Years,1206,577,629,833,384,449,86,43,43,27,14,13,260,136,124
BASTROP COUNTY,21,55 Years,1197,611,586,843,422,421,84,44,40,26,11,15,244,134,110
BASTROP COUNTY,21,56 Years,1166,573,593,823,390,433,87,40,47,23,8,15,233,135,98
BASTROP COUNTY,21,57 Years,1122,560,562,813,388,425,75,40,35,25,13,12,209,119,90
BASTROP COUNTY,21,58 Years,1083,539,544,784,379,405,76,39,37,24,8,16,199,113,86
BASTROP COUNTY,21,59 Years,1067,529,538,790,377,413,81,47,34,26,12,14,170,93,77
BASTROP COUNTY,21,60 Years,1055,538,517,793,410,383,68,33,35,31,16,15,163,79,84
BASTROP COUNTY,21,61 Years,1005,506,499,753,380,373,71,32,39,24,13,11,157,81,76
BASTROP COUNTY,21,62 Years,977,519,458,729,377,352,74,45,29,31,18,13,143,79,64
BASTROP COUNTY,21,63 Years,935,468,467,712,343,369,60,35,25,23,12,11,140,78,62
BASTROP COUNTY,21,64 Years,982,473,509,760,369,391,67,30,37,20,9,11,135,65,70
BASTROP COUNTY,21,65 Years,965,483,482,745,382,363,60,27,33,24,10,14,136,64,72
BASTROP COUNTY,21,66 Years,773,400,373,579,303,276,49,21,28,14,6,8,131,70,61
BASTROP COUNTY,21,67 Years,686,350,336,511,258,253,48,25,23,14,6,8,113,61,52
BASTROP COUNTY,21,68 Years,649,325,324,510,249,261,41,20,21,14,7,7,84,49,35
BASTROP COUNTY,21,69 Years,615,291,324,504,243,261,29,11,18,12,4,8,70,33,37
BASTROP COUNTY,21,70 Years,556,273,283,428,209,219,41,17,24,7,1,6,80,46,34
BASTROP COUNTY,21,71 Years,490,242,248,382,189,193,33,17,16,8,3,5,67,33,34
BASTROP COUNTY,21,72 Years,474,227,247,365,177,188,40,22,18,9,5,4,60,23,37
BASTROP COUNTY,21,73 Years,444,217,227,331,159,172,37,21,16,9,4,5,67,33,34
BASTROP COUNTY,21,74 Years,420,203,217,330,162,168,27,12,15,9,4,5,54,25,29
BASTROP COUNTY,21,75 Years,365,179,186,293,144,149,25,9,16,6,4,2,41,22,19
BASTROP COUNTY,21,76 Years,339,153,186,267,121,146,26,9,17,10,6,4,36,17,19
BASTROP COUNTY,21,77 Years,353,157,196,273,122,151,33,12,21,6,3,3,41,20,21
BASTROP COUNTY,21,78 Years,281,131,150,217,103,114,24,13,11,3,1,2,37,14,23
BASTROP COUNTY,21,79 Years,269,125,144,216,106,110,24,9,15,3,1,2,26,9,17
BASTROP COUNTY,21,80 Years,239,106,133,188,88,100,24,9,15,4,1,3,23,8,15
BASTROP COUNTY,21,81 Years,242,115,127,179,88,91,20,9,11,7,4,3,36,14,22
BASTROP COUNTY,21,82 Years,224,104,120,178,80,98,16,7,9,3,2,1,27,15,12
BASTROP COUNTY,21,83 Years,213,92,121,162,73,89,19,7,12,5,3,2,27,9,18
BASTROP COUNTY,21,84 Years,187,79,108,155,67,88,11,4,7,3,2,1,18,6,12
BASTROP COUNTY,21,85 Years +,976,341,635,780,268,512,79,19,60,14,5,9,103,49,54
BAYLOR COUNTY,23,All Ages,3765,1835,1930,3164,1550,1614,78,40,38,54,21,33,469,224,245
BAYLOR COUNTY,23,< 1 Year,40,22,18,32,17,15,2,1,1,1,1,0,5,3,2
BAYLOR COUNTY,23,1 Years,35,20,15,25,13,12,1,1,0,0,0,0,9,6,3
BAYLOR COUNTY,23,2 Years,44,25,19,36,21,15,0,0,0,2,1,1,6,3,3
BAYLOR COUNTY,23,3 Years,45,23,22,31,18,13,1,0,1,2,2,0,11,3,8
BAYLOR COUNTY,23,4 Years,34,23,11,23,15,8,1,1,0,1,1,0,9,6,3
BAYLOR COUNTY,23,5 Years,51,30,21,35,20,15,0,0,0,2,2,0,14,8,6
BAYLOR COUNTY,23,6 Years,53,34,19,37,27,10,1,1,0,2,0,2,13,6,7
BAYLOR COUNTY,23,7 Years,50,24,26,38,18,20,2,2,0,1,1,0,9,3,6
BAYLOR COUNTY,23,8 Years,41,14,27,34,13,21,0,0,0,1,0,1,6,1,5
BAYLOR COUNTY,23,9 Years,39,19,20,29,14,15,1,1,0,1,0,1,8,4,4
BAYLOR COUNTY,23,10 Years,41,22,19,31,16,15,1,1,0,1,1,0,8,4,4
BAYLOR COUNTY,23,11 Years,47,25,22,34,20,14,2,0,2,1,1,0,10,4,6
BAYLOR COUNTY,23,12 Years,46,23,23,34,18,16,1,0,1,1,1,0,10,4,6
BAYLOR COUNTY,23,13 Years,46,21,25,33,15,18,0,0,0,0,0,0,13,6,7
BAYLOR COUNTY,23,14 Years,45,21,24,32,17,15,1,0,1,1,0,1,11,4,7
BAYLOR COUNTY,23,15 Years,41,18,23,25,11,14,1,0,1,1,0,1,14,7,7
BAYLOR COUNTY,23,16 Years,35,18,17,28,15,13,1,0,1,0,0,0,6,3,3
BAYLOR COUNTY,23,17 Years,38,20,18,28,16,12,0,0,0,0,0,0,10,4,6
BAYLOR COUNTY,23,18 Years,37,21,16,31,18,13,0,0,0,0,0,0,6,3,3
BAYLOR COUNTY,23,19 Years,42,23,19,32,18,14,0,0,0,0,0,0,10,5,5
BAYLOR COUNTY,23,20 Years,45,17,28,33,14,19,1,0,1,0,0,0,11,3,8
BAYLOR COUNTY,23,21 Years,41,17,24,30,12,18,1,0,1,0,0,0,10,5,5
BAYLOR COUNTY,23,22 Years,39,18,21,31,13,18,1,0,1,0,0,0,7,5,2
BAYLOR COUNTY,23,23 Years,39,20,19,34,17,17,0,0,0,0,0,0,5,3,2
BAYLOR COUNTY,23,24 Years,33,12,21,28,11,17,0,0,0,0,0,0,5,1,4
BAYLOR COUNTY,23,25 Years,28,12,16,23,11,12,0,0,0,0,0,0,5,1,4
BAYLOR COUNTY,23,26 Years,30,14,16,25,12,13,0,0,0,0,0,0,5,2,3
BAYLOR COUNTY,23,27 Years,43,24,19,37,21,16,1,1,0,0,0,0,5,2,3
BAYLOR COUNTY,23,28 Years,40,21,19,32,17,15,0,0,0,0,0,0,8,4,4
BAYLOR COUNTY,23,29 Years,29,14,15,24,11,13,0,0,0,0,0,0,5,3,2
BAYLOR COUNTY,23,30 Years,30,14,16,27,12,15,0,0,0,0,0,0,3,2,1
BAYLOR COUNTY,23,31 Years,37,19,18,31,18,13,0,0,0,1,0,1,5,1,4
BAYLOR COUNTY,23,32 Years,41,25,16,28,17,11,0,0,0,1,1,0,12,7,5
BAYLOR COUNTY,23,33 Years,37,21,16,26,16,10,0,0,0,1,0,1,10,5,5
BAYLOR COUNTY,23,34 Years,37,21,16,34,20,14,1,0,1,0,0,0,2,1,1
BAYLOR COUNTY,23,35 Years,36,17,19,32,14,18,1,0,1,0,0,0,3,3,0
BAYLOR COUNTY,23,36 Years,35,18,17,29,14,15,0,0,0,0,0,0,6,4,2
BAYLOR COUNTY,23,37 Years,31,15,16,27,13,14,0,0,0,0,0,0,4,2,2
BAYLOR COUNTY,23,38 Years,24,11,13,21,9,12,0,0,0,0,0,0,3,2,1
BAYLOR COUNTY,23,39 Years,34,17,17,28,14,14,2,2,0,0,0,0,4,1,3
BAYLOR COUNTY,23,40 Years,33,18,15,29,15,14,2,2,0,0,0,0,2,1,1
BAYLOR COUNTY,23,41 Years,43,17,26,38,16,22,0,0,0,1,0,1,4,1,3
BAYLOR COUNTY,23,42 Years,39,19,20,34,17,17,0,0,0,0,0,0,5,2,3
BAYLOR COUNTY,23,43 Years,49,26,23,43,22,21,0,0,0,0,0,0,6,4,2
BAYLOR COUNTY,23,44 Years,42,23,19,37,20,17,1,0,1,0,0,0,4,3,1
BAYLOR COUNTY,23,45 Years,38,14,24,32,11,21,1,0,1,0,0,0,5,3,2
BAYLOR COUNTY,23,46 Years,45,16,29,37,13,24,1,0,1,1,0,1,6,3,3
BAYLOR COUNTY,23,47 Years,55,25,30,47,22,25,2,1,1,1,0,1,5,2,3
BAYLOR COUNTY,23,48 Years,59,30,29,51,26,25,3,2,1,0,0,0,5,2,3
BAYLOR COUNTY,23,49 Years,49,28,21,42,22,20,2,2,0,0,0,0,5,4,1
BAYLOR COUNTY,23,50 Years,47,28,19,42,25,17,1,1,0,0,0,0,4,2,2
BAYLOR COUNTY,23,51 Years,55,28,27,48,24,24,1,1,0,0,0,0,6,3,3
BAYLOR COUNTY,23,52 Years,61,37,24,55,34,21,2,1,1,1,1,0,3,1,2
BAYLOR COUNTY,23,53 Years,53,29,24,44,25,19,2,1,1,0,0,0,7,3,4
BAYLOR COUNTY,23,54 Years,65,30,35,56,27,29,2,0,2,2,0,2,5,3,2
BAYLOR COUNTY,23,55 Years,58,25,33,49,22,27,1,1,0,1,0,1,7,2,5
BAYLOR COUNTY,23,56 Years,63,31,32,52,27,25,1,0,1,1,1,0,9,3,6
BAYLOR COUNTY,23,57 Years,54,34,20,43,27,16,1,1,0,1,1,0,9,5,4
BAYLOR COUNTY,23,58 Years,55,28,27,47,25,22,1,1,0,2,0,2,5,2,3
BAYLOR COUNTY,23,59 Years,48,26,22,42,23,19,0,0,0,4,2,2,2,1,1
BAYLOR COUNTY,23,60 Years,52,27,25,46,24,22,1,0,1,2,2,0,3,1,2
BAYLOR COUNTY,23,61 Years,48,21,27,41,19,22,1,0,1,2,0,2,4,2,2
BAYLOR COUNTY,23,62 Years,49,24,25,42,21,21,1,1,0,2,0,2,4,2,2
BAYLOR COUNTY,23,63 Years,47,21,26,42,18,24,1,1,0,2,0,2,2,2,0
BAYLOR COUNTY,23,64 Years,40,16,24,36,14,22,1,1,0,2,0,2,1,1,0
BAYLOR COUNTY,23,65 Years,41,17,24,37,15,22,1,0,1,0,0,0,3,2,1
BAYLOR COUNTY,23,66 Years,53,25,28,48,21,27,0,0,0,1,1,0,4,3,1
BAYLOR COUNTY,23,67 Years,58,25,33,50,21,29,3,1,2,0,0,0,5,3,2
BAYLOR COUNTY,23,68 Years,43,20,23,37,17,20,3,1,2,1,1,0,2,1,1
BAYLOR COUNTY,23,69 Years,62,28,34,58,26,32,0,0,0,1,0,1,3,2,1
BAYLOR COUNTY,23,70 Years,61,31,30,57,30,27,2,1,1,0,0,0,2,0,2
BAYLOR COUNTY,23,71 Years,50,24,26,49,24,25,0,0,0,0,0,0,1,0,1
BAYLOR COUNTY,23,72 Years,47,18,29,44,17,27,2,1,1,0,0,0,1,0,1
BAYLOR COUNTY,23,73 Years,40,16,24,36,14,22,0,0,0,0,0,0,4,2,2
BAYLOR COUNTY,23,74 Years,38,22,16,34,19,15,1,1,0,0,0,0,3,2,1
BAYLOR COUNTY,23,75 Years,42,26,16,37,24,13,1,0,1,1,0,1,3,2,1
BAYLOR COUNTY,23,76 Years,36,17,19,34,16,18,1,0,1,0,0,0,1,1,0
BAYLOR COUNTY,23,77 Years,42,16,26,40,15,25,2,1,1,0,0,0,0,0,0
BAYLOR COUNTY,23,78 Years,44,19,25,40,18,22,2,1,1,0,0,0,2,0,2
BAYLOR COUNTY,23,79 Years,29,14,15,24,12,12,1,1,0,1,0,1,3,1,2
BAYLOR COUNTY,23,80 Years,33,12,21,29,10,19,2,1,1,0,0,0,2,1,1
BAYLOR COUNTY,23,81 Years,27,9,18,24,8,16,2,1,1,0,0,0,1,0,1
BAYLOR COUNTY,23,82 Years,24,11,13,22,10,12,1,1,0,1,0,1,0,0,0
BAYLOR COUNTY,23,83 Years,19,10,9,18,9,9,1,1,0,0,0,0,0,0,0
BAYLOR COUNTY,23,84 Years,13,6,7,12,6,6,0,0,0,0,0,0,1,0,1
BAYLOR COUNTY,23,85 Years +,157,55,102,151,53,98,0,0,0,2,0,2,4,2,2
BEE COUNTY,25,All Ages,32445,19361,13084,11009,6701,4308,2536,2338,198,488,246,242,18412,10076,8336
BEE COUNTY,25,< 1 Year,369,187,182,91,41,50,5,3,2,3,1,2,270,142,128
BEE COUNTY,25,1 Years,356,178,178,88,44,44,4,2,2,7,3,4,257,129,128
BEE COUNTY,25,2 Years,362,170,192,79,33,46,8,5,3,9,3,6,266,129,137
BEE COUNTY,25,3 Years,371,180,191,77,36,41,9,7,2,10,6,4,275,131,144
BEE COUNTY,25,4 Years,373,184,189,75,40,35,10,7,3,11,4,7,277,133,144
BEE COUNTY,25,5 Years,413,203,210,93,49,44,5,3,2,7,3,4,308,148,160
BEE COUNTY,25,6 Years,412,221,191,89,48,41,3,2,1,11,6,5,309,165,144
BEE COUNTY,25,7 Years,396,200,196,91,52,39,6,4,2,8,6,2,291,138,153
BEE COUNTY,25,8 Years,389,195,194,82,42,40,3,1,2,7,5,2,297,147,150
BEE COUNTY,25,9 Years,393,188,205,84,44,40,6,3,3,10,6,4,293,135,158
BEE COUNTY,25,10 Years,370,196,174,79,46,33,5,2,3,6,3,3,280,145,135
BEE COUNTY,25,11 Years,412,213,199,95,61,34,5,5,0,4,3,1,308,144,164
BEE COUNTY,25,12 Years,421,217,204,86,46,40,6,4,2,10,6,4,319,161,158
BEE COUNTY,25,13 Years,393,198,195,84,41,43,7,4,3,5,3,2,297,150,147
BEE COUNTY,25,14 Years,390,199,191,85,47,38,4,2,2,4,2,2,297,148,149
BEE COUNTY,25,15 Years,368,185,183,76,40,36,7,4,3,5,3,2,280,138,142
BEE COUNTY,25,16 Years,384,199,185,85,42,43,4,2,2,4,2,2,291,153,138
BEE COUNTY,25,17 Years,396,198,198,100,53,47,6,2,4,3,1,2,287,142,145
BEE COUNTY,25,18 Years,440,262,178,102,64,38,24,21,3,5,2,3,309,175,134
BEE COUNTY,25,19 Years,548,355,193,134,88,46,67,63,4,11,5,6,336,199,137
BEE COUNTY,25,20 Years,557,351,206,130,78,52,58,51,7,11,5,6,358,217,141
BEE COUNTY,25,21 Years,590,402,188,143,83,60,78,72,6,9,7,2,360,240,120
BEE COUNTY,25,22 Years,561,377,184,138,86,52,74,67,7,7,5,2,342,219,123
BEE COUNTY,25,23 Years,541,380,161,141,94,47,80,75,5,6,3,3,314,208,106
BEE COUNTY,25,24 Years,501,361,140,139,104,35,63,61,2,9,6,3,290,190,100
BEE COUNTY,25,25 Years,502,354,148,139,101,38,57,56,1,9,5,4,297,192,105
BEE COUNTY,25,26 Years,526,372,154,164,118,46,66,64,2,5,2,3,291,188,103
BEE COUNTY,25,27 Years,544,378,166,157,109,48,71,68,3,6,2,4,310,199,111
BEE COUNTY,25,28 Years,539,373,166,160,117,43,67,65,2,5,1,4,307,190,117
BEE COUNTY,25,29 Years,578,415,163,193,150,43,63,60,3,3,1,2,319,204,115
BEE COUNTY,25,30 Years,518,362,156,160,115,45,54,48,6,6,3,3,298,196,102
BEE COUNTY,25,31 Years,584,426,158,188,143,45,70,68,2,7,4,3,319,211,108
BEE COUNTY,25,32 Years,510,352,158,184,132,52,61,59,2,5,3,2,260,158,102
BEE COUNTY,25,33 Years,465,338,127,149,113,36,69,67,2,4,2,2,243,156,87
BEE COUNTY,25,34 Years,509,373,136,163,123,40,73,71,2,11,5,6,262,174,88
BEE COUNTY,25,35 Years,473,321,152,161,120,41,60,59,1,6,1,5,246,141,105
BEE COUNTY,25,36 Years,471,326,145,153,114,39,59,58,1,3,2,1,256,152,104
BEE COUNTY,25,37 Years,465,324,141,165,121,44,54,53,1,6,4,2,240,146,94
BEE COUNTY,25,38 Years,469,325,144,163,120,43,53,52,1,8,5,3,245,148,97
BEE COUNTY,25,39 Years,469,326,143,160,117,43,64,63,1,9,5,4,236,141,95
BEE COUNTY,25,40 Years,514,366,148,171,125,46,60,60,0,7,4,3,276,177,99
BEE COUNTY,25,41 Years,515,362,153,186,136,50,64,61,3,8,4,4,257,161,96
BEE COUNTY,25,42 Years,466,313,153,163,123,40,64,61,3,11,5,6,228,124,104
BEE COUNTY,25,43 Years,437,307,130,154,109,45,62,59,3,6,4,2,215,135,80
BEE COUNTY,25,44 Years,436,299,137,164,119,45,58,56,2,6,4,2,208,120,88
BEE COUNTY,25,45 Years,463,297,166,167,114,53,72,71,1,9,6,3,215,106,109
BEE COUNTY,25,46 Years,463,315,148,173,119,54,73,71,2,4,2,2,213,123,90
BEE COUNTY,25,47 Years,465,308,157,155,115,40,64,60,4,10,4,6,236,129,107
BEE COUNTY,25,48 Years,479,309,170,173,118,55,50,49,1,9,6,3,247,136,111
BEE COUNTY,25,49 Years,477,305,172,199,139,60,55,51,4,3,2,1,220,113,107
BEE COUNTY,25,50 Years,467,289,178,180,119,61,52,48,4,7,3,4,228,119,109
BEE COUNTY,25,51 Years,463,286,177,197,122,75,37,34,3,11,5,6,218,125,93
BEE COUNTY,25,52 Years,433,259,174,185,112,73,48,43,5,4,2,2,196,102,94
BEE COUNTY,25,53 Years,452,270,182,187,117,70,39,34,5,5,2,3,221,117,104
BEE COUNTY,25,54 Years,444,254,190,200,122,78,28,26,2,5,1,4,211,105,106
BEE COUNTY,25,55 Years,400,237,163,183,105,78,28,25,3,9,4,5,180,103,77
BEE COUNTY,25,56 Years,417,225,192,184,92,92,28,26,2,6,2,4,199,105,94
BEE COUNTY,25,57 Years,401,217,184,165,86,79,29,26,3,7,5,2,200,100,100
BEE COUNTY,25,58 Years,344,179,165,143,73,70,19,17,2,4,3,1,178,86,92
BEE COUNTY,25,59 Years,356,193,163,153,81,72,19,17,2,7,2,5,177,93,84
BEE COUNTY,25,60 Years,330,163,167,140,69,71,14,11,3,5,2,3,171,81,90
BEE COUNTY,25,61 Years,306,141,165,144,74,70,7,6,1,3,2,1,152,59,93
BEE COUNTY,25,62 Years,292,142,150,139,69,70,7,6,1,2,0,2,144,67,77
BEE COUNTY,25,63 Years,297,143,154,125,62,63,7,5,2,4,0,4,161,76,85
BEE COUNTY,25,64 Years,333,172,161,160,88,72,10,6,4,3,1,2,160,77,83
BEE COUNTY,25,65 Years,277,134,143,139,71,68,6,3,3,6,4,2,126,56,70
BEE COUNTY,25,66 Years,232,122,110,109,60,49,3,0,3,5,4,1,115,58,57
BEE COUNTY,25,67 Years,234,117,117,114,54,60,5,2,3,4,2,2,111,59,52
BEE COUNTY,25,68 Years,218,108,110,110,58,52,5,3,2,4,1,3,99,46,53
BEE COUNTY,25,69 Years,227,103,124,124,61,63,3,1,2,2,1,1,98,40,58
BEE COUNTY,25,70 Years,183,83,100,100,50,50,5,2,3,2,1,1,76,30,46
BEE COUNTY,25,71 Years,182,90,92,87,45,42,8,3,5,4,3,1,83,39,44
BEE COUNTY,25,72 Years,182,82,100,91,43,48,2,1,1,2,1,1,87,37,50
BEE COUNTY,25,73 Years,158,77,81,88,45,43,0,0,0,1,0,1,69,32,37
BEE COUNTY,25,74 Years,152,74,78,74,37,37,3,2,1,3,1,2,72,34,38
BEE COUNTY,25,75 Years,139,64,75,73,35,38,5,2,3,3,2,1,58,25,33
BEE COUNTY,25,76 Years,143,61,82,65,28,37,3,2,1,2,2,0,73,29,44
BEE COUNTY,25,77 Years,139,61,78,70,31,39,3,3,0,1,0,1,65,27,38
BEE COUNTY,25,78 Years,126,62,64,63,26,37,1,1,0,1,0,1,61,35,26
BEE COUNTY,25,79 Years,118,46,72,55,19,36,0,0,0,2,1,1,61,26,35
BEE COUNTY,25,80 Years,111,39,72,55,20,35,1,1,0,2,1,1,53,17,36
BEE COUNTY,25,81 Years,107,37,70,59,25,34,0,0,0,1,0,1,47,12,35
BEE COUNTY,25,82 Years,106,40,66,65,26,39,0,0,0,1,0,1,40,14,26
BEE COUNTY,25,83 Years,98,36,62,50,18,32,0,0,0,1,0,1,47,18,29
BEE COUNTY,25,84 Years,76,32,44,41,20,21,1,0,1,2,0,2,32,12,20
BEE COUNTY,25,85 Years +,459,178,281,262,106,156,0,0,0,9,3,6,188,69,119
BELL COUNTY,27,All Ages,322817,159719,163098,161304,80364,80940,65706,32682,33024,24380,10887,13493,71427,35786,35641
BELL COUNTY,27,< 1 Year,6175,3096,3079,2913,1435,1478,1206,605,601,522,257,265,1534,799,735
BELL COUNTY,27,1 Years,6366,3236,3130,2797,1415,1382,1262,644,618,581,296,285,1726,881,845
BELL COUNTY,27,2 Years,5846,3018,2828,2429,1293,1136,1154,595,559,564,287,277,1699,843,856
BELL COUNTY,27,3 Years,5860,2980,2880,2279,1196,1083,1134,572,562,691,338,353,1756,874,882
BELL COUNTY,27,4 Years,5871,2971,2900,2343,1188,1155,1160,591,569,653,325,328,1715,867,848
BELL COUNTY,27,5 Years,5691,2889,2802,2172,1129,1043,1180,606,574,594,293,301,1745,861,884
BELL COUNTY,27,6 Years,5467,2779,2688,2080,1048,1032,1182,607,575,539,268,271,1666,856,810
BELL COUNTY,27,7 Years,5230,2651,2579,2010,1032,978,1130,560,570,550,280,270,1540,779,761
BELL COUNTY,27,8 Years,5055,2600,2455,1984,1028,956,1040,520,520,519,259,260,1512,793,719
BELL COUNTY,27,9 Years,4854,2474,2380,1878,942,936,1074,542,532,474,243,231,1428,747,681
BELL COUNTY,27,10 Years,4889,2491,2398,1893,954,939,1120,563,557,457,230,227,1419,744,675
BELL COUNTY,27,11 Years,4811,2425,2386,1868,954,914,1122,558,564,435,220,215,1386,693,693
BELL COUNTY,27,12 Years,4770,2417,2353,1829,935,894,1127,557,570,425,225,200,1389,700,689
BELL COUNTY,27,13 Years,4546,2341,2205,1714,879,835,1109,554,555,397,197,200,1326,711,615
BELL COUNTY,27,14 Years,4475,2312,2163,1695,891,804,1113,601,512,376,172,204,1291,648,643
BELL COUNTY,27,15 Years,4282,2198,2084,1675,868,807,1043,556,487,372,186,186,1192,588,604
BELL COUNTY,27,16 Years,4303,2223,2080,1654,852,802,1063,555,508,384,193,191,1202,623,579
BELL COUNTY,27,17 Years,4343,2200,2143,1678,862,816,1105,537,568,362,186,176,1198,615,583
BELL COUNTY,27,18 Years,4397,2215,2182,1690,836,854,1188,606,582,353,176,177,1166,597,569
BELL COUNTY,27,19 Years,4354,2231,2123,1739,896,843,1150,591,559,329,169,160,1136,575,561
BELL COUNTY,27,20 Years,4321,2188,2133,1831,917,914,1055,557,498,350,169,181,1085,545,540
BELL COUNTY,27,21 Years,4956,2596,2360,2349,1258,1091,1019,524,495,367,197,170,1221,617,604
BELL COUNTY,27,22 Years,5537,2871,2666,2713,1429,1284,1067,544,523,395,197,198,1362,701,661
BELL COUNTY,27,23 Years,5971,3110,2861,3054,1615,1439,1098,558,540,417,186,231,1402,751,651
BELL COUNTY,27,24 Years,6624,3405,3219,3478,1815,1663,1186,596,590,462,212,250,1498,782,716
BELL COUNTY,27,25 Years,6825,3564,3261,3603,1951,1652,1204,606,598,503,226,277,1515,781,734
BELL COUNTY,27,26 Years,6810,3563,3247,3529,1924,1605,1274,629,645,534,245,289,1473,765,708
BELL COUNTY,27,27 Years,6744,3546,3198,3451,1899,1552,1286,643,643,489,231,258,1518,773,745
BELL COUNTY,27,28 Years,6109,3131,2978,3095,1643,1452,1232,613,619,407,209,198,1375,666,709
BELL COUNTY,27,29 Years,5915,3012,2903,2908,1522,1386,1189,590,599,434,214,220,1384,686,698
BELL COUNTY,27,30 Years,5614,2811,2803,2705,1402,1303,1161,571,590,420,185,235,1328,653,675
BELL COUNTY,27,31 Years,5344,2664,2680,2548,1315,1233,1109,540,569,414,179,235,1273,630,643
BELL COUNTY,27,32 Years,5287,2699,2588,2470,1303,1167,1153,583,570,412,164,248,1252,649,603
BELL COUNTY,27,33 Years,4793,2412,2381,2267,1183,1084,1059,519,540,346,146,200,1121,564,557
BELL COUNTY,27,34 Years,4499,2201,2298,2099,1074,1025,962,458,504,377,163,214,1061,506,555
BELL COUNTY,27,35 Years,4258,2121,2137,1978,1008,970,925,446,479,341,154,187,1014,513,501
BELL COUNTY,27,36 Years,4069,1991,2078,1890,944,946,868,407,461,330,159,171,981,481,500
BELL COUNTY,27,37 Years,4098,1975,2123,1895,929,966,893,423,470,322,141,181,988,482,506
BELL COUNTY,27,38 Years,3910,1898,2012,1856,918,938,879,431,448,303,138,165,872,411,461
BELL COUNTY,27,39 Years,3968,1906,2062,1908,917,991,888,445,443,321,137,184,851,407,444
BELL COUNTY,27,40 Years,4093,2026,2067,2037,1026,1011,915,464,451,284,122,162,857,414,443
BELL COUNTY,27,41 Years,4092,1965,2127,2061,1018,1043,945,451,494,265,114,151,821,382,439
BELL COUNTY,27,42 Years,4004,1904,2100,2015,961,1054,949,467,482,258,109,149,782,367,415
BELL COUNTY,27,43 Years,3743,1788,1955,1856,871,985,904,445,459,243,110,133,740,362,378
BELL COUNTY,27,44 Years,3657,1745,1912,1778,856,922,867,422,445,245,96,149,767,371,396
BELL COUNTY,27,45 Years,3577,1776,1801,1812,914,898,862,421,441,209,82,127,694,359,335
BELL COUNTY,27,46 Years,3642,1804,1838,1864,924,940,889,450,439,213,90,123,676,340,336
BELL COUNTY,27,47 Years,3886,1914,1972,2000,1007,993,927,447,480,241,97,144,718,363,355
BELL COUNTY,27,48 Years,3930,1872,2058,2078,1011,1067,902,427,475,241,86,155,709,348,361
BELL COUNTY,27,49 Years,3867,1850,2017,2062,978,1084,898,442,456,211,81,130,696,349,347
BELL COUNTY,27,50 Years,3778,1795,1983,1993,950,1043,925,431,494,229,88,141,631,326,305
BELL COUNTY,27,51 Years,3705,1710,1995,2001,923,1078,889,409,480,209,82,127,606,296,310
BELL COUNTY,27,52 Years,3853,1882,1971,2110,1040,1070,872,432,440,222,87,135,649,323,326
BELL COUNTY,27,53 Years,3574,1721,1853,1956,938,1018,806,407,399,199,77,122,613,299,314
BELL COUNTY,27,54 Years,3570,1738,1832,1992,980,1012,738,387,351,226,72,154,614,299,315
BELL COUNTY,27,55 Years,3522,1696,1826,1977,946,1031,738,391,347,233,74,159,574,285,289
BELL COUNTY,27,56 Years,3339,1550,1789,1925,897,1028,684,331,353,198,62,136,532,260,272
BELL COUNTY,27,57 Years,3286,1578,1708,1920,926,994,611,309,302,226,75,151,529,268,261
BELL COUNTY,27,58 Years,3079,1461,1618,1869,857,1012,555,302,253,204,73,131,451,229,222
BELL COUNTY,27,59 Years,2843,1374,1469,1750,855,895,501,259,242,202,60,142,390,200,190
BELL COUNTY,27,60 Years,2650,1242,1408,1644,811,833,443,201,242,176,50,126,387,180,207
BELL COUNTY,27,61 Years,2653,1251,1402,1667,819,848,427,202,225,175,50,125,384,180,204
BELL COUNTY,27,62 Years,2655,1246,1409,1740,848,892,397,184,213,185,46,139,333,168,165
BELL COUNTY,27,63 Years,2598,1245,1353,1740,856,884,360,175,185,174,52,122,324,162,162
BELL COUNTY,27,64 Years,2521,1179,1342,1720,805,915,332,176,156,168,54,114,301,144,157
BELL COUNTY,27,65 Years,2535,1212,1323,1803,884,919,297,154,143,145,42,103,290,132,158
BELL COUNTY,27,66 Years,2020,950,1070,1380,672,708,258,120,138,127,38,89,255,120,135
BELL COUNTY,27,67 Years,1853,869,984,1277,614,663,219,107,112,113,35,78,244,113,131
BELL COUNTY,27,68 Years,1797,842,955,1269,608,661,210,101,109,99,32,67,219,101,118
BELL COUNTY,27,69 Years,1711,804,907,1220,597,623,218,99,119,97,32,65,176,76,100
BELL COUNTY,27,70 Years,1623,760,863,1150,549,601,199,101,98,88,30,58,186,80,106
BELL COUNTY,27,71 Years,1544,713,831,1106,517,589,195,88,107,85,30,55,158,78,80
BELL COUNTY,27,72 Years,1394,632,762,994,461,533,174,75,99,77,27,50,149,69,80
BELL COUNTY,27,73 Years,1255,587,668,915,428,487,153,74,79,59,17,42,128,68,60
BELL COUNTY,27,74 Years,1221,549,672,921,426,495,129,56,73,52,16,36,119,51,68
BELL COUNTY,27,75 Years,1160,507,653,876,395,481,119,47,72,50,17,33,115,48,67
BELL COUNTY,27,76 Years,1069,469,600,790,354,436,111,52,59,47,15,32,121,48,73
BELL COUNTY,27,77 Years,1018,449,569,751,334,417,112,55,57,48,15,33,107,45,62
BELL COUNTY,27,78 Years,971,440,531,727,332,395,104,47,57,41,14,27,99,47,52
BELL COUNTY,27,79 Years,945,412,533,706,323,383,104,41,63,44,11,33,91,37,54
BELL COUNTY,27,80 Years,866,379,487,655,298,357,90,35,55,44,12,32,77,34,43
BELL COUNTY,27,81 Years,783,354,429,610,281,329,77,32,45,32,11,21,64,30,34
BELL COUNTY,27,82 Years,784,325,459,603,253,350,71,34,37,39,10,29,71,28,43
BELL COUNTY,27,83 Years,713,279,434,562,217,345,62,28,34,27,7,20,62,27,35
BELL COUNTY,27,84 Years,611,248,363,492,198,294,42,17,25,18,7,11,59,26,33
BELL COUNTY,27,85 Years +,3590,1216,2374,2983,1007,1976,257,84,173,91,28,63,259,97,162
BEXAR COUNTY,29,All Ages,1784731,875870,908861,526474,261573,264901,123153,61320,61833,76027,35845,40182,1059077,517132,541945
BEXAR COUNTY,29,< 1 Year,26114,13313,12801,6207,3202,3005,1618,829,789,1291,648,643,16998,8634,8364
BEXAR COUNTY,29,1 Years,27913,14201,13712,6447,3282,3165,1900,968,932,1190,604,586,18376,9347,9029
BEXAR COUNTY,29,2 Years,26354,13451,12903,5397,2745,2652,1619,813,806,1118,590,528,18220,9303,8917
BEXAR COUNTY,29,3 Years,25897,13299,12598,4941,2533,2408,1572,799,773,1238,648,590,18146,9319,8827
BEXAR COUNTY,29,4 Years,26515,13567,12948,5066,2609,2457,1643,837,806,1244,621,623,18562,9500,9062
BEXAR COUNTY,29,5 Years,26624,13582,13042,5134,2601,2533,1636,824,812,1264,642,622,18590,9515,9075
BEXAR COUNTY,29,6 Years,26509,13476,13033,5217,2630,2587,1616,812,804,1322,670,652,18354,9364,8990
BEXAR COUNTY,29,7 Years,26354,13332,13022,5231,2675,2556,1578,784,794,1277,638,639,18268,9235,9033
BEXAR COUNTY,29,8 Years,26466,13307,13159,5292,2657,2635,1617,815,802,1228,618,610,18329,9217,9112
BEXAR COUNTY,29,9 Years,26556,13384,13172,5307,2743,2564,1666,843,823,1215,622,593,18368,9176,9192
BEXAR COUNTY,29,10 Years,26355,13476,12879,5198,2698,2500,1795,925,870,1170,589,581,18192,9264,8928
BEXAR COUNTY,29,11 Years,26802,13635,13167,5246,2710,2536,1824,957,867,1151,573,578,18581,9395,9186
BEXAR COUNTY,29,12 Years,27035,13797,13238,5323,2707,2616,1784,925,859,1090,534,556,18838,9631,9207
BEXAR COUNTY,29,13 Years,26692,13686,13006,5364,2734,2630,1739,893,846,1140,565,575,18449,9494,8955
BEXAR COUNTY,29,14 Years,26111,13288,12823,5311,2714,2597,1755,900,855,1099,552,547,17946,9122,8824
BEXAR COUNTY,29,15 Years,26182,13373,12809,5404,2751,2653,1856,963,893,1089,558,531,17833,9101,8732
BEXAR COUNTY,29,16 Years,25761,13181,12580,5350,2748,2602,1823,984,839,1097,542,555,17491,8907,8584
BEXAR COUNTY,29,17 Years,26715,13858,12857,5880,3111,2769,1960,1079,881,1160,582,578,17715,9086,8629
BEXAR COUNTY,29,18 Years,27870,14470,13400,6226,3318,2908,2240,1178,1062,1235,636,599,18169,9338,8831
BEXAR COUNTY,29,19 Years,29039,15115,13924,6701,3624,3077,2415,1250,1165,1296,698,598,18627,9543,9084
BEXAR COUNTY,29,20 Years,27622,14292,13330,6164,3263,2901,2307,1169,1138,1286,672,614,17865,9188,8677
BEXAR COUNTY,29,21 Years,28314,14826,13488,7136,3969,3167,2363,1235,1128,1408,708,700,17407,8914,8493
BEXAR COUNTY,29,22 Years,27922,14469,13453,7316,4040,3276,2202,1169,1033,1345,697,648,17059,8563,8496
BEXAR COUNTY,29,23 Years,27126,13893,13233,7382,3997,3385,2044,1061,983,1283,653,630,16417,8182,8235
BEXAR COUNTY,29,24 Years,27082,14051,13031,7735,4164,3571,1908,1043,865,1277,647,630,16162,8197,7965
BEXAR COUNTY,29,25 Years,27228,13946,13282,7811,4166,3645,1848,985,863,1301,678,623,16268,8117,8151
BEXAR COUNTY,29,26 Years,27425,13920,13505,7783,4094,3689,1856,962,894,1367,675,692,16419,8189,8230
BEXAR COUNTY,29,27 Years,27861,14032,13829,8049,4189,3860,1856,979,877,1385,687,698,16571,8177,8394
BEXAR COUNTY,29,28 Years,26705,13257,13448,7292,3677,3615,1828,929,899,1355,662,693,16230,7989,8241
BEXAR COUNTY,29,29 Years,26628,13315,13313,7431,3772,3659,1761,911,850,1327,631,696,16109,8001,8108
BEXAR COUNTY,29,30 Years,26352,13027,13325,7343,3666,3677,1740,875,865,1291,618,673,15978,7868,8110
BEXAR COUNTY,29,31 Years,26431,13022,13409,7345,3691,3654,1735,883,852,1275,590,685,16076,7858,8218
BEXAR COUNTY,29,32 Years,26577,13274,13303,7374,3771,3603,1756,910,846,1280,629,651,16167,7964,8203
BEXAR COUNTY,29,33 Years,25086,12577,12509,6949,3639,3310,1702,854,848,1252,609,643,15183,7475,7708
BEXAR COUNTY,29,34 Years,24232,12108,12124,6623,3441,3182,1621,817,804,1252,598,654,14736,7252,7484
BEXAR COUNTY,29,35 Years,23558,11587,11971,6326,3170,3156,1530,760,770,1194,568,626,14508,7089,7419
BEXAR COUNTY,29,36 Years,23615,11597,12018,6296,3163,3133,1509,766,743,1191,578,613,14619,7090,7529
BEXAR COUNTY,29,37 Years,23447,11496,11951,6263,3169,3094,1497,727,770,1228,600,628,14459,7000,7459
BEXAR COUNTY,29,38 Years,23094,11254,11840,6104,3083,3021,1525,754,771,1214,567,647,14251,6850,7401
BEXAR COUNTY,29,39 Years,23702,11569,12133,6424,3286,3138,1517,736,781,1157,519,638,14604,7028,7576
BEXAR COUNTY,29,40 Years,24381,11847,12534,6799,3474,3325,1607,779,828,1155,520,635,14820,7074,7746
BEXAR COUNTY,29,41 Years,24967,12144,12823,7291,3663,3628,1708,856,852,1162,548,614,14806,7077,7729
BEXAR COUNTY,29,42 Years,24504,12038,12466,7268,3690,3578,1715,866,849,1108,508,600,14413,6974,7439
BEXAR COUNTY,29,43 Years,23334,11418,11916,6908,3535,3373,1607,805,802,1055,474,581,13764,6604,7160
BEXAR COUNTY,29,44 Years,22372,10913,11459,6624,3391,3233,1648,827,821,982,427,555,13118,6268,6850
BEXAR COUNTY,29,45 Years,22054,10876,11178,6760,3432,3328,1658,842,816,914,416,498,12722,6186,6536
BEXAR COUNTY,29,46 Years,22445,11082,11363,6925,3498,3427,1738,880,858,954,435,519,12828,6269,6559
BEXAR COUNTY,29,47 Years,23694,11602,12092,7406,3669,3737,1892,948,944,973,438,535,13423,6547,6876
BEXAR COUNTY,29,48 Years,24029,11820,12209,7896,3930,3966,1853,913,940,982,463,519,13298,6514,6784
BEXAR COUNTY,29,49 Years,24144,11875,12269,8058,4035,4023,1866,937,929,1023,485,538,13197,6418,6779
BEXAR COUNTY,29,50 Years,23662,11501,12161,8201,4114,4087,1810,879,931,923,401,522,12728,6107,6621
BEXAR COUNTY,29,51 Years,23582,11422,12160,8249,4073,4176,1858,906,952,885,375,510,12590,6068,6522
BEXAR COUNTY,29,52 Years,23115,11233,11882,8081,3977,4104,1855,938,917,844,378,466,12335,5940,6395
BEXAR COUNTY,29,53 Years,22294,10900,11394,7956,3971,3985,1777,893,884,854,360,494,11707,5676,6031
BEXAR COUNTY,29,54 Years,22044,10705,11339,8125,4011,4114,1706,835,871,841,372,469,11372,5487,5885
BEXAR COUNTY,29,55 Years,21423,10218,11205,7877,3771,4106,1667,817,850,788,325,463,11091,5305,5786
BEXAR COUNTY,29,56 Years,20953,9980,10973,7847,3754,4093,1598,785,813,745,321,424,10763,5120,5643
BEXAR COUNTY,29,57 Years,20395,9513,10882,7754,3652,4102,1551,717,834,717,294,423,10373,4850,5523
BEXAR COUNTY,29,58 Years,19522,9004,10518,7495,3504,3991,1457,689,768,683,242,441,9887,4569,5318
BEXAR COUNTY,29,59 Years,19201,9003,10198,7655,3698,3957,1424,694,730,645,252,393,9477,4359,5118
BEXAR COUNTY,29,60 Years,18164,8570,9594,7256,3499,3757,1304,653,651,608,233,375,8996,4185,4811
BEXAR COUNTY,29,61 Years,17411,8064,9347,6947,3295,3652,1189,560,629,616,240,376,8659,3969,4690
BEXAR COUNTY,29,62 Years,17269,7953,9316,7029,3377,3652,1108,524,584,588,237,351,8544,3815,4729
BEXAR COUNTY,29,63 Years,16737,7831,8906,6886,3347,3539,1091,545,546,583,232,351,8177,3707,4470
BEXAR COUNTY,29,64 Years,16409,7654,8755,7015,3405,3610,1042,500,542,564,211,353,7788,3538,4250
BEXAR COUNTY,29,65 Years,15982,7398,8584,7111,3459,3652,948,439,509,492,185,307,7431,3315,4116
BEXAR COUNTY,29,66 Years,13156,6021,7135,5597,2725,2872,810,353,457,413,154,259,6336,2789,3547
BEXAR COUNTY,29,67 Years,12225,5639,6586,5233,2537,2696,754,342,412,400,154,246,5838,2606,3232
BEXAR COUNTY,29,68 Years,11830,5445,6385,5238,2498,2740,716,319,397,373,145,228,5503,2483,3020
BEXAR COUNTY,29,69 Years,11326,5212,6114,4978,2414,2564,708,316,392,321,128,193,5319,2354,2965
BEXAR COUNTY,29,70 Years,10229,4664,5565,4473,2154,2319,656,284,372,308,114,194,4792,2112,2680
BEXAR COUNTY,29,71 Years,9334,4209,5125,4128,1973,2155,601,254,347,280,111,169,4325,1871,2454
BEXAR COUNTY,29,72 Years,8790,3900,4890,3831,1783,2048,584,238,346,263,104,159,4112,1775,2337
BEXAR COUNTY,29,73 Years,8271,3641,4630,3717,1688,2029,494,218,276,244,88,156,3816,1647,2169
BEXAR COUNTY,29,74 Years,7920,3469,4451,3569,1633,1936,487,214,273,223,87,136,3641,1535,2106
BEXAR COUNTY,29,75 Years,7387,3206,4181,3274,1500,1774,461,197,264,190,79,111,3462,1430,2032
BEXAR COUNTY,29,76 Years,7123,3023,4100,3210,1421,1789,405,177,228,205,81,124,3303,1344,1959
BEXAR COUNTY,29,77 Years,6868,2920,3948,3132,1384,1748,448,191,257,177,69,108,3111,1276,1835
BEXAR COUNTY,29,78 Years,6336,2729,3607,2904,1354,1550,431,185,246,172,50,122,2829,1140,1689
BEXAR COUNTY,29,79 Years,6008,2524,3484,2852,1285,1567,397,166,231,185,50,135,2574,1023,1551
BEXAR COUNTY,29,80 Years,5828,2462,3366,2776,1268,1508,378,159,219,138,43,95,2536,992,1544
BEXAR COUNTY,29,81 Years,5534,2288,3246,2747,1232,1515,340,143,197,135,41,94,2312,872,1440
BEXAR COUNTY,29,82 Years,5231,2104,3127,2465,1093,1372,305,104,201,123,42,81,2338,865,1473
BEXAR COUNTY,29,83 Years,4667,1808,2859,2248,936,1312,241,85,156,98,35,63,2080,752,1328
BEXAR COUNTY,29,84 Years,4249,1574,2675,2071,794,1277,233,82,151,81,28,53,1864,670,1194
BEXAR COUNTY,29,85 Years +,24461,8165,16296,13224,4475,8749,1266,363,903,432,154,278,9539,3173,6366
BLANCO COUNTY,31,All Ages,10805,5469,5336,8527,4246,4281,64,44,20,193,88,105,2021,1091,930
BLANCO COUNTY,31,< 1 Year,95,48,47,68,35,33,0,0,0,2,1,1,25,12,13
BLANCO COUNTY,31,1 Years,99,50,49,63,32,31,0,0,0,2,1,1,34,17,17
BLANCO COUNTY,31,2 Years,102,62,40,64,38,26,0,0,0,2,0,2,36,24,12
BLANCO COUNTY,31,3 Years,97,55,42,63,35,28,0,0,0,1,0,1,33,20,13
BLANCO COUNTY,31,4 Years,112,49,63,70,35,35,0,0,0,3,0,3,39,14,25
BLANCO COUNTY,31,5 Years,120,57,63,75,36,39,0,0,0,2,0,2,43,21,22
BLANCO COUNTY,31,6 Years,120,59,61,75,34,41,0,0,0,3,0,3,42,25,17
BLANCO COUNTY,31,7 Years,109,57,52,70,37,33,0,0,0,2,0,2,37,20,17
BLANCO COUNTY,31,8 Years,131,75,56,80,45,35,0,0,0,2,0,2,49,30,19
BLANCO COUNTY,31,9 Years,133,76,57,90,53,37,0,0,0,1,1,0,42,22,20
BLANCO COUNTY,31,10 Years,129,73,56,93,56,37,0,0,0,2,0,2,34,17,17
BLANCO COUNTY,31,11 Years,129,70,59,88,46,42,2,0,2,2,0,2,37,24,13
BLANCO COUNTY,31,12 Years,152,82,70,100,50,50,1,0,1,3,0,3,48,32,16
BLANCO COUNTY,31,13 Years,137,81,56,93,54,39,2,2,0,4,2,2,38,23,15
BLANCO COUNTY,31,14 Years,151,90,61,108,66,42,1,1,0,6,2,4,36,21,15
BLANCO COUNTY,31,15 Years,150,81,69,116,61,55,1,1,0,2,2,0,31,17,14
BLANCO COUNTY,31,16 Years,140,62,78,105,45,60,1,1,0,2,1,1,32,15,17
BLANCO COUNTY,31,17 Years,139,64,75,102,47,55,1,0,1,4,1,3,32,16,16
BLANCO COUNTY,31,18 Years,136,68,68,104,53,51,1,0,1,1,0,1,30,15,15
BLANCO COUNTY,31,19 Years,144,87,57,101,61,40,8,7,1,2,2,0,33,17,16
BLANCO COUNTY,31,20 Years,118,67,51,79,47,32,3,3,0,3,2,1,33,15,18
BLANCO COUNTY,31,21 Years,90,52,38,58,34,24,1,1,0,2,1,1,29,16,13
BLANCO COUNTY,31,22 Years,78,47,31,46,24,22,1,1,0,2,1,1,29,21,8
BLANCO COUNTY,31,23 Years,76,37,39,36,18,18,0,0,0,5,3,2,35,16,19
BLANCO COUNTY,31,24 Years,92,43,49,53,23,30,0,0,0,5,4,1,34,16,18
BLANCO COUNTY,31,25 Years,89,50,39,60,31,29,0,0,0,1,1,0,28,18,10
BLANCO COUNTY,31,26 Years,93,46,47,56,28,28,1,1,0,4,3,1,32,14,18
BLANCO COUNTY,31,27 Years,90,47,43,47,22,25,0,0,0,7,3,4,36,22,14
BLANCO COUNTY,31,28 Years,83,51,32,53,32,21,0,0,0,3,1,2,27,18,9
BLANCO COUNTY,31,29 Years,78,51,27,48,33,15,0,0,0,2,1,1,28,17,11
BLANCO COUNTY,31,30 Years,95,46,49,61,34,27,0,0,0,3,1,2,31,11,20
BLANCO COUNTY,31,31 Years,92,48,44,64,37,27,0,0,0,0,0,0,28,11,17
BLANCO COUNTY,31,32 Years,93,48,45,63,30,33,0,0,0,1,1,0,29,17,12
BLANCO COUNTY,31,33 Years,89,47,42,61,28,33,0,0,0,1,1,0,27,18,9
BLANCO COUNTY,31,34 Years,88,42,46,63,24,39,0,0,0,2,2,0,23,16,7
BLANCO COUNTY,31,35 Years,89,41,48,67,30,37,0,0,0,3,1,2,19,10,9
BLANCO COUNTY,31,36 Years,99,59,40,72,43,29,0,0,0,2,1,1,25,15,10
BLANCO COUNTY,31,37 Years,118,65,53,86,49,37,0,0,0,5,2,3,27,14,13
BLANCO COUNTY,31,38 Years,113,52,61,82,37,45,0,0,0,3,0,3,28,15,13
BLANCO COUNTY,31,39 Years,105,43,62,80,32,48,1,0,1,1,0,1,23,11,12
BLANCO COUNTY,31,40 Years,122,54,68,94,43,51,0,0,0,1,0,1,27,11,16
BLANCO COUNTY,31,41 Years,152,82,70,118,60,58,2,2,0,1,1,0,31,19,12
BLANCO COUNTY,31,42 Years,130,69,61,106,52,54,1,1,0,1,1,0,22,15,7
BLANCO COUNTY,31,43 Years,106,47,59,88,38,50,0,0,0,1,0,1,17,9,8
BLANCO COUNTY,31,44 Years,117,52,65,90,40,50,0,0,0,4,1,3,23,11,12
BLANCO COUNTY,31,45 Years,134,63,71,101,47,54,1,1,0,1,0,1,31,15,16
BLANCO COUNTY,31,46 Years,139,73,66,100,52,48,1,1,0,3,2,1,35,18,17
BLANCO COUNTY,31,47 Years,141,66,75,104,49,55,1,1,0,2,1,1,34,15,19
BLANCO COUNTY,31,48 Years,159,82,77,129,65,64,1,1,0,4,2,2,25,14,11
BLANCO COUNTY,31,49 Years,165,82,83,137,70,67,0,0,0,2,1,1,26,11,15
BLANCO COUNTY,31,50 Years,180,102,78,145,84,61,4,3,1,1,1,0,30,14,16
BLANCO COUNTY,31,51 Years,189,98,91,154,76,78,2,2,0,5,1,4,28,19,9
BLANCO COUNTY,31,52 Years,181,81,100,151,66,85,1,0,1,4,2,2,25,13,12
BLANCO COUNTY,31,53 Years,178,85,93,154,71,83,0,0,0,2,1,1,22,13,9
BLANCO COUNTY,31,54 Years,192,93,99,166,84,82,0,0,0,2,0,2,24,9,15
BLANCO COUNTY,31,55 Years,194,93,101,172,83,89,1,0,1,1,0,1,20,10,10
BLANCO COUNTY,31,56 Years,191,93,98,160,76,84,2,1,1,3,2,1,26,14,12
BLANCO COUNTY,31,57 Years,223,114,109,190,95,95,4,3,1,9,4,5,20,12,8
BLANCO COUNTY,31,58 Years,208,116,92,181,100,81,2,2,0,6,3,3,19,11,8
BLANCO COUNTY,31,59 Years,183,95,88,163,82,81,1,1,0,1,1,0,18,11,7
BLANCO COUNTY,31,60 Years,181,87,94,161,76,85,4,3,1,2,1,1,14,7,7
BLANCO COUNTY,31,61 Years,200,92,108,178,80,98,3,2,1,1,0,1,18,10,8
BLANCO COUNTY,31,62 Years,201,103,98,181,90,91,1,0,1,2,0,2,17,13,4
BLANCO COUNTY,31,63 Years,179,80,99,163,71,92,2,1,1,2,1,1,12,7,5
BLANCO COUNTY,31,64 Years,197,95,102,176,84,92,1,0,1,10,8,2,10,3,7
BLANCO COUNTY,31,65 Years,186,88,98,166,76,90,0,0,0,7,5,2,13,7,6
BLANCO COUNTY,31,66 Years,165,81,84,154,76,78,0,0,0,0,0,0,11,5,6
BLANCO COUNTY,31,67 Years,146,71,75,137,67,70,0,0,0,2,1,1,7,3,4
BLANCO COUNTY,31,68 Years,145,76,69,132,68,64,1,0,1,2,2,0,10,6,4
BLANCO COUNTY,31,69 Years,139,69,70,131,65,66,1,1,0,0,0,0,7,3,4
BLANCO COUNTY,31,70 Years,138,71,67,128,66,62,0,0,0,2,1,1,8,4,4
BLANCO COUNTY,31,71 Years,137,67,70,124,60,64,0,0,0,2,1,1,11,6,5
BLANCO COUNTY,31,72 Years,104,52,52,98,48,50,0,0,0,0,0,0,6,4,2
BLANCO COUNTY,31,73 Years,97,51,46,91,50,41,1,0,1,0,0,0,5,1,4
BLANCO COUNTY,31,74 Years,87,50,37,77,44,33,0,0,0,1,0,1,9,6,3
BLANCO COUNTY,31,75 Years,87,44,43,78,41,37,0,0,0,0,0,0,9,3,6
BLANCO COUNTY,31,76 Years,75,37,38,70,33,37,0,0,0,0,0,0,5,4,1
BLANCO COUNTY,31,77 Years,73,29,44,67,26,41,0,0,0,0,0,0,6,3,3
BLANCO COUNTY,31,78 Years,66,31,35,55,25,30,0,0,0,0,0,0,11,6,5
BLANCO COUNTY,31,79 Years,62,35,27,55,30,25,0,0,0,1,1,0,6,4,2
BLANCO COUNTY,31,80 Years,49,26,23,47,25,22,0,0,0,0,0,0,2,1,1
BLANCO COUNTY,31,81 Years,50,25,25,42,22,20,0,0,0,2,1,1,6,2,4
BLANCO COUNTY,31,82 Years,42,22,20,38,20,18,0,0,0,0,0,0,4,2,2
BLANCO COUNTY,31,83 Years,45,21,24,42,20,22,1,0,1,0,0,0,2,1,1
BLANCO COUNTY,31,84 Years,43,16,27,42,16,26,0,0,0,0,0,0,1,0,1
BLANCO COUNTY,31,85 Years +,234,82,152,228,79,149,0,0,0,0,0,0,6,3,3
BORDEN COUNTY,33,All Ages,648,338,310,545,282,263,0,0,0,9,2,7,94,54,40
BORDEN COUNTY,33,< 1 Year,5,4,1,4,3,1,0,0,0,0,0,0,1,1,0
BORDEN COUNTY,33,1 Years,5,3,2,4,2,2,0,0,0,0,0,0,1,1,0
BORDEN COUNTY,33,2 Years,6,3,3,4,2,2,0,0,0,0,0,0,2,1,1
BORDEN COUNTY,33,3 Years,8,5,3,4,3,1,0,0,0,0,0,0,4,2,2
BORDEN COUNTY,33,4 Years,4,2,2,3,2,1,0,0,0,0,0,0,1,0,1
BORDEN COUNTY,33,5 Years,4,4,0,2,2,0,0,0,0,0,0,0,2,2,0
BORDEN COUNTY,33,6 Years,5,3,2,3,2,1,0,0,0,0,0,0,2,1,1
BORDEN COUNTY,33,7 Years,9,5,4,6,3,3,0,0,0,0,0,0,3,2,1
BORDEN COUNTY,33,8 Years,9,3,6,7,2,5,0,0,0,0,0,0,2,1,1
BORDEN COUNTY,33,9 Years,5,2,3,4,1,3,0,0,0,0,0,0,1,1,0
BORDEN COUNTY,33,10 Years,6,2,4,3,1,2,0,0,0,0,0,0,3,1,2
BORDEN COUNTY,33,11 Years,4,2,2,4,2,2,0,0,0,0,0,0,0,0,0
BORDEN COUNTY,33,12 Years,5,2,3,4,2,2,0,0,0,0,0,0,1,0,1
BORDEN COUNTY,33,13 Years,7,2,5,6,1,5,0,0,0,0,0,0,1,1,0
BORDEN COUNTY,33,14 Years,11,6,5,11,6,5,0,0,0,0,0,0,0,0,0
BORDEN COUNTY,33,15 Years,10,8,2,8,6,2,0,0,0,0,0,0,2,2,0
BORDEN COUNTY,33,16 Years,14,7,7,12,6,6,0,0,0,0,0,0,2,1,1
BORDEN COUNTY,33,17 Years,10,6,4,7,4,3,0,0,0,0,0,0,3,2,1
BORDEN COUNTY,33,18 Years,6,3,3,5,3,2,0,0,0,0,0,0,1,0,1
BORDEN COUNTY,33,19 Years,14,9,5,12,7,5,0,0,0,0,0,0,2,2,0
BORDEN COUNTY,33,20 Years,12,9,3,10,7,3,0,0,0,1,1,0,1,1,0
BORDEN COUNTY,33,21 Years,5,4,1,4,3,1,0,0,0,0,0,0,1,1,0
BORDEN COUNTY,33,22 Years,5,2,3,5,2,3,0,0,0,0,0,0,0,0,0
BORDEN COUNTY,33,23 Years,5,2,3,5,2,3,0,0,0,0,0,0,0,0,0
BORDEN COUNTY,33,24 Years,6,4,2,6,4,2,0,0,0,0,0,0,0,0,0
BORDEN COUNTY,33,25 Years,3,2,1,3,2,1,0,0,0,0,0,0,0,0,0
BORDEN COUNTY,33,26 Years,7,3,4,5,3,2,0,0,0,0,0,0,2,0,2
BORDEN COUNTY,33,27 Years,4,1,3,3,1,2,0,0,0,0,0,0,1,0,1
BORDEN COUNTY,33,28 Years,3,1,2,3,1,2,0,0,0,0,0,0,0,0,0
BORDEN COUNTY,33,29 Years,3,1,2,3,1,2,0,0,0,0,0,0,0,0,0
BORDEN COUNTY,33,30 Years,6,2,4,3,1,2,0,0,0,0,0,0,3,1,2
BORDEN COUNTY,33,31 Years,7,5,2,5,4,1,0,0,0,0,0,0,2,1,1
BORDEN COUNTY,33,32 Years,5,4,1,3,3,0,0,0,0,0,0,0,2,1,1
BORDEN COUNTY,33,33 Years,8,4,4,4,2,2,0,0,0,0,0,0,4,2,2
BORDEN COUNTY,33,34 Years,7,4,3,6,3,3,0,0,0,0,0,0,1,1,0
BORDEN COUNTY,33,35 Years,5,1,4,5,1,4,0,0,0,0,0,0,0,0,0
BORDEN COUNTY,33,36 Years,5,3,2,5,3,2,0,0,0,0,0,0,0,0,0
BORDEN COUNTY,33,37 Years,3,2,1,3,2,1,0,0,0,0,0,0,0,0,0
BORDEN COUNTY,33,38 Years,7,3,4,5,1,4,0,0,0,0,0,0,2,2,0
BORDEN COUNTY,33,39 Years,8,6,2,7,5,2,0,0,0,0,0,0,1,1,0
BORDEN COUNTY,33,40 Years,9,7,2,8,6,2,0,0,0,0,0,0,1,1,0
BORDEN COUNTY,33,41 Years,8,3,5,8,3,5,0,0,0,0,0,0,0,0,0
BORDEN COUNTY,33,42 Years,12,7,5,11,7,4,0,0,0,0,0,0,1,0,1
BORDEN COUNTY,33,43 Years,13,8,5,11,7,4,0,0,0,1,0,1,1,1,0
BORDEN COUNTY,33,44 Years,8,3,5,5,3,2,0,0,0,1,0,1,2,0,2
BORDEN COUNTY,33,45 Years,5,2,3,4,2,2,0,0,0,1,0,1,0,0,0
BORDEN COUNTY,33,46 Years,6,3,3,5,3,2,0,0,0,0,0,0,1,0,1
BORDEN COUNTY,33,47 Years,11,3,8,8,3,5,0,0,0,0,0,0,3,0,3
BORDEN COUNTY,33,48 Years,16,7,9,14,6,8,0,0,0,0,0,0,2,1,1
BORDEN COUNTY,33,49 Years,12,5,7,11,5,6,0,0,0,0,0,0,1,0,1
BORDEN COUNTY,33,50 Years,11,3,8,9,3,6,0,0,0,1,0,1,1,0,1
BORDEN COUNTY,33,51 Years,9,4,5,6,3,3,0,0,0,1,0,1,2,1,1
BORDEN COUNTY,33,52 Years,9,6,3,6,4,2,0,0,0,1,0,1,2,2,0
BORDEN COUNTY,33,53 Years,5,2,3,4,1,3,0,0,0,0,0,0,1,1,0
BORDEN COUNTY,33,54 Years,8,4,4,6,2,4,0,0,0,0,0,0,2,2,0
BORDEN COUNTY,33,55 Years,12,5,7,10,4,6,0,0,0,1,0,1,1,1,0
BORDEN COUNTY,33,56 Years,12,7,5,10,5,5,0,0,0,0,0,0,2,2,0
BORDEN COUNTY,33,57 Years,10,5,5,9,5,4,0,0,0,0,0,0,1,0,1
BORDEN COUNTY,33,58 Years,13,6,7,11,4,7,0,0,0,0,0,0,2,2,0
BORDEN COUNTY,33,59 Years,5,3,2,5,3,2,0,0,0,0,0,0,0,0,0
BORDEN COUNTY,33,60 Years,4,4,0,4,4,0,0,0,0,0,0,0,0,0,0
BORDEN COUNTY,33,61 Years,9,4,5,9,4,5,0,0,0,0,0,0,0,0,0
BORDEN COUNTY,33,62 Years,14,7,7,12,6,6,0,0,0,0,0,0,2,1,1
BORDEN COUNTY,33,63 Years,12,7,5,9,6,3,0,0,0,0,0,0,3,1,2
BORDEN COUNTY,33,64 Years,13,9,4,12,8,4,0,0,0,0,0,0,1,1,0
BORDEN COUNTY,33,65 Years,10,7,3,10,7,3,0,0,0,0,0,0,0,0,0
BORDEN COUNTY,33,66 Years,5,2,3,5,2,3,0,0,0,0,0,0,0,0,0
BORDEN COUNTY,33,67 Years,4,1,3,4,1,3,0,0,0,0,0,0,0,0,0
BORDEN COUNTY,33,68 Years,8,5,3,8,5,3,0,0,0,0,0,0,0,0,0
BORDEN COUNTY,33,69 Years,11,5,6,10,4,6,0,0,0,0,0,0,1,1,0
BORDEN COUNTY,33,70 Years,10,6,4,9,5,4,0,0,0,0,0,0,1,1,0
BORDEN COUNTY,33,71 Years,5,3,2,5,3,2,0,0,0,0,0,0,0,0,0
BORDEN COUNTY,33,72 Years,4,2,2,4,2,2,0,0,0,0,0,0,0,0,0
BORDEN COUNTY,33,73 Years,3,1,2,3,1,2,0,0,0,0,0,0,0,0,0
BORDEN COUNTY,33,74 Years,10,7,3,10,7,3,0,0,0,0,0,0,0,0,0
BORDEN COUNTY,33,75 Years,9,3,6,9,3,6,0,0,0,0,0,0,0,0,0
BORDEN COUNTY,33,76 Years,7,3,4,7,3,4,0,0,0,0,0,0,0,0,0
BORDEN COUNTY,33,77 Years,4,1,3,4,1,3,0,0,0,0,0,0,0,0,0
BORDEN COUNTY,33,78 Years,4,2,2,4,2,2,0,0,0,0,0,0,0,0,0
BORDEN COUNTY,33,79 Years,8,3,5,6,2,4,0,0,0,1,1,0,1,0,1
BORDEN COUNTY,33,80 Years,8,5,3,6,4,2,0,0,0,0,0,0,2,1,1
BORDEN COUNTY,33,81 Years,6,4,2,5,3,2,0,0,0,0,0,0,1,1,0
BORDEN COUNTY,33,82 Years,3,1,2,3,1,2,0,0,0,0,0,0,0,0,0
BORDEN COUNTY,33,83 Years,6,3,3,6,3,3,0,0,0,0,0,0,0,0,0
BORDEN COUNTY,33,84 Years,4,2,2,4,2,2,0,0,0,0,0,0,0,0,0
BORDEN COUNTY,33,85 Years +,12,4,8,10,3,7,0,0,0,0,0,0,2,1,1
BOSQUE COUNTY,35,All Ages,18485,9214,9271,14755,7231,7524,282,160,122,314,149,165,3134,1674,1460
BOSQUE COUNTY,35,< 1 Year,181,94,87,119,62,57,5,3,2,3,1,2,54,28,26
BOSQUE COUNTY,35,1 Years,188,97,91,127,65,62,5,2,3,3,2,1,53,28,25
BOSQUE COUNTY,35,2 Years,175,80,95,108,46,62,5,2,3,6,4,2,56,28,28
BOSQUE COUNTY,35,3 Years,205,99,106,128,61,67,5,2,3,7,4,3,65,32,33
BOSQUE COUNTY,35,4 Years,214,120,94,135,71,64,3,2,1,2,1,1,74,46,28
BOSQUE COUNTY,35,5 Years,217,124,93,138,80,58,3,1,2,3,1,2,73,42,31
BOSQUE COUNTY,35,6 Years,214,121,93,133,74,59,3,1,2,6,2,4,72,44,28
BOSQUE COUNTY,35,7 Years,227,111,116,140,64,76,5,5,0,7,2,5,75,40,35
BOSQUE COUNTY,35,8 Years,221,120,101,148,79,69,2,2,0,7,5,2,64,34,30
BOSQUE COUNTY,35,9 Years,220,113,107,161,82,79,1,1,0,5,3,2,53,27,26
BOSQUE COUNTY,35,10 Years,226,114,112,147,72,75,6,3,3,4,1,3,69,38,31
BOSQUE COUNTY,35,11 Years,243,134,109,146,76,70,8,5,3,4,3,1,85,50,35
BOSQUE COUNTY,35,12 Years,263,149,114,171,96,75,5,4,1,3,2,1,84,47,37
BOSQUE COUNTY,35,13 Years,267,132,135,180,95,85,5,1,4,3,0,3,79,36,43
BOSQUE COUNTY,35,14 Years,247,122,125,173,85,88,4,3,1,4,1,3,66,33,33
BOSQUE COUNTY,35,15 Years,236,112,124,157,77,80,4,2,2,10,2,8,65,31,34
BOSQUE COUNTY,35,16 Years,240,113,127,165,74,91,5,3,2,9,5,4,61,31,30
BOSQUE COUNTY,35,17 Years,262,139,123,193,99,94,5,1,4,10,6,4,54,33,21
BOSQUE COUNTY,35,18 Years,273,150,123,198,104,94,3,1,2,8,3,5,64,42,22
BOSQUE COUNTY,35,19 Years,273,133,140,191,95,96,6,2,4,8,3,5,68,33,35
BOSQUE COUNTY,35,20 Years,212,100,112,154,74,80,4,1,3,3,1,2,51,24,27
BOSQUE COUNTY,35,21 Years,182,88,94,129,61,68,2,2,0,3,2,1,48,23,25
BOSQUE COUNTY,35,22 Years,187,100,87,134,71,63,5,4,1,1,0,1,47,25,22
BOSQUE COUNTY,35,23 Years,161,93,68,109,60,49,5,2,3,3,3,0,44,28,16
BOSQUE COUNTY,35,24 Years,157,83,74,108,55,53,4,2,2,3,1,2,42,25,17
BOSQUE COUNTY,35,25 Years,158,90,68,110,60,50,7,5,2,6,3,3,35,22,13
BOSQUE COUNTY,35,26 Years,143,75,68,106,53,53,3,3,0,3,1,2,31,18,13
BOSQUE COUNTY,35,27 Years,155,80,75,108,57,51,5,2,3,3,2,1,39,19,20
BOSQUE COUNTY,35,28 Years,149,69,80,95,48,47,3,2,1,4,1,3,47,18,29
BOSQUE COUNTY,35,29 Years,173,97,76,113,64,49,2,2,0,5,2,3,53,29,24
BOSQUE COUNTY,35,30 Years,176,92,84,119,65,54,4,3,1,3,2,1,50,22,28
BOSQUE COUNTY,35,31 Years,191,89,102,137,62,75,5,4,1,3,2,1,46,21,25
BOSQUE COUNTY,35,32 Years,179,94,85,127,65,62,3,2,1,3,2,1,46,25,21
BOSQUE COUNTY,35,33 Years,176,90,86,127,62,65,2,1,1,2,1,1,45,26,19
BOSQUE COUNTY,35,34 Years,160,74,86,117,54,63,2,2,0,2,1,1,39,17,22
BOSQUE COUNTY,35,35 Years,158,78,80,120,58,62,2,2,0,1,1,0,35,17,18
BOSQUE COUNTY,35,36 Years,180,94,86,135,71,64,1,1,0,2,1,1,42,21,21
BOSQUE COUNTY,35,37 Years,163,80,83,118,57,61,1,0,1,2,1,1,42,22,20
BOSQUE COUNTY,35,38 Years,168,83,85,128,64,64,5,2,3,2,0,2,33,17,16
BOSQUE COUNTY,35,39 Years,190,96,94,148,75,73,3,2,1,2,0,2,37,19,18
BOSQUE COUNTY,35,40 Years,206,103,103,161,81,80,3,3,0,3,1,2,39,18,21
BOSQUE COUNTY,35,41 Years,221,107,114,177,85,92,4,3,1,5,1,4,35,18,17
BOSQUE COUNTY,35,42 Years,229,105,124,180,84,96,5,2,3,3,0,3,41,19,22
BOSQUE COUNTY,35,43 Years,219,108,111,170,84,86,2,1,1,1,0,1,46,23,23
BOSQUE COUNTY,35,44 Years,229,114,115,174,87,87,4,0,4,4,2,2,47,25,22
BOSQUE COUNTY,35,45 Years,227,105,122,182,81,101,3,1,2,5,3,2,37,20,17
BOSQUE COUNTY,35,46 Years,210,103,107,167,83,84,2,0,2,4,2,2,37,18,19
BOSQUE COUNTY,35,47 Years,239,120,119,196,96,100,3,1,2,5,3,2,35,20,15
BOSQUE COUNTY,35,48 Years,253,128,125,207,100,107,4,3,1,2,2,0,40,23,17
BOSQUE COUNTY,35,49 Years,272,134,138,235,110,125,4,4,0,2,1,1,31,19,12
BOSQUE COUNTY,35,50 Years,240,120,120,198,99,99,2,1,1,4,3,1,36,17,19
BOSQUE COUNTY,35,51 Years,253,122,131,215,102,113,2,1,1,5,2,3,31,17,14
BOSQUE COUNTY,35,52 Years,278,138,140,241,116,125,3,3,0,4,1,3,30,18,12
BOSQUE COUNTY,35,53 Years,292,156,136,249,132,117,8,3,5,4,1,3,31,20,11
BOSQUE COUNTY,35,54 Years,280,142,138,243,121,122,3,1,2,7,3,4,27,17,10
BOSQUE COUNTY,35,55 Years,297,143,154,264,125,139,2,1,1,4,1,3,27,16,11
BOSQUE COUNTY,35,56 Years,290,141,149,255,121,134,6,5,1,3,0,3,26,15,11
BOSQUE COUNTY,35,57 Years,269,145,124,239,127,112,6,6,0,4,2,2,20,10,10
BOSQUE COUNTY,35,58 Years,250,128,122,224,112,112,4,2,2,5,3,2,17,11,6
BOSQUE COUNTY,35,59 Years,256,132,124,227,115,112,6,3,3,3,1,2,20,13,7
BOSQUE COUNTY,35,60 Years,267,126,141,239,110,129,5,2,3,5,3,2,18,11,7
BOSQUE COUNTY,35,61 Years,258,133,125,236,119,117,3,2,1,3,2,1,16,10,6
BOSQUE COUNTY,35,62 Years,268,148,120,242,131,111,2,1,1,6,5,1,18,11,7
BOSQUE COUNTY,35,63 Years,274,138,136,234,122,112,6,3,3,4,2,2,30,11,19
BOSQUE COUNTY,35,64 Years,282,142,140,253,127,126,3,2,1,5,3,2,21,10,11
BOSQUE COUNTY,35,65 Years,297,134,163,270,120,150,1,1,0,2,1,1,24,12,12
BOSQUE COUNTY,35,66 Years,258,129,129,231,113,118,2,0,2,2,2,0,23,14,9
BOSQUE COUNTY,35,67 Years,269,130,139,244,119,125,3,0,3,2,1,1,20,10,10
BOSQUE COUNTY,35,68 Years,267,124,143,248,115,133,0,0,0,2,1,1,17,8,9
BOSQUE COUNTY,35,69 Years,239,107,132,223,97,126,1,0,1,4,3,1,11,7,4
BOSQUE COUNTY,35,70 Years,249,123,126,231,114,117,2,1,1,3,1,2,13,7,6
BOSQUE COUNTY,35,71 Years,226,104,122,211,95,116,1,1,0,2,1,1,12,7,5
BOSQUE COUNTY,35,72 Years,215,117,98,202,109,93,1,0,1,1,1,0,11,7,4
BOSQUE COUNTY,35,73 Years,208,106,102,199,99,100,3,2,1,2,2,0,4,3,1
BOSQUE COUNTY,35,74 Years,185,89,96,169,81,88,4,2,2,3,2,1,9,4,5
BOSQUE COUNTY,35,75 Years,174,77,97,164,73,91,1,1,0,1,0,1,8,3,5
BOSQUE COUNTY,35,76 Years,146,68,78,136,62,74,4,3,1,2,1,1,4,2,2
BOSQUE COUNTY,35,77 Years,124,58,66,117,55,62,1,1,0,3,1,2,3,1,2
BOSQUE COUNTY,35,78 Years,114,56,58,106,52,54,3,2,1,1,0,1,4,2,2
BOSQUE COUNTY,35,79 Years,130,64,66,122,59,63,2,2,0,1,0,1,5,3,2
BOSQUE COUNTY,35,80 Years,124,64,60,119,61,58,0,0,0,2,1,1,3,2,1
BOSQUE COUNTY,35,81 Years,102,54,48,96,51,45,0,0,0,2,1,1,4,2,2
BOSQUE COUNTY,35,82 Years,92,43,49,87,42,45,0,0,0,2,0,2,3,1,2
BOSQUE COUNTY,35,83 Years,87,44,43,83,43,40,1,0,1,1,0,1,2,1,1
BOSQUE COUNTY,35,84 Years,87,38,49,82,35,47,1,0,1,1,1,0,3,2,1
BOSQUE COUNTY,35,85 Years +,523,182,341,507,173,334,0,0,0,7,4,3,9,5,4
BOWIE COUNTY,37,All Ages,93857,47493,46364,61488,30327,31161,22821,11520,11301,3115,1559,1556,6433,4087,2346
BOWIE COUNTY,37,< 1 Year,1235,636,599,712,375,337,369,179,190,37,20,17,117,62,55
BOWIE COUNTY,37,1 Years,1210,621,589,707,364,343,335,169,166,59,31,28,109,57,52
BOWIE COUNTY,37,2 Years,1136,585,551,636,335,301,328,169,159,64,26,38,108,55,53
BOWIE COUNTY,37,3 Years,1132,574,558,638,317,321,307,157,150,69,39,30,118,61,57
BOWIE COUNTY,37,4 Years,1200,625,575,670,350,320,334,179,155,69,39,30,127,57,70
BOWIE COUNTY,37,5 Years,1280,651,629,707,355,352,344,173,171,84,51,33,145,72,73
BOWIE COUNTY,37,6 Years,1232,640,592,708,374,334,312,156,156,83,40,43,129,70,59
BOWIE COUNTY,37,7 Years,1258,645,613,708,367,341,346,171,175,83,43,40,121,64,57
BOWIE COUNTY,37,8 Years,1260,651,609,728,365,363,346,176,170,75,43,32,111,67,44
BOWIE COUNTY,37,9 Years,1229,614,615,728,364,364,328,161,167,69,41,28,104,48,56
BOWIE COUNTY,37,10 Years,1240,634,606,728,376,352,338,158,180,73,45,28,101,55,46
BOWIE COUNTY,37,11 Years,1279,640,639,744,371,373,357,181,176,76,39,37,102,49,53
BOWIE COUNTY,37,12 Years,1281,643,638,751,366,385,360,190,170,75,34,41,95,53,42
BOWIE COUNTY,37,13 Years,1294,660,634,763,374,389,370,205,165,68,33,35,93,48,45
BOWIE COUNTY,37,14 Years,1217,620,597,692,345,347,362,192,170,69,37,32,94,46,48
BOWIE COUNTY,37,15 Years,1253,643,610,754,385,369,343,178,165,55,31,24,101,49,52
BOWIE COUNTY,37,16 Years,1293,645,648,767,375,392,375,196,179,55,27,28,96,47,49
BOWIE COUNTY,37,17 Years,1333,672,661,797,415,382,387,186,201,57,25,32,92,46,46
BOWIE COUNTY,37,18 Years,1362,712,650,805,423,382,410,202,208,52,30,22,95,57,38
BOWIE COUNTY,37,19 Years,1326,724,602,766,416,350,399,211,188,45,25,20,116,72,44
BOWIE COUNTY,37,20 Years,1244,679,565,696,376,320,388,207,181,35,15,20,125,81,44
BOWIE COUNTY,37,21 Years,1246,664,582,694,362,332,381,201,180,37,15,22,134,86,48
BOWIE COUNTY,37,22 Years,1197,653,544,702,376,326,330,176,154,39,17,22,126,84,42
BOWIE COUNTY,37,23 Years,1205,678,527,695,367,328,322,172,150,41,28,13,147,111,36
BOWIE COUNTY,37,24 Years,1151,587,564,690,333,357,301,148,153,28,20,8,132,86,46
BOWIE COUNTY,37,25 Years,1225,680,545,695,352,343,341,200,141,35,18,17,154,110,44
BOWIE COUNTY,37,26 Years,1169,631,538,676,333,343,316,172,144,29,19,10,148,107,41
BOWIE COUNTY,37,27 Years,1223,657,566,696,345,351,341,185,156,34,15,19,152,112,40
BOWIE COUNTY,37,28 Years,1201,638,563,706,358,348,327,166,161,29,13,16,139,101,38
BOWIE COUNTY,37,29 Years,1315,724,591,779,415,364,348,181,167,31,13,18,157,115,42
BOWIE COUNTY,37,30 Years,1334,733,601,789,403,386,361,189,172,27,15,12,157,126,31
BOWIE COUNTY,37,31 Years,1226,693,533,738,383,355,312,178,134,25,12,13,151,120,31
BOWIE COUNTY,37,32 Years,1289,724,565,771,407,364,327,183,144,32,14,18,159,120,39
BOWIE COUNTY,37,33 Years,1236,664,572,743,369,374,335,191,144,38,16,22,120,88,32
BOWIE COUNTY,37,34 Years,1182,632,550,703,353,350,325,176,149,41,15,26,113,88,25
BOWIE COUNTY,37,35 Years,1175,622,553,715,349,366,309,173,136,35,13,22,116,87,29
BOWIE COUNTY,37,36 Years,1129,628,501,674,355,319,304,165,139,30,16,14,121,92,29
BOWIE COUNTY,37,37 Years,1160,624,536,698,370,328,332,173,159,32,17,15,98,64,34
BOWIE COUNTY,37,38 Years,1165,610,555,700,348,352,312,164,148,40,22,18,113,76,37
BOWIE COUNTY,37,39 Years,1195,628,567,732,373,359,325,169,156,41,18,23,97,68,29
BOWIE COUNTY,37,40 Years,1215,646,569,795,414,381,298,153,145,32,16,16,90,63,27
BOWIE COUNTY,37,41 Years,1309,691,618,867,450,417,316,161,155,33,16,17,93,64,29
BOWIE COUNTY,37,42 Years,1289,682,607,839,422,417,315,170,145,34,18,16,101,72,29
BOWIE COUNTY,37,43 Years,1189,653,536,773,411,362,285,161,124,44,18,26,87,63,24
BOWIE COUNTY,37,44 Years,1185,620,565,769,386,383,306,164,142,34,15,19,76,55,21
BOWIE COUNTY,37,45 Years,1165,620,545,762,397,365,287,146,141,32,19,13,84,58,26
BOWIE COUNTY,37,46 Years,1196,636,560,793,422,371,286,142,144,29,10,19,88,62,26
BOWIE COUNTY,37,47 Years,1274,646,628,854,431,423,306,143,163,37,19,18,77,53,24
BOWIE COUNTY,37,48 Years,1273,657,616,867,442,425,307,156,151,36,18,18,63,41,22
BOWIE COUNTY,37,49 Years,1337,676,661,940,474,466,299,146,153,35,16,19,63,40,23
BOWIE COUNTY,37,50 Years,1383,714,669,960,484,476,332,183,149,36,11,25,55,36,19
BOWIE COUNTY,37,51 Years,1365,704,661,930,464,466,321,167,154,47,26,21,67,47,20
BOWIE COUNTY,37,52 Years,1376,693,683,954,469,485,310,155,155,54,29,25,58,40,18
BOWIE COUNTY,37,53 Years,1261,633,628,890,451,439,290,138,152,37,16,21,44,28,16
BOWIE COUNTY,37,54 Years,1257,641,616,895,458,437,285,136,149,34,17,17,43,30,13
BOWIE COUNTY,37,55 Years,1284,645,639,937,474,463,270,123,147,39,18,21,38,30,8
BOWIE COUNTY,37,56 Years,1266,630,636,886,429,457,312,160,152,31,13,18,37,28,9
BOWIE COUNTY,37,57 Years,1195,569,626,864,411,453,264,127,137,25,10,15,42,21,21
BOWIE COUNTY,37,58 Years,1170,571,599,850,412,438,256,128,128,28,13,15,36,18,18
BOWIE COUNTY,37,59 Years,1152,545,607,837,391,446,259,125,134,28,15,13,28,14,14
BOWIE COUNTY,37,60 Years,1119,542,577,835,396,439,231,118,113,31,15,16,22,13,9
BOWIE COUNTY,37,61 Years,1121,563,558,834,419,415,230,110,120,31,15,16,26,19,7
BOWIE COUNTY,37,62 Years,1057,527,530,794,400,394,209,99,110,24,13,11,30,15,15
BOWIE COUNTY,37,63 Years,1071,540,531,815,417,398,198,93,105,30,17,13,28,13,15
BOWIE COUNTY,37,64 Years,1124,549,575,853,416,437,216,103,113,33,18,15,22,12,10
BOWIE COUNTY,37,65 Years,1105,539,566,855,412,443,198,99,99,30,16,14,22,12,10
BOWIE COUNTY,37,66 Years,884,423,461,689,332,357,147,62,85,22,10,12,26,19,7
BOWIE COUNTY,37,67 Years,817,367,450,628,284,344,155,67,88,18,8,10,16,8,8
BOWIE COUNTY,37,68 Years,864,379,485,678,299,379,153,68,85,20,7,13,13,5,8
BOWIE COUNTY,37,69 Years,826,376,450,664,303,361,133,62,71,17,7,10,12,4,8
BOWIE COUNTY,37,70 Years,756,353,403,607,288,319,125,51,74,17,10,7,7,4,3
BOWIE COUNTY,37,71 Years,682,328,354,558,275,283,101,43,58,15,7,8,8,3,5
BOWIE COUNTY,37,72 Years,647,284,363,529,239,290,99,35,64,9,4,5,10,6,4
BOWIE COUNTY,37,73 Years,614,294,320,504,244,260,87,40,47,12,4,8,11,6,5
BOWIE COUNTY,37,74 Years,549,251,298,453,213,240,81,32,49,6,3,3,9,3,6
BOWIE COUNTY,37,75 Years,546,247,299,454,212,242,75,27,48,10,5,5,7,3,4
BOWIE COUNTY,37,76 Years,495,220,275,414,186,228,67,27,40,9,5,4,5,2,3
BOWIE COUNTY,37,77 Years,481,201,280,394,166,228,70,27,43,11,4,7,6,4,2
BOWIE COUNTY,37,78 Years,436,188,248,363,157,206,60,25,35,8,4,4,5,2,3
BOWIE COUNTY,37,79 Years,443,175,268,364,147,217,64,22,42,8,4,4,7,2,5
BOWIE COUNTY,37,80 Years,420,160,260,343,134,209,65,24,41,6,2,4,6,0,6
BOWIE COUNTY,37,81 Years,374,148,226,306,122,184,56,21,35,7,4,3,5,1,4
BOWIE COUNTY,37,82 Years,341,133,208,282,110,172,47,19,28,8,3,5,4,1,3
BOWIE COUNTY,37,83 Years,354,132,222,297,115,182,46,13,33,8,3,5,3,1,2
BOWIE COUNTY,37,84 Years,323,118,205,272,102,170,47,14,33,3,1,2,1,1,0
BOWIE COUNTY,37,85 Years +,1950,600,1350,1640,508,1132,270,77,193,21,7,14,19,8,11
BRAZORIA COUNTY,39,All Ages,324663,164693,159970,168875,84793,84082,38830,20333,18497,25028,12104,12924,91930,47463,44467
BRAZORIA COUNTY,39,< 1 Year,4500,2325,2175,2153,1103,1050,429,223,206,415,222,193,1503,777,726
BRAZORIA COUNTY,39,1 Years,4796,2458,2338,2257,1157,1100,443,229,214,471,242,229,1625,830,795
BRAZORIA COUNTY,39,2 Years,4908,2501,2407,2184,1110,1074,471,244,227,490,248,242,1763,899,864
BRAZORIA COUNTY,39,3 Years,5034,2521,2513,2151,1058,1093,522,259,263,541,270,271,1820,934,886
BRAZORIA COUNTY,39,4 Years,5008,2555,2453,2094,1067,1027,517,257,260,540,276,264,1857,955,902
BRAZORIA COUNTY,39,5 Years,5157,2634,2523,2133,1098,1035,556,262,294,550,280,270,1918,994,924
BRAZORIA COUNTY,39,6 Years,4982,2579,2403,2108,1124,984,537,275,262,515,277,238,1822,903,919
BRAZORIA COUNTY,39,7 Years,4955,2532,2423,2024,1039,985,540,265,275,557,291,266,1834,937,897
BRAZORIA COUNTY,39,8 Years,5003,2526,2477,2046,1016,1030,590,285,305,524,269,255,1843,956,887
BRAZORIA COUNTY,39,9 Years,5012,2563,2449,2047,1052,995,571,285,286,524,264,260,1870,962,908
BRAZORIA COUNTY,39,10 Years,5036,2543,2493,2061,1060,1001,603,295,308,494,239,255,1878,949,929
BRAZORIA COUNTY,39,11 Years,5122,2591,2531,2149,1088,1061,612,326,286,491,236,255,1870,941,929
BRAZORIA COUNTY,39,12 Years,5190,2659,2531,2231,1155,1076,614,331,283,453,226,227,1892,947,945
BRAZORIA COUNTY,39,13 Years,4853,2496,2357,2114,1094,1020,607,326,281,384,199,185,1748,877,871
BRAZORIA COUNTY,39,14 Years,4843,2507,2336,2094,1092,1002,598,296,302,375,200,175,1776,919,857
BRAZORIA COUNTY,39,15 Years,4760,2477,2283,2038,1053,985,641,320,321,379,201,178,1702,903,799
BRAZORIA COUNTY,39,16 Years,4728,2404,2324,2011,1019,992,620,310,310,371,200,171,1726,875,851
BRAZORIA COUNTY,39,17 Years,4907,2568,2339,2094,1077,1017,682,380,302,372,200,172,1759,911,848
BRAZORIA COUNTY,39,18 Years,4865,2593,2272,2064,1072,992,704,412,292,336,175,161,1761,934,827
BRAZORIA COUNTY,39,19 Years,4677,2500,2177,2023,1051,972,666,366,300,324,161,163,1664,922,742
BRAZORIA COUNTY,39,20 Years,4140,2196,1944,1772,947,825,555,292,263,275,139,136,1538,818,720
BRAZORIA COUNTY,39,21 Years,3760,1995,1765,1663,898,765,450,241,209,217,111,106,1430,745,685
BRAZORIA COUNTY,39,22 Years,3652,1904,1748,1596,834,762,433,219,214,203,108,95,1420,743,677
BRAZORIA COUNTY,39,23 Years,3516,1860,1656,1617,844,773,425,234,191,214,106,108,1260,676,584
BRAZORIA COUNTY,39,24 Years,3546,1856,1690,1694,875,819,423,247,176,210,103,107,1219,631,588
BRAZORIA COUNTY,39,25 Years,3565,1839,1726,1712,871,841,409,234,175,205,102,103,1239,632,607
BRAZORIA COUNTY,39,26 Years,3632,1887,1745,1767,893,874,392,220,172,210,100,110,1263,674,589
BRAZORIA COUNTY,39,27 Years,3902,2008,1894,1944,984,960,430,221,209,229,112,117,1299,691,608
BRAZORIA COUNTY,39,28 Years,4101,2142,1959,2049,1077,972,469,249,220,239,124,115,1344,692,652
BRAZORIA COUNTY,39,29 Years,4361,2289,2072,2169,1133,1036,479,300,179,293,141,152,1420,715,705
BRAZORIA COUNTY,39,30 Years,4505,2290,2215,2232,1120,1112,507,303,204,304,126,178,1462,741,721
BRAZORIA COUNTY,39,31 Years,4499,2205,2294,2124,993,1131,603,326,277,324,121,203,1448,765,683
BRAZORIA COUNTY,39,32 Years,4635,2272,2363,2176,1012,1164,637,349,288,350,140,210,1472,771,701
BRAZORIA COUNTY,39,33 Years,4515,2245,2270,2139,1069,1070,588,308,280,363,133,230,1425,735,690
BRAZORIA COUNTY,39,34 Years,4652,2414,2238,2180,1130,1050,595,318,277,389,174,215,1488,792,696
BRAZORIA COUNTY,39,35 Years,4581,2374,2207,2101,1056,1045,628,363,265,416,203,213,1436,752,684
BRAZORIA COUNTY,39,36 Years,4596,2307,2289,2126,1056,1070,600,314,286,448,212,236,1422,725,697
BRAZORIA COUNTY,39,37 Years,4660,2348,2312,2161,1108,1053,634,296,338,453,199,254,1412,745,667
BRAZORIA COUNTY,39,38 Years,4702,2337,2365,2155,1073,1082,648,320,328,506,209,297,1393,735,658
BRAZORIA COUNTY,39,39 Years,4901,2461,2440,2226,1107,1119,705,374,331,549,244,305,1421,736,685
BRAZORIA COUNTY,39,40 Years,4986,2526,2460,2348,1196,1152,726,390,336,507,232,275,1405,708,697
BRAZORIA COUNTY,39,41 Years,5274,2669,2605,2603,1314,1289,737,403,334,486,223,263,1448,729,719
BRAZORIA COUNTY,39,42 Years,5081,2607,2474,2515,1299,1216,746,391,355,462,224,238,1358,693,665
BRAZORIA COUNTY,39,43 Years,4761,2454,2307,2403,1229,1174,647,349,298,463,226,237,1248,650,598
BRAZORIA COUNTY,39,44 Years,4600,2379,2221,2303,1190,1113,623,343,280,436,214,222,1238,632,606
BRAZORIA COUNTY,39,45 Years,4703,2462,2241,2368,1219,1149,666,388,278,384,191,193,1285,664,621
BRAZORIA COUNTY,39,46 Years,4639,2469,2170,2384,1265,1119,685,376,309,379,196,183,1191,632,559
BRAZORIA COUNTY,39,47 Years,4719,2420,2299,2496,1265,1231,656,343,313,382,190,192,1185,622,563
BRAZORIA COUNTY,39,48 Years,4829,2449,2380,2623,1321,1302,679,356,323,362,167,195,1165,605,560
BRAZORIA COUNTY,39,49 Years,4908,2568,2340,2768,1404,1364,671,369,302,352,188,164,1117,607,510
BRAZORIA COUNTY,39,50 Years,4847,2501,2346,2842,1421,1421,638,343,295,310,161,149,1057,576,481
BRAZORIA COUNTY,39,51 Years,4723,2391,2332,2789,1390,1399,642,335,307,294,140,154,998,526,472
BRAZORIA COUNTY,39,52 Years,4818,2456,2362,2971,1485,1486,605,331,274,312,141,171,930,499,431
BRAZORIA COUNTY,39,53 Years,4755,2439,2316,2936,1497,1439,597,328,269,285,127,158,937,487,450
BRAZORIA COUNTY,39,54 Years,4671,2391,2280,2919,1471,1448,584,323,261,258,118,140,910,479,431
BRAZORIA COUNTY,39,55 Years,4454,2266,2188,2791,1390,1401,542,296,246,258,125,133,863,455,408
BRAZORIA COUNTY,39,56 Years,4197,2148,2049,2651,1341,1310,489,250,239,246,119,127,811,438,373
BRAZORIA COUNTY,39,57 Years,4152,2128,2024,2684,1364,1320,449,230,219,236,111,125,783,423,360
BRAZORIA COUNTY,39,58 Years,3936,2030,1906,2544,1317,1227,429,207,222,233,113,120,730,393,337
BRAZORIA COUNTY,39,59 Years,3770,1964,1806,2430,1270,1160,440,235,205,229,102,127,671,357,314
BRAZORIA COUNTY,39,60 Years,3518,1792,1726,2323,1199,1124,406,190,216,186,84,102,603,319,284
BRAZORIA COUNTY,39,61 Years,3231,1634,1597,2066,1059,1007,406,187,219,197,88,109,562,300,262
BRAZORIA COUNTY,39,62 Years,3169,1593,1576,2098,1054,1044,371,187,184,178,82,96,522,270,252
BRAZORIA COUNTY,39,63 Years,3075,1531,1544,2062,1039,1023,333,173,160,183,81,102,497,238,259
BRAZORIA COUNTY,39,64 Years,3010,1557,1453,2066,1075,991,298,164,134,173,78,95,473,240,233
BRAZORIA COUNTY,39,65 Years,2870,1461,1409,2023,1021,1002,268,145,123,159,81,78,420,214,206
BRAZORIA COUNTY,39,66 Years,2291,1142,1149,1567,782,785,210,104,106,145,76,69,369,180,189
BRAZORIA COUNTY,39,67 Years,2245,1106,1139,1504,751,753,220,97,123,143,65,78,378,193,185
BRAZORIA COUNTY,39,68 Years,2272,1093,1179,1578,753,825,217,102,115,124,57,67,353,181,172
BRAZORIA COUNTY,39,69 Years,2094,993,1101,1504,713,791,190,94,96,120,59,61,280,127,153
BRAZORIA COUNTY,39,70 Years,1909,911,998,1371,663,708,159,77,82,120,60,60,259,111,148
BRAZORIA COUNTY,39,71 Years,1764,832,932,1250,597,653,142,65,77,108,47,61,264,123,141
BRAZORIA COUNTY,39,72 Years,1650,785,865,1181,567,614,131,64,67,102,43,59,236,111,125
BRAZORIA COUNTY,39,73 Years,1495,722,773,1091,522,569,109,56,53,91,42,49,204,102,102
BRAZORIA COUNTY,39,74 Years,1390,679,711,1029,505,524,94,43,51,80,42,38,187,89,98
BRAZORIA COUNTY,39,75 Years,1231,585,646,920,432,488,80,42,38,64,30,34,167,81,86
BRAZORIA COUNTY,39,76 Years,1207,539,668,913,414,499,80,37,43,58,19,39,156,69,87
BRAZORIA COUNTY,39,77 Years,1204,540,664,909,411,498,61,24,37,63,30,33,171,75,96
BRAZORIA COUNTY,39,78 Years,1086,496,590,826,384,442,65,24,41,59,30,29,136,58,78
BRAZORIA COUNTY,39,79 Years,993,438,555,767,345,422,72,26,46,48,23,25,106,44,62
BRAZORIA COUNTY,39,80 Years,874,366,508,663,275,388,70,28,42,39,15,24,102,48,54
BRAZORIA COUNTY,39,81 Years,836,337,499,634,258,376,58,18,40,45,16,29,99,45,54
BRAZORIA COUNTY,39,82 Years,806,328,478,626,253,373,53,23,30,30,15,15,97,37,60
BRAZORIA COUNTY,39,83 Years,761,314,447,596,240,356,58,26,32,23,11,12,84,37,47
BRAZORIA COUNTY,39,84 Years,660,259,401,520,211,309,48,14,34,20,7,13,72,27,45
BRAZORIA COUNTY,39,85 Years +,3442,1182,2260,2741,957,1784,247,63,184,93,32,61,361,130,231
BRAZOS COUNTY,41,All Ages,201514,102100,99414,117388,59114,58274,21511,10330,11181,14210,7613,6597,48405,25043,23362
BRAZOS COUNTY,41,< 1 Year,2590,1319,1271,1263,643,620,317,163,154,190,100,90,820,413,407
BRAZOS COUNTY,41,1 Years,3331,1694,1637,1550,788,762,360,182,178,209,108,101,1212,616,596
BRAZOS COUNTY,41,2 Years,2837,1421,1416,1237,605,632,366,186,180,221,108,113,1013,522,491
BRAZOS COUNTY,41,3 Years,2526,1262,1264,1023,506,517,353,181,172,200,99,101,950,476,474
BRAZOS COUNTY,41,4 Years,2585,1314,1271,1037,515,522,378,204,174,209,106,103,961,489,472
BRAZOS COUNTY,41,5 Years,2539,1321,1218,1012,525,487,377,194,183,206,98,108,944,504,440
BRAZOS COUNTY,41,6 Years,2380,1202,1178,928,477,451,359,175,184,179,87,92,914,463,451
BRAZOS COUNTY,41,7 Years,2370,1213,1157,957,497,460,342,164,178,171,95,76,900,457,443
BRAZOS COUNTY,41,8 Years,2282,1177,1105,926,486,440,362,184,178,170,86,84,824,421,403
BRAZOS COUNTY,41,9 Years,2277,1164,1113,943,500,443,363,172,191,140,69,71,831,423,408
BRAZOS COUNTY,41,10 Years,2225,1094,1131,919,472,447,353,161,192,121,54,67,832,407,425
BRAZOS COUNTY,41,11 Years,2204,1117,1087,905,469,436,346,173,173,127,53,74,826,422,404
BRAZOS COUNTY,41,12 Years,2125,1069,1056,878,432,446,343,183,160,120,56,64,784,398,386
BRAZOS COUNTY,41,13 Years,2080,1065,1015,923,490,433,321,168,153,110,58,52,726,349,377
BRAZOS COUNTY,41,14 Years,1988,998,990,836,435,401,325,162,163,132,73,59,695,328,367
BRAZOS COUNTY,41,15 Years,1988,1010,978,845,425,420,313,161,152,113,64,49,717,360,357
BRAZOS COUNTY,41,16 Years,1948,1029,919,839,441,398,324,175,149,119,62,57,666,351,315
BRAZOS COUNTY,41,17 Years,2026,1030,996,909,443,466,319,171,148,118,60,58,680,356,324
BRAZOS COUNTY,41,18 Years,4984,2437,2547,3187,1500,1687,454,240,214,287,149,138,1056,548,508
BRAZOS COUNTY,41,19 Years,10947,5483,5464,7746,3867,3879,612,303,309,528,291,237,2061,1022,1039
BRAZOS COUNTY,41,20 Years,11029,5588,5441,7794,3885,3909,644,324,320,602,346,256,1989,1033,956
BRAZOS COUNTY,41,21 Years,11402,5943,5459,8043,4166,3877,631,335,296,658,363,295,2070,1079,991
BRAZOS COUNTY,41,22 Years,9784,5392,4392,6795,3830,2965,539,255,284,637,358,279,1813,949,864
BRAZOS COUNTY,41,23 Years,6630,3747,2883,4184,2398,1786,456,229,227,591,358,233,1399,762,637
BRAZOS COUNTY,41,24 Years,4758,2590,2168,2785,1470,1315,386,177,209,541,342,199,1046,601,445
BRAZOS COUNTY,41,25 Years,3891,2061,1830,2087,1058,1029,350,169,181,562,356,206,892,478,414
BRAZOS COUNTY,41,26 Years,3747,1991,1756,1962,1031,931,361,161,200,495,290,205,929,509,420
BRAZOS COUNTY,41,27 Years,3660,1967,1693,1930,1025,905,356,169,187,434,232,202,940,541,399
BRAZOS COUNTY,41,28 Years,3342,1784,1558,1712,920,792,324,148,176,404,215,189,902,501,401
BRAZOS COUNTY,41,29 Years,3296,1786,1510,1700,929,771,328,142,186,373,209,164,895,506,389
BRAZOS COUNTY,41,30 Years,3070,1614,1456,1489,767,722,355,171,184,396,228,168,830,448,382
BRAZOS COUNTY,41,31 Years,2857,1501,1356,1383,724,659,339,168,171,329,181,148,806,428,378
BRAZOS COUNTY,41,32 Years,2668,1409,1259,1287,662,625,310,152,158,318,185,133,753,410,343
BRAZOS COUNTY,41,33 Years,2492,1285,1207,1255,653,602,272,127,145,257,141,116,708,364,344
BRAZOS COUNTY,41,34 Years,2379,1269,1110,1210,640,570,245,131,114,224,122,102,700,376,324
BRAZOS COUNTY,41,35 Years,2298,1165,1133,1164,604,560,254,124,130,225,106,119,655,331,324
BRAZOS COUNTY,41,36 Years,2139,1092,1047,1034,541,493,263,117,146,211,106,105,631,328,303
BRAZOS COUNTY,41,37 Years,1983,1004,979,922,479,443,226,92,134,207,105,102,628,328,300
BRAZOS COUNTY,41,38 Years,1982,1024,958,953,493,460,250,124,126,219,121,98,560,286,274
BRAZOS COUNTY,41,39 Years,1998,1011,987,954,476,478,262,133,129,211,112,99,571,290,281
BRAZOS COUNTY,41,40 Years,1983,983,1000,1006,501,505,245,106,139,167,90,77,565,286,279
BRAZOS COUNTY,41,41 Years,2031,971,1060,1089,534,555,270,110,160,141,65,76,531,262,269
BRAZOS COUNTY,41,42 Years,1971,951,1020,1073,521,552,245,102,143,146,63,83,507,265,242
BRAZOS COUNTY,41,43 Years,1833,878,955,986,470,516,237,113,124,132,56,76,478,239,239
BRAZOS COUNTY,41,44 Years,1773,889,884,935,468,467,264,137,127,106,48,58,468,236,232
BRAZOS COUNTY,41,45 Years,1776,881,895,934,458,476,287,135,152,107,54,53,448,234,214
BRAZOS COUNTY,41,46 Years,1798,894,904,967,470,497,294,142,152,106,54,52,431,228,203
BRAZOS COUNTY,41,47 Years,1800,882,918,997,490,507,271,128,143,101,47,54,431,217,214
BRAZOS COUNTY,41,48 Years,1879,933,946,1044,512,532,263,119,144,112,56,56,460,246,214
BRAZOS COUNTY,41,49 Years,1829,898,931,1067,507,560,272,123,149,98,59,39,392,209,183
BRAZOS COUNTY,41,50 Years,1747,838,909,1061,502,559,257,115,142,95,54,41,334,167,167
BRAZOS COUNTY,41,51 Years,1833,876,957,1146,540,606,241,112,129,90,42,48,356,182,174
BRAZOS COUNTY,41,52 Years,1885,917,968,1182,560,622,275,136,139,85,37,48,343,184,159
BRAZOS COUNTY,41,53 Years,1756,858,898,1130,560,570,234,102,132,79,32,47,313,164,149
BRAZOS COUNTY,41,54 Years,1801,892,909,1159,578,581,244,115,129,73,32,41,325,167,158
BRAZOS COUNTY,41,55 Years,1790,865,925,1163,564,599,240,111,129,70,30,40,317,160,157
BRAZOS COUNTY,41,56 Years,1683,799,884,1141,543,598,200,94,106,64,30,34,278,132,146
BRAZOS COUNTY,41,57 Years,1615,772,843,1076,518,558,206,96,110,68,31,37,265,127,138
BRAZOS COUNTY,41,58 Years,1589,773,816,1076,512,564,189,90,99,67,32,35,257,139,118
BRAZOS COUNTY,41,59 Years,1521,756,765,1054,524,530,177,80,97,59,26,33,231,126,105
BRAZOS COUNTY,41,60 Years,1438,704,734,995,470,525,180,83,97,61,32,29,202,119,83
BRAZOS COUNTY,41,61 Years,1327,648,679,919,448,471,164,77,87,59,24,35,185,99,86
BRAZOS COUNTY,41,62 Years,1312,652,660,929,473,456,148,71,77,52,24,28,183,84,99
BRAZOS COUNTY,41,63 Years,1186,575,611,863,416,447,118,56,62,41,24,17,164,79,85
BRAZOS COUNTY,41,64 Years,1256,592,664,928,431,497,119,61,58,40,19,21,169,81,88
BRAZOS COUNTY,41,65 Years,1288,621,667,960,460,500,126,62,64,39,22,17,163,77,86
BRAZOS COUNTY,41,66 Years,1057,505,552,776,375,401,95,43,52,41,19,22,145,68,77
BRAZOS COUNTY,41,67 Years,998,462,536,715,339,376,95,41,54,36,17,19,152,65,87
BRAZOS COUNTY,41,68 Years,950,434,516,703,317,386,90,37,53,34,20,14,123,60,63
BRAZOS COUNTY,41,69 Years,888,421,467,669,322,347,85,34,51,27,14,13,107,51,56
BRAZOS COUNTY,41,70 Years,811,382,429,620,296,324,71,31,40,24,11,13,96,44,52
BRAZOS COUNTY,41,71 Years,750,336,414,570,252,318,72,30,42,25,11,14,83,43,40
BRAZOS COUNTY,41,72 Years,693,294,399,530,226,304,73,28,45,25,10,15,65,30,35
BRAZOS COUNTY,41,73 Years,662,300,362,520,240,280,70,31,39,19,8,11,53,21,32
BRAZOS COUNTY,41,74 Years,667,297,370,520,238,282,64,26,38,23,8,15,60,25,35
BRAZOS COUNTY,41,75 Years,602,272,330,454,208,246,57,21,36,13,6,7,78,37,41
BRAZOS COUNTY,41,76 Years,553,248,305,417,189,228,58,21,37,14,5,9,64,33,31
BRAZOS COUNTY,41,77 Years,536,244,292,410,191,219,55,18,37,18,9,9,53,26,27
BRAZOS COUNTY,41,78 Years,537,240,297,422,190,232,52,18,34,15,6,9,48,26,22
BRAZOS COUNTY,41,79 Years,494,214,280,382,168,214,54,22,32,12,5,7,46,19,27
BRAZOS COUNTY,41,80 Years,458,195,263,368,163,205,40,16,24,8,4,4,42,12,30
BRAZOS COUNTY,41,81 Years,430,171,259,364,149,215,29,10,19,10,4,6,27,8,19
BRAZOS COUNTY,41,82 Years,392,169,223,313,133,180,33,15,18,7,3,4,39,18,21
BRAZOS COUNTY,41,83 Years,354,146,208,284,117,167,33,11,22,5,2,3,32,16,16
BRAZOS COUNTY,41,84 Years,360,137,223,306,120,186,23,7,16,6,2,4,25,8,17
BRAZOS COUNTY,41,85 Years +,1985,693,1292,1659,584,1075,158,44,114,26,14,12,142,51,91
BREWSTER COUNTY,43,All Ages,9374,4723,4651,5055,2559,2496,84,64,20,229,112,117,4006,1988,2018
BREWSTER COUNTY,43,< 1 Year,110,60,50,51,30,21,0,0,0,2,1,1,57,29,28
BREWSTER COUNTY,43,1 Years,106,56,50,43,23,20,0,0,0,3,2,1,60,31,29
BREWSTER COUNTY,43,2 Years,118,58,60,47,25,22,0,0,0,5,2,3,66,31,35
BREWSTER COUNTY,43,3 Years,106,54,52,43,23,20,1,1,0,5,2,3,57,28,29
BREWSTER COUNTY,43,4 Years,95,51,44,37,17,20,1,1,0,3,1,2,54,32,22
BREWSTER COUNTY,43,5 Years,97,51,46,33,15,18,1,0,1,3,1,2,60,35,25
BREWSTER COUNTY,43,6 Years,120,61,59,44,20,24,0,0,0,6,3,3,70,38,32
BREWSTER COUNTY,43,7 Years,103,46,57,34,13,21,1,1,0,5,3,2,63,29,34
BREWSTER COUNTY,43,8 Years,103,58,45,42,24,18,0,0,0,3,2,1,58,32,26
BREWSTER COUNTY,43,9 Years,107,61,46,46,30,16,1,1,0,3,2,1,57,28,29
BREWSTER COUNTY,43,10 Years,111,63,48,44,27,17,3,3,0,6,4,2,58,29,29
BREWSTER COUNTY,43,11 Years,108,51,57,38,13,25,0,0,0,6,4,2,64,34,30
BREWSTER COUNTY,43,12 Years,117,61,56,47,22,25,0,0,0,3,2,1,67,37,30
BREWSTER COUNTY,43,13 Years,100,46,54,37,16,21,1,0,1,4,3,1,58,27,31
BREWSTER COUNTY,43,14 Years,100,48,52,43,24,19,1,0,1,3,1,2,53,23,30
BREWSTER COUNTY,43,15 Years,101,48,53,35,19,16,1,0,1,2,0,2,63,29,34
BREWSTER COUNTY,43,16 Years,115,53,62,46,19,27,0,0,0,4,2,2,65,32,33
BREWSTER COUNTY,43,17 Years,109,58,51,39,22,17,0,0,0,4,2,2,66,34,32
BREWSTER COUNTY,43,18 Years,126,57,69,45,20,25,0,0,0,3,0,3,78,37,41
BREWSTER COUNTY,43,19 Years,139,71,68,62,30,32,2,1,1,1,0,1,74,40,34
BREWSTER COUNTY,43,20 Years,121,65,56,46,23,23,2,2,0,3,2,1,70,38,32
BREWSTER COUNTY,43,21 Years,152,74,78,53,30,23,4,3,1,4,1,3,91,40,51
BREWSTER COUNTY,43,22 Years,125,66,59,49,26,23,5,5,0,5,4,1,66,31,35
BREWSTER COUNTY,43,23 Years,131,76,55,61,35,26,4,4,0,7,5,2,59,32,27
BREWSTER COUNTY,43,24 Years,107,57,50,49,28,21,6,5,1,4,2,2,48,22,26
BREWSTER COUNTY,43,25 Years,115,62,53,49,23,26,5,5,0,2,0,2,59,34,25
BREWSTER COUNTY,43,26 Years,123,56,67,56,22,34,2,2,0,3,0,3,62,32,30
BREWSTER COUNTY,43,27 Years,139,77,62,66,41,25,1,0,1,5,4,1,67,32,35
BREWSTER COUNTY,43,28 Years,136,75,61,77,46,31,2,2,0,5,1,4,52,26,26
BREWSTER COUNTY,43,29 Years,129,69,60,65,34,31,2,2,0,5,2,3,57,31,26
BREWSTER COUNTY,43,30 Years,125,63,62,68,32,36,0,0,0,5,2,3,52,29,23
BREWSTER COUNTY,43,31 Years,119,75,44,62,43,19,1,0,1,1,0,1,55,32,23
BREWSTER COUNTY,43,32 Years,106,63,43,55,34,21,0,0,0,0,0,0,51,29,22
BREWSTER COUNTY,43,33 Years,90,40,50,47,19,28,1,1,0,1,0,1,41,20,21
BREWSTER COUNTY,43,34 Years,93,43,50,48,21,27,1,1,0,3,2,1,41,19,22
BREWSTER COUNTY,43,35 Years,103,49,54,54,27,27,1,0,1,3,3,0,45,19,26
BREWSTER COUNTY,43,36 Years,112,57,55,53,29,24,3,3,0,2,2,0,54,23,31
BREWSTER COUNTY,43,37 Years,117,61,56,63,32,31,2,2,0,2,2,0,50,25,25
BREWSTER COUNTY,43,38 Years,81,44,37,45,25,20,2,1,1,3,1,2,31,17,14
BREWSTER COUNTY,43,39 Years,86,48,38,40,24,16,1,0,1,3,2,1,42,22,20
BREWSTER COUNTY,43,40 Years,105,51,54,55,28,27,0,0,0,1,0,1,49,23,26
BREWSTER COUNTY,43,41 Years,106,52,54,59,30,29,0,0,0,4,3,1,43,19,24
BREWSTER COUNTY,43,42 Years,108,52,56,58,26,32,1,1,0,2,2,0,47,23,24
BREWSTER COUNTY,43,43 Years,98,50,48,46,25,21,1,1,0,2,1,1,49,23,26
BREWSTER COUNTY,43,44 Years,106,49,57,54,26,28,0,0,0,3,2,1,49,21,28
BREWSTER COUNTY,43,45 Years,107,49,58,50,23,27,3,2,1,3,2,1,51,22,29
BREWSTER COUNTY,43,46 Years,94,44,50,48,22,26,2,1,1,3,1,2,41,20,21
BREWSTER COUNTY,43,47 Years,112,49,63,56,25,31,1,1,0,1,0,1,54,23,31
BREWSTER COUNTY,43,48 Years,123,57,66,67,32,35,1,0,1,1,1,0,54,24,30
BREWSTER COUNTY,43,49 Years,125,62,63,71,32,39,0,0,0,2,0,2,52,30,22
BREWSTER COUNTY,43,50 Years,131,58,73,88,41,47,1,1,0,0,0,0,42,16,26
BREWSTER COUNTY,43,51 Years,129,66,63,69,38,31,2,2,0,1,0,1,57,26,31
BREWSTER COUNTY,43,52 Years,134,69,65,78,38,40,1,1,0,3,1,2,52,29,23
BREWSTER COUNTY,43,53 Years,125,60,65,71,35,36,0,0,0,4,3,1,50,22,28
BREWSTER COUNTY,43,54 Years,128,64,64,76,35,41,0,0,0,3,1,2,49,28,21
BREWSTER COUNTY,43,55 Years,130,68,62,84,44,40,0,0,0,1,0,1,45,24,21
BREWSTER COUNTY,43,56 Years,136,65,71,96,46,50,3,1,2,1,0,1,36,18,18
BREWSTER COUNTY,43,57 Years,147,74,73,104,47,57,3,2,1,2,1,1,38,24,14
BREWSTER COUNTY,43,58 Years,149,74,75,99,46,53,1,1,0,1,0,1,48,27,21
BREWSTER COUNTY,43,59 Years,156,83,73,108,57,51,0,0,0,2,0,2,46,26,20
BREWSTER COUNTY,43,60 Years,145,78,67,101,57,44,0,0,0,2,0,2,42,21,21
BREWSTER COUNTY,43,61 Years,127,67,60,82,41,41,1,1,0,5,2,3,39,23,16
BREWSTER COUNTY,43,62 Years,149,66,83,103,43,60,1,1,0,5,2,3,40,20,20
BREWSTER COUNTY,43,63 Years,146,68,78,109,52,57,1,0,1,5,2,3,31,14,17
BREWSTER COUNTY,43,64 Years,139,79,60,105,62,43,1,0,1,4,3,1,29,14,15
BREWSTER COUNTY,43,65 Years,145,81,64,115,64,51,0,0,0,3,1,2,27,16,11
BREWSTER COUNTY,43,66 Years,124,70,54,92,54,38,0,0,0,3,1,2,29,15,14
BREWSTER COUNTY,43,67 Years,113,59,54,75,43,32,0,0,0,3,2,1,35,14,21
BREWSTER COUNTY,43,68 Years,102,51,51,69,37,32,0,0,0,4,2,2,29,12,17
BREWSTER COUNTY,43,69 Years,102,51,51,69,39,30,0,0,0,1,0,1,32,12,20
BREWSTER COUNTY,43,70 Years,94,44,50,70,33,37,0,0,0,1,0,1,23,11,12
BREWSTER COUNTY,43,71 Years,91,45,46,70,36,34,0,0,0,1,0,1,20,9,11
BREWSTER COUNTY,43,72 Years,89,50,39,58,32,26,0,0,0,0,0,0,31,18,13
BREWSTER COUNTY,43,73 Years,95,54,41,62,35,27,0,0,0,3,2,1,30,17,13
BREWSTER COUNTY,43,74 Years,79,47,32,52,31,21,0,0,0,1,1,0,26,15,11
BREWSTER COUNTY,43,75 Years,67,41,26,40,23,17,1,1,0,1,1,0,25,16,9
BREWSTER COUNTY,43,76 Years,53,29,24,33,19,14,1,1,0,0,0,0,19,9,10
BREWSTER COUNTY,43,77 Years,63,25,38,38,18,20,0,0,0,0,0,0,25,7,18
BREWSTER COUNTY,43,78 Years,53,23,30,32,15,17,0,0,0,0,0,0,21,8,13
BREWSTER COUNTY,43,79 Years,43,20,23,30,13,17,0,0,0,0,0,0,13,7,6
BREWSTER COUNTY,43,80 Years,40,15,25,26,9,17,0,0,0,0,0,0,14,6,8
BREWSTER COUNTY,43,81 Years,48,17,31,28,11,17,0,0,0,1,1,0,19,5,14
BREWSTER COUNTY,43,82 Years,45,19,26,26,11,15,0,0,0,1,1,0,18,7,11
BREWSTER COUNTY,43,83 Years,35,17,18,24,12,12,0,0,0,1,0,1,10,5,5
BREWSTER COUNTY,43,84 Years,41,18,23,27,12,15,0,0,0,1,0,1,13,6,7
BREWSTER COUNTY,43,85 Years +,196,61,135,120,35,85,0,0,0,3,1,2,73,25,48
BRISCOE COUNTY,45,All Ages,1652,813,839,1154,564,590,42,20,22,27,15,12,429,214,215
BRISCOE COUNTY,45,< 1 Year,16,7,9,8,4,4,0,0,0,1,1,0,7,2,5
BRISCOE COUNTY,45,1 Years,17,9,8,9,5,4,0,0,0,0,0,0,8,4,4
BRISCOE COUNTY,45,2 Years,20,10,10,6,4,2,1,0,1,1,0,1,12,6,6
BRISCOE COUNTY,45,3 Years,17,7,10,8,3,5,1,0,1,0,0,0,8,4,4
BRISCOE COUNTY,45,4 Years,19,10,9,9,4,5,0,0,0,2,1,1,8,5,3
BRISCOE COUNTY,45,5 Years,23,11,12,9,3,6,0,0,0,0,0,0,14,8,6
BRISCOE COUNTY,45,6 Years,23,12,11,10,6,4,1,1,0,0,0,0,12,5,7
BRISCOE COUNTY,45,7 Years,19,10,9,11,6,5,0,0,0,0,0,0,8,4,4
BRISCOE COUNTY,45,8 Years,16,5,11,9,4,5,0,0,0,0,0,0,7,1,6
BRISCOE COUNTY,45,9 Years,18,12,6,11,8,3,0,0,0,0,0,0,7,4,3
BRISCOE COUNTY,45,10 Years,22,14,8,14,9,5,3,1,2,0,0,0,5,4,1
BRISCOE COUNTY,45,11 Years,17,9,8,9,4,5,0,0,0,1,1,0,7,4,3
BRISCOE COUNTY,45,12 Years,20,9,11,11,3,8,1,1,0,1,1,0,7,4,3
BRISCOE COUNTY,45,13 Years,29,13,16,18,7,11,0,0,0,1,0,1,10,6,4
BRISCOE COUNTY,45,14 Years,14,6,8,11,4,7,0,0,0,0,0,0,3,2,1
BRISCOE COUNTY,45,15 Years,15,7,8,7,3,4,0,0,0,0,0,0,8,4,4
BRISCOE COUNTY,45,16 Years,22,11,11,14,6,8,0,0,0,1,0,1,7,5,2
BRISCOE COUNTY,45,17 Years,20,7,13,13,4,9,0,0,0,1,0,1,6,3,3
BRISCOE COUNTY,45,18 Years,26,14,12,16,9,7,1,1,0,3,1,2,6,3,3
BRISCOE COUNTY,45,19 Years,21,14,7,9,6,3,0,0,0,2,1,1,10,7,3
BRISCOE COUNTY,45,20 Years,20,11,9,9,4,5,0,0,0,1,1,0,10,6,4
BRISCOE COUNTY,45,21 Years,15,9,6,7,4,3,0,0,0,1,1,0,7,4,3
BRISCOE COUNTY,45,22 Years,14,9,5,7,4,3,0,0,0,0,0,0,7,5,2
BRISCOE COUNTY,45,23 Years,12,5,7,4,2,2,0,0,0,0,0,0,8,3,5
BRISCOE COUNTY,45,24 Years,16,10,6,6,4,2,1,1,0,1,0,1,8,5,3
BRISCOE COUNTY,45,25 Years,10,3,7,4,2,2,0,0,0,1,0,1,5,1,4
BRISCOE COUNTY,45,26 Years,15,8,7,8,4,4,2,2,0,0,0,0,5,2,3
BRISCOE COUNTY,45,27 Years,11,6,5,7,4,3,1,1,0,0,0,0,3,1,2
BRISCOE COUNTY,45,28 Years,12,8,4,10,7,3,0,0,0,0,0,0,2,1,1
BRISCOE COUNTY,45,29 Years,12,6,6,7,3,4,0,0,0,0,0,0,5,3,2
BRISCOE COUNTY,45,30 Years,14,8,6,7,3,4,0,0,0,0,0,0,7,5,2
BRISCOE COUNTY,45,31 Years,19,11,8,12,7,5,0,0,0,0,0,0,7,4,3
BRISCOE COUNTY,45,32 Years,18,8,10,12,5,7,0,0,0,0,0,0,6,3,3
BRISCOE COUNTY,45,33 Years,13,3,10,6,1,5,0,0,0,0,0,0,7,2,5
BRISCOE COUNTY,45,34 Years,16,7,9,9,5,4,0,0,0,0,0,0,7,2,5
BRISCOE COUNTY,45,35 Years,20,14,6,9,7,2,2,1,1,0,0,0,9,6,3
BRISCOE COUNTY,45,36 Years,24,12,12,15,7,8,1,1,0,0,0,0,8,4,4
BRISCOE COUNTY,45,37 Years,24,12,12,17,9,8,1,0,1,0,0,0,6,3,3
BRISCOE COUNTY,45,38 Years,15,7,8,8,4,4,1,0,1,0,0,0,6,3,3
BRISCOE COUNTY,45,39 Years,19,11,8,11,5,6,0,0,0,1,1,0,7,5,2
BRISCOE COUNTY,45,40 Years,18,9,9,13,7,6,1,0,1,0,0,0,4,2,2
BRISCOE COUNTY,45,41 Years,17,7,10,14,6,8,0,0,0,0,0,0,3,1,2
BRISCOE COUNTY,45,42 Years,17,8,9,11,6,5,1,1,0,0,0,0,5,1,4
BRISCOE COUNTY,45,43 Years,23,11,12,16,9,7,1,1,0,0,0,0,6,1,5
BRISCOE COUNTY,45,44 Years,12,6,6,7,4,3,0,0,0,0,0,0,5,2,3
BRISCOE COUNTY,45,45 Years,15,8,7,13,7,6,0,0,0,0,0,0,2,1,1
BRISCOE COUNTY,45,46 Years,15,8,7,12,6,6,0,0,0,0,0,0,3,2,1
BRISCOE COUNTY,45,47 Years,27,13,14,23,12,11,1,0,1,0,0,0,3,1,2
BRISCOE COUNTY,45,48 Years,25,9,16,17,8,9,1,0,1,0,0,0,7,1,6
BRISCOE COUNTY,45,49 Years,20,9,11,14,6,8,0,0,0,1,1,0,5,2,3
BRISCOE COUNTY,45,50 Years,29,17,12,20,10,10,0,0,0,1,1,0,8,6,2
BRISCOE COUNTY,45,51 Years,27,18,9,21,13,8,0,0,0,0,0,0,6,5,1
BRISCOE COUNTY,45,52 Years,25,12,13,19,9,10,0,0,0,0,0,0,6,3,3
BRISCOE COUNTY,45,53 Years,22,13,9,16,11,5,0,0,0,0,0,0,6,2,4
BRISCOE COUNTY,45,54 Years,18,7,11,13,5,8,1,1,0,0,0,0,4,1,3
BRISCOE COUNTY,45,55 Years,23,11,12,18,8,10,1,1,0,0,0,0,4,2,2
BRISCOE COUNTY,45,56 Years,22,8,14,20,7,13,1,1,0,0,0,0,1,0,1
BRISCOE COUNTY,45,57 Years,21,8,13,17,6,11,1,1,0,1,0,1,2,1,1
BRISCOE COUNTY,45,58 Years,22,8,14,19,8,11,1,0,1,0,0,0,2,0,2
BRISCOE COUNTY,45,59 Years,24,14,10,21,12,9,0,0,0,1,1,0,2,1,1
BRISCOE COUNTY,45,60 Years,25,15,10,24,14,10,0,0,0,0,0,0,1,1,0
BRISCOE COUNTY,45,61 Years,19,11,8,16,8,8,0,0,0,1,1,0,2,2,0
BRISCOE COUNTY,45,62 Years,19,7,12,16,5,11,0,0,0,0,0,0,3,2,1
BRISCOE COUNTY,45,63 Years,23,10,13,19,9,10,0,0,0,0,0,0,4,1,3
BRISCOE COUNTY,45,64 Years,24,11,13,19,9,10,2,1,1,0,0,0,3,1,2
BRISCOE COUNTY,45,65 Years,31,16,15,26,14,12,1,0,1,1,1,0,3,1,2
BRISCOE COUNTY,45,66 Years,33,18,15,28,16,12,1,0,1,0,0,0,4,2,2
BRISCOE COUNTY,45,67 Years,20,12,8,16,11,5,1,0,1,0,0,0,3,1,2
BRISCOE COUNTY,45,68 Years,22,11,11,17,9,8,2,1,1,0,0,0,3,1,2
BRISCOE COUNTY,45,69 Years,23,11,12,18,8,10,1,1,0,1,0,1,3,2,1
BRISCOE COUNTY,45,70 Years,22,11,11,19,9,10,0,0,0,0,0,0,3,2,1
BRISCOE COUNTY,45,71 Years,15,9,6,14,8,6,0,0,0,0,0,0,1,1,0
BRISCOE COUNTY,45,72 Years,15,7,8,14,6,8,0,0,0,0,0,0,1,1,0
BRISCOE COUNTY,45,73 Years,14,4,10,12,4,8,1,0,1,0,0,0,1,0,1
BRISCOE COUNTY,45,74 Years,18,10,8,16,9,7,0,0,0,0,0,0,2,1,1
BRISCOE COUNTY,45,75 Years,15,7,8,14,7,7,0,0,0,0,0,0,1,0,1
BRISCOE COUNTY,45,76 Years,16,6,10,14,6,8,1,0,1,0,0,0,1,0,1
BRISCOE COUNTY,45,77 Years,18,8,10,16,7,9,0,0,0,0,0,0,2,1,1
BRISCOE COUNTY,45,78 Years,14,7,7,12,6,6,0,0,0,0,0,0,2,1,1
BRISCOE COUNTY,45,79 Years,15,8,7,14,8,6,0,0,0,0,0,0,1,0,1
BRISCOE COUNTY,45,80 Years,22,13,9,19,10,9,0,0,0,0,0,0,3,3,0
BRISCOE COUNTY,45,81 Years,14,6,8,14,6,8,0,0,0,0,0,0,0,0,0
BRISCOE COUNTY,45,82 Years,13,5,8,11,4,7,0,0,0,0,0,0,2,1,1
BRISCOE COUNTY,45,83 Years,5,2,3,5,2,3,0,0,0,0,0,0,0,0,0
BRISCOE COUNTY,45,84 Years,7,4,3,6,4,2,0,0,0,0,0,0,1,0,1
BRISCOE COUNTY,45,85 Years +,55,15,40,44,12,32,5,1,4,1,1,0,5,1,4
BROOKS COUNTY,47,All Ages,7303,3628,3675,574,282,292,23,13,10,41,17,24,6665,3316,3349
BROOKS COUNTY,47,< 1 Year,130,66,64,6,4,2,1,1,0,1,0,1,122,61,61
BROOKS COUNTY,47,1 Years,125,64,61,6,3,3,0,0,0,1,0,1,118,61,57
BROOKS COUNTY,47,2 Years,127,63,64,8,4,4,0,0,0,0,0,0,119,59,60
BROOKS COUNTY,47,3 Years,113,61,52,6,2,4,0,0,0,0,0,0,107,59,48
BROOKS COUNTY,47,4 Years,115,60,55,11,7,4,0,0,0,2,0,2,102,53,49
BROOKS COUNTY,47,5 Years,133,69,64,7,5,2,0,0,0,1,0,1,125,64,61
BROOKS COUNTY,47,6 Years,124,69,55,9,6,3,0,0,0,0,0,0,115,63,52
BROOKS COUNTY,47,7 Years,112,54,58,7,4,3,0,0,0,0,0,0,105,50,55
BROOKS COUNTY,47,8 Years,104,53,51,5,3,2,1,0,1,2,2,0,96,48,48
BROOKS COUNTY,47,9 Years,87,40,47,4,1,3,1,0,1,0,0,0,82,39,43
BROOKS COUNTY,47,10 Years,113,55,58,7,1,6,1,1,0,0,0,0,105,53,52
BROOKS COUNTY,47,11 Years,103,52,51,5,4,1,0,0,0,1,0,1,97,48,49
BROOKS COUNTY,47,12 Years,106,61,45,6,3,3,1,1,0,1,1,0,98,56,42
BROOKS COUNTY,47,13 Years,107,66,41,6,4,2,1,0,1,1,1,0,99,61,38
BROOKS COUNTY,47,14 Years,106,60,46,7,5,2,1,0,1,0,0,0,98,55,43
BROOKS COUNTY,47,15 Years,100,58,42,6,5,1,0,0,0,0,0,0,94,53,41
BROOKS COUNTY,47,16 Years,108,56,52,4,2,2,0,0,0,1,0,1,103,54,49
BROOKS COUNTY,47,17 Years,99,58,41,4,1,3,0,0,0,1,0,1,94,57,37
BROOKS COUNTY,47,18 Years,101,58,43,3,2,1,0,0,0,1,0,1,97,56,41
BROOKS COUNTY,47,19 Years,126,66,60,7,2,5,0,0,0,0,0,0,119,64,55
BROOKS COUNTY,47,20 Years,121,66,55,5,2,3,0,0,0,0,0,0,116,64,52
BROOKS COUNTY,47,21 Years,107,57,50,3,1,2,0,0,0,2,1,1,102,55,47
BROOKS COUNTY,47,22 Years,107,52,55,5,3,2,0,0,0,3,2,1,99,47,52
BROOKS COUNTY,47,23 Years,92,52,40,5,3,2,0,0,0,1,0,1,86,49,37
BROOKS COUNTY,47,24 Years,98,52,46,7,1,6,0,0,0,0,0,0,91,51,40
BROOKS COUNTY,47,25 Years,88,45,43,6,2,4,1,1,0,2,1,1,79,41,38
BROOKS COUNTY,47,26 Years,82,36,46,6,2,4,0,0,0,2,0,2,74,34,40
BROOKS COUNTY,47,27 Years,74,42,32,5,3,2,0,0,0,0,0,0,69,39,30
BROOKS COUNTY,47,28 Years,79,44,35,6,3,3,1,0,1,0,0,0,72,41,31
BROOKS COUNTY,47,29 Years,82,34,48,6,1,5,1,1,0,0,0,0,75,32,43
BROOKS COUNTY,47,30 Years,79,34,45,7,3,4,3,1,2,0,0,0,69,30,39
BROOKS COUNTY,47,31 Years,89,45,44,6,3,3,0,0,0,0,0,0,83,42,41
BROOKS COUNTY,47,32 Years,75,34,41,5,2,3,1,1,0,0,0,0,69,31,38
BROOKS COUNTY,47,33 Years,60,33,27,4,2,2,1,1,0,0,0,0,55,30,25
BROOKS COUNTY,47,34 Years,66,36,30,3,1,2,0,0,0,0,0,0,63,35,28
BROOKS COUNTY,47,35 Years,59,28,31,5,1,4,0,0,0,0,0,0,54,27,27
BROOKS COUNTY,47,36 Years,63,29,34,5,2,3,0,0,0,1,1,0,57,26,31
BROOKS COUNTY,47,37 Years,66,38,28,4,2,2,1,0,1,3,3,0,58,33,25
BROOKS COUNTY,47,38 Years,52,34,18,5,4,1,1,1,0,0,0,0,46,29,17
BROOKS COUNTY,47,39 Years,76,40,36,12,7,5,0,0,0,1,1,0,63,32,31
BROOKS COUNTY,47,40 Years,70,28,42,7,4,3,1,1,0,2,1,1,60,22,38
BROOKS COUNTY,47,41 Years,66,31,35,8,4,4,0,0,0,1,1,0,57,26,31
BROOKS COUNTY,47,42 Years,57,28,29,6,3,3,0,0,0,0,0,0,51,25,26
BROOKS COUNTY,47,43 Years,62,25,37,3,1,2,1,1,0,0,0,0,58,23,35
BROOKS COUNTY,47,44 Years,65,33,32,2,2,0,1,0,1,2,1,1,60,30,30
BROOKS COUNTY,47,45 Years,79,42,37,4,2,2,0,0,0,1,0,1,74,40,34
BROOKS COUNTY,47,46 Years,83,40,43,5,3,2,0,0,0,0,0,0,78,37,41
BROOKS COUNTY,47,47 Years,90,42,48,7,4,3,0,0,0,0,0,0,83,38,45
BROOKS COUNTY,47,48 Years,83,38,45,5,4,1,1,1,0,0,0,0,77,33,44
BROOKS COUNTY,47,49 Years,96,45,51,7,3,4,1,1,0,0,0,0,88,41,47
BROOKS COUNTY,47,50 Years,108,50,58,9,3,6,0,0,0,1,1,0,98,46,52
BROOKS COUNTY,47,51 Years,93,48,45,8,3,5,0,0,0,0,0,0,85,45,40
BROOKS COUNTY,47,52 Years,99,43,56,5,2,3,0,0,0,0,0,0,94,41,53
BROOKS COUNTY,47,53 Years,91,48,43,7,3,4,0,0,0,0,0,0,84,45,39
BROOKS COUNTY,47,54 Years,85,39,46,6,4,2,0,0,0,0,0,0,79,35,44
BROOKS COUNTY,47,55 Years,97,46,51,7,3,4,0,0,0,1,0,1,89,43,46
BROOKS COUNTY,47,56 Years,96,48,48,10,4,6,0,0,0,1,0,1,85,44,41
BROOKS COUNTY,47,57 Years,102,48,54,10,5,5,0,0,0,1,0,1,91,43,48
BROOKS COUNTY,47,58 Years,98,53,45,12,6,6,0,0,0,1,0,1,85,47,38
BROOKS COUNTY,47,59 Years,92,47,45,11,5,6,0,0,0,0,0,0,81,42,39
BROOKS COUNTY,47,60 Years,83,42,41,8,3,5,0,0,0,0,0,0,75,39,36
BROOKS COUNTY,47,61 Years,90,49,41,7,5,2,0,0,0,0,0,0,83,44,39
BROOKS COUNTY,47,62 Years,89,38,51,10,3,7,0,0,0,0,0,0,79,35,44
BROOKS COUNTY,47,63 Years,85,39,46,9,3,6,0,0,0,0,0,0,76,36,40
BROOKS COUNTY,47,64 Years,86,46,40,10,6,4,0,0,0,0,0,0,76,40,36
BROOKS COUNTY,47,65 Years,92,43,49,9,5,4,0,0,0,0,0,0,83,38,45
BROOKS COUNTY,47,66 Years,83,44,39,6,4,2,0,0,0,0,0,0,77,40,37
BROOKS COUNTY,47,67 Years,96,49,47,10,6,4,0,0,0,0,0,0,86,43,43
BROOKS COUNTY,47,68 Years,70,31,39,3,1,2,0,0,0,0,0,0,67,30,37
BROOKS COUNTY,47,69 Years,68,31,37,9,5,4,0,0,0,0,0,0,59,26,33
BROOKS COUNTY,47,70 Years,64,29,35,9,5,4,0,0,0,1,0,1,54,24,30
BROOKS COUNTY,47,71 Years,53,27,26,7,6,1,0,0,0,0,0,0,46,21,25
BROOKS COUNTY,47,72 Years,62,26,36,8,5,3,0,0,0,0,0,0,54,21,33
BROOKS COUNTY,47,73 Years,65,28,37,5,3,2,0,0,0,0,0,0,60,25,35
BROOKS COUNTY,47,74 Years,56,25,31,6,4,2,0,0,0,0,0,0,50,21,29
BROOKS COUNTY,47,75 Years,55,27,28,5,2,3,0,0,0,0,0,0,50,25,25
BROOKS COUNTY,47,76 Years,58,32,26,12,7,5,0,0,0,0,0,0,46,25,21
BROOKS COUNTY,47,77 Years,48,21,27,5,4,1,0,0,0,0,0,0,43,17,26
BROOKS COUNTY,47,78 Years,44,19,25,6,4,2,0,0,0,1,0,1,37,15,22
BROOKS COUNTY,47,79 Years,34,14,20,3,1,2,0,0,0,0,0,0,31,13,18
BROOKS COUNTY,47,80 Years,29,11,18,3,1,2,0,0,0,0,0,0,26,10,16
BROOKS COUNTY,47,81 Years,42,15,27,3,0,3,0,0,0,0,0,0,39,15,24
BROOKS COUNTY,47,82 Years,52,24,28,9,5,4,1,0,1,0,0,0,42,19,23
BROOKS COUNTY,47,83 Years,41,16,25,6,1,5,0,0,0,0,0,0,35,15,20
BROOKS COUNTY,47,84 Years,43,18,25,7,2,5,0,0,0,0,0,0,36,16,20
BROOKS COUNTY,47,85 Years +,149,42,107,26,7,19,0,0,0,0,0,0,123,35,88
BROWN COUNTY,49,All Ages,38762,19180,19582,28690,14043,14647,1332,728,604,918,462,456,7822,3947,3875
BROWN COUNTY,49,< 1 Year,423,204,219,308,148,160,13,7,6,8,5,3,94,44,50
BROWN COUNTY,49,1 Years,455,227,228,305,151,154,17,9,8,9,5,4,124,62,62
BROWN COUNTY,49,2 Years,450,237,213,274,158,116,22,13,9,13,7,6,141,59,82
BROWN COUNTY,49,3 Years,476,263,213,282,157,125,21,14,7,20,11,9,153,81,72
BROWN COUNTY,49,4 Years,466,255,211,265,145,120,17,7,10,23,18,5,161,85,76
BROWN COUNTY,49,5 Years,521,264,257,310,154,156,17,6,11,22,13,9,172,91,81
BROWN COUNTY,49,6 Years,508,256,252,272,144,128,16,7,9,21,12,9,199,93,106
BROWN COUNTY,49,7 Years,492,236,256,280,136,144,13,4,9,20,12,8,179,84,95
BROWN COUNTY,49,8 Years,505,256,249,294,156,138,16,6,10,29,14,15,166,80,86
BROWN COUNTY,49,9 Years,540,297,243,323,185,138,17,7,10,22,9,13,178,96,82
BROWN COUNTY,49,10 Years,533,272,261,327,171,156,14,6,8,20,10,10,172,85,87
BROWN COUNTY,49,11 Years,525,272,253,343,188,155,17,7,10,19,10,9,146,67,79
BROWN COUNTY,49,12 Years,534,270,264,337,175,162,18,6,12,24,13,11,155,76,79
BROWN COUNTY,49,13 Years,520,266,254,318,168,150,15,8,7,21,13,8,166,77,89
BROWN COUNTY,49,14 Years,528,275,253,332,177,155,18,7,11,17,10,7,161,81,80
BROWN COUNTY,49,15 Years,529,271,258,352,193,159,18,8,10,12,4,8,147,66,81
BROWN COUNTY,49,16 Years,522,269,253,358,187,171,17,7,10,9,3,6,138,72,66
BROWN COUNTY,49,17 Years,537,258,279,360,174,186,24,9,15,7,3,4,146,72,74
BROWN COUNTY,49,18 Years,574,295,279,361,180,181,39,17,22,12,7,5,162,91,71
BROWN COUNTY,49,19 Years,543,272,271,329,160,169,47,22,25,12,7,5,155,83,72
BROWN COUNTY,49,20 Years,543,295,248,336,178,158,32,19,13,13,5,8,162,93,69
BROWN COUNTY,49,21 Years,536,291,245,369,202,167,25,14,11,17,7,10,125,68,57
BROWN COUNTY,49,22 Years,521,270,251,354,183,171,33,19,14,12,5,7,122,63,59
BROWN COUNTY,49,23 Years,513,252,261,347,171,176,24,10,14,13,6,7,129,65,64
BROWN COUNTY,49,24 Years,506,250,256,344,167,177,19,9,10,12,5,7,131,69,62
BROWN COUNTY,49,25 Years,463,211,252,310,135,175,29,17,12,12,5,7,112,54,58
BROWN COUNTY,49,26 Years,417,208,209,276,128,148,20,17,3,12,4,8,109,59,50
BROWN COUNTY,49,27 Years,387,190,197,260,128,132,16,11,5,14,6,8,97,45,52
BROWN COUNTY,49,28 Years,443,220,223,295,136,159,20,16,4,8,4,4,120,64,56
BROWN COUNTY,49,29 Years,442,228,214,313,157,156,16,12,4,8,5,3,105,54,51
BROWN COUNTY,49,30 Years,416,201,215,297,145,152,13,8,5,5,3,2,101,45,56
BROWN COUNTY,49,31 Years,437,236,201,306,163,143,25,16,9,5,2,3,101,55,46
BROWN COUNTY,49,32 Years,421,212,209,302,148,154,19,12,7,6,0,6,94,52,42
BROWN COUNTY,49,33 Years,434,220,214,298,154,144,23,14,9,8,4,4,105,48,57
BROWN COUNTY,49,34 Years,417,219,198,292,153,139,17,13,4,6,4,2,102,49,53
BROWN COUNTY,49,35 Years,412,211,201,293,145,148,15,12,3,6,3,3,98,51,47
BROWN COUNTY,49,36 Years,420,202,218,276,126,150,22,17,5,11,6,5,111,53,58
BROWN COUNTY,49,37 Years,417,205,212,276,125,151,14,10,4,14,8,6,113,62,51
BROWN COUNTY,49,38 Years,417,206,211,286,134,152,15,11,4,11,5,6,105,56,49
BROWN COUNTY,49,39 Years,432,218,214,305,155,150,17,10,7,13,4,9,97,49,48
BROWN COUNTY,49,40 Years,466,223,243,343,163,180,13,8,5,7,3,4,103,49,54
BROWN COUNTY,49,41 Years,459,222,237,340,173,167,15,8,7,4,2,2,100,39,61
BROWN COUNTY,49,42 Years,472,257,215,359,193,166,18,13,5,7,4,3,88,47,41
BROWN COUNTY,49,43 Years,444,231,213,314,159,155,27,19,8,14,8,6,89,45,44
BROWN COUNTY,49,44 Years,434,228,206,311,163,148,20,12,8,10,4,6,93,49,44
BROWN COUNTY,49,45 Years,420,208,212,308,154,154,14,7,7,6,4,2,92,43,49
BROWN COUNTY,49,46 Years,448,226,222,333,170,163,13,7,6,8,4,4,94,45,49
BROWN COUNTY,49,47 Years,480,241,239,358,179,179,16,11,5,12,5,7,94,46,48
BROWN COUNTY,49,48 Years,505,268,237,379,195,184,14,7,7,13,7,6,99,59,40
BROWN COUNTY,49,49 Years,557,273,284,427,196,231,18,9,9,11,8,3,101,60,41
BROWN COUNTY,49,50 Years,539,267,272,420,206,214,15,7,8,14,6,8,90,48,42
BROWN COUNTY,49,51 Years,541,273,268,414,197,217,23,18,5,9,3,6,95,55,40
BROWN COUNTY,49,52 Years,562,273,289,443,205,238,20,16,4,12,5,7,87,47,40
BROWN COUNTY,49,53 Years,547,282,265,432,222,210,20,10,10,9,4,5,86,46,40
BROWN COUNTY,49,54 Years,520,253,267,419,202,217,22,10,12,7,4,3,72,37,35
BROWN COUNTY,49,55 Years,550,265,285,439,206,233,27,15,12,8,3,5,76,41,35
BROWN COUNTY,49,56 Years,527,249,278,442,208,234,17,9,8,8,3,5,60,29,31
BROWN COUNTY,49,57 Years,508,238,270,425,197,228,18,11,7,11,4,7,54,26,28
BROWN COUNTY,49,58 Years,490,235,255,396,193,203,15,8,7,14,6,8,65,28,37
BROWN COUNTY,49,59 Years,493,234,259,409,193,216,13,6,7,9,5,4,62,30,32
BROWN COUNTY,49,60 Years,496,237,259,414,193,221,14,8,6,8,3,5,60,33,27
BROWN COUNTY,49,61 Years,492,228,264,422,193,229,9,6,3,6,4,2,55,25,30
BROWN COUNTY,49,62 Years,507,239,268,427,201,226,9,4,5,9,4,5,62,30,32
BROWN COUNTY,49,63 Years,536,271,265,461,234,227,6,1,5,13,8,5,56,28,28
BROWN COUNTY,49,64 Years,504,240,264,437,207,230,11,5,6,13,8,5,43,20,23
BROWN COUNTY,49,65 Years,530,262,268,465,229,236,11,4,7,9,2,7,45,27,18
BROWN COUNTY,49,66 Years,454,231,223,396,200,196,6,4,2,11,7,4,41,20,21
BROWN COUNTY,49,67 Years,434,206,228,383,186,197,10,4,6,12,6,6,29,10,19
BROWN COUNTY,49,68 Years,439,221,218,392,196,196,6,4,2,11,5,6,30,16,14
BROWN COUNTY,49,69 Years,433,218,215,384,195,189,9,3,6,8,4,4,32,16,16
BROWN COUNTY,49,70 Years,407,184,223,364,168,196,6,1,5,6,3,3,31,12,19
BROWN COUNTY,49,71 Years,389,172,217,354,156,198,6,4,2,4,2,2,25,10,15
BROWN COUNTY,49,72 Years,355,168,187,312,146,166,7,2,5,10,5,5,26,15,11
BROWN COUNTY,49,73 Years,319,146,173,285,130,155,5,1,4,6,3,3,23,12,11
BROWN COUNTY,49,74 Years,287,139,148,256,124,132,1,1,0,6,3,3,24,11,13
BROWN COUNTY,49,75 Years,278,137,141,256,128,128,5,2,3,4,1,3,13,6,7
BROWN COUNTY,49,76 Years,296,142,154,270,129,141,6,2,4,8,5,3,12,6,6
BROWN COUNTY,49,77 Years,259,121,138,230,107,123,4,2,2,5,2,3,20,10,10
BROWN COUNTY,49,78 Years,217,102,115,196,91,105,2,1,1,1,1,0,18,9,9
BROWN COUNTY,49,79 Years,213,99,114,185,85,100,5,3,2,2,1,1,21,10,11
BROWN COUNTY,49,80 Years,217,98,119,191,82,109,5,4,1,5,4,1,16,8,8
BROWN COUNTY,49,81 Years,198,81,117,179,72,107,2,1,1,3,2,1,14,6,8
BROWN COUNTY,49,82 Years,191,82,109,170,74,96,4,1,3,2,1,1,15,6,9
BROWN COUNTY,49,83 Years,149,69,80,132,59,73,1,0,1,5,4,1,11,6,5
BROWN COUNTY,49,84 Years,140,64,76,130,57,73,2,1,1,2,1,1,6,5,1
BROWN COUNTY,49,85 Years +,885,317,568,823,287,536,12,4,8,10,4,6,40,22,18
BURLESON COUNTY,51,All Ages,17706,8776,8930,11931,5846,6085,2130,1029,1101,267,128,139,3378,1773,1605
BURLESON COUNTY,51,< 1 Year,197,100,97,120,61,59,26,12,14,2,2,0,49,25,24
BURLESON COUNTY,51,1 Years,202,102,100,128,66,62,23,10,13,3,1,2,48,25,23
BURLESON COUNTY,51,2 Years,203,109,94,108,58,50,20,9,11,4,2,2,71,40,31
BURLESON COUNTY,51,3 Years,196,109,87,107,61,46,18,10,8,9,3,6,62,35,27
BURLESON COUNTY,51,4 Years,236,129,107,128,68,60,22,12,10,11,6,5,75,43,32
BURLESON COUNTY,51,5 Years,236,123,113,119,59,60,28,17,11,5,3,2,84,44,40
BURLESON COUNTY,51,6 Years,224,113,111,112,54,58,27,14,13,6,5,1,79,40,39
BURLESON COUNTY,51,7 Years,236,117,119,120,61,59,36,15,21,9,5,4,71,36,35
BURLESON COUNTY,51,8 Years,246,136,110,122,72,50,43,20,23,5,3,2,76,41,35
BURLESON COUNTY,51,9 Years,210,107,103,112,57,55,30,15,15,5,2,3,63,33,30
BURLESON COUNTY,51,10 Years,214,109,105,124,62,62,20,10,10,3,1,2,67,36,31
BURLESON COUNTY,51,11 Years,241,119,122,130,60,70,30,16,14,4,1,3,77,42,35
BURLESON COUNTY,51,12 Years,235,117,118,133,60,73,32,19,13,5,2,3,65,36,29
BURLESON COUNTY,51,13 Years,227,114,113,119,59,60,41,17,24,5,4,1,62,34,28
BURLESON COUNTY,51,14 Years,233,106,127,131,55,76,34,17,17,5,3,2,63,31,32
BURLESON COUNTY,51,15 Years,246,124,122,146,72,74,33,19,14,8,6,2,59,27,32
BURLESON COUNTY,51,16 Years,256,147,109,146,86,60,33,18,15,6,4,2,71,39,32
BURLESON COUNTY,51,17 Years,261,138,123,152,79,73,42,19,23,3,2,1,64,38,26
BURLESON COUNTY,51,18 Years,234,122,112,140,73,67,38,20,18,4,1,3,52,28,24
BURLESON COUNTY,51,19 Years,228,113,115,125,66,59,37,13,24,4,2,2,62,32,30
BURLESON COUNTY,51,20 Years,211,105,106,124,64,60,32,12,20,3,3,0,52,26,26
BURLESON COUNTY,51,21 Years,196,93,103,116,53,63,28,12,16,5,3,2,47,25,22
BURLESON COUNTY,51,22 Years,185,97,88,99,47,52,26,15,11,5,2,3,55,33,22
BURLESON COUNTY,51,23 Years,166,89,77,92,50,42,21,10,11,1,1,0,52,28,24
BURLESON COUNTY,51,24 Years,173,79,94,111,50,61,22,9,13,1,0,1,39,20,19
BURLESON COUNTY,51,25 Years,176,86,90,110,54,56,27,13,14,2,1,1,37,18,19
BURLESON COUNTY,51,26 Years,186,95,91,113,59,54,20,10,10,3,0,3,50,26,24
BURLESON COUNTY,51,27 Years,184,94,90,109,52,57,24,12,12,1,0,1,50,30,20
BURLESON COUNTY,51,28 Years,163,85,78,105,48,57,16,10,6,0,0,0,42,27,15
BURLESON COUNTY,51,29 Years,160,76,84,97,48,49,22,12,10,1,0,1,40,16,24
BURLESON COUNTY,51,30 Years,185,92,93,127,65,62,20,9,11,1,0,1,37,18,19
BURLESON COUNTY,51,31 Years,201,105,96,134,72,62,22,9,13,2,2,0,43,22,21
BURLESON COUNTY,51,32 Years,186,86,100,111,50,61,21,12,9,3,2,1,51,22,29
BURLESON COUNTY,51,33 Years,168,74,94,102,45,57,18,8,10,2,1,1,46,20,26
BURLESON COUNTY,51,34 Years,162,82,80,97,54,43,20,9,11,3,1,2,42,18,24
BURLESON COUNTY,51,35 Years,164,85,79,101,58,43,20,7,13,5,1,4,38,19,19
BURLESON COUNTY,51,36 Years,165,81,84,99,49,50,19,9,10,3,1,2,44,22,22
BURLESON COUNTY,51,37 Years,182,94,88,109,55,54,23,11,12,2,1,1,48,27,21
BURLESON COUNTY,51,38 Years,169,83,86,100,51,49,25,11,14,3,1,2,41,20,21
BURLESON COUNTY,51,39 Years,195,92,103,121,54,67,26,13,13,3,2,1,45,23,22
BURLESON COUNTY,51,40 Years,205,104,101,133,64,69,28,17,11,2,1,1,42,22,20
BURLESON COUNTY,51,41 Years,202,117,85,137,80,57,23,11,12,2,1,1,40,25,15
BURLESON COUNTY,51,42 Years,214,106,108,147,75,72,21,9,12,2,0,2,44,22,22
BURLESON COUNTY,51,43 Years,204,97,107,143,70,73,21,9,12,1,0,1,39,18,21
BURLESON COUNTY,51,44 Years,238,130,108,161,82,79,35,22,13,1,0,1,41,26,15
BURLESON COUNTY,51,45 Years,225,107,118,152,70,82,28,15,13,3,1,2,42,21,21
BURLESON COUNTY,51,46 Years,247,123,124,174,85,89,25,16,9,4,2,2,44,20,24
BURLESON COUNTY,51,47 Years,236,118,118,170,79,91,18,11,7,2,2,0,46,26,20
BURLESON COUNTY,51,48 Years,259,133,126,188,96,92,31,15,16,1,0,1,39,22,17
BURLESON COUNTY,51,49 Years,290,142,148,202,97,105,35,17,18,5,2,3,48,26,22
BURLESON COUNTY,51,50 Years,263,129,134,187,85,102,29,19,10,4,1,3,43,24,19
BURLESON COUNTY,51,51 Years,263,132,131,194,93,101,23,15,8,4,2,2,42,22,20
BURLESON COUNTY,51,52 Years,283,143,140,214,111,103,23,12,11,4,0,4,42,20,22
BURLESON COUNTY,51,53 Years,277,134,143,208,98,110,26,16,10,6,2,4,37,18,19
BURLESON COUNTY,51,54 Years,290,144,146,223,103,120,34,20,14,1,1,0,32,20,12
BURLESON COUNTY,51,55 Years,289,139,150,219,105,114,36,16,20,3,2,1,31,16,15
BURLESON COUNTY,51,56 Years,288,131,157,228,112,116,26,5,21,2,1,1,32,13,19
BURLESON COUNTY,51,57 Years,281,132,149,228,107,121,27,10,17,1,0,1,25,15,10
BURLESON COUNTY,51,58 Years,277,129,148,211,95,116,32,17,15,4,2,2,30,15,15
BURLESON COUNTY,51,59 Years,269,144,125,203,108,95,36,22,14,4,1,3,26,13,13
BURLESON COUNTY,51,60 Years,231,108,123,181,88,93,27,12,15,2,1,1,21,7,14
BURLESON COUNTY,51,61 Years,251,129,122,182,94,88,35,17,18,4,3,1,30,15,15
BURLESON COUNTY,51,62 Years,254,123,131,188,93,95,36,17,19,5,1,4,25,12,13
BURLESON COUNTY,51,63 Years,241,121,120,181,89,92,33,15,18,5,1,4,22,16,6
BURLESON COUNTY,51,64 Years,232,113,119,181,90,91,30,13,17,2,0,2,19,10,9
BURLESON COUNTY,51,65 Years,241,119,122,191,94,97,24,11,13,5,2,3,21,12,9
BURLESON COUNTY,51,66 Years,216,107,109,167,87,80,15,6,9,4,1,3,30,13,17
BURLESON COUNTY,51,67 Years,192,104,88,149,83,66,20,11,9,3,2,1,20,8,12
BURLESON COUNTY,51,68 Years,196,103,93,160,83,77,14,7,7,4,2,2,18,11,7
BURLESON COUNTY,51,69 Years,173,90,83,140,71,69,16,9,7,4,2,2,13,8,5
BURLESON COUNTY,51,70 Years,145,79,66,116,66,50,11,3,8,3,2,1,15,8,7
BURLESON COUNTY,51,71 Years,145,67,78,120,53,67,12,4,8,3,3,0,10,7,3
BURLESON COUNTY,51,72 Years,147,75,72,115,55,60,18,9,9,1,1,0,13,10,3
BURLESON COUNTY,51,73 Years,149,70,79,115,53,62,17,8,9,2,1,1,15,8,7
BURLESON COUNTY,51,74 Years,125,57,68,103,50,53,11,3,8,1,0,1,10,4,6
BURLESON COUNTY,51,75 Years,126,60,66,108,56,52,11,3,8,0,0,0,7,1,6
BURLESON COUNTY,51,76 Years,134,66,68,110,54,56,14,8,6,1,1,0,9,3,6
BURLESON COUNTY,51,77 Years,114,53,61,87,38,49,18,9,9,0,0,0,9,6,3
BURLESON COUNTY,51,78 Years,122,48,74,99,39,60,11,5,6,1,0,1,11,4,7
BURLESON COUNTY,51,79 Years,110,50,60,83,36,47,15,7,8,1,1,0,11,6,5
BURLESON COUNTY,51,80 Years,110,44,66,87,37,50,14,4,10,0,0,0,9,3,6
BURLESON COUNTY,51,81 Years,100,47,53,84,42,42,9,2,7,1,1,0,6,2,4
BURLESON COUNTY,51,82 Years,120,52,68,92,36,56,14,7,7,1,0,1,13,9,4
BURLESON COUNTY,51,83 Years,91,45,46,73,34,39,10,7,3,0,0,0,8,4,4
BURLESON COUNTY,51,84 Years,76,36,40,61,28,33,9,4,5,1,0,1,5,4,1
BURLESON COUNTY,51,85 Years +,427,149,278,337,115,222,64,19,45,2,2,0,24,13,11
BURNET COUNTY,53,All Ages,43906,21573,22333,33008,15971,17037,728,384,344,908,420,488,9262,4798,4464
BURNET COUNTY,53,< 1 Year,457,239,218,273,141,132,2,1,1,16,8,8,166,89,77
BURNET COUNTY,53,1 Years,486,246,240,284,143,141,10,5,5,15,9,6,177,89,88
BURNET COUNTY,53,2 Years,488,265,223,272,150,122,6,4,2,14,7,7,196,104,92
BURNET COUNTY,53,3 Years,499,270,229,273,147,126,7,4,3,11,6,5,208,113,95
BURNET COUNTY,53,4 Years,499,275,224,291,159,132,8,6,2,13,7,6,187,103,84
BURNET COUNTY,53,5 Years,504,272,232,286,160,126,9,4,5,14,9,5,195,99,96
BURNET COUNTY,53,6 Years,528,271,257,307,160,147,11,4,7,12,7,5,198,100,98
BURNET COUNTY,53,7 Years,554,289,265,334,172,162,6,3,3,16,9,7,198,105,93
BURNET COUNTY,53,8 Years,550,277,273,325,162,163,8,5,3,12,5,7,205,105,100
BURNET COUNTY,53,9 Years,560,278,282,347,175,172,8,4,4,13,6,7,192,93,99
BURNET COUNTY,53,10 Years,600,304,296,378,191,187,10,5,5,15,6,9,197,102,95
BURNET COUNTY,53,11 Years,577,295,282,354,180,174,11,6,5,23,13,10,189,96,93
BURNET COUNTY,53,12 Years,587,305,282,373,196,177,17,8,9,16,9,7,181,92,89
BURNET COUNTY,53,13 Years,617,310,307,386,194,192,16,10,6,18,9,9,197,97,100
BURNET COUNTY,53,14 Years,604,288,316,362,173,189,11,9,2,16,8,8,215,98,117
BURNET COUNTY,53,15 Years,585,289,296,374,188,186,8,4,4,18,8,10,185,89,96
BURNET COUNTY,53,16 Years,588,306,282,389,205,184,9,5,4,17,10,7,173,86,87
BURNET COUNTY,53,17 Years,566,281,285,386,189,197,7,2,5,16,8,8,157,82,75
BURNET COUNTY,53,18 Years,575,280,295,382,182,200,11,6,5,13,5,8,169,87,82
BURNET COUNTY,53,19 Years,630,321,309,425,213,212,18,10,8,14,9,5,173,89,84
BURNET COUNTY,53,20 Years,548,286,262,339,174,165,17,10,7,16,7,9,176,95,81
BURNET COUNTY,53,21 Years,455,238,217,255,122,133,20,14,6,13,8,5,167,94,73
BURNET COUNTY,53,22 Years,445,253,192,249,136,113,14,10,4,11,5,6,171,102,69
BURNET COUNTY,53,23 Years,399,212,187,235,126,109,9,7,2,7,2,5,148,77,71
BURNET COUNTY,53,24 Years,390,212,178,235,120,115,16,13,3,5,1,4,134,78,56
BURNET COUNTY,53,25 Years,408,207,201,252,119,133,12,8,4,10,3,7,134,77,57
BURNET COUNTY,53,26 Years,435,220,215,269,130,139,11,7,4,8,1,7,147,82,65
BURNET COUNTY,53,27 Years,436,224,212,254,130,124,22,10,12,7,3,4,153,81,72
BURNET COUNTY,53,28 Years,457,222,235,275,126,149,17,9,8,8,4,4,157,83,74
BURNET COUNTY,53,29 Years,441,202,239,266,121,145,20,10,10,8,3,5,147,68,79
BURNET COUNTY,53,30 Years,446,224,222,285,138,147,18,12,6,7,5,2,136,69,67
BURNET COUNTY,53,31 Years,479,239,240,330,159,171,13,7,6,11,5,6,125,68,57
BURNET COUNTY,53,32 Years,485,234,251,323,149,174,14,7,7,4,2,2,144,76,68
BURNET COUNTY,53,33 Years,455,226,229,297,141,156,16,10,6,8,4,4,134,71,63
BURNET COUNTY,53,34 Years,437,200,237,276,133,143,12,7,5,9,4,5,140,56,84
BURNET COUNTY,53,35 Years,415,182,233,270,120,150,17,9,8,6,2,4,122,51,71
BURNET COUNTY,53,36 Years,464,239,225,314,156,158,15,11,4,12,7,5,123,65,58
BURNET COUNTY,53,37 Years,431,221,210,304,144,160,11,7,4,8,5,3,108,65,43
BURNET COUNTY,53,38 Years,429,217,212,301,151,150,8,4,4,8,4,4,112,58,54
BURNET COUNTY,53,39 Years,464,226,238,332,165,167,8,3,5,6,2,4,118,56,62
BURNET COUNTY,53,40 Years,531,269,262,379,195,184,11,5,6,12,6,6,129,63,66
BURNET COUNTY,53,41 Years,537,253,284,395,186,209,14,5,9,9,3,6,119,59,60
BURNET COUNTY,53,42 Years,516,245,271,393,185,208,11,3,8,13,3,10,99,54,45
BURNET COUNTY,53,43 Years,512,255,257,381,183,198,12,4,8,8,4,4,111,64,47
BURNET COUNTY,53,44 Years,515,260,255,364,176,188,10,6,4,10,4,6,131,74,57
BURNET COUNTY,53,45 Years,480,240,240,335,160,175,7,3,4,12,6,6,126,71,55
BURNET COUNTY,53,46 Years,487,240,247,363,174,189,8,4,4,11,3,8,105,59,46
BURNET COUNTY,53,47 Years,570,280,290,444,220,224,8,4,4,13,5,8,105,51,54
BURNET COUNTY,53,48 Years,621,298,323,484,231,253,13,8,5,12,6,6,112,53,59
BURNET COUNTY,53,49 Years,620,288,332,490,223,267,11,5,6,11,3,8,108,57,51
BURNET COUNTY,53,50 Years,655,304,351,517,235,282,7,1,6,20,8,12,111,60,51
BURNET COUNTY,53,51 Years,703,333,370,567,268,299,13,5,8,14,7,7,109,53,56
BURNET COUNTY,53,52 Years,699,358,341,565,294,271,12,3,9,16,8,8,106,53,53
BURNET COUNTY,53,53 Years,634,307,327,525,251,274,8,3,5,17,9,8,84,44,40
BURNET COUNTY,53,54 Years,693,337,356,587,287,300,4,2,2,15,5,10,87,43,44
BURNET COUNTY,53,55 Years,649,309,340,549,260,289,4,3,1,13,3,10,83,43,40
BURNET COUNTY,53,56 Years,654,309,345,554,256,298,8,6,2,13,7,6,79,40,39
BURNET COUNTY,53,57 Years,642,304,338,548,253,295,5,4,1,13,7,6,76,40,36
BURNET COUNTY,53,58 Years,626,314,312,538,263,275,4,3,1,16,8,8,68,40,28
BURNET COUNTY,53,59 Years,654,309,345,578,273,305,2,1,1,14,5,9,60,30,30
BURNET COUNTY,53,60 Years,629,295,334,559,259,300,5,2,3,12,4,8,53,30,23
BURNET COUNTY,53,61 Years,636,290,346,559,249,310,5,3,2,11,6,5,61,32,29
BURNET COUNTY,53,62 Years,605,295,310,541,263,278,5,3,2,12,5,7,47,24,23
BURNET COUNTY,53,63 Years,644,325,319,588,296,292,2,2,0,7,2,5,47,25,22
BURNET COUNTY,53,64 Years,670,314,356,604,277,327,3,2,1,10,6,4,53,29,24
BURNET COUNTY,53,65 Years,703,332,371,627,294,333,3,0,3,19,10,9,54,28,26
BURNET COUNTY,53,66 Years,578,294,284,511,258,253,5,0,5,8,3,5,54,33,21
BURNET COUNTY,53,67 Years,550,288,262,503,261,242,4,0,4,6,3,3,37,24,13
BURNET COUNTY,53,68 Years,540,267,273,495,244,251,6,3,3,8,4,4,31,16,15
BURNET COUNTY,53,69 Years,551,274,277,507,249,258,4,2,2,10,7,3,30,16,14
BURNET COUNTY,53,70 Years,480,241,239,448,227,221,2,1,1,6,3,3,24,10,14
BURNET COUNTY,53,71 Years,432,205,227,407,197,210,3,2,1,5,2,3,17,4,13
BURNET COUNTY,53,72 Years,414,185,229,386,174,212,2,0,2,4,3,1,22,8,14
BURNET COUNTY,53,73 Years,425,187,238,397,178,219,4,0,4,4,1,3,20,8,12
BURNET COUNTY,53,74 Years,400,185,215,380,177,203,2,0,2,3,1,2,15,7,8
BURNET COUNTY,53,75 Years,364,181,183,339,169,170,3,2,1,4,2,2,18,8,10
BURNET COUNTY,53,76 Years,321,173,148,300,163,137,3,1,2,4,2,2,14,7,7
BURNET COUNTY,53,77 Years,334,153,181,315,147,168,2,0,2,5,2,3,12,4,8
BURNET COUNTY,53,78 Years,305,136,169,289,131,158,2,0,2,3,0,3,11,5,6
BURNET COUNTY,53,79 Years,295,144,151,280,137,143,1,0,1,4,1,3,10,6,4
BURNET COUNTY,53,80 Years,271,137,134,258,131,127,1,0,1,3,1,2,9,5,4
BURNET COUNTY,53,81 Years,224,106,118,210,98,112,0,0,0,4,2,2,10,6,4
BURNET COUNTY,53,82 Years,225,103,122,211,97,114,2,1,1,3,2,1,9,3,6
BURNET COUNTY,53,83 Years,199,85,114,185,78,107,1,0,1,3,1,2,10,6,4
BURNET COUNTY,53,84 Years,174,67,107,165,65,100,0,0,0,2,0,2,7,2,5
BURNET COUNTY,53,85 Years +,966,354,612,926,339,587,3,2,1,12,2,10,25,11,14
CALDWELL COUNTY,55,All Ages,39014,19680,19334,16917,8504,8413,2488,1279,1209,875,440,435,18734,9457,9277
CALDWELL COUNTY,55,< 1 Year,473,255,218,168,91,77,12,7,5,7,3,4,286,154,132
CALDWELL COUNTY,55,1 Years,473,242,231,170,87,83,19,10,9,8,4,4,276,141,135
CALDWELL COUNTY,55,2 Years,471,225,246,140,69,71,18,11,7,10,6,4,303,139,164
CALDWELL COUNTY,55,3 Years,503,245,258,149,76,73,23,11,12,13,7,6,318,151,167
CALDWELL COUNTY,55,4 Years,565,285,280,160,81,79,29,14,15,12,5,7,364,185,179
CALDWELL COUNTY,55,5 Years,529,272,257,145,79,66,23,11,12,13,7,6,348,175,173
CALDWELL COUNTY,55,6 Years,539,286,253,151,84,67,25,15,10,9,3,6,354,184,170
CALDWELL COUNTY,55,7 Years,569,309,260,154,86,68,27,13,14,9,4,5,379,206,173
CALDWELL COUNTY,55,8 Years,542,276,266,153,84,69,23,9,14,10,4,6,356,179,177
CALDWELL COUNTY,55,9 Years,515,271,244,148,85,63,14,8,6,15,3,12,338,175,163
CALDWELL COUNTY,55,10 Years,533,260,273,142,68,74,22,8,14,19,10,9,350,174,176
CALDWELL COUNTY,55,11 Years,567,285,282,160,84,76,34,19,15,17,5,12,356,177,179
CALDWELL COUNTY,55,12 Years,572,276,296,165,79,86,28,17,11,16,3,13,363,177,186
CALDWELL COUNTY,55,13 Years,561,299,262,162,92,70,29,17,12,17,6,11,353,184,169
CALDWELL COUNTY,55,14 Years,554,316,238,190,109,81,29,18,11,14,8,6,321,181,140
CALDWELL COUNTY,55,15 Years,574,327,247,196,109,87,44,26,18,13,9,4,321,183,138
CALDWELL COUNTY,55,16 Years,580,308,272,189,99,90,42,23,19,17,8,9,332,178,154
CALDWELL COUNTY,55,17 Years,609,320,289,194,106,88,30,16,14,29,15,14,356,183,173
CALDWELL COUNTY,55,18 Years,660,354,306,213,114,99,46,24,22,32,19,13,369,197,172
CALDWELL COUNTY,55,19 Years,744,392,352,238,117,121,54,28,26,32,18,14,420,229,191
CALDWELL COUNTY,55,20 Years,747,416,331,220,120,100,59,30,29,44,30,14,424,236,188
CALDWELL COUNTY,55,21 Years,726,410,316,236,136,100,65,32,33,38,23,15,387,219,168
CALDWELL COUNTY,55,22 Years,710,404,306,252,145,107,69,42,27,36,22,14,353,195,158
CALDWELL COUNTY,55,23 Years,644,372,272,243,140,103,61,41,20,30,19,11,310,172,138
CALDWELL COUNTY,55,24 Years,610,341,269,225,117,108,44,33,11,22,11,11,319,180,139
CALDWELL COUNTY,55,25 Years,603,335,268,224,121,103,47,32,15,19,11,8,313,171,142
CALDWELL COUNTY,55,26 Years,517,281,236,187,106,81,44,28,16,12,7,5,274,140,134
CALDWELL COUNTY,55,27 Years,498,246,252,198,101,97,33,21,12,14,7,7,253,117,136
CALDWELL COUNTY,55,28 Years,453,226,227,173,90,83,37,22,15,11,7,4,232,107,125
CALDWELL COUNTY,55,29 Years,463,231,232,175,88,87,37,24,13,10,6,4,241,113,128
CALDWELL COUNTY,55,30 Years,458,230,228,171,87,84,32,20,12,8,4,4,247,119,128
CALDWELL COUNTY,55,31 Years,468,242,226,187,97,90,33,17,16,6,5,1,242,123,119
CALDWELL COUNTY,55,32 Years,496,241,255,209,98,111,47,20,27,7,4,3,233,119,114
CALDWELL COUNTY,55,33 Years,479,231,248,196,97,99,37,15,22,7,3,4,239,116,123
CALDWELL COUNTY,55,34 Years,477,231,246,207,94,113,39,23,16,6,1,5,225,113,112
CALDWELL COUNTY,55,35 Years,438,224,214,194,105,89,34,21,13,6,1,5,204,97,107
CALDWELL COUNTY,55,36 Years,457,221,236,177,86,91,29,17,12,5,3,2,246,115,131
CALDWELL COUNTY,55,37 Years,447,222,225,184,95,89,22,8,14,8,5,3,233,114,119
CALDWELL COUNTY,55,38 Years,466,233,233,173,95,78,27,13,14,11,5,6,255,120,135
CALDWELL COUNTY,55,39 Years,481,241,240,195,99,96,29,11,18,5,3,2,252,128,124
CALDWELL COUNTY,55,40 Years,517,262,255,219,114,105,29,18,11,8,2,6,261,128,133
CALDWELL COUNTY,55,41 Years,537,256,281,242,116,126,33,19,14,9,3,6,253,118,135
CALDWELL COUNTY,55,42 Years,529,252,277,242,111,131,31,16,15,10,5,5,246,120,126
CALDWELL COUNTY,55,43 Years,475,232,243,217,102,115,27,15,12,7,5,2,224,110,114
CALDWELL COUNTY,55,44 Years,481,236,245,213,104,109,31,15,16,9,6,3,228,111,117
CALDWELL COUNTY,55,45 Years,474,235,239,208,104,104,31,20,11,9,4,5,226,107,119
CALDWELL COUNTY,55,46 Years,506,268,238,225,120,105,29,14,15,9,6,3,243,128,115
CALDWELL COUNTY,55,47 Years,544,272,272,246,116,130,30,14,16,5,4,1,263,138,125
CALDWELL COUNTY,55,48 Years,524,272,252,236,122,114,40,19,21,6,5,1,242,126,116
CALDWELL COUNTY,55,49 Years,532,277,255,261,133,128,44,19,25,7,5,2,220,120,100
CALDWELL COUNTY,55,50 Years,497,250,247,244,124,120,49,24,25,12,5,7,192,97,95
CALDWELL COUNTY,55,51 Years,513,240,273,270,130,140,41,16,25,12,2,10,190,92,98
CALDWELL COUNTY,55,52 Years,576,300,276,311,167,144,39,18,21,10,3,7,216,112,104
CALDWELL COUNTY,55,53 Years,527,267,260,284,145,139,40,21,19,8,3,5,195,98,97
CALDWELL COUNTY,55,54 Years,510,262,248,269,140,129,42,19,23,11,6,5,188,97,91
CALDWELL COUNTY,55,55 Years,499,249,250,288,145,143,30,14,16,9,4,5,172,86,86
CALDWELL COUNTY,55,56 Years,521,243,278,297,137,160,34,14,20,12,6,6,178,86,92
CALDWELL COUNTY,55,57 Years,513,235,278,282,133,149,29,13,16,7,3,4,195,86,109
CALDWELL COUNTY,55,58 Years,498,241,257,277,137,140,25,13,12,9,4,5,187,87,100
CALDWELL COUNTY,55,59 Years,441,218,223,242,117,125,24,12,12,5,2,3,170,87,83
CALDWELL COUNTY,55,60 Years,447,233,214,273,146,127,26,10,16,4,2,2,144,75,69
CALDWELL COUNTY,55,61 Years,450,232,218,267,144,123,29,10,19,5,3,2,149,75,74
CALDWELL COUNTY,55,62 Years,422,209,213,256,126,130,24,13,11,8,4,4,134,66,68
CALDWELL COUNTY,55,63 Years,397,195,202,237,118,119,19,10,9,5,1,4,136,66,70
CALDWELL COUNTY,55,64 Years,400,202,198,236,115,121,18,11,7,8,2,6,138,74,64
CALDWELL COUNTY,55,65 Years,394,192,202,248,127,121,18,9,9,3,1,2,125,55,70
CALDWELL COUNTY,55,66 Years,331,157,174,194,98,96,16,8,8,1,0,1,120,51,69
CALDWELL COUNTY,55,67 Years,295,132,163,174,80,94,16,8,8,2,0,2,103,44,59
CALDWELL COUNTY,55,68 Years,309,145,164,193,88,105,15,6,9,4,1,3,97,50,47
CALDWELL COUNTY,55,69 Years,308,133,175,191,84,107,16,2,14,6,3,3,95,44,51
CALDWELL COUNTY,55,70 Years,245,103,142,147,65,82,16,4,12,6,2,4,76,32,44
CALDWELL COUNTY,55,71 Years,236,114,122,147,72,75,12,7,5,4,3,1,73,32,41
CALDWELL COUNTY,55,72 Years,229,114,115,147,73,74,16,10,6,2,1,1,64,30,34
CALDWELL COUNTY,55,73 Years,226,107,119,140,68,72,14,10,4,3,2,1,69,27,42
CALDWELL COUNTY,55,74 Years,205,90,115,132,62,70,13,5,8,2,2,0,58,21,37
CALDWELL COUNTY,55,75 Years,176,80,96,104,49,55,13,4,9,3,2,1,56,25,31
CALDWELL COUNTY,55,76 Years,178,77,101,112,51,61,9,3,6,3,0,3,54,23,31
CALDWELL COUNTY,55,77 Years,195,96,99,125,59,66,11,4,7,1,0,1,58,33,25
CALDWELL COUNTY,55,78 Years,165,78,87,105,48,57,13,6,7,2,0,2,45,24,21
CALDWELL COUNTY,55,79 Years,149,65,84,101,45,56,9,4,5,5,1,4,34,15,19
CALDWELL COUNTY,55,80 Years,146,65,81,101,46,55,8,5,3,1,0,1,36,14,22
CALDWELL COUNTY,55,81 Years,140,60,80,97,41,56,10,4,6,1,1,0,32,14,18
CALDWELL COUNTY,55,82 Years,130,55,75,92,39,53,8,1,7,0,0,0,30,15,15
CALDWELL COUNTY,55,83 Years,122,48,74,85,37,48,6,0,6,1,1,0,30,10,20
CALDWELL COUNTY,55,84 Years,94,39,55,67,30,37,7,2,5,0,0,0,20,7,13
CALDWELL COUNTY,55,85 Years +,640,211,429,460,160,300,52,15,37,4,1,3,124,35,89
CALHOUN COUNTY,57,All Ages,21692,10965,10727,9680,4850,4830,513,259,254,1178,646,532,10321,5210,5111
CALHOUN COUNTY,57,< 1 Year,269,129,140,88,42,46,3,0,3,14,9,5,164,78,86
CALHOUN COUNTY,57,1 Years,278,141,137,93,48,45,3,1,2,13,6,7,169,86,83
CALHOUN COUNTY,57,2 Years,311,155,156,97,49,48,3,0,3,17,9,8,194,97,97
CALHOUN COUNTY,57,3 Years,289,146,143,75,34,41,8,4,4,16,7,9,190,101,89
CALHOUN COUNTY,57,4 Years,304,162,142,74,37,37,8,5,3,17,9,8,205,111,94
CALHOUN COUNTY,57,5 Years,304,153,151,82,40,42,7,2,5,11,6,5,204,105,99
CALHOUN COUNTY,57,6 Years,315,158,157,86,48,38,6,0,6,14,6,8,209,104,105
CALHOUN COUNTY,57,7 Years,294,145,149,80,38,42,4,1,3,22,11,11,188,95,93
CALHOUN COUNTY,57,8 Years,325,167,158,92,45,47,6,3,3,21,9,12,206,110,96
CALHOUN COUNTY,57,9 Years,330,176,154,100,57,43,9,6,3,24,9,15,197,104,93
CALHOUN COUNTY,57,10 Years,299,160,139,95,57,38,6,4,2,16,6,10,182,93,89
CALHOUN COUNTY,57,11 Years,294,151,143,86,45,41,4,2,2,13,5,8,191,99,92
CALHOUN COUNTY,57,12 Years,315,154,161,81,46,35,7,2,5,15,6,9,212,100,112
CALHOUN COUNTY,57,13 Years,321,174,147,94,53,41,8,4,4,18,10,8,201,107,94
CALHOUN COUNTY,57,14 Years,310,159,151,91,45,46,6,4,2,9,4,5,204,106,98
CALHOUN COUNTY,57,15 Years,337,170,167,111,58,53,6,3,3,16,8,8,204,101,103
CALHOUN COUNTY,57,16 Years,319,152,167,119,55,64,7,4,3,20,8,12,173,85,88
CALHOUN COUNTY,57,17 Years,317,171,146,104,55,49,4,3,1,23,14,9,186,99,87
CALHOUN COUNTY,57,18 Years,359,185,174,117,55,62,6,2,4,25,19,6,211,109,102
CALHOUN COUNTY,57,19 Years,352,187,165,115,57,58,9,3,6,26,17,9,202,110,92
CALHOUN COUNTY,57,20 Years,314,162,152,109,52,57,9,6,3,21,13,8,175,91,84
CALHOUN COUNTY,57,21 Years,284,135,149,91,43,48,8,3,5,15,8,7,170,81,89
CALHOUN COUNTY,57,22 Years,239,117,122,74,40,34,7,2,5,12,7,5,146,68,78
CALHOUN COUNTY,57,23 Years,253,136,117,96,51,45,1,0,1,10,8,2,146,77,69
CALHOUN COUNTY,57,24 Years,247,132,115,78,41,37,4,1,3,11,8,3,154,82,72
CALHOUN COUNTY,57,25 Years,232,127,105,82,46,36,6,2,4,10,7,3,134,72,62
CALHOUN COUNTY,57,26 Years,236,124,112,82,46,36,8,5,3,13,8,5,133,65,68
CALHOUN COUNTY,57,27 Years,245,127,118,81,47,34,6,3,3,14,7,7,144,70,74
CALHOUN COUNTY,57,28 Years,237,129,108,86,52,34,5,2,3,13,7,6,133,68,65
CALHOUN COUNTY,57,29 Years,229,109,120,86,31,55,4,3,1,16,9,7,123,66,57
CALHOUN COUNTY,57,30 Years,274,123,151,89,30,59,1,1,0,16,11,5,168,81,87
CALHOUN COUNTY,57,31 Years,275,138,137,101,49,52,6,4,2,11,7,4,157,78,79
CALHOUN COUNTY,57,32 Years,269,132,137,101,38,63,4,2,2,14,9,5,150,83,67
CALHOUN COUNTY,57,33 Years,235,115,120,84,44,40,5,1,4,11,5,6,135,65,70
CALHOUN COUNTY,57,34 Years,241,131,110,89,56,33,3,2,1,12,8,4,137,65,72
CALHOUN COUNTY,57,35 Years,233,120,113,96,56,40,3,2,1,12,6,6,122,56,66
CALHOUN COUNTY,57,36 Years,225,122,103,83,48,35,5,3,2,14,6,8,123,65,58
CALHOUN COUNTY,57,37 Years,227,116,111,76,38,38,6,3,3,11,3,8,134,72,62
CALHOUN COUNTY,57,38 Years,219,111,108,82,33,49,11,8,3,8,4,4,118,66,52
CALHOUN COUNTY,57,39 Years,237,116,121,86,42,44,8,3,5,8,4,4,135,67,68
CALHOUN COUNTY,57,40 Years,238,109,129,86,40,46,4,2,2,10,4,6,138,63,75
CALHOUN COUNTY,57,41 Years,250,120,130,102,49,53,7,4,3,13,7,6,128,60,68
CALHOUN COUNTY,57,42 Years,279,139,140,122,62,60,8,5,3,18,8,10,131,64,67
CALHOUN COUNTY,57,43 Years,267,129,138,124,58,66,5,1,4,13,5,8,125,65,60
CALHOUN COUNTY,57,44 Years,247,123,124,109,54,55,6,4,2,12,5,7,120,60,60
CALHOUN COUNTY,57,45 Years,271,128,143,112,51,61,7,4,3,19,6,13,133,67,66
CALHOUN COUNTY,57,46 Years,278,135,143,120,55,65,3,1,2,21,10,11,134,69,65
CALHOUN COUNTY,57,47 Years,319,166,153,149,80,69,10,5,5,16,9,7,144,72,72
CALHOUN COUNTY,57,48 Years,301,164,137,148,84,64,6,4,2,16,12,4,131,64,67
CALHOUN COUNTY,57,49 Years,325,173,152,156,81,75,9,6,3,20,12,8,140,74,66
CALHOUN COUNTY,57,50 Years,307,158,149,153,78,75,10,5,5,17,12,5,127,63,64
CALHOUN COUNTY,57,51 Years,291,147,144,158,80,78,6,2,4,21,9,12,106,56,50
CALHOUN COUNTY,57,52 Years,307,160,147,167,88,79,8,3,5,23,9,14,109,60,49
CALHOUN COUNTY,57,53 Years,307,159,148,159,77,82,9,5,4,19,12,7,120,65,55
CALHOUN COUNTY,57,54 Years,305,158,147,166,84,82,10,6,4,21,13,8,108,55,53
CALHOUN COUNTY,57,55 Years,301,157,144,176,93,83,10,6,4,23,12,11,92,46,46
CALHOUN COUNTY,57,56 Years,298,141,157,171,81,90,10,5,5,19,12,7,98,43,55
CALHOUN COUNTY,57,57 Years,312,163,149,181,92,89,13,7,6,11,9,2,107,55,52
CALHOUN COUNTY,57,58 Years,284,151,133,171,92,79,9,5,4,19,11,8,85,43,42
CALHOUN COUNTY,57,59 Years,288,154,134,166,88,78,9,6,3,25,13,12,88,47,41
CALHOUN COUNTY,57,60 Years,294,155,139,165,83,82,11,8,3,20,10,10,98,54,44
CALHOUN COUNTY,57,61 Years,243,127,116,140,71,69,4,4,0,19,12,7,80,40,40
CALHOUN COUNTY,57,62 Years,234,122,112,131,66,65,6,3,3,23,17,6,74,36,38
CALHOUN COUNTY,57,63 Years,255,127,128,151,73,78,9,3,6,19,9,10,76,42,34
CALHOUN COUNTY,57,64 Years,265,127,138,169,82,87,5,1,4,14,9,5,77,35,42
CALHOUN COUNTY,57,65 Years,239,121,118,159,82,77,3,2,1,8,5,3,69,32,37
CALHOUN COUNTY,57,66 Years,209,112,97,143,78,65,5,4,1,8,7,1,53,23,30
CALHOUN COUNTY,57,67 Years,203,105,98,137,72,65,5,2,3,7,6,1,54,25,29
CALHOUN COUNTY,57,68 Years,209,107,102,149,79,70,4,1,3,6,6,0,50,21,29
CALHOUN COUNTY,57,69 Years,217,112,105,153,80,73,4,2,2,7,4,3,53,26,27
CALHOUN COUNTY,57,70 Years,198,98,100,140,69,71,4,2,2,7,3,4,47,24,23
CALHOUN COUNTY,57,71 Years,174,83,91,121,51,70,5,2,3,6,5,1,42,25,17
CALHOUN COUNTY,57,72 Years,151,72,79,110,52,58,6,3,3,6,3,3,29,14,15
CALHOUN COUNTY,57,73 Years,149,76,73,100,54,46,4,3,1,6,2,4,39,17,22
CALHOUN COUNTY,57,74 Years,151,72,79,103,52,51,6,3,3,2,1,1,40,16,24
CALHOUN COUNTY,57,75 Years,159,76,83,105,51,54,8,5,3,8,5,3,38,15,23
CALHOUN COUNTY,57,76 Years,143,73,70,101,51,50,6,5,1,6,4,2,30,13,17
CALHOUN COUNTY,57,77 Years,130,63,67,87,44,43,3,2,1,5,3,2,35,14,21
CALHOUN COUNTY,57,78 Years,134,57,77,97,41,56,4,2,2,3,2,1,30,12,18
CALHOUN COUNTY,57,79 Years,109,43,66,76,29,47,3,1,2,4,2,2,26,11,15
CALHOUN COUNTY,57,80 Years,110,49,61,74,36,38,3,1,2,5,1,4,28,11,17
CALHOUN COUNTY,57,81 Years,107,47,60,73,31,42,2,1,1,5,1,4,27,14,13
CALHOUN COUNTY,57,82 Years,115,56,59,80,38,42,4,2,2,5,4,1,26,12,14
CALHOUN COUNTY,57,83 Years,94,42,52,67,31,36,2,1,1,4,2,2,21,8,13
CALHOUN COUNTY,57,84 Years,78,36,42,52,25,27,3,1,2,1,1,0,22,9,13
CALHOUN COUNTY,57,85 Years +,354,156,198,269,115,154,5,0,5,16,9,7,64,32,32
CALLAHAN COUNTY,59,All Ages,13616,6639,6977,12073,5866,6207,134,67,67,334,157,177,1075,549,526
CALLAHAN COUNTY,59,< 1 Year,126,67,59,105,55,50,2,1,1,5,3,2,14,8,6
CALLAHAN COUNTY,59,1 Years,136,70,66,117,61,56,1,1,0,5,2,3,13,6,7
CALLAHAN COUNTY,59,2 Years,156,85,71,129,71,58,3,0,3,7,5,2,17,9,8
CALLAHAN COUNTY,59,3 Years,144,73,71,118,56,62,3,1,2,5,3,2,18,13,5
CALLAHAN COUNTY,59,4 Years,142,68,74,116,54,62,2,1,1,5,2,3,19,11,8
CALLAHAN COUNTY,59,5 Years,162,83,79,133,70,63,3,1,2,5,2,3,21,10,11
CALLAHAN COUNTY,59,6 Years,171,92,79,143,78,65,3,1,2,3,2,1,22,11,11
CALLAHAN COUNTY,59,7 Years,157,90,67,129,75,54,1,1,0,8,4,4,19,10,9
CALLAHAN COUNTY,59,8 Years,184,94,90,157,80,77,4,2,2,7,4,3,16,8,8
CALLAHAN COUNTY,59,9 Years,187,90,97,159,72,87,1,0,1,6,4,2,21,14,7
CALLAHAN COUNTY,59,10 Years,212,97,115,180,79,101,1,0,1,7,5,2,24,13,11
CALLAHAN COUNTY,59,11 Years,193,90,103,170,80,90,1,0,1,4,2,2,18,8,10
CALLAHAN COUNTY,59,12 Years,179,90,89,142,70,72,1,1,0,7,5,2,29,14,15
CALLAHAN COUNTY,59,13 Years,200,92,108,157,70,87,3,2,1,9,6,3,31,14,17
CALLAHAN COUNTY,59,14 Years,193,87,106,152,70,82,3,1,2,8,3,5,30,13,17
CALLAHAN COUNTY,59,15 Years,197,95,102,157,71,86,3,2,1,12,6,6,25,16,9
CALLAHAN COUNTY,59,16 Years,200,94,106,167,78,89,4,2,2,4,2,2,25,12,13
CALLAHAN COUNTY,59,17 Years,196,90,106,166,77,89,1,1,0,3,0,3,26,12,14
CALLAHAN COUNTY,59,18 Years,189,96,93,159,80,79,5,4,1,4,1,3,21,11,10
CALLAHAN COUNTY,59,19 Years,190,102,88,164,88,76,3,2,1,6,4,2,17,8,9
CALLAHAN COUNTY,59,20 Years,144,74,70,118,60,58,3,2,1,3,2,1,20,10,10
CALLAHAN COUNTY,59,21 Years,128,71,57,110,61,49,2,1,1,2,2,0,14,7,7
CALLAHAN COUNTY,59,22 Years,128,72,56,102,58,44,2,1,1,5,2,3,19,11,8
CALLAHAN COUNTY,59,23 Years,137,75,62,114,61,53,3,1,2,3,1,2,17,12,5
CALLAHAN COUNTY,59,24 Years,131,64,67,114,56,58,1,1,0,4,0,4,12,7,5
CALLAHAN COUNTY,59,25 Years,124,65,59,107,59,48,1,1,0,2,0,2,14,5,9
CALLAHAN COUNTY,59,26 Years,123,64,59,104,56,48,0,0,0,3,1,2,16,7,9
CALLAHAN COUNTY,59,27 Years,122,58,64,107,50,57,0,0,0,3,1,2,12,7,5
CALLAHAN COUNTY,59,28 Years,142,64,78,121,55,66,2,1,1,5,2,3,14,6,8
CALLAHAN COUNTY,59,29 Years,144,76,68,123,66,57,2,0,2,3,0,3,16,10,6
CALLAHAN COUNTY,59,30 Years,142,75,67,122,64,58,1,0,1,3,0,3,16,11,5
CALLAHAN COUNTY,59,31 Years,140,74,66,120,64,56,3,1,2,3,3,0,14,6,8
CALLAHAN COUNTY,59,32 Years,149,76,73,126,63,63,3,1,2,4,2,2,16,10,6
CALLAHAN COUNTY,59,33 Years,141,68,73,120,55,65,1,1,0,3,1,2,17,11,6
CALLAHAN COUNTY,59,34 Years,152,73,79,139,66,73,0,0,0,5,3,2,8,4,4
CALLAHAN COUNTY,59,35 Years,147,74,73,136,69,67,1,1,0,3,0,3,7,4,3
CALLAHAN COUNTY,59,36 Years,136,62,74,124,57,67,1,1,0,2,0,2,9,4,5
CALLAHAN COUNTY,59,37 Years,136,60,76,120,56,64,3,1,2,4,0,4,9,3,6
CALLAHAN COUNTY,59,38 Years,139,65,74,123,60,63,2,1,1,3,1,2,11,3,8
CALLAHAN COUNTY,59,39 Years,135,58,77,123,53,70,3,3,0,3,1,2,6,1,5
CALLAHAN COUNTY,59,40 Years,142,69,73,133,64,69,1,1,0,0,0,0,8,4,4
CALLAHAN COUNTY,59,41 Years,162,69,93,152,64,88,1,1,0,2,1,1,7,3,4
CALLAHAN COUNTY,59,42 Years,160,72,88,145,66,79,1,0,1,4,1,3,10,5,5
CALLAHAN COUNTY,59,43 Years,171,82,89,148,69,79,3,2,1,5,2,3,15,9,6
CALLAHAN COUNTY,59,44 Years,164,81,83,148,74,74,2,2,0,4,0,4,10,5,5
CALLAHAN COUNTY,59,45 Years,164,85,79,144,76,68,1,0,1,4,1,3,15,8,7
CALLAHAN COUNTY,59,46 Years,154,78,76,135,71,64,0,0,0,4,2,2,15,5,10
CALLAHAN COUNTY,59,47 Years,163,83,80,148,77,71,0,0,0,3,2,1,12,4,8
CALLAHAN COUNTY,59,48 Years,195,99,96,178,91,87,0,0,0,3,1,2,14,7,7
CALLAHAN COUNTY,59,49 Years,231,119,112,206,108,98,1,1,0,2,1,1,22,9,13
CALLAHAN COUNTY,59,50 Years,229,109,120,207,98,109,1,1,0,2,1,1,19,9,10
CALLAHAN COUNTY,59,51 Years,209,107,102,184,92,92,3,2,1,9,5,4,13,8,5
CALLAHAN COUNTY,59,52 Years,237,116,121,204,100,104,3,2,1,9,3,6,21,11,10
CALLAHAN COUNTY,59,53 Years,220,107,113,198,97,101,4,2,2,3,1,2,15,7,8
CALLAHAN COUNTY,59,54 Years,201,93,108,183,84,99,1,0,1,3,3,0,14,6,8
CALLAHAN COUNTY,59,55 Years,193,97,96,173,84,89,1,0,1,5,3,2,14,10,4
CALLAHAN COUNTY,59,56 Years,196,91,105,181,82,99,0,0,0,5,2,3,10,7,3
CALLAHAN COUNTY,59,57 Years,215,104,111,194,92,102,2,1,1,9,5,4,10,6,4
CALLAHAN COUNTY,59,58 Years,219,109,110,201,98,103,2,0,2,8,5,3,8,6,2
CALLAHAN COUNTY,59,59 Years,188,103,85,176,95,81,1,1,0,2,1,1,9,6,3
CALLAHAN COUNTY,59,60 Years,183,91,92,167,82,85,2,2,0,5,3,2,9,4,5
CALLAHAN COUNTY,59,61 Years,177,91,86,164,86,78,1,1,0,5,2,3,7,2,5
CALLAHAN COUNTY,59,62 Years,189,85,104,175,81,94,3,0,3,4,2,2,7,2,5
CALLAHAN COUNTY,59,63 Years,196,86,110,187,84,103,1,0,1,2,1,1,6,1,5
CALLAHAN COUNTY,59,64 Years,194,83,111,187,82,105,0,0,0,2,0,2,5,1,4
CALLAHAN COUNTY,59,65 Years,195,96,99,184,92,92,2,2,0,4,1,3,5,1,4
CALLAHAN COUNTY,59,66 Years,152,83,69,140,76,64,1,1,0,3,2,1,8,4,4
CALLAHAN COUNTY,59,67 Years,161,69,92,151,65,86,2,1,1,3,1,2,5,2,3
CALLAHAN COUNTY,59,68 Years,152,83,69,141,76,65,0,0,0,2,1,1,9,6,3
CALLAHAN COUNTY,59,69 Years,143,72,71,136,67,69,0,0,0,2,2,0,5,3,2
CALLAHAN COUNTY,59,70 Years,136,76,60,125,68,57,1,1,0,3,2,1,7,5,2
CALLAHAN COUNTY,59,71 Years,126,65,61,119,61,58,1,0,1,2,2,0,4,2,2
CALLAHAN COUNTY,59,72 Years,131,63,68,126,60,66,0,0,0,2,0,2,3,3,0
CALLAHAN COUNTY,59,73 Years,128,53,75,122,51,71,2,0,2,2,1,1,2,1,1
CALLAHAN COUNTY,59,74 Years,138,61,77,133,61,72,1,0,1,1,0,1,3,0,3
CALLAHAN COUNTY,59,75 Years,130,67,63,120,62,58,0,0,0,4,2,2,6,3,3
CALLAHAN COUNTY,59,76 Years,107,51,56,99,48,51,0,0,0,4,1,3,4,2,2
CALLAHAN COUNTY,59,77 Years,107,55,52,103,54,49,0,0,0,1,0,1,3,1,2
CALLAHAN COUNTY,59,78 Years,76,34,42,72,33,39,1,0,1,1,0,1,2,1,1
CALLAHAN COUNTY,59,79 Years,79,29,50,75,28,47,1,0,1,1,0,1,2,1,1
CALLAHAN COUNTY,59,80 Years,85,36,49,81,34,47,0,0,0,2,1,1,2,1,1
CALLAHAN COUNTY,59,81 Years,90,34,56,84,29,55,1,1,0,1,1,0,4,3,1
CALLAHAN COUNTY,59,82 Years,72,35,37,67,32,35,0,0,0,1,1,0,4,2,2
CALLAHAN COUNTY,59,83 Years,75,38,37,73,36,37,0,0,0,0,0,0,2,2,0
CALLAHAN COUNTY,59,84 Years,51,21,30,48,20,28,2,0,2,1,1,0,0,0,0
CALLAHAN COUNTY,59,85 Years +,276,96,180,263,92,171,2,0,2,4,3,1,7,1,6
CAMERON COUNTY,61,All Ages,417573,201272,216301,42401,21390,21011,1226,726,500,4051,1996,2055,369895,177160,192735
CAMERON COUNTY,61,< 1 Year,7383,3789,3594,244,132,112,15,9,6,54,31,23,7070,3617,3453
CAMERON COUNTY,61,1 Years,8007,4085,3922,265,138,127,14,8,6,62,31,31,7666,3908,3758
CAMERON COUNTY,61,2 Years,7386,3763,3623,321,164,157,15,5,10,48,23,25,7002,3571,3431
CAMERON COUNTY,61,3 Years,6944,3528,3416,351,176,175,11,6,5,46,26,20,6536,3320,3216
CAMERON COUNTY,61,4 Years,7117,3608,3509,352,182,170,9,4,5,40,19,21,6716,3403,3313
CAMERON COUNTY,61,5 Years,7135,3690,3445,359,183,176,10,3,7,49,28,21,6717,3476,3241
CAMERON COUNTY,61,6 Years,7189,3685,3504,326,164,162,13,3,10,51,28,23,6799,3490,3309
CAMERON COUNTY,61,7 Years,7402,3721,3681,358,170,188,13,7,6,54,24,30,6977,3520,3457
CAMERON COUNTY,61,8 Years,7462,3794,3668,373,191,182,16,10,6,65,32,33,7008,3561,3447
CAMERON COUNTY,61,9 Years,7562,3846,3716,368,188,180,18,8,10,55,31,24,7121,3619,3502
CAMERON COUNTY,61,10 Years,7737,3876,3861,372,195,177,16,8,8,59,38,21,7290,3635,3655
CAMERON COUNTY,61,11 Years,7882,4035,3847,381,214,167,22,6,16,64,35,29,7415,3780,3635
CAMERON COUNTY,61,12 Years,7907,4082,3825,384,212,172,17,4,13,58,27,31,7448,3839,3609
CAMERON COUNTY,61,13 Years,7722,4009,3713,376,192,184,13,8,5,67,34,33,7266,3775,3491
CAMERON COUNTY,61,14 Years,7620,3862,3758,375,194,181,17,9,8,68,29,39,7160,3630,3530
CAMERON COUNTY,61,15 Years,7462,3821,3641,357,179,178,19,11,8,65,31,34,7021,3600,3421
CAMERON COUNTY,61,16 Years,7437,3855,3582,367,183,184,17,7,10,61,30,31,6992,3635,3357
CAMERON COUNTY,61,17 Years,7445,3811,3634,376,179,197,21,9,12,66,37,29,6982,3586,3396
CAMERON COUNTY,61,18 Years,7469,3835,3634,395,205,190,17,9,8,80,38,42,6977,3583,3394
CAMERON COUNTY,61,19 Years,7428,3833,3595,397,203,194,16,6,10,65,38,27,6950,3586,3364
CAMERON COUNTY,61,20 Years,6868,3540,3328,352,196,156,15,6,9,58,34,24,6443,3304,3139
CAMERON COUNTY,61,21 Years,6324,3210,3114,293,160,133,23,12,11,43,22,21,5965,3016,2949
CAMERON COUNTY,61,22 Years,5936,2981,2955,285,154,131,26,16,10,42,20,22,5583,2791,2792
CAMERON COUNTY,61,23 Years,5544,2764,2780,284,154,130,25,20,5,43,24,19,5192,2566,2626
CAMERON COUNTY,61,24 Years,5270,2616,2654,306,174,132,18,13,5,44,28,16,4902,2401,2501
CAMERON COUNTY,61,25 Years,5030,2446,2584,309,161,148,16,11,5,43,26,17,4662,2248,2414
CAMERON COUNTY,61,26 Years,4944,2422,2522,355,177,178,22,13,9,43,27,16,4524,2205,2319
CAMERON COUNTY,61,27 Years,4992,2428,2564,345,178,167,20,13,7,46,24,22,4581,2213,2368
CAMERON COUNTY,61,28 Years,4888,2374,2514,345,186,159,22,15,7,49,29,20,4472,2144,2328
CAMERON COUNTY,61,29 Years,4924,2393,2531,344,167,177,16,10,6,49,31,18,4515,2185,2330
CAMERON COUNTY,61,30 Years,5089,2399,2690,340,160,180,20,15,5,51,28,23,4678,2196,2482
CAMERON COUNTY,61,31 Years,5375,2497,2878,338,164,174,21,15,6,52,24,28,4964,2294,2670
CAMERON COUNTY,61,32 Years,5307,2492,2815,350,165,185,21,15,6,46,26,20,4890,2286,2604
CAMERON COUNTY,61,33 Years,4972,2287,2685,317,158,159,21,15,6,46,17,29,4588,2097,2491
CAMERON COUNTY,61,34 Years,5022,2357,2665,326,162,164,19,12,7,53,24,29,4624,2159,2465
CAMERON COUNTY,61,35 Years,5281,2475,2806,329,172,157,19,15,4,53,26,27,4880,2262,2618
CAMERON COUNTY,61,36 Years,5453,2540,2913,319,165,154,19,14,5,59,29,30,5056,2332,2724
CAMERON COUNTY,61,37 Years,5578,2651,2927,333,159,174,19,14,5,47,21,26,5179,2457,2722
CAMERON COUNTY,61,38 Years,5440,2570,2870,332,183,149,17,8,9,58,28,30,5033,2351,2682
CAMERON COUNTY,61,39 Years,5337,2440,2897,336,173,163,19,13,6,60,29,31,4922,2225,2697
CAMERON COUNTY,61,40 Years,5298,2422,2876,370,190,180,16,13,3,68,30,38,4844,2189,2655
CAMERON COUNTY,61,41 Years,5437,2428,3009,399,203,196,18,13,5,63,22,41,4957,2190,2767
CAMERON COUNTY,61,42 Years,5423,2469,2954,446,231,215,15,10,5,69,26,43,4893,2202,2691
CAMERON COUNTY,61,43 Years,5080,2356,2724,447,244,203,16,10,6,67,29,38,4550,2073,2477
CAMERON COUNTY,61,44 Years,4869,2224,2645,397,200,197,16,9,7,65,26,39,4391,1989,2402
CAMERON COUNTY,61,45 Years,4875,2238,2637,395,195,200,18,11,7,71,31,40,4391,2001,2390
CAMERON COUNTY,61,46 Years,4649,2162,2487,414,206,208,14,10,4,67,33,34,4154,1913,2241
CAMERON COUNTY,61,47 Years,4755,2228,2527,456,225,231,27,20,7,75,38,37,4197,1945,2252
CAMERON COUNTY,61,48 Years,4702,2145,2557,505,257,248,20,11,9,69,35,34,4108,1842,2266
CAMERON COUNTY,61,49 Years,4694,2162,2532,512,255,257,11,5,6,55,28,27,4116,1874,2242
CAMERON COUNTY,61,50 Years,4576,2130,2446,506,251,255,16,10,6,50,23,27,4004,1846,2158
CAMERON COUNTY,61,51 Years,4649,2120,2529,577,279,298,19,14,5,56,22,34,3997,1805,2192
CAMERON COUNTY,61,52 Years,4633,2179,2454,582,295,287,18,10,8,66,31,35,3967,1843,2124
CAMERON COUNTY,61,53 Years,4488,2133,2355,608,306,302,18,11,7,66,30,36,3796,1786,2010
CAMERON COUNTY,61,54 Years,4412,2086,2326,570,299,271,16,10,6,58,32,26,3768,1745,2023
CAMERON COUNTY,61,55 Years,4369,2003,2366,611,315,296,18,10,8,48,25,23,3692,1653,2039
CAMERON COUNTY,61,56 Years,4310,1945,2365,639,309,330,17,9,8,58,35,23,3596,1592,2004
CAMERON COUNTY,61,57 Years,4210,1857,2353,658,311,347,20,14,6,59,29,30,3473,1503,1970
CAMERON COUNTY,61,58 Years,4129,1870,2259,673,326,347,17,12,5,47,22,25,3392,1510,1882
CAMERON COUNTY,61,59 Years,4075,1910,2165,711,337,374,17,9,8,48,22,26,3299,1542,1757
CAMERON COUNTY,61,60 Years,3805,1752,2053,715,342,373,22,13,9,45,21,24,3023,1376,1647
CAMERON COUNTY,61,61 Years,3735,1696,2039,716,365,351,18,10,8,45,20,25,2956,1301,1655
CAMERON COUNTY,61,62 Years,3703,1727,1976,728,385,343,7,4,3,44,14,30,2924,1324,1600
CAMERON COUNTY,61,63 Years,3546,1674,1872,729,394,335,10,5,5,43,18,25,2764,1257,1507
CAMERON COUNTY,61,64 Years,3569,1657,1912,778,389,389,14,8,6,43,26,17,2734,1234,1500
CAMERON COUNTY,61,65 Years,3452,1641,1811,832,417,415,8,5,3,34,15,19,2578,1204,1374
CAMERON COUNTY,61,66 Years,3099,1466,1633,731,376,355,6,5,1,27,14,13,2335,1071,1264
CAMERON COUNTY,61,67 Years,3019,1413,1606,764,385,379,7,5,2,35,14,21,2213,1009,1204
CAMERON COUNTY,61,68 Years,2866,1303,1563,801,406,395,10,6,4,26,9,17,2029,882,1147
CAMERON COUNTY,61,69 Years,2615,1214,1401,780,414,366,7,4,3,29,11,18,1799,785,1014
CAMERON COUNTY,61,70 Years,2492,1137,1355,733,372,361,5,3,2,27,14,13,1727,748,979
CAMERON COUNTY,61,71 Years,2442,1102,1340,742,371,371,6,4,2,28,14,14,1666,713,953
CAMERON COUNTY,61,72 Years,2382,1105,1277,727,374,353,5,3,2,20,7,13,1630,721,909
CAMERON COUNTY,61,73 Years,2212,999,1213,690,348,342,4,3,1,19,7,12,1499,641,858
CAMERON COUNTY,61,74 Years,2154,964,1190,668,334,334,5,1,4,23,14,9,1458,615,843
CAMERON COUNTY,61,75 Years,2015,911,1104,627,326,301,4,2,2,19,13,6,1365,570,795
CAMERON COUNTY,61,76 Years,1955,856,1099,656,342,314,2,1,1,15,10,5,1282,503,779
CAMERON COUNTY,61,77 Years,1861,792,1069,618,305,313,7,4,3,21,10,11,1215,473,742
CAMERON COUNTY,61,78 Years,1688,738,950,533,273,260,5,3,2,14,8,6,1136,454,682
CAMERON COUNTY,61,79 Years,1564,662,902,483,233,250,5,3,2,11,6,5,1065,420,645
CAMERON COUNTY,61,80 Years,1540,633,907,507,242,265,3,2,1,11,3,8,1019,386,633
CAMERON COUNTY,61,81 Years,1553,656,897,548,271,277,2,2,0,10,4,6,993,379,614
CAMERON COUNTY,61,82 Years,1435,606,829,488,246,242,1,1,0,11,5,6,935,354,581
CAMERON COUNTY,61,83 Years,1227,502,725,440,221,219,1,0,1,7,2,5,779,279,500
CAMERON COUNTY,61,84 Years,1087,431,656,356,168,188,1,0,1,8,3,5,722,260,462
CAMERON COUNTY,61,85 Years +,5654,2158,3496,1900,845,1055,7,3,4,49,18,31,3698,1292,2406
CAMP COUNTY,63,All Ages,12533,6143,6390,7250,3478,3772,2160,1008,1152,326,161,165,2797,1496,1301
CAMP COUNTY,63,< 1 Year,168,76,92,72,31,41,35,14,21,4,3,1,57,28,29
CAMP COUNTY,63,1 Years,160,82,78,78,41,37,27,13,14,4,3,1,51,25,26
CAMP COUNTY,63,2 Years,171,91,80,69,39,30,30,16,14,12,4,8,60,32,28
CAMP COUNTY,63,3 Years,172,101,71,63,34,29,26,17,9,13,8,5,70,42,28
CAMP COUNTY,63,4 Years,182,92,90,74,35,39,29,14,15,13,6,7,66,37,29
CAMP COUNTY,63,5 Years,188,92,96,78,38,40,30,21,9,11,4,7,69,29,40
CAMP COUNTY,63,6 Years,179,89,90,80,41,39,23,17,6,11,5,6,65,26,39
CAMP COUNTY,63,7 Years,193,96,97,81,47,34,27,14,13,9,3,6,76,32,44
CAMP COUNTY,63,8 Years,198,94,104,82,39,43,35,20,15,6,3,3,75,32,43
CAMP COUNTY,63,9 Years,183,93,90,80,39,41,33,19,14,8,5,3,62,30,32
CAMP COUNTY,63,10 Years,183,86,97,78,36,42,30,12,18,7,4,3,68,34,34
CAMP COUNTY,63,11 Years,179,86,93,76,37,39,24,10,14,9,4,5,70,35,35
CAMP COUNTY,63,12 Years,183,85,98,86,40,46,28,11,17,9,4,5,60,30,30
CAMP COUNTY,63,13 Years,199,102,97,96,48,48,36,19,17,8,4,4,59,31,28
CAMP COUNTY,63,14 Years,203,119,84,98,59,39,36,19,17,7,4,3,62,37,25
CAMP COUNTY,63,15 Years,198,111,87,88,57,31,32,17,15,7,3,4,71,34,37
CAMP COUNTY,63,16 Years,187,100,87,88,47,41,32,16,16,7,4,3,60,33,27
CAMP COUNTY,63,17 Years,195,108,87,88,49,39,32,18,14,5,2,3,70,39,31
CAMP COUNTY,63,18 Years,187,104,83,84,43,41,38,26,12,6,3,3,59,32,27
CAMP COUNTY,63,19 Years,181,92,89,75,36,39,36,18,18,9,4,5,61,34,27
CAMP COUNTY,63,20 Years,162,77,85,72,33,39,31,13,18,6,3,3,53,28,25
CAMP COUNTY,63,21 Years,150,73,77,75,36,39,22,11,11,3,2,1,50,24,26
CAMP COUNTY,63,22 Years,157,82,75,70,31,39,36,23,13,4,2,2,47,26,21
CAMP COUNTY,63,23 Years,145,72,73,63,26,37,31,15,16,4,2,2,47,29,18
CAMP COUNTY,63,24 Years,125,63,62,60,34,26,18,9,9,4,1,3,43,19,24
CAMP COUNTY,63,25 Years,147,77,70,70,34,36,26,16,10,4,1,3,47,26,21
CAMP COUNTY,63,26 Years,129,60,69,62,27,35,22,8,14,3,2,1,42,23,19
CAMP COUNTY,63,27 Years,136,60,76,65,31,34,28,9,19,3,0,3,40,20,20
CAMP COUNTY,63,28 Years,127,67,60,69,32,37,23,13,10,3,1,2,32,21,11
CAMP COUNTY,63,29 Years,131,73,58,69,38,31,22,13,9,4,2,2,36,20,16
CAMP COUNTY,63,30 Years,137,72,65,65,33,32,27,14,13,5,2,3,40,23,17
CAMP COUNTY,63,31 Years,154,81,73,71,36,35,22,8,14,6,2,4,55,35,20
CAMP COUNTY,63,32 Years,147,71,76,73,34,39,28,10,18,5,3,2,41,24,17
CAMP COUNTY,63,33 Years,146,73,73,78,36,42,29,14,15,2,1,1,37,22,15
CAMP COUNTY,63,34 Years,159,66,93,90,34,56,25,8,17,3,2,1,41,22,19
CAMP COUNTY,63,35 Years,154,71,83,80,33,47,29,13,16,3,0,3,42,25,17
CAMP COUNTY,63,36 Years,136,76,60,74,37,37,20,13,7,3,2,1,39,24,15
CAMP COUNTY,63,37 Years,124,62,62,62,28,34,16,8,8,3,1,2,43,25,18
CAMP COUNTY,63,38 Years,114,57,57,61,24,37,15,7,8,1,0,1,37,26,11
CAMP COUNTY,63,39 Years,123,61,62,70,31,39,16,7,9,4,2,2,33,21,12
CAMP COUNTY,63,40 Years,143,62,81,83,37,46,22,8,14,2,1,1,36,16,20
CAMP COUNTY,63,41 Years,153,71,82,88,42,46,24,9,15,2,2,0,39,18,21
CAMP COUNTY,63,42 Years,149,71,78,80,39,41,27,11,16,4,3,1,38,18,20
CAMP COUNTY,63,43 Years,137,63,74,76,35,41,26,9,17,3,2,1,32,17,15
CAMP COUNTY,63,44 Years,131,57,74,78,36,42,18,6,12,3,1,2,32,14,18
CAMP COUNTY,63,45 Years,129,60,69,77,36,41,24,9,15,2,1,1,26,14,12
CAMP COUNTY,63,46 Years,134,58,76,67,30,37,35,14,21,2,0,2,30,14,16
CAMP COUNTY,63,47 Years,173,73,100,94,34,60,36,17,19,4,2,2,39,20,19
CAMP COUNTY,63,48 Years,156,77,79,91,43,48,31,12,19,4,2,2,30,20,10
CAMP COUNTY,63,49 Years,148,82,66,80,47,33,31,14,17,2,2,0,35,19,16
CAMP COUNTY,63,50 Years,172,90,82,111,61,50,27,10,17,3,2,1,31,17,14
CAMP COUNTY,63,51 Years,170,79,91,116,55,61,23,8,15,4,1,3,27,15,12
CAMP COUNTY,63,52 Years,161,75,86,101,47,54,34,12,22,3,2,1,23,14,9
CAMP COUNTY,63,53 Years,153,82,71,98,51,47,32,14,18,1,1,0,22,16,6
CAMP COUNTY,63,54 Years,162,84,78,105,55,50,36,16,20,2,0,2,19,13,6
CAMP COUNTY,63,55 Years,179,83,96,127,55,72,34,18,16,2,1,1,16,9,7
CAMP COUNTY,63,56 Years,155,68,87,110,47,63,31,14,17,4,2,2,10,5,5
CAMP COUNTY,63,57 Years,183,87,96,122,56,66,42,19,23,4,2,2,15,10,5
CAMP COUNTY,63,58 Years,182,87,95,121,55,66,39,19,20,4,1,3,18,12,6
CAMP COUNTY,63,59 Years,170,90,80,122,60,62,26,16,10,3,2,1,19,12,7
CAMP COUNTY,63,60 Years,155,81,74,111,59,52,28,13,15,3,2,1,13,7,6
CAMP COUNTY,63,61 Years,154,68,86,107,47,60,36,14,22,3,2,1,8,5,3
CAMP COUNTY,63,62 Years,161,72,89,120,54,66,32,14,18,2,1,1,7,3,4
CAMP COUNTY,63,63 Years,163,79,84,131,62,69,22,12,10,2,2,0,8,3,5
CAMP COUNTY,63,64 Years,155,74,81,122,58,64,26,12,14,2,1,1,5,3,2
CAMP COUNTY,63,65 Years,157,75,82,123,60,63,19,6,13,3,1,2,12,8,4
CAMP COUNTY,63,66 Years,136,61,75,110,50,60,15,5,10,2,1,1,9,5,4
CAMP COUNTY,63,67 Years,120,50,70,98,40,58,15,7,8,1,0,1,6,3,3
CAMP COUNTY,63,68 Years,118,56,62,90,41,49,18,10,8,2,2,0,8,3,5
CAMP COUNTY,63,69 Years,118,51,67,94,41,53,16,7,9,1,1,0,7,2,5
CAMP COUNTY,63,70 Years,106,53,53,82,44,38,18,6,12,0,0,0,6,3,3
CAMP COUNTY,63,71 Years,118,60,58,91,47,44,19,9,10,0,0,0,8,4,4
CAMP COUNTY,63,72 Years,117,62,55,95,51,44,18,8,10,2,2,0,2,1,1
CAMP COUNTY,63,73 Years,97,54,43,77,42,35,16,8,8,2,2,0,2,2,0
CAMP COUNTY,63,74 Years,98,50,48,81,40,41,13,7,6,1,0,1,3,3,0
CAMP COUNTY,63,75 Years,95,46,49,80,37,43,12,6,6,0,0,0,3,3,0
CAMP COUNTY,63,76 Years,95,50,45,75,38,37,16,9,7,0,0,0,4,3,1
CAMP COUNTY,63,77 Years,78,39,39,68,34,34,8,3,5,0,0,0,2,2,0
CAMP COUNTY,63,78 Years,71,29,42,62,25,37,8,3,5,0,0,0,1,1,0
CAMP COUNTY,63,79 Years,66,25,41,52,21,31,13,4,9,0,0,0,1,0,1
CAMP COUNTY,63,80 Years,71,28,43,61,26,35,8,1,7,1,1,0,1,0,1
CAMP COUNTY,63,81 Years,61,31,30,52,27,25,8,3,5,1,1,0,0,0,0
CAMP COUNTY,63,82 Years,60,28,32,49,22,27,10,5,5,0,0,0,1,1,0
CAMP COUNTY,63,83 Years,55,23,32,45,18,27,9,4,5,0,0,0,1,1,0
CAMP COUNTY,63,84 Years,36,14,22,28,12,16,8,2,6,0,0,0,0,0,0
CAMP COUNTY,63,85 Years +,240,92,148,186,77,109,46,12,34,2,1,1,6,2,4
CARSON COUNTY,65,All Ages,6325,3128,3197,5585,2760,2825,34,17,17,155,88,67,551,263,288
CARSON COUNTY,65,< 1 Year,65,35,30,58,32,26,1,0,1,1,1,0,5,2,3
CARSON COUNTY,65,1 Years,64,35,29,57,30,27,0,0,0,1,1,0,6,4,2
CARSON COUNTY,65,2 Years,57,29,28,47,23,24,0,0,0,0,0,0,10,6,4
CARSON COUNTY,65,3 Years,71,37,34,57,31,26,2,1,1,1,1,0,11,4,7
CARSON COUNTY,65,4 Years,74,36,38,59,30,29,2,1,1,2,1,1,11,4,7
CARSON COUNTY,65,5 Years,83,43,40,69,37,32,2,1,1,1,0,1,11,5,6
CARSON COUNTY,65,6 Years,82,41,41,65,30,35,1,1,0,2,0,2,14,10,4
CARSON COUNTY,65,7 Years,91,43,48,75,33,42,0,0,0,1,0,1,15,10,5
CARSON COUNTY,65,8 Years,95,51,44,75,39,36,0,0,0,5,4,1,15,8,7
CARSON COUNTY,65,9 Years,92,48,44,79,43,36,0,0,0,3,1,2,10,4,6
CARSON COUNTY,65,10 Years,85,44,41,73,38,35,0,0,0,4,2,2,8,4,4
CARSON COUNTY,65,11 Years,96,44,52,81,36,45,0,0,0,5,3,2,10,5,5
CARSON COUNTY,65,12 Years,96,48,48,80,39,41,1,1,0,4,3,1,11,5,6
CARSON COUNTY,65,13 Years,91,44,47,77,39,38,1,0,1,4,3,1,9,2,7
CARSON COUNTY,65,14 Years,98,40,58,84,35,49,1,0,1,4,2,2,9,3,6
CARSON COUNTY,65,15 Years,106,55,51,87,48,39,2,0,2,2,2,0,15,5,10
CARSON COUNTY,65,16 Years,107,58,49,91,51,40,2,1,1,2,2,0,12,4,8
CARSON COUNTY,65,17 Years,94,48,46,84,44,40,1,0,1,3,2,1,6,2,4
CARSON COUNTY,65,18 Years,96,49,47,83,42,41,2,1,1,3,2,1,8,4,4
CARSON COUNTY,65,19 Years,101,55,46,84,46,38,1,0,1,5,3,2,11,6,5
CARSON COUNTY,65,20 Years,75,40,35,62,31,31,0,0,0,4,3,1,9,6,3
CARSON COUNTY,65,21 Years,51,26,25,42,20,22,0,0,0,1,1,0,8,5,3
CARSON COUNTY,65,22 Years,52,23,29,42,19,23,1,1,0,1,0,1,8,3,5
CARSON COUNTY,65,23 Years,53,21,32,43,15,28,1,0,1,1,1,0,8,5,3
CARSON COUNTY,65,24 Years,47,24,23,39,20,19,1,1,0,0,0,0,7,3,4
CARSON COUNTY,65,25 Years,47,24,23,39,21,18,1,0,1,2,2,0,5,1,4
CARSON COUNTY,65,26 Years,55,29,26,49,25,24,0,0,0,1,1,0,5,3,2
CARSON COUNTY,65,27 Years,61,33,28,51,26,25,0,0,0,1,0,1,9,7,2
CARSON COUNTY,65,28 Years,45,26,19,39,22,17,0,0,0,3,2,1,3,2,1
CARSON COUNTY,65,29 Years,60,31,29,53,28,25,0,0,0,1,1,0,6,2,4
CARSON COUNTY,65,30 Years,66,35,31,58,30,28,0,0,0,1,1,0,7,4,3
CARSON COUNTY,65,31 Years,65,29,36,54,28,26,0,0,0,2,0,2,9,1,8
CARSON COUNTY,65,32 Years,73,37,36,59,32,27,1,1,0,3,1,2,10,3,7
CARSON COUNTY,65,33 Years,63,30,33,57,26,31,0,0,0,1,1,0,5,3,2
CARSON COUNTY,65,34 Years,68,29,39,64,28,36,0,0,0,1,0,1,3,1,2
CARSON COUNTY,65,35 Years,66,34,32,58,30,28,0,0,0,2,2,0,6,2,4
CARSON COUNTY,65,36 Years,56,32,24,49,28,21,0,0,0,2,1,1,5,3,2
CARSON COUNTY,65,37 Years,74,34,40,68,30,38,0,0,0,1,0,1,5,4,1
CARSON COUNTY,65,38 Years,70,38,32,63,33,30,0,0,0,2,1,1,5,4,1
CARSON COUNTY,65,39 Years,70,35,35,63,31,32,0,0,0,1,0,1,6,4,2
CARSON COUNTY,65,40 Years,69,36,33,60,30,30,0,0,0,1,0,1,8,6,2
CARSON COUNTY,65,41 Years,78,39,39,69,33,36,0,0,0,3,2,1,6,4,2
CARSON COUNTY,65,42 Years,70,31,39,63,28,35,0,0,0,2,1,1,5,2,3
CARSON COUNTY,65,43 Years,78,35,43,64,30,34,1,0,1,2,2,0,11,3,8
CARSON COUNTY,65,44 Years,86,41,45,79,39,40,0,0,0,1,0,1,6,2,4
CARSON COUNTY,65,45 Years,78,40,38,70,37,33,1,0,1,3,0,3,4,3,1
CARSON COUNTY,65,46 Years,78,38,40,66,33,33,0,0,0,4,1,3,8,4,4
CARSON COUNTY,65,47 Years,83,36,47,73,33,40,0,0,0,3,1,2,7,2,5
CARSON COUNTY,65,48 Years,90,43,47,82,40,42,0,0,0,0,0,0,8,3,5
CARSON COUNTY,65,49 Years,100,48,52,88,45,43,1,1,0,1,0,1,10,2,8
CARSON COUNTY,65,50 Years,101,55,46,86,47,39,1,1,0,1,0,1,13,7,6
CARSON COUNTY,65,51 Years,90,52,38,78,44,34,2,2,0,0,0,0,10,6,4
CARSON COUNTY,65,52 Years,105,48,57,95,43,52,1,1,0,1,1,0,8,3,5
CARSON COUNTY,65,53 Years,99,48,51,89,43,46,0,0,0,3,2,1,7,3,4
CARSON COUNTY,65,54 Years,107,58,49,93,48,45,0,0,0,4,3,1,10,7,3
CARSON COUNTY,65,55 Years,100,49,51,90,44,46,0,0,0,4,1,3,6,4,2
CARSON COUNTY,65,56 Years,99,47,52,90,43,47,0,0,0,2,1,1,7,3,4
CARSON COUNTY,65,57 Years,104,55,49,98,51,47,0,0,0,0,0,0,6,4,2
CARSON COUNTY,65,58 Years,107,54,53,100,52,48,0,0,0,3,1,2,4,1,3
CARSON COUNTY,65,59 Years,105,59,46,98,54,44,0,0,0,3,2,1,4,3,1
CARSON COUNTY,65,60 Years,100,54,46,95,51,44,0,0,0,2,2,0,3,1,2
CARSON COUNTY,65,61 Years,78,38,40,72,35,37,0,0,0,2,2,0,4,1,3
CARSON COUNTY,65,62 Years,81,37,44,77,36,41,0,0,0,0,0,0,4,1,3
CARSON COUNTY,65,63 Years,90,41,49,80,35,45,1,1,0,4,2,2,5,3,2
CARSON COUNTY,65,64 Years,81,40,41,75,35,40,1,1,0,2,2,0,3,2,1
CARSON COUNTY,65,65 Years,83,38,45,77,34,43,0,0,0,2,2,0,4,2,2
CARSON COUNTY,65,66 Years,55,27,28,49,23,26,0,0,0,2,2,0,4,2,2
CARSON COUNTY,65,67 Years,49,27,22,47,26,21,0,0,0,1,1,0,1,0,1
CARSON COUNTY,65,68 Years,73,38,35,69,37,32,0,0,0,1,0,1,3,1,2
CARSON COUNTY,65,69 Years,58,27,31,52,26,26,0,0,0,1,0,1,5,1,4
CARSON COUNTY,65,70 Years,56,29,27,53,28,25,0,0,0,0,0,0,3,1,2
CARSON COUNTY,65,71 Years,47,21,26,45,21,24,1,0,1,0,0,0,1,0,1
CARSON COUNTY,65,72 Years,57,24,33,55,23,32,0,0,0,1,0,1,1,1,0
CARSON COUNTY,65,73 Years,57,29,28,53,27,26,0,0,0,1,0,1,3,2,1
CARSON COUNTY,65,74 Years,50,24,26,47,23,24,0,0,0,1,0,1,2,1,1
CARSON COUNTY,65,75 Years,49,21,28,46,20,26,0,0,0,1,1,0,2,0,2
CARSON COUNTY,65,76 Years,45,24,21,41,22,19,0,0,0,2,2,0,2,0,2
CARSON COUNTY,65,77 Years,39,20,19,35,18,17,0,0,0,2,2,0,2,0,2
CARSON COUNTY,65,78 Years,34,17,17,32,16,16,0,0,0,1,0,1,1,1,0
CARSON COUNTY,65,79 Years,39,17,22,38,16,22,0,0,0,0,0,0,1,1,0
CARSON COUNTY,65,80 Years,30,14,16,28,13,15,0,0,0,0,0,0,2,1,1
CARSON COUNTY,65,81 Years,34,15,19,32,13,19,0,0,0,0,0,0,2,2,0
CARSON COUNTY,65,82 Years,39,18,21,37,17,20,0,0,0,1,0,1,1,1,0
CARSON COUNTY,65,83 Years,36,15,21,32,13,19,0,0,0,1,1,0,3,1,2
CARSON COUNTY,65,84 Years,28,8,20,25,7,18,0,0,0,0,0,0,3,1,2
CARSON COUNTY,65,85 Years +,149,60,89,145,59,86,0,0,0,2,0,2,2,1,1
CASS COUNTY,67,All Ages,30496,14828,15668,23455,11472,11983,5316,2497,2819,624,285,339,1101,574,527
CASS COUNTY,67,< 1 Year,332,164,168,236,115,121,67,35,32,14,6,8,15,8,7
CASS COUNTY,67,1 Years,337,170,167,246,125,121,62,30,32,10,4,6,19,11,8
CASS COUNTY,67,2 Years,357,180,177,247,126,121,63,28,35,12,7,5,35,19,16
CASS COUNTY,67,3 Years,342,181,161,217,113,104,70,39,31,16,6,10,39,23,16
CASS COUNTY,67,4 Years,354,186,168,235,124,111,73,41,32,17,8,9,29,13,16
CASS COUNTY,67,5 Years,360,183,177,254,135,119,68,31,37,15,4,11,23,13,10
CASS COUNTY,67,6 Years,379,198,181,265,141,124,74,37,37,14,6,8,26,14,12
CASS COUNTY,67,7 Years,388,191,197,267,133,134,79,36,43,18,9,9,24,13,11
CASS COUNTY,67,8 Years,389,201,188,270,131,139,82,47,35,15,8,7,22,15,7
CASS COUNTY,67,9 Years,386,212,174,277,147,130,71,46,25,12,5,7,26,14,12
CASS COUNTY,67,10 Years,386,206,180,276,152,124,73,39,34,12,7,5,25,8,17
CASS COUNTY,67,11 Years,385,200,185,283,154,129,69,30,39,15,9,6,18,7,11
CASS COUNTY,67,12 Years,410,202,208,301,152,149,73,30,43,15,7,8,21,13,8
CASS COUNTY,67,13 Years,423,222,201,293,157,136,84,42,42,17,8,9,29,15,14
CASS COUNTY,67,14 Years,417,217,200,295,149,146,83,46,37,12,6,6,27,16,11
CASS COUNTY,67,15 Years,408,211,197,288,147,141,84,43,41,12,6,6,24,15,9
CASS COUNTY,67,16 Years,415,239,176,292,176,116,82,44,38,10,4,6,31,15,16
CASS COUNTY,67,17 Years,447,250,197,322,178,144,88,52,36,11,6,5,26,14,12
CASS COUNTY,67,18 Years,448,233,215,319,156,163,91,54,37,11,7,4,27,16,11
CASS COUNTY,67,19 Years,406,212,194,286,140,146,89,54,35,9,6,3,22,12,10
CASS COUNTY,67,20 Years,358,186,172,254,135,119,80,38,42,7,5,2,17,8,9
CASS COUNTY,67,21 Years,304,159,145,222,121,101,60,27,33,5,3,2,17,8,9
CASS COUNTY,67,22 Years,314,155,159,223,109,114,65,33,32,6,3,3,20,10,10
CASS COUNTY,67,23 Years,312,157,155,224,112,112,69,37,32,6,2,4,13,6,7
CASS COUNTY,67,24 Years,273,128,145,195,89,106,61,31,30,6,4,2,11,4,7
CASS COUNTY,67,25 Years,266,118,148,193,83,110,59,27,32,3,3,0,11,5,6
CASS COUNTY,67,26 Years,304,124,180,224,92,132,58,21,37,7,5,2,15,6,9
CASS COUNTY,67,27 Years,301,147,154,220,115,105,59,21,38,7,2,5,15,9,6
CASS COUNTY,67,28 Years,286,134,152,220,108,112,51,20,31,4,1,3,11,5,6
CASS COUNTY,67,29 Years,285,130,155,215,101,114,54,23,31,4,1,3,12,5,7
CASS COUNTY,67,30 Years,301,145,156,231,112,119,53,25,28,3,1,2,14,7,7
CASS COUNTY,67,31 Years,330,151,179,255,119,136,49,21,28,6,1,5,20,10,10
CASS COUNTY,67,32 Years,335,167,168,239,123,116,68,32,36,5,1,4,23,11,12
CASS COUNTY,67,33 Years,335,159,176,242,119,123,65,29,36,10,3,7,18,8,10
CASS COUNTY,67,34 Years,329,158,171,251,121,130,60,29,31,5,1,4,13,7,6
CASS COUNTY,67,35 Years,313,152,161,244,118,126,48,23,25,2,1,1,19,10,9
CASS COUNTY,67,36 Years,280,125,155,201,88,113,55,22,33,3,2,1,21,13,8
CASS COUNTY,67,37 Years,317,153,164,230,119,111,64,25,39,6,1,5,17,8,9
CASS COUNTY,67,38 Years,315,155,160,226,115,111,61,28,33,9,3,6,19,9,10
CASS COUNTY,67,39 Years,338,156,182,267,126,141,46,19,27,11,4,7,14,7,7
CASS COUNTY,67,40 Years,361,170,191,284,132,152,57,28,29,9,4,5,11,6,5
CASS COUNTY,67,41 Years,377,184,193,298,147,151,53,25,28,13,6,7,13,6,7
CASS COUNTY,67,42 Years,381,170,211,299,134,165,57,25,32,10,4,6,15,7,8
CASS COUNTY,67,43 Years,379,177,202,295,136,159,62,30,32,7,4,3,15,7,8
CASS COUNTY,67,44 Years,359,185,174,270,141,129,70,34,36,6,3,3,13,7,6
CASS COUNTY,67,45 Years,363,178,185,277,137,140,67,32,35,6,3,3,13,6,7
CASS COUNTY,67,46 Years,385,189,196,297,148,149,67,28,39,8,6,2,13,7,6
CASS COUNTY,67,47 Years,429,221,208,350,181,169,62,31,31,7,3,4,10,6,4
CASS COUNTY,67,48 Years,436,211,225,345,169,176,73,36,37,10,4,6,8,2,6
CASS COUNTY,67,49 Years,427,196,231,344,158,186,65,29,36,8,4,4,10,5,5
CASS COUNTY,67,50 Years,420,198,222,321,155,166,75,27,48,12,8,4,12,8,4
CASS COUNTY,67,51 Years,424,209,215,327,174,153,82,27,55,7,3,4,8,5,3
CASS COUNTY,67,52 Years,437,211,226,342,172,170,80,33,47,6,3,3,9,3,6
CASS COUNTY,67,53 Years,465,223,242,360,173,187,83,43,40,8,1,7,14,6,8
CASS COUNTY,67,54 Years,469,240,229,370,189,181,77,37,40,5,1,4,17,13,4
CASS COUNTY,67,55 Years,464,223,241,374,183,191,77,32,45,6,1,5,7,7,0
CASS COUNTY,67,56 Years,448,214,234,360,174,186,74,34,40,9,4,5,5,2,3
CASS COUNTY,67,57 Years,469,229,240,379,190,189,76,35,41,9,3,6,5,1,4
CASS COUNTY,67,58 Years,444,206,238,361,173,188,72,28,44,4,2,2,7,3,4
CASS COUNTY,67,59 Years,400,193,207,329,164,165,60,24,36,5,2,3,6,3,3
CASS COUNTY,67,60 Years,394,200,194,329,172,157,56,26,30,4,1,3,5,1,4
CASS COUNTY,67,61 Years,410,208,202,330,172,158,72,33,39,5,2,3,3,1,2
CASS COUNTY,67,62 Years,422,205,217,342,163,179,73,39,34,4,1,3,3,2,1
CASS COUNTY,67,63 Years,416,203,213,334,159,175,73,39,34,6,4,2,3,1,2
CASS COUNTY,67,64 Years,430,228,202,345,181,164,74,39,35,4,2,2,7,6,1
CASS COUNTY,67,65 Years,435,213,222,359,174,185,69,35,34,4,1,3,3,3,0
CASS COUNTY,67,66 Years,373,177,196,299,144,155,62,25,37,8,5,3,4,3,1
CASS COUNTY,67,67 Years,374,171,203,316,148,168,50,19,31,4,2,2,4,2,2
CASS COUNTY,67,68 Years,395,187,208,337,162,175,48,19,29,6,4,2,4,2,2
CASS COUNTY,67,69 Years,381,188,193,313,150,163,58,32,26,6,4,2,4,2,2
CASS COUNTY,67,70 Years,371,186,185,315,158,157,46,23,23,7,3,4,3,2,1
CASS COUNTY,67,71 Years,323,158,165,280,143,137,38,13,25,3,1,2,2,1,1
CASS COUNTY,67,72 Years,317,152,165,267,130,137,47,22,25,2,0,2,1,0,1
CASS COUNTY,67,73 Years,301,133,168,256,110,146,38,21,17,4,2,2,3,0,3
CASS COUNTY,67,74 Years,252,107,145,218,93,125,29,12,17,3,1,2,2,1,1
CASS COUNTY,67,75 Years,239,114,125,200,94,106,33,15,18,1,1,0,5,4,1
CASS COUNTY,67,76 Years,234,108,126,192,95,97,40,11,29,1,1,0,1,1,0
CASS COUNTY,67,77 Years,238,99,139,202,83,119,33,14,19,2,2,0,1,0,1
CASS COUNTY,67,78 Years,202,89,113,173,74,99,25,13,12,2,1,1,2,1,1
CASS COUNTY,67,79 Years,205,96,109,176,84,92,26,11,15,3,1,2,0,0,0
CASS COUNTY,67,80 Years,186,78,108,163,71,92,22,6,16,0,0,0,1,1,0
CASS COUNTY,67,81 Years,151,55,96,135,51,84,16,4,12,0,0,0,0,0,0
CASS COUNTY,67,82 Years,155,69,86,132,59,73,21,10,11,2,0,2,0,0,0
CASS COUNTY,67,83 Years,142,50,92,117,43,74,24,7,17,1,0,1,0,0,0
CASS COUNTY,67,84 Years,129,51,78,113,43,70,15,7,8,1,1,0,0,0,0
CASS COUNTY,67,85 Years +,719,259,460,585,210,375,129,49,80,4,0,4,1,0,1
CASTRO COUNTY,69,All Ages,8167,4116,4051,2944,1457,1487,156,76,80,75,35,40,4992,2548,2444
CASTRO COUNTY,69,< 1 Year,136,62,74,23,11,12,3,1,2,1,0,1,109,50,59
CASTRO COUNTY,69,1 Years,120,61,59,25,13,12,2,1,1,1,1,0,92,46,46
CASTRO COUNTY,69,2 Years,138,75,63,28,14,14,3,2,1,3,1,2,104,58,46
CASTRO COUNTY,69,3 Years,145,79,66,27,15,12,5,3,2,2,0,2,111,61,50
CASTRO COUNTY,69,4 Years,132,68,64,33,18,15,2,1,1,0,0,0,97,49,48
CASTRO COUNTY,69,5 Years,138,71,67,29,16,13,2,0,2,3,0,3,104,55,49
CASTRO COUNTY,69,6 Years,137,76,61,36,20,16,2,1,1,3,1,2,96,54,42
CASTRO COUNTY,69,7 Years,137,71,66,37,22,15,2,1,1,1,0,1,97,48,49
CASTRO COUNTY,69,8 Years,151,78,73,37,18,19,1,1,0,2,1,1,111,58,53
CASTRO COUNTY,69,9 Years,143,84,59,41,25,16,3,1,2,1,1,0,98,57,41
CASTRO COUNTY,69,10 Years,128,67,61,33,16,17,4,3,1,1,1,0,90,47,43
CASTRO COUNTY,69,11 Years,148,70,78,39,16,23,4,1,3,0,0,0,105,53,52
CASTRO COUNTY,69,12 Years,138,67,71,31,12,19,1,0,1,1,1,0,105,54,51
CASTRO COUNTY,69,13 Years,134,61,73,29,11,18,3,2,1,0,0,0,102,48,54
CASTRO COUNTY,69,14 Years,150,77,73,34,17,17,4,2,2,1,0,1,111,58,53
CASTRO COUNTY,69,15 Years,144,78,66,33,20,13,5,4,1,0,0,0,106,54,52
CASTRO COUNTY,69,16 Years,136,63,73,33,13,20,3,2,1,2,2,0,98,46,52
CASTRO COUNTY,69,17 Years,130,67,63,30,9,21,5,4,1,1,1,0,94,53,41
CASTRO COUNTY,69,18 Years,141,71,70,37,17,20,4,3,1,1,1,0,99,50,49
CASTRO COUNTY,69,19 Years,133,58,75,40,20,20,1,1,0,2,2,0,90,35,55
CASTRO COUNTY,69,20 Years,122,65,57,38,24,14,0,0,0,2,1,1,82,40,42
CASTRO COUNTY,69,21 Years,90,50,40,19,12,7,0,0,0,0,0,0,71,38,33
CASTRO COUNTY,69,22 Years,85,41,44,18,9,9,2,0,2,0,0,0,65,32,33
CASTRO COUNTY,69,23 Years,91,46,45,14,6,8,4,0,4,2,1,1,71,39,32
CASTRO COUNTY,69,24 Years,86,44,42,18,9,9,3,2,1,1,0,1,64,33,31
CASTRO COUNTY,69,25 Years,96,47,49,27,10,17,5,3,2,1,0,1,63,34,29
CASTRO COUNTY,69,26 Years,94,48,46,21,7,14,3,2,1,0,0,0,70,39,31
CASTRO COUNTY,69,27 Years,103,62,41,24,15,9,1,0,1,2,2,0,76,45,31
CASTRO COUNTY,69,28 Years,94,47,47,26,17,9,1,0,1,3,0,3,64,30,34
CASTRO COUNTY,69,29 Years,94,42,52,23,10,13,1,0,1,1,0,1,69,32,37
CASTRO COUNTY,69,30 Years,89,40,49,29,12,17,1,0,1,3,2,1,56,26,30
CASTRO COUNTY,69,31 Years,94,51,43,27,15,12,1,0,1,3,2,1,63,34,29
CASTRO COUNTY,69,32 Years,99,48,51,26,11,15,3,2,1,1,1,0,69,34,35
CASTRO COUNTY,69,33 Years,94,39,55,28,12,16,1,0,1,1,1,0,64,26,38
CASTRO COUNTY,69,34 Years,97,53,44,27,13,14,0,0,0,2,1,1,68,39,29
CASTRO COUNTY,69,35 Years,87,45,42,23,10,13,0,0,0,2,1,1,62,34,28
CASTRO COUNTY,69,36 Years,105,53,52,28,14,14,1,0,1,2,1,1,74,38,36
CASTRO COUNTY,69,37 Years,88,46,42,24,14,10,3,3,0,2,0,2,59,29,30
CASTRO COUNTY,69,38 Years,97,42,55,30,16,14,4,1,3,3,1,2,60,24,36
CASTRO COUNTY,69,39 Years,90,42,48,25,12,13,1,0,1,1,0,1,63,30,33
CASTRO COUNTY,69,40 Years,79,49,30,22,12,10,1,1,0,0,0,0,56,36,20
CASTRO COUNTY,69,41 Years,95,56,39,33,18,15,1,1,0,0,0,0,61,37,24
CASTRO COUNTY,69,42 Years,101,54,47,39,21,18,1,0,1,0,0,0,61,33,28
CASTRO COUNTY,69,43 Years,88,42,46,30,16,14,1,0,1,0,0,0,57,26,31
CASTRO COUNTY,69,44 Years,86,41,45,34,15,19,1,0,1,1,1,0,50,25,25
CASTRO COUNTY,69,45 Years,80,37,43,29,14,15,0,0,0,1,0,1,50,23,27
CASTRO COUNTY,69,46 Years,91,48,43,26,14,12,1,1,0,2,2,0,62,31,31
CASTRO COUNTY,69,47 Years,87,47,40,38,22,16,2,1,1,0,0,0,47,24,23
CASTRO COUNTY,69,48 Years,105,48,57,53,26,27,2,1,1,0,0,0,50,21,29
CASTRO COUNTY,69,49 Years,100,45,55,50,24,26,2,1,1,0,0,0,48,20,28
CASTRO COUNTY,69,50 Years,98,51,47,41,22,19,1,0,1,0,0,0,56,29,27
CASTRO COUNTY,69,51 Years,113,63,50,46,25,21,3,2,1,0,0,0,64,36,28
CASTRO COUNTY,69,52 Years,97,45,52,44,22,22,2,0,2,1,0,1,50,23,27
CASTRO COUNTY,69,53 Years,103,55,48,50,25,25,2,1,1,1,1,0,50,28,22
CASTRO COUNTY,69,54 Years,106,56,50,50,26,24,5,2,3,1,1,0,50,27,23
CASTRO COUNTY,69,55 Years,109,59,50,51,32,19,5,3,2,2,1,1,51,23,28
CASTRO COUNTY,69,56 Years,91,48,43,43,22,21,6,4,2,0,0,0,42,22,20
CASTRO COUNTY,69,57 Years,118,58,60,55,27,28,3,1,2,0,0,0,60,30,30
CASTRO COUNTY,69,58 Years,113,55,58,57,27,30,1,0,1,1,1,0,54,27,27
CASTRO COUNTY,69,59 Years,109,61,48,51,27,24,2,1,1,0,0,0,56,33,23
CASTRO COUNTY,69,60 Years,104,54,50,51,23,28,4,1,3,0,0,0,49,30,19
CASTRO COUNTY,69,61 Years,90,46,44,43,24,19,4,2,2,1,0,1,42,20,22
CASTRO COUNTY,69,62 Years,71,31,40,34,18,16,2,1,1,1,0,1,34,12,22
CASTRO COUNTY,69,63 Years,63,27,36,34,17,17,0,0,0,1,0,1,28,10,18
CASTRO COUNTY,69,64 Years,80,41,39,43,22,21,0,0,0,1,0,1,36,19,17
CASTRO COUNTY,69,65 Years,75,42,33,45,22,23,0,0,0,0,0,0,30,20,10
CASTRO COUNTY,69,66 Years,66,34,32,41,23,18,0,0,0,0,0,0,25,11,14
CASTRO COUNTY,69,67 Years,60,31,29,35,19,16,1,1,0,0,0,0,24,11,13
CASTRO COUNTY,69,68 Years,50,21,29,29,12,17,1,1,0,0,0,0,20,8,12
CASTRO COUNTY,69,69 Years,70,30,40,45,19,26,0,0,0,0,0,0,25,11,14
CASTRO COUNTY,69,70 Years,64,38,26,35,22,13,0,0,0,0,0,0,29,16,13
CASTRO COUNTY,69,71 Years,56,32,24,32,19,13,0,0,0,1,1,0,23,12,11
CASTRO COUNTY,69,72 Years,49,23,26,31,15,16,0,0,0,0,0,0,18,8,10
CASTRO COUNTY,69,73 Years,47,22,25,31,14,17,0,0,0,0,0,0,16,8,8
CASTRO COUNTY,69,74 Years,46,22,24,26,7,19,0,0,0,0,0,0,20,15,5
CASTRO COUNTY,69,75 Years,52,28,24,34,18,16,0,0,0,0,0,0,18,10,8
CASTRO COUNTY,69,76 Years,46,22,24,30,14,16,1,1,0,0,0,0,15,7,8
CASTRO COUNTY,69,77 Years,53,25,28,34,15,19,0,0,0,1,0,1,18,10,8
CASTRO COUNTY,69,78 Years,56,25,31,44,20,24,0,0,0,0,0,0,12,5,7
CASTRO COUNTY,69,79 Years,46,19,27,32,13,19,0,0,0,1,0,1,13,6,7
CASTRO COUNTY,69,80 Years,41,18,23,27,10,17,1,0,1,0,0,0,13,8,5
CASTRO COUNTY,69,81 Years,35,18,17,26,13,13,0,0,0,0,0,0,9,5,4
CASTRO COUNTY,69,82 Years,31,15,16,24,13,11,1,0,1,0,0,0,6,2,4
CASTRO COUNTY,69,83 Years,37,18,19,26,11,15,2,2,0,0,0,0,9,5,4
CASTRO COUNTY,69,84 Years,28,14,14,19,10,9,1,0,1,0,0,0,8,4,4
CASTRO COUNTY,69,85 Years +,128,47,81,101,36,65,2,0,2,0,0,0,25,11,14
CHAMBERS COUNTY,71,All Ages,36745,18493,18252,25590,12760,12830,2955,1500,1455,919,442,477,7281,3791,3490
CHAMBERS COUNTY,71,< 1 Year,456,235,221,294,151,143,29,16,13,7,3,4,126,65,61
CHAMBERS COUNTY,71,1 Years,441,228,213,288,149,139,28,15,13,10,5,5,115,59,56
CHAMBERS COUNTY,71,2 Years,469,219,250,280,126,154,31,16,15,13,5,8,145,72,73
CHAMBERS COUNTY,71,3 Years,505,262,243,283,147,136,29,17,12,17,6,11,176,92,84
CHAMBERS COUNTY,71,4 Years,499,262,237,299,157,142,28,14,14,19,8,11,153,83,70
CHAMBERS COUNTY,71,5 Years,494,250,244,298,152,146,35,17,18,20,9,11,141,72,69
CHAMBERS COUNTY,71,6 Years,518,276,242,308,167,141,32,17,15,19,10,9,159,82,77
CHAMBERS COUNTY,71,7 Years,537,273,264,316,162,154,35,17,18,17,8,9,169,86,83
CHAMBERS COUNTY,71,8 Years,549,280,269,342,172,170,33,18,15,19,8,11,155,82,73
CHAMBERS COUNTY,71,9 Years,579,305,274,363,202,161,32,16,16,22,11,11,162,76,86
CHAMBERS COUNTY,71,10 Years,573,309,264,361,198,163,37,16,21,19,10,9,156,85,71
CHAMBERS COUNTY,71,11 Years,632,340,292,410,225,185,45,28,17,20,8,12,157,79,78
CHAMBERS COUNTY,71,12 Years,649,338,311,408,216,192,56,31,25,25,10,15,160,81,79
CHAMBERS COUNTY,71,13 Years,626,320,306,395,202,193,49,25,24,17,11,6,165,82,83
CHAMBERS COUNTY,71,14 Years,641,324,317,398,204,194,45,24,21,22,13,9,176,83,93
CHAMBERS COUNTY,71,15 Years,613,311,302,390,202,188,44,23,21,23,11,12,156,75,81
CHAMBERS COUNTY,71,16 Years,632,322,310,408,204,204,48,27,21,25,14,11,151,77,74
CHAMBERS COUNTY,71,17 Years,625,315,310,408,208,200,51,25,26,18,8,10,148,74,74
CHAMBERS COUNTY,71,18 Years,632,326,306,408,210,198,62,34,28,19,11,8,143,71,72
CHAMBERS COUNTY,71,19 Years,614,331,283,388,212,176,61,36,25,13,6,7,152,77,75
CHAMBERS COUNTY,71,20 Years,539,283,256,327,174,153,61,34,27,14,7,7,137,68,69
CHAMBERS COUNTY,71,21 Years,467,252,215,284,151,133,46,27,19,10,6,4,127,68,59
CHAMBERS COUNTY,71,22 Years,388,199,189,235,117,118,36,18,18,6,5,1,111,59,52
CHAMBERS COUNTY,71,23 Years,358,176,182,209,97,112,34,19,15,5,3,2,110,57,53
CHAMBERS COUNTY,71,24 Years,373,186,187,216,101,115,34,22,12,10,2,8,113,61,52
CHAMBERS COUNTY,71,25 Years,342,177,165,211,109,102,21,12,9,13,6,7,97,50,47
CHAMBERS COUNTY,71,26 Years,367,190,177,223,114,109,24,13,11,13,10,3,107,53,54
CHAMBERS COUNTY,71,27 Years,385,195,190,239,109,130,26,16,10,11,6,5,109,64,45
CHAMBERS COUNTY,71,28 Years,354,166,188,223,95,128,18,10,8,9,5,4,104,56,48
CHAMBERS COUNTY,71,29 Years,382,180,202,232,99,133,23,14,9,7,3,4,120,64,56
CHAMBERS COUNTY,71,30 Years,433,202,231,266,110,156,33,20,13,9,4,5,125,68,57
CHAMBERS COUNTY,71,31 Years,460,225,235,291,137,154,26,14,12,11,5,6,132,69,63
CHAMBERS COUNTY,71,32 Years,492,250,242,326,170,156,33,12,21,14,7,7,119,61,58
CHAMBERS COUNTY,71,33 Years,434,219,215,298,145,153,25,12,13,8,3,5,103,59,44
CHAMBERS COUNTY,71,34 Years,468,225,243,316,145,171,32,18,14,10,3,7,110,59,51
CHAMBERS COUNTY,71,35 Years,500,236,264,337,158,179,40,18,22,8,4,4,115,56,59
CHAMBERS COUNTY,71,36 Years,513,249,264,338,163,175,43,17,26,7,3,4,125,66,59
CHAMBERS COUNTY,71,37 Years,493,237,256,325,156,169,46,19,27,9,4,5,113,58,55
CHAMBERS COUNTY,71,38 Years,514,244,270,341,157,184,40,17,23,11,6,5,122,64,58
CHAMBERS COUNTY,71,39 Years,527,257,270,345,168,177,51,25,26,13,5,8,118,59,59
CHAMBERS COUNTY,71,40 Years,564,256,308,385,175,210,47,24,23,14,3,11,118,54,64
CHAMBERS COUNTY,71,41 Years,601,290,311,415,199,216,60,33,27,20,5,15,106,53,53
CHAMBERS COUNTY,71,42 Years,592,291,301,415,199,216,56,31,25,18,9,9,103,52,51
CHAMBERS COUNTY,71,43 Years,579,289,290,417,200,217,54,31,23,9,4,5,99,54,45
CHAMBERS COUNTY,71,44 Years,532,261,271,383,185,198,46,23,23,8,5,3,95,48,47
CHAMBERS COUNTY,71,45 Years,553,270,283,396,191,205,41,18,23,14,6,8,102,55,47
CHAMBERS COUNTY,71,46 Years,548,272,276,408,197,211,40,25,15,13,7,6,87,43,44
CHAMBERS COUNTY,71,47 Years,542,277,265,412,206,206,42,25,17,13,7,6,75,39,36
CHAMBERS COUNTY,71,48 Years,527,272,255,399,201,198,46,27,19,12,5,7,70,39,31
CHAMBERS COUNTY,71,49 Years,543,292,251,417,222,195,44,24,20,13,8,5,69,38,31
CHAMBERS COUNTY,71,50 Years,546,282,264,424,211,213,49,25,24,11,6,5,62,40,22
CHAMBERS COUNTY,71,51 Years,544,282,262,412,210,202,44,22,22,24,12,12,64,38,26
CHAMBERS COUNTY,71,52 Years,571,295,276,425,226,199,54,22,32,18,9,9,74,38,36
CHAMBERS COUNTY,71,53 Years,529,261,268,404,201,203,46,20,26,12,8,4,67,32,35
CHAMBERS COUNTY,71,54 Years,511,256,255,401,194,207,43,25,18,8,5,3,59,32,27
CHAMBERS COUNTY,71,55 Years,542,288,254,430,236,194,41,20,21,11,5,6,60,27,33
CHAMBERS COUNTY,71,56 Years,526,289,237,416,229,187,37,19,18,10,7,3,63,34,29
CHAMBERS COUNTY,71,57 Years,510,265,245,410,211,199,34,16,18,9,7,2,57,31,26
CHAMBERS COUNTY,71,58 Years,514,252,262,416,199,217,36,20,16,11,5,6,51,28,23
CHAMBERS COUNTY,71,59 Years,525,257,268,420,201,219,47,21,26,6,3,3,52,32,20
CHAMBERS COUNTY,71,60 Years,430,229,201,347,186,161,38,15,23,5,3,2,40,25,15
CHAMBERS COUNTY,71,61 Years,373,201,172,295,156,139,34,18,16,6,4,2,38,23,15
CHAMBERS COUNTY,71,62 Years,366,191,175,291,153,138,37,18,19,11,5,6,27,15,12
CHAMBERS COUNTY,71,63 Years,376,184,192,306,145,161,36,20,16,7,3,4,27,16,11
CHAMBERS COUNTY,71,64 Years,398,198,200,327,163,164,33,17,16,11,3,8,27,15,12
CHAMBERS COUNTY,71,65 Years,402,204,198,324,164,160,37,19,18,12,4,8,29,17,12
CHAMBERS COUNTY,71,66 Years,329,163,166,272,130,142,31,15,16,4,2,2,22,16,6
CHAMBERS COUNTY,71,67 Years,275,136,139,226,112,114,28,15,13,3,1,2,18,8,10
CHAMBERS COUNTY,71,68 Years,258,128,130,210,107,103,27,11,16,5,3,2,16,7,9
CHAMBERS COUNTY,71,69 Years,253,130,123,213,112,101,20,6,14,4,2,2,16,10,6
CHAMBERS COUNTY,71,70 Years,220,104,116,186,92,94,16,3,13,7,5,2,11,4,7
CHAMBERS COUNTY,71,71 Years,208,104,104,168,85,83,25,14,11,4,2,2,11,3,8
CHAMBERS COUNTY,71,72 Years,189,92,97,148,71,77,23,10,13,3,1,2,15,10,5
CHAMBERS COUNTY,71,73 Years,168,83,85,131,64,67,19,7,12,2,1,1,16,11,5
CHAMBERS COUNTY,71,74 Years,142,73,69,118,61,57,14,6,8,3,1,2,7,5,2
CHAMBERS COUNTY,71,75 Years,138,63,75,115,52,63,14,7,7,3,1,2,6,3,3
CHAMBERS COUNTY,71,76 Years,131,68,63,118,62,56,9,3,6,0,0,0,4,3,1
CHAMBERS COUNTY,71,77 Years,120,61,59,103,55,48,13,4,9,1,0,1,3,2,1
CHAMBERS COUNTY,71,78 Years,115,56,59,101,46,55,10,7,3,1,1,0,3,2,1
CHAMBERS COUNTY,71,79 Years,109,57,52,91,49,42,15,7,8,1,0,1,2,1,1
CHAMBERS COUNTY,71,80 Years,83,38,45,73,33,40,8,4,4,0,0,0,2,1,1
CHAMBERS COUNTY,71,81 Years,97,37,60,87,32,55,7,4,3,1,0,1,2,1,1
CHAMBERS COUNTY,71,82 Years,101,34,67,92,32,60,8,2,6,1,0,1,0,0,0
CHAMBERS COUNTY,71,83 Years,83,32,51,73,30,43,8,1,7,1,1,0,1,0,1
CHAMBERS COUNTY,71,84 Years,61,25,36,53,23,30,5,2,3,1,0,1,2,0,2
CHAMBERS COUNTY,71,85 Years +,348,131,217,290,111,179,31,5,26,6,1,5,21,14,7
CHEROKEE COUNTY,73,All Ages,51723,26308,25415,31911,15587,16324,7503,4026,3477,1098,503,595,11211,6192,5019
CHEROKEE COUNTY,73,< 1 Year,716,367,349,382,195,187,87,44,43,14,8,6,233,120,113
CHEROKEE COUNTY,73,1 Years,720,364,356,374,191,183,89,43,46,15,8,7,242,122,120
CHEROKEE COUNTY,73,2 Years,720,370,350,341,171,170,96,54,42,29,13,16,254,132,122
CHEROKEE COUNTY,73,3 Years,747,386,361,325,164,161,110,60,50,34,12,22,278,150,128
CHEROKEE COUNTY,73,4 Years,717,368,349,321,164,157,90,45,45,33,16,17,273,143,130
CHEROKEE COUNTY,73,5 Years,707,364,343,320,167,153,98,51,47,27,14,13,262,132,130
CHEROKEE COUNTY,73,6 Years,750,396,354,349,186,163,96,46,50,29,15,14,276,149,127
CHEROKEE COUNTY,73,7 Years,753,390,363,350,187,163,109,46,63,30,17,13,264,140,124
CHEROKEE COUNTY,73,8 Years,743,372,371,361,193,168,99,40,59,29,14,15,254,125,129
CHEROKEE COUNTY,73,9 Years,757,377,380,351,169,182,111,52,59,38,18,20,257,138,119
CHEROKEE COUNTY,73,10 Years,747,379,368,355,165,190,88,47,41,34,19,15,270,148,122
CHEROKEE COUNTY,73,11 Years,757,393,364,377,186,191,106,62,44,23,10,13,251,135,116
CHEROKEE COUNTY,73,12 Years,752,397,355,365,183,182,108,58,50,34,13,21,245,143,102
CHEROKEE COUNTY,73,13 Years,768,389,379,382,193,189,103,54,49,27,10,17,256,132,124
CHEROKEE COUNTY,73,14 Years,731,371,360,378,189,189,91,48,43,19,7,12,243,127,116
CHEROKEE COUNTY,73,15 Years,734,379,355,376,190,186,113,53,60,19,8,11,226,128,98
CHEROKEE COUNTY,73,16 Years,725,367,358,382,191,191,114,57,57,15,7,8,214,112,102
CHEROKEE COUNTY,73,17 Years,703,364,339,385,193,192,93,51,42,19,12,7,206,108,98
CHEROKEE COUNTY,73,18 Years,801,432,369,413,206,207,150,93,57,19,12,7,219,121,98
CHEROKEE COUNTY,73,19 Years,828,487,341,392,207,185,206,147,59,16,7,9,214,126,88
CHEROKEE COUNTY,73,20 Years,755,407,348,349,167,182,160,104,56,18,9,9,228,127,101
CHEROKEE COUNTY,73,21 Years,788,418,370,367,180,187,162,98,64,17,8,9,242,132,110
CHEROKEE COUNTY,73,22 Years,718,376,342,354,177,177,128,76,52,18,8,10,218,115,103
CHEROKEE COUNTY,73,23 Years,660,353,307,343,177,166,116,72,44,13,5,8,188,99,89
CHEROKEE COUNTY,73,24 Years,646,344,302,340,168,172,114,65,49,11,6,5,181,105,76
CHEROKEE COUNTY,73,25 Years,594,310,284,300,141,159,102,57,45,11,5,6,181,107,74
CHEROKEE COUNTY,73,26 Years,552,307,245,288,141,147,87,56,31,6,2,4,171,108,63
CHEROKEE COUNTY,73,27 Years,562,299,263,296,142,154,90,53,37,7,3,4,169,101,68
CHEROKEE COUNTY,73,28 Years,599,307,292,321,158,163,91,48,43,12,7,5,175,94,81
CHEROKEE COUNTY,73,29 Years,578,291,287,339,179,160,69,31,38,13,7,6,157,74,83
CHEROKEE COUNTY,73,30 Years,551,284,267,311,155,156,80,41,39,9,3,6,151,85,66
CHEROKEE COUNTY,73,31 Years,599,301,298,331,164,167,97,49,48,15,6,9,156,82,74
CHEROKEE COUNTY,73,32 Years,639,315,324,346,163,183,102,50,52,14,6,8,177,96,81
CHEROKEE COUNTY,73,33 Years,592,304,288,328,161,167,79,43,36,10,3,7,175,97,78
CHEROKEE COUNTY,73,34 Years,591,314,277,316,158,158,95,59,36,11,5,6,169,92,77
CHEROKEE COUNTY,73,35 Years,633,340,293,333,161,172,98,57,41,10,5,5,192,117,75
CHEROKEE COUNTY,73,36 Years,588,316,272,333,180,153,85,46,39,9,4,5,161,86,75
CHEROKEE COUNTY,73,37 Years,595,312,283,338,168,170,83,51,32,7,3,4,167,90,77
CHEROKEE COUNTY,73,38 Years,619,314,305,368,176,192,83,43,40,7,2,5,161,93,68
CHEROKEE COUNTY,73,39 Years,624,334,290,365,181,184,89,52,37,4,2,2,166,99,67
CHEROKEE COUNTY,73,40 Years,635,324,311,367,180,187,87,49,38,6,4,2,175,91,84
CHEROKEE COUNTY,73,41 Years,650,339,311,412,212,200,81,41,40,6,3,3,151,83,68
CHEROKEE COUNTY,73,42 Years,625,332,293,391,199,192,81,40,41,7,3,4,146,90,56
CHEROKEE COUNTY,73,43 Years,632,342,290,384,198,186,101,52,49,11,8,3,136,84,52
CHEROKEE COUNTY,73,44 Years,598,306,292,376,182,194,88,52,36,10,5,5,124,67,57
CHEROKEE COUNTY,73,45 Years,583,315,268,343,173,170,102,58,44,9,3,6,129,81,48
CHEROKEE COUNTY,73,46 Years,635,347,288,371,195,176,108,60,48,13,4,9,143,88,55
CHEROKEE COUNTY,73,47 Years,691,396,295,432,249,183,120,77,43,15,6,9,124,64,60
CHEROKEE COUNTY,73,48 Years,664,359,305,444,230,214,95,57,38,12,6,6,113,66,47
CHEROKEE COUNTY,73,49 Years,692,378,314,447,234,213,119,71,48,16,8,8,110,65,45
CHEROKEE COUNTY,73,50 Years,677,359,318,438,213,225,112,66,46,14,6,8,113,74,39
CHEROKEE COUNTY,73,51 Years,662,340,322,420,201,219,113,59,54,17,6,11,112,74,38
CHEROKEE COUNTY,73,52 Years,714,362,352,486,240,246,123,63,60,13,7,6,92,52,40
CHEROKEE COUNTY,73,53 Years,722,367,355,510,250,260,115,61,54,13,5,8,84,51,33
CHEROKEE COUNTY,73,54 Years,672,365,307,472,251,221,106,62,44,13,6,7,81,46,35
CHEROKEE COUNTY,73,55 Years,670,346,324,481,239,242,103,58,45,16,6,10,70,43,27
CHEROKEE COUNTY,73,56 Years,655,332,323,468,228,240,108,56,52,14,6,8,65,42,23
CHEROKEE COUNTY,73,57 Years,666,335,331,488,237,251,109,58,51,10,6,4,59,34,25
CHEROKEE COUNTY,73,58 Years,693,337,356,505,227,278,127,76,51,11,6,5,50,28,22
CHEROKEE COUNTY,73,59 Years,660,315,345,507,237,270,97,49,48,13,5,8,43,24,19
CHEROKEE COUNTY,73,60 Years,631,306,325,486,235,251,85,37,48,8,2,6,52,32,20
CHEROKEE COUNTY,73,61 Years,631,307,324,466,219,247,101,49,52,7,3,4,57,36,21
CHEROKEE COUNTY,73,62 Years,621,319,302,476,233,243,97,54,43,9,6,3,39,26,13
CHEROKEE COUNTY,73,63 Years,594,300,294,466,227,239,82,46,36,8,5,3,38,22,16
CHEROKEE COUNTY,73,64 Years,616,289,327,493,221,272,77,44,33,7,3,4,39,21,18
CHEROKEE COUNTY,73,65 Years,617,282,335,511,225,286,57,32,25,9,3,6,40,22,18
CHEROKEE COUNTY,73,66 Years,516,251,265,436,207,229,46,25,21,5,1,4,29,18,11
CHEROKEE COUNTY,73,67 Years,515,253,262,434,215,219,46,20,26,6,1,5,29,17,12
CHEROKEE COUNTY,73,68 Years,475,225,250,406,199,207,41,10,31,7,5,2,21,11,10
CHEROKEE COUNTY,73,69 Years,478,231,247,404,192,212,47,19,28,3,2,1,24,18,6
CHEROKEE COUNTY,73,70 Years,462,218,244,394,185,209,44,22,22,6,1,5,18,10,8
CHEROKEE COUNTY,73,71 Years,426,205,221,374,181,193,30,15,15,5,3,2,17,6,11
CHEROKEE COUNTY,73,72 Years,398,194,204,340,169,171,33,13,20,7,3,4,18,9,9
CHEROKEE COUNTY,73,73 Years,348,173,175,294,146,148,35,17,18,1,0,1,18,10,8
CHEROKEE COUNTY,73,74 Years,316,155,161,266,135,131,33,12,21,5,3,2,12,5,7
CHEROKEE COUNTY,73,75 Years,332,154,178,282,132,150,34,16,18,4,1,3,12,5,7
CHEROKEE COUNTY,73,76 Years,315,137,178,275,120,155,29,11,18,2,1,1,9,5,4
CHEROKEE COUNTY,73,77 Years,335,157,178,281,134,147,38,15,23,4,2,2,12,6,6
CHEROKEE COUNTY,73,78 Years,308,133,175,252,108,144,38,13,25,3,1,2,15,11,4
CHEROKEE COUNTY,73,79 Years,252,114,138,211,93,118,27,12,15,3,2,1,11,7,4
CHEROKEE COUNTY,73,80 Years,231,103,128,197,91,106,22,7,15,4,2,2,8,3,5
CHEROKEE COUNTY,73,81 Years,196,84,112,166,73,93,22,7,15,4,2,2,4,2,2
CHEROKEE COUNTY,73,82 Years,212,87,125,175,71,104,22,11,11,5,1,4,10,4,6
CHEROKEE COUNTY,73,83 Years,187,74,113,160,65,95,21,8,13,3,1,2,3,0,3
CHEROKEE COUNTY,73,84 Years,165,68,97,148,61,87,13,6,7,1,0,1,3,1,2
CHEROKEE COUNTY,73,85 Years +,991,335,656,831,288,543,121,38,83,8,1,7,31,8,23
CHILDRESS COUNTY,75,All Ages,7055,4137,2918,4282,2220,2062,680,549,131,145,77,68,1948,1291,657
CHILDRESS COUNTY,75,< 1 Year,76,41,35,37,20,17,2,1,1,3,2,1,34,18,16
CHILDRESS COUNTY,75,1 Years,79,42,37,45,23,22,2,1,1,2,2,0,30,16,14
CHILDRESS COUNTY,75,2 Years,77,41,36,42,24,18,2,1,1,3,2,1,30,14,16
CHILDRESS COUNTY,75,3 Years,84,47,37,53,29,24,2,1,1,2,2,0,27,15,12
CHILDRESS COUNTY,75,4 Years,88,45,43,51,27,24,4,3,1,4,2,2,29,13,16
CHILDRESS COUNTY,75,5 Years,90,43,47,52,24,28,6,3,3,2,1,1,30,15,15
CHILDRESS COUNTY,75,6 Years,83,43,40,44,20,24,5,4,1,2,2,0,32,17,15
CHILDRESS COUNTY,75,7 Years,83,42,41,50,24,26,2,2,0,4,2,2,27,14,13
CHILDRESS COUNTY,75,8 Years,74,37,37,46,26,20,3,1,2,5,1,4,20,9,11
CHILDRESS COUNTY,75,9 Years,76,40,36,51,29,22,2,1,1,3,1,2,20,9,11
CHILDRESS COUNTY,75,10 Years,92,47,45,51,25,26,4,1,3,3,2,1,34,19,15
CHILDRESS COUNTY,75,11 Years,78,42,36,45,24,21,2,1,1,2,1,1,29,16,13
CHILDRESS COUNTY,75,12 Years,91,55,36,51,27,24,3,2,1,3,2,1,34,24,10
CHILDRESS COUNTY,75,13 Years,84,49,35,48,26,22,5,3,2,3,2,1,28,18,10
CHILDRESS COUNTY,75,14 Years,84,41,43,48,23,25,5,1,4,3,2,1,28,15,13
CHILDRESS COUNTY,75,15 Years,92,48,44,54,26,28,8,5,3,2,1,1,28,16,12
CHILDRESS COUNTY,75,16 Years,75,34,41,47,21,26,6,3,3,0,0,0,22,10,12
CHILDRESS COUNTY,75,17 Years,96,51,45,58,28,30,10,6,4,2,1,1,26,16,10
CHILDRESS COUNTY,75,18 Years,84,54,30,43,25,18,9,7,2,1,0,1,31,22,9
CHILDRESS COUNTY,75,19 Years,119,82,37,58,39,19,17,14,3,3,0,3,41,29,12
CHILDRESS COUNTY,75,20 Years,118,75,43,56,32,24,20,17,3,2,1,1,40,25,15
CHILDRESS COUNTY,75,21 Years,131,101,30,43,25,18,24,23,1,3,1,2,61,52,9
CHILDRESS COUNTY,75,22 Years,140,119,21,43,29,14,33,33,0,1,0,1,63,57,6
CHILDRESS COUNTY,75,23 Years,145,118,27,54,38,16,26,25,1,2,2,0,63,53,10
CHILDRESS COUNTY,75,24 Years,151,127,24,57,42,15,28,27,1,4,4,0,62,54,8
CHILDRESS COUNTY,75,25 Years,148,126,22,55,40,15,40,39,1,3,3,0,50,44,6
CHILDRESS COUNTY,75,26 Years,157,135,22,49,34,15,33,31,2,0,0,0,75,70,5
CHILDRESS COUNTY,75,27 Years,151,116,35,52,30,22,36,35,1,0,0,0,63,51,12
CHILDRESS COUNTY,75,28 Years,157,120,37,63,42,21,30,26,4,1,0,1,63,52,11
CHILDRESS COUNTY,75,29 Years,129,99,30,57,35,22,28,26,2,2,1,1,42,37,5
CHILDRESS COUNTY,75,30 Years,124,92,32,54,32,22,26,25,1,3,2,1,41,33,8
CHILDRESS COUNTY,75,31 Years,117,87,30,55,34,21,17,17,0,2,1,1,43,35,8
CHILDRESS COUNTY,75,32 Years,102,67,35,51,29,22,15,14,1,2,1,1,34,23,11
CHILDRESS COUNTY,75,33 Years,96,59,37,45,21,24,17,15,2,2,2,0,32,21,11
CHILDRESS COUNTY,75,34 Years,109,66,43,47,22,25,18,16,2,4,1,3,40,27,13
CHILDRESS COUNTY,75,35 Years,91,57,34,44,24,20,10,8,2,3,1,2,34,24,10
CHILDRESS COUNTY,75,36 Years,73,38,35,43,22,21,7,5,2,3,2,1,20,9,11
CHILDRESS COUNTY,75,37 Years,85,56,29,53,32,21,9,8,1,3,2,1,20,14,6
CHILDRESS COUNTY,75,38 Years,86,59,27,44,28,16,9,8,1,2,1,1,31,22,9
CHILDRESS COUNTY,75,39 Years,85,51,34,42,21,21,5,4,1,1,1,0,37,25,12
CHILDRESS COUNTY,75,40 Years,80,47,33,55,31,24,6,5,1,0,0,0,19,11,8
CHILDRESS COUNTY,75,41 Years,74,43,31,54,29,25,4,4,0,1,1,0,15,9,6
CHILDRESS COUNTY,75,42 Years,66,38,28,42,23,19,8,7,1,0,0,0,16,8,8
CHILDRESS COUNTY,75,43 Years,85,52,33,47,27,20,14,10,4,4,2,2,20,13,7
CHILDRESS COUNTY,75,44 Years,58,34,24,34,21,13,6,4,2,1,0,1,17,9,8
CHILDRESS COUNTY,75,45 Years,68,33,35,48,24,24,5,2,3,0,0,0,15,7,8
CHILDRESS COUNTY,75,46 Years,69,35,34,47,24,23,4,1,3,0,0,0,18,10,8
CHILDRESS COUNTY,75,47 Years,82,42,40,60,28,32,6,4,2,1,1,0,15,9,6
CHILDRESS COUNTY,75,48 Years,94,49,45,65,33,32,6,3,3,2,0,2,21,13,8
CHILDRESS COUNTY,75,49 Years,83,53,30,61,41,20,7,5,2,2,0,2,13,7,6
CHILDRESS COUNTY,75,50 Years,70,36,34,53,27,26,6,3,3,2,1,1,9,5,4
CHILDRESS COUNTY,75,51 Years,69,29,40,54,22,32,3,1,2,1,0,1,11,6,5
CHILDRESS COUNTY,75,52 Years,70,31,39,50,23,27,3,0,3,2,1,1,15,7,8
CHILDRESS COUNTY,75,53 Years,83,45,38,60,32,28,5,5,0,2,0,2,16,8,8
CHILDRESS COUNTY,75,54 Years,79,36,43,60,26,34,4,4,0,1,0,1,14,6,8
CHILDRESS COUNTY,75,55 Years,80,36,44,61,27,34,4,2,2,2,2,0,13,5,8
CHILDRESS COUNTY,75,56 Years,82,44,38,61,33,28,7,3,4,2,0,2,12,8,4
CHILDRESS COUNTY,75,57 Years,78,43,35,57,31,26,5,3,2,2,1,1,14,8,6
CHILDRESS COUNTY,75,58 Years,74,34,40,58,27,31,1,1,0,2,1,1,13,5,8
CHILDRESS COUNTY,75,59 Years,88,43,45,70,34,36,1,0,1,2,2,0,15,7,8
CHILDRESS COUNTY,75,60 Years,82,42,40,65,35,30,3,2,1,1,1,0,13,4,9
CHILDRESS COUNTY,75,61 Years,72,40,32,52,28,24,5,4,1,3,2,1,12,6,6
CHILDRESS COUNTY,75,62 Years,61,31,30,45,22,23,4,2,2,2,1,1,10,6,4
CHILDRESS COUNTY,75,63 Years,60,31,29,51,26,25,2,0,2,1,1,0,6,4,2
CHILDRESS COUNTY,75,64 Years,60,29,31,51,22,29,2,2,0,0,0,0,7,5,2
CHILDRESS COUNTY,75,65 Years,76,35,41,61,29,32,1,1,0,2,0,2,12,5,7
CHILDRESS COUNTY,75,66 Years,56,28,28,41,22,19,1,1,0,1,0,1,13,5,8
CHILDRESS COUNTY,75,67 Years,58,26,32,48,22,26,0,0,0,1,0,1,9,4,5
CHILDRESS COUNTY,75,68 Years,66,29,37,58,26,32,2,1,1,1,0,1,5,2,3
CHILDRESS COUNTY,75,69 Years,60,33,27,55,30,25,0,0,0,1,0,1,4,3,1
CHILDRESS COUNTY,75,70 Years,60,27,33,51,23,28,3,0,3,3,2,1,3,2,1
CHILDRESS COUNTY,75,71 Years,59,26,33,50,21,29,2,0,2,1,1,0,6,4,2
CHILDRESS COUNTY,75,72 Years,42,23,19,33,19,14,3,0,3,0,0,0,6,4,2
CHILDRESS COUNTY,75,73 Years,43,16,27,36,14,22,2,0,2,1,1,0,4,1,3
CHILDRESS COUNTY,75,74 Years,42,21,21,37,18,19,1,1,0,1,1,0,3,1,2
CHILDRESS COUNTY,75,75 Years,44,15,29,40,13,27,1,1,0,0,0,0,3,1,2
CHILDRESS COUNTY,75,76 Years,44,20,24,36,14,22,2,1,1,1,1,0,5,4,1
CHILDRESS COUNTY,75,77 Years,39,18,21,35,16,19,2,0,2,0,0,0,2,2,0
CHILDRESS COUNTY,75,78 Years,44,18,26,38,16,22,2,0,2,0,0,0,4,2,2
CHILDRESS COUNTY,75,79 Years,45,21,24,41,19,22,1,1,0,0,0,0,3,1,2
CHILDRESS COUNTY,75,80 Years,34,19,15,29,17,12,1,0,1,0,0,0,4,2,2
CHILDRESS COUNTY,75,81 Years,33,14,19,28,12,16,0,0,0,0,0,0,5,2,3
CHILDRESS COUNTY,75,82 Years,34,13,21,31,12,19,0,0,0,0,0,0,3,1,2
CHILDRESS COUNTY,75,83 Years,31,11,20,27,10,17,0,0,0,0,0,0,4,1,3
CHILDRESS COUNTY,75,84 Years,26,12,14,23,10,13,1,1,0,0,0,0,2,1,1
CHILDRESS COUNTY,75,85 Years +,152,44,108,142,39,103,4,1,3,1,0,1,5,4,1
CLAY COUNTY,77,All Ages,10844,5326,5518,10017,4937,5080,54,28,26,297,139,158,476,222,254
CLAY COUNTY,77,< 1 Year,83,39,44,79,36,43,0,0,0,1,1,0,3,2,1
CLAY COUNTY,77,1 Years,97,52,45,89,46,43,0,0,0,3,2,1,5,4,1
CLAY COUNTY,77,2 Years,117,60,57,105,54,51,0,0,0,4,2,2,8,4,4
CLAY COUNTY,77,3 Years,129,66,63,110,59,51,1,1,0,5,1,4,13,5,8
CLAY COUNTY,77,4 Years,128,67,61,110,57,53,1,1,0,7,3,4,10,6,4
CLAY COUNTY,77,5 Years,115,63,52,101,53,48,1,1,0,4,2,2,9,7,2
CLAY COUNTY,77,6 Years,115,67,48,97,56,41,1,1,0,5,4,1,12,6,6
CLAY COUNTY,77,7 Years,125,60,65,110,55,55,0,0,0,5,2,3,10,3,7
CLAY COUNTY,77,8 Years,128,64,64,116,58,58,0,0,0,4,2,2,8,4,4
CLAY COUNTY,77,9 Years,127,65,62,115,59,56,1,0,1,3,1,2,8,5,3
CLAY COUNTY,77,10 Years,129,68,61,113,60,53,1,1,0,4,2,2,11,5,6
CLAY COUNTY,77,11 Years,137,68,69,123,61,62,2,2,0,3,1,2,9,4,5
CLAY COUNTY,77,12 Years,140,68,72,123,63,60,2,1,1,3,1,2,12,3,9
CLAY COUNTY,77,13 Years,136,63,73,121,60,61,1,0,1,3,1,2,11,2,9
CLAY COUNTY,77,14 Years,140,73,67,129,71,58,0,0,0,3,1,2,8,1,7
CLAY COUNTY,77,15 Years,162,85,77,144,77,67,0,0,0,7,4,3,11,4,7
CLAY COUNTY,77,16 Years,165,80,85,145,72,73,2,1,1,6,3,3,12,4,8
CLAY COUNTY,77,17 Years,156,80,76,137,71,66,1,0,1,4,2,2,14,7,7
CLAY COUNTY,77,18 Years,173,97,76,152,87,65,1,0,1,8,6,2,12,4,8
CLAY COUNTY,77,19 Years,151,77,74,133,66,67,0,0,0,7,5,2,11,6,5
CLAY COUNTY,77,20 Years,135,70,65,124,65,59,1,0,1,3,2,1,7,3,4
CLAY COUNTY,77,21 Years,112,53,59,101,49,52,2,1,1,2,1,1,7,2,5
CLAY COUNTY,77,22 Years,101,46,55,89,41,48,2,1,1,3,1,2,7,3,4
CLAY COUNTY,77,23 Years,83,41,42,74,36,38,1,0,1,2,1,1,6,4,2
CLAY COUNTY,77,24 Years,85,46,39,80,43,37,1,1,0,2,1,1,2,1,1
CLAY COUNTY,77,25 Years,81,39,42,73,36,37,1,0,1,2,1,1,5,2,3
CLAY COUNTY,77,26 Years,78,40,38,73,38,35,0,0,0,2,1,1,3,1,2
CLAY COUNTY,77,27 Years,97,54,43,91,51,40,1,1,0,3,1,2,2,1,1
CLAY COUNTY,77,28 Years,85,37,48,79,33,46,0,0,0,3,2,1,3,2,1
CLAY COUNTY,77,29 Years,96,41,55,87,36,51,0,0,0,4,2,2,5,3,2
CLAY COUNTY,77,30 Years,97,44,53,88,41,47,0,0,0,3,0,3,6,3,3
CLAY COUNTY,77,31 Years,96,49,47,89,47,42,0,0,0,3,1,2,4,1,3
CLAY COUNTY,77,32 Years,104,56,48,96,52,44,0,0,0,2,1,1,6,3,3
CLAY COUNTY,77,33 Years,105,57,48,91,49,42,0,0,0,5,2,3,9,6,3
CLAY COUNTY,77,34 Years,122,57,65,112,52,60,1,1,0,3,1,2,6,3,3
CLAY COUNTY,77,35 Years,121,61,60,109,53,56,0,0,0,4,2,2,8,6,2
CLAY COUNTY,77,36 Years,118,59,59,104,52,52,1,0,1,5,1,4,8,6,2
CLAY COUNTY,77,37 Years,108,47,61,99,44,55,1,0,1,3,2,1,5,1,4
CLAY COUNTY,77,38 Years,109,53,56,95,48,47,3,0,3,3,1,2,8,4,4
CLAY COUNTY,77,39 Years,107,53,54,93,46,47,1,0,1,3,1,2,10,6,4
CLAY COUNTY,77,40 Years,119,51,68,108,47,61,3,2,1,3,0,3,5,2,3
CLAY COUNTY,77,41 Years,131,60,71,120,59,61,1,0,1,6,0,6,4,1,3
CLAY COUNTY,77,42 Years,147,68,79,133,61,72,0,0,0,5,2,3,9,5,4
CLAY COUNTY,77,43 Years,137,70,67,129,66,63,1,1,0,3,2,1,4,1,3
CLAY COUNTY,77,44 Years,141,70,71,129,60,69,0,0,0,6,5,1,6,5,1
CLAY COUNTY,77,45 Years,134,68,66,123,64,59,0,0,0,6,2,4,5,2,3
CLAY COUNTY,77,46 Years,132,62,70,122,58,64,0,0,0,3,1,2,7,3,4
CLAY COUNTY,77,47 Years,151,72,79,139,66,73,1,0,1,6,4,2,5,2,3
CLAY COUNTY,77,48 Years,179,83,96,168,80,88,2,2,0,5,1,4,4,0,4
CLAY COUNTY,77,49 Years,182,90,92,166,83,83,1,1,0,9,3,6,6,3,3
CLAY COUNTY,77,50 Years,177,89,88,160,82,78,2,1,1,5,2,3,10,4,6
CLAY COUNTY,77,51 Years,180,91,89,169,86,83,1,0,1,2,1,1,8,4,4
CLAY COUNTY,77,52 Years,190,100,90,177,93,84,1,0,1,4,3,1,8,4,4
CLAY COUNTY,77,53 Years,183,93,90,171,87,84,1,0,1,4,3,1,7,3,4
CLAY COUNTY,77,54 Years,192,97,95,180,89,91,1,1,0,5,3,2,6,4,2
CLAY COUNTY,77,55 Years,169,89,80,158,82,76,2,1,1,5,5,0,4,1,3
CLAY COUNTY,77,56 Years,185,81,104,180,77,103,1,1,0,2,2,0,2,1,1
CLAY COUNTY,77,57 Years,197,99,98,191,94,97,0,0,0,2,2,0,4,3,1
CLAY COUNTY,77,58 Years,193,99,94,186,95,91,1,1,0,5,2,3,1,1,0
CLAY COUNTY,77,59 Years,190,87,103,180,82,98,1,1,0,3,1,2,6,3,3
CLAY COUNTY,77,60 Years,179,82,97,171,79,92,1,1,0,3,1,2,4,1,3
CLAY COUNTY,77,61 Years,151,76,75,144,74,70,1,0,1,4,1,3,2,1,1
CLAY COUNTY,77,62 Years,144,71,73,138,68,70,0,0,0,2,1,1,4,2,2
CLAY COUNTY,77,63 Years,152,71,81,148,69,79,0,0,0,1,1,0,3,1,2
CLAY COUNTY,77,64 Years,160,78,82,152,72,80,1,1,0,4,3,1,3,2,1
CLAY COUNTY,77,65 Years,157,75,82,148,73,75,0,0,0,5,1,4,4,1,3
CLAY COUNTY,77,66 Years,125,60,65,117,56,61,0,0,0,4,2,2,4,2,2
CLAY COUNTY,77,67 Years,133,66,67,128,63,65,0,0,0,3,1,2,2,2,0
CLAY COUNTY,77,68 Years,145,70,75,143,68,75,0,0,0,1,1,0,1,1,0
CLAY COUNTY,77,69 Years,143,67,76,138,66,72,0,0,0,2,0,2,3,1,2
CLAY COUNTY,77,70 Years,113,59,54,109,56,53,0,0,0,2,2,0,2,1,1
CLAY COUNTY,77,71 Years,96,48,48,92,47,45,0,0,0,3,1,2,1,0,1
CLAY COUNTY,77,72 Years,90,43,47,85,41,44,0,0,0,2,1,1,3,1,2
CLAY COUNTY,77,73 Years,113,49,64,108,48,60,0,0,0,3,1,2,2,0,2
CLAY COUNTY,77,74 Years,103,51,52,97,49,48,0,0,0,5,2,3,1,0,1
CLAY COUNTY,77,75 Years,81,38,43,77,38,39,0,0,0,2,0,2,2,0,2
CLAY COUNTY,77,76 Years,79,40,39,76,40,36,0,0,0,2,0,2,1,0,1
CLAY COUNTY,77,77 Years,72,39,33,70,38,32,0,0,0,1,0,1,1,1,0
CLAY COUNTY,77,78 Years,77,32,45,75,32,43,0,0,0,2,0,2,0,0,0
CLAY COUNTY,77,79 Years,67,29,38,63,27,36,0,0,0,2,1,1,2,1,1
CLAY COUNTY,77,80 Years,64,30,34,62,29,33,0,0,0,1,0,1,1,1,0
CLAY COUNTY,77,81 Years,55,25,30,54,24,30,0,0,0,1,1,0,0,0,0
CLAY COUNTY,77,82 Years,51,19,32,50,19,31,0,0,0,0,0,0,1,0,1
CLAY COUNTY,77,83 Years,43,19,24,42,18,24,0,0,0,0,0,0,1,1,0
CLAY COUNTY,77,84 Years,47,20,27,46,19,27,0,0,0,0,0,0,1,1,0
CLAY COUNTY,77,85 Years +,202,85,117,196,80,116,0,0,0,4,3,1,2,2,0
COCHRAN COUNTY,79,All Ages,3125,1547,1578,1298,635,663,105,50,55,37,17,20,1685,845,840
COCHRAN COUNTY,79,< 1 Year,51,32,19,13,8,5,1,1,0,1,1,0,36,22,14
COCHRAN COUNTY,79,1 Years,47,26,21,14,7,7,1,1,0,1,1,0,31,17,14
COCHRAN COUNTY,79,2 Years,47,29,18,15,7,8,1,1,0,0,0,0,31,21,10
COCHRAN COUNTY,79,3 Years,52,25,27,10,4,6,0,0,0,0,0,0,42,21,21
COCHRAN COUNTY,79,4 Years,46,27,19,12,7,5,0,0,0,1,1,0,33,19,14
COCHRAN COUNTY,79,5 Years,52,21,31,12,4,8,1,0,1,0,0,0,39,17,22
COCHRAN COUNTY,79,6 Years,46,24,22,13,6,7,1,0,1,0,0,0,32,18,14
COCHRAN COUNTY,79,7 Years,49,23,26,14,9,5,2,1,1,1,0,1,32,13,19
COCHRAN COUNTY,79,8 Years,51,23,28,10,7,3,1,1,0,0,0,0,40,15,25
COCHRAN COUNTY,79,9 Years,55,32,23,11,7,4,1,1,0,0,0,0,43,24,19
COCHRAN COUNTY,79,10 Years,49,22,27,13,8,5,0,0,0,0,0,0,36,14,22
COCHRAN COUNTY,79,11 Years,38,14,24,8,4,4,1,0,1,0,0,0,29,10,19
COCHRAN COUNTY,79,12 Years,39,18,21,12,5,7,0,0,0,0,0,0,27,13,14
COCHRAN COUNTY,79,13 Years,55,31,24,19,9,10,1,1,0,1,0,1,34,21,13
COCHRAN COUNTY,79,14 Years,45,23,22,12,7,5,1,1,0,2,1,1,30,14,16
COCHRAN COUNTY,79,15 Years,50,27,23,16,7,9,3,1,2,2,2,0,29,17,12
COCHRAN COUNTY,79,16 Years,51,22,29,18,7,11,2,1,1,0,0,0,31,14,17
COCHRAN COUNTY,79,17 Years,48,21,27,14,7,7,1,0,1,1,0,1,32,14,18
COCHRAN COUNTY,79,18 Years,59,24,35,20,9,11,3,1,2,0,0,0,36,14,22
COCHRAN COUNTY,79,19 Years,61,28,33,20,10,10,3,0,3,0,0,0,38,18,20
COCHRAN COUNTY,79,20 Years,46,24,22,18,12,6,2,1,1,1,1,0,25,10,15
COCHRAN COUNTY,79,21 Years,50,25,25,20,10,10,2,1,1,1,0,1,27,14,13
COCHRAN COUNTY,79,22 Years,41,22,19,16,9,7,1,0,1,0,0,0,24,13,11
COCHRAN COUNTY,79,23 Years,40,20,20,17,9,8,1,1,0,0,0,0,22,10,12
COCHRAN COUNTY,79,24 Years,35,14,21,11,6,5,1,0,1,0,0,0,23,8,15
COCHRAN COUNTY,79,25 Years,40,20,20,12,5,7,0,0,0,0,0,0,28,15,13
COCHRAN COUNTY,79,26 Years,35,21,14,10,5,5,3,3,0,0,0,0,22,13,9
COCHRAN COUNTY,79,27 Years,39,22,17,15,8,7,1,1,0,0,0,0,23,13,10
COCHRAN COUNTY,79,28 Years,41,18,23,17,8,9,1,0,1,0,0,0,23,10,13
COCHRAN COUNTY,79,29 Years,27,12,15,12,5,7,1,1,0,0,0,0,14,6,8
COCHRAN COUNTY,79,30 Years,37,14,23,16,6,10,2,0,2,0,0,0,19,8,11
COCHRAN COUNTY,79,31 Years,42,23,19,10,6,4,1,0,1,0,0,0,31,17,14
COCHRAN COUNTY,79,32 Years,39,19,20,11,4,7,1,0,1,0,0,0,27,15,12
COCHRAN COUNTY,79,33 Years,28,19,9,10,6,4,1,1,0,0,0,0,17,12,5
COCHRAN COUNTY,79,34 Years,30,14,16,7,5,2,0,0,0,1,0,1,22,9,13
COCHRAN COUNTY,79,35 Years,31,16,15,12,6,6,0,0,0,0,0,0,19,10,9
COCHRAN COUNTY,79,36 Years,20,11,9,8,5,3,0,0,0,0,0,0,12,6,6
COCHRAN COUNTY,79,37 Years,24,12,12,10,5,5,0,0,0,0,0,0,14,7,7
COCHRAN COUNTY,79,38 Years,24,9,15,10,2,8,1,1,0,0,0,0,13,6,7
COCHRAN COUNTY,79,39 Years,26,10,16,14,5,9,0,0,0,0,0,0,12,5,7
COCHRAN COUNTY,79,40 Years,29,14,15,10,4,6,1,1,0,0,0,0,18,9,9
COCHRAN COUNTY,79,41 Years,36,18,18,10,4,6,1,1,0,0,0,0,25,13,12
COCHRAN COUNTY,79,42 Years,36,13,23,10,4,6,2,1,1,1,0,1,23,8,15
COCHRAN COUNTY,79,43 Years,31,14,17,9,2,7,1,1,0,0,0,0,21,11,10
COCHRAN COUNTY,79,44 Years,46,26,20,19,11,8,5,2,3,0,0,0,22,13,9
COCHRAN COUNTY,79,45 Years,34,21,13,14,9,5,2,1,1,1,0,1,17,11,6
COCHRAN COUNTY,79,46 Years,31,15,16,15,6,9,1,0,1,1,0,1,14,9,5
COCHRAN COUNTY,79,47 Years,43,20,23,19,7,12,1,1,0,1,1,0,22,11,11
COCHRAN COUNTY,79,48 Years,40,18,22,15,7,8,1,0,1,1,0,1,23,11,12
COCHRAN COUNTY,79,49 Years,50,27,23,22,12,10,2,0,2,1,0,1,25,15,10
COCHRAN COUNTY,79,50 Years,49,28,21,25,14,11,2,1,1,1,0,1,21,13,8
COCHRAN COUNTY,79,51 Years,41,22,19,23,13,10,3,0,3,0,0,0,15,9,6
COCHRAN COUNTY,79,52 Years,42,25,17,20,12,8,1,1,0,2,1,1,19,11,8
COCHRAN COUNTY,79,53 Years,39,19,20,19,9,10,2,1,1,1,0,1,17,9,8
COCHRAN COUNTY,79,54 Years,33,15,18,19,9,10,1,1,0,1,0,1,12,5,7
COCHRAN COUNTY,79,55 Years,37,14,23,22,10,12,3,1,2,0,0,0,12,3,9
COCHRAN COUNTY,79,56 Years,48,24,24,30,17,13,1,0,1,0,0,0,17,7,10
COCHRAN COUNTY,79,57 Years,47,23,24,30,16,14,1,0,1,1,0,1,15,7,8
COCHRAN COUNTY,79,58 Years,41,22,19,23,13,10,1,1,0,0,0,0,17,8,9
COCHRAN COUNTY,79,59 Years,30,16,14,16,8,8,1,0,1,0,0,0,13,8,5
COCHRAN COUNTY,79,60 Years,34,17,17,18,9,9,0,0,0,2,1,1,14,7,7
COCHRAN COUNTY,79,61 Years,33,19,14,18,9,9,1,1,0,1,1,0,13,8,5
COCHRAN COUNTY,79,62 Years,32,18,14,17,8,9,1,1,0,0,0,0,14,9,5
COCHRAN COUNTY,79,63 Years,35,18,17,12,7,5,2,1,1,1,0,1,20,10,10
COCHRAN COUNTY,79,64 Years,31,14,17,15,7,8,1,0,1,1,1,0,14,6,8
COCHRAN COUNTY,79,65 Years,33,17,16,21,10,11,1,1,0,0,0,0,11,6,5
COCHRAN COUNTY,79,66 Years,27,16,11,13,8,5,0,0,0,1,1,0,13,7,6
COCHRAN COUNTY,79,67 Years,26,12,14,15,5,10,1,1,0,0,0,0,10,6,4
COCHRAN COUNTY,79,68 Years,28,16,12,16,8,8,1,1,0,1,1,0,10,6,4
COCHRAN COUNTY,79,69 Years,22,12,10,11,5,6,0,0,0,0,0,0,11,7,4
COCHRAN COUNTY,79,70 Years,20,7,13,12,3,9,1,0,1,0,0,0,7,4,3
COCHRAN COUNTY,79,71 Years,29,11,18,19,8,11,2,1,1,0,0,0,8,2,6
COCHRAN COUNTY,79,72 Years,20,8,12,11,6,5,1,0,1,0,0,0,8,2,6
COCHRAN COUNTY,79,73 Years,25,11,14,15,7,8,1,0,1,2,1,1,7,3,4
COCHRAN COUNTY,79,74 Years,30,15,15,20,9,11,0,0,0,1,1,0,9,5,4
COCHRAN COUNTY,79,75 Years,26,13,13,18,9,9,1,1,0,0,0,0,7,3,4
COCHRAN COUNTY,79,76 Years,33,15,18,21,10,11,3,2,1,0,0,0,9,3,6
COCHRAN COUNTY,79,77 Years,23,14,9,14,8,6,2,1,1,0,0,0,7,5,2
COCHRAN COUNTY,79,78 Years,20,8,12,12,5,7,3,1,2,1,0,1,4,2,2
COCHRAN COUNTY,79,79 Years,19,6,13,11,3,8,2,0,2,1,1,0,5,2,3
COCHRAN COUNTY,79,80 Years,16,6,10,11,5,6,1,0,1,0,0,0,4,1,3
COCHRAN COUNTY,79,81 Years,16,9,7,12,6,6,1,1,0,0,0,0,3,2,1
COCHRAN COUNTY,79,82 Years,13,7,6,12,6,6,1,1,0,0,0,0,0,0,0
COCHRAN COUNTY,79,83 Years,11,6,5,10,5,5,0,0,0,0,0,0,1,1,0
COCHRAN COUNTY,79,84 Years,12,5,7,9,4,5,0,0,0,0,0,0,3,1,2
COCHRAN COUNTY,79,85 Years +,42,16,26,33,12,21,2,1,1,0,0,0,7,3,4
COKE COUNTY,81,All Ages,3373,1668,1705,2669,1300,1369,7,4,3,61,32,29,636,332,304
COKE COUNTY,81,< 1 Year,29,13,16,19,10,9,0,0,0,0,0,0,10,3,7
COKE COUNTY,81,1 Years,28,15,13,19,11,8,0,0,0,0,0,0,9,4,5
COKE COUNTY,81,2 Years,33,16,17,25,10,15,1,0,1,1,1,0,6,5,1
COKE COUNTY,81,3 Years,27,13,14,17,6,11,1,0,1,0,0,0,9,7,2
COKE COUNTY,81,4 Years,37,20,17,25,14,11,0,0,0,0,0,0,12,6,6
COKE COUNTY,81,5 Years,34,21,13,23,15,8,0,0,0,1,0,1,10,6,4
COKE COUNTY,81,6 Years,37,20,17,24,14,10,0,0,0,0,0,0,13,6,7
COKE COUNTY,81,7 Years,29,19,10,18,12,6,0,0,0,0,0,0,11,7,4
COKE COUNTY,81,8 Years,27,9,18,16,6,10,0,0,0,0,0,0,11,3,8
COKE COUNTY,81,9 Years,39,14,25,25,9,16,0,0,0,1,1,0,13,4,9
COKE COUNTY,81,10 Years,45,19,26,30,13,17,0,0,0,1,1,0,14,5,9
COKE COUNTY,81,11 Years,53,24,29,37,17,20,0,0,0,1,1,0,15,6,9
COKE COUNTY,81,12 Years,52,24,28,38,15,23,0,0,0,0,0,0,14,9,5
COKE COUNTY,81,13 Years,41,21,20,34,17,17,0,0,0,0,0,0,7,4,3
COKE COUNTY,81,14 Years,38,16,22,29,11,18,0,0,0,0,0,0,9,5,4
COKE COUNTY,81,15 Years,43,22,21,29,15,14,0,0,0,3,0,3,11,7,4
COKE COUNTY,81,16 Years,42,23,19,30,16,14,0,0,0,2,1,1,10,6,4
COKE COUNTY,81,17 Years,44,23,21,30,14,16,0,0,0,2,1,1,12,8,4
COKE COUNTY,81,18 Years,39,23,16,28,16,12,0,0,0,0,0,0,11,7,4
COKE COUNTY,81,19 Years,50,31,19,31,21,10,0,0,0,4,2,2,15,8,7
COKE COUNTY,81,20 Years,39,25,14,22,15,7,1,1,0,1,1,0,15,8,7
COKE COUNTY,81,21 Years,27,16,11,15,9,6,0,0,0,1,1,0,11,6,5
COKE COUNTY,81,22 Years,25,14,11,14,7,7,1,1,0,0,0,0,10,6,4
COKE COUNTY,81,23 Years,28,15,13,18,9,9,1,1,0,0,0,0,9,5,4
COKE COUNTY,81,24 Years,21,13,8,15,9,6,0,0,0,1,1,0,5,3,2
COKE COUNTY,81,25 Years,22,12,10,12,6,6,0,0,0,2,0,2,8,6,2
COKE COUNTY,81,26 Years,26,12,14,17,8,9,0,0,0,2,1,1,7,3,4
COKE COUNTY,81,27 Years,27,15,12,19,9,10,0,0,0,1,1,0,7,5,2
COKE COUNTY,81,28 Years,39,24,15,32,19,13,0,0,0,0,0,0,7,5,2
COKE COUNTY,81,29 Years,28,14,14,24,12,12,0,0,0,0,0,0,4,2,2
COKE COUNTY,81,30 Years,29,12,17,26,11,15,0,0,0,1,0,1,2,1,1
COKE COUNTY,81,31 Years,32,17,15,24,11,13,0,0,0,0,0,0,8,6,2
COKE COUNTY,81,32 Years,29,13,16,20,8,12,0,0,0,1,0,1,8,5,3
COKE COUNTY,81,33 Years,33,15,18,27,13,14,0,0,0,1,0,1,5,2,3
COKE COUNTY,81,34 Years,29,13,16,24,11,13,1,1,0,0,0,0,4,1,3
COKE COUNTY,81,35 Years,26,13,13,22,11,11,0,0,0,0,0,0,4,2,2
COKE COUNTY,81,36 Years,28,14,14,19,11,8,0,0,0,1,1,0,8,2,6
COKE COUNTY,81,37 Years,30,15,15,24,13,11,0,0,0,2,1,1,4,1,3
COKE COUNTY,81,38 Years,24,11,13,18,8,10,0,0,0,1,1,0,5,2,3
COKE COUNTY,81,39 Years,28,14,14,21,12,9,0,0,0,1,0,1,6,2,4
COKE COUNTY,81,40 Years,26,9,17,22,8,14,0,0,0,0,0,0,4,1,3
COKE COUNTY,81,41 Years,25,12,13,18,9,9,0,0,0,0,0,0,7,3,4
COKE COUNTY,81,42 Years,32,16,16,25,12,13,0,0,0,0,0,0,7,4,3
COKE COUNTY,81,43 Years,42,21,21,33,16,17,0,0,0,0,0,0,9,5,4
COKE COUNTY,81,44 Years,36,19,17,24,13,11,0,0,0,0,0,0,12,6,6
COKE COUNTY,81,45 Years,41,23,18,29,16,13,0,0,0,0,0,0,12,7,5
COKE COUNTY,81,46 Years,37,17,20,23,9,14,0,0,0,0,0,0,14,8,6
COKE COUNTY,81,47 Years,58,22,36,48,17,31,0,0,0,0,0,0,10,5,5
COKE COUNTY,81,48 Years,52,26,26,40,21,19,0,0,0,2,0,2,10,5,5
COKE COUNTY,81,49 Years,48,22,26,35,16,19,1,0,1,1,0,1,11,6,5
COKE COUNTY,81,50 Years,52,27,25,40,20,20,0,0,0,2,1,1,10,6,4
COKE COUNTY,81,51 Years,54,28,26,45,23,22,0,0,0,1,1,0,8,4,4
COKE COUNTY,81,52 Years,45,20,25,31,15,16,0,0,0,0,0,0,14,5,9
COKE COUNTY,81,53 Years,50,23,27,39,18,21,0,0,0,2,2,0,9,3,6
COKE COUNTY,81,54 Years,49,26,23,40,21,19,0,0,0,2,2,0,7,3,4
COKE COUNTY,81,55 Years,52,28,24,44,24,20,0,0,0,1,1,0,7,3,4
COKE COUNTY,81,56 Years,46,23,23,40,19,21,0,0,0,0,0,0,6,4,2
COKE COUNTY,81,57 Years,46,26,20,41,23,18,0,0,0,0,0,0,5,3,2
COKE COUNTY,81,58 Years,57,28,29,45,23,22,0,0,0,1,1,0,11,4,7
COKE COUNTY,81,59 Years,50,24,26,43,21,22,0,0,0,1,1,0,6,2,4
COKE COUNTY,81,60 Years,46,23,23,41,20,21,0,0,0,0,0,0,5,3,2
COKE COUNTY,81,61 Years,51,29,22,49,27,22,0,0,0,0,0,0,2,2,0
COKE COUNTY,81,62 Years,47,22,25,43,21,22,0,0,0,0,0,0,4,1,3
COKE COUNTY,81,63 Years,56,25,31,45,19,26,0,0,0,1,1,0,10,5,5
COKE COUNTY,81,64 Years,52,22,30,46,19,27,0,0,0,0,0,0,6,3,3
COKE COUNTY,81,65 Years,51,23,28,42,20,22,0,0,0,1,0,1,8,3,5
COKE COUNTY,81,66 Years,35,11,24,28,10,18,0,0,0,3,1,2,4,0,4
COKE COUNTY,81,67 Years,52,21,31,45,18,27,0,0,0,2,1,1,5,2,3
COKE COUNTY,81,68 Years,55,30,25,48,26,22,0,0,0,2,1,1,5,3,2
COKE COUNTY,81,69 Years,52,27,25,46,24,22,0,0,0,1,1,0,5,2,3
COKE COUNTY,81,70 Years,44,20,24,37,15,22,0,0,0,1,0,1,6,5,1
COKE COUNTY,81,71 Years,53,24,29,48,20,28,0,0,0,1,0,1,4,4,0
COKE COUNTY,81,72 Years,48,27,21,46,26,20,0,0,0,0,0,0,2,1,1
COKE COUNTY,81,73 Years,43,25,18,42,25,17,0,0,0,1,0,1,0,0,0
COKE COUNTY,81,74 Years,41,20,21,39,18,21,0,0,0,0,0,0,2,2,0
COKE COUNTY,81,75 Years,42,27,15,38,24,14,0,0,0,1,1,0,3,2,1
COKE COUNTY,81,76 Years,43,23,20,39,22,17,0,0,0,1,1,0,3,0,3
COKE COUNTY,81,77 Years,38,17,21,33,15,18,0,0,0,0,0,0,5,2,3
COKE COUNTY,81,78 Years,33,18,15,30,16,14,0,0,0,0,0,0,3,2,1
COKE COUNTY,81,79 Years,23,15,8,22,14,8,0,0,0,0,0,0,1,1,0
COKE COUNTY,81,80 Years,23,9,14,22,8,14,0,0,0,0,0,0,1,1,0
COKE COUNTY,81,81 Years,35,18,17,31,14,17,0,0,0,0,0,0,4,4,0
COKE COUNTY,81,82 Years,38,16,22,37,15,22,0,0,0,0,0,0,1,1,0
COKE COUNTY,81,83 Years,22,10,12,21,9,12,0,0,0,0,0,0,1,1,0
COKE COUNTY,81,84 Years,22,6,16,20,6,14,0,0,0,0,0,0,2,0,2
COKE COUNTY,81,85 Years +,93,37,56,86,31,55,0,0,0,1,0,1,6,6,0
COLEMAN COUNTY,83,All Ages,8974,4442,4532,7146,3541,3605,190,95,95,166,88,78,1472,718,754
COLEMAN COUNTY,83,< 1 Year,96,43,53,71,32,39,1,0,1,2,1,1,22,10,12
COLEMAN COUNTY,83,1 Years,100,49,51,71,34,37,2,1,1,1,1,0,26,13,13
COLEMAN COUNTY,83,2 Years,101,50,51,67,31,36,4,2,2,2,1,1,28,16,12
COLEMAN COUNTY,83,3 Years,98,45,53,67,29,38,3,2,1,2,1,1,26,13,13
COLEMAN COUNTY,83,4 Years,102,52,50,72,38,34,1,0,1,4,2,2,25,12,13
COLEMAN COUNTY,83,5 Years,115,55,60,69,32,37,2,1,1,4,1,3,40,21,19
COLEMAN COUNTY,83,6 Years,92,43,49,57,27,30,1,0,1,7,4,3,27,12,15
COLEMAN COUNTY,83,7 Years,105,55,50,73,39,34,2,1,1,3,2,1,27,13,14
COLEMAN COUNTY,83,8 Years,111,58,53,76,38,38,3,2,1,4,3,1,28,15,13
COLEMAN COUNTY,83,9 Years,120,59,61,86,42,44,4,1,3,2,2,0,28,14,14
COLEMAN COUNTY,83,10 Years,108,55,53,75,42,33,2,1,1,1,1,0,30,11,19
COLEMAN COUNTY,83,11 Years,110,58,52,83,45,38,2,1,1,0,0,0,25,12,13
COLEMAN COUNTY,83,12 Years,110,62,48,74,44,30,5,2,3,5,4,1,26,12,14
COLEMAN COUNTY,83,13 Years,134,82,52,94,60,34,2,1,1,2,1,1,36,20,16
COLEMAN COUNTY,83,14 Years,120,65,55,83,45,38,0,0,0,4,4,0,33,16,17
COLEMAN COUNTY,83,15 Years,114,58,56,78,37,41,3,3,0,3,3,0,30,15,15
COLEMAN COUNTY,83,16 Years,122,60,62,89,45,44,2,2,0,2,2,0,29,11,18
COLEMAN COUNTY,83,17 Years,98,56,42,66,38,28,1,1,0,1,1,0,30,16,14
COLEMAN COUNTY,83,18 Years,103,57,46,76,42,34,3,2,1,1,0,1,23,13,10
COLEMAN COUNTY,83,19 Years,124,69,55,88,46,42,6,4,2,3,2,1,27,17,10
COLEMAN COUNTY,83,20 Years,112,52,60,83,39,44,2,1,1,1,1,0,26,11,15
COLEMAN COUNTY,83,21 Years,86,46,40,63,33,30,4,3,1,1,0,1,18,10,8
COLEMAN COUNTY,83,22 Years,83,36,47,61,29,32,3,1,2,2,0,2,17,6,11
COLEMAN COUNTY,83,23 Years,73,39,34,52,31,21,1,1,0,1,0,1,19,7,12
COLEMAN COUNTY,83,24 Years,70,36,34,46,23,23,2,1,1,2,1,1,20,11,9
COLEMAN COUNTY,83,25 Years,75,33,42,55,20,35,3,1,2,2,1,1,15,11,4
COLEMAN COUNTY,83,26 Years,81,35,46,58,25,33,1,0,1,2,1,1,20,9,11
COLEMAN COUNTY,83,27 Years,70,32,38,53,24,29,1,0,1,1,1,0,15,7,8
COLEMAN COUNTY,83,28 Years,81,44,37,63,35,28,1,0,1,2,2,0,15,7,8
COLEMAN COUNTY,83,29 Years,81,42,39,60,31,29,2,2,0,2,0,2,17,9,8
COLEMAN COUNTY,83,30 Years,73,39,34,58,31,27,1,1,0,2,1,1,12,6,6
COLEMAN COUNTY,83,31 Years,72,39,33,56,31,25,1,0,1,0,0,0,15,8,7
COLEMAN COUNTY,83,32 Years,70,40,30,47,25,22,2,1,1,1,1,0,20,13,7
COLEMAN COUNTY,83,33 Years,76,41,35,54,28,26,2,1,1,0,0,0,20,12,8
COLEMAN COUNTY,83,34 Years,71,34,37,55,26,29,2,1,1,0,0,0,14,7,7
COLEMAN COUNTY,83,35 Years,86,36,50,70,30,40,1,0,1,2,0,2,13,6,7
COLEMAN COUNTY,83,36 Years,90,38,52,69,31,38,2,0,2,2,0,2,17,7,10
COLEMAN COUNTY,83,37 Years,95,45,50,72,35,37,3,2,1,1,1,0,19,7,12
COLEMAN COUNTY,83,38 Years,96,44,52,74,36,38,4,2,2,1,1,0,17,5,12
COLEMAN COUNTY,83,39 Years,96,42,54,71,31,40,1,1,0,3,2,1,21,8,13
COLEMAN COUNTY,83,40 Years,102,44,58,77,31,46,5,3,2,1,1,0,19,9,10
COLEMAN COUNTY,83,41 Years,118,59,59,94,46,48,3,1,2,2,2,0,19,10,9
COLEMAN COUNTY,83,42 Years,106,51,55,86,40,46,1,1,0,3,1,2,16,9,7
COLEMAN COUNTY,83,43 Years,98,53,45,75,42,33,1,0,1,2,0,2,20,11,9
COLEMAN COUNTY,83,44 Years,101,49,52,76,39,37,4,1,3,4,1,3,17,8,9
COLEMAN COUNTY,83,45 Years,93,53,40,72,43,29,2,0,2,5,1,4,14,9,5
COLEMAN COUNTY,83,46 Years,94,52,42,73,40,33,4,3,1,1,0,1,16,9,7
COLEMAN COUNTY,83,47 Years,98,54,44,74,43,31,3,1,2,2,0,2,19,10,9
COLEMAN COUNTY,83,48 Years,129,66,63,103,53,50,4,2,2,2,0,2,20,11,9
COLEMAN COUNTY,83,49 Years,118,56,62,98,48,50,3,1,2,2,0,2,15,7,8
COLEMAN COUNTY,83,50 Years,127,62,65,106,54,52,3,1,2,2,0,2,16,7,9
COLEMAN COUNTY,83,51 Years,133,66,67,105,53,52,3,2,1,1,0,1,24,11,13
COLEMAN COUNTY,83,52 Years,146,78,68,128,69,59,4,3,1,1,0,1,13,6,7
COLEMAN COUNTY,83,53 Years,146,74,72,127,65,62,4,1,3,3,2,1,12,6,6
COLEMAN COUNTY,83,54 Years,137,69,68,114,58,56,3,0,3,6,3,3,14,8,6
COLEMAN COUNTY,83,55 Years,124,64,60,104,53,51,4,1,3,4,3,1,12,7,5
COLEMAN COUNTY,83,56 Years,154,82,72,136,73,63,3,2,1,4,3,1,11,4,7
COLEMAN COUNTY,83,57 Years,148,77,71,129,71,58,4,1,3,4,2,2,11,3,8
COLEMAN COUNTY,83,58 Years,135,68,67,120,60,60,3,3,0,2,2,0,10,3,7
COLEMAN COUNTY,83,59 Years,124,55,69,109,48,61,3,1,2,1,1,0,11,5,6
COLEMAN COUNTY,83,60 Years,126,51,75,110,45,65,2,0,2,2,0,2,12,6,6
COLEMAN COUNTY,83,61 Years,125,55,70,112,48,64,3,3,0,2,0,2,8,4,4
COLEMAN COUNTY,83,62 Years,132,56,76,114,47,67,2,1,1,1,1,0,15,7,8
COLEMAN COUNTY,83,63 Years,152,72,80,131,61,70,3,2,1,2,1,1,16,8,8
COLEMAN COUNTY,83,64 Years,162,72,90,143,62,81,1,0,1,1,0,1,17,10,7
COLEMAN COUNTY,83,65 Years,136,63,73,120,55,65,1,0,1,1,0,1,14,8,6
COLEMAN COUNTY,83,66 Years,119,63,56,100,53,47,1,1,0,3,2,1,15,7,8
COLEMAN COUNTY,83,67 Years,127,64,63,103,51,52,3,2,1,3,3,0,18,8,10
COLEMAN COUNTY,83,68 Years,120,56,64,100,47,53,3,2,1,3,2,1,14,5,9
COLEMAN COUNTY,83,69 Years,112,61,51,99,56,43,2,1,1,1,1,0,10,3,7
COLEMAN COUNTY,83,70 Years,108,63,45,95,55,40,1,1,0,1,0,1,11,7,4
COLEMAN COUNTY,83,71 Years,104,57,47,88,48,40,1,1,0,0,0,0,15,8,7
COLEMAN COUNTY,83,72 Years,95,46,49,85,41,44,1,1,0,1,1,0,8,3,5
COLEMAN COUNTY,83,73 Years,87,40,47,75,34,41,4,3,1,0,0,0,8,3,5
COLEMAN COUNTY,83,74 Years,95,51,44,85,44,41,3,2,1,1,1,0,6,4,2
COLEMAN COUNTY,83,75 Years,87,44,43,76,39,37,2,0,2,3,2,1,6,3,3
COLEMAN COUNTY,83,76 Years,86,38,48,77,36,41,1,0,1,1,0,1,7,2,5
COLEMAN COUNTY,83,77 Years,85,39,46,77,36,41,1,0,1,0,0,0,7,3,4
COLEMAN COUNTY,83,78 Years,73,36,37,66,33,33,0,0,0,2,1,1,5,2,3
COLEMAN COUNTY,83,79 Years,71,32,39,65,29,36,0,0,0,1,1,0,5,2,3
COLEMAN COUNTY,83,80 Years,69,31,38,66,29,37,0,0,0,0,0,0,3,2,1
COLEMAN COUNTY,83,81 Years,63,25,38,57,22,35,1,1,0,0,0,0,5,2,3
COLEMAN COUNTY,83,82 Years,67,26,41,61,24,37,1,0,1,0,0,0,5,2,3
COLEMAN COUNTY,83,83 Years,65,27,38,59,26,33,0,0,0,1,0,1,5,1,4
COLEMAN COUNTY,83,84 Years,48,25,23,45,24,21,1,0,1,0,0,0,2,1,1
COLEMAN COUNTY,83,85 Years +,209,93,116,196,87,109,0,0,0,3,1,2,10,5,5
COLLIN COUNTY,85,All Ages,827521,406621,420900,512029,251641,260388,70051,32745,37306,118735,57924,60811,126706,64311,62395
COLLIN COUNTY,85,< 1 Year,10393,5334,5059,5740,2939,2801,893,446,447,1814,949,865,1946,1000,946
COLLIN COUNTY,85,1 Years,11052,5639,5413,5882,3001,2881,927,470,457,1874,958,916,2369,1210,1159
COLLIN COUNTY,85,2 Years,10997,5585,5412,5760,2929,2831,952,464,488,1925,986,939,2360,1206,1154
COLLIN COUNTY,85,3 Years,11494,5873,5621,5878,3022,2856,941,460,481,2113,1084,1029,2562,1307,1255
COLLIN COUNTY,85,4 Years,12088,6125,5963,6196,3145,3051,1018,512,506,2269,1143,1126,2605,1325,1280
COLLIN COUNTY,85,5 Years,12339,6296,6043,6383,3253,3130,1068,549,519,2289,1167,1122,2599,1327,1272
COLLIN COUNTY,85,6 Years,12876,6565,6311,6727,3464,3263,1137,580,557,2388,1202,1186,2624,1319,1305
COLLIN COUNTY,85,7 Years,13419,6876,6543,7059,3628,3431,1206,605,601,2442,1255,1187,2712,1388,1324
COLLIN COUNTY,85,8 Years,13701,7052,6649,7286,3768,3518,1198,607,591,2505,1275,1230,2712,1402,1310
COLLIN COUNTY,85,9 Years,13750,7053,6697,7459,3857,3602,1207,635,572,2427,1222,1205,2657,1339,1318
COLLIN COUNTY,85,10 Years,13874,7047,6827,7632,3893,3739,1231,642,589,2385,1199,1186,2626,1313,1313
COLLIN COUNTY,85,11 Years,14008,7106,6902,7759,3962,3797,1285,644,641,2270,1143,1127,2694,1357,1337
COLLIN COUNTY,85,12 Years,14165,7112,7053,7929,3984,3945,1304,627,677,2241,1140,1101,2691,1361,1330
COLLIN COUNTY,85,13 Years,13807,7028,6779,7771,4000,3771,1318,644,674,2136,1085,1051,2582,1299,1283
COLLIN COUNTY,85,14 Years,13500,6929,6571,7584,3903,3681,1331,695,636,2052,1038,1014,2533,1293,1240
COLLIN COUNTY,85,15 Years,13199,6653,6546,7421,3723,3698,1281,632,649,2053,1053,1000,2444,1245,1199
COLLIN COUNTY,85,16 Years,12990,6630,6360,7453,3834,3619,1226,617,609,1942,962,980,2369,1217,1152
COLLIN COUNTY,85,17 Years,12760,6580,6180,7350,3815,3535,1268,661,607,1817,918,899,2325,1186,1139
COLLIN COUNTY,85,18 Years,12265,6331,5934,7102,3653,3449,1243,638,605,1665,856,809,2255,1184,1071
COLLIN COUNTY,85,19 Years,11498,5923,5575,6643,3388,3255,1210,616,594,1487,755,732,2158,1164,994
COLLIN COUNTY,85,20 Years,9935,5231,4704,5569,2912,2657,1084,550,534,1257,638,619,2025,1131,894
COLLIN COUNTY,85,21 Years,8322,4432,3890,4447,2366,2081,929,461,468,1033,534,499,1913,1071,842
COLLIN COUNTY,85,22 Years,7772,4067,3705,4157,2169,1988,834,417,417,900,452,448,1881,1029,852
COLLIN COUNTY,85,23 Years,7445,3910,3535,4013,2077,1936,798,399,399,893,475,418,1741,959,782
COLLIN COUNTY,85,24 Years,7724,3863,3861,4164,2056,2108,772,373,399,994,469,525,1794,965,829
COLLIN COUNTY,85,25 Years,8302,4138,4164,4554,2205,2349,836,417,419,1061,478,583,1851,1038,813
COLLIN COUNTY,85,26 Years,9027,4454,4573,5089,2482,2607,841,395,446,1126,511,615,1971,1066,905
COLLIN COUNTY,85,27 Years,9569,4695,4874,5400,2643,2757,877,398,479,1284,579,705,2008,1075,933
COLLIN COUNTY,85,28 Years,9844,4777,5067,5536,2667,2869,878,396,482,1453,665,788,1977,1049,928
COLLIN COUNTY,85,29 Years,10726,5181,5545,6001,2883,3118,1030,453,577,1589,758,831,2106,1087,1019
COLLIN COUNTY,85,30 Years,11254,5416,5838,6317,3048,3269,1026,454,572,1698,769,929,2213,1145,1068
COLLIN COUNTY,85,31 Years,11464,5501,5963,6475,3130,3345,1096,466,630,1696,770,926,2197,1135,1062
COLLIN COUNTY,85,32 Years,12002,5734,6268,6742,3256,3486,1218,519,699,1785,813,972,2257,1146,1111
COLLIN COUNTY,85,33 Years,11998,5678,6320,6637,3121,3516,1252,549,703,1904,870,1034,2205,1138,1067
COLLIN COUNTY,85,34 Years,12551,5992,6559,7072,3447,3625,1199,495,704,2002,876,1126,2278,1174,1104
COLLIN COUNTY,85,35 Years,12742,6018,6724,7129,3411,3718,1179,517,662,2109,933,1176,2325,1157,1168
COLLIN COUNTY,85,36 Years,13013,6098,6915,7134,3443,3691,1297,546,751,2242,979,1263,2340,1130,1210
COLLIN COUNTY,85,37 Years,13668,6456,7212,7573,3620,3953,1351,586,765,2414,1096,1318,2330,1154,1176
COLLIN COUNTY,85,38 Years,13777,6600,7177,7661,3740,3921,1350,591,759,2451,1131,1320,2315,1138,1177
COLLIN COUNTY,85,39 Years,14071,6790,7281,7903,3895,4008,1367,598,769,2521,1171,1350,2280,1126,1154
COLLIN COUNTY,85,40 Years,14695,7115,7580,8564,4273,4291,1395,621,774,2542,1173,1369,2194,1048,1146
COLLIN COUNTY,85,41 Years,15471,7471,8000,9316,4606,4710,1471,640,831,2497,1188,1309,2187,1037,1150
COLLIN COUNTY,85,42 Years,15190,7430,7760,9178,4508,4670,1378,636,742,2498,1246,1252,2136,1040,1096
COLLIN COUNTY,85,43 Years,14545,7236,7309,8952,4464,4488,1273,595,678,2389,1202,1187,1931,975,956
COLLIN COUNTY,85,44 Years,13707,6763,6944,8491,4227,4264,1220,543,677,2159,1082,1077,1837,911,926
COLLIN COUNTY,85,45 Years,13133,6522,6611,8238,4114,4124,1166,515,651,1959,995,964,1770,898,872
COLLIN COUNTY,85,46 Years,13106,6460,6646,8251,4017,4234,1139,531,608,1989,1023,966,1727,889,838
COLLIN COUNTY,85,47 Years,13676,6699,6977,8860,4309,4551,1170,527,643,1963,1014,949,1683,849,834
COLLIN COUNTY,85,48 Years,13932,6944,6988,9215,4617,4598,1149,517,632,1967,1001,966,1601,809,792
COLLIN COUNTY,85,49 Years,13700,6788,6912,9257,4594,4663,1126,539,587,1854,935,919,1463,720,743
COLLIN COUNTY,85,50 Years,13179,6574,6605,9101,4551,4550,1086,510,576,1608,820,788,1384,693,691
COLLIN COUNTY,85,51 Years,12737,6373,6364,8963,4504,4459,1033,491,542,1478,749,729,1263,629,634
COLLIN COUNTY,85,52 Years,12214,6190,6024,8700,4410,4290,974,477,497,1365,688,677,1175,615,560
COLLIN COUNTY,85,53 Years,11492,5796,5696,8254,4217,4037,897,420,477,1250,623,627,1091,536,555
COLLIN COUNTY,85,54 Years,10810,5303,5507,7863,3852,4011,816,366,450,1154,591,563,977,494,483
COLLIN COUNTY,85,55 Years,10495,5145,5350,7678,3802,3876,787,335,452,1139,553,586,891,455,436
COLLIN COUNTY,85,56 Years,9860,4777,5083,7227,3514,3713,737,341,396,1099,539,560,797,383,414
COLLIN COUNTY,85,57 Years,9515,4566,4949,7048,3359,3689,648,304,344,1026,511,515,793,392,401
COLLIN COUNTY,85,58 Years,8930,4304,4626,6698,3231,3467,582,273,309,927,448,479,723,352,371
COLLIN COUNTY,85,59 Years,8530,4109,4421,6393,3111,3282,554,241,313,911,434,477,672,323,349
COLLIN COUNTY,85,60 Years,7996,3763,4233,6105,2905,3200,485,193,292,817,382,435,589,283,306
COLLIN COUNTY,85,61 Years,7538,3507,4031,5705,2657,3048,489,204,285,807,385,422,537,261,276
COLLIN COUNTY,85,62 Years,7331,3407,3924,5539,2572,2967,450,205,245,815,367,448,527,263,264
COLLIN COUNTY,85,63 Years,7275,3370,3905,5690,2672,3018,408,158,250,714,332,382,463,208,255
COLLIN COUNTY,85,64 Years,7333,3389,3944,5860,2750,3110,384,151,233,676,312,364,413,176,237
COLLIN COUNTY,85,65 Years,7334,3431,3903,5931,2826,3105,356,155,201,655,283,372,392,167,225
COLLIN COUNTY,85,66 Years,5903,2772,3131,4706,2253,2453,294,133,161,544,239,305,359,147,212
COLLIN COUNTY,85,67 Years,5269,2476,2793,4193,1995,2198,245,99,146,509,244,265,322,138,184
COLLIN COUNTY,85,68 Years,5058,2343,2715,4108,1911,2197,214,93,121,437,204,233,299,135,164
COLLIN COUNTY,85,69 Years,4953,2342,2611,4031,1930,2101,200,88,112,441,198,243,281,126,155
COLLIN COUNTY,85,70 Years,4467,2110,2357,3627,1741,1886,171,75,96,420,188,232,249,106,143
COLLIN COUNTY,85,71 Years,3883,1770,2113,3128,1430,1698,161,69,92,379,169,210,215,102,113
COLLIN COUNTY,85,72 Years,3556,1621,1935,2859,1313,1546,134,53,81,376,168,208,187,87,100
COLLIN COUNTY,85,73 Years,3233,1493,1740,2552,1191,1361,107,46,61,388,182,206,186,74,112
COLLIN COUNTY,85,74 Years,2992,1386,1606,2362,1108,1254,107,40,67,330,157,173,193,81,112
COLLIN COUNTY,85,75 Years,2674,1236,1438,2132,1002,1130,86,37,49,295,128,167,161,69,92
COLLIN COUNTY,85,76 Years,2522,1148,1374,2014,930,1084,89,31,58,279,128,151,140,59,81
COLLIN COUNTY,85,77 Years,2283,1007,1276,1816,799,1017,84,31,53,232,104,128,151,73,78
COLLIN COUNTY,85,78 Years,2024,883,1141,1643,726,917,63,14,49,189,87,102,129,56,73
COLLIN COUNTY,85,79 Years,1840,806,1034,1519,674,845,55,13,42,171,77,94,95,42,53
COLLIN COUNTY,85,80 Years,1658,726,932,1363,610,753,60,20,40,148,63,85,87,33,54
COLLIN COUNTY,85,81 Years,1634,672,962,1369,566,803,41,10,31,138,64,74,86,32,54
COLLIN COUNTY,85,82 Years,1499,606,893,1261,507,754,35,12,23,120,54,66,83,33,50
COLLIN COUNTY,85,83 Years,1262,506,756,1053,425,628,44,10,34,92,39,53,73,32,41
COLLIN COUNTY,85,84 Years,1103,399,704,923,337,586,29,6,23,90,35,55,61,21,40
COLLIN COUNTY,85,85 Years +,6603,2119,4484,5706,1799,3907,201,53,148,393,163,230,303,104,199
COLLINGSWORTH COUNTY,87,All Ages,3095,1522,1573,1928,953,975,123,50,73,81,43,38,963,476,487
COLLINGSWORTH COUNTY,87,< 1 Year,47,20,27,25,10,15,1,1,0,0,0,0,21,9,12
COLLINGSWORTH COUNTY,87,1 Years,41,22,19,19,10,9,1,1,0,0,0,0,21,11,10
COLLINGSWORTH COUNTY,87,2 Years,53,26,27,21,11,10,2,1,1,3,2,1,27,12,15
COLLINGSWORTH COUNTY,87,3 Years,53,26,27,25,14,11,0,0,0,4,1,3,24,11,13
COLLINGSWORTH COUNTY,87,4 Years,46,20,26,21,8,13,0,0,0,1,0,1,24,12,12
COLLINGSWORTH COUNTY,87,5 Years,52,32,20,27,15,12,1,1,0,0,0,0,24,16,8
COLLINGSWORTH COUNTY,87,6 Years,53,31,22,20,11,9,0,0,0,1,1,0,32,19,13
COLLINGSWORTH COUNTY,87,7 Years,48,26,22,16,9,7,1,0,1,1,1,0,30,16,14
COLLINGSWORTH COUNTY,87,8 Years,36,16,20,15,6,9,1,0,1,2,2,0,18,8,10
COLLINGSWORTH COUNTY,87,9 Years,41,21,20,19,9,10,1,0,1,3,2,1,18,10,8
COLLINGSWORTH COUNTY,87,10 Years,50,22,28,20,10,10,1,0,1,3,1,2,26,11,15
COLLINGSWORTH COUNTY,87,11 Years,47,21,26,17,8,9,2,0,2,3,1,2,25,12,13
COLLINGSWORTH COUNTY,87,12 Years,43,25,18,20,11,9,2,1,1,0,0,0,21,13,8
COLLINGSWORTH COUNTY,87,13 Years,42,25,17,19,9,10,2,1,1,0,0,0,21,15,6
COLLINGSWORTH COUNTY,87,14 Years,43,21,22,26,12,14,2,2,0,3,2,1,12,5,7
COLLINGSWORTH COUNTY,87,15 Years,51,27,24,27,14,13,2,0,2,2,2,0,20,11,9
COLLINGSWORTH COUNTY,87,16 Years,55,27,28,26,12,14,2,2,0,0,0,0,27,13,14
COLLINGSWORTH COUNTY,87,17 Years,43,25,18,22,14,8,2,1,1,0,0,0,19,10,9
COLLINGSWORTH COUNTY,87,18 Years,49,24,25,31,17,14,2,1,1,1,0,1,15,6,9
COLLINGSWORTH COUNTY,87,19 Years,48,25,23,27,14,13,1,0,1,1,1,0,19,10,9
COLLINGSWORTH COUNTY,87,20 Years,44,24,20,20,13,7,4,2,2,1,1,0,19,8,11
COLLINGSWORTH COUNTY,87,21 Years,27,15,12,10,6,4,3,1,2,0,0,0,14,8,6
COLLINGSWORTH COUNTY,87,22 Years,30,18,12,14,8,6,0,0,0,0,0,0,16,10,6
COLLINGSWORTH COUNTY,87,23 Years,25,11,14,11,5,6,1,0,1,2,0,2,11,6,5
COLLINGSWORTH COUNTY,87,24 Years,29,12,17,14,7,7,1,0,1,0,0,0,14,5,9
COLLINGSWORTH COUNTY,87,25 Years,28,15,13,16,9,7,1,0,1,0,0,0,11,6,5
COLLINGSWORTH COUNTY,87,26 Years,36,17,19,21,8,13,2,2,0,0,0,0,13,7,6
COLLINGSWORTH COUNTY,87,27 Years,41,18,23,23,10,13,3,3,0,0,0,0,15,5,10
COLLINGSWORTH COUNTY,87,28 Years,39,20,19,19,13,6,2,2,0,1,1,0,17,4,13
COLLINGSWORTH COUNTY,87,29 Years,33,18,15,19,10,9,1,1,0,1,1,0,12,6,6
COLLINGSWORTH COUNTY,87,30 Years,30,20,10,15,9,6,2,1,1,0,0,0,13,10,3
COLLINGSWORTH COUNTY,87,31 Years,33,21,12,16,10,6,2,2,0,1,0,1,14,9,5
COLLINGSWORTH COUNTY,87,32 Years,41,22,19,23,15,8,2,1,1,1,1,0,15,5,10
COLLINGSWORTH COUNTY,87,33 Years,33,17,16,18,8,10,0,0,0,1,1,0,14,8,6
COLLINGSWORTH COUNTY,87,34 Years,34,18,16,20,11,9,2,1,1,0,0,0,12,6,6
COLLINGSWORTH COUNTY,87,35 Years,34,16,18,22,11,11,1,0,1,0,0,0,11,5,6
COLLINGSWORTH COUNTY,87,36 Years,35,18,17,22,11,11,1,0,1,2,2,0,10,5,5
COLLINGSWORTH COUNTY,87,37 Years,35,19,16,20,13,7,1,0,1,1,1,0,13,5,8
COLLINGSWORTH COUNTY,87,38 Years,27,14,13,20,10,10,0,0,0,0,0,0,7,4,3
COLLINGSWORTH COUNTY,87,39 Years,31,18,13,22,12,10,0,0,0,0,0,0,9,6,3
COLLINGSWORTH COUNTY,87,40 Years,29,15,14,14,7,7,0,0,0,1,1,0,14,7,7
COLLINGSWORTH COUNTY,87,41 Years,29,12,17,16,6,10,0,0,0,1,1,0,12,5,7
COLLINGSWORTH COUNTY,87,42 Years,28,13,15,15,7,8,1,0,1,0,0,0,12,6,6
COLLINGSWORTH COUNTY,87,43 Years,31,15,16,21,8,13,2,2,0,0,0,0,8,5,3
COLLINGSWORTH COUNTY,87,44 Years,31,13,18,20,9,11,3,0,3,2,1,1,6,3,3
COLLINGSWORTH COUNTY,87,45 Years,37,22,15,24,16,8,1,0,1,2,0,2,10,6,4
COLLINGSWORTH COUNTY,87,46 Years,37,19,18,23,13,10,0,0,0,2,1,1,12,5,7
COLLINGSWORTH COUNTY,87,47 Years,45,20,25,26,14,12,1,0,1,1,1,0,17,5,12
COLLINGSWORTH COUNTY,87,48 Years,41,18,23,26,12,14,2,0,2,2,1,1,11,5,6
COLLINGSWORTH COUNTY,87,49 Years,35,16,19,26,13,13,0,0,0,1,0,1,8,3,5
COLLINGSWORTH COUNTY,87,50 Years,36,21,15,23,14,9,3,2,1,1,1,0,9,4,5
COLLINGSWORTH COUNTY,87,51 Years,47,15,32,31,12,19,1,0,1,4,1,3,11,2,9
COLLINGSWORTH COUNTY,87,52 Years,43,23,20,28,15,13,2,1,1,3,2,1,10,5,5
COLLINGSWORTH COUNTY,87,53 Years,44,24,20,31,16,15,3,2,1,1,1,0,9,5,4
COLLINGSWORTH COUNTY,87,54 Years,36,14,22,26,12,14,0,0,0,1,0,1,9,2,7
COLLINGSWORTH COUNTY,87,55 Years,35,17,18,24,12,12,0,0,0,1,0,1,10,5,5
COLLINGSWORTH COUNTY,87,56 Years,47,21,26,34,15,19,3,0,3,2,0,2,8,6,2
COLLINGSWORTH COUNTY,87,57 Years,49,26,23,32,16,16,4,2,2,2,1,1,11,7,4
COLLINGSWORTH COUNTY,87,58 Years,44,26,18,35,22,13,3,1,2,0,0,0,6,3,3
COLLINGSWORTH COUNTY,87,59 Years,37,19,18,27,14,13,1,0,1,1,0,1,8,5,3
COLLINGSWORTH COUNTY,87,60 Years,30,13,17,24,12,12,0,0,0,0,0,0,6,1,5
COLLINGSWORTH COUNTY,87,61 Years,39,16,23,27,12,15,3,3,0,3,1,2,6,0,6
COLLINGSWORTH COUNTY,87,62 Years,33,19,14,24,13,11,3,2,1,1,0,1,5,4,1
COLLINGSWORTH COUNTY,87,63 Years,30,18,12,20,12,8,1,0,1,3,2,1,6,4,2
COLLINGSWORTH COUNTY,87,64 Years,37,15,22,32,12,20,1,0,1,1,1,0,3,2,1
COLLINGSWORTH COUNTY,87,65 Years,40,16,24,35,15,20,3,0,3,0,0,0,2,1,1
COLLINGSWORTH COUNTY,87,66 Years,27,11,16,21,9,12,2,0,2,0,0,0,4,2,2
COLLINGSWORTH COUNTY,87,67 Years,22,11,11,20,10,10,1,0,1,0,0,0,1,1,0
COLLINGSWORTH COUNTY,87,68 Years,33,18,15,27,16,11,2,0,2,0,0,0,4,2,2
COLLINGSWORTH COUNTY,87,69 Years,29,11,18,25,10,15,1,0,1,0,0,0,3,1,2
COLLINGSWORTH COUNTY,87,70 Years,31,14,17,25,11,14,3,2,1,1,0,1,2,1,1
COLLINGSWORTH COUNTY,87,71 Years,31,16,15,26,13,13,3,1,2,0,0,0,2,2,0
COLLINGSWORTH COUNTY,87,72 Years,28,12,16,24,11,13,1,0,1,0,0,0,3,1,2
COLLINGSWORTH COUNTY,87,73 Years,22,9,13,18,8,10,4,1,3,0,0,0,0,0,0
COLLINGSWORTH COUNTY,87,74 Years,23,15,8,22,15,7,1,0,1,0,0,0,0,0,0
COLLINGSWORTH COUNTY,87,75 Years,19,8,11,16,7,9,1,1,0,1,0,1,1,0,1
COLLINGSWORTH COUNTY,87,76 Years,18,8,10,16,7,9,0,0,0,0,0,0,2,1,1
COLLINGSWORTH COUNTY,87,77 Years,23,6,17,20,6,14,1,0,1,0,0,0,2,0,2
COLLINGSWORTH COUNTY,87,78 Years,18,8,10,16,7,9,0,0,0,0,0,0,2,1,1
COLLINGSWORTH COUNTY,87,79 Years,20,9,11,17,7,10,1,1,0,1,1,0,1,0,1
COLLINGSWORTH COUNTY,87,80 Years,18,5,13,14,4,10,1,0,1,1,1,0,2,0,2
COLLINGSWORTH COUNTY,87,81 Years,27,11,16,24,10,14,1,0,1,1,1,0,1,0,1
COLLINGSWORTH COUNTY,87,82 Years,19,7,12,18,7,11,0,0,0,1,0,1,0,0,0
COLLINGSWORTH COUNTY,87,83 Years,14,6,8,14,6,8,0,0,0,0,0,0,0,0,0
COLLINGSWORTH COUNTY,87,84 Years,13,5,8,13,5,8,0,0,0,0,0,0,0,0,0
COLLINGSWORTH COUNTY,87,85 Years +,84,33,51,80,32,48,4,1,3,0,0,0,0,0,0
COLORADO COUNTY,89,All Ages,21037,10442,10595,12352,6061,6291,2670,1282,1388,292,140,152,5723,2959,2764
COLORADO COUNTY,89,< 1 Year,240,121,119,100,51,49,30,16,14,3,1,2,107,53,54
COLORADO COUNTY,89,1 Years,253,129,124,103,54,49,31,15,16,3,2,1,116,58,58
COLORADO COUNTY,89,2 Years,279,148,131,97,52,45,37,16,21,7,2,5,138,78,60
COLORADO COUNTY,89,3 Years,259,140,119,89,49,40,33,16,17,7,4,3,130,71,59
COLORADO COUNTY,89,4 Years,265,132,133,98,43,55,31,17,14,8,6,2,128,66,62
COLORADO COUNTY,89,5 Years,265,139,126,94,47,47,38,20,18,7,4,3,126,68,58
COLORADO COUNTY,89,6 Years,262,133,129,97,47,50,33,21,12,8,3,5,124,62,62
COLORADO COUNTY,89,7 Years,254,131,123,98,53,45,31,15,16,9,5,4,116,58,58
COLORADO COUNTY,89,8 Years,265,138,127,103,60,43,35,14,21,7,4,3,120,60,60
COLORADO COUNTY,89,9 Years,269,135,134,113,63,50,39,17,22,5,2,3,112,53,59
COLORADO COUNTY,89,10 Years,260,132,128,105,61,44,33,15,18,9,5,4,113,51,62
COLORADO COUNTY,89,11 Years,286,149,137,113,62,51,47,26,21,6,3,3,120,58,62
COLORADO COUNTY,89,12 Years,290,150,140,118,61,57,55,26,29,4,1,3,113,62,51
COLORADO COUNTY,89,13 Years,282,152,130,124,67,57,49,28,21,5,4,1,104,53,51
COLORADO COUNTY,89,14 Years,291,155,136,131,68,63,45,25,20,5,4,1,110,58,52
COLORADO COUNTY,89,15 Years,295,151,144,132,66,66,47,26,21,4,2,2,112,57,55
COLORADO COUNTY,89,16 Years,277,127,150,139,58,81,38,19,19,6,4,2,94,46,48
COLORADO COUNTY,89,17 Years,278,141,137,146,75,71,34,20,14,7,3,4,91,43,48
COLORADO COUNTY,89,18 Years,314,168,146,161,92,69,50,27,23,5,3,2,98,46,52
COLORADO COUNTY,89,19 Years,300,161,139,158,84,74,46,28,18,5,1,4,91,48,43
COLORADO COUNTY,89,20 Years,274,150,124,129,65,64,47,29,18,3,2,1,95,54,41
COLORADO COUNTY,89,21 Years,234,120,114,103,49,54,33,19,14,3,0,3,95,52,43
COLORADO COUNTY,89,22 Years,188,89,99,74,32,42,21,8,13,3,1,2,90,48,42
COLORADO COUNTY,89,23 Years,181,88,93,70,34,36,36,19,17,2,1,1,73,34,39
COLORADO COUNTY,89,24 Years,203,105,98,79,38,41,40,23,17,2,1,1,82,43,39
COLORADO COUNTY,89,25 Years,229,129,100,103,65,38,34,14,20,4,2,2,88,48,40
COLORADO COUNTY,89,26 Years,207,108,99,96,52,44,26,12,14,2,0,2,83,44,39
COLORADO COUNTY,89,27 Years,202,95,107,109,48,61,18,9,9,3,1,2,72,37,35
COLORADO COUNTY,89,28 Years,195,101,94,96,51,45,33,18,15,2,1,1,64,31,33
COLORADO COUNTY,89,29 Years,198,86,112,75,38,37,36,15,21,3,1,2,84,32,52
COLORADO COUNTY,89,30 Years,203,107,96,88,49,39,28,10,18,1,1,0,86,47,39
COLORADO COUNTY,89,31 Years,238,136,102,113,68,45,27,9,18,3,1,2,95,58,37
COLORADO COUNTY,89,32 Years,223,110,113,104,49,55,25,9,16,5,2,3,89,50,39
COLORADO COUNTY,89,33 Years,208,90,118,100,43,57,32,13,19,3,1,2,73,33,40
COLORADO COUNTY,89,34 Years,196,100,96,102,56,46,24,12,12,2,0,2,68,32,36
COLORADO COUNTY,89,35 Years,213,104,109,109,52,57,25,11,14,1,0,1,78,41,37
COLORADO COUNTY,89,36 Years,200,102,98,100,45,55,27,14,13,2,1,1,71,42,29
COLORADO COUNTY,89,37 Years,195,100,95,92,48,44,22,10,12,2,1,1,79,41,38
COLORADO COUNTY,89,38 Years,185,95,90,90,48,42,26,13,13,2,0,2,67,34,33
COLORADO COUNTY,89,39 Years,200,101,99,111,56,55,23,11,12,2,2,0,64,32,32
COLORADO COUNTY,89,40 Years,225,115,110,115,60,55,32,12,20,4,2,2,74,41,33
COLORADO COUNTY,89,41 Years,204,106,98,112,57,55,27,13,14,4,2,2,61,34,27
COLORADO COUNTY,89,42 Years,224,109,115,137,65,72,25,9,16,5,2,3,57,33,24
COLORADO COUNTY,89,43 Years,244,114,130,142,67,75,34,15,19,3,1,2,65,31,34
COLORADO COUNTY,89,44 Years,241,115,126,155,72,83,25,14,11,4,1,3,57,28,29
COLORADO COUNTY,89,45 Years,238,106,132,144,70,74,26,5,21,5,2,3,63,29,34
COLORADO COUNTY,89,46 Years,227,115,112,136,71,65,26,11,15,3,2,1,62,31,31
COLORADO COUNTY,89,47 Years,263,140,123,156,82,74,37,20,17,1,1,0,69,37,32
COLORADO COUNTY,89,48 Years,283,134,149,166,77,89,39,14,25,4,2,2,74,41,33
COLORADO COUNTY,89,49 Years,296,160,136,178,94,84,43,23,20,3,2,1,72,41,31
COLORADO COUNTY,89,50 Years,281,134,147,171,79,92,40,21,19,3,1,2,67,33,34
COLORADO COUNTY,89,51 Years,325,160,165,209,99,110,44,22,22,6,2,4,66,37,29
COLORADO COUNTY,89,52 Years,355,188,167,236,123,113,43,24,19,8,5,3,68,36,32
COLORADO COUNTY,89,53 Years,324,165,159,214,108,106,42,16,26,4,3,1,64,38,26
COLORADO COUNTY,89,54 Years,322,158,164,208,107,101,44,13,31,2,1,1,68,37,31
COLORADO COUNTY,89,55 Years,335,163,172,229,111,118,40,18,22,4,2,2,62,32,30
COLORADO COUNTY,89,56 Years,322,163,159,217,110,107,42,21,21,4,1,3,59,31,28
COLORADO COUNTY,89,57 Years,306,159,147,215,112,103,44,21,23,2,1,1,45,25,20
COLORADO COUNTY,89,58 Years,326,159,167,226,109,117,48,21,27,3,2,1,49,27,22
COLORADO COUNTY,89,59 Years,343,164,179,243,112,131,43,20,23,3,2,1,54,30,24
COLORADO COUNTY,89,60 Years,319,157,162,233,108,125,37,21,16,4,1,3,45,27,18
COLORADO COUNTY,89,61 Years,302,155,147,228,117,111,32,17,15,4,1,3,38,20,18
COLORADO COUNTY,89,62 Years,305,154,151,236,115,121,29,13,16,4,2,2,36,24,12
COLORADO COUNTY,89,63 Years,303,138,165,225,106,119,26,10,16,3,1,2,49,21,28
COLORADO COUNTY,89,64 Years,283,135,148,209,100,109,39,18,21,1,0,1,34,17,17
COLORADO COUNTY,89,65 Years,269,131,138,204,97,107,33,18,15,1,1,0,31,15,16
COLORADO COUNTY,89,66 Years,242,119,123,179,85,94,23,13,10,7,4,3,33,17,16
COLORADO COUNTY,89,67 Years,238,120,118,177,90,87,24,12,12,4,2,2,33,16,17
COLORADO COUNTY,89,68 Years,236,129,107,186,99,87,25,13,12,3,2,1,22,15,7
COLORADO COUNTY,89,69 Years,242,128,114,200,102,98,22,13,9,2,2,0,18,11,7
COLORADO COUNTY,89,70 Years,216,107,109,179,94,85,16,8,8,1,0,1,20,5,15
COLORADO COUNTY,89,71 Years,214,90,124,172,77,95,19,8,11,1,0,1,22,5,17
COLORADO COUNTY,89,72 Years,209,97,112,162,73,89,19,9,10,1,0,1,27,15,12
COLORADO COUNTY,89,73 Years,185,88,97,140,66,74,22,9,13,0,0,0,23,13,10
COLORADO COUNTY,89,74 Years,176,90,86,134,67,67,19,7,12,0,0,0,23,16,7
COLORADO COUNTY,89,75 Years,170,84,86,136,69,67,17,9,8,1,0,1,16,6,10
COLORADO COUNTY,89,76 Years,172,83,89,134,65,69,19,8,11,0,0,0,19,10,9
COLORADO COUNTY,89,77 Years,148,72,76,110,54,56,21,9,12,0,0,0,17,9,8
COLORADO COUNTY,89,78 Years,133,59,74,113,51,62,6,3,3,2,1,1,12,4,8
COLORADO COUNTY,89,79 Years,138,63,75,115,51,64,13,5,8,1,1,0,9,6,3
COLORADO COUNTY,89,80 Years,151,70,81,125,58,67,16,7,9,0,0,0,10,5,5
COLORADO COUNTY,89,81 Years,133,59,74,113,50,63,12,6,6,1,1,0,7,2,5
COLORADO COUNTY,89,82 Years,122,55,67,104,49,55,9,3,6,1,1,0,8,2,6
COLORADO COUNTY,89,83 Years,107,54,53,90,46,44,7,4,3,1,1,0,9,3,6
COLORADO COUNTY,89,84 Years,115,47,68,95,37,58,10,5,5,1,0,1,9,5,4
COLORADO COUNTY,89,85 Years +,569,183,386,482,151,331,46,16,30,3,0,3,38,16,22
COMAL COUNTY,91,All Ages,115084,56505,58579,81495,40032,41463,1747,936,811,2708,1239,1469,29134,14298,14836
COMAL COUNTY,91,< 1 Year,1310,653,657,809,403,406,13,6,7,30,15,15,458,229,229
COMAL COUNTY,91,1 Years,1298,655,643,751,378,373,15,8,7,29,15,14,503,254,249
COMAL COUNTY,91,2 Years,1197,596,601,661,331,330,15,5,10,36,15,21,485,245,240
COMAL COUNTY,91,3 Years,1242,622,620,698,331,367,14,7,7,39,21,18,491,263,228
COMAL COUNTY,91,4 Years,1300,656,644,715,360,355,20,10,10,44,23,21,521,263,258
COMAL COUNTY,91,5 Years,1300,652,648,737,370,367,19,8,11,39,24,15,505,250,255
COMAL COUNTY,91,6 Years,1350,661,689,763,371,392,18,10,8,47,27,20,522,253,269
COMAL COUNTY,91,7 Years,1399,690,709,800,401,399,17,9,8,45,22,23,537,258,279
COMAL COUNTY,91,8 Years,1477,785,692,845,466,379,17,7,10,45,22,23,570,290,280
COMAL COUNTY,91,9 Years,1520,808,712,915,502,413,16,7,9,50,24,26,539,275,264
COMAL COUNTY,91,10 Years,1466,758,708,887,457,430,16,8,8,42,23,19,521,270,251
COMAL COUNTY,91,11 Years,1588,833,755,953,500,453,27,17,10,37,21,16,571,295,276
COMAL COUNTY,91,12 Years,1671,908,763,1029,565,464,28,19,9,46,25,21,568,299,269
COMAL COUNTY,91,13 Years,1586,820,766,961,510,451,32,22,10,41,18,23,552,270,282
COMAL COUNTY,91,14 Years,1639,843,796,993,522,471,28,18,10,42,23,19,576,280,296
COMAL COUNTY,91,15 Years,1680,872,808,1059,574,485,27,13,14,40,19,21,554,266,288
COMAL COUNTY,91,16 Years,1635,844,791,1025,540,485,26,12,14,43,21,22,541,271,270
COMAL COUNTY,91,17 Years,1634,835,799,1013,516,497,31,16,15,40,20,20,550,283,267
COMAL COUNTY,91,18 Years,1682,832,850,1051,519,532,30,15,15,53,29,24,548,269,279
COMAL COUNTY,91,19 Years,1610,821,789,1002,508,494,28,17,11,52,31,21,528,265,263
COMAL COUNTY,91,20 Years,1386,743,643,846,444,402,23,16,7,39,24,15,478,259,219
COMAL COUNTY,91,21 Years,1106,584,522,628,334,294,17,8,9,24,15,9,437,227,210
COMAL COUNTY,91,22 Years,1037,534,503,566,286,280,28,16,12,22,10,12,421,222,199
COMAL COUNTY,91,23 Years,1048,527,521,615,316,299,23,12,11,34,12,22,376,187,189
COMAL COUNTY,91,24 Years,1008,506,502,614,309,305,14,8,6,28,9,19,352,180,172
COMAL COUNTY,91,25 Years,1045,525,520,605,288,317,24,15,9,21,10,11,395,212,183
COMAL COUNTY,91,26 Years,1078,550,528,642,307,335,18,11,7,23,10,13,395,222,173
COMAL COUNTY,91,27 Years,1086,547,539,653,320,333,17,11,6,24,11,13,392,205,187
COMAL COUNTY,91,28 Years,1095,575,520,661,334,327,20,12,8,33,18,15,381,211,170
COMAL COUNTY,91,29 Years,1093,540,553,690,345,345,11,4,7,30,16,14,362,175,187
COMAL COUNTY,91,30 Years,1099,535,564,712,349,363,14,8,6,33,17,16,340,161,179
COMAL COUNTY,91,31 Years,1157,565,592,750,359,391,14,8,6,34,12,22,359,186,173
COMAL COUNTY,91,32 Years,1197,576,621,771,374,397,16,9,7,31,10,21,379,183,196
COMAL COUNTY,91,33 Years,1103,491,612,703,314,389,17,6,11,33,12,21,350,159,191
COMAL COUNTY,91,34 Years,1135,568,567,744,366,378,16,8,8,34,16,18,341,178,163
COMAL COUNTY,91,35 Years,1160,572,588,756,355,401,15,11,4,34,18,16,355,188,167
COMAL COUNTY,91,36 Years,1187,578,609,764,373,391,17,11,6,34,14,20,372,180,192
COMAL COUNTY,91,37 Years,1287,608,679,826,400,426,20,10,10,50,19,31,391,179,212
COMAL COUNTY,91,38 Years,1295,618,677,880,418,462,16,5,11,37,15,22,362,180,182
COMAL COUNTY,91,39 Years,1380,653,727,928,459,469,30,17,13,38,14,24,384,163,221
COMAL COUNTY,91,40 Years,1436,688,748,978,466,512,22,13,9,37,14,23,399,195,204
COMAL COUNTY,91,41 Years,1554,740,814,1083,523,560,26,15,11,42,15,27,403,187,216
COMAL COUNTY,91,42 Years,1623,791,832,1160,585,575,27,17,10,41,13,28,395,176,219
COMAL COUNTY,91,43 Years,1555,757,798,1107,556,551,29,14,15,36,16,20,383,171,212
COMAL COUNTY,91,44 Years,1531,748,783,1081,543,538,29,14,15,40,16,24,381,175,206
COMAL COUNTY,91,45 Years,1482,741,741,1064,535,529,33,20,13,29,11,18,356,175,181
COMAL COUNTY,91,46 Years,1600,767,833,1158,547,611,35,21,14,31,12,19,376,187,189
COMAL COUNTY,91,47 Years,1716,828,888,1258,609,649,33,19,14,40,19,21,385,181,204
COMAL COUNTY,91,48 Years,1790,849,941,1338,639,699,36,19,17,41,19,22,375,172,203
COMAL COUNTY,91,49 Years,1828,870,958,1384,665,719,35,14,21,39,16,23,370,175,195
COMAL COUNTY,91,50 Years,1877,915,962,1430,703,727,39,21,18,37,19,18,371,172,199
COMAL COUNTY,91,51 Years,1905,933,972,1445,714,731,37,15,22,48,22,26,375,182,193
COMAL COUNTY,91,52 Years,1889,913,976,1448,704,744,46,22,24,44,20,24,351,167,184
COMAL COUNTY,91,53 Years,1856,911,945,1454,726,728,33,18,15,38,11,27,331,156,175
COMAL COUNTY,91,54 Years,1864,925,939,1458,712,746,35,21,14,25,8,17,346,184,162
COMAL COUNTY,91,55 Years,1933,934,999,1515,725,790,31,20,11,43,19,24,344,170,174
COMAL COUNTY,91,56 Years,1859,922,937,1467,730,737,28,14,14,45,19,26,319,159,160
COMAL COUNTY,91,57 Years,1824,878,946,1444,699,745,33,16,17,46,19,27,301,144,157
COMAL COUNTY,91,58 Years,1838,872,966,1467,695,772,32,12,20,34,18,16,305,147,158
COMAL COUNTY,91,59 Years,1783,842,941,1402,670,732,22,11,11,40,16,24,319,145,174
COMAL COUNTY,91,60 Years,1711,829,882,1364,657,707,24,10,14,44,19,25,279,143,136
COMAL COUNTY,91,61 Years,1675,798,877,1357,646,711,25,13,12,43,17,26,250,122,128
COMAL COUNTY,91,62 Years,1692,817,875,1380,665,715,21,10,11,35,16,19,256,126,130
COMAL COUNTY,91,63 Years,1677,803,874,1382,657,725,27,14,13,28,13,15,240,119,121
COMAL COUNTY,91,64 Years,1723,842,881,1430,702,728,24,14,10,25,10,15,244,116,128
COMAL COUNTY,91,65 Years,1749,848,901,1462,725,737,21,14,7,28,10,18,238,99,139
COMAL COUNTY,91,66 Years,1340,639,701,1116,539,577,17,10,7,19,6,13,188,84,104
COMAL COUNTY,91,67 Years,1290,628,662,1071,523,548,13,7,6,19,5,14,187,93,94
COMAL COUNTY,91,68 Years,1297,635,662,1080,539,541,16,7,9,22,9,13,179,80,99
COMAL COUNTY,91,69 Years,1263,633,630,1076,548,528,13,8,5,23,11,12,151,66,85
COMAL COUNTY,91,70 Years,1122,591,531,950,504,446,14,9,5,22,10,12,136,68,68
COMAL COUNTY,91,71 Years,996,511,485,843,427,416,13,9,4,19,11,8,121,64,57
COMAL COUNTY,91,72 Years,929,450,479,792,375,417,11,7,4,13,8,5,113,60,53
COMAL COUNTY,91,73 Years,864,432,432,733,364,369,13,6,7,12,7,5,106,55,51
COMAL COUNTY,91,74 Years,827,400,427,715,350,365,6,3,3,12,7,5,94,40,54
COMAL COUNTY,91,75 Years,763,373,390,663,330,333,5,4,1,5,2,3,90,37,53
COMAL COUNTY,91,76 Years,718,345,373,618,304,314,4,3,1,8,2,6,88,36,52
COMAL COUNTY,91,77 Years,702,330,372,596,282,314,4,2,2,17,11,6,85,35,50
COMAL COUNTY,91,78 Years,601,266,335,506,232,274,2,1,1,9,5,4,84,28,56
COMAL COUNTY,91,79 Years,586,261,325,508,236,272,1,0,1,8,3,5,69,22,47
COMAL COUNTY,91,80 Years,518,238,280,442,208,234,0,0,0,9,3,6,67,27,40
COMAL COUNTY,91,81 Years,506,232,274,428,203,225,4,3,1,4,2,2,70,24,46
COMAL COUNTY,91,82 Years,477,228,249,414,200,214,4,3,1,5,4,1,54,21,33
COMAL COUNTY,91,83 Years,398,167,231,345,141,204,3,2,1,4,2,2,46,22,24
COMAL COUNTY,91,84 Years,361,154,207,312,135,177,2,0,2,3,0,3,44,19,25
COMAL COUNTY,91,85 Years +,1990,692,1298,1750,620,1130,12,1,11,20,4,16,208,67,141
COMANCHE COUNTY,93,All Ages,14060,6932,7128,10069,4889,5180,22,9,13,191,82,109,3778,1952,1826
COMANCHE COUNTY,93,< 1 Year,162,84,78,99,54,45,0,0,0,1,1,0,62,29,33
COMANCHE COUNTY,93,1 Years,167,84,83,99,51,48,0,0,0,1,1,0,67,32,35
COMANCHE COUNTY,93,2 Years,186,86,100,100,45,55,0,0,0,1,0,1,85,41,44
COMANCHE COUNTY,93,3 Years,189,95,94,94,40,54,1,1,0,4,1,3,90,53,37
COMANCHE COUNTY,93,4 Years,187,95,92,95,49,46,0,0,0,3,1,2,89,45,44
COMANCHE COUNTY,93,5 Years,199,95,104,97,48,49,0,0,0,3,1,2,99,46,53
COMANCHE COUNTY,93,6 Years,182,85,97,95,44,51,1,0,1,5,2,3,81,39,42
COMANCHE COUNTY,93,7 Years,186,80,106,96,40,56,0,0,0,3,0,3,87,40,47
COMANCHE COUNTY,93,8 Years,170,91,79,92,51,41,0,0,0,1,0,1,77,40,37
COMANCHE COUNTY,93,9 Years,167,80,87,94,50,44,0,0,0,3,2,1,70,28,42
COMANCHE COUNTY,93,10 Years,176,83,93,94,52,42,3,0,3,6,3,3,73,28,45
COMANCHE COUNTY,93,11 Years,167,90,77,90,48,42,1,0,1,4,3,1,72,39,33
COMANCHE COUNTY,93,12 Years,192,88,104,108,52,56,0,0,0,3,2,1,81,34,47
COMANCHE COUNTY,93,13 Years,208,115,93,118,68,50,0,0,0,3,0,3,87,47,40
COMANCHE COUNTY,93,14 Years,205,98,107,115,54,61,0,0,0,1,0,1,89,44,45
COMANCHE COUNTY,93,15 Years,187,81,106,112,44,68,0,0,0,4,3,1,71,34,37
COMANCHE COUNTY,93,16 Years,171,84,87,100,47,53,1,0,1,2,2,0,68,35,33
COMANCHE COUNTY,93,17 Years,193,100,93,105,49,56,1,1,0,3,1,2,84,49,35
COMANCHE COUNTY,93,18 Years,199,106,93,119,58,61,0,0,0,4,2,2,76,46,30
COMANCHE COUNTY,93,19 Years,212,115,97,130,72,58,0,0,0,2,2,0,80,41,39
COMANCHE COUNTY,93,20 Years,179,99,80,105,61,44,0,0,0,2,1,1,72,37,35
COMANCHE COUNTY,93,21 Years,151,75,76,83,40,43,0,0,0,4,0,4,64,35,29
COMANCHE COUNTY,93,22 Years,138,67,71,75,33,42,1,0,1,2,1,1,60,33,27
COMANCHE COUNTY,93,23 Years,137,73,64,82,40,42,0,0,0,1,0,1,54,33,21
COMANCHE COUNTY,93,24 Years,149,87,62,82,46,36,0,0,0,2,1,1,65,40,25
COMANCHE COUNTY,93,25 Years,131,68,63,74,36,38,1,0,1,2,1,1,54,31,23
COMANCHE COUNTY,93,26 Years,140,67,73,76,37,39,0,0,0,2,1,1,62,29,33
COMANCHE COUNTY,93,27 Years,120,64,56,72,38,34,0,0,0,1,1,0,47,25,22
COMANCHE COUNTY,93,28 Years,128,68,60,75,39,36,0,0,0,3,2,1,50,27,23
COMANCHE COUNTY,93,29 Years,129,62,67,76,34,42,0,0,0,2,2,0,51,26,25
COMANCHE COUNTY,93,30 Years,133,69,64,79,41,38,0,0,0,2,1,1,52,27,25
COMANCHE COUNTY,93,31 Years,120,64,56,76,42,34,0,0,0,2,1,1,42,21,21
COMANCHE COUNTY,93,32 Years,124,64,60,74,38,36,0,0,0,2,2,0,48,24,24
COMANCHE COUNTY,93,33 Years,127,65,62,81,40,41,0,0,0,1,1,0,45,24,21
COMANCHE COUNTY,93,34 Years,130,64,66,93,44,49,1,1,0,0,0,0,36,19,17
COMANCHE COUNTY,93,35 Years,137,64,73,89,38,51,1,0,1,0,0,0,47,26,21
COMANCHE COUNTY,93,36 Years,133,69,64,81,39,42,0,0,0,2,0,2,50,30,20
COMANCHE COUNTY,93,37 Years,136,72,64,88,47,41,0,0,0,3,1,2,45,24,21
COMANCHE COUNTY,93,38 Years,144,68,76,96,45,51,0,0,0,2,1,1,46,22,24
COMANCHE COUNTY,93,39 Years,132,56,76,88,36,52,0,0,0,1,0,1,43,20,23
COMANCHE COUNTY,93,40 Years,150,63,87,95,40,55,0,0,0,3,0,3,52,23,29
COMANCHE COUNTY,93,41 Years,167,76,91,110,50,60,0,0,0,3,1,2,54,25,29
COMANCHE COUNTY,93,42 Years,175,89,86,117,65,52,0,0,0,1,0,1,57,24,33
COMANCHE COUNTY,93,43 Years,163,86,77,117,63,54,0,0,0,5,2,3,41,21,20
COMANCHE COUNTY,93,44 Years,168,77,91,118,54,64,0,0,0,3,1,2,47,22,25
COMANCHE COUNTY,93,45 Years,189,93,96,128,58,70,0,0,0,2,2,0,59,33,26
COMANCHE COUNTY,93,46 Years,172,98,74,121,69,52,1,1,0,1,1,0,49,27,22
COMANCHE COUNTY,93,47 Years,185,101,84,130,71,59,0,0,0,3,1,2,52,29,23
COMANCHE COUNTY,93,48 Years,207,107,100,156,75,81,2,1,1,1,1,0,48,30,18
COMANCHE COUNTY,93,49 Years,188,96,92,143,66,77,2,1,1,0,0,0,43,29,14
COMANCHE COUNTY,93,50 Years,192,95,97,151,75,76,0,0,0,2,0,2,39,20,19
COMANCHE COUNTY,93,51 Years,187,96,91,146,73,73,0,0,0,3,2,1,38,21,17
COMANCHE COUNTY,93,52 Years,180,91,89,144,77,67,0,0,0,2,1,1,34,13,21
COMANCHE COUNTY,93,53 Years,187,100,87,146,80,66,0,0,0,2,0,2,39,20,19
COMANCHE COUNTY,93,54 Years,211,113,98,174,92,82,0,0,0,4,2,2,33,19,14
COMANCHE COUNTY,93,55 Years,181,96,85,147,74,73,0,0,0,5,3,2,29,19,10
COMANCHE COUNTY,93,56 Years,195,97,98,157,78,79,1,1,0,6,1,5,31,17,14
COMANCHE COUNTY,93,57 Years,176,82,94,143,66,77,2,1,1,4,1,3,27,14,13
COMANCHE COUNTY,93,58 Years,166,74,92,138,59,79,1,0,1,3,1,2,24,14,10
COMANCHE COUNTY,93,59 Years,173,96,77,144,76,68,0,0,0,3,2,1,26,18,8
COMANCHE COUNTY,93,60 Years,187,98,89,160,84,76,0,0,0,3,0,3,24,14,10
COMANCHE COUNTY,93,61 Years,194,93,101,161,77,84,0,0,0,4,1,3,29,15,14
COMANCHE COUNTY,93,62 Years,190,91,99,155,76,79,0,0,0,2,0,2,33,15,18
COMANCHE COUNTY,93,63 Years,195,88,107,164,75,89,0,0,0,2,0,2,29,13,16
COMANCHE COUNTY,93,64 Years,187,93,94,165,82,83,0,0,0,2,1,1,20,10,10
COMANCHE COUNTY,93,65 Years,209,103,106,176,86,90,0,0,0,5,1,4,28,16,12
COMANCHE COUNTY,93,66 Years,166,80,86,147,70,77,0,0,0,3,1,2,16,9,7
COMANCHE COUNTY,93,67 Years,177,83,94,163,78,85,0,0,0,1,0,1,13,5,8
COMANCHE COUNTY,93,68 Years,197,97,100,177,84,93,0,0,0,0,0,0,20,13,7
COMANCHE COUNTY,93,69 Years,196,97,99,182,89,93,0,0,0,0,0,0,14,8,6
COMANCHE COUNTY,93,70 Years,178,82,96,168,76,92,0,0,0,0,0,0,10,6,4
COMANCHE COUNTY,93,71 Years,155,70,85,147,67,80,0,0,0,1,0,1,7,3,4
COMANCHE COUNTY,93,72 Years,162,75,87,149,69,80,0,0,0,1,0,1,12,6,6
COMANCHE COUNTY,93,73 Years,152,77,75,140,71,69,0,0,0,1,1,0,11,5,6
COMANCHE COUNTY,93,74 Years,131,66,65,118,60,58,0,0,0,2,1,1,11,5,6
COMANCHE COUNTY,93,75 Years,131,62,69,125,60,65,0,0,0,1,0,1,5,2,3
COMANCHE COUNTY,93,76 Years,129,63,66,122,58,64,0,0,0,2,2,0,5,3,2
COMANCHE COUNTY,93,77 Years,133,74,59,123,66,57,0,0,0,2,2,0,8,6,2
COMANCHE COUNTY,93,78 Years,115,60,55,107,55,52,0,0,0,2,1,1,6,4,2
COMANCHE COUNTY,93,79 Years,85,43,42,80,40,40,1,1,0,1,1,0,3,1,2
COMANCHE COUNTY,93,80 Years,91,43,48,82,39,43,0,0,0,1,0,1,8,4,4
COMANCHE COUNTY,93,81 Years,94,40,54,89,37,52,0,0,0,0,0,0,5,3,2
COMANCHE COUNTY,93,82 Years,71,29,42,66,27,39,0,0,0,1,1,0,4,1,3
COMANCHE COUNTY,93,83 Years,62,24,38,60,24,36,0,0,0,0,0,0,2,0,2
COMANCHE COUNTY,93,84 Years,63,23,40,60,22,38,0,0,0,1,1,0,2,0,2
COMANCHE COUNTY,93,85 Years +,375,132,243,361,126,235,0,0,0,4,2,2,10,4,6
CONCHO COUNTY,95,All Ages,4116,2833,1283,1790,921,869,60,55,5,43,26,17,2223,1831,392
CONCHO COUNTY,95,< 1 Year,29,17,12,17,9,8,0,0,0,0,0,0,12,8,4
CONCHO COUNTY,95,1 Years,27,15,12,14,8,6,0,0,0,0,0,0,13,7,6
CONCHO COUNTY,95,2 Years,25,15,10,14,8,6,0,0,0,0,0,0,11,7,4
CONCHO COUNTY,95,3 Years,32,18,14,15,6,9,1,1,0,0,0,0,16,11,5
CONCHO COUNTY,95,4 Years,39,21,18,22,10,12,1,1,0,0,0,0,16,10,6
CONCHO COUNTY,95,5 Years,38,16,22,21,9,12,0,0,0,0,0,0,17,7,10
CONCHO COUNTY,95,6 Years,28,11,17,15,6,9,1,1,0,0,0,0,12,4,8
CONCHO COUNTY,95,7 Years,42,20,22,18,7,11,0,0,0,0,0,0,24,13,11
CONCHO COUNTY,95,8 Years,31,16,15,14,6,8,1,1,0,0,0,0,16,9,7
CONCHO COUNTY,95,9 Years,30,12,18,16,5,11,1,1,0,0,0,0,13,6,7
CONCHO COUNTY,95,10 Years,31,19,12,17,11,6,0,0,0,1,0,1,13,8,5
CONCHO COUNTY,95,11 Years,28,20,8,17,10,7,0,0,0,0,0,0,11,10,1
CONCHO COUNTY,95,12 Years,36,19,17,21,11,10,0,0,0,0,0,0,15,8,7
CONCHO COUNTY,95,13 Years,40,18,22,26,13,13,0,0,0,0,0,0,14,5,9
CONCHO COUNTY,95,14 Years,31,15,16,18,8,10,1,1,0,0,0,0,12,6,6
CONCHO COUNTY,95,15 Years,27,14,13,17,8,9,0,0,0,0,0,0,10,6,4
CONCHO COUNTY,95,16 Years,30,10,20,16,6,10,0,0,0,0,0,0,14,4,10
CONCHO COUNTY,95,17 Years,26,9,17,13,4,9,0,0,0,0,0,0,13,5,8
CONCHO COUNTY,95,18 Years,32,14,18,16,7,9,0,0,0,1,0,1,15,7,8
CONCHO COUNTY,95,19 Years,29,14,15,15,8,7,0,0,0,2,0,2,12,6,6
CONCHO COUNTY,95,20 Years,34,17,17,21,11,10,0,0,0,2,1,1,11,5,6
CONCHO COUNTY,95,21 Years,37,25,12,18,9,9,0,0,0,1,1,0,18,15,3
CONCHO COUNTY,95,22 Years,35,24,11,9,5,4,0,0,0,2,1,1,24,18,6
CONCHO COUNTY,95,23 Years,27,18,9,9,5,4,1,1,0,1,0,1,16,12,4
CONCHO COUNTY,95,24 Years,53,46,7,10,6,4,1,1,0,2,1,1,40,38,2
CONCHO COUNTY,95,25 Years,53,45,8,12,9,3,2,2,0,2,2,0,37,32,5
CONCHO COUNTY,95,26 Years,34,29,5,11,7,4,1,1,0,1,1,0,21,20,1
CONCHO COUNTY,95,27 Years,67,61,6,8,5,3,3,3,0,1,1,0,55,52,3
CONCHO COUNTY,95,28 Years,73,62,11,10,5,5,1,1,0,1,1,0,61,55,6
CONCHO COUNTY,95,29 Years,71,59,12,13,8,5,3,2,1,0,0,0,55,49,6
CONCHO COUNTY,95,30 Years,75,65,10,20,14,6,2,1,1,1,1,0,52,49,3
CONCHO COUNTY,95,31 Years,63,45,18,18,8,10,0,0,0,2,1,1,43,36,7
CONCHO COUNTY,95,32 Years,76,65,11,21,14,7,0,0,0,1,1,0,54,50,4
CONCHO COUNTY,95,33 Years,69,55,14,20,12,8,0,0,0,0,0,0,49,43,6
CONCHO COUNTY,95,34 Years,57,46,11,13,7,6,1,1,0,1,1,0,42,37,5
CONCHO COUNTY,95,35 Years,64,57,7,11,7,4,1,1,0,1,1,0,51,48,3
CONCHO COUNTY,95,36 Years,76,65,11,15,6,9,2,2,0,0,0,0,59,57,2
CONCHO COUNTY,95,37 Years,84,71,13,22,14,8,3,3,0,0,0,0,59,54,5
CONCHO COUNTY,95,38 Years,76,65,11,22,14,8,2,2,0,1,1,0,51,48,3
CONCHO COUNTY,95,39 Years,54,40,14,15,7,8,0,0,0,0,0,0,39,33,6
CONCHO COUNTY,95,40 Years,86,66,20,23,9,14,0,0,0,0,0,0,63,57,6
CONCHO COUNTY,95,41 Years,91,80,11,15,8,7,2,2,0,1,1,0,73,69,4
CONCHO COUNTY,95,42 Years,80,67,13,17,8,9,2,2,0,0,0,0,61,57,4
CONCHO COUNTY,95,43 Years,99,83,16,18,10,8,3,3,0,1,0,1,77,70,7
CONCHO COUNTY,95,44 Years,104,89,15,19,13,6,2,2,0,1,1,0,82,73,9
CONCHO COUNTY,95,45 Years,78,62,16,16,9,7,1,0,1,1,1,0,60,52,8
CONCHO COUNTY,95,46 Years,71,61,10,19,15,4,2,2,0,2,2,0,48,42,6
CONCHO COUNTY,95,47 Years,76,57,19,29,14,15,2,2,0,1,1,0,44,40,4
CONCHO COUNTY,95,48 Years,103,73,30,33,13,20,3,3,0,1,0,1,66,57,9
CONCHO COUNTY,95,49 Years,87,67,20,27,13,14,2,2,0,1,0,1,57,52,5
CONCHO COUNTY,95,50 Years,68,56,12,23,14,9,0,0,0,0,0,0,45,42,3
CONCHO COUNTY,95,51 Years,68,58,10,22,13,9,0,0,0,1,1,0,45,44,1
CONCHO COUNTY,95,52 Years,55,41,14,28,16,12,0,0,0,0,0,0,27,25,2
CONCHO COUNTY,95,53 Years,53,29,24,29,12,17,0,0,0,1,0,1,23,17,6
CONCHO COUNTY,95,54 Years,47,27,20,26,13,13,1,1,0,1,0,1,19,13,6
CONCHO COUNTY,95,55 Years,57,37,20,28,13,15,0,0,0,0,0,0,29,24,5
CONCHO COUNTY,95,56 Years,57,36,21,32,16,16,0,0,0,0,0,0,25,20,5
CONCHO COUNTY,95,57 Years,69,49,20,30,14,16,2,2,0,0,0,0,37,33,4
CONCHO COUNTY,95,58 Years,58,35,23,33,15,18,1,1,0,0,0,0,24,19,5
CONCHO COUNTY,95,59 Years,37,22,15,22,13,9,0,0,0,0,0,0,15,9,6
CONCHO COUNTY,95,60 Years,43,30,13,29,21,8,0,0,0,1,1,0,13,8,5
CONCHO COUNTY,95,61 Years,47,29,18,32,17,15,2,2,0,0,0,0,13,10,3
CONCHO COUNTY,95,62 Years,57,31,26,33,13,20,2,2,0,1,0,1,21,16,5
CONCHO COUNTY,95,63 Years,61,35,26,44,22,22,1,0,1,2,1,1,14,12,2
CONCHO COUNTY,95,64 Years,57,30,27,47,25,22,0,0,0,1,0,1,9,5,4
CONCHO COUNTY,95,65 Years,39,22,17,29,16,13,0,0,0,0,0,0,10,6,4
CONCHO COUNTY,95,66 Years,34,17,17,28,13,15,0,0,0,0,0,0,6,4,2
CONCHO COUNTY,95,67 Years,43,24,19,31,15,16,1,1,0,0,0,0,11,8,3
CONCHO COUNTY,95,68 Years,40,26,14,32,21,11,1,1,0,0,0,0,7,4,3
CONCHO COUNTY,95,69 Years,43,25,18,32,18,14,1,0,1,0,0,0,10,7,3
CONCHO COUNTY,95,70 Years,36,21,15,28,15,13,0,0,0,1,1,0,7,5,2
CONCHO COUNTY,95,71 Years,30,15,15,22,11,11,0,0,0,0,0,0,8,4,4
CONCHO COUNTY,95,72 Years,31,16,15,25,14,11,0,0,0,0,0,0,6,2,4
CONCHO COUNTY,95,73 Years,26,10,16,20,8,12,0,0,0,0,0,0,6,2,4
CONCHO COUNTY,95,74 Years,25,12,13,17,8,9,0,0,0,0,0,0,8,4,4
CONCHO COUNTY,95,75 Years,26,15,11,21,11,10,0,0,0,1,1,0,4,3,1
CONCHO COUNTY,95,76 Years,31,17,14,26,12,14,0,0,0,0,0,0,5,5,0
CONCHO COUNTY,95,77 Years,21,10,11,19,9,10,0,0,0,0,0,0,2,1,1
CONCHO COUNTY,95,78 Years,17,10,7,16,9,7,0,0,0,0,0,0,1,1,0
CONCHO COUNTY,95,79 Years,21,9,12,16,7,9,0,0,0,0,0,0,5,2,3
CONCHO COUNTY,95,80 Years,23,10,13,20,8,12,0,0,0,0,0,0,3,2,1
CONCHO COUNTY,95,81 Years,9,5,4,7,4,3,0,0,0,0,0,0,2,1,1
CONCHO COUNTY,95,82 Years,12,7,5,11,7,4,0,0,0,0,0,0,1,0,1
CONCHO COUNTY,95,83 Years,13,6,7,10,5,5,0,0,0,0,0,0,3,1,2
CONCHO COUNTY,95,84 Years,10,3,7,9,3,6,0,0,0,0,0,0,1,0,1
CONCHO COUNTY,95,85 Years +,68,30,38,57,25,32,0,0,0,0,0,0,11,5,6
COOKE COUNTY,97,All Ages,38981,19326,19655,30326,14833,15493,1033,562,471,1228,540,688,6394,3391,3003
COOKE COUNTY,97,< 1 Year,524,258,266,365,177,188,14,8,6,13,7,6,132,66,66
COOKE COUNTY,97,1 Years,517,259,258,353,178,175,11,5,6,17,9,8,136,67,69
COOKE COUNTY,97,2 Years,527,273,254,341,183,158,13,6,7,22,12,10,151,72,79
COOKE COUNTY,97,3 Years,531,279,252,323,177,146,16,9,7,34,16,18,158,77,81
COOKE COUNTY,97,4 Years,555,291,264,343,184,159,11,6,5,34,16,18,167,85,82
COOKE COUNTY,97,5 Years,538,262,276,332,154,178,12,7,5,31,12,19,163,89,74
COOKE COUNTY,97,6 Years,556,277,279,358,177,181,15,7,8,27,13,14,156,80,76
COOKE COUNTY,97,7 Years,531,280,251,334,186,148,19,10,9,31,13,18,147,71,76
COOKE COUNTY,97,8 Years,520,274,246,331,178,153,17,9,8,25,13,12,147,74,73
COOKE COUNTY,97,9 Years,538,275,263,355,169,186,18,7,11,26,12,14,139,87,52
COOKE COUNTY,97,10 Years,531,261,270,352,168,184,16,6,10,25,11,14,138,76,62
COOKE COUNTY,97,11 Years,557,270,287,367,175,192,17,8,9,22,9,13,151,78,73
COOKE COUNTY,97,12 Years,531,259,272,350,170,180,14,5,9,21,7,14,146,77,69
COOKE COUNTY,97,13 Years,508,265,243,338,176,162,8,5,3,21,6,15,141,78,63
COOKE COUNTY,97,14 Years,554,282,272,384,198,186,13,5,8,21,7,14,136,72,64
COOKE COUNTY,97,15 Years,556,289,267,392,200,192,9,5,4,26,13,13,129,71,58
COOKE COUNTY,97,16 Years,550,272,278,388,193,195,10,6,4,24,10,14,128,63,65
COOKE COUNTY,97,17 Years,575,308,267,385,206,179,25,19,6,20,9,11,145,74,71
COOKE COUNTY,97,18 Years,628,370,258,411,224,187,42,39,3,20,11,9,155,96,59
COOKE COUNTY,97,19 Years,616,370,246,388,203,185,59,54,5,22,12,10,147,101,46
COOKE COUNTY,97,20 Years,558,311,247,370,201,169,39,30,9,24,12,12,125,68,57
COOKE COUNTY,97,21 Years,518,259,259,368,182,186,22,14,8,17,7,10,111,56,55
COOKE COUNTY,97,22 Years,493,251,242,363,186,177,18,8,10,11,5,6,101,52,49
COOKE COUNTY,97,23 Years,449,239,210,327,177,150,16,7,9,11,7,4,95,48,47
COOKE COUNTY,97,24 Years,454,232,222,331,172,159,13,6,7,12,7,5,98,47,51
COOKE COUNTY,97,25 Years,441,229,212,331,166,165,9,5,4,8,3,5,93,55,38
COOKE COUNTY,97,26 Years,436,234,202,312,157,155,13,7,6,12,5,7,99,65,34
COOKE COUNTY,97,27 Years,401,207,194,291,150,141,11,5,6,9,4,5,90,48,42
COOKE COUNTY,97,28 Years,406,202,204,291,149,142,12,5,7,10,3,7,93,45,48
COOKE COUNTY,97,29 Years,459,214,245,329,156,173,16,7,9,20,5,15,94,46,48
COOKE COUNTY,97,30 Years,435,213,222,303,140,163,11,7,4,13,5,8,108,61,47
COOKE COUNTY,97,31 Years,435,218,217,313,156,157,9,8,1,20,6,14,93,48,45
COOKE COUNTY,97,32 Years,436,221,215,312,159,153,8,5,3,15,4,11,101,53,48
COOKE COUNTY,97,33 Years,418,218,200,282,146,136,7,4,3,15,7,8,114,61,53
COOKE COUNTY,97,34 Years,416,214,202,291,146,145,11,8,3,14,9,5,100,51,49
COOKE COUNTY,97,35 Years,392,199,193,274,138,136,11,5,6,14,8,6,93,48,45
COOKE COUNTY,97,36 Years,382,188,194,262,129,133,11,7,4,14,6,8,95,46,49
COOKE COUNTY,97,37 Years,414,206,208,295,147,148,14,8,6,19,10,9,86,41,45
COOKE COUNTY,97,38 Years,416,201,215,305,151,154,9,6,3,11,5,6,91,39,52
COOKE COUNTY,97,39 Years,403,197,206,297,143,154,7,5,2,7,1,6,92,48,44
COOKE COUNTY,97,40 Years,420,205,215,312,142,170,13,7,6,13,8,5,82,48,34
COOKE COUNTY,97,41 Years,442,202,240,348,151,197,11,6,5,11,7,4,72,38,34
COOKE COUNTY,97,42 Years,445,209,236,357,161,196,13,7,6,5,2,3,70,39,31
COOKE COUNTY,97,43 Years,445,208,237,353,165,188,13,6,7,10,3,7,69,34,35
COOKE COUNTY,97,44 Years,448,234,214,349,181,168,12,8,4,15,7,8,72,38,34
COOKE COUNTY,97,45 Years,476,240,236,378,193,185,12,5,7,12,4,8,74,38,36
COOKE COUNTY,97,46 Years,475,228,247,384,181,203,9,3,6,16,6,10,66,38,28
COOKE COUNTY,97,47 Years,474,232,242,383,181,202,7,2,5,14,8,6,70,41,29
COOKE COUNTY,97,48 Years,504,243,261,416,201,215,9,4,5,17,7,10,62,31,31
COOKE COUNTY,97,49 Years,564,262,302,468,217,251,9,5,4,21,6,15,66,34,32
COOKE COUNTY,97,50 Years,529,274,255,435,221,214,10,5,5,19,11,8,65,37,28
COOKE COUNTY,97,51 Years,556,279,277,479,231,248,13,9,4,16,11,5,48,28,20
COOKE COUNTY,97,52 Years,571,285,286,478,237,241,16,5,11,16,9,7,61,34,27
COOKE COUNTY,97,53 Years,585,270,315,507,232,275,13,4,9,16,7,9,49,27,22
COOKE COUNTY,97,54 Years,595,289,306,519,252,267,12,5,7,17,4,13,47,28,19
COOKE COUNTY,97,55 Years,540,265,275,473,231,242,14,7,7,16,5,11,37,22,15
COOKE COUNTY,97,56 Years,548,277,271,481,242,239,17,9,8,10,3,7,40,23,17
COOKE COUNTY,97,57 Years,561,285,276,480,243,237,21,11,10,14,5,9,46,26,20
COOKE COUNTY,97,58 Years,569,287,282,511,253,258,13,7,6,11,7,4,34,20,14
COOKE COUNTY,97,59 Years,552,273,279,492,241,251,11,7,4,11,4,7,38,21,17
COOKE COUNTY,97,60 Years,519,259,260,458,225,233,8,4,4,20,11,9,33,19,14
COOKE COUNTY,97,61 Years,483,250,233,436,229,207,9,5,4,11,5,6,27,11,16
COOKE COUNTY,97,62 Years,496,248,248,446,225,221,16,6,10,6,2,4,28,15,13
COOKE COUNTY,97,63 Years,502,234,268,448,210,238,12,3,9,14,7,7,28,14,14
COOKE COUNTY,97,64 Years,460,205,255,416,186,230,7,2,5,11,6,5,26,11,15
COOKE COUNTY,97,65 Years,488,233,255,446,214,232,11,5,6,10,6,4,21,8,13
COOKE COUNTY,97,66 Years,432,211,221,396,194,202,10,4,6,10,5,5,16,8,8
COOKE COUNTY,97,67 Years,412,199,213,382,186,196,7,2,5,10,4,6,13,7,6
COOKE COUNTY,97,68 Years,395,179,216,373,171,202,3,1,2,7,3,4,12,4,8
COOKE COUNTY,97,69 Years,397,202,195,367,186,181,8,4,4,6,3,3,16,9,7
COOKE COUNTY,97,70 Years,345,170,175,317,158,159,7,3,4,7,2,5,14,7,7
COOKE COUNTY,97,71 Years,324,153,171,300,142,158,5,2,3,7,2,5,12,7,5
COOKE COUNTY,97,72 Years,332,162,170,314,154,160,5,1,4,6,2,4,7,5,2
COOKE COUNTY,97,73 Years,300,143,157,278,133,145,5,1,4,7,2,5,10,7,3
COOKE COUNTY,97,74 Years,270,123,147,251,115,136,6,2,4,4,1,3,9,5,4
COOKE COUNTY,97,75 Years,271,119,152,251,112,139,5,1,4,8,3,5,7,3,4
COOKE COUNTY,97,76 Years,259,121,138,250,118,132,2,0,2,3,2,1,4,1,3
COOKE COUNTY,97,77 Years,242,108,134,230,104,126,3,0,3,2,2,0,7,2,5
COOKE COUNTY,97,78 Years,243,104,139,232,97,135,2,1,1,3,2,1,6,4,2
COOKE COUNTY,97,79 Years,220,98,122,206,91,115,3,2,1,5,1,4,6,4,2
COOKE COUNTY,97,80 Years,195,90,105,179,82,97,4,3,1,5,2,3,7,3,4
COOKE COUNTY,97,81 Years,187,82,105,174,77,97,3,1,2,6,3,3,4,1,3
COOKE COUNTY,97,82 Years,163,75,88,154,73,81,3,1,2,2,0,2,4,1,3
COOKE COUNTY,97,83 Years,145,62,83,137,60,77,2,1,1,3,1,2,3,0,3
COOKE COUNTY,97,84 Years,134,50,84,126,47,79,2,1,1,3,1,2,3,1,2
COOKE COUNTY,97,85 Years +,763,272,491,719,261,458,11,1,10,14,1,13,19,9,10
CORYELL COUNTY,99,All Ages,77462,37956,39506,47612,23402,24210,11615,5549,6066,5554,2591,2963,12681,6414,6267
CORYELL COUNTY,99,< 1 Year,976,510,466,641,324,317,92,54,38,78,47,31,165,85,80
CORYELL COUNTY,99,1 Years,1079,552,527,648,328,320,134,68,66,92,50,42,205,106,99
CORYELL COUNTY,99,2 Years,1193,583,610,668,330,338,138,63,75,119,60,59,268,130,138
CORYELL COUNTY,99,3 Years,1394,679,715,738,355,383,166,72,94,151,77,74,339,175,164
CORYELL COUNTY,99,4 Years,1352,664,688,717,339,378,157,77,80,150,77,73,328,171,157
CORYELL COUNTY,99,5 Years,1378,705,673,749,389,360,160,77,83,168,92,76,301,147,154
CORYELL COUNTY,99,6 Years,1458,762,696,778,407,371,187,93,94,159,85,74,334,177,157
CORYELL COUNTY,99,7 Years,1303,681,622,671,353,318,168,87,81,135,70,65,329,171,158
CORYELL COUNTY,99,8 Years,1223,632,591,631,322,309,163,82,81,124,61,63,305,167,138
CORYELL COUNTY,99,9 Years,1306,660,646,671,328,343,192,99,93,140,66,74,303,167,136
CORYELL COUNTY,99,10 Years,1225,634,591,650,336,314,163,78,85,123,63,60,289,157,132
CORYELL COUNTY,99,11 Years,1196,618,578,622,317,305,160,85,75,130,66,64,284,150,134
CORYELL COUNTY,99,12 Years,1175,594,581,632,314,318,171,90,81,123,60,63,249,130,119
CORYELL COUNTY,99,13 Years,1145,601,544,629,333,296,162,83,79,114,57,57,240,128,112
CORYELL COUNTY,99,14 Years,1067,526,541,579,290,289,157,75,82,116,56,60,215,105,110
CORYELL COUNTY,99,15 Years,1042,539,503,558,292,266,176,91,85,97,45,52,211,111,100
CORYELL COUNTY,99,16 Years,1032,534,498,557,295,262,170,88,82,92,45,47,213,106,107
CORYELL COUNTY,99,17 Years,1205,695,510,663,393,270,207,109,98,111,61,50,224,132,92
CORYELL COUNTY,99,18 Years,1180,670,510,642,364,278,217,121,96,107,62,45,214,123,91
CORYELL COUNTY,99,19 Years,1010,521,489,558,289,269,180,90,90,91,51,40,181,91,90
CORYELL COUNTY,99,20 Years,1538,1032,506,864,612,252,308,204,104,110,62,48,256,154,102
CORYELL COUNTY,99,21 Years,1701,1129,572,1061,762,299,235,116,119,120,74,46,285,177,108
CORYELL COUNTY,99,22 Years,1600,913,687,1050,621,429,226,105,121,77,38,39,247,149,98
CORYELL COUNTY,99,23 Years,1633,880,753,1053,567,486,214,120,94,100,46,54,266,147,119
CORYELL COUNTY,99,24 Years,1677,879,798,1042,576,466,201,89,112,122,57,65,312,157,155
CORYELL COUNTY,99,25 Years,1161,494,667,636,259,377,211,91,120,90,48,42,224,96,128
CORYELL COUNTY,99,26 Years,1225,475,750,731,265,466,188,95,93,99,44,55,207,71,136
CORYELL COUNTY,99,27 Years,1339,660,679,774,389,385,205,98,107,99,45,54,261,128,133
CORYELL COUNTY,99,28 Years,1390,668,722,789,397,392,232,100,132,105,45,60,264,126,138
CORYELL COUNTY,99,29 Years,1469,729,740,851,440,411,246,120,126,80,42,38,292,127,165
CORYELL COUNTY,99,30 Years,1279,540,739,720,312,408,210,81,129,104,50,54,245,97,148
CORYELL COUNTY,99,31 Years,1175,504,671,696,299,397,183,70,113,88,41,47,208,94,114
CORYELL COUNTY,99,32 Years,1363,657,706,799,391,408,194,96,98,97,52,45,273,118,155
CORYELL COUNTY,99,33 Years,1302,652,650,727,364,363,232,115,117,87,45,42,256,128,128
CORYELL COUNTY,99,34 Years,1267,616,651,752,363,389,234,115,119,82,37,45,199,101,98
CORYELL COUNTY,99,35 Years,1104,524,580,672,314,358,195,93,102,66,35,31,171,82,89
CORYELL COUNTY,99,36 Years,1055,477,578,598,268,330,192,85,107,65,29,36,200,95,105
CORYELL COUNTY,99,37 Years,1083,500,583,646,301,345,170,74,96,71,26,45,196,99,97
CORYELL COUNTY,99,38 Years,1090,520,570,647,304,343,201,96,105,60,24,36,182,96,86
CORYELL COUNTY,99,39 Years,1166,559,607,654,311,343,256,127,129,63,23,40,193,98,95
CORYELL COUNTY,99,40 Years,1135,518,617,676,298,378,243,119,124,56,22,34,160,79,81
CORYELL COUNTY,99,41 Years,1144,502,642,719,315,404,213,85,128,58,27,31,154,75,79
CORYELL COUNTY,99,42 Years,1105,458,647,702,287,415,187,84,103,67,24,43,149,63,86
CORYELL COUNTY,99,43 Years,1037,461,576,646,286,360,216,95,121,47,19,28,128,61,67
CORYELL COUNTY,99,44 Years,1052,497,555,643,300,343,235,97,138,39,22,17,135,78,57
CORYELL COUNTY,99,45 Years,1001,474,527,622,298,324,211,88,123,45,22,23,123,66,57
CORYELL COUNTY,99,46 Years,937,406,531,588,262,326,187,71,116,41,19,22,121,54,67
CORYELL COUNTY,99,47 Years,971,460,511,610,297,313,178,75,103,57,25,32,126,63,63
CORYELL COUNTY,99,48 Years,974,441,533,637,283,354,162,69,93,42,18,24,133,71,62
CORYELL COUNTY,99,49 Years,929,434,495,623,289,334,165,70,95,34,17,17,107,58,49
CORYELL COUNTY,99,50 Years,953,462,491,610,288,322,188,93,95,32,14,18,123,67,56
CORYELL COUNTY,99,51 Years,870,407,463,553,259,294,165,77,88,46,16,30,106,55,51
CORYELL COUNTY,99,52 Years,825,375,450,552,256,296,141,66,75,52,16,36,80,37,43
CORYELL COUNTY,99,53 Years,804,342,462,516,226,290,153,65,88,48,16,32,87,35,52
CORYELL COUNTY,99,54 Years,805,361,444,534,244,290,153,65,88,46,18,28,72,34,38
CORYELL COUNTY,99,55 Years,795,361,434,549,233,316,130,64,66,40,24,16,76,40,36
CORYELL COUNTY,99,56 Years,706,322,384,499,224,275,100,49,51,41,16,25,66,33,33
CORYELL COUNTY,99,57 Years,685,316,369,479,219,260,103,52,51,39,14,25,64,31,33
CORYELL COUNTY,99,58 Years,644,306,338,445,214,231,90,49,41,47,11,36,62,32,30
CORYELL COUNTY,99,59 Years,604,283,321,455,223,232,70,27,43,39,8,31,40,25,15
CORYELL COUNTY,99,60 Years,600,291,309,444,225,219,71,29,42,30,7,23,55,30,25
CORYELL COUNTY,99,61 Years,568,270,298,414,207,207,59,26,33,38,15,23,57,22,35
CORYELL COUNTY,99,62 Years,505,235,270,389,185,204,53,29,24,28,7,21,35,14,21
CORYELL COUNTY,99,63 Years,507,243,264,407,192,215,40,25,15,25,7,18,35,19,16
CORYELL COUNTY,99,64 Years,532,249,283,416,191,225,39,22,17,26,8,18,51,28,23
CORYELL COUNTY,99,65 Years,554,260,294,443,213,230,42,22,20,28,7,21,41,18,23
CORYELL COUNTY,99,66 Years,417,184,233,334,149,185,31,19,12,17,6,11,35,10,25
CORYELL COUNTY,99,67 Years,413,180,233,317,142,175,47,24,23,21,4,17,28,10,18
CORYELL COUNTY,99,68 Years,417,188,229,333,155,178,40,17,23,20,5,15,24,11,13
CORYELL COUNTY,99,69 Years,396,189,207,316,153,163,31,15,16,18,4,14,31,17,14
CORYELL COUNTY,99,70 Years,363,176,187,300,148,152,26,13,13,16,3,13,21,12,9
CORYELL COUNTY,99,71 Years,337,151,186,284,131,153,22,12,10,13,3,10,18,5,13
CORYELL COUNTY,99,72 Years,300,134,166,242,113,129,25,15,10,17,1,16,16,5,11
CORYELL COUNTY,99,73 Years,286,119,167,220,93,127,23,10,13,18,6,12,25,10,15
CORYELL COUNTY,99,74 Years,302,135,167,248,116,132,19,6,13,16,5,11,19,8,11
CORYELL COUNTY,99,75 Years,296,132,164,251,113,138,14,6,8,15,7,8,16,6,10
CORYELL COUNTY,99,76 Years,242,97,145,204,81,123,11,5,6,12,4,8,15,7,8
CORYELL COUNTY,99,77 Years,218,93,125,189,83,106,9,2,7,7,0,7,13,8,5
CORYELL COUNTY,99,78 Years,189,87,102,166,81,85,7,1,6,9,1,8,7,4,3
CORYELL COUNTY,99,79 Years,176,84,92,147,75,72,9,3,6,13,2,11,7,4,3
CORYELL COUNTY,99,80 Years,182,81,101,150,67,83,11,7,4,7,0,7,14,7,7
CORYELL COUNTY,99,81 Years,169,65,104,141,55,86,6,3,3,9,1,8,13,6,7
CORYELL COUNTY,99,82 Years,159,68,91,134,58,76,6,3,3,7,2,5,12,5,7
CORYELL COUNTY,99,83 Years,126,42,84,106,36,70,4,1,3,6,2,4,10,3,7
CORYELL COUNTY,99,84 Years,118,43,75,106,40,66,2,0,2,4,1,3,6,2,4
CORYELL COUNTY,99,85 Years +,558,206,352,489,186,303,25,2,23,13,1,12,31,17,14
COTTLE COUNTY,101,All Ages,1522,716,806,1047,491,556,132,57,75,14,11,3,329,157,172
COTTLE COUNTY,101,< 1 Year,13,8,5,8,5,3,2,1,1,0,0,0,3,2,1
COTTLE COUNTY,101,1 Years,15,9,6,8,5,3,1,1,0,0,0,0,6,3,3
COTTLE COUNTY,101,2 Years,15,8,7,8,3,5,1,1,0,0,0,0,6,4,2
COTTLE COUNTY,101,3 Years,18,11,7,10,7,3,0,0,0,0,0,0,8,4,4
COTTLE COUNTY,101,4 Years,13,8,5,6,4,2,1,1,0,1,1,0,5,2,3
COTTLE COUNTY,101,5 Years,14,6,8,5,3,2,1,0,1,0,0,0,8,3,5
COTTLE COUNTY,101,6 Years,18,7,11,9,4,5,3,0,3,0,0,0,6,3,3
COTTLE COUNTY,101,7 Years,14,6,8,9,5,4,1,0,1,0,0,0,4,1,3
COTTLE COUNTY,101,8 Years,19,9,10,13,6,7,1,1,0,0,0,0,5,2,3
COTTLE COUNTY,101,9 Years,27,14,13,18,9,9,1,1,0,0,0,0,8,4,4
COTTLE COUNTY,101,10 Years,23,15,8,15,10,5,2,2,0,1,1,0,5,2,3
COTTLE COUNTY,101,11 Years,30,16,14,21,11,10,2,1,1,0,0,0,7,4,3
COTTLE COUNTY,101,12 Years,25,16,9,18,12,6,0,0,0,0,0,0,7,4,3
COTTLE COUNTY,101,13 Years,21,12,9,13,8,5,1,0,1,0,0,0,7,4,3
COTTLE COUNTY,101,14 Years,17,9,8,10,5,5,2,1,1,0,0,0,5,3,2
COTTLE COUNTY,101,15 Years,21,12,9,14,8,6,1,0,1,0,0,0,6,4,2
COTTLE COUNTY,101,16 Years,20,12,8,11,6,5,2,1,1,1,1,0,6,4,2
COTTLE COUNTY,101,17 Years,18,9,9,6,3,3,4,1,3,1,1,0,7,4,3
COTTLE COUNTY,101,18 Years,17,9,8,7,4,3,7,3,4,0,0,0,3,2,1
COTTLE COUNTY,101,19 Years,23,13,10,10,5,5,8,6,2,0,0,0,5,2,3
COTTLE COUNTY,101,20 Years,21,12,9,8,6,2,5,4,1,1,1,0,7,1,6
COTTLE COUNTY,101,21 Years,14,8,6,7,4,3,2,1,1,1,1,0,4,2,2
COTTLE COUNTY,101,22 Years,11,6,5,6,2,4,1,0,1,0,0,0,4,4,0
COTTLE COUNTY,101,23 Years,9,3,6,3,0,3,2,1,1,0,0,0,4,2,2
COTTLE COUNTY,101,24 Years,8,3,5,4,2,2,1,0,1,0,0,0,3,1,2
COTTLE COUNTY,101,25 Years,11,5,6,6,3,3,2,1,1,0,0,0,3,1,2
COTTLE COUNTY,101,26 Years,14,4,10,8,4,4,2,0,2,0,0,0,4,0,4
COTTLE COUNTY,101,27 Years,13,8,5,8,5,3,1,0,1,0,0,0,4,3,1
COTTLE COUNTY,101,28 Years,10,5,5,7,4,3,1,0,1,0,0,0,2,1,1
COTTLE COUNTY,101,29 Years,15,8,7,8,5,3,2,1,1,0,0,0,5,2,3
COTTLE COUNTY,101,30 Years,15,8,7,11,7,4,0,0,0,1,0,1,3,1,2
COTTLE COUNTY,101,31 Years,12,4,8,7,3,4,0,0,0,0,0,0,5,1,4
COTTLE COUNTY,101,32 Years,17,6,11,10,5,5,0,0,0,0,0,0,7,1,6
COTTLE COUNTY,101,33 Years,14,6,8,8,3,5,0,0,0,0,0,0,6,3,3
COTTLE COUNTY,101,34 Years,14,6,8,8,4,4,0,0,0,0,0,0,6,2,4
COTTLE COUNTY,101,35 Years,11,3,8,6,1,5,0,0,0,0,0,0,5,2,3
COTTLE COUNTY,101,36 Years,10,2,8,7,2,5,1,0,1,0,0,0,2,0,2
COTTLE COUNTY,101,37 Years,15,4,11,9,2,7,1,1,0,0,0,0,5,1,4
COTTLE COUNTY,101,38 Years,19,6,13,10,3,7,5,1,4,0,0,0,4,2,2
COTTLE COUNTY,101,39 Years,11,6,5,5,2,3,3,2,1,0,0,0,3,2,1
COTTLE COUNTY,101,40 Years,9,3,6,6,3,3,1,0,1,0,0,0,2,0,2
COTTLE COUNTY,101,41 Years,9,5,4,5,3,2,2,1,1,0,0,0,2,1,1
COTTLE COUNTY,101,42 Years,13,7,6,7,4,3,2,1,1,0,0,0,4,2,2
COTTLE COUNTY,101,43 Years,14,6,8,11,5,6,1,0,1,1,0,1,1,1,0
COTTLE COUNTY,101,44 Years,21,8,13,17,6,11,2,1,1,0,0,0,2,1,1
COTTLE COUNTY,101,45 Years,18,11,7,14,8,6,2,1,1,0,0,0,2,2,0
COTTLE COUNTY,101,46 Years,13,5,8,9,4,5,0,0,0,0,0,0,4,1,3
COTTLE COUNTY,101,47 Years,18,7,11,11,6,5,3,0,3,0,0,0,4,1,3
COTTLE COUNTY,101,48 Years,22,9,13,17,8,9,2,0,2,0,0,0,3,1,2
COTTLE COUNTY,101,49 Years,28,13,15,18,8,10,2,0,2,1,1,0,7,4,3
COTTLE COUNTY,101,50 Years,22,11,11,16,7,9,3,2,1,0,0,0,3,2,1
COTTLE COUNTY,101,51 Years,26,11,15,16,8,8,2,0,2,0,0,0,8,3,5
COTTLE COUNTY,101,52 Years,22,12,10,15,7,8,2,2,0,0,0,0,5,3,2
COTTLE COUNTY,101,53 Years,21,15,6,15,10,5,1,1,0,0,0,0,5,4,1
COTTLE COUNTY,101,54 Years,22,12,10,14,7,7,2,1,1,0,0,0,6,4,2
COTTLE COUNTY,101,55 Years,21,9,12,15,6,9,2,1,1,0,0,0,4,2,2
COTTLE COUNTY,101,56 Years,15,8,7,9,4,5,1,1,0,1,0,1,4,3,1
COTTLE COUNTY,101,57 Years,22,9,13,12,5,7,3,1,2,0,0,0,7,3,4
COTTLE COUNTY,101,58 Years,22,8,14,16,6,10,1,0,1,0,0,0,5,2,3
COTTLE COUNTY,101,59 Years,17,6,11,15,6,9,1,0,1,0,0,0,1,0,1
COTTLE COUNTY,101,60 Years,21,9,12,16,6,10,3,1,2,0,0,0,2,2,0
COTTLE COUNTY,101,61 Years,34,18,16,29,15,14,2,1,1,0,0,0,3,2,1
COTTLE COUNTY,101,62 Years,25,15,10,21,13,8,1,1,0,0,0,0,3,1,2
COTTLE COUNTY,101,63 Years,20,10,10,14,6,8,1,1,0,0,0,0,5,3,2
COTTLE COUNTY,101,64 Years,20,9,11,17,7,10,1,1,0,0,0,0,2,1,1
COTTLE COUNTY,101,65 Years,22,8,14,19,6,13,0,0,0,0,0,0,3,2,1
COTTLE COUNTY,101,66 Years,23,11,12,20,9,11,1,1,0,0,0,0,2,1,1
COTTLE COUNTY,101,67 Years,20,14,6,14,10,4,2,1,1,1,1,0,3,2,1
COTTLE COUNTY,101,68 Years,26,13,13,20,9,11,2,0,2,1,1,0,3,3,0
COTTLE COUNTY,101,69 Years,19,9,10,17,8,9,2,1,1,0,0,0,0,0,0
COTTLE COUNTY,101,70 Years,17,6,11,16,6,10,1,0,1,0,0,0,0,0,0
COTTLE COUNTY,101,71 Years,24,8,16,21,7,14,0,0,0,0,0,0,3,1,2
COTTLE COUNTY,101,72 Years,20,7,13,16,5,11,2,1,1,1,1,0,1,0,1
COTTLE COUNTY,101,73 Years,22,12,10,19,11,8,3,1,2,0,0,0,0,0,0
COTTLE COUNTY,101,74 Years,18,9,9,16,8,8,1,0,1,0,0,0,1,1,0
COTTLE COUNTY,101,75 Years,15,3,12,13,3,10,0,0,0,0,0,0,2,0,2
COTTLE COUNTY,101,76 Years,13,6,7,12,5,7,0,0,0,0,0,0,1,1,0
COTTLE COUNTY,101,77 Years,11,7,4,10,6,4,0,0,0,0,0,0,1,1,0
COTTLE COUNTY,101,78 Years,16,6,10,14,5,9,0,0,0,1,1,0,1,0,1
COTTLE COUNTY,101,79 Years,16,5,11,14,5,9,0,0,0,0,0,0,2,0,2
COTTLE COUNTY,101,80 Years,15,6,9,12,5,7,1,0,1,0,0,0,2,1,1
COTTLE COUNTY,101,81 Years,12,4,8,10,4,6,1,0,1,0,0,0,1,0,1
COTTLE COUNTY,101,82 Years,8,2,6,7,2,5,1,0,1,0,0,0,0,0,0
COTTLE COUNTY,101,83 Years,6,3,3,6,3,3,0,0,0,0,0,0,0,0,0
COTTLE COUNTY,101,84 Years,10,2,8,9,2,7,0,0,0,0,0,0,1,0,1
COTTLE COUNTY,101,85 Years +,49,17,32,42,14,28,2,1,1,0,0,0,5,2,3
CRANE COUNTY,103,All Ages,4497,2204,2293,1764,844,920,124,63,61,82,41,41,2527,1256,1271
CRANE COUNTY,103,< 1 Year,71,32,39,20,9,11,1,0,1,1,1,0,49,22,27
CRANE COUNTY,103,1 Years,66,34,32,17,9,8,1,1,0,0,0,0,48,24,24
CRANE COUNTY,103,2 Years,77,31,46,16,6,10,3,0,3,0,0,0,58,25,33
CRANE COUNTY,103,3 Years,72,35,37,15,6,9,3,2,1,2,2,0,52,25,27
CRANE COUNTY,103,4 Years,67,34,33,18,6,12,1,1,0,1,1,0,47,26,21
CRANE COUNTY,103,5 Years,58,28,30,10,6,4,3,2,1,2,1,1,43,19,24
CRANE COUNTY,103,6 Years,62,31,31,13,7,6,2,1,1,1,0,1,46,23,23
CRANE COUNTY,103,7 Years,72,38,34,20,9,11,1,1,0,0,0,0,51,28,23
CRANE COUNTY,103,8 Years,78,34,44,21,12,9,3,0,3,0,0,0,54,22,32
CRANE COUNTY,103,9 Years,65,35,30,20,14,6,2,1,1,0,0,0,43,20,23
CRANE COUNTY,103,10 Years,66,37,29,21,10,11,4,2,2,2,1,1,39,24,15
CRANE COUNTY,103,11 Years,70,38,32,19,9,10,2,2,0,2,1,1,47,26,21
CRANE COUNTY,103,12 Years,83,40,43,27,11,16,1,0,1,2,1,1,53,28,25
CRANE COUNTY,103,13 Years,74,38,36,23,12,11,2,1,1,0,0,0,49,25,24
CRANE COUNTY,103,14 Years,71,35,36,17,9,8,1,1,0,1,0,1,52,25,27
CRANE COUNTY,103,15 Years,71,30,41,18,8,10,3,1,2,1,0,1,49,21,28
CRANE COUNTY,103,16 Years,69,34,35,22,13,9,3,0,3,0,0,0,44,21,23
CRANE COUNTY,103,17 Years,75,36,39,24,13,11,1,0,1,1,1,0,49,22,27
CRANE COUNTY,103,18 Years,88,40,48,29,12,17,2,0,2,2,1,1,55,27,28
CRANE COUNTY,103,19 Years,81,40,41,25,10,15,3,1,2,2,2,0,51,27,24
CRANE COUNTY,103,20 Years,81,43,38,20,12,8,2,1,1,6,3,3,53,27,26
CRANE COUNTY,103,21 Years,62,32,30,13,7,6,2,1,1,5,3,2,42,21,21
CRANE COUNTY,103,22 Years,46,24,22,10,4,6,2,2,0,1,0,1,33,18,15
CRANE COUNTY,103,23 Years,50,26,24,17,8,9,0,0,0,1,1,0,32,17,15
CRANE COUNTY,103,24 Years,51,27,24,15,9,6,1,1,0,1,1,0,34,16,18
CRANE COUNTY,103,25 Years,42,23,19,11,7,4,4,2,2,1,0,1,26,14,12
CRANE COUNTY,103,26 Years,54,29,25,16,8,8,2,1,1,1,1,0,35,19,16
CRANE COUNTY,103,27 Years,55,27,28,18,8,10,2,1,1,3,3,0,32,15,17
CRANE COUNTY,103,28 Years,54,23,31,11,4,7,1,1,0,2,1,1,40,17,23
CRANE COUNTY,103,29 Years,53,22,31,15,7,8,0,0,0,2,0,2,36,15,21
CRANE COUNTY,103,30 Years,48,22,26,17,6,11,2,2,0,1,1,0,28,13,15
CRANE COUNTY,103,31 Years,58,30,28,24,11,13,1,1,0,1,1,0,32,17,15
CRANE COUNTY,103,32 Years,44,20,24,16,8,8,2,1,1,0,0,0,26,11,15
CRANE COUNTY,103,33 Years,43,24,19,17,12,5,2,1,1,0,0,0,24,11,13
CRANE COUNTY,103,34 Years,55,30,25,20,11,9,3,1,2,0,0,0,32,18,14
CRANE COUNTY,103,35 Years,49,28,21,14,7,7,2,1,1,1,1,0,32,19,13
CRANE COUNTY,103,36 Years,51,29,22,14,9,5,1,1,0,0,0,0,36,19,17
CRANE COUNTY,103,37 Years,50,26,24,13,6,7,0,0,0,0,0,0,37,20,17
CRANE COUNTY,103,38 Years,40,25,15,7,4,3,1,1,0,0,0,0,32,20,12
CRANE COUNTY,103,39 Years,47,23,24,15,5,10,1,1,0,0,0,0,31,17,14
CRANE COUNTY,103,40 Years,59,29,30,17,9,8,0,0,0,0,0,0,42,20,22
CRANE COUNTY,103,41 Years,64,23,41,24,8,16,0,0,0,0,0,0,40,15,25
CRANE COUNTY,103,42 Years,52,22,30,23,11,12,1,0,1,2,2,0,26,9,17
CRANE COUNTY,103,43 Years,60,36,24,21,11,10,1,0,1,2,1,1,36,24,12
CRANE COUNTY,103,44 Years,61,31,30,26,11,15,1,0,1,0,0,0,34,20,14
CRANE COUNTY,103,45 Years,67,32,35,33,15,18,0,0,0,0,0,0,34,17,17
CRANE COUNTY,103,46 Years,69,29,40,31,14,17,1,1,0,0,0,0,37,14,23
CRANE COUNTY,103,47 Years,62,31,31,30,13,17,2,2,0,0,0,0,30,16,14
CRANE COUNTY,103,48 Years,72,32,40,31,11,20,2,1,1,1,0,1,38,20,18
CRANE COUNTY,103,49 Years,77,38,39,41,21,20,2,1,1,0,0,0,34,16,18
CRANE COUNTY,103,50 Years,73,40,33,40,22,18,2,1,1,2,0,2,29,17,12
CRANE COUNTY,103,51 Years,69,35,34,31,15,16,1,0,1,4,1,3,33,19,14
CRANE COUNTY,103,52 Years,71,38,33,35,17,18,2,2,0,2,0,2,32,19,13
CRANE COUNTY,103,53 Years,69,31,38,34,14,20,0,0,0,2,1,1,33,16,17
CRANE COUNTY,103,54 Years,62,34,28,39,21,18,1,1,0,0,0,0,22,12,10
CRANE COUNTY,103,55 Years,60,28,32,29,17,12,2,1,1,3,1,2,26,9,17
CRANE COUNTY,103,56 Years,58,32,26,29,16,13,3,1,2,1,1,0,25,14,11
CRANE COUNTY,103,57 Years,59,28,31,26,11,15,4,2,2,2,1,1,27,14,13
CRANE COUNTY,103,58 Years,53,26,27,30,14,16,2,1,1,0,0,0,21,11,10
CRANE COUNTY,103,59 Years,48,27,21,27,14,13,2,2,0,1,1,0,18,10,8
CRANE COUNTY,103,60 Years,54,28,26,30,16,14,2,1,1,0,0,0,22,11,11
CRANE COUNTY,103,61 Years,43,25,18,26,15,11,2,1,1,0,0,0,15,9,6
CRANE COUNTY,103,62 Years,48,22,26,24,11,13,2,1,1,1,0,1,21,10,11
CRANE COUNTY,103,63 Years,43,24,19,19,12,7,1,1,0,2,1,1,21,10,11
CRANE COUNTY,103,64 Years,39,20,19,28,15,13,2,0,2,2,1,1,7,4,3
CRANE COUNTY,103,65 Years,41,20,21,29,15,14,1,0,1,2,1,1,9,4,5
CRANE COUNTY,103,66 Years,37,17,20,22,11,11,0,0,0,0,0,0,15,6,9
CRANE COUNTY,103,67 Years,30,14,16,16,8,8,1,1,0,0,0,0,13,5,8
CRANE COUNTY,103,68 Years,31,13,18,15,6,9,1,1,0,1,0,1,14,6,8
CRANE COUNTY,103,69 Years,32,17,15,21,11,10,1,1,0,0,0,0,10,5,5
CRANE COUNTY,103,70 Years,24,11,13,16,7,9,0,0,0,0,0,0,8,4,4
CRANE COUNTY,103,71 Years,31,13,18,16,7,9,2,0,2,0,0,0,13,6,7
CRANE COUNTY,103,72 Years,27,13,14,17,8,9,1,0,1,0,0,0,9,5,4
CRANE COUNTY,103,73 Years,29,13,16,19,8,11,1,0,1,0,0,0,9,5,4
CRANE COUNTY,103,74 Years,22,8,14,16,5,11,0,0,0,0,0,0,6,3,3
CRANE COUNTY,103,75 Years,19,10,9,10,6,4,1,1,0,1,0,1,7,3,4
CRANE COUNTY,103,76 Years,23,11,12,13,5,8,1,1,0,1,0,1,8,5,3
CRANE COUNTY,103,77 Years,21,7,14,14,5,9,0,0,0,1,0,1,6,2,4
CRANE COUNTY,103,78 Years,18,7,11,10,4,6,0,0,0,0,0,0,8,3,5
CRANE COUNTY,103,79 Years,16,7,9,10,5,5,0,0,0,0,0,0,6,2,4
CRANE COUNTY,103,80 Years,9,3,6,6,3,3,0,0,0,0,0,0,3,0,3
CRANE COUNTY,103,81 Years,14,4,10,8,1,7,0,0,0,0,0,0,6,3,3
CRANE COUNTY,103,82 Years,15,5,10,10,3,7,0,0,0,1,0,1,4,2,2
CRANE COUNTY,103,83 Years,9,3,6,6,1,5,0,0,0,0,0,0,3,2,1
CRANE COUNTY,103,84 Years,12,5,7,10,4,6,0,0,0,0,0,0,2,1,1
CRANE COUNTY,103,85 Years +,76,29,47,58,23,35,3,1,2,2,1,1,13,4,9
CROCKETT COUNTY,105,All Ages,3758,1851,1907,1316,654,662,14,8,6,41,24,17,2387,1165,1222
CROCKETT COUNTY,105,< 1 Year,58,29,29,21,8,13,0,0,0,0,0,0,37,21,16
CROCKETT COUNTY,105,1 Years,52,29,23,16,8,8,0,0,0,0,0,0,36,21,15
CROCKETT COUNTY,105,2 Years,53,29,24,17,8,9,0,0,0,0,0,0,36,21,15
CROCKETT COUNTY,105,3 Years,56,30,26,15,7,8,0,0,0,1,0,1,40,23,17
CROCKETT COUNTY,105,4 Years,58,28,30,17,7,10,0,0,0,0,0,0,41,21,20
CROCKETT COUNTY,105,5 Years,67,34,33,18,9,9,0,0,0,0,0,0,49,25,24
CROCKETT COUNTY,105,6 Years,58,23,35,12,6,6,0,0,0,0,0,0,46,17,29
CROCKETT COUNTY,105,7 Years,55,27,28,11,6,5,0,0,0,1,1,0,43,20,23
CROCKETT COUNTY,105,8 Years,59,32,27,11,7,4,0,0,0,0,0,0,48,25,23
CROCKETT COUNTY,105,9 Years,59,31,28,7,5,2,0,0,0,1,1,0,51,25,26
CROCKETT COUNTY,105,10 Years,52,28,24,7,3,4,0,0,0,1,1,0,44,24,20
CROCKETT COUNTY,105,11 Years,46,26,20,7,5,2,0,0,0,1,1,0,38,20,18
CROCKETT COUNTY,105,12 Years,46,26,20,8,6,2,0,0,0,1,1,0,37,19,18
CROCKETT COUNTY,105,13 Years,48,23,25,8,2,6,0,0,0,0,0,0,40,21,19
CROCKETT COUNTY,105,14 Years,53,24,29,12,9,3,0,0,0,0,0,0,41,15,26
CROCKETT COUNTY,105,15 Years,52,23,29,11,4,7,0,0,0,0,0,0,41,19,22
CROCKETT COUNTY,105,16 Years,51,23,28,7,4,3,0,0,0,0,0,0,44,19,25
CROCKETT COUNTY,105,17 Years,50,23,27,9,4,5,0,0,0,0,0,0,41,19,22
CROCKETT COUNTY,105,18 Years,63,29,34,12,5,7,0,0,0,0,0,0,51,24,27
CROCKETT COUNTY,105,19 Years,58,30,28,15,7,8,0,0,0,1,1,0,42,22,20
CROCKETT COUNTY,105,20 Years,49,23,26,14,7,7,0,0,0,0,0,0,35,16,19
CROCKETT COUNTY,105,21 Years,36,17,19,12,5,7,0,0,0,0,0,0,24,12,12
CROCKETT COUNTY,105,22 Years,32,15,17,11,6,5,0,0,0,1,0,1,20,9,11
CROCKETT COUNTY,105,23 Years,22,13,9,7,5,2,0,0,0,0,0,0,15,8,7
CROCKETT COUNTY,105,24 Years,31,17,14,11,8,3,0,0,0,0,0,0,20,9,11
CROCKETT COUNTY,105,25 Years,35,17,18,13,9,4,0,0,0,0,0,0,22,8,14
CROCKETT COUNTY,105,26 Years,35,16,19,11,6,5,0,0,0,0,0,0,24,10,14
CROCKETT COUNTY,105,27 Years,35,18,17,11,5,6,0,0,0,0,0,0,24,13,11
CROCKETT COUNTY,105,28 Years,38,19,19,16,7,9,0,0,0,0,0,0,22,12,10
CROCKETT COUNTY,105,29 Years,40,17,23,16,7,9,0,0,0,0,0,0,24,10,14
CROCKETT COUNTY,105,30 Years,50,26,24,19,10,9,0,0,0,0,0,0,31,16,15
CROCKETT COUNTY,105,31 Years,53,31,22,21,11,10,0,0,0,0,0,0,32,20,12
CROCKETT COUNTY,105,32 Years,56,25,31,20,8,12,0,0,0,1,1,0,35,16,19
CROCKETT COUNTY,105,33 Years,40,16,24,15,7,8,0,0,0,0,0,0,25,9,16
CROCKETT COUNTY,105,34 Years,39,19,20,14,9,5,0,0,0,0,0,0,25,10,15
CROCKETT COUNTY,105,35 Years,41,19,22,9,6,3,1,0,1,0,0,0,31,13,18
CROCKETT COUNTY,105,36 Years,45,19,26,11,4,7,1,0,1,0,0,0,33,15,18
CROCKETT COUNTY,105,37 Years,34,17,17,8,4,4,0,0,0,0,0,0,26,13,13
CROCKETT COUNTY,105,38 Years,36,19,17,10,6,4,0,0,0,2,2,0,24,11,13
CROCKETT COUNTY,105,39 Years,50,23,27,15,6,9,0,0,0,1,0,1,34,17,17
CROCKETT COUNTY,105,40 Years,51,25,26,16,9,7,0,0,0,1,0,1,34,16,18
CROCKETT COUNTY,105,41 Years,48,29,19,13,8,5,0,0,0,1,0,1,34,21,13
CROCKETT COUNTY,105,42 Years,38,21,17,11,5,6,0,0,0,0,0,0,27,16,11
CROCKETT COUNTY,105,43 Years,42,23,19,13,7,6,0,0,0,0,0,0,29,16,13
CROCKETT COUNTY,105,44 Years,42,21,21,13,5,8,1,1,0,0,0,0,28,15,13
CROCKETT COUNTY,105,45 Years,42,20,22,11,7,4,1,1,0,0,0,0,30,12,18
CROCKETT COUNTY,105,46 Years,55,29,26,17,10,7,0,0,0,3,2,1,35,17,18
CROCKETT COUNTY,105,47 Years,51,24,27,22,7,15,1,1,0,3,2,1,25,14,11
CROCKETT COUNTY,105,48 Years,47,18,29,23,10,13,1,1,0,1,0,1,22,7,15
CROCKETT COUNTY,105,49 Years,53,24,29,27,12,15,0,0,0,0,0,0,26,12,14
CROCKETT COUNTY,105,50 Years,49,27,22,19,11,8,0,0,0,2,0,2,28,16,12
CROCKETT COUNTY,105,51 Years,51,26,25,25,13,12,0,0,0,1,0,1,25,13,12
CROCKETT COUNTY,105,52 Years,54,27,27,26,14,12,0,0,0,0,0,0,28,13,15
CROCKETT COUNTY,105,53 Years,57,31,26,30,15,15,0,0,0,2,2,0,25,14,11
CROCKETT COUNTY,105,54 Years,65,31,34,28,11,17,0,0,0,3,2,1,34,18,16
CROCKETT COUNTY,105,55 Years,56,28,28,25,12,13,0,0,0,1,0,1,30,16,14
CROCKETT COUNTY,105,56 Years,69,39,30,37,20,17,0,0,0,1,0,1,31,19,12
CROCKETT COUNTY,105,57 Years,71,38,33,34,16,18,0,0,0,0,0,0,37,22,15
CROCKETT COUNTY,105,58 Years,56,31,25,28,15,13,0,0,0,2,1,1,26,15,11
CROCKETT COUNTY,105,59 Years,58,26,32,22,13,9,0,0,0,1,0,1,35,13,22
CROCKETT COUNTY,105,60 Years,50,26,24,21,14,7,0,0,0,0,0,0,29,12,17
CROCKETT COUNTY,105,61 Years,42,24,18,18,9,9,0,0,0,2,2,0,22,13,9
CROCKETT COUNTY,105,62 Years,49,17,32,18,5,13,0,0,0,2,1,1,29,11,18
CROCKETT COUNTY,105,63 Years,44,22,22,23,11,12,0,0,0,1,1,0,20,10,10
CROCKETT COUNTY,105,64 Years,39,21,18,24,13,11,0,0,0,0,0,0,15,8,7
CROCKETT COUNTY,105,65 Years,46,24,22,24,14,10,1,0,1,1,1,0,20,9,11
CROCKETT COUNTY,105,66 Years,34,17,17,14,7,7,0,0,0,0,0,0,20,10,10
CROCKETT COUNTY,105,67 Years,35,16,19,21,11,10,0,0,0,0,0,0,14,5,9
CROCKETT COUNTY,105,68 Years,49,25,24,16,7,9,0,0,0,1,1,0,32,17,15
CROCKETT COUNTY,105,69 Years,42,22,20,18,9,9,0,0,0,0,0,0,24,13,11
CROCKETT COUNTY,105,70 Years,32,15,17,14,6,8,1,1,0,0,0,0,17,8,9
CROCKETT COUNTY,105,71 Years,30,9,21,14,4,10,1,0,1,0,0,0,15,5,10
CROCKETT COUNTY,105,72 Years,25,9,16,9,3,6,1,0,1,0,0,0,15,6,9
CROCKETT COUNTY,105,73 Years,23,12,11,9,5,4,1,1,0,0,0,0,13,6,7
CROCKETT COUNTY,105,74 Years,25,13,12,8,4,4,1,1,0,0,0,0,16,8,8
CROCKETT COUNTY,105,75 Years,22,13,9,15,9,6,0,0,0,0,0,0,7,4,3
CROCKETT COUNTY,105,76 Years,22,11,11,11,6,5,0,0,0,0,0,0,11,5,6
CROCKETT COUNTY,105,77 Years,23,11,12,10,3,7,0,0,0,0,0,0,13,8,5
CROCKETT COUNTY,105,78 Years,20,11,9,8,5,3,0,0,0,0,0,0,12,6,6
CROCKETT COUNTY,105,79 Years,20,10,10,10,6,4,0,0,0,0,0,0,10,4,6
CROCKETT COUNTY,105,80 Years,19,5,14,8,3,5,0,0,0,0,0,0,11,2,9
CROCKETT COUNTY,105,81 Years,22,11,11,11,6,5,0,0,0,0,0,0,11,5,6
CROCKETT COUNTY,105,82 Years,16,9,7,7,4,3,0,0,0,0,0,0,9,5,4
CROCKETT COUNTY,105,83 Years,8,4,4,6,3,3,0,0,0,0,0,0,2,1,1
CROCKETT COUNTY,105,84 Years,13,7,6,8,5,3,0,0,0,0,0,0,5,2,3
CROCKETT COUNTY,105,85 Years +,62,16,46,26,6,20,2,1,1,0,0,0,34,9,25
CROSBY COUNTY,107,All Ages,6088,2932,3156,2546,1210,1336,195,92,103,65,34,31,3282,1596,1686
CROSBY COUNTY,107,< 1 Year,72,31,41,22,10,12,0,0,0,1,1,0,49,20,29
CROSBY COUNTY,107,1 Years,84,42,42,22,11,11,1,1,0,0,0,0,61,30,31
CROSBY COUNTY,107,2 Years,93,52,41,18,9,9,2,2,0,1,1,0,72,40,32
CROSBY COUNTY,107,3 Years,89,46,43,24,11,13,3,2,1,0,0,0,62,33,29
CROSBY COUNTY,107,4 Years,100,54,46,25,17,8,6,2,4,1,0,1,68,35,33
CROSBY COUNTY,107,5 Years,106,48,58,28,12,16,7,3,4,2,1,1,69,32,37
CROSBY COUNTY,107,6 Years,106,53,53,29,14,15,4,2,2,2,1,1,71,36,35
CROSBY COUNTY,107,7 Years,93,52,41,23,12,11,2,1,1,2,1,1,66,38,28
CROSBY COUNTY,107,8 Years,100,49,51,27,16,11,2,1,1,1,1,0,70,31,39
CROSBY COUNTY,107,9 Years,91,43,48,26,13,13,3,1,2,0,0,0,62,29,33
CROSBY COUNTY,107,10 Years,92,50,42,24,15,9,4,3,1,1,1,0,63,31,32
CROSBY COUNTY,107,11 Years,88,46,42,26,15,11,2,2,0,2,1,1,58,28,30
CROSBY COUNTY,107,12 Years,91,43,48,27,13,14,2,1,1,1,0,1,61,29,32
CROSBY COUNTY,107,13 Years,89,41,48,29,12,17,3,1,2,0,0,0,57,28,29
CROSBY COUNTY,107,14 Years,97,46,51,32,17,15,3,1,2,1,1,0,61,27,34
CROSBY COUNTY,107,15 Years,97,55,42,28,14,14,7,5,2,1,1,0,61,35,26
CROSBY COUNTY,107,16 Years,89,42,47,27,12,15,2,1,1,0,0,0,60,29,31
CROSBY COUNTY,107,17 Years,92,46,46,28,17,11,2,2,0,1,0,1,61,27,34
CROSBY COUNTY,107,18 Years,108,54,54,37,23,14,3,3,0,1,0,1,67,28,39
CROSBY COUNTY,107,19 Years,117,56,61,36,20,16,2,1,1,3,0,3,76,35,41
CROSBY COUNTY,107,20 Years,97,44,53,27,14,13,1,1,0,1,0,1,68,29,39
CROSBY COUNTY,107,21 Years,65,27,38,11,4,7,1,1,0,0,0,0,53,22,31
CROSBY COUNTY,107,22 Years,60,26,34,12,4,8,1,1,0,1,1,0,46,20,26
CROSBY COUNTY,107,23 Years,67,37,30,15,9,6,3,3,0,2,2,0,47,23,24
CROSBY COUNTY,107,24 Years,56,27,29,9,4,5,2,1,1,1,1,0,44,21,23
CROSBY COUNTY,107,25 Years,54,25,29,12,5,7,2,0,2,2,1,1,38,19,19
CROSBY COUNTY,107,26 Years,46,25,21,15,6,9,1,1,0,1,1,0,29,17,12
CROSBY COUNTY,107,27 Years,55,23,32,21,10,11,1,0,1,0,0,0,33,13,20
CROSBY COUNTY,107,28 Years,60,27,33,20,10,10,4,0,4,0,0,0,36,17,19
CROSBY COUNTY,107,29 Years,58,27,31,21,12,9,2,0,2,0,0,0,35,15,20
CROSBY COUNTY,107,30 Years,63,28,35,25,9,16,1,1,0,0,0,0,37,18,19
CROSBY COUNTY,107,31 Years,62,29,33,21,8,13,4,1,3,0,0,0,37,20,17
CROSBY COUNTY,107,32 Years,67,35,32,22,11,11,2,1,1,0,0,0,43,23,20
CROSBY COUNTY,107,33 Years,69,40,29,27,17,10,3,3,0,0,0,0,39,20,19
CROSBY COUNTY,107,34 Years,81,36,45,27,11,16,5,2,3,2,0,2,47,23,24
CROSBY COUNTY,107,35 Years,82,35,47,30,11,19,1,0,1,0,0,0,51,24,27
CROSBY COUNTY,107,36 Years,68,35,33,29,15,14,0,0,0,0,0,0,39,20,19
CROSBY COUNTY,107,37 Years,62,33,29,24,11,13,2,1,1,1,1,0,35,20,15
CROSBY COUNTY,107,38 Years,55,28,27,23,13,10,1,1,0,1,1,0,30,13,17
CROSBY COUNTY,107,39 Years,72,37,35,28,13,15,2,1,1,2,1,1,40,22,18
CROSBY COUNTY,107,40 Years,66,31,35,28,13,15,1,1,0,0,0,0,37,17,20
CROSBY COUNTY,107,41 Years,72,35,37,29,14,15,3,1,2,0,0,0,40,20,20
CROSBY COUNTY,107,42 Years,67,31,36,26,12,14,3,0,3,1,0,1,37,19,18
CROSBY COUNTY,107,43 Years,59,25,34,21,10,11,1,0,1,0,0,0,37,15,22
CROSBY COUNTY,107,44 Years,72,35,37,34,18,16,0,0,0,0,0,0,38,17,21
CROSBY COUNTY,107,45 Years,64,31,33,21,12,9,2,2,0,1,0,1,40,17,23
CROSBY COUNTY,107,46 Years,73,42,31,23,14,9,5,3,2,1,0,1,44,25,19
CROSBY COUNTY,107,47 Years,73,35,38,34,17,17,2,1,1,2,0,2,35,17,18
CROSBY COUNTY,107,48 Years,61,30,31,32,16,16,1,1,0,0,0,0,28,13,15
CROSBY COUNTY,107,49 Years,67,27,40,35,14,21,1,1,0,2,1,1,29,11,18
CROSBY COUNTY,107,50 Years,76,34,42,33,17,16,3,0,3,1,0,1,39,17,22
CROSBY COUNTY,107,51 Years,74,39,35,37,21,16,2,1,1,0,0,0,35,17,18
CROSBY COUNTY,107,52 Years,94,45,49,46,20,26,3,2,1,0,0,0,45,23,22
CROSBY COUNTY,107,53 Years,75,33,42,38,13,25,2,1,1,0,0,0,35,19,16
CROSBY COUNTY,107,54 Years,79,35,44,41,17,24,4,2,2,1,1,0,33,15,18
CROSBY COUNTY,107,55 Years,87,44,43,44,21,23,3,1,2,1,1,0,39,21,18
CROSBY COUNTY,107,56 Years,89,44,45,50,28,22,2,1,1,1,0,1,36,15,21
CROSBY COUNTY,107,57 Years,68,33,35,36,16,20,0,0,0,2,1,1,30,16,14
CROSBY COUNTY,107,58 Years,78,34,44,39,15,24,1,1,0,1,1,0,37,17,20
CROSBY COUNTY,107,59 Years,74,37,37,40,20,20,3,1,2,2,1,1,29,15,14
CROSBY COUNTY,107,60 Years,75,41,34,37,19,18,3,1,2,1,0,1,34,21,13
CROSBY COUNTY,107,61 Years,75,41,34,44,22,22,1,0,1,1,0,1,29,19,10
CROSBY COUNTY,107,62 Years,60,30,30,40,19,21,0,0,0,0,0,0,20,11,9
CROSBY COUNTY,107,63 Years,73,37,36,42,20,22,2,1,1,1,0,1,28,16,12
CROSBY COUNTY,107,64 Years,76,31,45,43,19,24,2,0,2,1,0,1,30,12,18
CROSBY COUNTY,107,65 Years,51,25,26,27,14,13,3,1,2,0,0,0,21,10,11
CROSBY COUNTY,107,66 Years,58,33,25,30,16,14,3,1,2,1,1,0,24,15,9
CROSBY COUNTY,107,67 Years,70,31,39,33,15,18,2,0,2,3,3,0,32,13,19
CROSBY COUNTY,107,68 Years,62,28,34,38,18,20,0,0,0,2,2,0,22,8,14
CROSBY COUNTY,107,69 Years,67,31,36,39,17,22,2,1,1,1,0,1,25,13,12
CROSBY COUNTY,107,70 Years,60,31,29,39,19,20,3,1,2,0,0,0,18,11,7
CROSBY COUNTY,107,71 Years,56,25,31,36,18,18,2,0,2,0,0,0,18,7,11
CROSBY COUNTY,107,72 Years,55,26,29,36,16,20,0,0,0,1,1,0,18,9,9
CROSBY COUNTY,107,73 Years,51,21,30,38,14,24,1,1,0,1,1,0,11,5,6
CROSBY COUNTY,107,74 Years,40,17,23,30,12,18,1,1,0,1,1,0,8,3,5
CROSBY COUNTY,107,75 Years,50,22,28,32,14,18,3,2,1,0,0,0,15,6,9
CROSBY COUNTY,107,76 Years,44,21,23,28,13,15,1,1,0,0,0,0,15,7,8
CROSBY COUNTY,107,77 Years,42,22,20,31,17,14,2,0,2,0,0,0,9,5,4
CROSBY COUNTY,107,78 Years,37,20,17,21,11,10,3,1,2,0,0,0,13,8,5
CROSBY COUNTY,107,79 Years,34,14,20,21,10,11,4,1,3,0,0,0,9,3,6
CROSBY COUNTY,107,80 Years,42,15,27,27,9,18,4,0,4,0,0,0,11,6,5
CROSBY COUNTY,107,81 Years,34,12,22,23,8,15,3,2,1,0,0,0,8,2,6
CROSBY COUNTY,107,82 Years,30,14,16,23,10,13,1,1,0,0,0,0,6,3,3
CROSBY COUNTY,107,83 Years,20,10,10,13,6,7,0,0,0,0,0,0,7,4,3
CROSBY COUNTY,107,84 Years,24,7,17,19,5,14,3,1,2,0,0,0,2,1,1
CROSBY COUNTY,107,85 Years +,141,54,87,112,41,71,5,1,4,0,0,0,24,12,12
CULBERSON COUNTY,109,All Ages,2418,1185,1233,498,263,235,6,4,2,65,38,27,1849,880,969
CULBERSON COUNTY,109,< 1 Year,28,14,14,4,1,3,0,0,0,1,1,0,23,12,11
CULBERSON COUNTY,109,1 Years,33,17,16,4,2,2,0,0,0,2,1,1,27,14,13
CULBERSON COUNTY,109,2 Years,33,12,21,5,2,3,0,0,0,1,1,0,27,9,18
CULBERSON COUNTY,109,3 Years,39,18,21,6,4,2,0,0,0,0,0,0,33,14,19
CULBERSON COUNTY,109,4 Years,43,26,17,4,2,2,0,0,0,0,0,0,39,24,15
CULBERSON COUNTY,109,5 Years,30,19,11,3,1,2,0,0,0,0,0,0,27,18,9
CULBERSON COUNTY,109,6 Years,33,14,19,5,2,3,0,0,0,0,0,0,28,12,16
CULBERSON COUNTY,109,7 Years,32,12,20,3,1,2,0,0,0,0,0,0,29,11,18
CULBERSON COUNTY,109,8 Years,32,19,13,1,0,1,0,0,0,0,0,0,31,19,12
CULBERSON COUNTY,109,9 Years,40,21,19,5,4,1,0,0,0,1,0,1,34,17,17
CULBERSON COUNTY,109,10 Years,34,18,16,4,3,1,0,0,0,1,0,1,29,15,14
CULBERSON COUNTY,109,11 Years,39,22,17,6,4,2,0,0,0,0,0,0,33,18,15
CULBERSON COUNTY,109,12 Years,37,19,18,6,3,3,0,0,0,0,0,0,31,16,15
CULBERSON COUNTY,109,13 Years,34,19,15,5,3,2,0,0,0,1,1,0,28,15,13
CULBERSON COUNTY,109,14 Years,38,20,18,6,3,3,0,0,0,2,2,0,30,15,15
CULBERSON COUNTY,109,15 Years,36,17,19,9,4,5,0,0,0,2,2,0,25,11,14
CULBERSON COUNTY,109,16 Years,38,21,17,5,2,3,0,0,0,1,1,0,32,18,14
CULBERSON COUNTY,109,17 Years,42,19,23,8,2,6,0,0,0,2,1,1,32,16,16
CULBERSON COUNTY,109,18 Years,40,21,19,5,3,2,0,0,0,2,1,1,33,17,16
CULBERSON COUNTY,109,19 Years,41,23,18,3,2,1,0,0,0,3,2,1,35,19,16
CULBERSON COUNTY,109,20 Years,36,16,20,6,3,3,0,0,0,1,1,0,29,12,17
CULBERSON COUNTY,109,21 Years,27,11,16,3,1,2,0,0,0,0,0,0,24,10,14
CULBERSON COUNTY,109,22 Years,35,19,16,4,1,3,0,0,0,3,2,1,28,16,12
CULBERSON COUNTY,109,23 Years,35,15,20,5,3,2,0,0,0,1,0,1,29,12,17
CULBERSON COUNTY,109,24 Years,26,15,11,3,2,1,0,0,0,1,1,0,22,12,10
CULBERSON COUNTY,109,25 Years,26,18,8,5,4,1,1,1,0,1,1,0,19,12,7
CULBERSON COUNTY,109,26 Years,25,11,14,6,2,4,1,1,0,0,0,0,18,8,10
CULBERSON COUNTY,109,27 Years,22,9,13,8,5,3,0,0,0,1,0,1,13,4,9
CULBERSON COUNTY,109,28 Years,18,10,8,5,4,1,1,1,0,0,0,0,12,5,7
CULBERSON COUNTY,109,29 Years,23,11,12,4,3,1,0,0,0,1,1,0,18,7,11
CULBERSON COUNTY,109,30 Years,30,18,12,5,4,1,0,0,0,1,1,0,24,13,11
CULBERSON COUNTY,109,31 Years,28,12,16,6,4,2,0,0,0,2,1,1,20,7,13
CULBERSON COUNTY,109,32 Years,28,12,16,5,2,3,0,0,0,1,0,1,22,10,12
CULBERSON COUNTY,109,33 Years,22,12,10,2,1,1,0,0,0,1,0,1,19,11,8
CULBERSON COUNTY,109,34 Years,26,9,17,5,2,3,0,0,0,1,0,1,20,7,13
CULBERSON COUNTY,109,35 Years,26,15,11,6,3,3,0,0,0,0,0,0,20,12,8
CULBERSON COUNTY,109,36 Years,20,13,7,6,3,3,0,0,0,1,1,0,13,9,4
CULBERSON COUNTY,109,37 Years,22,10,12,4,2,2,0,0,0,1,0,1,17,8,9
CULBERSON COUNTY,109,38 Years,28,8,20,6,2,4,0,0,0,1,0,1,21,6,15
CULBERSON COUNTY,109,39 Years,27,14,13,4,2,2,0,0,0,0,0,0,23,12,11
CULBERSON COUNTY,109,40 Years,30,15,15,5,4,1,0,0,0,0,0,0,25,11,14
CULBERSON COUNTY,109,41 Years,29,15,14,6,4,2,0,0,0,0,0,0,23,11,12
CULBERSON COUNTY,109,42 Years,26,13,13,7,5,2,1,1,0,1,0,1,17,7,10
CULBERSON COUNTY,109,43 Years,26,9,17,3,2,1,1,0,1,0,0,0,22,7,15
CULBERSON COUNTY,109,44 Years,30,14,16,3,3,0,0,0,0,1,0,1,26,11,15
CULBERSON COUNTY,109,45 Years,32,14,18,5,3,2,0,0,0,1,0,1,26,11,15
CULBERSON COUNTY,109,46 Years,33,15,18,8,5,3,0,0,0,1,0,1,24,10,14
CULBERSON COUNTY,109,47 Years,36,18,18,9,4,5,0,0,0,1,1,0,26,13,13
CULBERSON COUNTY,109,48 Years,30,13,17,6,3,3,0,0,0,0,0,0,24,10,14
CULBERSON COUNTY,109,49 Years,27,10,17,6,2,4,0,0,0,1,0,1,20,8,12
CULBERSON COUNTY,109,50 Years,35,20,15,8,5,3,0,0,0,2,1,1,25,14,11
CULBERSON COUNTY,109,51 Years,36,19,17,4,2,2,0,0,0,0,0,0,32,17,15
CULBERSON COUNTY,109,52 Years,29,12,17,5,2,3,0,0,0,0,0,0,24,10,14
CULBERSON COUNTY,109,53 Years,29,16,13,8,5,3,0,0,0,0,0,0,21,11,10
CULBERSON COUNTY,109,54 Years,37,19,18,11,4,7,0,0,0,1,1,0,25,14,11
CULBERSON COUNTY,109,55 Years,33,15,18,8,2,6,0,0,0,1,0,1,24,13,11
CULBERSON COUNTY,109,56 Years,32,15,17,8,4,4,0,0,0,0,0,0,24,11,13
CULBERSON COUNTY,109,57 Years,37,17,20,10,6,4,0,0,0,1,1,0,26,10,16
CULBERSON COUNTY,109,58 Years,26,11,15,8,4,4,0,0,0,1,1,0,17,6,11
CULBERSON COUNTY,109,59 Years,30,13,17,10,5,5,0,0,0,3,2,1,17,6,11
CULBERSON COUNTY,109,60 Years,35,16,19,11,5,6,0,0,0,1,1,0,23,10,13
CULBERSON COUNTY,109,61 Years,31,13,18,7,2,5,0,0,0,1,0,1,23,11,12
CULBERSON COUNTY,109,62 Years,31,15,16,8,3,5,0,0,0,1,0,1,22,12,10
CULBERSON COUNTY,109,63 Years,31,16,15,9,5,4,0,0,0,1,1,0,21,10,11
CULBERSON COUNTY,109,64 Years,29,14,15,7,5,2,0,0,0,0,0,0,22,9,13
CULBERSON COUNTY,109,65 Years,27,10,17,6,4,2,0,0,0,2,1,1,19,5,14
CULBERSON COUNTY,109,66 Years,24,8,16,5,2,3,0,0,0,0,0,0,19,6,13
CULBERSON COUNTY,109,67 Years,24,10,14,7,3,4,0,0,0,0,0,0,17,7,10
CULBERSON COUNTY,109,68 Years,29,19,10,12,8,4,0,0,0,1,1,0,16,10,6
CULBERSON COUNTY,109,69 Years,22,12,10,7,5,2,0,0,0,1,1,0,14,6,8
CULBERSON COUNTY,109,70 Years,19,11,8,7,3,4,0,0,0,0,0,0,12,8,4
CULBERSON COUNTY,109,71 Years,22,11,11,7,2,5,0,0,0,0,0,0,15,9,6
CULBERSON COUNTY,109,72 Years,11,3,8,4,1,3,0,0,0,0,0,0,7,2,5
CULBERSON COUNTY,109,73 Years,18,12,6,6,5,1,1,0,1,0,0,0,11,7,4
CULBERSON COUNTY,109,74 Years,17,9,8,4,3,1,0,0,0,1,1,0,12,5,7
CULBERSON COUNTY,109,75 Years,20,9,11,8,3,5,0,0,0,1,1,0,11,5,6
CULBERSON COUNTY,109,76 Years,17,6,11,7,2,5,0,0,0,0,0,0,10,4,6
CULBERSON COUNTY,109,77 Years,15,8,7,2,1,1,0,0,0,0,0,0,13,7,6
CULBERSON COUNTY,109,78 Years,12,5,7,1,1,0,0,0,0,2,1,1,9,3,6
CULBERSON COUNTY,109,79 Years,9,3,6,3,1,2,0,0,0,1,1,0,5,1,4
CULBERSON COUNTY,109,80 Years,15,8,7,5,5,0,0,0,0,0,0,0,10,3,7
CULBERSON COUNTY,109,81 Years,12,5,7,5,3,2,0,0,0,0,0,0,7,2,5
CULBERSON COUNTY,109,82 Years,12,9,3,5,4,1,0,0,0,0,0,0,7,5,2
CULBERSON COUNTY,109,83 Years,13,8,5,4,3,1,0,0,0,0,0,0,9,5,4
CULBERSON COUNTY,109,84 Years,13,7,6,6,2,4,0,0,0,0,0,0,7,5,2
CULBERSON COUNTY,109,85 Years +,35,16,19,12,7,5,0,0,0,0,0,0,23,9,14
DALLAM COUNTY,111,All Ages,7051,3652,3399,3858,1959,1899,86,45,41,190,106,84,2917,1542,1375
DALLAM COUNTY,111,< 1 Year,142,71,71,72,35,37,2,1,1,2,2,0,66,33,33
DALLAM COUNTY,111,1 Years,125,65,60,62,31,31,2,2,0,2,1,1,59,31,28
DALLAM COUNTY,111,2 Years,123,63,60,60,31,29,0,0,0,5,3,2,58,29,29
DALLAM COUNTY,111,3 Years,124,66,58,60,32,28,0,0,0,2,0,2,62,34,28
DALLAM COUNTY,111,4 Years,125,68,57,56,28,28,1,0,1,5,3,2,63,37,26
DALLAM COUNTY,111,5 Years,125,63,62,53,27,26,0,0,0,7,4,3,65,32,33
DALLAM COUNTY,111,6 Years,135,68,67,59,30,29,3,2,1,5,2,3,68,34,34
DALLAM COUNTY,111,7 Years,114,59,55,54,30,24,1,0,1,8,3,5,51,26,25
DALLAM COUNTY,111,8 Years,121,68,53,47,26,21,1,0,1,9,6,3,64,36,28
DALLAM COUNTY,111,9 Years,126,68,58,56,31,25,1,0,1,6,4,2,63,33,30
DALLAM COUNTY,111,10 Years,112,61,51,46,26,20,1,0,1,2,1,1,63,34,29
DALLAM COUNTY,111,11 Years,104,53,51,42,21,21,1,0,1,2,0,2,59,32,27
DALLAM COUNTY,111,12 Years,112,54,58,55,24,31,1,1,0,3,1,2,53,28,25
DALLAM COUNTY,111,13 Years,115,56,59,45,24,21,2,0,2,6,3,3,62,29,33
DALLAM COUNTY,111,14 Years,100,55,45,39,22,17,1,0,1,5,3,2,55,30,25
DALLAM COUNTY,111,15 Years,100,52,48,43,20,23,1,1,0,2,1,1,54,30,24
DALLAM COUNTY,111,16 Years,102,53,49,49,23,26,1,0,1,2,1,1,50,29,21
DALLAM COUNTY,111,17 Years,101,52,49,42,22,20,2,0,2,1,1,0,56,29,27
DALLAM COUNTY,111,18 Years,101,49,52,47,26,21,2,2,0,1,1,0,51,20,31
DALLAM COUNTY,111,19 Years,108,54,54,52,25,27,1,1,0,4,3,1,51,25,26
DALLAM COUNTY,111,20 Years,91,46,45,48,24,24,1,0,1,2,1,1,40,21,19
DALLAM COUNTY,111,21 Years,91,47,44,44,21,23,2,0,2,0,0,0,45,26,19
DALLAM COUNTY,111,22 Years,86,45,41,35,18,17,1,0,1,1,1,0,49,26,23
DALLAM COUNTY,111,23 Years,86,53,33,39,22,17,2,1,1,1,1,0,44,29,15
DALLAM COUNTY,111,24 Years,92,52,40,50,27,23,1,0,1,2,2,0,39,23,16
DALLAM COUNTY,111,25 Years,82,39,43,44,21,23,1,0,1,2,1,1,35,17,18
DALLAM COUNTY,111,26 Years,107,54,53,59,26,33,1,1,0,2,2,0,45,25,20
DALLAM COUNTY,111,27 Years,112,62,50,66,36,30,2,1,1,5,3,2,39,22,17
DALLAM COUNTY,111,28 Years,114,61,53,66,34,32,1,0,1,3,3,0,44,24,20
DALLAM COUNTY,111,29 Years,109,60,49,64,34,30,1,1,0,1,1,0,43,24,19
DALLAM COUNTY,111,30 Years,96,57,39,52,29,23,1,1,0,3,1,2,40,26,14
DALLAM COUNTY,111,31 Years,97,57,40,54,32,22,0,0,0,2,1,1,41,24,17
DALLAM COUNTY,111,32 Years,106,67,39,52,35,17,2,2,0,5,2,3,47,28,19
DALLAM COUNTY,111,33 Years,88,47,41,46,24,22,2,2,0,2,1,1,38,20,18
DALLAM COUNTY,111,34 Years,87,44,43,39,19,20,1,0,1,2,1,1,45,24,21
DALLAM COUNTY,111,35 Years,77,36,41,35,13,22,2,2,0,5,3,2,35,18,17
DALLAM COUNTY,111,36 Years,81,41,40,31,15,16,2,1,1,2,1,1,46,24,22
DALLAM COUNTY,111,37 Years,95,51,44,45,25,20,1,0,1,2,0,2,47,26,21
DALLAM COUNTY,111,38 Years,101,45,56,53,24,29,2,1,1,3,1,2,43,19,24
DALLAM COUNTY,111,39 Years,104,54,50,53,30,23,0,0,0,3,2,1,48,22,26
DALLAM COUNTY,111,40 Years,97,45,52,53,25,28,0,0,0,3,1,2,41,19,22
DALLAM COUNTY,111,41 Years,96,48,48,52,22,30,0,0,0,3,2,1,41,24,17
DALLAM COUNTY,111,42 Years,88,47,41,48,26,22,0,0,0,2,1,1,38,20,18
DALLAM COUNTY,111,43 Years,90,55,35,50,29,21,1,1,0,1,1,0,38,24,14
DALLAM COUNTY,111,44 Years,97,49,48,55,29,26,1,1,0,1,1,0,40,18,22
DALLAM COUNTY,111,45 Years,88,43,45,48,25,23,0,0,0,3,2,1,37,16,21
DALLAM COUNTY,111,46 Years,92,46,46,48,21,27,0,0,0,3,2,1,41,23,18
DALLAM COUNTY,111,47 Years,98,55,43,57,29,28,2,2,0,1,1,0,38,23,15
DALLAM COUNTY,111,48 Years,91,50,41,55,28,27,2,2,0,4,2,2,30,18,12
DALLAM COUNTY,111,49 Years,107,59,48,61,32,29,3,3,0,1,0,1,42,24,18
DALLAM COUNTY,111,50 Years,109,58,51,68,37,31,1,0,1,3,1,2,37,20,17
DALLAM COUNTY,111,51 Years,83,42,41,47,22,25,1,1,0,3,2,1,32,17,15
DALLAM COUNTY,111,52 Years,82,43,39,49,23,26,1,0,1,3,2,1,29,18,11
DALLAM COUNTY,111,53 Years,83,41,42,56,32,24,0,0,0,2,1,1,25,8,17
DALLAM COUNTY,111,54 Years,79,41,38,56,33,23,1,1,0,2,0,2,20,7,13
DALLAM COUNTY,111,55 Years,83,36,47,55,24,31,1,1,0,2,1,1,25,10,15
DALLAM COUNTY,111,56 Years,70,34,36,46,23,23,0,0,0,0,0,0,24,11,13
DALLAM COUNTY,111,57 Years,67,37,30,42,23,19,3,2,1,2,1,1,20,11,9
DALLAM COUNTY,111,58 Years,87,48,39,63,32,31,2,2,0,2,0,2,20,14,6
DALLAM COUNTY,111,59 Years,90,54,36,65,39,26,3,1,2,1,1,0,21,13,8
DALLAM COUNTY,111,60 Years,71,41,30,51,28,23,2,1,1,2,2,0,16,10,6
DALLAM COUNTY,111,61 Years,68,38,30,48,27,21,1,1,0,1,0,1,18,10,8
DALLAM COUNTY,111,62 Years,79,42,37,56,31,25,1,0,1,1,1,0,21,10,11
DALLAM COUNTY,111,63 Years,72,36,36,52,27,25,0,0,0,0,0,0,20,9,11
DALLAM COUNTY,111,64 Years,66,30,36,48,22,26,0,0,0,0,0,0,18,8,10
DALLAM COUNTY,111,65 Years,64,34,30,43,22,21,0,0,0,3,1,2,18,11,7
DALLAM COUNTY,111,66 Years,44,23,21,28,13,15,2,1,1,1,1,0,13,8,5
DALLAM COUNTY,111,67 Years,44,22,22,33,17,16,1,0,1,0,0,0,10,5,5
DALLAM COUNTY,111,68 Years,45,21,24,32,16,16,2,0,2,0,0,0,11,5,6
DALLAM COUNTY,111,69 Years,43,17,26,31,11,20,1,0,1,0,0,0,11,6,5
DALLAM COUNTY,111,70 Years,44,24,20,29,14,15,0,0,0,1,1,0,14,9,5
DALLAM COUNTY,111,71 Years,45,25,20,33,18,15,1,1,0,1,1,0,10,5,5
DALLAM COUNTY,111,72 Years,38,19,19,27,14,13,1,0,1,1,1,0,9,4,5
DALLAM COUNTY,111,73 Years,29,15,14,23,11,12,0,0,0,1,1,0,5,3,2
DALLAM COUNTY,111,74 Years,30,12,18,22,7,15,0,0,0,1,1,0,7,4,3
DALLAM COUNTY,111,75 Years,30,12,18,26,10,16,0,0,0,0,0,0,4,2,2
DALLAM COUNTY,111,76 Years,29,10,19,24,9,15,0,0,0,0,0,0,5,1,4
DALLAM COUNTY,111,77 Years,18,10,8,12,8,4,0,0,0,0,0,0,6,2,4
DALLAM COUNTY,111,78 Years,18,11,7,13,7,6,1,1,0,1,1,0,3,2,1
DALLAM COUNTY,111,79 Years,22,12,10,15,8,7,0,0,0,1,1,0,6,3,3
DALLAM COUNTY,111,80 Years,15,6,9,10,4,6,0,0,0,1,1,0,4,1,3
DALLAM COUNTY,111,81 Years,13,5,8,11,5,6,0,0,0,0,0,0,2,0,2
DALLAM COUNTY,111,82 Years,22,7,15,18,7,11,0,0,0,1,0,1,3,0,3
DALLAM COUNTY,111,83 Years,21,6,15,15,4,11,0,0,0,1,0,1,5,2,3
DALLAM COUNTY,111,84 Years,14,3,11,11,2,9,0,0,0,1,0,1,2,1,1
DALLAM COUNTY,111,85 Years +,73,24,49,59,20,39,1,0,1,2,0,2,11,4,7
DALLAS COUNTY,113,All Ages,2427813,1202086,1225727,768455,376111,392344,532491,246238,286253,168448,83081,85367,958419,496656,461763
DALLAS COUNTY,113,< 1 Year,38500,19789,18711,8408,4326,4082,8100,4166,3934,3052,1593,1459,18940,9704,9236
DALLAS COUNTY,113,1 Years,39343,20041,19302,7105,3618,3487,7650,3896,3754,2803,1430,1373,21785,11097,10688
DALLAS COUNTY,113,2 Years,39457,20133,19324,7511,3872,3639,8150,4174,3976,2819,1458,1361,20977,10629,10348
DALLAS COUNTY,113,3 Years,38216,19491,18725,6905,3526,3379,7865,3991,3874,2947,1499,1448,20499,10475,10024
DALLAS COUNTY,113,4 Years,39043,20015,19028,6935,3515,3420,8093,4159,3934,2992,1515,1477,21023,10826,10197
DALLAS COUNTY,113,5 Years,38984,20042,18942,6859,3549,3310,8196,4230,3966,2847,1418,1429,21082,10845,10237
DALLAS COUNTY,113,6 Years,38368,19621,18747,6689,3465,3224,8255,4206,4049,2764,1395,1369,20660,10555,10105
DALLAS COUNTY,113,7 Years,37562,19171,18391,6619,3418,3201,8111,4112,3999,2630,1338,1292,20202,10303,9899
DALLAS COUNTY,113,8 Years,36795,18770,18025,6532,3362,3170,8018,4023,3995,2614,1354,1260,19631,10031,9600
DALLAS COUNTY,113,9 Years,36147,18438,17709,6367,3300,3067,7972,4011,3961,2558,1306,1252,19250,9821,9429
DALLAS COUNTY,113,10 Years,36494,18653,17841,6395,3306,3089,8171,4137,4034,2372,1200,1172,19556,10010,9546
DALLAS COUNTY,113,11 Years,36721,18840,17881,6538,3423,3115,8265,4235,4030,2439,1228,1211,19479,9954,9525
DALLAS COUNTY,113,12 Years,36266,18511,17755,6597,3412,3185,8488,4275,4213,2299,1159,1140,18882,9665,9217
DALLAS COUNTY,113,13 Years,35143,17846,17297,6623,3420,3203,8303,4186,4117,2166,1092,1074,18051,9148,8903
DALLAS COUNTY,113,14 Years,34407,17548,16859,6678,3450,3228,8263,4219,4044,2114,1074,1040,17352,8805,8547
DALLAS COUNTY,113,15 Years,34223,17425,16798,6956,3581,3375,8280,4165,4115,2056,1027,1029,16931,8652,8279
DALLAS COUNTY,113,16 Years,34163,17403,16760,7010,3580,3430,8319,4252,4067,2099,1067,1032,16735,8504,8231
DALLAS COUNTY,113,17 Years,34569,17782,16787,7225,3727,3498,8648,4395,4253,2149,1105,1044,16547,8555,7992
DALLAS COUNTY,113,18 Years,34675,17783,16892,7440,3828,3612,8688,4374,4314,2162,1082,1080,16385,8499,7886
DALLAS COUNTY,113,19 Years,34142,17520,16622,7251,3734,3517,8655,4340,4315,1982,984,998,16254,8462,7792
DALLAS COUNTY,113,20 Years,32103,16570,15533,6888,3525,3363,7859,3990,3869,1819,911,908,15537,8144,7393
DALLAS COUNTY,113,21 Years,31550,16290,15260,6851,3488,3363,7481,3738,3743,1831,950,881,15387,8114,7273
DALLAS COUNTY,113,22 Years,32088,16603,15485,7260,3699,3561,7347,3570,3777,1972,1013,959,15509,8321,7188
DALLAS COUNTY,113,23 Years,32576,16784,15792,7637,3729,3908,7261,3484,3777,2132,1069,1063,15546,8502,7044
DALLAS COUNTY,113,24 Years,34677,17785,16892,8959,4299,4660,7255,3435,3820,2357,1224,1133,16106,8827,7279
DALLAS COUNTY,113,25 Years,36996,18708,18288,10461,4941,5520,7282,3408,3874,2605,1265,1340,16648,9094,7554
DALLAS COUNTY,113,26 Years,39219,19655,19564,11841,5631,6210,7473,3390,4083,2928,1426,1502,16977,9208,7769
DALLAS COUNTY,113,27 Years,39961,20018,19943,12516,5972,6544,7450,3368,4082,3085,1555,1530,16910,9123,7787
DALLAS COUNTY,113,28 Years,39770,19916,19854,12311,6079,6232,7424,3340,4084,3357,1599,1758,16678,8898,7780
DALLAS COUNTY,113,29 Years,40931,20449,20482,12348,6206,6142,7651,3396,4255,3624,1713,1911,17308,9134,8174
DALLAS COUNTY,113,30 Years,40605,20456,20149,12039,6065,5974,7616,3408,4208,3672,1764,1908,17278,9219,8059
DALLAS COUNTY,113,31 Years,40621,20388,20233,11714,5927,5787,7930,3498,4432,3533,1672,1861,17444,9291,8153
DALLAS COUNTY,113,32 Years,40980,20624,20356,11315,5821,5494,8234,3570,4664,3636,1780,1856,17795,9453,8342
DALLAS COUNTY,113,33 Years,38506,19409,19097,10385,5350,5035,7909,3439,4470,3388,1691,1697,16824,8929,7895
DALLAS COUNTY,113,34 Years,37576,18904,18672,9962,5113,4849,7632,3299,4333,3160,1564,1596,16822,8928,7894
DALLAS COUNTY,113,35 Years,36457,18235,18222,9526,4956,4570,7603,3277,4326,3063,1519,1544,16265,8483,7782
DALLAS COUNTY,113,36 Years,35853,17751,18102,9175,4753,4422,7441,3184,4257,3161,1563,1598,16076,8251,7825
DALLAS COUNTY,113,37 Years,36449,18218,18231,9290,4814,4476,7599,3316,4283,3169,1599,1570,16391,8489,7902
DALLAS COUNTY,113,38 Years,35051,17416,17635,8995,4627,4368,7538,3259,4279,2981,1517,1464,15537,8013,7524
DALLAS COUNTY,113,39 Years,34552,17243,17309,9099,4734,4365,7617,3335,4282,2871,1452,1419,14965,7722,7243
DALLAS COUNTY,113,40 Years,34987,17445,17542,9558,4944,4614,7882,3481,4401,2754,1421,1333,14793,7599,7194
DALLAS COUNTY,113,41 Years,35299,17488,17811,10353,5362,4991,8210,3595,4615,2714,1395,1319,14022,7136,6886
DALLAS COUNTY,113,42 Years,35445,17657,17788,10634,5512,5122,8132,3569,4563,2611,1310,1301,14068,7266,6802
DALLAS COUNTY,113,43 Years,33368,16871,16497,10181,5272,4909,7604,3443,4161,2431,1247,1184,13152,6909,6243
DALLAS COUNTY,113,44 Years,32271,16235,16036,9895,5084,4811,7636,3445,4191,2313,1187,1126,12427,6519,5908
DALLAS COUNTY,113,45 Years,31450,15797,15653,9895,5116,4779,7523,3366,4157,2040,993,1047,11992,6322,5670
DALLAS COUNTY,113,46 Years,31466,15784,15682,10049,5165,4884,7770,3447,4323,1997,991,1006,11650,6181,5469
DALLAS COUNTY,113,47 Years,32789,16554,16235,11065,5731,5334,8235,3684,4551,2104,1043,1061,11385,6096,5289
DALLAS COUNTY,113,48 Years,32751,16485,16266,11872,6039,5833,8112,3619,4493,2115,1062,1053,10652,5765,4887
DALLAS COUNTY,113,49 Years,32562,16181,16381,12596,6383,6213,7995,3546,4449,2049,1006,1043,9922,5246,4676
DALLAS COUNTY,113,50 Years,32229,15943,16286,13125,6552,6573,7897,3574,4323,1890,909,981,9317,4908,4409
DALLAS COUNTY,113,51 Years,32223,15979,16244,13339,6658,6681,7926,3597,4329,1928,941,987,9030,4783,4247
DALLAS COUNTY,113,52 Years,32356,16117,16239,13625,6789,6836,7938,3658,4280,1964,945,1019,8829,4725,4104
DALLAS COUNTY,113,53 Years,31021,15319,15702,13509,6761,6748,7557,3440,4117,1844,856,988,8111,4262,3849
DALLAS COUNTY,113,54 Years,30204,14860,15344,13604,6795,6809,7346,3357,3989,1852,875,977,7402,3833,3569
DALLAS COUNTY,113,55 Years,29439,14334,15105,13464,6641,6823,7143,3215,3928,1864,884,980,6968,3594,3374
DALLAS COUNTY,113,56 Years,28469,13929,14540,13314,6643,6671,6753,3039,3714,1761,829,932,6641,3418,3223
DALLAS COUNTY,113,57 Years,27463,13407,14056,13243,6552,6691,6391,2876,3515,1658,784,874,6171,3195,2976
DALLAS COUNTY,113,58 Years,25427,12165,13262,12621,6072,6549,5771,2575,3196,1587,744,843,5448,2774,2674
DALLAS COUNTY,113,59 Years,24538,11691,12847,12399,5984,6415,5474,2421,3053,1649,755,894,5016,2531,2485
DALLAS COUNTY,113,60 Years,23305,10947,12358,11856,5669,6187,5288,2260,3028,1491,700,791,4670,2318,2352
DALLAS COUNTY,113,61 Years,22297,10492,11805,11186,5371,5815,5193,2195,2998,1466,682,784,4452,2244,2208
DALLAS COUNTY,113,62 Years,21440,10042,11398,10931,5213,5718,4930,2107,2823,1470,680,790,4109,2042,2067
DALLAS COUNTY,113,63 Years,20512,9619,10893,10633,5046,5587,4749,2057,2692,1336,619,717,3794,1897,1897
DALLAS COUNTY,113,64 Years,20122,9356,10766,10950,5164,5786,4502,1962,2540,1213,568,645,3457,1662,1795
DALLAS COUNTY,113,65 Years,19465,9053,10412,11160,5316,5844,3963,1704,2259,1136,527,609,3206,1506,1700
DALLAS COUNTY,113,66 Years,16016,7425,8591,8734,4119,4615,3379,1451,1928,996,468,528,2907,1387,1520
DALLAS COUNTY,113,67 Years,14882,6791,8091,8015,3700,4315,3245,1337,1908,1014,478,536,2608,1276,1332
DALLAS COUNTY,113,68 Years,14347,6610,7737,7976,3773,4203,2982,1256,1726,944,440,504,2445,1141,1304
DALLAS COUNTY,113,69 Years,13613,6208,7405,7790,3619,4171,2808,1180,1628,854,413,441,2161,996,1165
DALLAS COUNTY,113,70 Years,12119,5431,6688,6947,3153,3794,2539,1053,1486,730,336,394,1903,889,1014
DALLAS COUNTY,113,71 Years,11260,5002,6258,6426,2906,3520,2360,938,1422,660,305,355,1814,853,961
DALLAS COUNTY,113,72 Years,10383,4575,5808,5962,2669,3293,2123,851,1272,612,285,327,1686,770,916
DALLAS COUNTY,113,73 Years,9694,4280,5414,5699,2560,3139,1909,773,1136,576,273,303,1510,674,836
DALLAS COUNTY,113,74 Years,9100,4041,5059,5426,2437,2989,1739,714,1025,525,255,270,1410,635,775
DALLAS COUNTY,113,75 Years,8436,3661,4775,5040,2212,2828,1628,649,979,502,231,271,1266,569,697
DALLAS COUNTY,113,76 Years,7990,3409,4581,4872,2129,2743,1485,549,936,467,208,259,1166,523,643
DALLAS COUNTY,113,77 Years,7788,3226,4562,4864,2020,2844,1438,568,870,403,174,229,1083,464,619
DALLAS COUNTY,113,78 Years,7230,2995,4235,4578,1900,2678,1343,519,824,333,149,184,976,427,549
DALLAS COUNTY,113,79 Years,6727,2712,4015,4344,1783,2561,1250,437,813,301,136,165,832,356,476
DALLAS COUNTY,113,80 Years,6353,2557,3796,4261,1751,2510,1028,354,674,288,115,173,776,337,439
DALLAS COUNTY,113,81 Years,6072,2402,3670,4122,1658,2464,939,322,617,267,107,160,744,315,429
DALLAS COUNTY,113,82 Years,5808,2232,3576,3926,1541,2385,938,299,639,250,99,151,694,293,401
DALLAS COUNTY,113,83 Years,5338,2003,3335,3705,1446,2259,858,253,605,215,84,131,560,220,340
DALLAS COUNTY,113,84 Years,4714,1731,2983,3311,1235,2076,711,236,475,195,79,116,497,181,316
DALLAS COUNTY,113,85 Years +,27306,8801,18505,20185,6525,13660,3777,1017,2760,871,323,548,2473,936,1537
DAWSON COUNTY,115,All Ages,13888,7852,6036,5331,2929,2402,844,630,214,185,107,78,7528,4186,3342
DAWSON COUNTY,115,< 1 Year,183,98,85,61,32,29,4,3,1,2,2,0,116,61,55
DAWSON COUNTY,115,1 Years,173,88,85,52,26,26,4,2,2,2,1,1,115,59,56
DAWSON COUNTY,115,2 Years,198,106,92,53,33,20,6,2,4,5,2,3,134,69,65
DAWSON COUNTY,115,3 Years,210,108,102,66,37,29,7,4,3,4,1,3,133,66,67
DAWSON COUNTY,115,4 Years,211,110,101,54,28,26,6,4,2,3,1,2,148,77,71
DAWSON COUNTY,115,5 Years,209,109,100,44,24,20,6,2,4,2,1,1,157,82,75
DAWSON COUNTY,115,6 Years,208,107,101,57,32,25,3,0,3,4,3,1,144,72,72
DAWSON COUNTY,115,7 Years,186,94,92,55,29,26,6,2,4,5,3,2,120,60,60
DAWSON COUNTY,115,8 Years,177,101,76,46,27,19,5,2,3,4,3,1,122,69,53
DAWSON COUNTY,115,9 Years,183,98,85,43,24,19,7,3,4,2,2,0,131,69,62
DAWSON COUNTY,115,10 Years,180,98,82,46,27,19,6,3,3,5,4,1,123,64,59
DAWSON COUNTY,115,11 Years,191,93,98,46,22,24,6,2,4,4,2,2,135,67,68
DAWSON COUNTY,115,12 Years,190,105,85,55,25,30,9,5,4,4,1,3,122,74,48
DAWSON COUNTY,115,13 Years,184,100,84,54,30,24,14,10,4,2,1,1,114,59,55
DAWSON COUNTY,115,14 Years,161,89,72,42,25,17,8,7,1,1,0,1,110,57,53
DAWSON COUNTY,115,15 Years,168,93,75,42,24,18,9,6,3,1,0,1,116,63,53
DAWSON COUNTY,115,16 Years,189,101,88,50,27,23,6,3,3,3,2,1,130,69,61
DAWSON COUNTY,115,17 Years,189,99,90,48,24,24,9,4,5,4,1,3,128,70,58
DAWSON COUNTY,115,18 Years,185,101,84,42,23,19,11,7,4,3,2,1,129,69,60
DAWSON COUNTY,115,19 Years,215,125,90,57,30,27,14,11,3,5,5,0,139,79,60
DAWSON COUNTY,115,20 Years,214,131,83,61,36,25,12,9,3,3,1,2,138,85,53
DAWSON COUNTY,115,21 Years,217,151,66,52,34,18,34,31,3,3,1,2,128,85,43
DAWSON COUNTY,115,22 Years,217,154,63,59,41,18,36,34,2,4,2,2,118,77,41
DAWSON COUNTY,115,23 Years,223,151,72,70,48,22,24,22,2,6,5,1,123,76,47
DAWSON COUNTY,115,24 Years,217,172,45,65,46,19,25,25,0,2,1,1,125,100,25
DAWSON COUNTY,115,25 Years,263,193,70,84,62,22,32,29,3,4,3,1,143,99,44
DAWSON COUNTY,115,26 Years,258,199,59,86,68,18,27,26,1,6,6,0,139,99,40
DAWSON COUNTY,115,27 Years,256,191,65,91,69,22,25,24,1,1,1,0,139,97,42
DAWSON COUNTY,115,28 Years,257,174,83,92,61,31,33,30,3,2,1,1,130,82,48
DAWSON COUNTY,115,29 Years,280,199,81,109,77,32,30,27,3,1,0,1,140,95,45
DAWSON COUNTY,115,30 Years,254,178,76,97,71,26,24,22,2,2,2,0,131,83,48
DAWSON COUNTY,115,31 Years,223,149,74,81,56,25,23,21,2,4,3,1,115,69,46
DAWSON COUNTY,115,32 Years,207,133,74,76,52,24,20,18,2,4,2,2,107,61,46
DAWSON COUNTY,115,33 Years,207,136,71,67,43,24,9,8,1,1,1,0,130,84,46
DAWSON COUNTY,115,34 Years,175,112,63,53,34,19,5,4,1,3,2,1,114,72,42
DAWSON COUNTY,115,35 Years,170,106,64,62,41,21,10,9,1,2,2,0,96,54,42
DAWSON COUNTY,115,36 Years,171,107,64,58,40,18,12,11,1,2,0,2,99,56,43
DAWSON COUNTY,115,37 Years,188,126,62,68,45,23,12,10,2,1,1,0,107,70,37
DAWSON COUNTY,115,38 Years,178,115,63,61,41,20,10,8,2,1,0,1,106,66,40
DAWSON COUNTY,115,39 Years,160,96,64,52,30,22,22,20,2,2,1,1,84,45,39
DAWSON COUNTY,115,40 Years,145,89,56,59,35,24,15,12,3,4,3,1,67,39,28
DAWSON COUNTY,115,41 Years,167,95,72,67,39,28,9,8,1,5,1,4,86,47,39
DAWSON COUNTY,115,42 Years,153,82,71,57,32,25,12,9,3,2,1,1,82,40,42
DAWSON COUNTY,115,43 Years,139,69,70,63,34,29,5,4,1,1,1,0,70,30,40
DAWSON COUNTY,115,44 Years,139,73,66,58,30,28,1,1,0,1,1,0,79,41,38
DAWSON COUNTY,115,45 Years,149,85,64,38,22,16,15,11,4,3,1,2,93,51,42
DAWSON COUNTY,115,46 Years,152,96,56,41,27,14,13,10,3,3,2,1,95,57,38
DAWSON COUNTY,115,47 Years,163,90,73,59,36,23,13,8,5,1,0,1,90,46,44
DAWSON COUNTY,115,48 Years,150,82,68,58,35,23,9,5,4,1,0,1,82,42,40
DAWSON COUNTY,115,49 Years,164,96,68,59,35,24,8,6,2,0,0,0,97,55,42
DAWSON COUNTY,115,50 Years,193,101,92,75,40,35,12,8,4,1,0,1,105,53,52
DAWSON COUNTY,115,51 Years,187,104,83,74,41,33,9,5,4,1,1,0,103,57,46
DAWSON COUNTY,115,52 Years,166,91,75,71,37,34,10,7,3,1,1,0,84,46,38
DAWSON COUNTY,115,53 Years,153,80,73,76,40,36,8,5,3,1,1,0,68,34,34
DAWSON COUNTY,115,54 Years,147,73,74,64,31,33,6,2,4,4,1,3,73,39,34
DAWSON COUNTY,115,55 Years,167,80,87,72,34,38,9,4,5,3,1,2,83,41,42
DAWSON COUNTY,115,56 Years,151,73,78,74,37,37,8,3,5,1,1,0,68,32,36
DAWSON COUNTY,115,57 Years,158,79,79,77,37,40,9,6,3,2,1,1,70,35,35
DAWSON COUNTY,115,58 Years,139,76,63,69,37,32,5,4,1,2,1,1,63,34,29
DAWSON COUNTY,115,59 Years,146,77,69,72,38,34,9,5,4,2,0,2,63,34,29
DAWSON COUNTY,115,60 Years,136,67,69,69,30,39,8,5,3,2,2,0,57,30,27
DAWSON COUNTY,115,61 Years,145,75,70,69,34,35,4,2,2,2,1,1,70,38,32
DAWSON COUNTY,115,62 Years,121,58,63,62,28,34,6,3,3,2,2,0,51,25,26
DAWSON COUNTY,115,63 Years,115,66,49,63,36,27,2,2,0,2,2,0,48,26,22
DAWSON COUNTY,115,64 Years,124,68,56,72,37,35,5,2,3,1,1,0,46,28,18
DAWSON COUNTY,115,65 Years,129,55,74,71,31,40,2,1,1,2,1,1,54,22,32
DAWSON COUNTY,115,66 Years,107,40,67,51,18,33,4,2,2,1,0,1,51,20,31
DAWSON COUNTY,115,67 Years,103,40,63,52,18,34,5,1,4,1,1,0,45,20,25
DAWSON COUNTY,115,68 Years,115,47,68,57,25,32,6,1,5,3,1,2,49,20,29
DAWSON COUNTY,115,69 Years,107,53,54,63,32,31,3,1,2,1,1,0,40,19,21
DAWSON COUNTY,115,70 Years,101,43,58,64,27,37,2,1,1,0,0,0,35,15,20
DAWSON COUNTY,115,71 Years,88,39,49,59,28,31,4,2,2,0,0,0,25,9,16
DAWSON COUNTY,115,72 Years,89,39,50,50,22,28,5,2,3,1,1,0,33,14,19
DAWSON COUNTY,115,73 Years,89,39,50,50,22,28,3,0,3,1,0,1,35,17,18
DAWSON COUNTY,115,74 Years,84,38,46,54,24,30,2,0,2,0,0,0,28,14,14
DAWSON COUNTY,115,75 Years,75,31,44,51,23,28,1,0,1,2,1,1,21,7,14
DAWSON COUNTY,115,76 Years,88,30,58,62,23,39,1,0,1,0,0,0,25,7,18
DAWSON COUNTY,115,77 Years,91,38,53,63,27,36,0,0,0,2,1,1,26,10,16
DAWSON COUNTY,115,78 Years,81,36,45,52,23,29,3,1,2,1,1,0,25,11,14
DAWSON COUNTY,115,79 Years,73,29,44,49,21,28,2,1,1,0,0,0,22,7,15
DAWSON COUNTY,115,80 Years,78,38,40,60,28,32,1,1,0,1,1,0,16,8,8
DAWSON COUNTY,115,81 Years,64,28,36,48,21,27,1,0,1,0,0,0,15,7,8
DAWSON COUNTY,115,82 Years,61,27,34,42,16,26,1,1,0,0,0,0,18,10,8
DAWSON COUNTY,115,83 Years,59,23,36,38,15,23,5,2,3,0,0,0,16,6,10
DAWSON COUNTY,115,84 Years,41,16,25,27,12,15,2,0,2,1,0,1,11,4,7
DAWSON COUNTY,115,85 Years +,271,102,169,193,67,126,10,6,4,1,0,1,67,29,38
DEAF SMITH COUNTY,117,All Ages,19662,9800,9862,5803,2789,3014,158,72,86,236,105,131,13465,6834,6631
DEAF SMITH COUNTY,117,< 1 Year,350,178,172,56,26,30,2,1,1,4,2,2,288,149,139
DEAF SMITH COUNTY,117,1 Years,356,178,178,58,28,30,2,1,1,4,2,2,292,147,145
DEAF SMITH COUNTY,117,2 Years,347,168,179,55,27,28,1,0,1,1,1,0,290,140,150
DEAF SMITH COUNTY,117,3 Years,357,168,189,57,29,28,0,0,0,6,3,3,294,136,158
DEAF SMITH COUNTY,117,4 Years,386,190,196,58,32,26,0,0,0,6,3,3,322,155,167
DEAF SMITH COUNTY,117,5 Years,380,205,175,45,23,22,2,1,1,5,3,2,328,178,150
DEAF SMITH COUNTY,117,6 Years,348,185,163,54,28,26,2,1,1,3,3,0,289,153,136
DEAF SMITH COUNTY,117,7 Years,340,172,168,58,31,27,1,1,0,6,3,3,275,137,138
DEAF SMITH COUNTY,117,8 Years,356,175,181,54,27,27,5,1,4,8,5,3,289,142,147
DEAF SMITH COUNTY,117,9 Years,354,167,187,65,28,37,2,1,1,3,2,1,284,136,148
DEAF SMITH COUNTY,117,10 Years,347,178,169,74,41,33,0,0,0,4,2,2,269,135,134
DEAF SMITH COUNTY,117,11 Years,344,168,176,74,35,39,1,1,0,5,1,4,264,131,133
DEAF SMITH COUNTY,117,12 Years,351,169,182,68,33,35,0,0,0,4,0,4,279,136,143
DEAF SMITH COUNTY,117,13 Years,345,171,174,82,42,40,1,0,1,3,1,2,259,128,131
DEAF SMITH COUNTY,117,14 Years,339,176,163,74,35,39,2,1,1,3,2,1,260,138,122
DEAF SMITH COUNTY,117,15 Years,312,155,157,64,35,29,2,1,1,2,1,1,244,118,126
DEAF SMITH COUNTY,117,16 Years,313,161,152,74,42,32,3,2,1,3,3,0,233,114,119
DEAF SMITH COUNTY,117,17 Years,314,167,147,69,34,35,2,2,0,0,0,0,243,131,112
DEAF SMITH COUNTY,117,18 Years,323,180,143,64,32,32,2,2,0,2,1,1,255,145,110
DEAF SMITH COUNTY,117,19 Years,319,172,147,67,31,36,3,2,1,4,1,3,245,138,107
DEAF SMITH COUNTY,117,20 Years,318,168,150,62,37,25,2,0,2,4,1,3,250,130,120
DEAF SMITH COUNTY,117,21 Years,279,135,144,41,21,20,1,0,1,5,1,4,232,113,119
DEAF SMITH COUNTY,117,22 Years,245,132,113,35,17,18,2,1,1,3,2,1,205,112,93
DEAF SMITH COUNTY,117,23 Years,248,132,116,41,22,19,1,0,1,2,0,2,204,110,94
DEAF SMITH COUNTY,117,24 Years,268,148,120,54,34,20,2,1,1,3,1,2,209,112,97
DEAF SMITH COUNTY,117,25 Years,238,132,106,48,28,20,2,0,2,2,0,2,186,104,82
DEAF SMITH COUNTY,117,26 Years,245,118,127,46,21,25,4,1,3,2,1,1,193,95,98
DEAF SMITH COUNTY,117,27 Years,250,132,118,55,27,28,4,2,2,4,3,1,187,100,87
DEAF SMITH COUNTY,117,28 Years,267,132,135,64,26,38,1,1,0,3,2,1,199,103,96
DEAF SMITH COUNTY,117,29 Years,258,135,123,56,31,25,1,0,1,7,3,4,194,101,93
DEAF SMITH COUNTY,117,30 Years,249,121,128,47,28,19,2,1,1,4,1,3,196,91,105
DEAF SMITH COUNTY,117,31 Years,242,121,121,57,29,28,1,0,1,0,0,0,184,92,92
DEAF SMITH COUNTY,117,32 Years,275,139,136,61,27,34,3,1,2,7,4,3,204,107,97
DEAF SMITH COUNTY,117,33 Years,258,132,126,57,27,30,2,1,1,3,2,1,196,102,94
DEAF SMITH COUNTY,117,34 Years,241,127,114,49,23,26,2,1,1,1,1,0,189,102,87
DEAF SMITH COUNTY,117,35 Years,250,119,131,54,25,29,3,2,1,4,3,1,189,89,100
DEAF SMITH COUNTY,117,36 Years,250,124,126,60,29,31,4,3,1,2,1,1,184,91,93
DEAF SMITH COUNTY,117,37 Years,236,117,119,53,24,29,3,1,2,1,1,0,179,91,88
DEAF SMITH COUNTY,117,38 Years,207,107,100,48,27,21,2,0,2,2,2,0,155,78,77
DEAF SMITH COUNTY,117,39 Years,207,107,100,51,25,26,1,0,1,3,2,1,152,80,72
DEAF SMITH COUNTY,117,40 Years,234,110,124,57,27,30,1,0,1,6,1,5,170,82,88
DEAF SMITH COUNTY,117,41 Years,240,120,120,72,34,38,3,2,1,5,1,4,160,83,77
DEAF SMITH COUNTY,117,42 Years,243,125,118,78,35,43,7,2,5,1,0,1,157,88,69
DEAF SMITH COUNTY,117,43 Years,240,116,124,66,30,36,2,0,2,3,1,2,169,85,84
DEAF SMITH COUNTY,117,44 Years,211,101,110,52,23,29,0,0,0,3,1,2,156,77,79
DEAF SMITH COUNTY,117,45 Years,228,116,112,67,39,28,2,1,1,3,1,2,156,75,81
DEAF SMITH COUNTY,117,46 Years,225,122,103,67,33,34,2,1,1,2,2,0,154,86,68
DEAF SMITH COUNTY,117,47 Years,245,120,125,76,37,39,4,2,2,5,2,3,160,79,81
DEAF SMITH COUNTY,117,48 Years,217,117,100,72,38,34,3,2,1,1,1,0,141,76,65
DEAF SMITH COUNTY,117,49 Years,215,113,102,68,36,32,3,0,3,3,1,2,141,76,65
DEAF SMITH COUNTY,117,50 Years,221,109,112,79,36,43,2,1,1,2,1,1,138,71,67
DEAF SMITH COUNTY,117,51 Years,243,112,131,92,44,48,2,1,1,6,1,5,143,66,77
DEAF SMITH COUNTY,117,52 Years,218,110,108,82,41,41,2,2,0,2,0,2,132,67,65
DEAF SMITH COUNTY,117,53 Years,217,117,100,82,39,43,4,2,2,1,1,0,130,75,55
DEAF SMITH COUNTY,117,54 Years,247,124,123,103,51,52,3,3,0,1,0,1,140,70,70
DEAF SMITH COUNTY,117,55 Years,237,124,113,108,58,50,2,2,0,0,0,0,127,64,63
DEAF SMITH COUNTY,117,56 Years,221,108,113,99,48,51,1,1,0,0,0,0,121,59,62
DEAF SMITH COUNTY,117,57 Years,218,108,110,95,43,52,1,1,0,0,0,0,122,64,58
DEAF SMITH COUNTY,117,58 Years,225,106,119,102,49,53,3,1,2,3,1,2,117,55,62
DEAF SMITH COUNTY,117,59 Years,208,107,101,103,53,50,3,2,1,4,3,1,98,49,49
DEAF SMITH COUNTY,117,60 Years,204,101,103,101,50,51,2,2,0,5,3,2,96,46,50
DEAF SMITH COUNTY,117,61 Years,196,92,104,91,42,49,2,0,2,3,1,2,100,49,51
DEAF SMITH COUNTY,117,62 Years,191,95,96,97,45,52,2,1,1,0,0,0,92,49,43
DEAF SMITH COUNTY,117,63 Years,188,95,93,96,47,49,1,0,1,3,0,3,88,48,40
DEAF SMITH COUNTY,117,64 Years,162,80,82,84,41,43,0,0,0,5,1,4,73,38,35
DEAF SMITH COUNTY,117,65 Years,142,70,72,82,39,43,1,0,1,4,2,2,55,29,26
DEAF SMITH COUNTY,117,66 Years,115,51,64,64,29,35,1,1,0,3,1,2,47,20,27
DEAF SMITH COUNTY,117,67 Years,123,46,77,56,23,33,2,1,1,3,1,2,62,21,41
DEAF SMITH COUNTY,117,68 Years,137,57,80,73,32,41,3,1,2,2,1,1,59,23,36
DEAF SMITH COUNTY,117,69 Years,122,64,58,62,33,29,2,1,1,2,1,1,56,29,27
DEAF SMITH COUNTY,117,70 Years,105,57,48,60,33,27,0,0,0,2,1,1,43,23,20
DEAF SMITH COUNTY,117,71 Years,112,54,58,69,33,36,1,0,1,0,0,0,42,21,21
DEAF SMITH COUNTY,117,72 Years,109,51,58,70,33,37,2,1,1,0,0,0,37,17,20
DEAF SMITH COUNTY,117,73 Years,96,47,49,56,29,27,1,1,0,1,1,0,38,16,22
DEAF SMITH COUNTY,117,74 Years,97,46,51,61,28,33,1,0,1,1,0,1,34,18,16
DEAF SMITH COUNTY,117,75 Years,99,40,59,56,22,34,1,0,1,1,0,1,41,18,23
DEAF SMITH COUNTY,117,76 Years,90,42,48,57,24,33,2,1,1,2,1,1,29,16,13
DEAF SMITH COUNTY,117,77 Years,85,43,42,56,27,29,0,0,0,1,0,1,28,16,12
DEAF SMITH COUNTY,117,78 Years,89,38,51,62,24,38,0,0,0,0,0,0,27,14,13
DEAF SMITH COUNTY,117,79 Years,78,35,43,53,25,28,2,0,2,0,0,0,23,10,13
DEAF SMITH COUNTY,117,80 Years,73,32,41,49,20,29,2,0,2,0,0,0,22,12,10
DEAF SMITH COUNTY,117,81 Years,75,30,45,51,19,32,1,0,1,0,0,0,23,11,12
DEAF SMITH COUNTY,117,82 Years,75,28,47,52,18,34,0,0,0,2,1,1,21,9,12
DEAF SMITH COUNTY,117,83 Years,70,29,41,48,17,31,0,0,0,1,0,1,21,12,9
DEAF SMITH COUNTY,117,84 Years,55,24,31,39,16,23,0,0,0,0,0,0,16,8,8
DEAF SMITH COUNTY,117,85 Years +,309,107,202,229,79,150,3,2,1,6,2,4,71,24,47
DELTA COUNTY,119,All Ages,5307,2577,2730,4397,2142,2255,391,176,215,224,91,133,295,168,127
DELTA COUNTY,119,< 1 Year,59,25,34,47,20,27,6,3,3,3,2,1,3,0,3
DELTA COUNTY,119,1 Years,54,27,27,44,23,21,5,2,3,2,1,1,3,1,2
DELTA COUNTY,119,2 Years,61,26,35,44,21,23,7,2,5,4,2,2,6,1,5
DELTA COUNTY,119,3 Years,66,31,35,41,17,24,8,4,4,7,5,2,10,5,5
DELTA COUNTY,119,4 Years,49,24,25,36,16,20,6,4,2,3,2,1,4,2,2
DELTA COUNTY,119,5 Years,64,31,33,48,22,26,7,4,3,4,1,3,5,4,1
DELTA COUNTY,119,6 Years,68,40,28,48,27,21,5,2,3,5,2,3,10,9,1
DELTA COUNTY,119,7 Years,57,29,28,44,23,21,2,0,2,5,2,3,6,4,2
DELTA COUNTY,119,8 Years,56,26,30,40,19,21,3,0,3,5,2,3,8,5,3
DELTA COUNTY,119,9 Years,65,34,31,43,23,20,4,1,3,6,3,3,12,7,5
DELTA COUNTY,119,10 Years,64,35,29,52,29,23,2,1,1,3,1,2,7,4,3
DELTA COUNTY,119,11 Years,60,34,26,48,29,19,4,2,2,6,2,4,2,1,1
DELTA COUNTY,119,12 Years,68,37,31,52,30,22,6,4,2,5,2,3,5,1,4
DELTA COUNTY,119,13 Years,71,28,43,55,24,31,7,2,5,3,1,2,6,1,5
DELTA COUNTY,119,14 Years,61,25,36,47,20,27,5,2,3,4,0,4,5,3,2
DELTA COUNTY,119,15 Years,63,35,28,48,25,23,6,4,2,5,2,3,4,4,0
DELTA COUNTY,119,16 Years,76,44,32,57,32,25,7,5,2,4,2,2,8,5,3
DELTA COUNTY,119,17 Years,85,42,43,60,31,29,12,3,9,5,4,1,8,4,4
DELTA COUNTY,119,18 Years,86,45,41,65,34,31,12,5,7,2,1,1,7,5,2
DELTA COUNTY,119,19 Years,74,41,33,61,32,29,6,4,2,3,2,1,4,3,1
DELTA COUNTY,119,20 Years,64,37,27,45,27,18,9,4,5,5,3,2,5,3,2
DELTA COUNTY,119,21 Years,55,30,25,39,24,15,7,2,5,3,1,2,6,3,3
DELTA COUNTY,119,22 Years,62,33,29,43,23,20,8,4,4,2,2,0,9,4,5
DELTA COUNTY,119,23 Years,59,33,26,49,26,23,6,5,1,1,1,0,3,1,2
DELTA COUNTY,119,24 Years,42,19,23,33,12,21,5,3,2,2,2,0,2,2,0
DELTA COUNTY,119,25 Years,62,28,34,49,24,25,9,2,7,2,1,1,2,1,1
DELTA COUNTY,119,26 Years,53,24,29,41,20,21,8,2,6,0,0,0,4,2,2
DELTA COUNTY,119,27 Years,51,24,27,42,21,21,3,0,3,3,1,2,3,2,1
DELTA COUNTY,119,28 Years,62,30,32,54,26,28,3,1,2,1,0,1,4,3,1
DELTA COUNTY,119,29 Years,60,29,31,48,23,25,4,1,3,2,2,0,6,3,3
DELTA COUNTY,119,30 Years,45,21,24,36,19,17,3,0,3,3,1,2,3,1,2
DELTA COUNTY,119,31 Years,42,15,27,34,14,20,3,0,3,3,0,3,2,1,1
DELTA COUNTY,119,32 Years,62,26,36,52,20,32,2,1,1,3,1,2,5,4,1
DELTA COUNTY,119,33 Years,50,26,24,44,22,22,1,1,0,1,0,1,4,3,1
DELTA COUNTY,119,34 Years,44,22,22,40,19,21,2,2,0,0,0,0,2,1,1
DELTA COUNTY,119,35 Years,45,20,25,36,16,20,3,1,2,1,0,1,5,3,2
DELTA COUNTY,119,36 Years,50,25,25,40,20,20,3,1,2,1,0,1,6,4,2
DELTA COUNTY,119,37 Years,50,25,25,44,22,22,3,2,1,1,0,1,2,1,1
DELTA COUNTY,119,38 Years,65,30,35,48,25,23,8,2,6,4,0,4,5,3,2
DELTA COUNTY,119,39 Years,56,31,25,44,26,18,7,2,5,1,0,1,4,3,1
DELTA COUNTY,119,40 Years,60,27,33,49,25,24,5,1,4,3,0,3,3,1,2
DELTA COUNTY,119,41 Years,60,28,32,51,25,26,3,2,1,2,0,2,4,1,3
DELTA COUNTY,119,42 Years,62,30,32,55,25,30,3,3,0,1,0,1,3,2,1
DELTA COUNTY,119,43 Years,69,31,38,54,24,30,9,4,5,3,1,2,3,2,1
DELTA COUNTY,119,44 Years,64,32,32,51,25,26,7,4,3,4,2,2,2,1,1
DELTA COUNTY,119,45 Years,62,30,32,52,24,28,7,5,2,1,0,1,2,1,1
DELTA COUNTY,119,46 Years,70,32,38,60,25,35,6,4,2,1,0,1,3,3,0
DELTA COUNTY,119,47 Years,78,32,46,67,27,40,4,2,2,2,1,1,5,2,3
DELTA COUNTY,119,48 Years,68,32,36,58,26,32,6,4,2,2,1,1,2,1,1
DELTA COUNTY,119,49 Years,63,30,33,52,26,26,6,1,5,2,0,2,3,3,0
DELTA COUNTY,119,50 Years,64,34,30,58,30,28,2,1,1,2,1,1,2,2,0
DELTA COUNTY,119,51 Years,76,43,33,66,37,29,4,3,1,3,1,2,3,2,1
DELTA COUNTY,119,52 Years,71,38,33,61,33,28,3,2,1,6,3,3,1,0,1
DELTA COUNTY,119,53 Years,79,30,49,63,24,39,7,4,3,3,1,2,6,1,5
DELTA COUNTY,119,54 Years,88,46,42,73,39,34,6,4,2,4,3,1,5,0,5
DELTA COUNTY,119,55 Years,97,46,51,82,40,42,5,3,2,8,3,5,2,0,2
DELTA COUNTY,119,56 Years,96,45,51,76,38,38,8,2,6,7,3,4,5,2,3
DELTA COUNTY,119,57 Years,69,33,36,58,29,29,4,2,2,4,1,3,3,1,2
DELTA COUNTY,119,58 Years,70,36,34,59,30,29,3,2,1,3,0,3,5,4,1
DELTA COUNTY,119,59 Years,78,39,39,71,35,36,3,2,1,3,1,2,1,1,0
DELTA COUNTY,119,60 Years,69,34,35,57,25,32,7,5,2,4,3,1,1,1,0
DELTA COUNTY,119,61 Years,66,31,35,61,28,33,2,1,1,2,1,1,1,1,0
DELTA COUNTY,119,62 Years,74,35,39,63,28,35,6,2,4,2,2,0,3,3,0
DELTA COUNTY,119,63 Years,79,32,47,72,29,43,4,1,3,1,0,1,2,2,0
DELTA COUNTY,119,64 Years,78,41,37,70,37,33,3,1,2,2,0,2,3,3,0
DELTA COUNTY,119,65 Years,81,42,39,74,37,37,3,2,1,2,1,1,2,2,0
DELTA COUNTY,119,66 Years,75,34,41,69,30,39,3,2,1,2,1,1,1,1,0
DELTA COUNTY,119,67 Years,70,33,37,64,31,33,4,1,3,2,1,1,0,0,0
DELTA COUNTY,119,68 Years,70,37,33,65,35,30,3,1,2,2,1,1,0,0,0
DELTA COUNTY,119,69 Years,76,37,39,64,32,32,5,2,3,5,2,3,2,1,1
DELTA COUNTY,119,70 Years,64,34,30,58,32,26,2,0,2,2,1,1,2,1,1
DELTA COUNTY,119,71 Years,59,30,29,53,26,27,3,2,1,2,1,1,1,1,0
DELTA COUNTY,119,72 Years,73,32,41,67,29,38,4,2,2,1,0,1,1,1,0
DELTA COUNTY,119,73 Years,55,28,27,52,26,26,2,1,1,1,1,0,0,0,0
DELTA COUNTY,119,74 Years,47,23,24,43,21,22,4,2,2,0,0,0,0,0,0
DELTA COUNTY,119,75 Years,47,24,23,42,23,19,3,1,2,1,0,1,1,0,1
DELTA COUNTY,119,76 Years,46,20,26,40,17,23,4,3,1,1,0,1,1,0,1
DELTA COUNTY,119,77 Years,39,23,16,34,19,15,3,2,1,0,0,0,2,2,0
DELTA COUNTY,119,78 Years,36,21,15,33,20,13,1,0,1,0,0,0,2,1,1
DELTA COUNTY,119,79 Years,29,16,13,26,16,10,1,0,1,1,0,1,1,0,1
DELTA COUNTY,119,80 Years,28,14,14,25,14,11,1,0,1,2,0,2,0,0,0
DELTA COUNTY,119,81 Years,22,10,12,20,9,11,0,0,0,1,0,1,1,1,0
DELTA COUNTY,119,82 Years,27,11,16,26,11,15,1,0,1,0,0,0,0,0,0
DELTA COUNTY,119,83 Years,24,12,12,23,12,11,1,0,1,0,0,0,0,0,0
DELTA COUNTY,119,84 Years,20,8,12,19,8,11,1,0,1,0,0,0,0,0,0
DELTA COUNTY,119,85 Years +,123,34,89,120,34,86,2,0,2,1,0,1,0,0,0
DENTON COUNTY,121,All Ages,704530,346984,357546,445110,219076,226034,58506,27748,30758,67186,32598,34588,133728,67562,66166
DENTON COUNTY,121,< 1 Year,9366,4789,4577,5238,2682,2556,775,402,373,991,506,485,2362,1199,1163
DENTON COUNTY,121,1 Years,9860,5041,4819,5652,2894,2758,715,364,351,1084,556,528,2409,1227,1182
DENTON COUNTY,121,2 Years,9675,5015,4660,5231,2697,2534,748,400,348,1111,575,536,2585,1343,1242
DENTON COUNTY,121,3 Years,9877,5092,4785,5123,2623,2500,780,416,364,1273,655,618,2701,1398,1303
DENTON COUNTY,121,4 Years,10251,5181,5070,5372,2706,2666,819,413,406,1292,657,635,2768,1405,1363
DENTON COUNTY,121,5 Years,10551,5360,5191,5610,2900,2710,819,400,419,1315,667,648,2807,1393,1414
DENTON COUNTY,121,6 Years,10783,5509,5274,5820,3014,2806,846,425,421,1293,664,629,2824,1406,1418
DENTON COUNTY,121,7 Years,11051,5752,5299,6008,3116,2892,867,461,406,1353,718,635,2823,1457,1366
DENTON COUNTY,121,8 Years,11128,5755,5373,6055,3116,2939,924,487,437,1297,673,624,2852,1479,1373
DENTON COUNTY,121,9 Years,11176,5660,5516,6151,3139,3012,900,459,441,1299,645,654,2826,1417,1409
DENTON COUNTY,121,10 Years,11150,5641,5509,6194,3167,3027,921,468,453,1241,619,622,2794,1387,1407
DENTON COUNTY,121,11 Years,11251,5777,5474,6267,3210,3057,947,530,417,1176,592,584,2861,1445,1416
DENTON COUNTY,121,12 Years,11215,5767,5448,6289,3214,3075,992,518,474,1187,627,560,2747,1408,1339
DENTON COUNTY,121,13 Years,11002,5631,5371,6236,3184,3052,955,487,468,1148,592,556,2663,1368,1295
DENTON COUNTY,121,14 Years,10589,5448,5141,6020,3106,2914,896,461,435,1119,561,558,2554,1320,1234
DENTON COUNTY,121,15 Years,10534,5390,5144,5964,3069,2895,936,479,457,1063,529,534,2571,1313,1258
DENTON COUNTY,121,16 Years,10313,5283,5030,5927,3038,2889,911,480,431,1062,532,530,2413,1233,1180
DENTON COUNTY,121,17 Years,10172,5221,4951,5848,3005,2843,967,508,459,1042,521,521,2315,1187,1128
DENTON COUNTY,121,18 Years,11156,5590,5566,6308,3174,3134,1171,549,622,1112,554,558,2565,1313,1252
DENTON COUNTY,121,19 Years,11761,5908,5853,6438,3225,3213,1341,620,721,1176,558,618,2806,1505,1301
DENTON COUNTY,121,20 Years,10895,5364,5531,5998,2952,3046,1347,607,740,979,453,526,2571,1352,1219
DENTON COUNTY,121,21 Years,10920,5026,5894,6213,2864,3349,1288,533,755,940,429,511,2479,1200,1279
DENTON COUNTY,121,22 Years,10934,5105,5829,6314,2918,3396,1262,542,720,1019,482,537,2339,1163,1176
DENTON COUNTY,121,23 Years,10687,5038,5649,6188,2888,3300,1182,524,658,1032,494,538,2285,1132,1153
DENTON COUNTY,121,24 Years,10145,4931,5214,5907,2883,3024,1063,490,573,956,456,500,2219,1102,1117
DENTON COUNTY,121,25 Years,9654,4827,4827,5616,2838,2778,918,403,515,926,439,487,2194,1147,1047
DENTON COUNTY,121,26 Years,9614,4857,4757,5629,2868,2761,935,446,489,898,449,449,2152,1094,1058
DENTON COUNTY,121,27 Years,9776,4888,4888,5788,2926,2862,987,457,530,886,433,453,2115,1072,1043
DENTON COUNTY,121,28 Years,9763,4930,4833,5710,2893,2817,981,452,529,942,452,490,2130,1133,997
DENTON COUNTY,121,29 Years,10222,5142,5080,5986,2997,2989,1007,477,530,954,440,514,2275,1228,1047
DENTON COUNTY,121,30 Years,10150,5025,5125,5907,2922,2985,983,461,522,944,410,534,2316,1232,1084
DENTON COUNTY,121,31 Years,10190,5021,5169,5918,2937,2981,1012,476,536,928,413,515,2332,1195,1137
DENTON COUNTY,121,32 Years,10383,5168,5215,5966,2999,2967,1051,501,550,979,431,548,2387,1237,1150
DENTON COUNTY,121,33 Years,10094,4907,5187,5742,2850,2892,993,460,533,1060,454,606,2299,1143,1156
DENTON COUNTY,121,34 Years,10128,4818,5310,5767,2768,2999,997,442,555,1073,459,614,2291,1149,1142
DENTON COUNTY,121,35 Years,10382,4971,5411,5939,2831,3108,1002,457,545,1109,498,611,2332,1185,1147
DENTON COUNTY,121,36 Years,10629,5199,5430,6044,2972,3072,996,443,553,1236,580,656,2353,1204,1149
DENTON COUNTY,121,37 Years,10874,5249,5625,6247,3046,3201,923,404,519,1298,599,699,2406,1200,1206
DENTON COUNTY,121,38 Years,10881,5226,5655,6356,3084,3272,929,432,497,1329,607,722,2267,1103,1164
DENTON COUNTY,121,39 Years,11148,5495,5653,6518,3220,3298,999,477,522,1371,660,711,2260,1138,1122
DENTON COUNTY,121,40 Years,11649,5799,5850,7077,3575,3502,1022,480,542,1302,628,674,2248,1116,1132
DENTON COUNTY,121,41 Years,12326,6063,6263,7837,3872,3965,1054,481,573,1286,634,652,2149,1076,1073
DENTON COUNTY,121,42 Years,12232,6030,6202,7938,3901,4037,1005,481,524,1203,592,611,2086,1056,1030
DENTON COUNTY,121,43 Years,11454,5693,5761,7475,3722,3753,922,443,479,1107,552,555,1950,976,974
DENTON COUNTY,121,44 Years,10730,5359,5371,6993,3499,3494,875,409,466,1020,522,498,1842,929,913
DENTON COUNTY,121,45 Years,10471,5218,5253,6890,3465,3425,892,414,478,954,485,469,1735,854,881
DENTON COUNTY,121,46 Years,10281,5093,5188,6787,3360,3427,929,449,480,906,448,458,1659,836,823
DENTON COUNTY,121,47 Years,10771,5327,5444,7259,3585,3674,952,463,489,906,442,464,1654,837,817
DENTON COUNTY,121,48 Years,11074,5550,5524,7700,3880,3820,907,416,491,888,452,436,1579,802,777
DENTON COUNTY,121,49 Years,10899,5413,5486,7669,3837,3832,889,411,478,890,429,461,1451,736,715
DENTON COUNTY,121,50 Years,10607,5226,5381,7540,3739,3801,841,390,451,833,394,439,1393,703,690
DENTON COUNTY,121,51 Years,10353,5125,5228,7554,3762,3792,780,367,413,773,374,399,1246,622,624
DENTON COUNTY,121,52 Years,9981,4939,5042,7337,3634,3703,772,368,404,713,347,366,1159,590,569
DENTON COUNTY,121,53 Years,9317,4580,4737,6875,3391,3484,718,325,393,677,336,341,1047,528,519
DENTON COUNTY,121,54 Years,9052,4475,4577,6712,3322,3390,651,299,352,683,350,333,1006,504,502
DENTON COUNTY,121,55 Years,8402,4118,4284,6298,3087,3211,565,278,287,629,308,321,910,445,465
DENTON COUNTY,121,56 Years,7894,3843,4051,5896,2890,3006,528,257,271,637,302,335,833,394,439
DENTON COUNTY,121,57 Years,7619,3763,3856,5753,2864,2889,503,236,267,591,281,310,772,382,390
DENTON COUNTY,121,58 Years,7211,3427,3784,5570,2642,2928,449,207,242,528,253,275,664,325,339
DENTON COUNTY,121,59 Years,6754,3225,3529,5235,2511,2724,404,178,226,500,237,263,615,299,316
DENTON COUNTY,121,60 Years,6371,3086,3285,4949,2429,2520,368,164,204,463,213,250,591,280,311
DENTON COUNTY,121,61 Years,6024,2875,3149,4646,2218,2428,368,168,200,442,205,237,568,284,284
DENTON COUNTY,121,62 Years,6034,2843,3191,4700,2223,2477,363,156,207,447,213,234,524,251,273
DENTON COUNTY,121,63 Years,5814,2774,3040,4594,2227,2367,320,131,189,419,193,226,481,223,258
DENTON COUNTY,121,64 Years,5820,2800,3020,4658,2262,2396,309,135,174,400,184,216,453,219,234
DENTON COUNTY,121,65 Years,5707,2726,2981,4697,2250,2447,249,114,135,340,158,182,421,204,217
DENTON COUNTY,121,66 Years,4515,2138,2377,3630,1725,1905,198,90,108,315,149,166,372,174,198
DENTON COUNTY,121,67 Years,4121,1925,2196,3351,1563,1788,141,62,79,299,146,153,330,154,176
DENTON COUNTY,121,68 Years,4045,1868,2177,3350,1566,1784,140,62,78,262,120,142,293,120,173
DENTON COUNTY,121,69 Years,3838,1784,2054,3205,1501,1704,122,53,69,249,118,131,262,112,150
DENTON COUNTY,121,70 Years,3323,1585,1738,2741,1313,1428,127,56,71,226,106,120,229,110,119
DENTON COUNTY,121,71 Years,2966,1412,1554,2442,1157,1285,100,47,53,201,96,105,223,112,111
DENTON COUNTY,121,72 Years,2654,1228,1426,2152,1001,1151,101,40,61,201,101,100,200,86,114
DENTON COUNTY,121,73 Years,2371,1096,1275,1924,907,1017,93,41,52,179,86,93,175,62,113
DENTON COUNTY,121,74 Years,2190,987,1203,1795,814,981,89,40,49,144,64,80,162,69,93
DENTON COUNTY,121,75 Years,2045,913,1132,1668,749,919,84,33,51,149,64,85,144,67,77
DENTON COUNTY,121,76 Years,1849,849,1000,1485,693,792,73,29,44,144,60,84,147,67,80
DENTON COUNTY,121,77 Years,1701,729,972,1383,606,777,68,23,45,129,57,72,121,43,78
DENTON COUNTY,121,78 Years,1557,643,914,1289,534,755,63,21,42,104,47,57,101,41,60
DENTON COUNTY,121,79 Years,1387,600,787,1148,499,649,57,22,35,84,38,46,98,41,57
DENTON COUNTY,121,80 Years,1286,567,719,1079,477,602,45,15,30,76,41,35,86,34,52
DENTON COUNTY,121,81 Years,1203,473,730,1019,408,611,34,8,26,73,29,44,77,28,49
DENTON COUNTY,121,82 Years,1120,436,684,970,383,587,28,10,18,63,21,42,59,22,37
DENTON COUNTY,121,83 Years,1003,383,620,880,339,541,23,7,16,43,16,27,57,21,36
DENTON COUNTY,121,84 Years,901,342,559,792,298,494,33,12,21,31,12,19,45,20,25
DENTON COUNTY,121,85 Years +,5278,1659,3619,4664,1461,3203,167,46,121,184,56,128,263,96,167
DE WITT COUNTY,123,All Ages,21019,10949,10070,11815,5898,5917,1847,1088,759,350,154,196,7007,3809,3198
DE WITT COUNTY,123,< 1 Year,245,129,116,108,56,52,15,7,8,2,1,1,120,65,55
DE WITT COUNTY,123,1 Years,238,124,114,108,55,53,14,8,6,3,2,1,113,59,54
DE WITT COUNTY,123,2 Years,247,124,123,98,49,49,10,6,4,9,7,2,130,62,68
DE WITT COUNTY,123,3 Years,256,134,122,99,56,43,15,8,7,13,5,8,129,65,64
DE WITT COUNTY,123,4 Years,259,138,121,105,61,44,21,7,14,10,3,7,123,67,56
DE WITT COUNTY,123,5 Years,273,144,129,113,65,48,19,11,8,9,5,4,132,63,69
DE WITT COUNTY,123,6 Years,259,128,131,105,59,46,21,10,11,10,4,6,123,55,68
DE WITT COUNTY,123,7 Years,243,121,122,103,54,49,24,12,12,6,3,3,110,52,58
DE WITT COUNTY,123,8 Years,267,140,127,108,56,52,22,14,8,8,2,6,129,68,61
DE WITT COUNTY,123,9 Years,269,139,130,114,59,55,22,11,11,10,5,5,123,64,59
DE WITT COUNTY,123,10 Years,221,110,111,90,49,41,22,8,14,8,4,4,101,49,52
DE WITT COUNTY,123,11 Years,257,143,114,114,59,55,20,11,9,9,7,2,114,66,48
DE WITT COUNTY,123,12 Years,279,151,128,118,65,53,32,17,15,9,5,4,120,64,56
DE WITT COUNTY,123,13 Years,251,129,122,109,59,50,25,12,13,9,4,5,108,54,54
DE WITT COUNTY,123,14 Years,257,139,118,124,67,57,23,15,8,7,2,5,103,55,48
DE WITT COUNTY,123,15 Years,275,143,132,130,70,60,25,14,11,11,5,6,109,54,55
DE WITT COUNTY,123,16 Years,264,135,129,134,69,65,18,9,9,10,3,7,102,54,48
DE WITT COUNTY,123,17 Years,270,144,126,132,71,61,18,10,8,13,7,6,107,56,51
DE WITT COUNTY,123,18 Years,269,134,135,137,66,71,22,11,11,10,5,5,100,52,48
DE WITT COUNTY,123,19 Years,267,131,136,137,69,68,20,8,12,8,2,6,102,52,50
DE WITT COUNTY,123,20 Years,264,136,128,133,65,68,20,7,13,4,1,3,107,63,44
DE WITT COUNTY,123,21 Years,214,114,100,101,54,47,21,10,11,4,3,1,88,47,41
DE WITT COUNTY,123,22 Years,186,98,88,94,47,47,20,11,9,2,1,1,70,39,31
DE WITT COUNTY,123,23 Years,194,105,89,106,53,53,17,10,7,3,1,2,68,41,27
DE WITT COUNTY,123,24 Years,194,104,90,79,43,36,15,10,5,4,1,3,96,50,46
DE WITT COUNTY,123,25 Years,213,113,100,96,55,41,17,11,6,4,1,3,96,46,50
DE WITT COUNTY,123,26 Years,201,97,104,89,41,48,18,11,7,3,1,2,91,44,47
DE WITT COUNTY,123,27 Years,220,110,110,100,50,50,18,8,10,2,1,1,100,51,49
DE WITT COUNTY,123,28 Years,223,126,97,90,47,43,30,22,8,2,0,2,101,57,44
DE WITT COUNTY,123,29 Years,224,134,90,97,52,45,26,21,5,3,2,1,98,59,39
DE WITT COUNTY,123,30 Years,248,147,101,103,53,50,30,24,6,5,3,2,110,67,43
DE WITT COUNTY,123,31 Years,236,130,106,112,54,58,29,20,9,2,1,1,93,55,38
DE WITT COUNTY,123,32 Years,229,131,98,99,44,55,26,16,10,1,0,1,103,71,32
DE WITT COUNTY,123,33 Years,249,149,100,119,67,52,25,18,7,2,1,1,103,63,40
DE WITT COUNTY,123,34 Years,241,145,96,116,68,48,24,17,7,2,1,1,99,59,40
DE WITT COUNTY,123,35 Years,255,148,107,123,68,55,29,22,7,3,1,2,100,57,43
DE WITT COUNTY,123,36 Years,252,145,107,117,63,54,33,28,5,3,2,1,99,52,47
DE WITT COUNTY,123,37 Years,242,146,96,115,65,50,24,21,3,3,2,1,100,58,42
DE WITT COUNTY,123,38 Years,237,144,93,102,52,50,31,27,4,5,3,2,99,62,37
DE WITT COUNTY,123,39 Years,227,140,87,103,53,50,33,26,7,3,1,2,88,60,28
DE WITT COUNTY,123,40 Years,262,154,108,122,65,57,30,20,10,6,5,1,104,64,40
DE WITT COUNTY,123,41 Years,288,169,119,138,74,64,32,21,11,3,2,1,115,72,43
DE WITT COUNTY,123,42 Years,287,160,127,158,78,80,25,16,9,4,1,3,100,65,35
DE WITT COUNTY,123,43 Years,266,145,121,126,53,73,32,20,12,4,1,3,104,71,33
DE WITT COUNTY,123,44 Years,249,142,107,122,67,55,29,16,13,4,1,3,94,58,36
DE WITT COUNTY,123,45 Years,263,153,110,149,90,59,34,23,11,4,1,3,76,39,37
DE WITT COUNTY,123,46 Years,290,164,126,146,74,72,34,25,9,6,2,4,104,63,41
DE WITT COUNTY,123,47 Years,303,181,122,169,99,70,34,23,11,4,1,3,96,58,38
DE WITT COUNTY,123,48 Years,323,191,132,194,109,85,34,26,8,4,1,3,91,55,36
DE WITT COUNTY,123,49 Years,301,167,134,174,91,83,40,28,12,2,1,1,85,47,38
DE WITT COUNTY,123,50 Years,298,168,130,160,82,78,35,25,10,3,1,2,100,60,40
DE WITT COUNTY,123,51 Years,311,186,125,187,106,81,26,20,6,3,1,2,95,59,36
DE WITT COUNTY,123,52 Years,324,171,153,196,102,94,24,16,8,6,3,3,98,50,48
DE WITT COUNTY,123,53 Years,350,192,158,207,113,94,30,20,10,6,3,3,107,56,51
DE WITT COUNTY,123,54 Years,332,176,156,218,106,112,23,14,9,2,1,1,89,55,34
DE WITT COUNTY,123,55 Years,326,165,161,217,99,118,22,12,10,2,1,1,85,53,32
DE WITT COUNTY,123,56 Years,298,154,144,191,101,90,29,14,15,3,0,3,75,39,36
DE WITT COUNTY,123,57 Years,298,163,135,206,117,89,27,13,14,4,2,2,61,31,30
DE WITT COUNTY,123,58 Years,296,153,143,188,92,96,31,20,11,2,1,1,75,40,35
DE WITT COUNTY,123,59 Years,298,157,141,207,108,99,28,13,15,2,1,1,61,35,26
DE WITT COUNTY,123,60 Years,278,135,143,199,95,104,20,10,10,2,1,1,57,29,28
DE WITT COUNTY,123,61 Years,273,135,138,180,81,99,31,18,13,2,1,1,60,35,25
DE WITT COUNTY,123,62 Years,277,144,133,189,93,96,26,16,10,2,1,1,60,34,26
DE WITT COUNTY,123,63 Years,287,139,148,212,106,106,15,5,10,2,0,2,58,28,30
DE WITT COUNTY,123,64 Years,268,134,134,189,93,96,18,10,8,2,1,1,59,30,29
DE WITT COUNTY,123,65 Years,254,127,127,187,97,90,14,6,8,2,0,2,51,24,27
DE WITT COUNTY,123,66 Years,238,112,126,169,84,85,17,8,9,3,1,2,49,19,30
DE WITT COUNTY,123,67 Years,254,115,139,166,76,90,28,10,18,3,1,2,57,28,29
DE WITT COUNTY,123,68 Years,213,98,115,151,69,82,10,2,8,0,0,0,52,27,25
DE WITT COUNTY,123,69 Years,211,96,115,164,71,93,9,6,3,3,1,2,35,18,17
DE WITT COUNTY,123,70 Years,180,76,104,139,57,82,10,4,6,2,0,2,29,15,14
DE WITT COUNTY,123,71 Years,174,85,89,136,69,67,10,4,6,0,0,0,28,12,16
DE WITT COUNTY,123,72 Years,158,77,81,119,59,60,10,5,5,3,2,1,26,11,15
DE WITT COUNTY,123,73 Years,162,76,86,121,60,61,10,3,7,3,1,2,28,12,16
DE WITT COUNTY,123,74 Years,158,73,85,118,51,67,12,7,5,0,0,0,28,15,13
DE WITT COUNTY,123,75 Years,170,82,88,136,65,71,8,6,2,0,0,0,26,11,15
DE WITT COUNTY,123,76 Years,159,74,85,120,56,64,8,3,5,3,2,1,28,13,15
DE WITT COUNTY,123,77 Years,151,63,88,110,50,60,11,2,9,2,1,1,28,10,18
DE WITT COUNTY,123,78 Years,128,61,67,93,45,48,10,6,4,1,1,0,24,9,15
DE WITT COUNTY,123,79 Years,141,55,86,96,39,57,9,2,7,0,0,0,36,14,22
DE WITT COUNTY,123,80 Years,129,58,71,92,45,47,11,3,8,2,1,1,24,9,15
DE WITT COUNTY,123,81 Years,132,52,80,103,40,63,11,3,8,0,0,0,18,9,9
DE WITT COUNTY,123,82 Years,123,46,77,94,33,61,8,3,5,1,1,0,20,9,11
DE WITT COUNTY,123,83 Years,110,44,66,94,39,55,4,1,3,1,0,1,11,4,7
DE WITT COUNTY,123,84 Years,89,39,50,71,32,39,7,2,5,0,0,0,11,5,6
DE WITT COUNTY,123,85 Years +,624,200,424,512,159,353,27,9,18,3,0,3,82,32,50
DICKENS COUNTY,125,All Ages,2469,1393,1076,1590,816,774,97,83,14,55,34,21,727,460,267
DICKENS COUNTY,125,< 1 Year,21,11,10,13,6,7,1,0,1,0,0,0,7,5,2
DICKENS COUNTY,125,1 Years,19,10,9,11,6,5,0,0,0,0,0,0,8,4,4
DICKENS COUNTY,125,2 Years,36,21,15,23,11,12,0,0,0,0,0,0,13,10,3
DICKENS COUNTY,125,3 Years,20,14,6,9,4,5,0,0,0,0,0,0,11,10,1
DICKENS COUNTY,125,4 Years,23,11,12,12,4,8,0,0,0,0,0,0,11,7,4
DICKENS COUNTY,125,5 Years,27,13,14,13,5,8,0,0,0,1,0,1,13,8,5
DICKENS COUNTY,125,6 Years,26,12,14,13,4,9,0,0,0,1,1,0,12,7,5
DICKENS COUNTY,125,7 Years,28,16,12,11,6,5,0,0,0,1,0,1,16,10,6
DICKENS COUNTY,125,8 Years,28,13,15,12,5,7,0,0,0,1,0,1,15,8,7
DICKENS COUNTY,125,9 Years,30,17,13,16,10,6,1,1,0,0,0,0,13,6,7
DICKENS COUNTY,125,10 Years,30,14,16,17,9,8,1,0,1,0,0,0,12,5,7
DICKENS COUNTY,125,11 Years,34,19,15,19,13,6,0,0,0,1,0,1,14,6,8
DICKENS COUNTY,125,12 Years,27,11,16,14,7,7,0,0,0,1,1,0,12,3,9
DICKENS COUNTY,125,13 Years,25,17,8,17,13,4,1,0,1,0,0,0,7,4,3
DICKENS COUNTY,125,14 Years,24,14,10,16,10,6,0,0,0,0,0,0,8,4,4
DICKENS COUNTY,125,15 Years,27,15,12,13,8,5,0,0,0,3,1,2,11,6,5
DICKENS COUNTY,125,16 Years,30,17,13,13,9,4,0,0,0,1,0,1,16,8,8
DICKENS COUNTY,125,17 Years,23,12,11,14,6,8,0,0,0,1,1,0,8,5,3
DICKENS COUNTY,125,18 Years,29,18,11,16,8,8,0,0,0,2,2,0,11,8,3
DICKENS COUNTY,125,19 Years,29,19,10,16,9,7,0,0,0,1,1,0,12,9,3
DICKENS COUNTY,125,20 Years,26,13,13,12,6,6,1,1,0,0,0,0,13,6,7
DICKENS COUNTY,125,21 Years,30,22,8,12,7,5,8,8,0,0,0,0,10,7,3
DICKENS COUNTY,125,22 Years,26,19,7,10,5,5,5,5,0,0,0,0,11,9,2
DICKENS COUNTY,125,23 Years,27,20,7,8,4,4,5,5,0,0,0,0,14,11,3
DICKENS COUNTY,125,24 Years,31,24,7,19,13,6,2,2,0,0,0,0,10,9,1
DICKENS COUNTY,125,25 Years,21,13,8,11,7,4,1,1,0,1,0,1,8,5,3
DICKENS COUNTY,125,26 Years,22,15,7,10,7,3,2,2,0,1,1,0,9,5,4
DICKENS COUNTY,125,27 Years,25,19,6,10,8,2,2,2,0,1,1,0,12,8,4
DICKENS COUNTY,125,28 Years,29,22,7,12,10,2,5,4,1,0,0,0,12,8,4
DICKENS COUNTY,125,29 Years,31,25,6,14,11,3,4,4,0,0,0,0,13,10,3
DICKENS COUNTY,125,30 Years,38,25,13,19,12,7,3,2,1,0,0,0,16,11,5
DICKENS COUNTY,125,31 Years,32,26,6,14,9,5,1,1,0,0,0,0,17,16,1
DICKENS COUNTY,125,32 Years,41,29,12,20,10,10,4,4,0,0,0,0,17,15,2
DICKENS COUNTY,125,33 Years,40,28,12,20,14,6,5,4,1,1,0,1,14,10,4
DICKENS COUNTY,125,34 Years,34,24,10,16,9,7,3,3,0,1,0,1,14,12,2
DICKENS COUNTY,125,35 Years,36,26,10,17,10,7,3,3,0,1,1,0,15,12,3
DICKENS COUNTY,125,36 Years,29,19,10,12,6,6,2,2,0,2,1,1,13,10,3
DICKENS COUNTY,125,37 Years,32,19,13,20,9,11,2,2,0,2,2,0,8,6,2
DICKENS COUNTY,125,38 Years,33,21,12,23,12,11,0,0,0,1,1,0,9,8,1
DICKENS COUNTY,125,39 Years,34,20,14,23,14,9,1,1,0,1,0,1,9,5,4
DICKENS COUNTY,125,40 Years,33,20,13,16,8,8,3,3,0,0,0,0,14,9,5
DICKENS COUNTY,125,41 Years,29,18,11,13,7,6,1,1,0,2,1,1,13,9,4
DICKENS COUNTY,125,42 Years,31,22,9,18,14,4,0,0,0,1,0,1,12,8,4
DICKENS COUNTY,125,43 Years,20,14,6,12,8,4,1,1,0,0,0,0,7,5,2
DICKENS COUNTY,125,44 Years,23,14,9,8,4,4,3,2,1,0,0,0,12,8,4
DICKENS COUNTY,125,45 Years,26,16,10,13,7,6,3,2,1,0,0,0,10,7,3
DICKENS COUNTY,125,46 Years,25,13,12,15,7,8,2,2,0,0,0,0,8,4,4
DICKENS COUNTY,125,47 Years,23,12,11,16,7,9,2,2,0,0,0,0,5,3,2
DICKENS COUNTY,125,48 Years,31,18,13,23,13,10,1,1,0,2,2,0,5,2,3
DICKENS COUNTY,125,49 Years,36,20,16,26,13,13,1,1,0,2,2,0,7,4,3
DICKENS COUNTY,125,50 Years,33,18,15,22,10,12,0,0,0,1,0,1,10,8,2
DICKENS COUNTY,125,51 Years,42,22,20,26,12,14,0,0,0,0,0,0,16,10,6
DICKENS COUNTY,125,52 Years,46,23,23,31,13,18,2,2,0,1,1,0,12,7,5
DICKENS COUNTY,125,53 Years,40,23,17,29,16,13,1,1,0,2,2,0,8,4,4
DICKENS COUNTY,125,54 Years,36,16,20,27,13,14,1,0,1,1,0,1,7,3,4
DICKENS COUNTY,125,55 Years,37,18,19,29,13,16,1,0,1,2,2,0,5,3,2
DICKENS COUNTY,125,56 Years,43,22,21,32,15,17,0,0,0,2,1,1,9,6,3
DICKENS COUNTY,125,57 Years,44,26,18,37,22,15,2,2,0,0,0,0,5,2,3
DICKENS COUNTY,125,58 Years,31,20,11,26,16,10,1,1,0,0,0,0,4,3,1
DICKENS COUNTY,125,59 Years,31,15,16,27,12,15,1,0,1,0,0,0,3,3,0
DICKENS COUNTY,125,60 Years,32,16,16,23,10,13,0,0,0,2,1,1,7,5,2
DICKENS COUNTY,125,61 Years,24,11,13,19,9,10,1,1,0,0,0,0,4,1,3
DICKENS COUNTY,125,62 Years,29,11,18,22,9,13,1,1,0,0,0,0,6,1,5
DICKENS COUNTY,125,63 Years,29,11,18,25,10,15,0,0,0,1,0,1,3,1,2
DICKENS COUNTY,125,64 Years,33,15,18,25,10,15,1,1,0,1,1,0,6,3,3
DICKENS COUNTY,125,65 Years,28,9,19,22,7,15,0,0,0,1,1,0,5,1,4
DICKENS COUNTY,125,66 Years,27,11,16,22,9,13,0,0,0,0,0,0,5,2,3
DICKENS COUNTY,125,67 Years,29,15,14,25,14,11,0,0,0,0,0,0,4,1,3
DICKENS COUNTY,125,68 Years,33,14,19,30,13,17,0,0,0,0,0,0,3,1,2
DICKENS COUNTY,125,69 Years,29,13,16,27,11,16,0,0,0,0,0,0,2,2,0
DICKENS COUNTY,125,70 Years,34,19,15,33,18,15,0,0,0,0,0,0,1,1,0
DICKENS COUNTY,125,71 Years,32,15,17,28,13,15,0,0,0,0,0,0,4,2,2
DICKENS COUNTY,125,72 Years,22,11,11,21,11,10,0,0,0,0,0,0,1,0,1
DICKENS COUNTY,125,73 Years,23,12,11,21,10,11,0,0,0,0,0,0,2,2,0
DICKENS COUNTY,125,74 Years,27,13,14,25,11,14,0,0,0,0,0,0,2,2,0
DICKENS COUNTY,125,75 Years,26,12,14,22,11,11,2,1,1,0,0,0,2,0,2
DICKENS COUNTY,125,76 Years,21,9,12,16,8,8,1,0,1,0,0,0,4,1,3
DICKENS COUNTY,125,77 Years,14,6,8,10,5,5,0,0,0,0,0,0,4,1,3
DICKENS COUNTY,125,78 Years,12,8,4,11,7,4,0,0,0,0,0,0,1,1,0
DICKENS COUNTY,125,79 Years,20,13,7,18,12,6,0,0,0,1,1,0,1,0,1
DICKENS COUNTY,125,80 Years,15,7,8,13,6,7,0,0,0,1,0,1,1,1,0
DICKENS COUNTY,125,81 Years,16,7,9,15,6,9,0,0,0,0,0,0,1,1,0
DICKENS COUNTY,125,82 Years,13,7,6,9,5,4,0,0,0,1,1,0,3,1,2
DICKENS COUNTY,125,83 Years,11,5,6,9,4,5,0,0,0,1,1,0,1,0,1
DICKENS COUNTY,125,84 Years,11,6,5,9,5,4,0,0,0,1,0,1,1,1,0
DICKENS COUNTY,125,85 Years +,66,24,42,54,16,38,2,1,1,3,3,0,7,4,3
DIMMIT COUNTY,127,All Ages,10655,5189,5466,1295,671,624,86,48,38,83,34,49,9191,4436,4755
DIMMIT COUNTY,127,< 1 Year,183,97,86,17,10,7,1,1,0,1,1,0,164,85,79
DIMMIT COUNTY,127,1 Years,162,86,76,14,9,5,0,0,0,2,1,1,146,76,70
DIMMIT COUNTY,127,2 Years,163,77,86,19,9,10,1,0,1,3,1,2,140,67,73
DIMMIT COUNTY,127,3 Years,166,84,82,17,10,7,0,0,0,2,0,2,147,74,73
DIMMIT COUNTY,127,4 Years,157,81,76,14,10,4,1,1,0,2,1,1,140,69,71
DIMMIT COUNTY,127,5 Years,172,82,90,13,7,6,3,1,2,0,0,0,156,74,82
DIMMIT COUNTY,127,6 Years,187,91,96,16,8,8,3,1,2,0,0,0,168,82,86
DIMMIT COUNTY,127,7 Years,183,90,93,14,7,7,2,1,1,1,0,1,166,82,84
DIMMIT COUNTY,127,8 Years,181,89,92,15,6,9,2,1,1,1,0,1,163,82,81
DIMMIT COUNTY,127,9 Years,161,81,80,16,9,7,2,1,1,1,0,1,142,71,71
DIMMIT COUNTY,127,10 Years,162,87,75,15,9,6,2,1,1,1,1,0,144,76,68
DIMMIT COUNTY,127,11 Years,183,92,91,9,6,3,1,1,0,0,0,0,173,85,88
DIMMIT COUNTY,127,12 Years,166,83,83,12,4,8,0,0,0,1,1,0,153,78,75
DIMMIT COUNTY,127,13 Years,171,84,87,17,8,9,1,1,0,2,2,0,151,73,78
DIMMIT COUNTY,127,14 Years,169,78,91,11,3,8,2,2,0,0,0,0,156,73,83
DIMMIT COUNTY,127,15 Years,170,76,94,10,3,7,1,1,0,2,1,1,157,71,86
DIMMIT COUNTY,127,16 Years,171,81,90,13,4,9,0,0,0,1,1,0,157,76,81
DIMMIT COUNTY,127,17 Years,180,94,86,12,5,7,1,0,1,1,0,1,166,89,77
DIMMIT COUNTY,127,18 Years,194,101,93,12,6,6,3,1,2,0,0,0,179,94,85
DIMMIT COUNTY,127,19 Years,188,101,87,14,7,7,3,2,1,2,0,2,169,92,77
DIMMIT COUNTY,127,20 Years,171,84,87,13,7,6,1,0,1,1,0,1,156,77,79
DIMMIT COUNTY,127,21 Years,117,60,57,12,6,6,1,0,1,0,0,0,104,54,50
DIMMIT COUNTY,127,22 Years,120,61,59,14,5,9,1,0,1,1,1,0,104,55,49
DIMMIT COUNTY,127,23 Years,126,71,55,9,5,4,2,1,1,3,3,0,112,62,50
DIMMIT COUNTY,127,24 Years,143,83,60,15,11,4,0,0,0,2,2,0,126,70,56
DIMMIT COUNTY,127,25 Years,114,62,52,15,9,6,0,0,0,1,1,0,98,52,46
DIMMIT COUNTY,127,26 Years,113,53,60,10,6,4,1,1,0,1,0,1,101,46,55
DIMMIT COUNTY,127,27 Years,100,55,45,12,8,4,1,0,1,0,0,0,87,47,40
DIMMIT COUNTY,127,28 Years,107,61,46,21,14,7,1,0,1,1,1,0,84,46,38
DIMMIT COUNTY,127,29 Years,107,50,57,15,7,8,1,1,0,1,0,1,90,42,48
DIMMIT COUNTY,127,30 Years,110,47,63,16,6,10,1,1,0,4,0,4,89,40,49
DIMMIT COUNTY,127,31 Years,103,48,55,15,8,7,1,0,1,2,0,2,85,40,45
DIMMIT COUNTY,127,32 Years,117,55,62,13,4,9,0,0,0,1,0,1,103,51,52
DIMMIT COUNTY,127,33 Years,100,51,49,15,7,8,1,0,1,0,0,0,84,44,40
DIMMIT COUNTY,127,34 Years,90,43,47,16,12,4,0,0,0,0,0,0,74,31,43
DIMMIT COUNTY,127,35 Years,115,52,63,15,11,4,0,0,0,1,0,1,99,41,58
DIMMIT COUNTY,127,36 Years,135,59,76,20,8,12,1,0,1,0,0,0,114,51,63
DIMMIT COUNTY,127,37 Years,127,63,64,17,10,7,0,0,0,1,0,1,109,53,56
DIMMIT COUNTY,127,38 Years,117,54,63,17,11,6,0,0,0,1,1,0,99,42,57
DIMMIT COUNTY,127,39 Years,93,45,48,11,6,5,0,0,0,1,0,1,81,39,42
DIMMIT COUNTY,127,40 Years,107,50,57,13,6,7,0,0,0,3,1,2,91,43,48
DIMMIT COUNTY,127,41 Years,120,61,59,14,9,5,1,1,0,1,0,1,104,51,53
DIMMIT COUNTY,127,42 Years,143,69,74,17,6,11,1,0,1,0,0,0,125,63,62
DIMMIT COUNTY,127,43 Years,119,59,60,15,7,8,1,1,0,0,0,0,103,51,52
DIMMIT COUNTY,127,44 Years,117,53,64,19,9,10,0,0,0,1,1,0,97,43,54
DIMMIT COUNTY,127,45 Years,125,55,70,19,9,10,1,1,0,2,0,2,103,45,58
DIMMIT COUNTY,127,46 Years,127,61,66,10,6,4,1,1,0,1,0,1,115,54,61
DIMMIT COUNTY,127,47 Years,133,66,67,9,3,6,1,1,0,1,0,1,122,62,60
DIMMIT COUNTY,127,48 Years,135,73,62,19,14,5,1,1,0,3,2,1,112,56,56
DIMMIT COUNTY,127,49 Years,120,63,57,13,8,5,1,1,0,0,0,0,106,54,52
DIMMIT COUNTY,127,50 Years,133,78,55,15,10,5,2,2,0,2,2,0,114,64,50
DIMMIT COUNTY,127,51 Years,142,68,74,23,10,13,2,2,0,0,0,0,117,56,61
DIMMIT COUNTY,127,52 Years,137,71,66,25,18,7,2,2,0,0,0,0,110,51,59
DIMMIT COUNTY,127,53 Years,121,65,56,18,13,5,2,1,1,1,1,0,100,50,50
DIMMIT COUNTY,127,54 Years,129,62,67,21,12,9,1,0,1,1,0,1,106,50,56
DIMMIT COUNTY,127,55 Years,133,65,68,14,6,8,3,2,1,1,0,1,115,57,58
DIMMIT COUNTY,127,56 Years,130,65,65,17,10,7,2,1,1,1,0,1,110,54,56
DIMMIT COUNTY,127,57 Years,130,66,64,15,9,6,2,2,0,4,2,2,109,53,56
DIMMIT COUNTY,127,58 Years,128,60,68,21,8,13,3,2,1,2,1,1,102,49,53
DIMMIT COUNTY,127,59 Years,134,62,72,20,10,10,1,0,1,0,0,0,113,52,61
DIMMIT COUNTY,127,60 Years,137,65,72,16,7,9,2,2,0,1,1,0,118,55,63
DIMMIT COUNTY,127,61 Years,125,62,63,24,13,11,2,2,0,0,0,0,99,47,52
DIMMIT COUNTY,127,62 Years,126,50,76,15,10,5,1,0,1,0,0,0,110,40,70
DIMMIT COUNTY,127,63 Years,149,58,91,21,11,10,1,1,0,1,0,1,126,46,80
DIMMIT COUNTY,127,64 Years,125,60,65,23,12,11,0,0,0,1,0,1,101,48,53
DIMMIT COUNTY,127,65 Years,134,66,68,23,11,12,1,0,1,0,0,0,110,55,55
DIMMIT COUNTY,127,66 Years,115,56,59,20,11,9,1,0,1,1,1,0,93,44,49
DIMMIT COUNTY,127,67 Years,101,47,54,18,8,10,0,0,0,0,0,0,83,39,44
DIMMIT COUNTY,127,68 Years,89,49,40,14,7,7,0,0,0,0,0,0,75,42,33
DIMMIT COUNTY,127,69 Years,87,38,49,15,9,6,0,0,0,0,0,0,72,29,43
DIMMIT COUNTY,127,70 Years,80,33,47,12,6,6,1,1,0,0,0,0,67,26,41
DIMMIT COUNTY,127,71 Years,80,37,43,17,10,7,2,1,1,0,0,0,61,26,35
DIMMIT COUNTY,127,72 Years,68,30,38,15,8,7,1,0,1,1,0,1,51,22,29
DIMMIT COUNTY,127,73 Years,67,30,37,9,5,4,0,0,0,0,0,0,58,25,33
DIMMIT COUNTY,127,74 Years,65,27,38,4,1,3,0,0,0,0,0,0,61,26,35
DIMMIT COUNTY,127,75 Years,60,32,28,4,3,1,0,0,0,1,0,1,55,29,26
DIMMIT COUNTY,127,76 Years,58,25,33,13,7,6,0,0,0,2,1,1,43,17,26
DIMMIT COUNTY,127,77 Years,60,25,35,11,4,7,0,0,0,0,0,0,49,21,28
DIMMIT COUNTY,127,78 Years,66,29,37,10,5,5,0,0,0,0,0,0,56,24,32
DIMMIT COUNTY,127,79 Years,56,31,25,12,6,6,0,0,0,0,0,0,44,25,19
DIMMIT COUNTY,127,80 Years,53,24,29,11,4,7,0,0,0,0,0,0,42,20,22
DIMMIT COUNTY,127,81 Years,53,22,31,7,3,4,0,0,0,0,0,0,46,19,27
DIMMIT COUNTY,127,82 Years,42,18,24,5,2,3,1,0,1,0,0,0,36,16,20
DIMMIT COUNTY,127,83 Years,44,16,28,8,3,5,0,0,0,0,0,0,36,13,23
DIMMIT COUNTY,127,84 Years,32,12,20,6,3,3,1,0,1,1,0,1,24,9,15
DIMMIT COUNTY,127,85 Years +,226,83,143,54,18,36,2,0,2,5,2,3,165,63,102
DONLEY COUNTY,129,All Ages,3724,1848,1876,3162,1582,1580,164,71,93,75,30,45,323,165,158
DONLEY COUNTY,129,< 1 Year,33,17,16,26,12,14,2,2,0,0,0,0,5,3,2
DONLEY COUNTY,129,1 Years,37,18,19,28,13,15,2,1,1,0,0,0,7,4,3
DONLEY COUNTY,129,2 Years,37,18,19,29,15,14,3,2,1,0,0,0,5,1,4
DONLEY COUNTY,129,3 Years,53,24,29,45,23,22,1,0,1,2,0,2,5,1,4
DONLEY COUNTY,129,4 Years,40,23,17,31,18,13,2,2,0,0,0,0,7,3,4
DONLEY COUNTY,129,5 Years,38,22,16,29,17,12,3,2,1,0,0,0,6,3,3
DONLEY COUNTY,129,6 Years,39,22,17,30,18,12,2,1,1,3,0,3,4,3,1
DONLEY COUNTY,129,7 Years,29,15,14,19,10,9,3,2,1,1,0,1,6,3,3
DONLEY COUNTY,129,8 Years,42,18,24,32,12,20,5,3,2,1,1,0,4,2,2
DONLEY COUNTY,129,9 Years,40,20,20,29,13,16,4,3,1,2,1,1,5,3,2
DONLEY COUNTY,129,10 Years,36,20,16,27,16,11,3,1,2,2,1,1,4,2,2
DONLEY COUNTY,129,11 Years,39,22,17,25,16,9,3,1,2,2,1,1,9,4,5
DONLEY COUNTY,129,12 Years,35,18,17,26,16,10,4,1,3,0,0,0,5,1,4
DONLEY COUNTY,129,13 Years,47,24,23,37,20,17,2,0,2,2,0,2,6,4,2
DONLEY COUNTY,129,14 Years,40,23,17,33,20,13,1,0,1,2,0,2,4,3,1
DONLEY COUNTY,129,15 Years,45,22,23,34,20,14,3,1,2,2,0,2,6,1,5
DONLEY COUNTY,129,16 Years,38,19,19,28,17,11,4,1,3,0,0,0,6,1,5
DONLEY COUNTY,129,17 Years,52,28,24,40,24,16,5,0,5,0,0,0,7,4,3
DONLEY COUNTY,129,18 Years,62,35,27,48,28,20,3,0,3,3,1,2,8,6,2
DONLEY COUNTY,129,19 Years,56,27,29,45,24,21,4,1,3,1,0,1,6,2,4
DONLEY COUNTY,129,20 Years,77,37,40,55,26,29,7,4,3,3,2,1,12,5,7
DONLEY COUNTY,129,21 Years,129,68,61,98,50,48,8,4,4,2,1,1,21,13,8
DONLEY COUNTY,129,22 Years,116,68,48,91,51,40,9,5,4,1,1,0,15,11,4
DONLEY COUNTY,129,23 Years,54,27,27,43,19,24,5,3,2,0,0,0,6,5,1
DONLEY COUNTY,129,24 Years,41,22,19,32,15,17,4,4,0,0,0,0,5,3,2
DONLEY COUNTY,129,25 Years,27,13,14,20,9,11,2,1,1,2,2,0,3,1,2
DONLEY COUNTY,129,26 Years,26,15,11,22,12,10,0,0,0,1,1,0,3,2,1
DONLEY COUNTY,129,27 Years,38,17,21,30,14,16,1,0,1,0,0,0,7,3,4
DONLEY COUNTY,129,28 Years,38,19,19,33,18,15,1,0,1,0,0,0,4,1,3
DONLEY COUNTY,129,29 Years,36,20,16,31,18,13,0,0,0,0,0,0,5,2,3
DONLEY COUNTY,129,30 Years,50,25,25,40,20,20,1,0,1,1,0,1,8,5,3
DONLEY COUNTY,129,31 Years,35,18,17,29,16,13,1,0,1,1,0,1,4,2,2
DONLEY COUNTY,129,32 Years,41,22,19,33,17,16,2,1,1,0,0,0,6,4,2
DONLEY COUNTY,129,33 Years,34,19,15,28,17,11,1,0,1,0,0,0,5,2,3
DONLEY COUNTY,129,34 Years,32,18,14,28,16,12,1,0,1,1,1,0,2,1,1
DONLEY COUNTY,129,35 Years,31,14,17,25,12,13,1,0,1,1,1,0,4,1,3
DONLEY COUNTY,129,36 Years,30,13,17,25,11,14,2,0,2,0,0,0,3,2,1
DONLEY COUNTY,129,37 Years,33,18,15,27,16,11,1,0,1,0,0,0,5,2,3
DONLEY COUNTY,129,38 Years,30,13,17,25,11,14,2,1,1,1,1,0,2,0,2
DONLEY COUNTY,129,39 Years,31,15,16,23,9,14,2,1,1,1,1,0,5,4,1
DONLEY COUNTY,129,40 Years,33,17,16,25,12,13,3,2,1,1,1,0,4,2,2
DONLEY COUNTY,129,41 Years,42,23,19,39,21,18,3,2,1,0,0,0,0,0,0
DONLEY COUNTY,129,42 Years,40,21,19,36,18,18,2,2,0,1,1,0,1,0,1
DONLEY COUNTY,129,43 Years,34,18,16,31,16,15,1,1,0,2,1,1,0,0,0
DONLEY COUNTY,129,44 Years,33,15,18,26,13,13,1,0,1,3,1,2,3,1,2
DONLEY COUNTY,129,45 Years,33,16,17,29,15,14,0,0,0,1,0,1,3,1,2
DONLEY COUNTY,129,46 Years,44,18,26,38,14,24,2,1,1,0,0,0,4,3,1
DONLEY COUNTY,129,47 Years,37,19,18,34,17,17,2,1,1,0,0,0,1,1,0
DONLEY COUNTY,129,48 Years,47,21,26,43,20,23,1,1,0,1,0,1,2,0,2
DONLEY COUNTY,129,49 Years,57,27,30,51,26,25,1,1,0,3,0,3,2,0,2
DONLEY COUNTY,129,50 Years,55,28,27,46,25,21,5,2,3,2,0,2,2,1,1
DONLEY COUNTY,129,51 Years,51,26,25,43,22,21,1,0,1,0,0,0,7,4,3
DONLEY COUNTY,129,52 Years,50,21,29,41,18,23,1,0,1,0,0,0,8,3,5
DONLEY COUNTY,129,53 Years,49,24,25,41,19,22,2,1,1,1,1,0,5,3,2
DONLEY COUNTY,129,54 Years,43,19,24,38,18,20,2,0,2,1,1,0,2,0,2
DONLEY COUNTY,129,55 Years,45,22,23,37,17,20,0,0,0,3,2,1,5,3,2
DONLEY COUNTY,129,56 Years,57,29,28,52,25,27,0,0,0,1,1,0,4,3,1
DONLEY COUNTY,129,57 Years,56,32,24,51,30,21,3,1,2,1,0,1,1,1,0
DONLEY COUNTY,129,58 Years,47,24,23,45,24,21,2,0,2,0,0,0,0,0,0
DONLEY COUNTY,129,59 Years,43,23,20,40,21,19,2,1,1,0,0,0,1,1,0
DONLEY COUNTY,129,60 Years,42,22,20,39,20,19,2,1,1,0,0,0,1,1,0
DONLEY COUNTY,129,61 Years,48,24,24,45,22,23,1,1,0,0,0,0,2,1,1
DONLEY COUNTY,129,62 Years,52,27,25,47,26,21,0,0,0,1,0,1,4,1,3
DONLEY COUNTY,129,63 Years,59,31,28,53,28,25,1,1,0,1,0,1,4,2,2
DONLEY COUNTY,129,64 Years,49,18,31,46,17,29,1,1,0,1,0,1,1,0,1
DONLEY COUNTY,129,65 Years,48,24,24,46,23,23,0,0,0,2,1,1,0,0,0
DONLEY COUNTY,129,66 Years,43,17,26,39,15,24,0,0,0,1,0,1,3,2,1
DONLEY COUNTY,129,67 Years,39,18,21,35,16,19,1,0,1,0,0,0,3,2,1
DONLEY COUNTY,129,68 Years,52,23,29,50,23,27,1,0,1,0,0,0,1,0,1
DONLEY COUNTY,129,69 Years,47,21,26,44,20,24,0,0,0,2,1,1,1,0,1
DONLEY COUNTY,129,70 Years,39,16,23,37,15,22,0,0,0,1,0,1,1,1,0
DONLEY COUNTY,129,71 Years,44,24,20,42,23,19,1,0,1,0,0,0,1,1,0
DONLEY COUNTY,129,72 Years,47,26,21,43,23,20,2,1,1,0,0,0,2,2,0
DONLEY COUNTY,129,73 Years,37,19,18,35,19,16,1,0,1,0,0,0,1,0,1
DONLEY COUNTY,129,74 Years,33,13,20,32,13,19,0,0,0,0,0,0,1,0,1
DONLEY COUNTY,129,75 Years,40,18,22,38,18,20,1,0,1,1,0,1,0,0,0
DONLEY COUNTY,129,76 Years,36,16,20,34,16,18,1,0,1,1,0,1,0,0,0
DONLEY COUNTY,129,77 Years,37,18,19,34,16,18,0,0,0,2,1,1,1,1,0
DONLEY COUNTY,129,78 Years,30,15,15,26,12,14,2,2,0,1,0,1,1,1,0
DONLEY COUNTY,129,79 Years,23,12,11,22,12,10,1,0,1,0,0,0,0,0,0
DONLEY COUNTY,129,80 Years,24,12,12,24,12,12,0,0,0,0,0,0,0,0,0
DONLEY COUNTY,129,81 Years,26,10,16,26,10,16,0,0,0,0,0,0,0,0,0
DONLEY COUNTY,129,82 Years,30,16,14,30,16,14,0,0,0,0,0,0,0,0,0
DONLEY COUNTY,129,83 Years,27,13,14,27,13,14,0,0,0,0,0,0,0,0,0
DONLEY COUNTY,129,84 Years,20,10,10,19,9,10,0,0,0,1,1,0,0,0,0
DONLEY COUNTY,129,85 Years +,89,26,63,84,25,59,4,0,4,1,1,0,0,0,0
DUVAL COUNTY,131,All Ages,11979,6184,5795,1216,699,517,86,82,4,69,33,36,10608,5370,5238
DUVAL COUNTY,131,< 1 Year,182,92,90,16,8,8,0,0,0,1,1,0,165,83,82
DUVAL COUNTY,131,1 Years,172,84,88,12,5,7,0,0,0,1,1,0,159,78,81
DUVAL COUNTY,131,2 Years,174,84,90,10,5,5,1,1,0,0,0,0,163,78,85
DUVAL COUNTY,131,3 Years,181,96,85,13,6,7,1,1,0,0,0,0,167,89,78
DUVAL COUNTY,131,4 Years,176,83,93,14,6,8,1,1,0,2,1,1,159,75,84
DUVAL COUNTY,131,5 Years,166,87,79,11,4,7,1,1,0,1,0,1,153,82,71
DUVAL COUNTY,131,6 Years,151,68,83,9,5,4,0,0,0,1,0,1,141,63,78
DUVAL COUNTY,131,7 Years,183,97,86,17,10,7,0,0,0,1,1,0,165,86,79
DUVAL COUNTY,131,8 Years,167,93,74,13,7,6,0,0,0,1,1,0,153,85,68
DUVAL COUNTY,131,9 Years,167,100,67,15,10,5,0,0,0,0,0,0,152,90,62
DUVAL COUNTY,131,10 Years,154,85,69,13,10,3,0,0,0,1,1,0,140,74,66
DUVAL COUNTY,131,11 Years,148,74,74,10,7,3,0,0,0,1,0,1,137,67,70
DUVAL COUNTY,131,12 Years,189,88,101,22,11,11,0,0,0,1,0,1,166,77,89
DUVAL COUNTY,131,13 Years,159,75,84,15,8,7,0,0,0,0,0,0,144,67,77
DUVAL COUNTY,131,14 Years,161,77,84,13,7,6,0,0,0,1,0,1,147,70,77
DUVAL COUNTY,131,15 Years,165,77,88,8,6,2,0,0,0,0,0,0,157,71,86
DUVAL COUNTY,131,16 Years,176,82,94,15,5,10,0,0,0,1,0,1,160,77,83
DUVAL COUNTY,131,17 Years,186,94,92,12,4,8,1,0,1,1,0,1,172,90,82
DUVAL COUNTY,131,18 Years,203,107,96,20,10,10,0,0,0,1,0,1,182,97,85
DUVAL COUNTY,131,19 Years,198,119,79,13,9,4,0,0,0,0,0,0,185,110,75
DUVAL COUNTY,131,20 Years,195,107,88,14,10,4,1,1,0,1,1,0,179,95,84
DUVAL COUNTY,131,21 Years,195,107,88,12,8,4,3,3,0,0,0,0,180,96,84
DUVAL COUNTY,131,22 Years,153,84,69,15,11,4,0,0,0,0,0,0,138,73,65
DUVAL COUNTY,131,23 Years,156,93,63,14,10,4,3,3,0,1,1,0,138,79,59
DUVAL COUNTY,131,24 Years,151,89,62,13,12,1,3,3,0,1,1,0,134,73,61
DUVAL COUNTY,131,25 Years,159,96,63,12,8,4,1,1,0,1,1,0,145,86,59
DUVAL COUNTY,131,26 Years,159,92,67,10,7,3,2,2,0,1,1,0,146,82,64
DUVAL COUNTY,131,27 Years,130,72,58,10,8,2,1,1,0,1,1,0,118,62,56
DUVAL COUNTY,131,28 Years,141,78,63,14,9,5,1,1,0,0,0,0,126,68,58
DUVAL COUNTY,131,29 Years,137,77,60,17,11,6,0,0,0,1,0,1,119,66,53
DUVAL COUNTY,131,30 Years,123,72,51,17,11,6,3,3,0,1,0,1,102,58,44
DUVAL COUNTY,131,31 Years,129,65,64,12,8,4,2,2,0,1,0,1,114,55,59
DUVAL COUNTY,131,32 Years,138,70,68,11,4,7,2,2,0,0,0,0,125,64,61
DUVAL COUNTY,131,33 Years,132,73,59,16,10,6,1,1,0,2,2,0,113,60,53
DUVAL COUNTY,131,34 Years,130,68,62,14,4,10,0,0,0,1,1,0,115,63,52
DUVAL COUNTY,131,35 Years,144,79,65,22,14,8,1,1,0,2,1,1,119,63,56
DUVAL COUNTY,131,36 Years,130,71,59,16,8,8,1,1,0,0,0,0,113,62,51
DUVAL COUNTY,131,37 Years,119,61,58,11,7,4,2,2,0,2,2,0,104,50,54
DUVAL COUNTY,131,38 Years,140,66,74,17,11,6,1,1,0,1,1,0,121,53,68
DUVAL COUNTY,131,39 Years,132,65,67,14,7,7,2,2,0,1,0,1,115,56,59
DUVAL COUNTY,131,40 Years,143,93,50,21,17,4,1,1,0,1,0,1,120,75,45
DUVAL COUNTY,131,41 Years,146,79,67,12,6,6,4,4,0,0,0,0,130,69,61
DUVAL COUNTY,131,42 Years,122,65,57,5,2,3,4,4,0,0,0,0,113,59,54
DUVAL COUNTY,131,43 Years,132,67,65,13,9,4,0,0,0,1,0,1,118,58,60
DUVAL COUNTY,131,44 Years,142,79,63,17,15,2,4,4,0,1,0,1,120,60,60
DUVAL COUNTY,131,45 Years,147,88,59,14,10,4,5,5,0,1,0,1,127,73,54
DUVAL COUNTY,131,46 Years,150,81,69,13,10,3,5,4,1,3,0,3,129,67,62
DUVAL COUNTY,131,47 Years,148,80,68,15,14,1,2,2,0,2,1,1,129,63,66
DUVAL COUNTY,131,48 Years,144,79,65,18,13,5,2,2,0,0,0,0,124,64,60
DUVAL COUNTY,131,49 Years,160,78,82,17,9,8,3,3,0,1,0,1,139,66,73
DUVAL COUNTY,131,50 Years,180,96,84,14,6,8,3,3,0,2,1,1,161,86,75
DUVAL COUNTY,131,51 Years,196,114,82,19,11,8,2,1,1,0,0,0,175,102,73
DUVAL COUNTY,131,52 Years,169,85,84,17,11,6,2,1,1,2,1,1,148,72,76
DUVAL COUNTY,131,53 Years,153,84,69,22,17,5,1,1,0,1,1,0,129,65,64
DUVAL COUNTY,131,54 Years,160,88,72,20,12,8,1,1,0,1,1,0,138,74,64
DUVAL COUNTY,131,55 Years,156,84,72,19,9,10,4,4,0,0,0,0,133,71,62
DUVAL COUNTY,131,56 Years,135,72,63,17,7,10,3,3,0,0,0,0,115,62,53
DUVAL COUNTY,131,57 Years,135,64,71,17,7,10,1,1,0,1,1,0,116,55,61
DUVAL COUNTY,131,58 Years,135,68,67,12,6,6,1,1,0,0,0,0,122,61,61
DUVAL COUNTY,131,59 Years,135,80,55,17,14,3,0,0,0,1,1,0,117,65,52
DUVAL COUNTY,131,60 Years,125,80,45,18,15,3,0,0,0,1,1,0,106,64,42
DUVAL COUNTY,131,61 Years,122,58,64,12,6,6,2,2,0,0,0,0,108,50,58
DUVAL COUNTY,131,62 Years,120,48,72,17,4,13,0,0,0,1,0,1,102,44,58
DUVAL COUNTY,131,63 Years,125,59,66,14,7,7,0,0,0,2,1,1,109,51,58
DUVAL COUNTY,131,64 Years,127,64,63,14,7,7,1,1,0,2,1,1,110,55,55
DUVAL COUNTY,131,65 Years,123,65,58,15,6,9,0,0,0,1,1,0,107,58,49
DUVAL COUNTY,131,66 Years,131,60,71,16,8,8,0,0,0,1,1,0,114,51,63
DUVAL COUNTY,131,67 Years,149,73,76,17,10,7,0,0,0,1,1,0,131,62,69
DUVAL COUNTY,131,68 Years,132,64,68,16,8,8,0,0,0,2,1,1,114,55,59
DUVAL COUNTY,131,69 Years,115,59,56,10,6,4,0,0,0,1,0,1,104,53,51
DUVAL COUNTY,131,70 Years,99,47,52,10,5,5,0,0,0,0,0,0,89,42,47
DUVAL COUNTY,131,71 Years,96,43,53,13,5,8,0,0,0,0,0,0,83,38,45
DUVAL COUNTY,131,72 Years,87,40,47,12,3,9,0,0,0,2,0,2,73,37,36
DUVAL COUNTY,131,73 Years,104,46,58,16,7,9,0,0,0,1,0,1,87,39,48
DUVAL COUNTY,131,74 Years,77,35,42,14,7,7,0,0,0,0,0,0,63,28,35
DUVAL COUNTY,131,75 Years,73,33,40,13,7,6,0,0,0,0,0,0,60,26,34
DUVAL COUNTY,131,76 Years,86,36,50,11,5,6,0,0,0,0,0,0,75,31,44
DUVAL COUNTY,131,77 Years,79,36,43,9,6,3,0,0,0,0,0,0,70,30,40
DUVAL COUNTY,131,78 Years,60,27,33,8,6,2,0,0,0,1,0,1,51,21,30
DUVAL COUNTY,131,79 Years,74,31,43,11,6,5,0,0,0,1,0,1,62,25,37
DUVAL COUNTY,131,80 Years,74,34,40,14,9,5,0,0,0,0,0,0,60,25,35
DUVAL COUNTY,131,81 Years,76,38,38,12,7,5,0,0,0,0,0,0,64,31,33
DUVAL COUNTY,131,82 Years,53,21,32,8,3,5,0,0,0,0,0,0,45,18,27
DUVAL COUNTY,131,83 Years,56,22,34,6,2,4,0,0,0,0,0,0,50,20,30
DUVAL COUNTY,131,84 Years,53,24,29,8,5,3,0,0,0,0,0,0,45,19,26
DUVAL COUNTY,131,85 Years +,224,70,154,31,13,18,0,0,0,1,0,1,192,57,135
EASTLAND COUNTY,133,All Ages,18588,9079,9509,15141,7275,7866,324,192,132,334,171,163,2789,1441,1348
EASTLAND COUNTY,133,< 1 Year,185,92,93,145,71,74,1,1,0,5,3,2,34,17,17
EASTLAND COUNTY,133,1 Years,226,114,112,163,81,82,5,3,2,4,2,2,54,28,26
EASTLAND COUNTY,133,2 Years,223,117,106,164,85,79,3,3,0,3,1,2,53,28,25
EASTLAND COUNTY,133,3 Years,215,111,104,147,76,71,2,2,0,3,1,2,63,32,31
EASTLAND COUNTY,133,4 Years,224,111,113,149,72,77,4,2,2,5,2,3,66,35,31
EASTLAND COUNTY,133,5 Years,212,100,112,146,74,72,2,1,1,6,3,3,58,22,36
EASTLAND COUNTY,133,6 Years,239,108,131,168,79,89,1,1,0,5,3,2,65,25,40
EASTLAND COUNTY,133,7 Years,226,104,122,157,70,87,3,2,1,5,3,2,61,29,32
EASTLAND COUNTY,133,8 Years,232,108,124,159,74,85,3,0,3,6,2,4,64,32,32
EASTLAND COUNTY,133,9 Years,249,132,117,181,98,83,2,0,2,5,3,2,61,31,30
EASTLAND COUNTY,133,10 Years,231,123,108,171,92,79,1,0,1,4,1,3,55,30,25
EASTLAND COUNTY,133,11 Years,218,122,96,158,90,68,3,1,2,4,1,3,53,30,23
EASTLAND COUNTY,133,12 Years,220,118,102,164,93,71,3,1,2,3,1,2,50,23,27
EASTLAND COUNTY,133,13 Years,238,124,114,177,93,84,1,0,1,8,5,3,52,26,26
EASTLAND COUNTY,133,14 Years,212,100,112,154,73,81,3,1,2,3,2,1,52,24,28
EASTLAND COUNTY,133,15 Years,238,119,119,184,85,99,1,1,0,3,2,1,50,31,19
EASTLAND COUNTY,133,16 Years,257,125,132,202,93,109,1,0,1,3,2,1,51,30,21
EASTLAND COUNTY,133,17 Years,245,117,128,179,78,101,2,2,0,4,2,2,60,35,25
EASTLAND COUNTY,133,18 Years,248,124,124,183,90,93,3,2,1,4,3,1,58,29,29
EASTLAND COUNTY,133,19 Years,244,136,108,179,99,80,8,6,2,3,3,0,54,28,26
EASTLAND COUNTY,133,20 Years,288,149,139,198,96,102,21,9,12,2,1,1,67,43,24
EASTLAND COUNTY,133,21 Years,432,248,184,270,160,110,56,35,21,13,9,4,93,44,49
EASTLAND COUNTY,133,22 Years,347,198,149,220,126,94,38,26,12,11,7,4,78,39,39
EASTLAND COUNTY,133,23 Years,235,130,105,155,82,73,26,22,4,5,3,2,49,23,26
EASTLAND COUNTY,133,24 Years,189,101,88,129,64,65,16,12,4,3,2,1,41,23,18
EASTLAND COUNTY,133,25 Years,176,94,82,119,62,57,9,6,3,2,2,0,46,24,22
EASTLAND COUNTY,133,26 Years,185,88,97,138,64,74,3,2,1,1,1,0,43,21,22
EASTLAND COUNTY,133,27 Years,204,92,112,155,67,88,1,1,0,5,2,3,43,22,21
EASTLAND COUNTY,133,28 Years,167,84,83,131,67,64,1,0,1,3,2,1,32,15,17
EASTLAND COUNTY,133,29 Years,204,98,106,152,70,82,3,2,1,3,1,2,46,25,21
EASTLAND COUNTY,133,30 Years,199,105,94,161,81,80,2,2,0,1,1,0,35,21,14
EASTLAND COUNTY,133,31 Years,195,100,95,156,84,72,3,2,1,4,1,3,32,13,19
EASTLAND COUNTY,133,32 Years,203,94,109,162,73,89,2,2,0,4,1,3,35,18,17
EASTLAND COUNTY,133,33 Years,193,98,95,149,71,78,2,1,1,5,3,2,37,23,14
EASTLAND COUNTY,133,34 Years,167,78,89,127,62,65,1,0,1,4,1,3,35,15,20
EASTLAND COUNTY,133,35 Years,172,93,79,134,74,60,1,1,0,2,0,2,35,18,17
EASTLAND COUNTY,133,36 Years,190,97,93,157,76,81,1,1,0,2,1,1,30,19,11
EASTLAND COUNTY,133,37 Years,180,94,86,152,78,74,2,1,1,2,0,2,24,15,9
EASTLAND COUNTY,133,38 Years,160,86,74,132,71,61,2,1,1,4,2,2,22,12,10
EASTLAND COUNTY,133,39 Years,156,68,88,126,57,69,1,1,0,5,2,3,24,8,16
EASTLAND COUNTY,133,40 Years,179,89,90,152,76,76,0,0,0,3,2,1,24,11,13
EASTLAND COUNTY,133,41 Years,176,83,93,144,68,76,0,0,0,5,3,2,27,12,15
EASTLAND COUNTY,133,42 Years,186,95,91,147,75,72,0,0,0,3,3,0,36,17,19
EASTLAND COUNTY,133,43 Years,189,94,95,153,75,78,0,0,0,5,3,2,31,16,15
EASTLAND COUNTY,133,44 Years,177,81,96,149,68,81,1,0,1,5,1,4,22,12,10
EASTLAND COUNTY,133,45 Years,187,80,107,158,65,93,1,0,1,4,1,3,24,14,10
EASTLAND COUNTY,133,46 Years,199,98,101,168,79,89,1,1,0,3,2,1,27,16,11
EASTLAND COUNTY,133,47 Years,216,109,107,187,93,94,1,1,0,3,0,3,25,15,10
EASTLAND COUNTY,133,48 Years,232,109,123,192,90,102,3,2,1,7,3,4,30,14,16
EASTLAND COUNTY,133,49 Years,256,131,125,203,107,96,1,0,1,7,2,5,45,22,23
EASTLAND COUNTY,133,50 Years,280,142,138,242,121,121,4,3,1,5,3,2,29,15,14
EASTLAND COUNTY,133,51 Years,261,133,128,219,105,114,5,4,1,5,4,1,32,20,12
EASTLAND COUNTY,133,52 Years,272,131,141,228,105,123,3,1,2,5,4,1,36,21,15
EASTLAND COUNTY,133,53 Years,308,141,167,268,119,149,3,2,1,5,4,1,32,16,16
EASTLAND COUNTY,133,54 Years,303,150,153,264,128,136,5,2,3,7,5,2,27,15,12
EASTLAND COUNTY,133,55 Years,268,134,134,233,116,117,4,2,2,4,2,2,27,14,13
EASTLAND COUNTY,133,56 Years,258,129,129,228,111,117,4,2,2,3,2,1,23,14,9
EASTLAND COUNTY,133,57 Years,250,128,122,218,110,108,2,1,1,5,0,5,25,17,8
EASTLAND COUNTY,133,58 Years,222,115,107,196,99,97,1,1,0,5,2,3,20,13,7
EASTLAND COUNTY,133,59 Years,227,117,110,193,96,97,3,2,1,5,2,3,26,17,9
EASTLAND COUNTY,133,60 Years,257,128,129,226,112,114,1,0,1,5,2,3,25,14,11
EASTLAND COUNTY,133,61 Years,256,125,131,232,112,120,2,1,1,4,2,2,18,10,8
EASTLAND COUNTY,133,62 Years,253,120,133,234,108,126,4,2,2,2,2,0,13,8,5
EASTLAND COUNTY,133,63 Years,220,103,117,207,98,109,3,1,2,2,1,1,8,3,5
EASTLAND COUNTY,133,64 Years,270,126,144,243,112,131,1,0,1,5,2,3,21,12,9
EASTLAND COUNTY,133,65 Years,287,127,160,261,112,149,1,0,1,5,3,2,20,12,8
EASTLAND COUNTY,133,66 Years,231,104,127,210,93,117,0,0,0,5,3,2,16,8,8
EASTLAND COUNTY,133,67 Years,218,107,111,208,102,106,0,0,0,1,0,1,9,5,4
EASTLAND COUNTY,133,68 Years,210,108,102,197,103,94,2,0,2,3,2,1,8,3,5
EASTLAND COUNTY,133,69 Years,230,104,126,213,97,116,2,1,1,5,3,2,10,3,7
EASTLAND COUNTY,133,70 Years,209,95,114,193,90,103,0,0,0,5,2,3,11,3,8
EASTLAND COUNTY,133,71 Years,179,77,102,170,74,96,0,0,0,1,0,1,8,3,5
EASTLAND COUNTY,133,72 Years,188,89,99,174,83,91,5,3,2,3,2,1,6,1,5
EASTLAND COUNTY,133,73 Years,190,90,100,175,85,90,2,1,1,4,1,3,9,3,6
EASTLAND COUNTY,133,74 Years,165,80,85,156,76,80,1,0,1,3,2,1,5,2,3
EASTLAND COUNTY,133,75 Years,156,71,85,146,65,81,2,0,2,2,2,0,6,4,2
EASTLAND COUNTY,133,76 Years,147,65,82,136,60,76,1,0,1,2,1,1,8,4,4
EASTLAND COUNTY,133,77 Years,150,67,83,142,63,79,0,0,0,2,1,1,6,3,3
EASTLAND COUNTY,133,78 Years,128,59,69,118,55,63,3,1,2,1,1,0,6,2,4
EASTLAND COUNTY,133,79 Years,129,60,69,116,53,63,2,1,1,2,1,1,9,5,4
EASTLAND COUNTY,133,80 Years,128,58,70,118,52,66,2,1,1,2,1,1,6,4,2
EASTLAND COUNTY,133,81 Years,111,50,61,103,49,54,1,0,1,1,0,1,6,1,5
EASTLAND COUNTY,133,82 Years,102,39,63,96,38,58,0,0,0,0,0,0,6,1,5
EASTLAND COUNTY,133,83 Years,95,41,54,91,38,53,0,0,0,1,1,0,3,2,1
EASTLAND COUNTY,133,84 Years,92,33,59,88,30,58,0,0,0,1,1,0,3,2,1
EASTLAND COUNTY,133,85 Years +,517,164,353,493,158,335,4,0,4,6,0,6,14,6,8
ECTOR COUNTY,135,All Ages,143141,70761,72380,56779,27815,28964,5813,2900,2913,3093,1518,1575,77456,38528,38928
ECTOR COUNTY,135,< 1 Year,2633,1362,1271,805,426,379,90,46,44,48,27,21,1690,863,827
ECTOR COUNTY,135,1 Years,2565,1310,1255,731,375,356,93,46,47,40,20,20,1701,869,832
ECTOR COUNTY,135,2 Years,2544,1314,1230,649,349,300,108,51,57,62,33,29,1725,881,844
ECTOR COUNTY,135,3 Years,2507,1267,1240,683,360,323,95,47,48,56,28,28,1673,832,841
ECTOR COUNTY,135,4 Years,2485,1256,1229,672,356,316,113,55,58,60,29,31,1640,816,824
ECTOR COUNTY,135,5 Years,2454,1252,1202,656,326,330,104,49,55,57,29,28,1637,848,789
ECTOR COUNTY,135,6 Years,2313,1187,1126,596,295,301,91,48,43,54,26,28,1572,818,754
ECTOR COUNTY,135,7 Years,2329,1195,1134,586,301,285,93,48,45,65,31,34,1585,815,770
ECTOR COUNTY,135,8 Years,2352,1204,1148,627,320,307,91,49,42,60,32,28,1574,803,771
ECTOR COUNTY,135,9 Years,2357,1188,1169,603,299,304,100,50,50,57,29,28,1597,810,787
ECTOR COUNTY,135,10 Years,2246,1143,1103,585,317,268,92,43,49,48,16,32,1521,767,754
ECTOR COUNTY,135,11 Years,2175,1124,1051,568,300,268,79,41,38,52,25,27,1476,758,718
ECTOR COUNTY,135,12 Years,2183,1135,1048,566,300,266,98,55,43,58,30,28,1461,750,711
ECTOR COUNTY,135,13 Years,2174,1141,1033,590,327,263,94,54,40,55,30,25,1435,730,705
ECTOR COUNTY,135,14 Years,2164,1119,1045,634,334,300,90,46,44,58,33,25,1382,706,676
ECTOR COUNTY,135,15 Years,2097,1085,1012,613,318,295,77,45,32,53,29,24,1354,693,661
ECTOR COUNTY,135,16 Years,2010,1025,985,603,293,310,86,43,43,38,19,19,1283,670,613
ECTOR COUNTY,135,17 Years,1963,994,969,560,284,276,82,41,41,51,28,23,1270,641,629
ECTOR COUNTY,135,18 Years,2025,1022,1003,604,317,287,85,47,38,34,17,17,1302,641,661
ECTOR COUNTY,135,19 Years,2136,1056,1080,650,334,316,98,50,48,36,22,14,1352,650,702
ECTOR COUNTY,135,20 Years,2177,1081,1096,690,353,337,93,44,49,48,28,20,1346,656,690
ECTOR COUNTY,135,21 Years,2231,1085,1146,747,358,389,93,48,45,46,25,21,1345,654,691
ECTOR COUNTY,135,22 Years,2254,1118,1136,749,352,397,92,48,44,43,22,21,1370,696,674
ECTOR COUNTY,135,23 Years,2276,1146,1130,731,382,349,95,47,48,43,21,22,1407,696,711
ECTOR COUNTY,135,24 Years,2192,1077,1115,770,389,381,98,45,53,37,15,22,1287,628,659
ECTOR COUNTY,135,25 Years,2295,1139,1156,805,410,395,99,55,44,45,20,25,1346,654,692
ECTOR COUNTY,135,26 Years,2301,1165,1136,824,415,409,92,46,46,48,22,26,1337,682,655
ECTOR COUNTY,135,27 Years,2227,1094,1133,828,406,422,91,46,45,43,17,26,1265,625,640
ECTOR COUNTY,135,28 Years,2136,1073,1063,778,396,382,82,44,38,36,14,22,1240,619,621
ECTOR COUNTY,135,29 Years,2259,1162,1097,831,423,408,84,41,43,35,17,18,1309,681,628
ECTOR COUNTY,135,30 Years,2153,1103,1050,770,378,392,80,46,34,47,23,24,1256,656,600
ECTOR COUNTY,135,31 Years,2094,1067,1027,776,383,393,77,43,34,46,24,22,1195,617,578
ECTOR COUNTY,135,32 Years,2052,1052,1000,778,381,397,71,39,32,46,24,22,1157,608,549
ECTOR COUNTY,135,33 Years,1875,945,930,702,366,336,73,38,35,38,14,24,1062,527,535
ECTOR COUNTY,135,34 Years,1797,895,902,671,355,316,75,36,39,41,15,26,1010,489,521
ECTOR COUNTY,135,35 Years,1792,892,900,638,330,308,63,32,31,37,16,21,1054,514,540
ECTOR COUNTY,135,36 Years,1785,907,878,606,322,284,62,34,28,41,22,19,1076,529,547
ECTOR COUNTY,135,37 Years,1766,890,876,614,317,297,68,38,30,33,16,17,1051,519,532
ECTOR COUNTY,135,38 Years,1668,799,869,598,300,298,65,34,31,31,16,15,974,449,525
ECTOR COUNTY,135,39 Years,1639,803,836,625,310,315,57,31,26,37,19,18,920,443,477
ECTOR COUNTY,135,40 Years,1733,841,892,635,309,326,71,34,37,47,24,23,980,474,506
ECTOR COUNTY,135,41 Years,1788,896,892,678,327,351,71,39,32,53,24,29,986,506,480
ECTOR COUNTY,135,42 Years,1688,856,832,652,335,317,66,35,31,39,20,19,931,466,465
ECTOR COUNTY,135,43 Years,1619,781,838,648,311,337,61,29,32,27,15,12,883,426,457
ECTOR COUNTY,135,44 Years,1618,789,829,622,298,324,62,30,32,34,19,15,900,442,458
ECTOR COUNTY,135,45 Years,1564,771,793,594,285,309,68,30,38,27,16,11,875,440,435
ECTOR COUNTY,135,46 Years,1610,788,822,661,319,342,62,35,27,29,17,12,858,417,441
ECTOR COUNTY,135,47 Years,1726,858,868,730,372,358,77,45,32,33,18,15,886,423,463
ECTOR COUNTY,135,48 Years,1744,836,908,792,387,405,87,41,46,31,14,17,834,394,440
ECTOR COUNTY,135,49 Years,1829,882,947,888,416,472,71,35,36,38,20,18,832,411,421
ECTOR COUNTY,135,50 Years,1838,909,929,877,432,445,77,37,40,40,22,18,844,418,426
ECTOR COUNTY,135,51 Years,1886,926,960,918,447,471,94,44,50,42,18,24,832,417,415
ECTOR COUNTY,135,52 Years,1876,923,953,907,451,456,92,48,44,42,19,23,835,405,430
ECTOR COUNTY,135,53 Years,1861,895,966,969,481,488,85,38,47,39,17,22,768,359,409
ECTOR COUNTY,135,54 Years,1838,892,946,947,465,482,77,36,41,48,20,28,766,371,395
ECTOR COUNTY,135,55 Years,1841,914,927,956,474,482,88,48,40,59,25,34,738,367,371
ECTOR COUNTY,135,56 Years,1829,898,931,982,483,499,81,46,35,43,21,22,723,348,375
ECTOR COUNTY,135,57 Years,1719,852,867,932,459,473,72,36,36,40,22,18,675,335,340
ECTOR COUNTY,135,58 Years,1623,799,824,897,453,444,73,35,38,44,26,18,609,285,324
ECTOR COUNTY,135,59 Years,1580,804,776,875,451,424,60,30,30,37,21,16,608,302,306
ECTOR COUNTY,135,60 Years,1501,737,764,852,410,442,53,25,28,34,18,16,562,284,278
ECTOR COUNTY,135,61 Years,1355,657,698,750,352,398,57,30,27,28,12,16,520,263,257
ECTOR COUNTY,135,62 Years,1370,685,685,762,393,369,55,29,26,32,14,18,521,249,272
ECTOR COUNTY,135,63 Years,1259,629,630,724,373,351,54,27,27,25,10,15,456,219,237
ECTOR COUNTY,135,64 Years,1182,568,614,701,336,365,44,22,22,23,12,11,414,198,216
ECTOR COUNTY,135,65 Years,1145,555,590,698,337,361,35,17,18,23,11,12,389,190,199
ECTOR COUNTY,135,66 Years,981,474,507,559,274,285,32,16,16,20,12,8,370,172,198
ECTOR COUNTY,135,67 Years,920,458,462,533,263,270,34,15,19,19,8,11,334,172,162
ECTOR COUNTY,135,68 Years,919,452,467,559,272,287,37,13,24,24,14,10,299,153,146
ECTOR COUNTY,135,69 Years,856,373,483,518,228,290,32,14,18,25,9,16,281,122,159
ECTOR COUNTY,135,70 Years,779,334,445,502,224,278,28,11,17,15,9,6,234,90,144
ECTOR COUNTY,135,71 Years,737,324,413,458,199,259,24,12,12,14,9,5,241,104,137
ECTOR COUNTY,135,72 Years,667,307,360,395,177,218,32,14,18,17,7,10,223,109,114
ECTOR COUNTY,135,73 Years,666,305,361,436,195,241,31,11,20,13,8,5,186,91,95
ECTOR COUNTY,135,74 Years,671,307,364,450,197,253,22,8,14,13,8,5,186,94,92
ECTOR COUNTY,135,75 Years,625,307,318,398,182,216,23,12,11,15,8,7,189,105,84
ECTOR COUNTY,135,76 Years,592,254,338,390,164,226,26,10,16,13,4,9,163,76,87
ECTOR COUNTY,135,77 Years,576,230,346,391,150,241,25,11,14,11,5,6,149,64,85
ECTOR COUNTY,135,78 Years,535,210,325,367,142,225,19,5,14,10,2,8,139,61,78
ECTOR COUNTY,135,79 Years,504,202,302,359,144,215,20,8,12,6,1,5,119,49,70
ECTOR COUNTY,135,80 Years,461,196,265,317,131,186,20,8,12,8,4,4,116,53,63
ECTOR COUNTY,135,81 Years,444,176,268,318,123,195,10,6,4,9,2,7,107,45,62
ECTOR COUNTY,135,82 Years,428,161,267,304,112,192,22,8,14,2,1,1,100,40,60
ECTOR COUNTY,135,83 Years,397,150,247,282,108,174,25,5,20,3,2,1,87,35,52
ECTOR COUNTY,135,84 Years,349,128,221,246,93,153,19,5,14,2,1,1,82,29,53
ECTOR COUNTY,135,85 Years +,1731,600,1131,1238,424,814,70,18,52,34,6,28,389,152,237
EDWARDS COUNTY,137,All Ages,2024,1037,987,946,472,474,13,10,3,18,8,10,1047,547,500
EDWARDS COUNTY,137,< 1 Year,25,14,11,11,4,7,1,1,0,0,0,0,13,9,4
EDWARDS COUNTY,137,1 Years,24,13,11,8,4,4,0,0,0,0,0,0,16,9,7
EDWARDS COUNTY,137,2 Years,23,10,13,7,4,3,0,0,0,0,0,0,16,6,10
EDWARDS COUNTY,137,3 Years,26,11,15,8,3,5,0,0,0,0,0,0,18,8,10
EDWARDS COUNTY,137,4 Years,17,8,9,7,4,3,0,0,0,0,0,0,10,4,6
EDWARDS COUNTY,137,5 Years,19,12,7,6,4,2,0,0,0,0,0,0,13,8,5
EDWARDS COUNTY,137,6 Years,27,16,11,10,5,5,0,0,0,1,1,0,16,10,6
EDWARDS COUNTY,137,7 Years,28,17,11,9,6,3,0,0,0,0,0,0,19,11,8
EDWARDS COUNTY,137,8 Years,24,15,9,9,5,4,1,1,0,0,0,0,14,9,5
EDWARDS COUNTY,137,9 Years,26,12,14,11,3,8,1,0,1,0,0,0,14,9,5
EDWARDS COUNTY,137,10 Years,30,20,10,14,9,5,0,0,0,0,0,0,16,11,5
EDWARDS COUNTY,137,11 Years,24,17,7,8,4,4,0,0,0,0,0,0,16,13,3
EDWARDS COUNTY,137,12 Years,18,8,10,4,1,3,0,0,0,0,0,0,14,7,7
EDWARDS COUNTY,137,13 Years,17,9,8,1,0,1,0,0,0,0,0,0,16,9,7
EDWARDS COUNTY,137,14 Years,18,9,9,1,0,1,0,0,0,0,0,0,17,9,8
EDWARDS COUNTY,137,15 Years,17,9,8,3,0,3,0,0,0,0,0,0,14,9,5
EDWARDS COUNTY,137,16 Years,29,17,12,6,4,2,0,0,0,0,0,0,23,13,10
EDWARDS COUNTY,137,17 Years,24,12,12,6,4,2,0,0,0,0,0,0,18,8,10
EDWARDS COUNTY,137,18 Years,20,10,10,6,4,2,0,0,0,0,0,0,14,6,8
EDWARDS COUNTY,137,19 Years,28,14,14,9,4,5,2,2,0,0,0,0,17,8,9
EDWARDS COUNTY,137,20 Years,29,16,13,7,5,2,1,1,0,0,0,0,21,10,11
EDWARDS COUNTY,137,21 Years,23,12,11,3,2,1,1,0,1,1,1,0,18,9,9
EDWARDS COUNTY,137,22 Years,23,12,11,4,2,2,0,0,0,1,1,0,18,9,9
EDWARDS COUNTY,137,23 Years,16,10,6,2,1,1,0,0,0,0,0,0,14,9,5
EDWARDS COUNTY,137,24 Years,12,6,6,1,0,1,0,0,0,0,0,0,11,6,5
EDWARDS COUNTY,137,25 Years,17,9,8,2,1,1,0,0,0,0,0,0,15,8,7
EDWARDS COUNTY,137,26 Years,26,14,12,7,3,4,0,0,0,0,0,0,19,11,8
EDWARDS COUNTY,137,27 Years,20,7,13,7,1,6,1,1,0,0,0,0,12,5,7
EDWARDS COUNTY,137,28 Years,18,6,12,6,1,5,0,0,0,0,0,0,12,5,7
EDWARDS COUNTY,137,29 Years,19,13,6,6,5,1,0,0,0,1,0,1,12,8,4
EDWARDS COUNTY,137,30 Years,17,10,7,5,3,2,0,0,0,0,0,0,12,7,5
EDWARDS COUNTY,137,31 Years,16,7,9,6,3,3,0,0,0,0,0,0,10,4,6
EDWARDS COUNTY,137,32 Years,22,10,12,6,1,5,0,0,0,0,0,0,16,9,7
EDWARDS COUNTY,137,33 Years,18,7,11,5,3,2,0,0,0,0,0,0,13,4,9
EDWARDS COUNTY,137,34 Years,19,9,10,8,5,3,0,0,0,0,0,0,11,4,7
EDWARDS COUNTY,137,35 Years,13,8,5,8,5,3,0,0,0,0,0,0,5,3,2
EDWARDS COUNTY,137,36 Years,12,6,6,7,3,4,0,0,0,0,0,0,5,3,2
EDWARDS COUNTY,137,37 Years,12,4,8,4,1,3,0,0,0,0,0,0,8,3,5
EDWARDS COUNTY,137,38 Years,17,7,10,5,3,2,0,0,0,0,0,0,12,4,8
EDWARDS COUNTY,137,39 Years,18,6,12,8,3,5,0,0,0,0,0,0,10,3,7
EDWARDS COUNTY,137,40 Years,21,7,14,9,5,4,0,0,0,0,0,0,12,2,10
EDWARDS COUNTY,137,41 Years,20,12,8,7,3,4,0,0,0,1,1,0,12,8,4
EDWARDS COUNTY,137,42 Years,22,11,11,9,2,7,0,0,0,0,0,0,13,9,4
EDWARDS COUNTY,137,43 Years,24,13,11,13,6,7,0,0,0,0,0,0,11,7,4
EDWARDS COUNTY,137,44 Years,20,10,10,10,5,5,0,0,0,1,1,0,9,4,5
EDWARDS COUNTY,137,45 Years,17,4,13,6,2,4,0,0,0,0,0,0,11,2,9
EDWARDS COUNTY,137,46 Years,19,9,10,7,3,4,0,0,0,0,0,0,12,6,6
EDWARDS COUNTY,137,47 Years,25,11,14,13,3,10,0,0,0,1,1,0,11,7,4
EDWARDS COUNTY,137,48 Years,38,21,17,15,8,7,0,0,0,2,0,2,21,13,8
EDWARDS COUNTY,137,49 Years,33,15,18,12,5,7,0,0,0,0,0,0,21,10,11
EDWARDS COUNTY,137,50 Years,30,12,18,11,5,6,0,0,0,0,0,0,19,7,12
EDWARDS COUNTY,137,51 Years,24,12,12,8,3,5,0,0,0,0,0,0,16,9,7
EDWARDS COUNTY,137,52 Years,29,15,14,14,7,7,0,0,0,0,0,0,15,8,7
EDWARDS COUNTY,137,53 Years,26,15,11,14,10,4,1,0,1,1,0,1,10,5,5
EDWARDS COUNTY,137,54 Years,28,16,12,14,7,7,0,0,0,1,0,1,13,9,4
EDWARDS COUNTY,137,55 Years,30,13,17,17,7,10,0,0,0,0,0,0,13,6,7
EDWARDS COUNTY,137,56 Years,28,12,16,19,7,12,1,1,0,0,0,0,8,4,4
EDWARDS COUNTY,137,57 Years,30,15,15,15,9,6,1,1,0,0,0,0,14,5,9
EDWARDS COUNTY,137,58 Years,33,15,18,19,8,11,0,0,0,1,0,1,13,7,6
EDWARDS COUNTY,137,59 Years,42,24,18,28,13,15,0,0,0,2,1,1,12,10,2
EDWARDS COUNTY,137,60 Years,35,17,18,23,10,13,0,0,0,0,0,0,12,7,5
EDWARDS COUNTY,137,61 Years,40,23,17,27,16,11,0,0,0,1,0,1,12,7,5
EDWARDS COUNTY,137,62 Years,33,15,18,19,9,10,0,0,0,0,0,0,14,6,8
EDWARDS COUNTY,137,63 Years,25,12,13,13,6,7,0,0,0,0,0,0,12,6,6
EDWARDS COUNTY,137,64 Years,39,29,10,26,21,5,0,0,0,0,0,0,13,8,5
EDWARDS COUNTY,137,65 Years,37,23,14,22,15,7,0,0,0,1,1,0,14,7,7
EDWARDS COUNTY,137,66 Years,28,16,12,17,10,7,0,0,0,0,0,0,11,6,5
EDWARDS COUNTY,137,67 Years,34,17,17,23,14,9,0,0,0,0,0,0,11,3,8
EDWARDS COUNTY,137,68 Years,37,19,18,28,15,13,0,0,0,0,0,0,9,4,5
EDWARDS COUNTY,137,69 Years,28,14,14,19,10,9,0,0,0,0,0,0,9,4,5
EDWARDS COUNTY,137,70 Years,35,21,14,26,16,10,0,0,0,0,0,0,9,5,4
EDWARDS COUNTY,137,71 Years,28,11,17,19,8,11,0,0,0,1,0,1,8,3,5
EDWARDS COUNTY,137,72 Years,22,9,13,15,7,8,0,0,0,1,0,1,6,2,4
EDWARDS COUNTY,137,73 Years,27,16,11,20,12,8,0,0,0,0,0,0,7,4,3
EDWARDS COUNTY,137,74 Years,17,10,7,12,6,6,0,0,0,0,0,0,5,4,1
EDWARDS COUNTY,137,75 Years,16,9,7,7,4,3,0,0,0,0,0,0,9,5,4
EDWARDS COUNTY,137,76 Years,15,7,8,9,4,5,1,1,0,0,0,0,5,2,3
EDWARDS COUNTY,137,77 Years,16,8,8,13,6,7,0,0,0,0,0,0,3,2,1
EDWARDS COUNTY,137,78 Years,13,8,5,9,4,5,0,0,0,0,0,0,4,4,0
EDWARDS COUNTY,137,79 Years,18,6,12,13,5,8,0,0,0,0,0,0,5,1,4
EDWARDS COUNTY,137,80 Years,16,5,11,11,2,9,0,0,0,0,0,0,5,3,2
EDWARDS COUNTY,137,81 Years,14,8,6,10,5,5,0,0,0,0,0,0,4,3,1
EDWARDS COUNTY,137,82 Years,15,10,5,10,6,4,0,0,0,0,0,0,5,4,1
EDWARDS COUNTY,137,83 Years,13,5,8,7,3,4,0,0,0,0,0,0,6,2,4
EDWARDS COUNTY,137,84 Years,10,4,6,8,4,4,0,0,0,0,0,0,2,0,2
EDWARDS COUNTY,137,85 Years +,43,21,22,29,13,16,1,1,0,0,0,0,13,7,6
ELLIS COUNTY,139,All Ages,154522,76392,78130,99701,48729,50972,13715,6630,7085,3534,1648,1886,37572,19385,18187
ELLIS COUNTY,139,< 1 Year,1891,1002,889,1073,574,499,160,82,78,43,24,19,615,322,293
ELLIS COUNTY,139,1 Years,2043,1052,991,1133,584,549,175,89,86,45,22,23,690,357,333
ELLIS COUNTY,139,2 Years,2064,1074,990,1121,583,538,173,89,84,53,25,28,717,377,340
ELLIS COUNTY,139,3 Years,2087,1094,993,1091,571,520,188,95,93,69,38,31,739,390,349
ELLIS COUNTY,139,4 Years,2184,1142,1042,1137,590,547,197,97,100,80,44,36,770,411,359
ELLIS COUNTY,139,5 Years,2266,1176,1090,1179,611,568,197,107,90,82,42,40,808,416,392
ELLIS COUNTY,139,6 Years,2338,1186,1152,1216,593,623,226,116,110,76,32,44,820,445,375
ELLIS COUNTY,139,7 Years,2335,1182,1153,1236,608,628,202,104,98,81,33,48,816,437,379
ELLIS COUNTY,139,8 Years,2321,1163,1158,1228,616,612,195,98,97,72,30,42,826,419,407
ELLIS COUNTY,139,9 Years,2447,1254,1193,1300,673,627,217,102,115,83,39,44,847,440,407
ELLIS COUNTY,139,10 Years,2529,1312,1217,1366,723,643,241,111,130,74,36,38,848,442,406
ELLIS COUNTY,139,11 Years,2509,1296,1213,1364,703,661,253,131,122,73,40,33,819,422,397
ELLIS COUNTY,139,12 Years,2582,1363,1219,1397,728,669,248,126,122,73,32,41,864,477,387
ELLIS COUNTY,139,13 Years,2605,1363,1242,1443,755,688,264,133,131,85,45,40,813,430,383
ELLIS COUNTY,139,14 Years,2629,1378,1251,1446,758,688,257,135,122,90,51,39,836,434,402
ELLIS COUNTY,139,15 Years,2660,1374,1286,1489,763,726,261,134,127,86,46,40,824,431,393
ELLIS COUNTY,139,16 Years,2721,1417,1304,1536,797,739,290,155,135,83,41,42,812,424,388
ELLIS COUNTY,139,17 Years,2686,1369,1317,1543,786,757,261,141,120,76,40,36,806,402,404
ELLIS COUNTY,139,18 Years,2634,1348,1286,1548,786,762,238,137,101,72,35,37,776,390,386
ELLIS COUNTY,139,19 Years,2523,1285,1238,1453,742,711,253,129,124,71,36,35,746,378,368
ELLIS COUNTY,139,20 Years,2232,1140,1092,1261,644,617,246,130,116,60,31,29,665,335,330
ELLIS COUNTY,139,21 Years,2063,1034,1029,1145,592,553,231,120,111,47,21,26,640,301,339
ELLIS COUNTY,139,22 Years,1954,995,959,1042,529,513,208,108,100,44,26,18,660,332,328
ELLIS COUNTY,139,23 Years,1857,980,877,1004,505,499,176,98,78,45,28,17,632,349,283
ELLIS COUNTY,139,24 Years,1770,928,842,1010,501,509,164,97,67,45,23,22,551,307,244
ELLIS COUNTY,139,25 Years,1747,862,885,1016,487,529,174,82,92,35,12,23,522,281,241
ELLIS COUNTY,139,26 Years,1778,888,890,1088,523,565,147,74,73,24,11,13,519,280,239
ELLIS COUNTY,139,27 Years,1764,843,921,1075,490,585,156,81,75,24,11,13,509,261,248
ELLIS COUNTY,139,28 Years,1747,833,914,1050,489,561,141,71,70,34,12,22,522,261,261
ELLIS COUNTY,139,29 Years,1783,874,909,1074,515,559,127,57,70,40,18,22,542,284,258
ELLIS COUNTY,139,30 Years,1837,853,984,1100,503,597,136,55,81,37,18,19,564,277,287
ELLIS COUNTY,139,31 Years,1902,902,1000,1140,536,604,134,63,71,43,19,24,585,284,301
ELLIS COUNTY,139,32 Years,1875,929,946,1130,560,570,142,63,79,36,20,16,567,286,281
ELLIS COUNTY,139,33 Years,1848,903,945,1126,527,599,158,73,85,36,15,21,528,288,240
ELLIS COUNTY,139,34 Years,1889,923,966,1150,545,605,168,81,87,33,10,23,538,287,251
ELLIS COUNTY,139,35 Years,1961,936,1025,1197,571,626,177,85,92,30,16,14,557,264,293
ELLIS COUNTY,139,36 Years,2023,974,1049,1228,608,620,173,77,96,43,16,27,579,273,306
ELLIS COUNTY,139,37 Years,2051,981,1070,1270,605,665,164,71,93,42,14,28,575,291,284
ELLIS COUNTY,139,38 Years,2017,922,1095,1238,560,678,183,76,107,43,22,21,553,264,289
ELLIS COUNTY,139,39 Years,2051,979,1072,1276,604,672,200,88,112,48,20,28,527,267,260
ELLIS COUNTY,139,40 Years,2147,1030,1117,1387,681,706,195,77,118,46,19,27,519,253,266
ELLIS COUNTY,139,41 Years,2353,1183,1170,1548,792,756,217,95,122,47,20,27,541,276,265
ELLIS COUNTY,139,42 Years,2306,1131,1175,1524,752,772,205,91,114,48,20,28,529,268,261
ELLIS COUNTY,139,43 Years,2149,1070,1079,1410,693,717,199,103,96,49,23,26,491,251,240
ELLIS COUNTY,139,44 Years,2124,1071,1053,1344,679,665,194,97,97,59,26,33,527,269,258
ELLIS COUNTY,139,45 Years,2144,1057,1087,1385,686,699,189,86,103,49,21,28,521,264,257
ELLIS COUNTY,139,46 Years,2161,1059,1102,1401,682,719,222,96,126,41,16,25,497,265,232
ELLIS COUNTY,139,47 Years,2199,1098,1101,1479,736,743,218,106,112,45,16,29,457,240,217
ELLIS COUNTY,139,48 Years,2227,1118,1109,1587,788,799,197,104,93,53,25,28,390,201,189
ELLIS COUNTY,139,49 Years,2248,1125,1123,1597,796,801,205,101,104,50,23,27,396,205,191
ELLIS COUNTY,139,50 Years,2344,1130,1214,1679,795,884,204,87,117,40,20,20,421,228,193
ELLIS COUNTY,139,51 Years,2329,1120,1209,1723,814,909,194,90,104,44,19,25,368,197,171
ELLIS COUNTY,139,52 Years,2350,1131,1219,1767,842,925,189,87,102,47,17,30,347,185,162
ELLIS COUNTY,139,53 Years,2162,1057,1105,1628,775,853,190,86,104,43,16,27,301,180,121
ELLIS COUNTY,139,54 Years,2205,1083,1122,1659,806,853,189,90,99,48,20,28,309,167,142
ELLIS COUNTY,139,55 Years,2148,1078,1070,1613,797,816,190,100,90,46,24,22,299,157,142
ELLIS COUNTY,139,56 Years,2103,1086,1017,1596,827,769,187,91,96,35,18,17,285,150,135
ELLIS COUNTY,139,57 Years,2039,1027,1012,1536,769,767,196,97,99,28,12,16,279,149,130
ELLIS COUNTY,139,58 Years,1946,955,991,1499,736,763,175,81,94,35,17,18,237,121,116
ELLIS COUNTY,139,59 Years,1794,868,926,1377,658,719,159,73,86,37,18,19,221,119,102
ELLIS COUNTY,139,60 Years,1702,832,870,1307,637,670,153,73,80,36,14,22,206,108,98
ELLIS COUNTY,139,61 Years,1667,796,871,1285,619,666,140,61,79,31,13,18,211,103,108
ELLIS COUNTY,139,62 Years,1611,788,823,1215,593,622,154,70,84,33,15,18,209,110,99
ELLIS COUNTY,139,63 Years,1557,751,806,1216,586,630,139,72,67,22,10,12,180,83,97
ELLIS COUNTY,139,64 Years,1557,742,815,1236,594,642,118,58,60,27,9,18,176,81,95
ELLIS COUNTY,139,65 Years,1552,740,812,1248,590,658,108,51,57,28,11,17,168,88,80
ELLIS COUNTY,139,66 Years,1236,599,637,969,465,504,104,47,57,23,11,12,140,76,64
ELLIS COUNTY,139,67 Years,1160,567,593,906,450,456,102,45,57,18,5,13,134,67,67
ELLIS COUNTY,139,68 Years,1136,564,572,920,455,465,80,41,39,20,8,12,116,60,56
ELLIS COUNTY,139,69 Years,1078,529,549,869,428,441,80,40,40,21,12,9,108,49,59
ELLIS COUNTY,139,70 Years,966,468,498,800,389,411,62,31,31,13,7,6,91,41,50
ELLIS COUNTY,139,71 Years,877,433,444,724,362,362,58,25,33,10,5,5,85,41,44
ELLIS COUNTY,139,72 Years,843,392,451,701,329,372,49,15,34,13,5,8,80,43,37
ELLIS COUNTY,139,73 Years,769,359,410,647,307,340,47,19,28,9,3,6,66,30,36
ELLIS COUNTY,139,74 Years,705,332,373,578,270,308,56,25,31,8,5,3,63,32,31
ELLIS COUNTY,139,75 Years,624,283,341,508,233,275,47,19,28,10,4,6,59,27,32
ELLIS COUNTY,139,76 Years,584,263,321,484,216,268,37,18,19,12,9,3,51,20,31
ELLIS COUNTY,139,77 Years,568,248,320,462,203,259,45,19,26,5,3,2,56,23,33
ELLIS COUNTY,139,78 Years,506,223,283,419,185,234,41,17,24,7,2,5,39,19,20
ELLIS COUNTY,139,79 Years,450,174,276,369,144,225,36,14,22,9,2,7,36,14,22
ELLIS COUNTY,139,80 Years,429,169,260,363,141,222,29,10,19,5,1,4,32,17,15
ELLIS COUNTY,139,81 Years,439,181,258,374,152,222,29,7,22,4,2,2,32,20,12
ELLIS COUNTY,139,82 Years,420,170,250,350,137,213,34,15,19,6,3,3,30,15,15
ELLIS COUNTY,139,83 Years,338,140,198,284,121,163,24,7,17,5,2,3,25,10,15
ELLIS COUNTY,139,84 Years,317,119,198,275,108,167,18,3,15,3,1,2,21,7,14
ELLIS COUNTY,139,85 Years +,1750,544,1206,1534,473,1061,110,29,81,10,2,8,96,40,56
EL PASO COUNTY,141,All Ages,834869,404966,429903,106254,56536,49718,21425,12394,9031,17816,8578,9238,689374,327458,361916
EL PASO COUNTY,141,< 1 Year,13886,7065,6821,1703,894,809,370,174,196,323,168,155,11490,5829,5661
EL PASO COUNTY,141,1 Years,13064,6645,6419,1330,683,647,312,155,157,296,149,147,11126,5658,5468
EL PASO COUNTY,141,2 Years,13161,6707,6454,1222,632,590,291,157,134,311,153,158,11337,5765,5572
EL PASO COUNTY,141,3 Years,12936,6552,6384,1255,657,598,281,147,134,342,171,171,11058,5577,5481
EL PASO COUNTY,141,4 Years,13135,6622,6513,1251,633,618,313,178,135,364,187,177,11207,5624,5583
EL PASO COUNTY,141,5 Years,13127,6732,6395,1178,620,558,305,174,131,329,174,155,11315,5764,5551
EL PASO COUNTY,141,6 Years,13238,6773,6465,1113,572,541,305,157,148,328,165,163,11492,5879,5613
EL PASO COUNTY,141,7 Years,13280,6706,6574,1112,564,548,308,157,151,306,151,155,11554,5834,5720
EL PASO COUNTY,141,8 Years,13227,6674,6553,1044,522,522,284,134,150,295,148,147,11604,5870,5734
EL PASO COUNTY,141,9 Years,13395,6826,6569,1052,524,528,276,126,150,289,137,152,11778,6039,5739
EL PASO COUNTY,141,10 Years,13232,6701,6531,1009,494,515,272,127,145,275,140,135,11676,5940,5736
EL PASO COUNTY,141,11 Years,13794,7048,6746,1031,543,488,308,148,160,265,133,132,12190,6224,5966
EL PASO COUNTY,141,12 Years,13760,7054,6706,1012,519,493,318,162,156,261,129,132,12169,6244,5925
EL PASO COUNTY,141,13 Years,13852,7073,6779,1006,507,499,326,159,167,238,116,122,12282,6291,5991
EL PASO COUNTY,141,14 Years,13784,6990,6794,907,461,446,315,167,148,226,103,123,12336,6259,6077
EL PASO COUNTY,141,15 Years,13918,7095,6823,925,469,456,314,164,150,253,112,141,12426,6350,6076
EL PASO COUNTY,141,16 Years,14305,7386,6919,1004,510,494,306,160,146,269,131,138,12726,6585,6141
EL PASO COUNTY,141,17 Years,14505,7530,6975,1090,596,494,332,179,153,251,119,132,12832,6636,6196
EL PASO COUNTY,141,18 Years,14461,7450,7011,1091,595,496,340,184,156,251,131,120,12779,6540,6239
EL PASO COUNTY,141,19 Years,14544,7615,6929,1259,770,489,364,212,152,233,132,101,12688,6501,6187
EL PASO COUNTY,141,20 Years,14150,7409,6741,1403,829,574,375,236,139,223,122,101,12149,6222,5927
EL PASO COUNTY,141,21 Years,14231,7395,6836,1575,933,642,373,236,137,275,153,122,12008,6073,5935
EL PASO COUNTY,141,22 Years,13823,7145,6678,1762,1031,731,382,240,142,305,173,132,11374,5701,5673
EL PASO COUNTY,141,23 Years,13225,6864,6361,1924,1141,783,431,274,157,306,170,136,10564,5279,5285
EL PASO COUNTY,141,24 Years,12960,6774,6186,1997,1202,795,430,282,148,306,169,137,10227,5121,5106
EL PASO COUNTY,141,25 Years,12506,6471,6035,1861,1137,724,365,236,129,304,168,136,9976,4930,5046
EL PASO COUNTY,141,26 Years,12369,6383,5986,1707,1063,644,374,227,147,312,162,150,9976,4931,5045
EL PASO COUNTY,141,27 Years,11916,6040,5876,1591,920,671,361,241,120,323,184,139,9641,4695,4946
EL PASO COUNTY,141,28 Years,11560,5838,5722,1560,876,684,400,259,141,353,182,171,9247,4521,4726
EL PASO COUNTY,141,29 Years,11301,5543,5758,1536,879,657,321,184,137,306,152,154,9138,4328,4810
EL PASO COUNTY,141,30 Years,11127,5410,5717,1517,834,683,291,156,135,298,147,151,9021,4273,4748
EL PASO COUNTY,141,31 Years,10824,5262,5562,1292,679,613,323,184,139,274,126,148,8935,4273,4662
EL PASO COUNTY,141,32 Years,10528,5075,5453,1252,656,596,330,193,137,293,136,157,8653,4090,4563
EL PASO COUNTY,141,33 Years,9798,4592,5206,1169,623,546,286,172,114,273,141,132,8070,3656,4414
EL PASO COUNTY,141,34 Years,9932,4737,5195,1207,639,568,294,174,120,282,129,153,8149,3795,4354
EL PASO COUNTY,141,35 Years,10138,4870,5268,1156,614,542,288,182,106,277,130,147,8417,3944,4473
EL PASO COUNTY,141,36 Years,10357,4899,5458,1127,590,537,285,172,113,253,122,131,8692,4015,4677
EL PASO COUNTY,141,37 Years,10712,5111,5601,1153,633,520,286,188,98,240,121,119,9033,4169,4864
EL PASO COUNTY,141,38 Years,10751,5111,5640,1114,593,521,297,188,109,253,130,123,9087,4200,4887
EL PASO COUNTY,141,39 Years,11085,5172,5913,1122,608,514,300,176,124,256,123,133,9407,4265,5142
EL PASO COUNTY,141,40 Years,11081,5193,5888,1253,685,568,340,213,127,266,133,133,9222,4162,5060
EL PASO COUNTY,141,41 Years,10908,5181,5727,1315,734,581,339,208,131,252,124,128,9002,4115,4887
EL PASO COUNTY,141,42 Years,10902,5199,5703,1299,729,570,348,209,139,224,104,120,9031,4157,4874
EL PASO COUNTY,141,43 Years,10363,4950,5413,1263,718,545,313,189,124,221,105,116,8566,3938,4628
EL PASO COUNTY,141,44 Years,10196,4830,5366,1205,685,520,331,205,126,229,112,117,8431,3828,4603
EL PASO COUNTY,141,45 Years,10069,4696,5373,1259,720,539,325,197,128,204,104,100,8281,3675,4606
EL PASO COUNTY,141,46 Years,10211,4818,5393,1424,791,633,339,216,123,199,109,90,8249,3702,4547
EL PASO COUNTY,141,47 Years,10511,4950,5561,1443,813,630,343,212,131,211,107,104,8514,3818,4696
EL PASO COUNTY,141,48 Years,10398,4903,5495,1481,802,679,317,193,124,202,89,113,8398,3819,4579
EL PASO COUNTY,141,49 Years,10411,4900,5511,1417,768,649,304,183,121,202,91,111,8488,3858,4630
EL PASO COUNTY,141,50 Years,10558,4929,5629,1501,814,687,269,163,106,183,79,104,8605,3873,4732
EL PASO COUNTY,141,51 Years,10567,4916,5651,1519,815,704,256,167,89,171,71,100,8621,3863,4758
EL PASO COUNTY,141,52 Years,10644,5013,5631,1521,806,715,282,175,107,190,90,100,8651,3942,4709
EL PASO COUNTY,141,53 Years,10195,4752,5443,1520,803,717,296,176,120,202,89,113,8177,3684,4493
EL PASO COUNTY,141,54 Years,10078,4709,5369,1557,818,739,269,171,98,205,98,107,8047,3622,4425
EL PASO COUNTY,141,55 Years,9736,4502,5234,1547,814,733,271,178,93,219,105,114,7699,3405,4294
EL PASO COUNTY,141,56 Years,9648,4447,5201,1533,792,741,272,173,99,183,86,97,7660,3396,4264
EL PASO COUNTY,141,57 Years,9250,4264,4986,1507,777,730,259,151,108,213,94,119,7271,3242,4029
EL PASO COUNTY,141,58 Years,8771,4019,4752,1517,781,736,208,124,84,164,69,95,6882,3045,3837
EL PASO COUNTY,141,59 Years,8371,3801,4570,1533,789,744,192,111,81,171,73,98,6475,2828,3647
EL PASO COUNTY,141,60 Years,7857,3661,4196,1470,783,687,171,102,69,160,60,100,6056,2716,3340
EL PASO COUNTY,141,61 Years,7622,3548,4074,1367,728,639,152,91,61,141,59,82,5962,2670,3292
EL PASO COUNTY,141,62 Years,7347,3405,3942,1378,737,641,148,90,58,159,66,93,5662,2512,3150
EL PASO COUNTY,141,63 Years,7064,3250,3814,1363,716,647,133,85,48,158,66,92,5410,2383,3027
EL PASO COUNTY,141,64 Years,6934,3245,3689,1437,793,644,125,76,49,139,61,78,5233,2315,2918
EL PASO COUNTY,141,65 Years,6625,3127,3498,1447,811,636,123,67,56,139,63,76,4916,2186,2730
EL PASO COUNTY,141,66 Years,5690,2634,3056,1101,617,484,114,64,50,124,55,69,4351,1898,2453
EL PASO COUNTY,141,67 Years,5299,2398,2901,990,525,465,118,62,56,95,36,59,4096,1775,2321
EL PASO COUNTY,141,68 Years,5062,2248,2814,1018,541,477,117,58,59,89,34,55,3838,1615,2223
EL PASO COUNTY,141,69 Years,4954,2203,2751,1037,551,486,116,61,55,94,32,62,3707,1559,2148
EL PASO COUNTY,141,70 Years,4586,2016,2570,962,490,472,107,56,51,86,29,57,3431,1441,1990
EL PASO COUNTY,141,71 Years,4301,1814,2487,868,413,455,95,46,49,70,23,47,3268,1332,1936
EL PASO COUNTY,141,72 Years,4208,1800,2408,794,377,417,83,37,46,81,21,60,3250,1365,1885
EL PASO COUNTY,141,73 Years,3998,1693,2305,793,392,401,77,42,35,73,25,48,3055,1234,1821
EL PASO COUNTY,141,74 Years,3842,1652,2190,770,388,382,76,35,41,66,32,34,2930,1197,1733
EL PASO COUNTY,141,75 Years,3667,1551,2116,765,373,392,72,32,40,56,24,32,2774,1122,1652
EL PASO COUNTY,141,76 Years,3540,1487,2053,740,346,394,75,43,32,49,20,29,2676,1078,1598
EL PASO COUNTY,141,77 Years,3348,1381,1967,705,332,373,64,31,33,50,17,33,2529,1001,1528
EL PASO COUNTY,141,78 Years,3159,1279,1880,674,303,371,82,43,39,42,12,30,2361,921,1440
EL PASO COUNTY,141,79 Years,2956,1191,1765,656,295,361,70,38,32,57,13,44,2173,845,1328
EL PASO COUNTY,141,80 Years,2883,1181,1702,626,304,322,75,37,38,55,19,36,2127,821,1306
EL PASO COUNTY,141,81 Years,2793,1117,1676,590,272,318,56,27,29,49,12,37,2098,806,1292
EL PASO COUNTY,141,82 Years,2712,1023,1689,618,281,337,54,26,28,38,9,29,2002,707,1295
EL PASO COUNTY,141,83 Years,2410,957,1453,545,244,301,41,24,17,41,12,29,1783,677,1106
EL PASO COUNTY,141,84 Years,2232,850,1382,503,205,298,36,21,15,41,13,28,1652,611,1041
EL PASO COUNTY,141,85 Years +,11015,3938,7077,2804,1020,1784,140,65,75,136,44,92,7935,2809,5126
ERATH COUNTY,143,All Ages,39208,19301,19907,30052,14522,15530,450,272,178,851,435,416,7855,4072,3783
ERATH COUNTY,143,< 1 Year,498,244,254,326,162,164,2,0,2,9,5,4,161,77,84
ERATH COUNTY,143,1 Years,508,258,250,319,165,154,10,5,5,13,6,7,166,82,84
ERATH COUNTY,143,2 Years,509,270,239,316,166,150,8,5,3,14,8,6,171,91,80
ERATH COUNTY,143,3 Years,499,255,244,313,158,155,5,3,2,14,9,5,167,85,82
ERATH COUNTY,143,4 Years,491,259,232,313,164,149,4,3,1,9,5,4,165,87,78
ERATH COUNTY,143,5 Years,487,253,234,302,153,149,3,3,0,10,6,4,172,91,81
ERATH COUNTY,143,6 Years,487,249,238,288,149,139,2,1,1,15,5,10,182,94,88
ERATH COUNTY,143,7 Years,481,257,224,299,167,132,5,1,4,16,7,9,161,82,79
ERATH COUNTY,143,8 Years,497,261,236,302,152,150,6,4,2,19,11,8,170,94,76
ERATH COUNTY,143,9 Years,508,250,258,313,151,162,6,2,4,15,9,6,174,88,86
ERATH COUNTY,143,10 Years,454,227,227,287,145,142,3,1,2,8,5,3,156,76,80
ERATH COUNTY,143,11 Years,469,224,245,318,153,165,4,1,3,10,6,4,137,64,73
ERATH COUNTY,143,12 Years,468,236,232,302,155,147,2,1,1,10,7,3,154,73,81
ERATH COUNTY,143,13 Years,469,249,220,307,164,143,4,4,0,11,5,6,147,76,71
ERATH COUNTY,143,14 Years,432,229,203,284,146,138,4,3,1,11,8,3,133,72,61
ERATH COUNTY,143,15 Years,451,224,227,290,149,141,6,4,2,12,4,8,143,67,76
ERATH COUNTY,143,16 Years,475,232,243,306,158,148,5,3,2,11,5,6,153,66,87
ERATH COUNTY,143,17 Years,473,232,241,324,158,166,6,3,3,8,3,5,135,68,67
ERATH COUNTY,143,18 Years,846,391,455,606,268,338,29,14,15,13,6,7,198,103,95
ERATH COUNTY,143,19 Years,1437,644,793,1123,488,635,33,17,16,27,15,12,254,124,130
ERATH COUNTY,143,20 Years,1254,562,692,979,425,554,28,12,16,23,9,14,224,116,108
ERATH COUNTY,143,21 Years,1223,548,675,961,418,543,44,26,18,18,7,11,200,97,103
ERATH COUNTY,143,22 Years,1150,536,614,857,385,472,44,35,9,26,17,9,223,99,124
ERATH COUNTY,143,23 Years,902,413,489,659,291,368,25,19,6,19,11,8,199,92,107
ERATH COUNTY,143,24 Years,800,427,373,604,312,292,22,13,9,22,15,7,152,87,65
ERATH COUNTY,143,25 Years,717,430,287,534,320,214,17,13,4,19,11,8,147,86,61
ERATH COUNTY,143,26 Years,594,334,260,437,235,202,9,7,2,15,9,6,133,83,50
ERATH COUNTY,143,27 Years,601,317,284,444,237,207,6,5,1,10,5,5,141,70,71
ERATH COUNTY,143,28 Years,504,242,262,373,177,196,7,4,3,12,5,7,112,56,56
ERATH COUNTY,143,29 Years,494,247,247,370,185,185,5,3,2,12,4,8,107,55,52
ERATH COUNTY,143,30 Years,512,282,230,377,213,164,5,2,3,6,3,3,124,64,60
ERATH COUNTY,143,31 Years,455,250,205,335,179,156,2,1,1,6,4,2,112,66,46
ERATH COUNTY,143,32 Years,437,220,217,308,155,153,3,2,1,10,4,6,116,59,57
ERATH COUNTY,143,33 Years,378,173,205,279,127,152,5,4,1,9,3,6,85,39,46
ERATH COUNTY,143,34 Years,366,196,170,266,144,122,3,2,1,7,3,4,90,47,43
ERATH COUNTY,143,35 Years,384,206,178,288,156,132,3,3,0,11,3,8,82,44,38
ERATH COUNTY,143,36 Years,382,190,192,289,139,150,4,3,1,8,1,7,81,47,34
ERATH COUNTY,143,37 Years,399,209,190,303,154,149,2,1,1,7,3,4,87,51,36
ERATH COUNTY,143,38 Years,381,193,188,282,144,138,1,0,1,12,5,7,86,44,42
ERATH COUNTY,143,39 Years,389,190,199,290,145,145,7,5,2,11,5,6,81,35,46
ERATH COUNTY,143,40 Years,412,193,219,312,153,159,5,3,2,5,1,4,90,36,54
ERATH COUNTY,143,41 Years,433,202,231,322,153,169,2,0,2,14,8,6,95,41,54
ERATH COUNTY,143,42 Years,434,214,220,318,159,159,2,0,2,9,6,3,105,49,56
ERATH COUNTY,143,43 Years,411,206,205,304,151,153,4,2,2,12,5,7,91,48,43
ERATH COUNTY,143,44 Years,426,215,211,320,155,165,3,2,1,7,3,4,96,55,41
ERATH COUNTY,143,45 Years,379,194,185,285,139,146,4,2,2,6,4,2,84,49,35
ERATH COUNTY,143,46 Years,389,187,202,281,127,154,3,3,0,6,5,1,99,52,47
ERATH COUNTY,143,47 Years,456,229,227,335,161,174,2,0,2,13,7,6,106,61,45
ERATH COUNTY,143,48 Years,471,234,237,363,171,192,7,4,3,11,4,7,90,55,35
ERATH COUNTY,143,49 Years,478,245,233,376,184,192,2,1,1,12,7,5,88,53,35
ERATH COUNTY,143,50 Years,503,255,248,396,197,199,5,4,1,12,6,6,90,48,42
ERATH COUNTY,143,51 Years,490,239,251,398,193,205,5,2,3,9,4,5,78,40,38
ERATH COUNTY,143,52 Years,475,249,226,397,202,195,1,1,0,8,5,3,69,41,28
ERATH COUNTY,143,53 Years,465,235,230,394,193,201,2,2,0,11,5,6,58,35,23
ERATH COUNTY,143,54 Years,447,222,225,373,178,195,1,1,0,11,4,7,62,39,23
ERATH COUNTY,143,55 Years,432,231,201,355,182,173,1,1,0,8,5,3,68,43,25
ERATH COUNTY,143,56 Years,417,212,205,355,173,182,0,0,0,8,6,2,54,33,21
ERATH COUNTY,143,57 Years,414,231,183,355,189,166,0,0,0,13,10,3,46,32,14
ERATH COUNTY,143,58 Years,420,214,206,359,177,182,0,0,0,15,9,6,46,28,18
ERATH COUNTY,143,59 Years,430,190,240,374,163,211,2,1,1,10,6,4,44,20,24
ERATH COUNTY,143,60 Years,407,193,214,365,172,193,2,1,1,8,4,4,32,16,16
ERATH COUNTY,143,61 Years,391,188,203,345,161,184,1,1,0,10,5,5,35,21,14
ERATH COUNTY,143,62 Years,401,193,208,349,166,183,0,0,0,16,6,10,36,21,15
ERATH COUNTY,143,63 Years,378,188,190,335,164,171,0,0,0,12,4,8,31,20,11
ERATH COUNTY,143,64 Years,396,201,195,350,177,173,0,0,0,11,4,7,35,20,15
ERATH COUNTY,143,65 Years,397,194,203,367,177,190,0,0,0,7,4,3,23,13,10
ERATH COUNTY,143,66 Years,329,158,171,293,140,153,1,0,1,8,5,3,27,13,14
ERATH COUNTY,143,67 Years,323,160,163,294,145,149,0,0,0,6,3,3,23,12,11
ERATH COUNTY,143,68 Years,326,166,160,305,154,151,1,1,0,2,1,1,18,10,8
ERATH COUNTY,143,69 Years,300,150,150,279,137,142,0,0,0,5,4,1,16,9,7
ERATH COUNTY,143,70 Years,272,130,142,257,122,135,0,0,0,3,3,0,12,5,7
ERATH COUNTY,143,71 Years,270,132,138,252,123,129,0,0,0,4,1,3,14,8,6
ERATH COUNTY,143,72 Years,240,120,120,227,113,114,0,0,0,6,3,3,7,4,3
ERATH COUNTY,143,73 Years,207,100,107,192,92,100,1,0,1,2,1,1,12,7,5
ERATH COUNTY,143,74 Years,218,103,115,201,94,107,1,1,0,4,2,2,12,6,6
ERATH COUNTY,143,75 Years,195,89,106,181,84,97,0,0,0,2,1,1,12,4,8
ERATH COUNTY,143,76 Years,200,95,105,193,93,100,0,0,0,2,0,2,5,2,3
ERATH COUNTY,143,77 Years,186,87,99,175,83,92,0,0,0,2,1,1,9,3,6
ERATH COUNTY,143,78 Years,174,66,108,165,63,102,0,0,0,3,1,2,6,2,4
ERATH COUNTY,143,79 Years,169,70,99,164,68,96,0,0,0,1,1,0,4,1,3
ERATH COUNTY,143,80 Years,161,69,92,152,64,88,0,0,0,3,2,1,6,3,3
ERATH COUNTY,143,81 Years,160,67,93,154,63,91,0,0,0,2,1,1,4,3,1
ERATH COUNTY,143,82 Years,130,55,75,127,53,74,0,0,0,1,1,0,2,1,1
ERATH COUNTY,143,83 Years,135,49,86,129,47,82,0,0,0,1,0,1,5,2,3
ERATH COUNTY,143,84 Years,113,45,68,108,43,65,0,0,0,1,0,1,4,2,2
ERATH COUNTY,143,85 Years +,687,227,460,648,212,436,3,1,2,11,5,6,25,9,16
FALLS COUNTY,145,All Ages,17941,8546,9395,9258,4405,4853,4528,1959,2569,316,166,150,3839,2016,1823
FALLS COUNTY,145,< 1 Year,202,99,103,85,41,44,60,27,33,4,2,2,53,29,24
FALLS COUNTY,145,1 Years,205,103,102,80,40,40,64,32,32,3,2,1,58,29,29
FALLS COUNTY,145,2 Years,214,108,106,73,34,39,65,36,29,10,3,7,66,35,31
FALLS COUNTY,145,3 Years,194,104,90,66,35,31,63,35,28,8,3,5,57,31,26
FALLS COUNTY,145,4 Years,210,104,106,77,36,41,57,30,27,9,5,4,67,33,34
FALLS COUNTY,145,5 Years,216,116,100,73,38,35,58,29,29,5,2,3,80,47,33
FALLS COUNTY,145,6 Years,226,113,113,85,43,42,55,25,30,4,2,2,82,43,39
FALLS COUNTY,145,7 Years,209,109,100,79,39,40,49,23,26,8,6,2,73,41,32
FALLS COUNTY,145,8 Years,223,126,97,80,48,32,60,29,31,7,6,1,76,43,33
FALLS COUNTY,145,9 Years,210,111,99,85,46,39,50,29,21,5,3,2,70,33,37
FALLS COUNTY,145,10 Years,207,112,95,86,48,38,42,24,18,7,4,3,72,36,36
FALLS COUNTY,145,11 Years,212,108,104,88,53,35,51,20,31,6,3,3,67,32,35
FALLS COUNTY,145,12 Years,221,118,103,93,50,43,53,26,27,4,1,3,71,41,30
FALLS COUNTY,145,13 Years,210,105,105,87,44,43,55,29,26,5,3,2,63,29,34
FALLS COUNTY,145,14 Years,209,114,95,89,49,40,56,30,26,7,6,1,57,29,28
FALLS COUNTY,145,15 Years,210,112,98,85,47,38,53,26,27,7,3,4,65,36,29
FALLS COUNTY,145,16 Years,215,116,99,76,40,36,63,31,32,8,3,5,68,42,26
FALLS COUNTY,145,17 Years,221,118,103,86,43,43,69,36,33,6,3,3,60,36,24
FALLS COUNTY,145,18 Years,215,110,105,87,45,42,69,32,37,8,5,3,51,28,23
FALLS COUNTY,145,19 Years,242,125,117,92,47,45,88,44,44,9,6,3,53,28,25
FALLS COUNTY,145,20 Years,243,132,111,90,47,43,79,37,42,4,2,2,70,46,24
FALLS COUNTY,145,21 Years,251,139,112,82,41,41,88,45,43,3,0,3,78,53,25
FALLS COUNTY,145,22 Years,250,135,115,86,47,39,88,44,44,3,1,2,73,43,30
FALLS COUNTY,145,23 Years,259,129,130,94,49,45,85,35,50,1,1,0,79,44,35
FALLS COUNTY,145,24 Years,255,136,119,98,51,47,85,44,41,1,1,0,71,40,31
FALLS COUNTY,145,25 Years,252,122,130,101,49,52,79,37,42,2,1,1,70,35,35
FALLS COUNTY,145,26 Years,242,116,126,84,40,44,76,34,42,4,3,1,78,39,39
FALLS COUNTY,145,27 Years,245,114,131,94,47,47,70,27,43,2,1,1,79,39,40
FALLS COUNTY,145,28 Years,222,102,120,105,42,63,58,29,29,3,2,1,56,29,27
FALLS COUNTY,145,29 Years,223,101,122,102,43,59,58,23,35,4,2,2,59,33,26
FALLS COUNTY,145,30 Years,243,106,137,100,41,59,78,31,47,1,0,1,64,34,30
FALLS COUNTY,145,31 Years,250,105,145,103,40,63,75,28,47,4,3,1,68,34,34
FALLS COUNTY,145,32 Years,229,96,133,109,44,65,59,23,36,2,2,0,59,27,32
FALLS COUNTY,145,33 Years,235,108,127,118,51,67,51,22,29,3,3,0,63,32,31
FALLS COUNTY,145,34 Years,207,74,133,105,38,67,51,14,37,4,1,3,47,21,26
FALLS COUNTY,145,35 Years,210,85,125,95,40,55,57,21,36,4,1,3,54,23,31
FALLS COUNTY,145,36 Years,203,80,123,91,39,52,46,13,33,5,2,3,61,26,35
FALLS COUNTY,145,37 Years,212,76,136,89,32,57,61,14,47,3,0,3,59,30,29
FALLS COUNTY,145,38 Years,198,82,116,88,39,49,48,13,35,1,0,1,61,30,31
FALLS COUNTY,145,39 Years,221,98,123,104,46,58,57,21,36,4,3,1,56,28,28
FALLS COUNTY,145,40 Years,213,80,133,105,43,62,63,21,42,6,1,5,39,15,24
FALLS COUNTY,145,41 Years,228,99,129,107,43,64,62,24,38,3,2,1,56,30,26
FALLS COUNTY,145,42 Years,235,107,128,112,49,63,64,24,40,3,2,1,56,32,24
FALLS COUNTY,145,43 Years,230,103,127,113,51,62,63,22,41,2,2,0,52,28,24
FALLS COUNTY,145,44 Years,236,97,139,128,56,72,60,18,42,4,2,2,44,21,23
FALLS COUNTY,145,45 Years,254,103,151,121,47,74,81,26,55,3,1,2,49,29,20
FALLS COUNTY,145,46 Years,265,118,147,129,55,74,78,31,47,1,0,1,57,32,25
FALLS COUNTY,145,47 Years,267,117,150,139,62,77,73,29,44,5,3,2,50,23,27
FALLS COUNTY,145,48 Years,278,128,150,153,71,82,78,36,42,3,2,1,44,19,25
FALLS COUNTY,145,49 Years,290,128,162,161,70,91,79,34,45,2,0,2,48,24,24
FALLS COUNTY,145,50 Years,261,115,146,156,69,87,61,21,40,3,1,2,41,24,17
FALLS COUNTY,145,51 Years,241,116,125,154,77,77,49,18,31,3,1,2,35,20,15
FALLS COUNTY,145,52 Years,266,135,131,164,79,85,57,25,32,3,3,0,42,28,14
FALLS COUNTY,145,53 Years,238,105,133,154,70,84,51,19,32,3,1,2,30,15,15
FALLS COUNTY,145,54 Years,256,122,134,165,85,80,52,20,32,4,2,2,35,15,20
FALLS COUNTY,145,55 Years,251,120,131,147,74,73,62,29,33,2,1,1,40,16,24
FALLS COUNTY,145,56 Years,249,125,124,149,77,72,63,33,30,4,3,1,33,12,21
FALLS COUNTY,145,57 Years,244,125,119,149,71,78,51,29,22,5,2,3,39,23,16
FALLS COUNTY,145,58 Years,248,132,116,153,78,75,58,31,27,3,1,2,34,22,12
FALLS COUNTY,145,59 Years,236,122,114,153,80,73,56,26,30,3,1,2,24,15,9
FALLS COUNTY,145,60 Years,217,99,118,151,70,81,45,18,27,1,0,1,20,11,9
FALLS COUNTY,145,61 Years,222,116,106,142,74,68,44,22,22,3,3,0,33,17,16
FALLS COUNTY,145,62 Years,217,110,107,145,71,74,40,21,19,2,1,1,30,17,13
FALLS COUNTY,145,63 Years,209,106,103,148,78,70,35,15,20,3,2,1,23,11,12
FALLS COUNTY,145,64 Years,197,92,105,144,73,71,31,9,22,3,2,1,19,8,11
FALLS COUNTY,145,65 Years,190,91,99,135,68,67,36,13,23,2,1,1,17,9,8
FALLS COUNTY,145,66 Years,176,89,87,115,58,57,36,17,19,2,2,0,23,12,11
FALLS COUNTY,145,67 Years,173,77,96,127,59,68,28,10,18,3,2,1,15,6,9
FALLS COUNTY,145,68 Years,166,84,82,117,61,56,25,9,16,6,3,3,18,11,7
FALLS COUNTY,145,69 Years,161,87,74,112,61,51,26,12,14,6,4,2,17,10,7
FALLS COUNTY,145,70 Years,156,71,85,109,50,59,25,11,14,5,2,3,17,8,9
FALLS COUNTY,145,71 Years,164,71,93,124,53,71,27,13,14,3,0,3,10,5,5
FALLS COUNTY,145,72 Years,135,68,67,92,46,46,31,15,16,2,1,1,10,6,4
FALLS COUNTY,145,73 Years,141,68,73,104,51,53,25,11,14,5,2,3,7,4,3
FALLS COUNTY,145,74 Years,130,58,72,93,40,53,22,11,11,3,1,2,12,6,6
FALLS COUNTY,145,75 Years,122,58,64,91,44,47,16,4,12,2,2,0,13,8,5
FALLS COUNTY,145,76 Years,118,61,57,89,47,42,19,7,12,2,2,0,8,5,3
FALLS COUNTY,145,77 Years,103,48,55,75,37,38,18,7,11,2,1,1,8,3,5
FALLS COUNTY,145,78 Years,111,47,64,77,35,42,25,8,17,1,0,1,8,4,4
FALLS COUNTY,145,79 Years,106,48,58,76,36,40,19,6,13,1,1,0,10,5,5
FALLS COUNTY,145,80 Years,96,44,52,72,34,38,18,8,10,0,0,0,6,2,4
FALLS COUNTY,145,81 Years,95,36,59,68,28,40,20,5,15,1,1,0,6,2,4
FALLS COUNTY,145,82 Years,92,35,57,69,30,39,14,2,12,1,1,0,8,2,6
FALLS COUNTY,145,83 Years,63,26,37,45,21,24,11,2,9,1,1,0,6,2,4
FALLS COUNTY,145,84 Years,75,36,39,48,24,24,22,10,12,1,0,1,4,2,2
FALLS COUNTY,145,85 Years +,399,156,243,288,117,171,80,29,51,2,0,2,29,10,19
FANNIN COUNTY,147,All Ages,34421,18259,16162,27646,14044,13602,2310,1584,726,1033,509,524,3432,2122,1310
FANNIN COUNTY,147,< 1 Year,334,169,165,251,129,122,18,7,11,9,2,7,56,31,25
FANNIN COUNTY,147,1 Years,369,189,180,286,146,140,18,9,9,11,5,6,54,29,25
FANNIN COUNTY,147,2 Years,378,196,182,276,148,128,18,7,11,19,12,7,65,29,36
FANNIN COUNTY,147,3 Years,404,210,194,296,157,139,16,6,10,32,16,16,60,31,29
FANNIN COUNTY,147,4 Years,383,191,192,279,139,140,12,7,5,27,11,16,65,34,31
FANNIN COUNTY,147,5 Years,414,221,193,299,154,145,16,11,5,21,15,6,78,41,37
FANNIN COUNTY,147,6 Years,428,216,212,320,163,157,16,8,8,23,11,12,69,34,35
FANNIN COUNTY,147,7 Years,442,229,213,338,175,163,24,12,12,17,8,9,63,34,29
FANNIN COUNTY,147,8 Years,431,224,207,322,168,154,23,14,9,20,9,11,66,33,33
FANNIN COUNTY,147,9 Years,429,221,208,325,168,157,25,11,14,20,9,11,59,33,26
FANNIN COUNTY,147,10 Years,412,212,200,305,150,155,27,15,12,20,10,10,60,37,23
FANNIN COUNTY,147,11 Years,418,217,201,309,157,152,24,13,11,19,11,8,66,36,30
FANNIN COUNTY,147,12 Years,450,235,215,337,172,165,22,11,11,21,12,9,70,40,30
FANNIN COUNTY,147,13 Years,413,211,202,315,158,157,23,14,9,20,13,7,55,26,29
FANNIN COUNTY,147,14 Years,439,218,221,350,174,176,20,9,11,21,11,10,48,24,24
FANNIN COUNTY,147,15 Years,428,212,216,332,168,164,17,7,10,19,9,10,60,28,32
FANNIN COUNTY,147,16 Years,416,214,202,327,174,153,20,8,12,18,9,9,51,23,28
FANNIN COUNTY,147,17 Years,438,229,209,343,179,164,20,11,9,17,10,7,58,29,29
FANNIN COUNTY,147,18 Years,472,248,224,360,184,176,31,18,13,20,11,9,61,35,26
FANNIN COUNTY,147,19 Years,487,291,196,359,203,156,41,31,10,16,9,7,71,48,23
FANNIN COUNTY,147,20 Years,482,291,191,350,197,153,54,44,10,15,7,8,63,43,20
FANNIN COUNTY,147,21 Years,463,293,170,317,188,129,58,46,12,10,5,5,78,54,24
FANNIN COUNTY,147,22 Years,446,272,174,317,179,138,50,42,8,13,8,5,66,43,23
FANNIN COUNTY,147,23 Years,408,237,171,291,152,139,46,39,7,12,5,7,59,41,18
FANNIN COUNTY,147,24 Years,403,253,150,267,146,121,41,35,6,13,6,7,82,66,16
FANNIN COUNTY,147,25 Years,387,251,136,248,143,105,56,50,6,12,5,7,71,53,18
FANNIN COUNTY,147,26 Years,383,225,158,260,136,124,47,41,6,11,5,6,65,43,22
FANNIN COUNTY,147,27 Years,401,245,156,282,161,121,47,36,11,9,4,5,63,44,19
FANNIN COUNTY,147,28 Years,408,248,160,278,151,127,48,37,11,12,6,6,70,54,16
FANNIN COUNTY,147,29 Years,420,248,172,295,152,143,53,43,10,6,4,2,66,49,17
FANNIN COUNTY,147,30 Years,397,240,157,275,151,124,48,36,12,9,5,4,65,48,17
FANNIN COUNTY,147,31 Years,420,249,171,303,163,140,41,34,7,10,6,4,66,46,20
FANNIN COUNTY,147,32 Years,419,245,174,311,168,143,33,27,6,5,3,2,70,47,23
FANNIN COUNTY,147,33 Years,408,227,181,287,146,141,45,36,9,11,4,7,65,41,24
FANNIN COUNTY,147,34 Years,369,201,168,273,135,138,26,20,6,9,3,6,61,43,18
FANNIN COUNTY,147,35 Years,405,236,169,276,142,134,41,33,8,11,3,8,77,58,19
FANNIN COUNTY,147,36 Years,389,227,162,278,144,134,37,31,6,10,7,3,64,45,19
FANNIN COUNTY,147,37 Years,386,231,155,277,150,127,36,30,6,10,8,2,63,43,20
FANNIN COUNTY,147,38 Years,409,223,186,305,153,152,38,32,6,8,3,5,58,35,23
FANNIN COUNTY,147,39 Years,394,212,182,293,148,145,39,31,8,7,1,6,55,32,23
FANNIN COUNTY,147,40 Years,404,220,184,311,159,152,40,33,7,15,7,8,38,21,17
FANNIN COUNTY,147,41 Years,438,246,192,351,195,156,34,26,8,17,6,11,36,19,17
FANNIN COUNTY,147,42 Years,475,255,220,380,199,181,24,13,11,16,7,9,55,36,19
FANNIN COUNTY,147,43 Years,417,208,209,328,148,180,39,27,12,12,5,7,38,28,10
FANNIN COUNTY,147,44 Years,413,206,207,328,151,177,37,27,10,10,3,7,38,25,13
FANNIN COUNTY,147,45 Years,457,256,201,376,203,173,27,18,9,14,6,8,40,29,11
FANNIN COUNTY,147,46 Years,480,257,223,387,192,195,35,24,11,12,6,6,46,35,11
FANNIN COUNTY,147,47 Years,489,275,214,384,197,187,40,32,8,17,11,6,48,35,13
FANNIN COUNTY,147,48 Years,543,307,236,428,227,201,48,35,13,18,9,9,49,36,13
FANNIN COUNTY,147,49 Years,533,281,252,445,226,219,41,29,12,16,4,12,31,22,9
FANNIN COUNTY,147,50 Years,524,277,247,439,227,212,44,28,16,14,6,8,27,16,11
FANNIN COUNTY,147,51 Years,496,246,250,432,206,226,27,20,7,12,7,5,25,13,12
FANNIN COUNTY,147,52 Years,521,256,265,444,210,234,30,21,9,11,6,5,36,19,17
FANNIN COUNTY,147,53 Years,514,258,256,437,214,223,36,22,14,9,4,5,32,18,14
FANNIN COUNTY,147,54 Years,510,260,250,437,220,217,27,12,15,12,4,8,34,24,10
FANNIN COUNTY,147,55 Years,501,259,242,425,211,214,38,26,12,15,7,8,23,15,8
FANNIN COUNTY,147,56 Years,507,285,222,442,241,201,36,29,7,15,11,4,14,4,10
FANNIN COUNTY,147,57 Years,449,251,198,407,228,179,17,9,8,10,5,5,15,9,6
FANNIN COUNTY,147,58 Years,438,229,209,386,202,184,20,8,12,12,6,6,20,13,7
FANNIN COUNTY,147,59 Years,452,241,211,395,205,190,30,21,9,11,6,5,16,9,7
FANNIN COUNTY,147,60 Years,438,219,219,378,182,196,24,15,9,15,8,7,21,14,7
FANNIN COUNTY,147,61 Years,417,208,209,366,180,186,18,9,9,15,8,7,18,11,7
FANNIN COUNTY,147,62 Years,428,211,217,384,190,194,21,9,12,7,4,3,16,8,8
FANNIN COUNTY,147,63 Years,454,218,236,419,200,219,16,9,7,7,2,5,12,7,5
FANNIN COUNTY,147,64 Years,433,219,214,395,196,199,13,9,4,8,4,4,17,10,7
FANNIN COUNTY,147,65 Years,439,244,195,393,215,178,17,11,6,15,10,5,14,8,6
FANNIN COUNTY,147,66 Years,372,198,174,340,180,160,15,9,6,10,6,4,7,3,4
FANNIN COUNTY,147,67 Years,382,176,206,353,162,191,15,8,7,6,3,3,8,3,5
FANNIN COUNTY,147,68 Years,386,191,195,348,169,179,17,11,6,6,3,3,15,8,7
FANNIN COUNTY,147,69 Years,365,181,184,333,166,167,17,9,8,8,3,5,7,3,4
FANNIN COUNTY,147,70 Years,355,174,181,332,162,170,10,4,6,8,5,3,5,3,2
FANNIN COUNTY,147,71 Years,304,151,153,276,132,144,17,11,6,8,6,2,3,2,1
FANNIN COUNTY,147,72 Years,292,135,157,265,121,144,13,8,5,7,3,4,7,3,4
FANNIN COUNTY,147,73 Years,274,128,146,256,120,136,9,5,4,4,1,3,5,2,3
FANNIN COUNTY,147,74 Years,284,143,141,272,135,137,9,6,3,1,1,0,2,1,1
FANNIN COUNTY,147,75 Years,234,113,121,218,101,117,8,5,3,2,2,0,6,5,1
FANNIN COUNTY,147,76 Years,236,116,120,217,108,109,8,3,5,4,1,3,7,4,3
FANNIN COUNTY,147,77 Years,237,122,115,226,116,110,5,4,1,2,1,1,4,1,3
FANNIN COUNTY,147,78 Years,219,103,116,205,98,107,5,3,2,5,1,4,4,1,3
FANNIN COUNTY,147,79 Years,210,95,115,192,89,103,8,2,6,7,2,5,3,2,1
FANNIN COUNTY,147,80 Years,174,82,92,159,77,82,9,3,6,4,1,3,2,1,1
FANNIN COUNTY,147,81 Years,160,69,91,151,67,84,7,2,5,1,0,1,1,0,1
FANNIN COUNTY,147,82 Years,147,61,86,137,60,77,4,0,4,2,0,2,4,1,3
FANNIN COUNTY,147,83 Years,140,59,81,130,54,76,5,3,2,1,0,1,4,2,2
FANNIN COUNTY,147,84 Years,119,48,71,111,43,68,3,2,1,1,0,1,4,3,1
FANNIN COUNTY,147,85 Years +,779,315,464,716,289,427,32,12,20,18,7,11,13,7,6
FAYETTE COUNTY,149,All Ages,25656,12681,12975,18630,9119,9511,1659,793,866,352,163,189,5015,2606,2409
FAYETTE COUNTY,149,< 1 Year,237,125,112,139,75,64,16,6,10,5,3,2,77,41,36
FAYETTE COUNTY,149,1 Years,262,135,127,140,71,69,17,9,8,4,2,2,101,53,48
FAYETTE COUNTY,149,2 Years,273,149,124,149,78,71,22,12,10,6,5,1,96,54,42
FAYETTE COUNTY,149,3 Years,290,149,141,142,75,67,25,12,13,8,1,7,115,61,54
FAYETTE COUNTY,149,4 Years,287,152,135,146,77,69,19,9,10,8,5,3,114,61,53
FAYETTE COUNTY,149,5 Years,286,143,143,144,73,71,19,10,9,6,4,2,117,56,61
FAYETTE COUNTY,149,6 Years,290,141,149,148,73,75,22,13,9,4,2,2,116,53,63
FAYETTE COUNTY,149,7 Years,299,161,138,142,79,63,28,12,16,5,4,1,124,66,58
FAYETTE COUNTY,149,8 Years,286,145,141,138,68,70,35,15,20,8,4,4,105,58,47
FAYETTE COUNTY,149,9 Years,313,158,155,180,97,83,30,13,17,11,6,5,92,42,50
FAYETTE COUNTY,149,10 Years,297,140,157,166,79,87,28,14,14,9,4,5,94,43,51
FAYETTE COUNTY,149,11 Years,317,161,156,177,91,86,27,15,12,7,2,5,106,53,53
FAYETTE COUNTY,149,12 Years,316,156,160,185,94,91,26,10,16,10,3,7,95,49,46
FAYETTE COUNTY,149,13 Years,309,139,170,165,76,89,33,16,17,8,1,7,103,46,57
FAYETTE COUNTY,149,14 Years,333,175,158,205,106,99,30,16,14,7,4,3,91,49,42
FAYETTE COUNTY,149,15 Years,341,180,161,225,116,109,29,16,13,6,4,2,81,44,37
FAYETTE COUNTY,149,16 Years,371,202,169,235,127,108,26,15,11,7,3,4,103,57,46
FAYETTE COUNTY,149,17 Years,359,175,184,227,113,114,22,9,13,6,3,3,104,50,54
FAYETTE COUNTY,149,18 Years,326,165,161,217,110,107,23,9,14,4,4,0,82,42,40
FAYETTE COUNTY,149,19 Years,326,160,166,209,101,108,29,16,13,5,3,2,83,40,43
FAYETTE COUNTY,149,20 Years,303,168,135,187,106,81,29,14,15,5,2,3,82,46,36
FAYETTE COUNTY,149,21 Years,234,131,103,134,75,59,20,10,10,6,5,1,74,41,33
FAYETTE COUNTY,149,22 Years,202,104,98,101,54,47,20,11,9,3,1,2,78,38,40
FAYETTE COUNTY,149,23 Years,228,111,117,123,57,66,18,11,7,5,3,2,82,40,42
FAYETTE COUNTY,149,24 Years,200,90,110,118,45,73,16,10,6,3,2,1,63,33,30
FAYETTE COUNTY,149,25 Years,213,106,107,123,54,69,15,10,5,2,1,1,73,41,32
FAYETTE COUNTY,149,26 Years,219,113,106,125,61,64,14,6,8,3,1,2,77,45,32
FAYETTE COUNTY,149,27 Years,230,113,117,128,63,65,17,6,11,6,2,4,79,42,37
FAYETTE COUNTY,149,28 Years,224,109,115,125,57,68,16,6,10,5,3,2,78,43,35
FAYETTE COUNTY,149,29 Years,240,118,122,131,62,69,25,9,16,7,5,2,77,42,35
FAYETTE COUNTY,149,30 Years,244,124,120,136,72,64,22,11,11,3,3,0,83,38,45
FAYETTE COUNTY,149,31 Years,247,119,128,158,77,81,15,7,8,4,2,2,70,33,37
FAYETTE COUNTY,149,32 Years,254,131,123,159,79,80,25,15,10,3,1,2,67,36,31
FAYETTE COUNTY,149,33 Years,240,120,120,163,81,82,16,8,8,3,1,2,58,30,28
FAYETTE COUNTY,149,34 Years,242,125,117,153,75,78,20,13,7,1,1,0,68,36,32
FAYETTE COUNTY,149,35 Years,232,115,117,143,69,74,20,12,8,5,2,3,64,32,32
FAYETTE COUNTY,149,36 Years,251,135,116,153,82,71,16,7,9,2,1,1,80,45,35
FAYETTE COUNTY,149,37 Years,259,138,121,153,78,75,11,6,5,5,2,3,90,52,38
FAYETTE COUNTY,149,38 Years,235,125,110,143,77,66,14,5,9,4,2,2,74,41,33
FAYETTE COUNTY,149,39 Years,270,134,136,170,86,84,23,11,12,4,2,2,73,35,38
FAYETTE COUNTY,149,40 Years,250,137,113,164,90,74,17,11,6,3,2,1,66,34,32
FAYETTE COUNTY,149,41 Years,262,134,128,178,91,87,20,11,9,0,0,0,64,32,32
FAYETTE COUNTY,149,42 Years,267,135,132,192,100,92,12,5,7,2,1,1,61,29,32
FAYETTE COUNTY,149,43 Years,262,125,137,194,92,102,11,4,7,3,1,2,54,28,26
FAYETTE COUNTY,149,44 Years,291,133,158,206,94,112,12,6,6,4,3,1,69,30,39
FAYETTE COUNTY,149,45 Years,257,130,127,187,99,88,12,6,6,4,1,3,54,24,30
FAYETTE COUNTY,149,46 Years,303,157,146,207,104,103,18,8,10,5,1,4,73,44,29
FAYETTE COUNTY,149,47 Years,353,163,190,251,113,138,30,13,17,10,4,6,62,33,29
FAYETTE COUNTY,149,48 Years,365,179,186,283,138,145,24,12,12,5,1,4,53,28,25
FAYETTE COUNTY,149,49 Years,388,187,201,305,150,155,21,11,10,3,0,3,59,26,33
FAYETTE COUNTY,149,50 Years,412,196,216,322,149,173,22,11,11,2,0,2,66,36,30
FAYETTE COUNTY,149,51 Years,421,217,204,335,174,161,27,12,15,1,0,1,58,31,27
FAYETTE COUNTY,149,52 Years,404,207,197,327,164,163,22,12,10,3,0,3,52,31,21
FAYETTE COUNTY,149,53 Years,395,192,203,323,156,167,24,12,12,4,1,3,44,23,21
FAYETTE COUNTY,149,54 Years,393,192,201,315,148,167,23,14,9,4,1,3,51,29,22
FAYETTE COUNTY,149,55 Years,384,195,189,315,157,158,21,14,7,5,2,3,43,22,21
FAYETTE COUNTY,149,56 Years,425,217,208,349,182,167,27,13,14,3,1,2,46,21,25
FAYETTE COUNTY,149,57 Years,442,220,222,357,181,176,28,6,22,7,5,2,50,28,22
FAYETTE COUNTY,149,58 Years,441,215,226,365,172,193,28,14,14,4,2,2,44,27,17
FAYETTE COUNTY,149,59 Years,416,194,222,343,163,180,30,13,17,5,2,3,38,16,22
FAYETTE COUNTY,149,60 Years,386,194,192,322,163,159,28,11,17,3,2,1,33,18,15
FAYETTE COUNTY,149,61 Years,371,196,175,312,166,146,22,9,13,3,1,2,34,20,14
FAYETTE COUNTY,149,62 Years,373,187,186,320,158,162,18,7,11,0,0,0,35,22,13
FAYETTE COUNTY,149,63 Years,386,189,197,342,163,179,15,10,5,2,1,1,27,15,12
FAYETTE COUNTY,149,64 Years,360,189,171,325,171,154,13,5,8,4,3,1,18,10,8
FAYETTE COUNTY,149,65 Years,382,189,193,343,167,176,14,5,9,5,3,2,20,14,6
FAYETTE COUNTY,149,66 Years,335,166,169,294,145,149,14,7,7,4,3,1,23,11,12
FAYETTE COUNTY,149,67 Years,329,170,159,287,147,140,16,9,7,4,1,3,22,13,9
FAYETTE COUNTY,149,68 Years,348,161,187,311,143,168,13,8,5,4,1,3,20,9,11
FAYETTE COUNTY,149,69 Years,324,159,165,286,139,147,13,8,5,4,2,2,21,10,11
FAYETTE COUNTY,149,70 Years,305,173,132,269,154,115,14,7,7,4,0,4,18,12,6
FAYETTE COUNTY,149,71 Years,273,131,142,240,115,125,15,8,7,3,0,3,15,8,7
FAYETTE COUNTY,149,72 Years,271,134,137,246,123,123,14,6,8,2,0,2,9,5,4
FAYETTE COUNTY,149,73 Years,274,137,137,251,120,131,15,12,3,2,2,0,6,3,3
FAYETTE COUNTY,149,74 Years,256,132,124,229,116,113,10,8,2,1,1,0,16,7,9
FAYETTE COUNTY,149,75 Years,240,124,116,215,112,103,9,5,4,0,0,0,16,7,9
FAYETTE COUNTY,149,76 Years,212,109,103,200,101,99,3,2,1,1,0,1,8,6,2
FAYETTE COUNTY,149,77 Years,196,92,104,182,86,96,6,1,5,0,0,0,8,5,3
FAYETTE COUNTY,149,78 Years,182,80,102,166,73,93,9,3,6,1,1,0,6,3,3
FAYETTE COUNTY,149,79 Years,166,71,95,145,63,82,12,2,10,0,0,0,9,6,3
FAYETTE COUNTY,149,80 Years,173,78,95,156,75,81,10,1,9,0,0,0,7,2,5
FAYETTE COUNTY,149,81 Years,151,63,88,138,57,81,10,4,6,0,0,0,3,2,1
FAYETTE COUNTY,149,82 Years,161,69,92,150,64,86,4,1,3,3,2,1,4,2,2
FAYETTE COUNTY,149,83 Years,154,68,86,141,62,79,5,2,3,1,0,1,7,4,3
FAYETTE COUNTY,149,84 Years,137,61,76,123,54,69,6,3,3,1,0,1,7,4,3
FAYETTE COUNTY,149,85 Years +,895,294,601,814,276,538,44,6,38,10,3,7,27,9,18
FISHER COUNTY,151,All Ages,3953,1954,1999,2750,1344,1406,126,56,70,55,29,26,1022,525,497
FISHER COUNTY,151,< 1 Year,35,17,18,20,8,12,2,1,1,0,0,0,13,8,5
FISHER COUNTY,151,1 Years,40,22,18,23,12,11,1,1,0,0,0,0,16,9,7
FISHER COUNTY,151,2 Years,41,21,20,22,10,12,0,0,0,1,0,1,18,11,7
FISHER COUNTY,151,3 Years,41,18,23,21,6,15,0,0,0,1,0,1,19,12,7
FISHER COUNTY,151,4 Years,41,25,16,24,16,8,1,0,1,0,0,0,16,9,7
FISHER COUNTY,151,5 Years,47,23,24,28,14,14,0,0,0,1,1,0,18,8,10
FISHER COUNTY,151,6 Years,48,23,25,30,14,16,1,0,1,2,0,2,15,9,6
FISHER COUNTY,151,7 Years,43,22,21,23,10,13,2,2,0,1,1,0,17,9,8
FISHER COUNTY,151,8 Years,44,27,17,24,14,10,1,1,0,2,2,0,17,10,7
FISHER COUNTY,151,9 Years,42,20,22,24,13,11,1,0,1,1,1,0,16,6,10
FISHER COUNTY,151,10 Years,50,26,24,35,19,16,1,0,1,0,0,0,14,7,7
FISHER COUNTY,151,11 Years,43,20,23,31,14,17,0,0,0,0,0,0,12,6,6
FISHER COUNTY,151,12 Years,47,19,28,29,11,18,0,0,0,2,1,1,16,7,9
FISHER COUNTY,151,13 Years,42,26,16,26,15,11,2,2,0,1,1,0,13,8,5
FISHER COUNTY,151,14 Years,51,25,26,29,15,14,4,3,1,0,0,0,18,7,11
FISHER COUNTY,151,15 Years,49,26,23,30,16,14,2,2,0,0,0,0,17,8,9
FISHER COUNTY,151,16 Years,47,28,19,29,17,12,0,0,0,0,0,0,18,11,7
FISHER COUNTY,151,17 Years,62,30,32,36,15,21,4,2,2,0,0,0,22,13,9
FISHER COUNTY,151,18 Years,74,41,33,47,28,19,5,1,4,1,0,1,21,12,9
FISHER COUNTY,151,19 Years,74,35,39,45,24,21,4,1,3,2,0,2,23,10,13
FISHER COUNTY,151,20 Years,57,26,31,33,15,18,4,1,3,2,1,1,18,9,9
FISHER COUNTY,151,21 Years,44,23,21,20,9,11,3,1,2,1,0,1,20,13,7
FISHER COUNTY,151,22 Years,36,21,15,17,10,7,3,3,0,0,0,0,16,8,8
FISHER COUNTY,151,23 Years,31,18,13,18,9,9,1,1,0,1,1,0,11,7,4
FISHER COUNTY,151,24 Years,40,21,19,28,13,15,2,1,1,1,1,0,9,6,3
FISHER COUNTY,151,25 Years,32,19,13,20,9,11,2,2,0,1,1,0,9,7,2
FISHER COUNTY,151,26 Years,27,14,13,21,10,11,1,1,0,0,0,0,5,3,2
FISHER COUNTY,151,27 Years,33,15,18,19,10,9,0,0,0,0,0,0,14,5,9
FISHER COUNTY,151,28 Years,37,16,21,21,10,11,0,0,0,0,0,0,16,6,10
FISHER COUNTY,151,29 Years,41,20,21,27,12,15,0,0,0,0,0,0,14,8,6
FISHER COUNTY,151,30 Years,35,15,20,24,11,13,2,0,2,0,0,0,9,4,5
FISHER COUNTY,151,31 Years,39,15,24,24,11,13,1,0,1,1,0,1,13,4,9
FISHER COUNTY,151,32 Years,27,16,11,21,13,8,0,0,0,0,0,0,6,3,3
FISHER COUNTY,151,33 Years,25,14,11,19,10,9,0,0,0,0,0,0,6,4,2
FISHER COUNTY,151,34 Years,33,15,18,27,11,16,0,0,0,0,0,0,6,4,2
FISHER COUNTY,151,35 Years,35,21,14,24,13,11,0,0,0,0,0,0,11,8,3
FISHER COUNTY,151,36 Years,36,22,14,21,12,9,2,1,1,1,0,1,12,9,3
FISHER COUNTY,151,37 Years,34,14,20,16,7,9,4,2,2,0,0,0,14,5,9
FISHER COUNTY,151,38 Years,38,16,22,25,11,14,3,0,3,0,0,0,10,5,5
FISHER COUNTY,151,39 Years,46,25,21,30,16,14,1,0,1,1,1,0,14,8,6
FISHER COUNTY,151,40 Years,51,29,22,33,19,14,3,2,1,0,0,0,15,8,7
FISHER COUNTY,151,41 Years,60,26,34,44,22,22,1,0,1,0,0,0,15,4,11
FISHER COUNTY,151,42 Years,53,26,27,39,21,18,3,1,2,0,0,0,11,4,7
FISHER COUNTY,151,43 Years,44,20,24,34,16,18,2,0,2,0,0,0,8,4,4
FISHER COUNTY,151,44 Years,41,20,21,26,12,14,0,0,0,1,1,0,14,7,7
FISHER COUNTY,151,45 Years,42,22,20,27,16,11,3,1,2,0,0,0,12,5,7
FISHER COUNTY,151,46 Years,43,21,22,29,12,17,3,3,0,0,0,0,11,6,5
FISHER COUNTY,151,47 Years,46,27,19,27,14,13,5,3,2,1,0,1,13,10,3
FISHER COUNTY,151,48 Years,53,30,23,32,18,14,2,0,2,2,1,1,17,11,6
FISHER COUNTY,151,49 Years,60,32,28,42,24,18,2,1,1,2,1,1,14,6,8
FISHER COUNTY,151,50 Years,58,28,30,44,23,21,2,1,1,0,0,0,12,4,8
FISHER COUNTY,151,51 Years,56,31,25,38,22,16,1,1,0,1,0,1,16,8,8
FISHER COUNTY,151,52 Years,65,37,28,46,26,20,1,1,0,1,0,1,17,10,7
FISHER COUNTY,151,53 Years,61,35,26,45,26,19,2,1,1,2,2,0,12,6,6
FISHER COUNTY,151,54 Years,57,28,29,43,19,24,3,3,0,0,0,0,11,6,5
FISHER COUNTY,151,55 Years,55,23,32,40,16,24,1,1,0,0,0,0,14,6,8
FISHER COUNTY,151,56 Years,64,33,31,47,22,25,0,0,0,1,1,0,16,10,6
FISHER COUNTY,151,57 Years,64,37,27,46,26,20,1,0,1,1,1,0,16,10,6
FISHER COUNTY,151,58 Years,60,28,32,47,21,26,0,0,0,1,1,0,12,6,6
FISHER COUNTY,151,59 Years,53,27,26,39,19,20,1,1,0,0,0,0,13,7,6
FISHER COUNTY,151,60 Years,55,27,28,44,21,23,0,0,0,1,1,0,10,5,5
FISHER COUNTY,151,61 Years,53,26,27,45,22,23,0,0,0,0,0,0,8,4,4
FISHER COUNTY,151,62 Years,58,27,31,41,19,22,1,0,1,3,1,2,13,7,6
FISHER COUNTY,151,63 Years,50,22,28,39,17,22,1,0,1,1,1,0,9,4,5
FISHER COUNTY,151,64 Years,53,24,29,44,22,22,2,0,2,1,1,0,6,1,5
FISHER COUNTY,151,65 Years,54,31,23,45,29,16,3,1,2,1,0,1,5,1,4
FISHER COUNTY,151,66 Years,47,25,22,34,19,15,3,1,2,1,0,1,9,5,4
FISHER COUNTY,151,67 Years,42,22,20,30,14,16,1,0,1,3,2,1,8,6,2
FISHER COUNTY,151,68 Years,46,26,20,36,19,17,1,1,0,1,1,0,8,5,3
FISHER COUNTY,151,69 Years,42,17,25,31,12,19,3,0,3,0,0,0,8,5,3
FISHER COUNTY,151,70 Years,43,15,28,32,11,21,1,0,1,1,0,1,9,4,5
FISHER COUNTY,151,71 Years,44,19,25,39,16,23,1,1,0,0,0,0,4,2,2
FISHER COUNTY,151,72 Years,47,16,31,38,13,25,0,0,0,0,0,0,9,3,6
FISHER COUNTY,151,73 Years,50,23,27,41,18,23,2,2,0,1,1,0,6,2,4
FISHER COUNTY,151,74 Years,43,20,23,33,15,18,1,1,0,1,0,1,8,4,4
FISHER COUNTY,151,75 Years,45,22,23,38,19,19,0,0,0,0,0,0,7,3,4
FISHER COUNTY,151,76 Years,44,22,22,35,19,16,2,0,2,0,0,0,7,3,4
FISHER COUNTY,151,77 Years,42,23,19,36,20,16,0,0,0,0,0,0,6,3,3
FISHER COUNTY,151,78 Years,36,18,18,32,17,15,0,0,0,0,0,0,4,1,3
FISHER COUNTY,151,79 Years,32,18,14,30,17,13,0,0,0,0,0,0,2,1,1
FISHER COUNTY,151,80 Years,25,10,15,19,8,11,1,0,1,0,0,0,5,2,3
FISHER COUNTY,151,81 Years,29,13,16,23,12,11,2,0,2,0,0,0,4,1,3
FISHER COUNTY,151,82 Years,32,13,19,24,11,13,3,0,3,0,0,0,5,2,3
FISHER COUNTY,151,83 Years,29,7,22,24,7,17,1,0,1,0,0,0,4,0,4
FISHER COUNTY,151,84 Years,28,8,20,24,7,17,0,0,0,0,0,0,4,1,3
FISHER COUNTY,151,85 Years +,111,40,71,94,33,61,1,0,1,3,1,2,13,6,7
FLOYD COUNTY,153,All Ages,6463,3183,3280,2666,1266,1400,205,104,101,52,22,30,3540,1791,1749
FLOYD COUNTY,153,< 1 Year,85,42,43,22,12,10,1,0,1,2,0,2,60,30,30
FLOYD COUNTY,153,1 Years,87,43,44,21,10,11,2,1,1,1,0,1,63,32,31
FLOYD COUNTY,153,2 Years,96,50,46,18,11,7,2,0,2,2,1,1,74,38,36
FLOYD COUNTY,153,3 Years,87,44,43,19,12,7,2,0,2,0,0,0,66,32,34
FLOYD COUNTY,153,4 Years,104,52,52,19,7,12,3,0,3,1,1,0,81,44,37
FLOYD COUNTY,153,5 Years,97,54,43,16,9,7,4,2,2,1,1,0,76,42,34
FLOYD COUNTY,153,6 Years,102,58,44,20,13,7,3,1,2,1,0,1,78,44,34
FLOYD COUNTY,153,7 Years,106,52,54,15,7,8,4,2,2,1,0,1,86,43,43
FLOYD COUNTY,153,8 Years,99,46,53,22,9,13,4,2,2,1,0,1,72,35,37
FLOYD COUNTY,153,9 Years,103,55,48,27,15,12,4,3,1,1,1,0,71,36,35
FLOYD COUNTY,153,10 Years,103,53,50,25,13,12,4,3,1,1,1,0,73,36,37
FLOYD COUNTY,153,11 Years,93,51,42,18,10,8,2,1,1,1,0,1,72,40,32
FLOYD COUNTY,153,12 Years,101,59,42,24,13,11,3,2,1,1,0,1,73,44,29
FLOYD COUNTY,153,13 Years,109,57,52,24,10,14,5,4,1,0,0,0,80,43,37
FLOYD COUNTY,153,14 Years,108,61,47,25,14,11,3,3,0,0,0,0,80,44,36
FLOYD COUNTY,153,15 Years,109,54,55,32,16,16,2,2,0,1,1,0,74,35,39
FLOYD COUNTY,153,16 Years,96,51,45,29,13,16,1,1,0,1,0,1,65,37,28
FLOYD COUNTY,153,17 Years,105,56,49,32,14,18,4,3,1,1,1,0,68,38,30
FLOYD COUNTY,153,18 Years,113,52,61,36,14,22,4,3,1,0,0,0,73,35,38
FLOYD COUNTY,153,19 Years,110,61,49,28,13,15,6,5,1,1,0,1,75,43,32
FLOYD COUNTY,153,20 Years,94,51,43,29,15,14,2,2,0,1,1,0,62,33,29
FLOYD COUNTY,153,21 Years,63,34,29,13,8,5,3,3,0,1,0,1,46,23,23
FLOYD COUNTY,153,22 Years,61,24,37,12,8,4,3,1,2,1,0,1,45,15,30
FLOYD COUNTY,153,23 Years,63,25,38,16,9,7,2,1,1,1,0,1,44,15,29
FLOYD COUNTY,153,24 Years,66,35,31,18,11,7,2,1,1,1,0,1,45,23,22
FLOYD COUNTY,153,25 Years,58,28,30,19,11,8,1,1,0,0,0,0,38,16,22
FLOYD COUNTY,153,26 Years,65,29,36,20,10,10,2,1,1,1,1,0,42,17,25
FLOYD COUNTY,153,27 Years,69,34,35,24,11,13,2,0,2,1,1,0,42,22,20
FLOYD COUNTY,153,28 Years,58,27,31,22,9,13,2,2,0,0,0,0,34,16,18
FLOYD COUNTY,153,29 Years,69,32,37,22,6,16,4,3,1,0,0,0,43,23,20
FLOYD COUNTY,153,30 Years,66,38,28,24,13,11,5,2,3,0,0,0,37,23,14
FLOYD COUNTY,153,31 Years,73,29,44,20,11,9,2,1,1,1,0,1,50,17,33
FLOYD COUNTY,153,32 Years,70,35,35,21,10,11,2,2,0,1,1,0,46,22,24
FLOYD COUNTY,153,33 Years,60,31,29,22,10,12,0,0,0,0,0,0,38,21,17
FLOYD COUNTY,153,34 Years,63,31,32,27,13,14,1,1,0,0,0,0,35,17,18
FLOYD COUNTY,153,35 Years,65,35,30,24,14,10,1,0,1,1,0,1,39,21,18
FLOYD COUNTY,153,36 Years,72,25,47,21,9,12,1,0,1,0,0,0,50,16,34
FLOYD COUNTY,153,37 Years,64,24,40,21,9,12,2,0,2,0,0,0,41,15,26
FLOYD COUNTY,153,38 Years,63,28,35,23,10,13,2,0,2,0,0,0,38,18,20
FLOYD COUNTY,153,39 Years,64,29,35,19,6,13,1,0,1,1,0,1,43,23,20
FLOYD COUNTY,153,40 Years,69,37,32,23,11,12,1,1,0,1,1,0,44,24,20
FLOYD COUNTY,153,41 Years,84,47,37,27,14,13,1,1,0,1,1,0,55,31,24
FLOYD COUNTY,153,42 Years,81,47,34,24,13,11,3,2,1,1,1,0,53,31,22
FLOYD COUNTY,153,43 Years,70,37,33,27,13,14,2,0,2,0,0,0,41,24,17
FLOYD COUNTY,153,44 Years,67,30,37,33,12,21,1,0,1,0,0,0,33,18,15
FLOYD COUNTY,153,45 Years,79,44,35,38,20,18,2,2,0,0,0,0,39,22,17
FLOYD COUNTY,153,46 Years,73,33,40,27,13,14,4,2,2,1,0,1,41,18,23
FLOYD COUNTY,153,47 Years,75,33,42,31,16,15,4,2,2,0,0,0,40,15,25
FLOYD COUNTY,153,48 Years,83,37,46,42,20,22,4,3,1,1,1,0,36,13,23
FLOYD COUNTY,153,49 Years,75,33,42,39,17,22,3,2,1,0,0,0,33,14,19
FLOYD COUNTY,153,50 Years,85,36,49,42,16,26,2,0,2,0,0,0,41,20,21
FLOYD COUNTY,153,51 Years,91,46,45,45,21,24,2,1,1,0,0,0,44,24,20
FLOYD COUNTY,153,52 Years,96,54,42,56,29,27,2,0,2,1,1,0,37,24,13
FLOYD COUNTY,153,53 Years,92,47,45,52,23,29,2,0,2,1,1,0,37,23,14
FLOYD COUNTY,153,54 Years,82,47,35,46,29,17,3,1,2,0,0,0,33,17,16
FLOYD COUNTY,153,55 Years,74,39,35,34,20,14,2,1,1,1,1,0,37,17,20
FLOYD COUNTY,153,56 Years,78,43,35,40,22,18,1,0,1,1,1,0,36,20,16
FLOYD COUNTY,153,57 Years,91,50,41,48,24,24,3,1,2,1,1,0,39,24,15
FLOYD COUNTY,153,58 Years,78,43,35,40,25,15,3,1,2,1,0,1,34,17,17
FLOYD COUNTY,153,59 Years,88,51,37,49,25,24,5,4,1,2,1,1,32,21,11
FLOYD COUNTY,153,60 Years,90,45,45,51,28,23,4,3,1,1,1,0,34,13,21
FLOYD COUNTY,153,61 Years,76,35,41,42,22,20,2,1,1,0,0,0,32,12,20
FLOYD COUNTY,153,62 Years,68,34,34,43,23,20,2,1,1,0,0,0,23,10,13
FLOYD COUNTY,153,63 Years,65,27,38,38,15,23,1,1,0,1,0,1,25,11,14
FLOYD COUNTY,153,64 Years,60,31,29,30,13,17,2,2,0,0,0,0,28,16,12
FLOYD COUNTY,153,65 Years,54,26,28,30,16,14,3,1,2,0,0,0,21,9,12
FLOYD COUNTY,153,66 Years,60,33,27,39,23,16,1,0,1,0,0,0,20,10,10
FLOYD COUNTY,153,67 Years,57,22,35,34,11,23,1,0,1,1,0,1,21,11,10
FLOYD COUNTY,153,68 Years,52,23,29,31,11,20,2,1,1,0,0,0,19,11,8
FLOYD COUNTY,153,69 Years,66,27,39,44,18,26,2,1,1,0,0,0,20,8,12
FLOYD COUNTY,153,70 Years,61,21,40,37,12,25,2,1,1,2,0,2,20,8,12
FLOYD COUNTY,153,71 Years,61,30,31,40,22,18,3,2,1,2,0,2,16,6,10
FLOYD COUNTY,153,72 Years,59,25,34,41,18,23,1,0,1,1,0,1,16,7,9
FLOYD COUNTY,153,73 Years,53,21,32,33,12,21,1,0,1,0,0,0,19,9,10
FLOYD COUNTY,153,74 Years,44,18,26,30,13,17,1,0,1,0,0,0,13,5,8
FLOYD COUNTY,153,75 Years,45,25,20,27,15,12,2,2,0,0,0,0,16,8,8
FLOYD COUNTY,153,76 Years,50,26,24,39,19,20,3,2,1,0,0,0,8,5,3
FLOYD COUNTY,153,77 Years,44,19,25,35,13,22,2,1,1,0,0,0,7,5,2
FLOYD COUNTY,153,78 Years,39,14,25,27,10,17,1,0,1,0,0,0,11,4,7
FLOYD COUNTY,153,79 Years,45,17,28,27,11,16,4,0,4,0,0,0,14,6,8
FLOYD COUNTY,153,80 Years,33,15,18,27,11,16,1,0,1,0,0,0,5,4,1
FLOYD COUNTY,153,81 Years,41,20,21,31,13,18,1,0,1,0,0,0,9,7,2
FLOYD COUNTY,153,82 Years,52,20,32,40,13,27,2,0,2,0,0,0,10,7,3
FLOYD COUNTY,153,83 Years,42,18,24,33,14,19,3,1,2,1,0,1,5,3,2
FLOYD COUNTY,153,84 Years,34,12,22,28,11,17,1,0,1,1,0,1,4,1,3
FLOYD COUNTY,153,85 Years +,162,70,92,137,58,79,4,1,3,0,0,0,21,11,10
FOARD COUNTY,155,All Ages,1349,643,706,1086,514,572,51,23,28,9,4,5,203,102,101
FOARD COUNTY,155,< 1 Year,15,7,8,8,4,4,1,1,0,0,0,0,6,2,4
FOARD COUNTY,155,1 Years,13,7,6,9,5,4,0,0,0,0,0,0,4,2,2
FOARD COUNTY,155,2 Years,13,6,7,8,3,5,1,1,0,0,0,0,4,2,2
FOARD COUNTY,155,3 Years,13,4,9,9,3,6,1,0,1,1,0,1,2,1,1
FOARD COUNTY,155,4 Years,13,7,6,9,5,4,1,0,1,0,0,0,3,2,1
FOARD COUNTY,155,5 Years,7,3,4,6,2,4,0,0,0,0,0,0,1,1,0
FOARD COUNTY,155,6 Years,12,8,4,10,6,4,0,0,0,0,0,0,2,2,0
FOARD COUNTY,155,7 Years,15,6,9,10,4,6,0,0,0,0,0,0,5,2,3
FOARD COUNTY,155,8 Years,13,5,8,8,4,4,1,0,1,0,0,0,4,1,3
FOARD COUNTY,155,9 Years,13,8,5,8,5,3,2,1,1,1,0,1,2,2,0
FOARD COUNTY,155,10 Years,19,10,9,15,7,8,2,2,0,0,0,0,2,1,1
FOARD COUNTY,155,11 Years,17,7,10,13,5,8,2,2,0,0,0,0,2,0,2
FOARD COUNTY,155,12 Years,15,7,8,12,4,8,2,2,0,0,0,0,1,1,0
FOARD COUNTY,155,13 Years,12,5,7,7,2,5,1,1,0,0,0,0,4,2,2
FOARD COUNTY,155,14 Years,17,7,10,11,5,6,3,0,3,0,0,0,3,2,1
FOARD COUNTY,155,15 Years,15,7,8,9,4,5,1,0,1,0,0,0,5,3,2
FOARD COUNTY,155,16 Years,18,7,11,13,5,8,2,1,1,0,0,0,3,1,2
FOARD COUNTY,155,17 Years,25,12,13,18,11,7,3,1,2,0,0,0,4,0,4
FOARD COUNTY,155,18 Years,23,12,11,16,10,6,1,0,1,0,0,0,6,2,4
FOARD COUNTY,155,19 Years,19,12,7,12,9,3,1,0,1,0,0,0,6,3,3
FOARD COUNTY,155,20 Years,20,9,11,16,7,9,0,0,0,0,0,0,4,2,2
FOARD COUNTY,155,21 Years,15,4,11,12,3,9,0,0,0,0,0,0,3,1,2
FOARD COUNTY,155,22 Years,12,3,9,10,3,7,0,0,0,0,0,0,2,0,2
FOARD COUNTY,155,23 Years,14,9,5,9,6,3,2,1,1,0,0,0,3,2,1
FOARD COUNTY,155,24 Years,9,4,5,6,3,3,0,0,0,0,0,0,3,1,2
FOARD COUNTY,155,25 Years,8,3,5,6,2,4,0,0,0,1,0,1,1,1,0
FOARD COUNTY,155,26 Years,17,10,7,13,7,6,0,0,0,0,0,0,4,3,1
FOARD COUNTY,155,27 Years,13,5,8,9,3,6,0,0,0,0,0,0,4,2,2
FOARD COUNTY,155,28 Years,12,8,4,8,5,3,1,1,0,0,0,0,3,2,1
FOARD COUNTY,155,29 Years,18,12,6,13,9,4,1,0,1,0,0,0,4,3,1
FOARD COUNTY,155,30 Years,14,8,6,13,7,6,0,0,0,0,0,0,1,1,0
FOARD COUNTY,155,31 Years,8,3,5,7,2,5,0,0,0,0,0,0,1,1,0
FOARD COUNTY,155,32 Years,11,6,5,8,5,3,0,0,0,0,0,0,3,1,2
FOARD COUNTY,155,33 Years,8,4,4,5,3,2,0,0,0,1,1,0,2,0,2
FOARD COUNTY,155,34 Years,6,4,2,5,3,2,0,0,0,0,0,0,1,1,0
FOARD COUNTY,155,35 Years,8,4,4,5,2,3,0,0,0,0,0,0,3,2,1
FOARD COUNTY,155,36 Years,14,5,9,12,5,7,1,0,1,0,0,0,1,0,1
FOARD COUNTY,155,37 Years,14,8,6,12,7,5,0,0,0,0,0,0,2,1,1
FOARD COUNTY,155,38 Years,9,4,5,6,2,4,0,0,0,0,0,0,3,2,1
FOARD COUNTY,155,39 Years,8,5,3,6,3,3,0,0,0,0,0,0,2,2,0
FOARD COUNTY,155,40 Years,12,7,5,9,5,4,0,0,0,0,0,0,3,2,1
FOARD COUNTY,155,41 Years,19,8,11,16,6,10,2,1,1,0,0,0,1,1,0
FOARD COUNTY,155,42 Years,20,7,13,17,6,11,0,0,0,0,0,0,3,1,2
FOARD COUNTY,155,43 Years,14,7,7,13,7,6,0,0,0,0,0,0,1,0,1
FOARD COUNTY,155,44 Years,21,13,8,16,10,6,1,1,0,0,0,0,4,2,2
FOARD COUNTY,155,45 Years,16,9,7,12,5,7,1,1,0,0,0,0,3,3,0
FOARD COUNTY,155,46 Years,16,4,12,13,3,10,0,0,0,0,0,0,3,1,2
FOARD COUNTY,155,47 Years,17,8,9,11,4,7,1,1,0,0,0,0,5,3,2
FOARD COUNTY,155,48 Years,26,14,12,23,11,12,1,1,0,0,0,0,2,2,0
FOARD COUNTY,155,49 Years,22,12,10,15,8,7,0,0,0,0,0,0,7,4,3
FOARD COUNTY,155,50 Years,23,11,12,18,9,9,0,0,0,0,0,0,5,2,3
FOARD COUNTY,155,51 Years,23,13,10,19,12,7,1,0,1,0,0,0,3,1,2
FOARD COUNTY,155,52 Years,25,15,10,22,15,7,1,0,1,0,0,0,2,0,2
FOARD COUNTY,155,53 Years,18,10,8,16,9,7,0,0,0,0,0,0,2,1,1
FOARD COUNTY,155,54 Years,16,11,5,12,8,4,0,0,0,1,1,0,3,2,1
FOARD COUNTY,155,55 Years,24,9,15,21,8,13,1,0,1,0,0,0,2,1,1
FOARD COUNTY,155,56 Years,18,7,11,16,5,11,0,0,0,0,0,0,2,2,0
FOARD COUNTY,155,57 Years,11,5,6,8,3,5,0,0,0,0,0,0,3,2,1
FOARD COUNTY,155,58 Years,11,6,5,9,4,5,0,0,0,0,0,0,2,2,0
FOARD COUNTY,155,59 Years,17,8,9,15,7,8,0,0,0,0,0,0,2,1,1
FOARD COUNTY,155,60 Years,20,11,9,18,9,9,0,0,0,1,1,0,1,1,0
FOARD COUNTY,155,61 Years,25,14,11,22,12,10,1,1,0,1,1,0,1,0,1
FOARD COUNTY,155,62 Years,16,8,8,15,8,7,0,0,0,0,0,0,1,0,1
FOARD COUNTY,155,63 Years,19,10,9,18,10,8,0,0,0,0,0,0,1,0,1
FOARD COUNTY,155,64 Years,20,10,10,18,10,8,0,0,0,0,0,0,2,0,2
FOARD COUNTY,155,65 Years,17,7,10,16,7,9,0,0,0,0,0,0,1,0,1
FOARD COUNTY,155,66 Years,18,7,11,17,7,10,0,0,0,0,0,0,1,0,1
FOARD COUNTY,155,67 Years,18,7,11,14,6,8,0,0,0,1,0,1,3,1,2
FOARD COUNTY,155,68 Years,17,7,10,13,5,8,2,1,1,0,0,0,2,1,1
FOARD COUNTY,155,69 Years,19,12,7,16,10,6,1,1,0,0,0,0,2,1,1
FOARD COUNTY,155,70 Years,15,9,6,14,8,6,0,0,0,0,0,0,1,1,0
FOARD COUNTY,155,71 Years,16,8,8,13,7,6,0,0,0,0,0,0,3,1,2
FOARD COUNTY,155,72 Years,17,7,10,16,7,9,0,0,0,0,0,0,1,0,1
FOARD COUNTY,155,73 Years,22,7,15,19,7,12,3,0,3,0,0,0,0,0,0
FOARD COUNTY,155,74 Years,13,2,11,12,2,10,0,0,0,0,0,0,1,0,1
FOARD COUNTY,155,75 Years,16,6,10,13,5,8,2,1,1,1,0,1,0,0,0
FOARD COUNTY,155,76 Years,14,7,7,13,7,6,0,0,0,0,0,0,1,0,1
FOARD COUNTY,155,77 Years,13,7,6,12,7,5,0,0,0,0,0,0,1,0,1
FOARD COUNTY,155,78 Years,9,4,5,9,4,5,0,0,0,0,0,0,0,0,0
FOARD COUNTY,155,79 Years,12,8,4,11,7,4,0,0,0,0,0,0,1,1,0
FOARD COUNTY,155,80 Years,12,5,7,11,4,7,0,0,0,0,0,0,1,1,0
FOARD COUNTY,155,81 Years,7,3,4,6,2,4,0,0,0,0,0,0,1,1,0
FOARD COUNTY,155,82 Years,6,4,2,6,4,2,0,0,0,0,0,0,0,0,0
FOARD COUNTY,155,83 Years,7,4,3,7,4,3,0,0,0,0,0,0,0,0,0
FOARD COUNTY,155,84 Years,7,1,6,7,1,6,0,0,0,0,0,0,0,0,0
FOARD COUNTY,155,85 Years +,60,19,41,57,19,38,3,0,3,0,0,0,0,0,0
FORT BEND COUNTY,157,All Ages,624831,306852,317979,220356,109812,110544,131589,61841,69748,121332,59613,61719,151554,75586,75968
FORT BEND COUNTY,157,< 1 Year,8028,4114,3914,2628,1340,1288,1536,799,737,1628,843,785,2236,1132,1104
FORT BEND COUNTY,157,1 Years,8092,4127,3965,2349,1202,1147,1514,772,742,1579,807,772,2650,1346,1304
FORT BEND COUNTY,157,2 Years,8179,4215,3964,2390,1277,1113,1567,790,777,1582,815,767,2640,1333,1307
FORT BEND COUNTY,157,3 Years,8698,4438,4260,2573,1343,1230,1724,861,863,1690,876,814,2711,1358,1353
FORT BEND COUNTY,157,4 Years,8964,4576,4388,2609,1340,1269,1817,915,902,1825,932,893,2713,1389,1324
FORT BEND COUNTY,157,5 Years,9373,4749,4624,2703,1380,1323,1915,957,958,1942,989,953,2813,1423,1390
FORT BEND COUNTY,157,6 Years,9665,4983,4682,2885,1520,1365,1969,1011,958,1954,988,966,2857,1464,1393
FORT BEND COUNTY,157,7 Years,9963,5077,4886,2961,1544,1417,2042,1008,1034,1997,1004,993,2963,1521,1442
FORT BEND COUNTY,157,8 Years,10343,5220,5123,3067,1523,1544,2179,1089,1090,2095,1068,1027,3002,1540,1462
FORT BEND COUNTY,157,9 Years,10508,5327,5181,3065,1503,1562,2256,1183,1073,2105,1082,1023,3082,1559,1523
FORT BEND COUNTY,157,10 Years,10546,5453,5093,3103,1584,1519,2281,1188,1093,2046,1099,947,3116,1582,1534
FORT BEND COUNTY,157,11 Years,10827,5585,5242,3174,1633,1541,2419,1234,1185,2122,1131,991,3112,1587,1525
FORT BEND COUNTY,157,12 Years,10925,5657,5268,3270,1725,1545,2471,1264,1207,2047,1052,995,3137,1616,1521
FORT BEND COUNTY,157,13 Years,10795,5496,5299,3161,1633,1528,2503,1269,1234,1991,995,996,3140,1599,1541
FORT BEND COUNTY,157,14 Years,10776,5500,5276,3121,1597,1524,2579,1284,1295,2032,1042,990,3044,1577,1467
FORT BEND COUNTY,157,15 Years,10760,5578,5182,3237,1679,1558,2567,1321,1246,2045,1067,978,2911,1511,1400
FORT BEND COUNTY,157,16 Years,10792,5609,5183,3288,1712,1576,2592,1324,1268,2014,1074,940,2898,1499,1399
FORT BEND COUNTY,157,17 Years,10748,5504,5244,3228,1653,1575,2597,1292,1305,2012,1043,969,2911,1516,1395
FORT BEND COUNTY,157,18 Years,10763,5507,5256,3287,1661,1626,2607,1340,1267,1959,1010,949,2910,1496,1414
FORT BEND COUNTY,157,19 Years,10291,5422,4869,3100,1631,1469,2548,1360,1188,1847,975,872,2796,1456,1340
FORT BEND COUNTY,157,20 Years,8686,4640,4046,2512,1346,1166,2188,1173,1015,1487,784,703,2499,1337,1162
FORT BEND COUNTY,157,21 Years,7142,3807,3335,1777,940,837,1848,1003,845,1214,613,601,2303,1251,1052
FORT BEND COUNTY,157,22 Years,6544,3441,3103,1524,807,717,1686,894,792,1167,579,588,2167,1161,1006
FORT BEND COUNTY,157,23 Years,6263,3302,2961,1535,803,732,1557,815,742,1131,583,548,2040,1101,939
FORT BEND COUNTY,157,24 Years,6158,3138,3020,1674,840,834,1405,673,732,1155,571,584,1924,1054,870
FORT BEND COUNTY,157,25 Years,6388,3255,3133,1880,933,947,1378,682,696,1188,601,587,1942,1039,903
FORT BEND COUNTY,157,26 Years,6526,3325,3201,1973,1011,962,1360,667,693,1223,593,630,1970,1054,916
FORT BEND COUNTY,157,27 Years,6762,3351,3411,2111,1039,1072,1358,647,711,1320,660,660,1973,1005,968
FORT BEND COUNTY,157,28 Years,6619,3190,3429,2023,979,1044,1336,623,713,1339,635,704,1921,953,968
FORT BEND COUNTY,157,29 Years,7008,3409,3599,2201,1082,1119,1364,648,716,1350,636,714,2093,1043,1050
FORT BEND COUNTY,157,30 Years,7385,3616,3769,2364,1164,1200,1427,674,753,1403,665,738,2191,1113,1078
FORT BEND COUNTY,157,31 Years,7684,3674,4010,2504,1235,1269,1519,697,822,1408,649,759,2253,1093,1160
FORT BEND COUNTY,157,32 Years,7953,3703,4250,2559,1238,1321,1676,738,938,1482,649,833,2236,1078,1158
FORT BEND COUNTY,157,33 Years,7934,3673,4261,2550,1224,1326,1658,706,952,1506,652,854,2220,1091,1129
FORT BEND COUNTY,157,34 Years,8116,3781,4335,2559,1241,1318,1684,722,962,1588,695,893,2285,1123,1162
FORT BEND COUNTY,157,35 Years,8282,3812,4470,2583,1252,1331,1705,737,968,1662,710,952,2332,1113,1219
FORT BEND COUNTY,157,36 Years,8588,3962,4626,2568,1251,1317,1795,755,1040,1784,783,1001,2441,1173,1268
FORT BEND COUNTY,157,37 Years,9126,4202,4924,2766,1324,1442,1850,788,1062,1964,854,1110,2546,1236,1310
FORT BEND COUNTY,157,38 Years,9216,4246,4970,2809,1363,1446,1951,825,1126,2057,905,1152,2399,1153,1246
FORT BEND COUNTY,157,39 Years,9769,4548,5221,2979,1454,1525,2181,939,1242,2141,978,1163,2468,1177,1291
FORT BEND COUNTY,157,40 Years,10266,4762,5504,3279,1598,1681,2291,980,1311,2166,973,1193,2530,1211,1319
FORT BEND COUNTY,157,41 Years,10607,4957,5650,3542,1727,1815,2357,1012,1345,2186,1003,1183,2522,1215,1307
FORT BEND COUNTY,157,42 Years,10525,4902,5623,3592,1731,1861,2272,966,1306,2154,996,1158,2507,1209,1298
FORT BEND COUNTY,157,43 Years,10035,4719,5316,3425,1659,1766,2167,944,1223,2104,974,1130,2339,1142,1197
FORT BEND COUNTY,157,44 Years,9679,4624,5055,3352,1691,1661,2135,943,1192,1950,904,1046,2242,1086,1156
FORT BEND COUNTY,157,45 Years,9604,4665,4939,3366,1694,1672,2078,938,1140,2016,981,1035,2144,1052,1092
FORT BEND COUNTY,157,46 Years,9618,4685,4933,3324,1651,1673,2070,946,1124,2064,1029,1035,2160,1059,1101
FORT BEND COUNTY,157,47 Years,9656,4692,4964,3502,1752,1750,2078,919,1159,1953,977,976,2123,1044,1079
FORT BEND COUNTY,157,48 Years,9681,4586,5095,3557,1713,1844,2086,887,1199,1996,1005,991,2042,981,1061
FORT BEND COUNTY,157,49 Years,9761,4728,5033,3709,1856,1853,2057,913,1144,2042,1017,1025,1953,942,1011
FORT BEND COUNTY,157,50 Years,9517,4632,4885,3834,1906,1928,1996,911,1085,1853,916,937,1834,899,935
FORT BEND COUNTY,157,51 Years,9520,4556,4964,3916,1898,2018,2036,943,1093,1841,879,962,1727,836,891
FORT BEND COUNTY,157,52 Years,9785,4792,4993,4178,2082,2096,2058,968,1090,1835,880,955,1714,862,852
FORT BEND COUNTY,157,53 Years,9713,4728,4985,4360,2158,2202,1982,906,1076,1728,839,889,1643,825,818
FORT BEND COUNTY,157,54 Years,9543,4661,4882,4360,2213,2147,1956,869,1087,1670,823,847,1557,756,801
FORT BEND COUNTY,157,55 Years,9312,4599,4713,4327,2229,2098,1900,860,1040,1626,802,824,1459,708,751
FORT BEND COUNTY,157,56 Years,8968,4490,4478,4039,2090,1949,1860,868,992,1671,836,835,1398,696,702
FORT BEND COUNTY,157,57 Years,8546,4166,4380,3818,1911,1907,1859,859,1000,1578,782,796,1291,614,677
FORT BEND COUNTY,157,58 Years,7894,3852,4042,3556,1801,1755,1685,741,944,1460,756,704,1193,554,639
FORT BEND COUNTY,157,59 Years,7627,3723,3904,3446,1735,1711,1592,699,893,1472,750,722,1117,539,578
FORT BEND COUNTY,157,60 Years,7267,3511,3756,3357,1732,1625,1515,621,894,1329,632,697,1066,526,540
FORT BEND COUNTY,157,61 Years,6696,3256,3440,3062,1553,1509,1369,607,762,1309,623,686,956,473,483
FORT BEND COUNTY,157,62 Years,6457,3185,3272,2919,1483,1436,1334,614,720,1280,629,651,924,459,465
FORT BEND COUNTY,157,63 Years,6008,2957,3051,2728,1389,1339,1266,566,700,1167,579,588,847,423,424
FORT BEND COUNTY,157,64 Years,5751,2818,2933,2730,1387,1343,1142,524,618,1072,534,538,807,373,434
FORT BEND COUNTY,157,65 Years,5496,2693,2803,2748,1398,1350,983,434,549,1013,514,499,752,347,405
FORT BEND COUNTY,157,66 Years,4432,2172,2260,2086,1051,1035,777,355,422,891,451,440,678,315,363
FORT BEND COUNTY,157,67 Years,3964,1908,2056,1875,928,947,672,291,381,830,415,415,587,274,313
FORT BEND COUNTY,157,68 Years,3737,1795,1942,1845,930,915,630,256,374,741,380,361,521,229,292
FORT BEND COUNTY,157,69 Years,3434,1684,1750,1734,872,862,546,240,306,676,365,311,478,207,271
FORT BEND COUNTY,157,70 Years,2957,1458,1499,1467,731,736,456,203,253,614,321,293,420,203,217
FORT BEND COUNTY,157,71 Years,2711,1274,1437,1300,626,674,419,179,240,576,279,297,416,190,226
FORT BEND COUNTY,157,72 Years,2515,1201,1314,1211,583,628,371,163,208,541,280,261,392,175,217
FORT BEND COUNTY,157,73 Years,2293,1086,1207,1141,548,593,344,154,190,467,247,220,341,137,204
FORT BEND COUNTY,157,74 Years,2092,946,1146,1030,475,555,307,119,188,423,215,208,332,137,195
FORT BEND COUNTY,157,75 Years,1858,826,1032,917,435,482,259,91,168,382,185,197,300,115,185
FORT BEND COUNTY,157,76 Years,1774,775,999,897,413,484,239,93,146,350,163,187,288,106,182
FORT BEND COUNTY,157,77 Years,1604,715,889,818,365,453,215,89,126,312,152,160,259,109,150
FORT BEND COUNTY,157,78 Years,1387,613,774,726,315,411,201,80,121,240,128,112,220,90,130
FORT BEND COUNTY,157,79 Years,1339,556,783,732,310,422,186,60,126,220,107,113,201,79,122
FORT BEND COUNTY,157,80 Years,1229,525,704,693,296,397,142,50,92,191,96,95,203,83,120
FORT BEND COUNTY,157,81 Years,1124,461,663,630,266,364,129,41,88,183,84,99,182,70,112
FORT BEND COUNTY,157,82 Years,1091,425,666,617,236,381,121,41,80,169,70,99,184,78,106
FORT BEND COUNTY,157,83 Years,1013,389,624,580,217,363,140,50,90,145,65,80,148,57,91
FORT BEND COUNTY,157,84 Years,885,345,540,504,204,300,117,33,84,139,59,80,125,49,76
FORT BEND COUNTY,157,85 Years +,4675,1547,3128,2877,968,1909,585,148,437,626,231,395,587,200,387
FRANKLIN COUNTY,159,All Ages,10654,5248,5406,8577,4176,4401,410,204,206,266,107,159,1401,761,640
FRANKLIN COUNTY,159,< 1 Year,105,52,53,78,36,42,3,2,1,2,1,1,22,13,9
FRANKLIN COUNTY,159,1 Years,119,62,57,90,46,44,4,2,2,2,1,1,23,13,10
FRANKLIN COUNTY,159,2 Years,134,66,68,87,42,45,6,3,3,5,4,1,36,17,19
FRANKLIN COUNTY,159,3 Years,135,72,63,89,50,39,3,2,1,4,3,1,39,17,22
FRANKLIN COUNTY,159,4 Years,137,75,62,86,51,35,6,2,4,6,2,4,39,20,19
FRANKLIN COUNTY,159,5 Years,153,80,73,101,49,52,9,5,4,4,2,2,39,24,15
FRANKLIN COUNTY,159,6 Years,140,71,69,100,49,51,6,2,4,4,2,2,30,18,12
FRANKLIN COUNTY,159,7 Years,169,86,83,118,62,56,7,3,4,8,3,5,36,18,18
FRANKLIN COUNTY,159,8 Years,171,100,71,113,69,44,9,5,4,10,4,6,39,22,17
FRANKLIN COUNTY,159,9 Years,131,72,59,89,52,37,8,5,3,4,1,3,30,14,16
FRANKLIN COUNTY,159,10 Years,156,83,73,112,60,52,8,6,2,5,2,3,31,15,16
FRANKLIN COUNTY,159,11 Years,148,79,69,104,55,49,11,5,6,6,2,4,27,17,10
FRANKLIN COUNTY,159,12 Years,150,71,79,103,53,50,14,5,9,5,2,3,28,11,17
FRANKLIN COUNTY,159,13 Years,140,65,75,99,49,50,6,3,3,3,1,2,32,12,20
FRANKLIN COUNTY,159,14 Years,139,67,72,99,52,47,4,2,2,8,1,7,28,12,16
FRANKLIN COUNTY,159,15 Years,149,77,72,108,57,51,4,1,3,10,3,7,27,16,11
FRANKLIN COUNTY,159,16 Years,140,77,63,107,57,50,4,3,1,3,2,1,26,15,11
FRANKLIN COUNTY,159,17 Years,140,69,71,103,49,54,8,4,4,7,4,3,22,12,10
FRANKLIN COUNTY,159,18 Years,144,76,68,104,58,46,7,3,4,4,1,3,29,14,15
FRANKLIN COUNTY,159,19 Years,146,80,66,101,54,47,7,4,3,4,3,1,34,19,15
FRANKLIN COUNTY,159,20 Years,133,69,64,90,45,45,7,5,2,7,4,3,29,15,14
FRANKLIN COUNTY,159,21 Years,118,62,56,79,39,40,9,6,3,4,3,1,26,14,12
FRANKLIN COUNTY,159,22 Years,120,65,55,82,42,40,6,4,2,4,1,3,28,18,10
FRANKLIN COUNTY,159,23 Years,114,57,57,86,43,43,3,1,2,4,1,3,21,12,9
FRANKLIN COUNTY,159,24 Years,121,60,61,89,42,47,5,2,3,3,1,2,24,15,9
FRANKLIN COUNTY,159,25 Years,116,57,59,81,40,41,2,1,1,2,1,1,31,15,16
FRANKLIN COUNTY,159,26 Years,118,53,65,84,36,48,3,2,1,3,2,1,28,13,15
FRANKLIN COUNTY,159,27 Years,107,52,55,80,38,42,3,1,2,1,1,0,23,12,11
FRANKLIN COUNTY,159,28 Years,96,45,51,73,32,41,6,2,4,0,0,0,17,11,6
FRANKLIN COUNTY,159,29 Years,100,48,52,75,33,42,9,5,4,1,0,1,15,10,5
FRANKLIN COUNTY,159,30 Years,111,51,60,82,37,45,5,2,3,1,0,1,23,12,11
FRANKLIN COUNTY,159,31 Years,99,48,51,80,36,44,1,0,1,1,0,1,17,12,5
FRANKLIN COUNTY,159,32 Years,122,54,68,95,39,56,9,3,6,2,0,2,16,12,4
FRANKLIN COUNTY,159,33 Years,104,50,54,76,36,40,8,4,4,4,1,3,16,9,7
FRANKLIN COUNTY,159,34 Years,102,58,44,72,38,34,6,5,1,2,1,1,22,14,8
FRANKLIN COUNTY,159,35 Years,101,44,57,72,31,41,8,4,4,4,2,2,17,7,10
FRANKLIN COUNTY,159,36 Years,97,49,48,73,35,38,8,5,3,1,1,0,15,8,7
FRANKLIN COUNTY,159,37 Years,102,41,61,79,33,46,5,3,2,2,0,2,16,5,11
FRANKLIN COUNTY,159,38 Years,93,42,51,72,34,38,4,2,2,1,0,1,16,6,10
FRANKLIN COUNTY,159,39 Years,110,55,55,85,41,44,3,1,2,6,2,4,16,11,5
FRANKLIN COUNTY,159,40 Years,115,55,60,87,44,43,3,0,3,3,1,2,22,10,12
FRANKLIN COUNTY,159,41 Years,122,63,59,94,48,46,4,3,1,3,1,2,21,11,10
FRANKLIN COUNTY,159,42 Years,120,66,54,92,50,42,7,4,3,4,2,2,17,10,7
FRANKLIN COUNTY,159,43 Years,135,77,58,114,64,50,6,4,2,5,3,2,10,6,4
FRANKLIN COUNTY,159,44 Years,122,67,55,97,52,45,4,2,2,3,2,1,18,11,7
FRANKLIN COUNTY,159,45 Years,113,53,60,84,40,44,6,2,4,2,0,2,21,11,10
FRANKLIN COUNTY,159,46 Years,128,58,70,103,48,55,5,1,4,3,2,1,17,7,10
FRANKLIN COUNTY,159,47 Years,146,66,80,120,57,63,4,1,3,4,0,4,18,8,10
FRANKLIN COUNTY,159,48 Years,153,65,88,126,49,77,4,3,1,6,2,4,17,11,6
FRANKLIN COUNTY,159,49 Years,161,89,72,136,71,65,6,5,1,3,2,1,16,11,5
FRANKLIN COUNTY,159,50 Years,149,79,70,123,61,62,5,3,2,4,2,2,17,13,4
FRANKLIN COUNTY,159,51 Years,143,72,71,123,59,64,5,3,2,1,1,0,14,9,5
FRANKLIN COUNTY,159,52 Years,144,66,78,121,56,65,4,1,3,5,2,3,14,7,7
FRANKLIN COUNTY,159,53 Years,155,75,80,129,60,69,6,3,3,4,3,1,16,9,7
FRANKLIN COUNTY,159,54 Years,144,72,72,126,61,65,4,2,2,3,2,1,11,7,4
FRANKLIN COUNTY,159,55 Years,149,73,76,126,60,66,6,2,4,4,2,2,13,9,4
FRANKLIN COUNTY,159,56 Years,143,73,70,125,64,61,7,3,4,1,0,1,10,6,4
FRANKLIN COUNTY,159,57 Years,135,73,62,115,61,54,10,6,4,2,0,2,8,6,2
FRANKLIN COUNTY,159,58 Years,128,63,65,116,58,58,3,2,1,1,0,1,8,3,5
FRANKLIN COUNTY,159,59 Years,141,66,75,126,60,66,4,2,2,4,1,3,7,3,4
FRANKLIN COUNTY,159,60 Years,159,64,95,143,61,82,5,2,3,3,0,3,8,1,7
FRANKLIN COUNTY,159,61 Years,145,69,76,129,63,66,4,1,3,3,1,2,9,4,5
FRANKLIN COUNTY,159,62 Years,148,82,66,134,73,61,4,3,1,3,1,2,7,5,2
FRANKLIN COUNTY,159,63 Years,158,85,73,147,78,69,2,2,0,3,1,2,6,4,2
FRANKLIN COUNTY,159,64 Years,154,71,83,146,68,78,2,1,1,4,0,4,2,2,0
FRANKLIN COUNTY,159,65 Years,155,64,91,146,58,88,0,0,0,3,0,3,6,6,0
FRANKLIN COUNTY,159,66 Years,137,63,74,125,55,70,2,1,1,3,1,2,7,6,1
FRANKLIN COUNTY,159,67 Years,109,58,51,102,53,49,1,0,1,2,2,0,4,3,1
FRANKLIN COUNTY,159,68 Years,129,61,68,117,57,60,4,2,2,4,1,3,4,1,3
FRANKLIN COUNTY,159,69 Years,130,60,70,124,58,66,4,2,2,1,0,1,1,0,1
FRANKLIN COUNTY,159,70 Years,119,56,63,117,55,62,2,1,1,0,0,0,0,0,0
FRANKLIN COUNTY,159,71 Years,106,59,47,99,54,45,2,1,1,2,1,1,3,3,0
FRANKLIN COUNTY,159,72 Years,96,52,44,89,48,41,2,1,1,3,2,1,2,1,1
FRANKLIN COUNTY,159,73 Years,102,50,52,99,49,50,3,1,2,0,0,0,0,0,0
FRANKLIN COUNTY,159,74 Years,117,56,61,110,51,59,6,4,2,1,1,0,0,0,0
FRANKLIN COUNTY,159,75 Years,101,45,56,93,43,50,6,2,4,1,0,1,1,0,1
FRANKLIN COUNTY,159,76 Years,78,35,43,70,31,39,2,1,1,1,0,1,5,3,2
FRANKLIN COUNTY,159,77 Years,77,39,38,74,37,37,1,1,0,0,0,0,2,1,1
FRANKLIN COUNTY,159,78 Years,78,37,41,78,37,41,0,0,0,0,0,0,0,0,0
FRANKLIN COUNTY,159,79 Years,68,26,42,66,26,40,1,0,1,0,0,0,1,0,1
FRANKLIN COUNTY,159,80 Years,58,27,31,57,27,30,1,0,1,0,0,0,0,0,0
FRANKLIN COUNTY,159,81 Years,69,37,32,62,32,30,2,1,1,3,2,1,2,2,0
FRANKLIN COUNTY,159,82 Years,52,21,31,50,20,30,0,0,0,1,0,1,1,1,0
FRANKLIN COUNTY,159,83 Years,50,20,30,48,20,28,1,0,1,0,0,0,1,0,1
FRANKLIN COUNTY,159,84 Years,48,21,27,46,21,25,2,0,2,0,0,0,0,0,0
FRANKLIN COUNTY,159,85 Years +,235,79,156,227,78,149,4,0,4,3,1,2,1,0,1
FREESTONE COUNTY,161,All Ages,20173,10631,9542,13776,7005,6771,3217,1776,1441,311,168,143,2869,1682,1187
FREESTONE COUNTY,161,< 1 Year,234,114,120,133,68,65,33,13,20,5,4,1,63,29,34
FREESTONE COUNTY,161,1 Years,230,116,114,141,73,68,31,14,17,5,3,2,53,26,27
FREESTONE COUNTY,161,2 Years,238,114,124,137,64,73,38,18,20,5,2,3,58,30,28
FREESTONE COUNTY,161,3 Years,242,128,114,135,72,63,37,18,19,5,3,2,65,35,30
FREESTONE COUNTY,161,4 Years,262,149,113,161,94,67,37,22,15,8,4,4,56,29,27
FREESTONE COUNTY,161,5 Years,259,138,121,153,86,67,44,24,20,10,5,5,52,23,29
FREESTONE COUNTY,161,6 Years,241,126,115,135,73,62,40,21,19,9,6,3,57,26,31
FREESTONE COUNTY,161,7 Years,246,121,125,141,66,75,29,14,15,9,4,5,67,37,30
FREESTONE COUNTY,161,8 Years,245,111,134,146,71,75,32,11,21,3,2,1,64,27,37
FREESTONE COUNTY,161,9 Years,254,121,133,158,81,77,32,14,18,5,2,3,59,24,35
FREESTONE COUNTY,161,10 Years,284,150,134,178,93,85,42,28,14,8,5,3,56,24,32
FREESTONE COUNTY,161,11 Years,297,158,139,180,96,84,46,26,20,6,5,1,65,31,34
FREESTONE COUNTY,161,12 Years,286,148,138,179,93,86,48,25,23,3,3,0,56,27,29
FREESTONE COUNTY,161,13 Years,263,143,120,171,90,81,37,21,16,3,1,2,52,31,21
FREESTONE COUNTY,161,14 Years,247,128,119,160,81,79,41,23,18,7,3,4,39,21,18
FREESTONE COUNTY,161,15 Years,250,131,119,164,89,75,42,23,19,4,2,2,40,17,23
FREESTONE COUNTY,161,16 Years,265,142,123,165,88,77,37,20,17,6,5,1,57,29,28
FREESTONE COUNTY,161,17 Years,271,140,131,182,91,91,42,23,19,4,2,2,43,24,19
FREESTONE COUNTY,161,18 Years,283,147,136,189,97,92,42,18,24,3,1,2,49,31,18
FREESTONE COUNTY,161,19 Years,254,140,114,157,85,72,41,20,21,3,0,3,53,35,18
FREESTONE COUNTY,161,20 Years,227,120,107,140,71,69,41,21,20,5,2,3,41,26,15
FREESTONE COUNTY,161,21 Years,183,98,85,113,60,53,26,13,13,2,1,1,42,24,18
FREESTONE COUNTY,161,22 Years,188,101,87,108,61,47,28,15,13,2,1,1,50,24,26
FREESTONE COUNTY,161,23 Years,191,113,78,115,69,46,33,19,14,4,1,3,39,24,15
FREESTONE COUNTY,161,24 Years,188,83,105,116,54,62,32,13,19,4,1,3,36,15,21
FREESTONE COUNTY,161,25 Years,196,91,105,110,46,64,39,18,21,4,2,2,43,25,18
FREESTONE COUNTY,161,26 Years,212,107,105,124,58,66,42,21,21,6,2,4,40,26,14
FREESTONE COUNTY,161,27 Years,221,127,94,132,73,59,38,25,13,5,1,4,46,28,18
FREESTONE COUNTY,161,28 Years,225,135,90,138,76,62,32,22,10,2,1,1,53,36,17
FREESTONE COUNTY,161,29 Years,223,125,98,131,70,61,33,19,14,4,4,0,55,32,23
FREESTONE COUNTY,161,30 Years,237,122,115,134,62,72,39,23,16,4,3,1,60,34,26
FREESTONE COUNTY,161,31 Years,258,143,115,160,79,81,34,21,13,3,2,1,61,41,20
FREESTONE COUNTY,161,32 Years,275,160,115,169,93,76,48,28,20,2,1,1,56,38,18
FREESTONE COUNTY,161,33 Years,259,146,113,157,88,69,42,21,21,1,1,0,59,36,23
FREESTONE COUNTY,161,34 Years,273,162,111,173,95,78,43,25,18,3,2,1,54,40,14
FREESTONE COUNTY,161,35 Years,253,152,101,169,95,74,39,24,15,1,1,0,44,32,12
FREESTONE COUNTY,161,36 Years,246,149,97,155,85,70,35,26,9,1,1,0,55,37,18
FREESTONE COUNTY,161,37 Years,235,135,100,145,76,69,39,28,11,4,2,2,47,29,18
FREESTONE COUNTY,161,38 Years,248,149,99,159,91,68,38,29,9,7,4,3,44,25,19
FREESTONE COUNTY,161,39 Years,226,148,78,142,90,52,35,24,11,5,3,2,44,31,13
FREESTONE COUNTY,161,40 Years,275,164,111,168,94,74,44,29,15,6,4,2,57,37,20
FREESTONE COUNTY,161,41 Years,293,160,133,189,95,94,51,32,19,3,1,2,50,32,18
FREESTONE COUNTY,161,42 Years,298,166,132,211,110,101,39,25,14,4,2,2,44,29,15
FREESTONE COUNTY,161,43 Years,308,188,120,206,116,90,55,39,16,3,2,1,44,31,13
FREESTONE COUNTY,161,44 Years,232,147,85,154,87,67,38,29,9,2,1,1,38,30,8
FREESTONE COUNTY,161,45 Years,254,149,105,162,85,77,54,37,17,2,1,1,36,26,10
FREESTONE COUNTY,161,46 Years,278,165,113,176,94,82,50,34,16,6,4,2,46,33,13
FREESTONE COUNTY,161,47 Years,270,142,128,184,91,93,51,29,22,5,2,3,30,20,10
FREESTONE COUNTY,161,48 Years,292,163,129,204,113,91,51,26,25,2,0,2,35,24,11
FREESTONE COUNTY,161,49 Years,286,173,113,192,107,85,55,38,17,3,1,2,36,27,9
FREESTONE COUNTY,161,50 Years,270,133,137,185,87,98,46,25,21,4,2,2,35,19,16
FREESTONE COUNTY,161,51 Years,297,162,135,208,105,103,60,40,20,4,3,1,25,14,11
FREESTONE COUNTY,161,52 Years,331,192,139,228,125,103,68,43,25,5,5,0,30,19,11
FREESTONE COUNTY,161,53 Years,281,156,125,204,108,96,53,33,20,4,3,1,20,12,8
FREESTONE COUNTY,161,54 Years,277,144,133,210,107,103,50,28,22,3,2,1,14,7,7
FREESTONE COUNTY,161,55 Years,276,153,123,193,102,91,53,32,21,5,3,2,25,16,9
FREESTONE COUNTY,161,56 Years,279,142,137,201,104,97,51,23,28,2,1,1,25,14,11
FREESTONE COUNTY,161,57 Years,289,150,139,212,110,102,52,27,25,2,1,1,23,12,11
FREESTONE COUNTY,161,58 Years,287,157,130,218,112,106,47,30,17,5,3,2,17,12,5
FREESTONE COUNTY,161,59 Years,285,143,142,217,105,112,49,24,25,5,3,2,14,11,3
FREESTONE COUNTY,161,60 Years,255,128,127,198,98,100,41,17,24,2,2,0,14,11,3
FREESTONE COUNTY,161,61 Years,235,122,113,181,88,93,38,22,16,1,1,0,15,11,4
FREESTONE COUNTY,161,62 Years,265,130,135,201,98,103,44,23,21,5,1,4,15,8,7
FREESTONE COUNTY,161,63 Years,267,126,141,214,96,118,34,19,15,4,1,3,15,10,5
FREESTONE COUNTY,161,64 Years,272,128,144,227,101,126,29,16,13,5,3,2,11,8,3
FREESTONE COUNTY,161,65 Years,271,140,131,225,114,111,30,16,14,5,4,1,11,6,5
FREESTONE COUNTY,161,66 Years,209,98,111,164,77,87,34,15,19,2,1,1,9,5,4
FREESTONE COUNTY,161,67 Years,208,94,114,168,80,88,26,8,18,5,1,4,9,5,4
FREESTONE COUNTY,161,68 Years,230,109,121,187,86,101,31,16,15,3,1,2,9,6,3
FREESTONE COUNTY,161,69 Years,227,111,116,186,85,101,32,18,14,3,2,1,6,6,0
FREESTONE COUNTY,161,70 Years,213,102,111,179,81,98,25,13,12,2,1,1,7,7,0
FREESTONE COUNTY,161,71 Years,176,91,85,148,75,73,25,15,10,1,0,1,2,1,1
FREESTONE COUNTY,161,72 Years,161,86,75,134,69,65,23,15,8,2,1,1,2,1,1
FREESTONE COUNTY,161,73 Years,159,78,81,135,67,68,20,10,10,2,1,1,2,0,2
FREESTONE COUNTY,161,74 Years,160,80,80,134,68,66,22,10,12,2,1,1,2,1,1
FREESTONE COUNTY,161,75 Years,146,76,70,119,64,55,25,10,15,1,1,0,1,1,0
FREESTONE COUNTY,161,76 Years,142,65,77,119,53,66,19,9,10,1,1,0,3,2,1
FREESTONE COUNTY,161,77 Years,135,63,72,110,50,60,21,10,11,1,1,0,3,2,1
FREESTONE COUNTY,161,78 Years,111,51,60,93,43,50,16,7,9,0,0,0,2,1,1
FREESTONE COUNTY,161,79 Years,106,35,71,84,28,56,18,6,12,2,0,2,2,1,1
FREESTONE COUNTY,161,80 Years,98,43,55,77,36,41,19,7,12,2,0,2,0,0,0
FREESTONE COUNTY,161,81 Years,105,53,52,85,43,42,17,8,9,1,1,0,2,1,1
FREESTONE COUNTY,161,82 Years,91,40,51,79,35,44,8,3,5,1,0,1,3,2,1
FREESTONE COUNTY,161,83 Years,66,22,44,57,19,38,6,2,4,1,0,1,2,1,1
FREESTONE COUNTY,161,84 Years,63,27,36,54,24,30,8,3,5,0,0,0,1,0,1
FREESTONE COUNTY,161,85 Years +,429,153,276,341,127,214,82,24,58,2,1,1,4,1,3
FRIO COUNTY,163,All Ages,17963,10449,7514,2867,1537,1330,535,505,30,522,428,94,14039,7979,6060
FRIO COUNTY,163,< 1 Year,243,124,119,42,23,19,0,0,0,4,2,2,197,99,98
FRIO COUNTY,163,1 Years,226,114,112,29,15,14,0,0,0,2,1,1,195,98,97
FRIO COUNTY,163,2 Years,245,124,121,28,14,14,0,0,0,2,1,1,215,109,106
FRIO COUNTY,163,3 Years,232,120,112,22,11,11,0,0,0,3,0,3,207,109,98
FRIO COUNTY,163,4 Years,246,142,104,23,12,11,0,0,0,2,0,2,221,130,91
FRIO COUNTY,163,5 Years,241,124,117,26,12,14,0,0,0,3,1,2,212,111,101
FRIO COUNTY,163,6 Years,251,130,121,21,11,10,1,0,1,2,0,2,227,119,108
FRIO COUNTY,163,7 Years,237,120,117,20,11,9,1,1,0,3,2,1,213,106,107
FRIO COUNTY,163,8 Years,208,102,106,21,8,13,0,0,0,2,1,1,185,93,92
FRIO COUNTY,163,9 Years,217,110,107,26,8,18,0,0,0,3,2,1,188,100,88
FRIO COUNTY,163,10 Years,246,114,132,29,18,11,1,0,1,2,1,1,214,95,119
FRIO COUNTY,163,11 Years,255,132,123,22,13,9,1,0,1,2,1,1,230,118,112
FRIO COUNTY,163,12 Years,266,134,132,30,16,14,0,0,0,3,2,1,233,116,117
FRIO COUNTY,163,13 Years,239,118,121,24,12,12,1,1,0,2,1,1,212,104,108
FRIO COUNTY,163,14 Years,229,120,109,21,11,10,0,0,0,3,1,2,205,108,97
FRIO COUNTY,163,15 Years,227,122,105,28,14,14,1,1,0,3,1,2,195,106,89
FRIO COUNTY,163,16 Years,216,121,95,25,17,8,1,1,0,4,3,1,186,100,86
FRIO COUNTY,163,17 Years,256,132,124,36,22,14,2,0,2,3,2,1,215,108,107
FRIO COUNTY,163,18 Years,261,134,127,30,16,14,7,6,1,2,1,1,222,111,111
FRIO COUNTY,163,19 Years,303,174,129,34,23,11,7,7,0,14,13,1,248,131,117
FRIO COUNTY,163,20 Years,335,206,129,31,19,12,15,15,0,10,9,1,279,163,116
FRIO COUNTY,163,21 Years,334,217,117,20,12,8,29,29,0,14,11,3,271,165,106
FRIO COUNTY,163,22 Years,312,230,82,17,10,7,29,29,0,18,13,5,248,178,70
FRIO COUNTY,163,23 Years,337,248,89,28,14,14,46,45,1,20,18,2,243,171,72
FRIO COUNTY,163,24 Years,322,246,76,30,22,8,33,33,0,17,17,0,242,174,68
FRIO COUNTY,163,25 Years,381,300,81,36,26,10,27,27,0,27,24,3,291,223,68
FRIO COUNTY,163,26 Years,335,249,86,34,21,13,26,26,0,18,17,1,257,185,72
FRIO COUNTY,163,27 Years,330,245,85,46,35,11,24,24,0,23,22,1,237,164,73
FRIO COUNTY,163,28 Years,324,236,88,35,22,13,20,20,0,19,19,0,250,175,75
FRIO COUNTY,163,29 Years,317,218,99,40,26,14,23,23,0,19,19,0,235,150,85
FRIO COUNTY,163,30 Years,308,227,81,28,17,11,28,27,1,24,24,0,228,159,69
FRIO COUNTY,163,31 Years,282,203,79,26,13,13,19,19,0,15,14,1,222,157,65
FRIO COUNTY,163,32 Years,306,225,81,32,17,15,17,17,0,20,20,0,237,171,66
FRIO COUNTY,163,33 Years,264,182,82,39,26,13,12,10,2,13,11,2,200,135,65
FRIO COUNTY,163,34 Years,255,186,69,30,22,8,24,24,0,12,11,1,189,129,60
FRIO COUNTY,163,35 Years,242,167,75,27,18,9,22,22,0,9,8,1,184,119,65
FRIO COUNTY,163,36 Years,238,164,74,23,14,9,12,12,0,11,10,1,192,128,64
FRIO COUNTY,163,37 Years,235,156,79,24,14,10,6,6,0,14,13,1,191,123,68
FRIO COUNTY,163,38 Years,228,144,84,29,20,9,5,5,0,9,8,1,185,111,74
FRIO COUNTY,163,39 Years,237,152,85,29,20,9,8,7,1,11,9,2,189,116,73
FRIO COUNTY,163,40 Years,224,143,81,20,13,7,9,8,1,11,9,2,184,113,71
FRIO COUNTY,163,41 Years,223,136,87,31,15,16,9,8,1,6,6,0,177,107,70
FRIO COUNTY,163,42 Years,209,128,81,35,17,18,2,1,1,7,4,3,165,106,59
FRIO COUNTY,163,43 Years,198,112,86,26,11,15,2,0,2,4,2,2,166,99,67
FRIO COUNTY,163,44 Years,213,139,74,36,22,14,3,3,0,5,4,1,169,110,59
FRIO COUNTY,163,45 Years,235,141,94,36,18,18,11,9,2,6,5,1,182,109,73
FRIO COUNTY,163,46 Years,235,116,119,25,11,14,9,6,3,7,5,2,194,94,100
FRIO COUNTY,163,47 Years,220,124,96,28,18,10,3,2,1,5,4,1,184,100,84
FRIO COUNTY,163,48 Years,251,129,122,54,25,29,1,0,1,11,8,3,185,96,89
FRIO COUNTY,163,49 Years,218,128,90,48,23,25,3,3,0,8,6,2,159,96,63
FRIO COUNTY,163,50 Years,180,94,86,41,22,19,4,4,0,4,3,1,131,65,66
FRIO COUNTY,163,51 Years,183,98,85,44,29,15,1,1,0,5,5,0,133,63,70
FRIO COUNTY,163,52 Years,206,122,84,44,28,16,4,4,0,6,3,3,152,87,65
FRIO COUNTY,163,53 Years,224,126,98,42,24,18,5,5,0,4,2,2,173,95,78
FRIO COUNTY,163,54 Years,208,108,100,40,20,20,4,2,2,4,3,1,160,83,77
FRIO COUNTY,163,55 Years,206,99,107,43,19,24,0,0,0,2,1,1,161,79,82
FRIO COUNTY,163,56 Years,193,96,97,42,19,23,1,0,1,5,4,1,145,73,72
FRIO COUNTY,163,57 Years,182,93,89,48,25,23,1,0,1,4,2,2,129,66,63
FRIO COUNTY,163,58 Years,177,98,79,52,29,23,2,2,0,1,0,1,122,67,55
FRIO COUNTY,163,59 Years,181,94,87,54,28,26,2,1,1,2,2,0,123,63,60
FRIO COUNTY,163,60 Years,162,72,90,49,23,26,1,1,0,2,2,0,110,46,64
FRIO COUNTY,163,61 Years,174,82,92,46,21,25,0,0,0,4,2,2,124,59,65
FRIO COUNTY,163,62 Years,200,112,88,53,30,23,1,1,0,2,2,0,144,79,65
FRIO COUNTY,163,63 Years,190,92,98,55,26,29,1,1,0,1,1,0,133,64,69
FRIO COUNTY,163,64 Years,167,77,90,51,23,28,0,0,0,2,1,1,114,53,61
FRIO COUNTY,163,65 Years,148,78,70,33,17,16,0,0,0,1,1,0,114,60,54
FRIO COUNTY,163,66 Years,145,69,76,40,23,17,1,1,0,0,0,0,104,45,59
FRIO COUNTY,163,67 Years,147,72,75,41,22,19,0,0,0,0,0,0,106,50,56
FRIO COUNTY,163,68 Years,141,75,66,45,23,22,0,0,0,1,0,1,95,52,43
FRIO COUNTY,163,69 Years,128,60,68,43,21,22,1,1,0,2,1,1,82,37,45
FRIO COUNTY,163,70 Years,107,53,54,32,17,15,0,0,0,1,0,1,74,36,38
FRIO COUNTY,163,71 Years,96,42,54,34,12,22,2,2,0,1,1,0,59,27,32
FRIO COUNTY,163,72 Years,95,53,42,37,19,18,1,1,0,0,0,0,57,33,24
FRIO COUNTY,163,73 Years,85,40,45,31,15,16,1,1,0,1,0,1,52,24,28
FRIO COUNTY,163,74 Years,85,40,45,34,18,16,0,0,0,1,0,1,50,22,28
FRIO COUNTY,163,75 Years,93,45,48,32,19,13,0,0,0,0,0,0,61,26,35
FRIO COUNTY,163,76 Years,87,39,48,28,15,13,0,0,0,0,0,0,59,24,35
FRIO COUNTY,163,77 Years,93,41,52,20,13,7,1,0,1,1,1,0,71,27,44
FRIO COUNTY,163,78 Years,80,32,48,22,9,13,1,0,1,0,0,0,57,23,34
FRIO COUNTY,163,79 Years,64,31,33,21,10,11,0,0,0,0,0,0,43,21,22
FRIO COUNTY,163,80 Years,65,29,36,23,10,13,0,0,0,0,0,0,42,19,23
FRIO COUNTY,163,81 Years,62,24,38,21,6,15,0,0,0,0,0,0,41,18,23
FRIO COUNTY,163,82 Years,57,19,38,15,5,10,0,0,0,1,1,0,41,13,28
FRIO COUNTY,163,83 Years,60,25,35,22,9,13,0,0,0,1,0,1,37,16,21
FRIO COUNTY,163,84 Years,50,27,23,19,8,11,0,0,0,2,2,0,29,17,12
FRIO COUNTY,163,85 Years +,250,84,166,90,32,58,0,0,0,4,2,2,156,50,106
GAINES COUNTY,165,All Ages,18081,9060,9021,10907,5392,5515,266,132,134,229,121,108,6679,3415,3264
GAINES COUNTY,165,< 1 Year,355,183,172,201,108,93,4,2,2,3,1,2,147,72,75
GAINES COUNTY,165,1 Years,330,169,161,177,91,86,2,1,1,4,2,2,147,75,72
GAINES COUNTY,165,2 Years,373,198,175,203,113,90,8,4,4,3,2,1,159,79,80
GAINES COUNTY,165,3 Years,365,188,177,211,106,105,10,6,4,2,1,1,142,75,67
GAINES COUNTY,165,4 Years,370,179,191,221,101,120,5,1,4,6,2,4,138,75,63
GAINES COUNTY,165,5 Years,351,165,186,215,92,123,6,3,3,3,0,3,127,70,57
GAINES COUNTY,165,6 Years,369,185,184,222,112,110,7,4,3,2,1,1,138,68,70
GAINES COUNTY,165,7 Years,367,175,192,217,104,113,3,2,1,5,0,5,142,69,73
GAINES COUNTY,165,8 Years,373,181,192,217,104,113,5,4,1,4,1,3,147,72,75
GAINES COUNTY,165,9 Years,363,186,177,211,109,102,3,2,1,5,2,3,144,73,71
GAINES COUNTY,165,10 Years,335,178,157,201,106,95,2,1,1,2,1,1,130,70,60
GAINES COUNTY,165,11 Years,348,172,176,206,104,102,5,3,2,0,0,0,137,65,72
GAINES COUNTY,165,12 Years,345,162,183,207,100,107,5,3,2,6,3,3,127,56,71
GAINES COUNTY,165,13 Years,336,165,171,202,98,104,3,2,1,6,5,1,125,60,65
GAINES COUNTY,165,14 Years,322,165,157,190,97,93,4,3,1,8,5,3,120,60,60
GAINES COUNTY,165,15 Years,308,158,150,184,92,92,5,2,3,6,5,1,113,59,54
GAINES COUNTY,165,16 Years,325,165,160,185,91,94,5,2,3,8,6,2,127,66,61
GAINES COUNTY,165,17 Years,316,163,153,181,93,88,4,2,2,7,5,2,124,63,61
GAINES COUNTY,165,18 Years,304,158,146,185,98,87,3,2,1,6,4,2,110,54,56
GAINES COUNTY,165,19 Years,313,162,151,185,98,87,7,3,4,9,4,5,112,57,55
GAINES COUNTY,165,20 Years,307,166,141,172,89,83,6,4,2,11,8,3,118,65,53
GAINES COUNTY,165,21 Years,256,143,113,148,79,69,4,3,1,4,3,1,100,58,42
GAINES COUNTY,165,22 Years,225,121,104,130,65,65,4,3,1,4,4,0,87,49,38
GAINES COUNTY,165,23 Years,251,126,125,146,69,77,2,1,1,5,2,3,98,54,44
GAINES COUNTY,165,24 Years,250,123,127,152,77,75,2,1,1,1,0,1,95,45,50
GAINES COUNTY,165,25 Years,240,129,111,143,80,63,2,1,1,1,0,1,94,48,46
GAINES COUNTY,165,26 Years,262,133,129,165,81,84,3,2,1,2,1,1,92,49,43
GAINES COUNTY,165,27 Years,246,115,131,150,74,76,3,2,1,2,0,2,91,39,52
GAINES COUNTY,165,28 Years,264,135,129,161,87,74,2,1,1,3,0,3,98,47,51
GAINES COUNTY,165,29 Years,248,125,123,148,80,68,4,2,2,2,0,2,94,43,51
GAINES COUNTY,165,30 Years,239,125,114,141,77,64,3,2,1,3,2,1,92,44,48
GAINES COUNTY,165,31 Years,252,133,119,146,78,68,3,2,1,2,1,1,101,52,49
GAINES COUNTY,165,32 Years,238,116,122,141,68,73,2,1,1,0,0,0,95,47,48
GAINES COUNTY,165,33 Years,226,113,113,136,69,67,1,1,0,0,0,0,89,43,46
GAINES COUNTY,165,34 Years,212,105,107,123,62,61,2,1,1,2,1,1,85,41,44
GAINES COUNTY,165,35 Years,220,113,107,119,58,61,3,1,2,1,1,0,97,53,44
GAINES COUNTY,165,36 Years,227,114,113,129,59,70,3,1,2,3,1,2,92,53,39
GAINES COUNTY,165,37 Years,199,96,103,117,52,65,2,0,2,3,2,1,77,42,35
GAINES COUNTY,165,38 Years,199,104,95,121,63,58,5,1,4,0,0,0,73,40,33
GAINES COUNTY,165,39 Years,186,92,94,108,52,56,2,1,1,2,1,1,74,38,36
GAINES COUNTY,165,40 Years,203,100,103,125,58,67,3,3,0,3,1,2,72,38,34
GAINES COUNTY,165,41 Years,193,85,108,120,50,70,6,2,4,2,1,1,65,32,33
GAINES COUNTY,165,42 Years,207,100,107,141,64,77,3,0,3,2,0,2,61,36,25
GAINES COUNTY,165,43 Years,202,96,106,125,60,65,2,1,1,1,0,1,74,35,39
GAINES COUNTY,165,44 Years,214,101,113,132,66,66,3,1,2,1,0,1,78,34,44
GAINES COUNTY,165,45 Years,203,101,102,124,63,61,2,1,1,1,0,1,76,37,39
GAINES COUNTY,165,46 Years,199,97,102,122,57,65,2,2,0,2,2,0,73,36,37
GAINES COUNTY,165,47 Years,223,109,114,136,66,70,6,2,4,4,4,0,77,37,40
GAINES COUNTY,165,48 Years,225,117,108,136,75,61,4,1,3,2,2,0,83,39,44
GAINES COUNTY,165,49 Years,225,108,117,140,71,69,5,0,5,2,1,1,78,36,42
GAINES COUNTY,165,50 Years,231,112,119,135,67,68,7,5,2,5,1,4,84,39,45
GAINES COUNTY,165,51 Years,228,112,116,134,59,75,5,4,1,4,2,2,85,47,38
GAINES COUNTY,165,52 Years,238,124,114,145,71,74,5,3,2,6,3,3,82,47,35
GAINES COUNTY,165,53 Years,224,127,97,139,75,64,2,2,0,6,3,3,77,47,30
GAINES COUNTY,165,54 Years,209,115,94,117,63,54,4,2,2,4,3,1,84,47,37
GAINES COUNTY,165,55 Years,196,100,96,118,59,59,4,3,1,4,2,2,70,36,34
GAINES COUNTY,165,56 Years,184,97,87,108,59,49,2,1,1,4,2,2,70,35,35
GAINES COUNTY,165,57 Years,176,92,84,104,52,52,0,0,0,2,1,1,70,39,31
GAINES COUNTY,165,58 Years,164,82,82,102,48,54,1,0,1,4,3,1,57,31,26
GAINES COUNTY,165,59 Years,177,87,90,112,52,60,3,1,2,2,1,1,60,33,27
GAINES COUNTY,165,60 Years,170,87,83,106,56,50,2,1,1,1,0,1,61,30,31
GAINES COUNTY,165,61 Years,133,64,69,84,38,46,0,0,0,1,0,1,48,26,22
GAINES COUNTY,165,62 Years,135,65,70,85,38,47,2,2,0,0,0,0,48,25,23
GAINES COUNTY,165,63 Years,137,75,62,85,44,41,1,1,0,1,0,1,50,30,20
GAINES COUNTY,165,64 Years,132,65,67,81,41,40,0,0,0,1,1,0,50,23,27
GAINES COUNTY,165,65 Years,110,60,50,66,37,29,1,1,0,3,3,0,40,19,21
GAINES COUNTY,165,66 Years,94,52,42,57,32,25,3,1,2,2,1,1,32,18,14
GAINES COUNTY,165,67 Years,103,45,58,70,30,40,1,0,1,1,1,0,31,14,17
GAINES COUNTY,165,68 Years,94,41,53,62,28,34,1,0,1,1,1,0,30,12,18
GAINES COUNTY,165,69 Years,99,50,49,66,30,36,2,1,1,1,0,1,30,19,11
GAINES COUNTY,165,70 Years,92,41,51,60,22,38,4,1,3,1,1,0,27,17,10
GAINES COUNTY,165,71 Years,61,24,37,38,12,26,2,1,1,1,1,0,20,10,10
GAINES COUNTY,165,72 Years,76,33,43,52,21,31,1,0,1,1,1,0,22,11,11
GAINES COUNTY,165,73 Years,74,31,43,55,26,29,1,0,1,0,0,0,18,5,13
GAINES COUNTY,165,74 Years,77,36,41,51,27,24,3,2,1,1,0,1,22,7,15
GAINES COUNTY,165,75 Years,84,37,47,56,22,34,3,1,2,0,0,0,25,14,11
GAINES COUNTY,165,76 Years,79,41,38,52,25,27,2,0,2,0,0,0,25,16,9
GAINES COUNTY,165,77 Years,69,37,32,47,24,23,1,0,1,1,0,1,20,13,7
GAINES COUNTY,165,78 Years,65,26,39,45,17,28,4,1,3,1,0,1,15,8,7
GAINES COUNTY,165,79 Years,54,21,33,42,17,25,3,0,3,0,0,0,9,4,5
GAINES COUNTY,165,80 Years,52,19,33,42,14,28,2,0,2,0,0,0,8,5,3
GAINES COUNTY,165,81 Years,55,30,25,43,22,21,2,1,1,0,0,0,10,7,3
GAINES COUNTY,165,82 Years,50,27,23,43,22,21,1,0,1,0,0,0,6,5,1
GAINES COUNTY,165,83 Years,42,19,23,30,13,17,0,0,0,1,1,0,11,5,6
GAINES COUNTY,165,84 Years,37,22,15,26,16,10,0,0,0,1,1,0,10,5,5
GAINES COUNTY,165,85 Years +,171,66,105,131,47,84,1,1,0,2,0,2,37,18,19
GALVESTON COUNTY,167,All Ages,300849,149135,151714,176333,87781,88552,39930,18883,21047,15306,7430,7876,69280,35041,34239
GALVESTON COUNTY,167,< 1 Year,3914,1991,1923,2110,1079,1031,490,246,244,201,101,100,1113,565,548
GALVESTON COUNTY,167,1 Years,4105,2093,2012,2073,1062,1011,538,271,267,299,149,150,1195,611,584
GALVESTON COUNTY,167,2 Years,3991,2006,1985,1875,941,934,555,274,281,265,135,130,1296,656,640
GALVESTON COUNTY,167,3 Years,4015,2062,1953,1850,954,896,579,289,290,266,142,124,1320,677,643
GALVESTON COUNTY,167,4 Years,4134,2142,1992,1875,960,915,598,312,286,274,153,121,1387,717,670
GALVESTON COUNTY,167,5 Years,4174,2138,2036,1929,977,952,591,312,279,266,143,123,1388,706,682
GALVESTON COUNTY,167,6 Years,4101,2085,2016,1927,975,952,609,320,289,275,146,129,1290,644,646
GALVESTON COUNTY,167,7 Years,4096,2086,2010,1963,1005,958,549,296,253,271,133,138,1313,652,661
GALVESTON COUNTY,167,8 Years,4236,2209,2027,2081,1076,1005,585,312,273,260,139,121,1310,682,628
GALVESTON COUNTY,167,9 Years,4228,2137,2091,2025,1015,1010,651,323,328,256,125,131,1296,674,622
GALVESTON COUNTY,167,10 Years,4135,2083,2052,1981,995,986,591,281,310,246,121,125,1317,686,631
GALVESTON COUNTY,167,11 Years,4277,2191,2086,2077,1046,1031,587,304,283,280,142,138,1333,699,634
GALVESTON COUNTY,167,12 Years,4359,2233,2126,2122,1105,1017,649,321,328,266,140,126,1322,667,655
GALVESTON COUNTY,167,13 Years,4383,2274,2109,2225,1154,1071,634,345,289,245,138,107,1279,637,642
GALVESTON COUNTY,167,14 Years,4339,2238,2101,2207,1159,1048,635,332,303,245,125,120,1252,622,630
GALVESTON COUNTY,167,15 Years,4177,2122,2055,2116,1088,1028,580,299,281,245,114,131,1236,621,615
GALVESTON COUNTY,167,16 Years,4138,2127,2011,2100,1090,1010,554,288,266,246,112,134,1238,637,601
GALVESTON COUNTY,167,17 Years,4206,2132,2074,2138,1072,1066,597,315,282,214,105,109,1257,640,617
GALVESTON COUNTY,167,18 Years,4315,2216,2099,2199,1141,1058,628,326,302,222,116,106,1266,633,633
GALVESTON COUNTY,167,19 Years,4263,2192,2071,2141,1134,1007,676,340,336,227,108,119,1219,610,609
GALVESTON COUNTY,167,20 Years,4012,2114,1898,2000,1076,924,613,311,302,195,99,96,1204,628,576
GALVESTON COUNTY,167,21 Years,3879,2062,1817,1967,1063,904,580,288,292,180,99,81,1152,612,540
GALVESTON COUNTY,167,22 Years,3679,1964,1715,1875,979,896,551,300,251,170,91,79,1083,594,489
GALVESTON COUNTY,167,23 Years,3420,1787,1633,1723,873,850,535,283,252,162,88,74,1000,543,457
GALVESTON COUNTY,167,24 Years,3450,1735,1715,1783,902,881,517,233,284,185,92,93,965,508,457
GALVESTON COUNTY,167,25 Years,3664,1807,1857,1967,970,997,488,210,278,214,101,113,995,526,469
GALVESTON COUNTY,167,26 Years,3835,1960,1875,2097,1061,1036,496,248,248,204,99,105,1038,552,486
GALVESTON COUNTY,167,27 Years,3844,1977,1867,2097,1068,1029,512,268,244,197,96,101,1038,545,493
GALVESTON COUNTY,167,28 Years,3755,1817,1938,2065,988,1077,513,240,273,185,90,95,992,499,493
GALVESTON COUNTY,167,29 Years,3769,1846,1923,2053,980,1073,491,246,245,194,90,104,1031,530,501
GALVESTON COUNTY,167,30 Years,3832,1890,1942,2118,1024,1094,503,259,244,216,94,122,995,513,482
GALVESTON COUNTY,167,31 Years,4012,1946,2066,2166,1040,1126,586,277,309,206,85,121,1054,544,510
GALVESTON COUNTY,167,32 Years,4208,2088,2120,2254,1123,1131,619,282,337,216,95,121,1119,588,531
GALVESTON COUNTY,167,33 Years,4016,1988,2028,2196,1095,1101,537,242,295,211,97,114,1072,554,518
GALVESTON COUNTY,167,34 Years,3793,1872,1921,2066,1022,1044,498,232,266,183,83,100,1046,535,511
GALVESTON COUNTY,167,35 Years,3763,1864,1899,2014,1017,997,495,222,273,214,96,118,1040,529,511
GALVESTON COUNTY,167,36 Years,3779,1859,1920,2012,982,1030,490,227,263,229,116,113,1048,534,514
GALVESTON COUNTY,167,37 Years,3846,1913,1933,2068,1009,1059,470,231,239,239,118,121,1069,555,514
GALVESTON COUNTY,167,38 Years,3835,1855,1980,2091,1013,1078,475,209,266,233,104,129,1036,529,507
GALVESTON COUNTY,167,39 Years,3894,1906,1988,2165,1066,1099,468,209,259,239,104,135,1022,527,495
GALVESTON COUNTY,167,40 Years,3953,1943,2010,2195,1089,1106,459,220,239,273,120,153,1026,514,512
GALVESTON COUNTY,167,41 Years,4312,2103,2209,2582,1274,1308,473,216,257,266,121,145,991,492,499
GALVESTON COUNTY,167,42 Years,4223,2051,2172,2572,1272,1300,457,219,238,240,110,130,954,450,504
GALVESTON COUNTY,167,43 Years,3990,1994,1996,2409,1226,1183,423,211,212,230,99,131,928,458,470
GALVESTON COUNTY,167,44 Years,3969,1943,2026,2416,1197,1219,444,210,234,222,94,128,887,442,445
GALVESTON COUNTY,167,45 Years,3860,1913,1947,2308,1145,1163,483,239,244,203,96,107,866,433,433
GALVESTON COUNTY,167,46 Years,4107,1992,2115,2466,1211,1255,549,260,289,233,115,118,859,406,453
GALVESTON COUNTY,167,47 Years,4371,2131,2240,2658,1322,1336,573,248,325,229,106,123,911,455,456
GALVESTON COUNTY,167,48 Years,4467,2196,2271,2829,1402,1427,582,262,320,223,105,118,833,427,406
GALVESTON COUNTY,167,49 Years,4661,2327,2334,3039,1534,1505,566,264,302,210,96,114,846,433,413
GALVESTON COUNTY,167,50 Years,4699,2307,2392,3050,1503,1547,588,280,308,220,107,113,841,417,424
GALVESTON COUNTY,167,51 Years,4834,2392,2442,3181,1586,1595,614,288,326,220,108,112,819,410,409
GALVESTON COUNTY,167,52 Years,4923,2448,2475,3303,1650,1653,623,291,332,213,109,104,784,398,386
GALVESTON COUNTY,167,53 Years,4764,2351,2413,3215,1609,1606,624,280,344,199,94,105,726,368,358
GALVESTON COUNTY,167,54 Years,4673,2324,2349,3163,1589,1574,584,269,315,206,107,99,720,359,361
GALVESTON COUNTY,167,55 Years,4586,2317,2269,3143,1596,1547,571,273,298,198,99,99,674,349,325
GALVESTON COUNTY,167,56 Years,4454,2243,2211,3057,1551,1506,578,278,300,196,95,101,623,319,304
GALVESTON COUNTY,167,57 Years,4351,2152,2199,3008,1531,1477,560,246,314,197,95,102,586,280,306
GALVESTON COUNTY,167,58 Years,4198,2045,2153,2896,1456,1440,556,231,325,170,76,94,576,282,294
GALVESTON COUNTY,167,59 Years,4060,2010,2050,2798,1419,1379,554,232,322,157,79,78,551,280,271
GALVESTON COUNTY,167,60 Years,3904,1925,1979,2722,1373,1349,499,215,284,151,79,72,532,258,274
GALVESTON COUNTY,167,61 Years,3578,1769,1809,2462,1245,1217,462,201,261,138,69,69,516,254,262
GALVESTON COUNTY,167,62 Years,3449,1703,1746,2378,1203,1175,455,199,256,135,67,68,481,234,247
GALVESTON COUNTY,167,63 Years,3305,1607,1698,2307,1141,1166,425,190,235,134,63,71,439,213,226
GALVESTON COUNTY,167,64 Years,3295,1613,1682,2412,1213,1199,393,165,228,100,42,58,390,193,197
GALVESTON COUNTY,167,65 Years,3172,1602,1570,2344,1198,1146,343,172,171,109,56,53,376,176,200
GALVESTON COUNTY,167,66 Years,2546,1279,1267,1829,946,883,309,143,166,93,41,52,315,149,166
GALVESTON COUNTY,167,67 Years,2355,1186,1169,1658,867,791,289,114,175,98,43,55,310,162,148
GALVESTON COUNTY,167,68 Years,2399,1167,1232,1759,884,875,275,102,173,89,45,44,276,136,140
GALVESTON COUNTY,167,69 Years,2251,1073,1178,1646,802,844,254,105,149,77,33,44,274,133,141
GALVESTON COUNTY,167,70 Years,2037,968,1069,1459,708,751,239,102,137,77,36,41,262,122,140
GALVESTON COUNTY,167,71 Years,1856,880,976,1334,646,688,228,91,137,79,37,42,215,106,109
GALVESTON COUNTY,167,72 Years,1713,808,905,1223,596,627,209,82,127,76,37,39,205,93,112
GALVESTON COUNTY,167,73 Years,1565,740,825,1125,550,575,197,82,115,57,29,28,186,79,107
GALVESTON COUNTY,167,74 Years,1477,693,784,1055,506,549,186,74,112,63,35,28,173,78,95
GALVESTON COUNTY,167,75 Years,1405,631,774,993,467,526,193,67,126,54,25,29,165,72,93
GALVESTON COUNTY,167,76 Years,1308,580,728,923,425,498,188,67,121,44,17,27,153,71,82
GALVESTON COUNTY,167,77 Years,1233,548,685,882,399,483,162,61,101,40,18,22,149,70,79
GALVESTON COUNTY,167,78 Years,1125,486,639,801,350,451,138,53,85,37,17,20,149,66,83
GALVESTON COUNTY,167,79 Years,1058,448,610,747,329,418,140,50,90,29,10,19,142,59,83
GALVESTON COUNTY,167,80 Years,1003,415,588,725,308,417,131,46,85,23,8,15,124,53,71
GALVESTON COUNTY,167,81 Years,932,396,536,672,296,376,123,47,76,28,11,17,109,42,67
GALVESTON COUNTY,167,82 Years,894,380,514,641,278,363,113,39,74,26,11,15,114,52,62
GALVESTON COUNTY,167,83 Years,836,347,489,619,256,363,110,45,65,20,11,9,87,35,52
GALVESTON COUNTY,167,84 Years,772,318,454,558,235,323,113,39,74,11,5,6,90,39,51
GALVESTON COUNTY,167,85 Years +,4055,1384,2671,2980,1019,1961,582,192,390,72,30,42,421,143,278
GARZA COUNTY,169,All Ages,6540,4136,2404,2955,1653,1302,396,270,126,63,20,43,3126,2193,933
GARZA COUNTY,169,< 1 Year,59,26,33,24,12,12,4,1,3,1,0,1,30,13,17
GARZA COUNTY,169,1 Years,78,41,37,30,16,14,4,2,2,0,0,0,44,23,21
GARZA COUNTY,169,2 Years,77,38,39,33,14,19,5,2,3,0,0,0,39,22,17
GARZA COUNTY,169,3 Years,94,51,43,29,17,12,6,4,2,2,0,2,57,30,27
GARZA COUNTY,169,4 Years,73,40,33,28,16,12,3,2,1,2,1,1,40,21,19
GARZA COUNTY,169,5 Years,78,39,39,30,16,14,4,2,2,3,1,2,41,20,21
GARZA COUNTY,169,6 Years,64,28,36,30,14,16,4,4,0,0,0,0,30,10,20
GARZA COUNTY,169,7 Years,63,26,37,29,15,14,3,2,1,2,0,2,29,9,20
GARZA COUNTY,169,8 Years,65,35,30,30,16,14,3,2,1,1,0,1,31,17,14
GARZA COUNTY,169,9 Years,76,39,37,29,15,14,5,2,3,3,1,2,39,21,18
GARZA COUNTY,169,10 Years,58,25,33,24,12,12,4,1,3,1,0,1,29,12,17
GARZA COUNTY,169,11 Years,61,28,33,22,11,11,3,2,1,2,0,2,34,15,19
GARZA COUNTY,169,12 Years,58,32,26,26,14,12,5,2,3,1,0,1,26,16,10
GARZA COUNTY,169,13 Years,64,37,27,24,15,9,2,1,1,1,1,0,37,20,17
GARZA COUNTY,169,14 Years,69,35,34,28,15,13,3,2,1,1,0,1,37,18,19
GARZA COUNTY,169,15 Years,66,35,31,20,9,11,2,1,1,2,1,1,42,24,18
GARZA COUNTY,169,16 Years,66,36,30,25,13,12,2,1,1,4,2,2,35,20,15
GARZA COUNTY,169,17 Years,71,44,27,32,21,11,6,4,2,2,0,2,31,19,12
GARZA COUNTY,169,18 Years,86,54,32,35,21,14,6,4,2,2,1,1,43,28,15
GARZA COUNTY,169,19 Years,84,47,37,39,20,19,5,3,2,2,1,1,38,23,15
GARZA COUNTY,169,20 Years,121,82,39,43,27,16,10,8,2,2,0,2,66,47,19
GARZA COUNTY,169,21 Years,108,80,28,29,20,9,10,9,1,1,0,1,68,51,17
GARZA COUNTY,169,22 Years,105,78,27,30,20,10,11,8,3,1,0,1,63,50,13
GARZA COUNTY,169,23 Years,145,111,34,39,28,11,15,10,5,1,0,1,90,73,17
GARZA COUNTY,169,24 Years,189,160,29,55,41,14,13,11,2,0,0,0,121,108,13
GARZA COUNTY,169,25 Years,133,103,30,47,33,14,9,7,2,1,0,1,76,63,13
GARZA COUNTY,169,26 Years,101,67,34,33,24,9,9,6,3,1,0,1,58,37,21
GARZA COUNTY,169,27 Years,135,95,40,38,19,19,16,14,2,0,0,0,81,62,19
GARZA COUNTY,169,28 Years,178,142,36,56,40,16,16,13,3,0,0,0,106,89,17
GARZA COUNTY,169,29 Years,131,101,30,45,31,14,8,7,1,0,0,0,78,63,15
GARZA COUNTY,169,30 Years,86,62,24,26,18,8,3,3,0,1,0,1,56,41,15
GARZA COUNTY,169,31 Years,157,136,21,53,42,11,10,9,1,2,1,1,92,84,8
GARZA COUNTY,169,32 Years,150,124,26,41,28,13,16,14,2,0,0,0,93,82,11
GARZA COUNTY,169,33 Years,109,84,25,33,21,12,13,11,2,0,0,0,63,52,11
GARZA COUNTY,169,34 Years,86,64,22,30,18,12,7,6,1,0,0,0,49,40,9
GARZA COUNTY,169,35 Years,46,29,17,17,8,9,4,3,1,1,1,0,24,17,7
GARZA COUNTY,169,36 Years,102,71,31,39,22,17,11,7,4,1,1,0,51,41,10
GARZA COUNTY,169,37 Years,72,39,33,32,15,17,9,4,5,0,0,0,31,20,11
GARZA COUNTY,169,38 Years,53,26,27,26,13,13,2,0,2,0,0,0,25,13,12
GARZA COUNTY,169,39 Years,49,19,30,23,7,16,2,2,0,0,0,0,24,10,14
GARZA COUNTY,169,40 Years,104,74,30,43,26,17,7,5,2,0,0,0,54,43,11
GARZA COUNTY,169,41 Years,97,61,36,42,22,20,4,3,1,0,0,0,51,36,15
GARZA COUNTY,169,42 Years,81,48,33,37,16,21,5,3,2,0,0,0,39,29,10
GARZA COUNTY,169,43 Years,82,34,48,40,14,26,4,2,2,1,1,0,37,17,20
GARZA COUNTY,169,44 Years,49,17,32,25,10,15,2,0,2,0,0,0,22,7,15
GARZA COUNTY,169,45 Years,111,87,24,43,32,11,5,4,1,1,0,1,62,51,11
GARZA COUNTY,169,46 Years,69,48,21,32,19,13,1,1,0,2,2,0,34,26,8
GARZA COUNTY,169,47 Years,119,92,27,44,29,15,5,5,0,1,0,1,69,58,11
GARZA COUNTY,169,48 Years,124,95,29,49,31,18,6,5,1,0,0,0,69,59,10
GARZA COUNTY,169,49 Years,120,86,34,56,35,21,8,4,4,1,0,1,55,47,8
GARZA COUNTY,169,50 Years,93,68,25,47,31,16,3,2,1,3,2,1,40,33,7
GARZA COUNTY,169,51 Years,81,46,35,54,31,23,5,3,2,0,0,0,22,12,10
GARZA COUNTY,169,52 Years,121,77,44,56,29,27,8,4,4,0,0,0,57,44,13
GARZA COUNTY,169,53 Years,81,46,35,37,19,18,3,2,1,2,0,2,39,25,14
GARZA COUNTY,169,54 Years,82,55,27,38,24,14,6,3,3,1,0,1,37,28,9
GARZA COUNTY,169,55 Years,69,41,28,38,21,17,3,2,1,0,0,0,28,18,10
GARZA COUNTY,169,56 Years,69,41,28,47,27,20,7,4,3,0,0,0,15,10,5
GARZA COUNTY,169,57 Years,55,35,20,39,26,13,5,3,2,0,0,0,11,6,5
GARZA COUNTY,169,58 Years,120,97,23,55,40,15,6,5,1,0,0,0,59,52,7
GARZA COUNTY,169,59 Years,122,89,33,53,32,21,3,3,0,1,0,1,65,54,11
GARZA COUNTY,169,60 Years,88,55,33,45,25,20,4,3,1,0,0,0,39,27,12
GARZA COUNTY,169,61 Years,47,23,24,31,14,17,4,2,2,0,0,0,12,7,5
GARZA COUNTY,169,62 Years,49,20,29,34,12,22,3,1,2,0,0,0,12,7,5
GARZA COUNTY,169,63 Years,53,28,25,33,14,19,2,2,0,2,1,1,16,11,5
GARZA COUNTY,169,64 Years,48,22,26,30,13,17,0,0,0,1,1,0,17,8,9
GARZA COUNTY,169,65 Years,47,23,24,35,17,18,2,1,1,2,1,1,8,4,4
GARZA COUNTY,169,66 Years,49,23,26,43,22,21,0,0,0,1,0,1,5,1,4
GARZA COUNTY,169,67 Years,47,21,26,36,20,16,2,0,2,0,0,0,9,1,8
GARZA COUNTY,169,68 Years,46,23,23,33,19,14,1,1,0,0,0,0,12,3,9
GARZA COUNTY,169,69 Years,40,24,16,31,18,13,0,0,0,0,0,0,9,6,3
GARZA COUNTY,169,70 Years,37,15,22,30,12,18,0,0,0,0,0,0,7,3,4
GARZA COUNTY,169,71 Years,36,16,20,27,13,14,1,0,1,0,0,0,8,3,5
GARZA COUNTY,169,72 Years,36,17,19,26,11,15,1,0,1,0,0,0,9,6,3
GARZA COUNTY,169,73 Years,40,17,23,33,14,19,1,0,1,0,0,0,6,3,3
GARZA COUNTY,169,74 Years,37,19,18,34,18,16,1,0,1,0,0,0,2,1,1
GARZA COUNTY,169,75 Years,34,17,17,29,14,15,0,0,0,0,0,0,5,3,2
GARZA COUNTY,169,76 Years,34,17,17,25,13,12,1,0,1,0,0,0,8,4,4
GARZA COUNTY,169,77 Years,34,17,17,30,16,14,0,0,0,0,0,0,4,1,3
GARZA COUNTY,169,78 Years,28,14,14,25,12,13,1,0,1,0,0,0,2,2,0
GARZA COUNTY,169,79 Years,25,11,14,23,10,13,0,0,0,0,0,0,2,1,1
GARZA COUNTY,169,80 Years,24,11,13,19,8,11,0,0,0,0,0,0,5,3,2
GARZA COUNTY,169,81 Years,22,8,14,18,7,11,0,0,0,0,0,0,4,1,3
GARZA COUNTY,169,82 Years,21,10,11,18,10,8,2,0,2,0,0,0,1,0,1
GARZA COUNTY,169,83 Years,16,10,6,14,8,6,0,0,0,0,0,0,2,2,0
GARZA COUNTY,169,84 Years,13,6,7,10,4,6,0,0,0,0,0,0,3,2,1
GARZA COUNTY,169,85 Years +,74,23,51,66,18,48,1,1,0,0,0,0,7,4,3
GILLESPIE COUNTY,171,All Ages,25519,12314,13205,19767,9344,10423,50,24,26,359,172,187,5343,2774,2569
GILLESPIE COUNTY,171,< 1 Year,241,118,123,134,73,61,0,0,0,5,3,2,102,42,60
GILLESPIE COUNTY,171,1 Years,252,126,126,138,71,67,0,0,0,4,2,2,110,53,57
GILLESPIE COUNTY,171,2 Years,231,117,114,111,59,52,1,1,0,5,1,4,114,56,58
GILLESPIE COUNTY,171,3 Years,249,134,115,147,78,69,0,0,0,4,2,2,98,54,44
GILLESPIE COUNTY,171,4 Years,273,144,129,154,79,75,2,0,2,6,5,1,111,60,51
GILLESPIE COUNTY,171,5 Years,254,128,126,144,69,75,0,0,0,3,2,1,107,57,50
GILLESPIE COUNTY,171,6 Years,245,131,114,142,72,70,0,0,0,4,1,3,99,58,41
GILLESPIE COUNTY,171,7 Years,266,146,120,154,84,70,0,0,0,4,1,3,108,61,47
GILLESPIE COUNTY,171,8 Years,289,154,135,161,87,74,2,0,2,7,1,6,119,66,53
GILLESPIE COUNTY,171,9 Years,278,144,134,175,90,85,2,1,1,5,4,1,96,49,47
GILLESPIE COUNTY,171,10 Years,282,143,139,190,96,94,0,0,0,4,2,2,88,45,43
GILLESPIE COUNTY,171,11 Years,278,141,137,185,94,91,0,0,0,6,4,2,87,43,44
GILLESPIE COUNTY,171,12 Years,303,158,145,199,106,93,0,0,0,6,4,2,98,48,50
GILLESPIE COUNTY,171,13 Years,298,145,153,197,97,100,0,0,0,6,2,4,95,46,49
GILLESPIE COUNTY,171,14 Years,317,162,155,205,103,102,0,0,0,5,1,4,107,58,49
GILLESPIE COUNTY,171,15 Years,333,176,157,214,105,109,1,0,1,10,5,5,108,66,42
GILLESPIE COUNTY,171,16 Years,320,154,166,200,90,110,1,0,1,10,5,5,109,59,50
GILLESPIE COUNTY,171,17 Years,326,167,159,204,100,104,2,0,2,6,3,3,114,64,50
GILLESPIE COUNTY,171,18 Years,331,168,163,210,105,105,2,1,1,8,7,1,111,55,56
GILLESPIE COUNTY,171,19 Years,309,153,156,200,95,105,0,0,0,3,3,0,106,55,51
GILLESPIE COUNTY,171,20 Years,266,133,133,165,83,82,0,0,0,3,1,2,98,49,49
GILLESPIE COUNTY,171,21 Years,200,110,90,107,61,46,1,0,1,5,2,3,87,47,40
GILLESPIE COUNTY,171,22 Years,178,94,84,86,47,39,0,0,0,8,3,5,84,44,40
GILLESPIE COUNTY,171,23 Years,179,87,92,101,45,56,2,0,2,4,2,2,72,40,32
GILLESPIE COUNTY,171,24 Years,193,108,85,111,57,54,2,1,1,3,3,0,77,47,30
GILLESPIE COUNTY,171,25 Years,226,118,108,132,58,74,1,1,0,4,4,0,89,55,34
GILLESPIE COUNTY,171,26 Years,193,105,88,115,61,54,2,1,1,3,1,2,73,42,31
GILLESPIE COUNTY,171,27 Years,201,103,98,130,62,68,1,1,0,3,1,2,67,39,28
GILLESPIE COUNTY,171,28 Years,204,101,103,134,64,70,0,0,0,4,1,3,66,36,30
GILLESPIE COUNTY,171,29 Years,202,107,95,127,64,63,0,0,0,2,1,1,73,42,31
GILLESPIE COUNTY,171,30 Years,192,92,100,121,54,67,2,1,1,3,2,1,66,35,31
GILLESPIE COUNTY,171,31 Years,222,116,106,141,72,69,1,0,1,4,2,2,76,42,34
GILLESPIE COUNTY,171,32 Years,230,115,115,146,74,72,1,0,1,4,2,2,79,39,40
GILLESPIE COUNTY,171,33 Years,219,121,98,139,73,66,0,0,0,5,4,1,75,44,31
GILLESPIE COUNTY,171,34 Years,205,104,101,135,66,69,2,2,0,5,4,1,63,32,31
GILLESPIE COUNTY,171,35 Years,195,98,97,128,61,67,1,1,0,3,2,1,63,34,29
GILLESPIE COUNTY,171,36 Years,219,102,117,148,71,77,0,0,0,3,2,1,68,29,39
GILLESPIE COUNTY,171,37 Years,226,97,129,141,63,78,0,0,0,7,2,5,78,32,46
GILLESPIE COUNTY,171,38 Years,241,126,115,158,79,79,0,0,0,6,2,4,77,45,32
GILLESPIE COUNTY,171,39 Years,230,112,118,161,74,87,0,0,0,2,1,1,67,37,30
GILLESPIE COUNTY,171,40 Years,231,107,124,175,82,93,0,0,0,1,1,0,55,24,31
GILLESPIE COUNTY,171,41 Years,262,133,129,198,106,92,0,0,0,3,1,2,61,26,35
GILLESPIE COUNTY,171,42 Years,270,128,142,192,93,99,1,1,0,5,1,4,72,33,39
GILLESPIE COUNTY,171,43 Years,254,122,132,180,82,98,0,0,0,5,2,3,69,38,31
GILLESPIE COUNTY,171,44 Years,262,117,145,185,82,103,0,0,0,3,0,3,74,35,39
GILLESPIE COUNTY,171,45 Years,259,126,133,187,90,97,0,0,0,3,2,1,69,34,35
GILLESPIE COUNTY,171,46 Years,277,149,128,210,108,102,1,1,0,4,1,3,62,39,23
GILLESPIE COUNTY,171,47 Years,292,147,145,218,111,107,1,1,0,4,1,3,69,34,35
GILLESPIE COUNTY,171,48 Years,312,149,163,229,106,123,0,0,0,8,6,2,75,37,38
GILLESPIE COUNTY,171,49 Years,340,151,189,266,114,152,0,0,0,6,3,3,68,34,34
GILLESPIE COUNTY,171,50 Years,380,188,192,302,150,152,1,0,1,4,2,2,73,36,37
GILLESPIE COUNTY,171,51 Years,380,188,192,304,148,156,0,0,0,5,2,3,71,38,33
GILLESPIE COUNTY,171,52 Years,385,194,191,319,156,163,0,0,0,7,3,4,59,35,24
GILLESPIE COUNTY,171,53 Years,375,171,204,314,138,176,1,0,1,8,3,5,52,30,22
GILLESPIE COUNTY,171,54 Years,363,163,200,307,132,175,0,0,0,5,0,5,51,31,20
GILLESPIE COUNTY,171,55 Years,390,163,227,328,140,188,2,1,1,4,1,3,56,21,35
GILLESPIE COUNTY,171,56 Years,368,167,201,317,143,174,1,0,1,2,1,1,48,23,25
GILLESPIE COUNTY,171,57 Years,369,180,189,316,153,163,2,2,0,5,1,4,46,24,22
GILLESPIE COUNTY,171,58 Years,387,179,208,336,159,177,1,1,0,4,1,3,46,18,28
GILLESPIE COUNTY,171,59 Years,423,187,236,374,169,205,2,1,1,5,1,4,42,16,26
GILLESPIE COUNTY,171,60 Years,424,190,234,380,165,215,0,0,0,3,1,2,41,24,17
GILLESPIE COUNTY,171,61 Years,408,181,227,367,162,205,0,0,0,3,2,1,38,17,21
GILLESPIE COUNTY,171,62 Years,395,190,205,364,176,188,0,0,0,4,1,3,27,13,14
GILLESPIE COUNTY,171,63 Years,367,165,202,332,149,183,2,1,1,5,2,3,28,13,15
GILLESPIE COUNTY,171,64 Years,397,198,199,357,175,182,1,1,0,5,4,1,34,18,16
GILLESPIE COUNTY,171,65 Years,453,202,251,423,186,237,0,0,0,3,2,1,27,14,13
GILLESPIE COUNTY,171,66 Years,400,186,214,366,163,203,1,1,0,2,2,0,31,20,11
GILLESPIE COUNTY,171,67 Years,373,173,200,342,159,183,0,0,0,5,2,3,26,12,14
GILLESPIE COUNTY,171,68 Years,387,187,200,359,175,184,0,0,0,5,1,4,23,11,12
GILLESPIE COUNTY,171,69 Years,376,176,200,348,162,186,2,1,1,4,2,2,22,11,11
GILLESPIE COUNTY,171,70 Years,343,170,173,313,150,163,1,1,0,2,1,1,27,18,9
GILLESPIE COUNTY,171,71 Years,343,163,180,314,147,167,0,0,0,2,1,1,27,15,12
GILLESPIE COUNTY,171,72 Years,323,152,171,303,143,160,0,0,0,2,2,0,18,7,11
GILLESPIE COUNTY,171,73 Years,327,164,163,308,154,154,1,0,1,4,4,0,14,6,8
GILLESPIE COUNTY,171,74 Years,314,155,159,299,150,149,0,0,0,2,2,0,13,3,10
GILLESPIE COUNTY,171,75 Years,292,142,150,279,137,142,0,0,0,2,1,1,11,4,7
GILLESPIE COUNTY,171,76 Years,262,129,133,247,123,124,0,0,0,2,1,1,13,5,8
GILLESPIE COUNTY,171,77 Years,265,135,130,254,130,124,0,0,0,1,0,1,10,5,5
GILLESPIE COUNTY,171,78 Years,254,130,124,236,122,114,0,0,0,1,0,1,17,8,9
GILLESPIE COUNTY,171,79 Years,227,106,121,214,100,114,0,0,0,0,0,0,13,6,7
GILLESPIE COUNTY,171,80 Years,204,94,110,194,89,105,0,0,0,0,0,0,10,5,5
GILLESPIE COUNTY,171,81 Years,199,86,113,190,81,109,0,0,0,1,1,0,8,4,4
GILLESPIE COUNTY,171,82 Years,200,86,114,192,84,108,0,0,0,0,0,0,8,2,6
GILLESPIE COUNTY,171,83 Years,198,91,107,190,89,101,0,0,0,0,0,0,8,2,6
GILLESPIE COUNTY,171,84 Years,156,69,87,149,66,83,0,0,0,1,0,1,6,3,3
GILLESPIE COUNTY,171,85 Years +,1157,427,730,1100,403,697,0,0,0,17,7,10,40,17,23
GLASSCOCK COUNTY,173,All Ages,1245,659,586,836,440,396,17,10,7,6,4,2,386,205,181
GLASSCOCK COUNTY,173,< 1 Year,14,6,8,9,5,4,0,0,0,0,0,0,5,1,4
GLASSCOCK COUNTY,173,1 Years,14,8,6,8,5,3,0,0,0,0,0,0,6,3,3
GLASSCOCK COUNTY,173,2 Years,13,6,7,6,2,4,0,0,0,0,0,0,7,4,3
GLASSCOCK COUNTY,173,3 Years,15,6,9,8,3,5,1,1,0,0,0,0,6,2,4
GLASSCOCK COUNTY,173,4 Years,18,8,10,10,4,6,0,0,0,0,0,0,8,4,4
GLASSCOCK COUNTY,173,5 Years,16,6,10,10,4,6,0,0,0,0,0,0,6,2,4
GLASSCOCK COUNTY,173,6 Years,17,8,9,10,5,5,0,0,0,0,0,0,7,3,4
GLASSCOCK COUNTY,173,7 Years,19,11,8,10,7,3,0,0,0,0,0,0,9,4,5
GLASSCOCK COUNTY,173,8 Years,17,9,8,10,5,5,0,0,0,0,0,0,7,4,3
GLASSCOCK COUNTY,173,9 Years,20,11,9,13,6,7,0,0,0,0,0,0,7,5,2
GLASSCOCK COUNTY,173,10 Years,16,12,4,11,8,3,0,0,0,0,0,0,5,4,1
GLASSCOCK COUNTY,173,11 Years,17,11,6,11,8,3,0,0,0,0,0,0,6,3,3
GLASSCOCK COUNTY,173,12 Years,18,6,12,11,4,7,0,0,0,0,0,0,7,2,5
GLASSCOCK COUNTY,173,13 Years,18,8,10,12,6,6,0,0,0,0,0,0,6,2,4
GLASSCOCK COUNTY,173,14 Years,23,15,8,12,8,4,0,0,0,0,0,0,11,7,4
GLASSCOCK COUNTY,173,15 Years,21,13,8,12,8,4,1,0,1,0,0,0,8,5,3
GLASSCOCK COUNTY,173,16 Years,24,17,7,15,11,4,0,0,0,0,0,0,9,6,3
GLASSCOCK COUNTY,173,17 Years,27,20,7,16,12,4,2,2,0,0,0,0,9,6,3
GLASSCOCK COUNTY,173,18 Years,23,12,11,14,6,8,2,1,1,0,0,0,7,5,2
GLASSCOCK COUNTY,173,19 Years,25,12,13,18,9,9,0,0,0,0,0,0,7,3,4
GLASSCOCK COUNTY,173,20 Years,18,5,13,10,3,7,1,1,0,0,0,0,7,1,6
GLASSCOCK COUNTY,173,21 Years,10,5,5,5,2,3,0,0,0,1,0,1,4,3,1
GLASSCOCK COUNTY,173,22 Years,7,3,4,3,1,2,0,0,0,0,0,0,4,2,2
GLASSCOCK COUNTY,173,23 Years,4,3,1,2,1,1,0,0,0,0,0,0,2,2,0
GLASSCOCK COUNTY,173,24 Years,9,7,2,4,3,1,1,0,1,0,0,0,4,4,0
GLASSCOCK COUNTY,173,25 Years,14,9,5,8,5,3,1,1,0,0,0,0,5,3,2
GLASSCOCK COUNTY,173,26 Years,8,5,3,4,2,2,1,1,0,0,0,0,3,2,1
GLASSCOCK COUNTY,173,27 Years,12,6,6,10,5,5,0,0,0,0,0,0,2,1,1
GLASSCOCK COUNTY,173,28 Years,16,10,6,11,7,4,0,0,0,0,0,0,5,3,2
GLASSCOCK COUNTY,173,29 Years,14,7,7,9,5,4,0,0,0,0,0,0,5,2,3
GLASSCOCK COUNTY,173,30 Years,13,7,6,6,4,2,0,0,0,0,0,0,7,3,4
GLASSCOCK COUNTY,173,31 Years,10,5,5,5,3,2,0,0,0,0,0,0,5,2,3
GLASSCOCK COUNTY,173,32 Years,15,4,11,9,3,6,0,0,0,0,0,0,6,1,5
GLASSCOCK COUNTY,173,33 Years,13,7,6,6,3,3,0,0,0,1,0,1,6,4,2
GLASSCOCK COUNTY,173,34 Years,16,8,8,11,5,6,0,0,0,0,0,0,5,3,2
GLASSCOCK COUNTY,173,35 Years,17,9,8,8,3,5,0,0,0,0,0,0,9,6,3
GLASSCOCK COUNTY,173,36 Years,20,9,11,13,7,6,0,0,0,0,0,0,7,2,5
GLASSCOCK COUNTY,173,37 Years,17,8,9,8,4,4,0,0,0,0,0,0,9,4,5
GLASSCOCK COUNTY,173,38 Years,15,11,4,8,6,2,0,0,0,0,0,0,7,5,2
GLASSCOCK COUNTY,173,39 Years,12,7,5,6,4,2,1,0,1,0,0,0,5,3,2
GLASSCOCK COUNTY,173,40 Years,18,7,11,10,6,4,1,0,1,0,0,0,7,1,6
GLASSCOCK COUNTY,173,41 Years,20,10,10,13,6,7,1,0,1,0,0,0,6,4,2
GLASSCOCK COUNTY,173,42 Years,21,14,7,15,9,6,1,0,1,0,0,0,5,5,0
GLASSCOCK COUNTY,173,43 Years,13,5,8,10,4,6,0,0,0,0,0,0,3,1,2
GLASSCOCK COUNTY,173,44 Years,8,2,6,5,1,4,1,1,0,0,0,0,2,0,2
GLASSCOCK COUNTY,173,45 Years,14,10,4,9,5,4,1,1,0,0,0,0,4,4,0
GLASSCOCK COUNTY,173,46 Years,16,9,7,7,4,3,0,0,0,0,0,0,9,5,4
GLASSCOCK COUNTY,173,47 Years,14,8,6,9,6,3,0,0,0,0,0,0,5,2,3
GLASSCOCK COUNTY,173,48 Years,19,7,12,14,6,8,0,0,0,0,0,0,5,1,4
GLASSCOCK COUNTY,173,49 Years,22,10,12,15,8,7,0,0,0,0,0,0,7,2,5
GLASSCOCK COUNTY,173,50 Years,15,6,9,12,5,7,0,0,0,1,1,0,2,0,2
GLASSCOCK COUNTY,173,51 Years,18,6,12,15,4,11,0,0,0,0,0,0,3,2,1
GLASSCOCK COUNTY,173,52 Years,20,11,9,15,8,7,1,1,0,0,0,0,4,2,2
GLASSCOCK COUNTY,173,53 Years,24,14,10,20,12,8,0,0,0,0,0,0,4,2,2
GLASSCOCK COUNTY,173,54 Years,26,14,12,19,10,9,0,0,0,0,0,0,7,4,3
GLASSCOCK COUNTY,173,55 Years,18,10,8,12,6,6,0,0,0,0,0,0,6,4,2
GLASSCOCK COUNTY,173,56 Years,14,6,8,13,5,8,0,0,0,0,0,0,1,1,0
GLASSCOCK COUNTY,173,57 Years,15,8,7,15,8,7,0,0,0,0,0,0,0,0,0
GLASSCOCK COUNTY,173,58 Years,13,7,6,12,6,6,0,0,0,0,0,0,1,1,0
GLASSCOCK COUNTY,173,59 Years,16,10,6,8,4,4,0,0,0,0,0,0,8,6,2
GLASSCOCK COUNTY,173,60 Years,12,8,4,10,7,3,0,0,0,0,0,0,2,1,1
GLASSCOCK COUNTY,173,61 Years,16,7,9,14,7,7,0,0,0,0,0,0,2,0,2
GLASSCOCK COUNTY,173,62 Years,20,13,7,14,10,4,0,0,0,0,0,0,6,3,3
GLASSCOCK COUNTY,173,63 Years,14,11,3,8,7,1,0,0,0,0,0,0,6,4,2
GLASSCOCK COUNTY,173,64 Years,17,9,8,13,7,6,0,0,0,0,0,0,4,2,2
GLASSCOCK COUNTY,173,65 Years,19,11,8,14,7,7,0,0,0,2,2,0,3,2,1
GLASSCOCK COUNTY,173,66 Years,13,9,4,10,6,4,0,0,0,1,1,0,2,2,0
GLASSCOCK COUNTY,173,67 Years,6,3,3,4,1,3,0,0,0,0,0,0,2,2,0
GLASSCOCK COUNTY,173,68 Years,12,6,6,9,3,6,0,0,0,0,0,0,3,3,0
GLASSCOCK COUNTY,173,69 Years,15,8,7,14,7,7,0,0,0,0,0,0,1,1,0
GLASSCOCK COUNTY,173,70 Years,13,7,6,12,7,5,0,0,0,0,0,0,1,0,1
GLASSCOCK COUNTY,173,71 Years,5,3,2,5,3,2,0,0,0,0,0,0,0,0,0
GLASSCOCK COUNTY,173,72 Years,7,1,6,5,1,4,0,0,0,0,0,0,2,0,2
GLASSCOCK COUNTY,173,73 Years,8,4,4,7,3,4,0,0,0,0,0,0,1,1,0
GLASSCOCK COUNTY,173,74 Years,13,5,8,10,5,5,0,0,0,0,0,0,3,0,3
GLASSCOCK COUNTY,173,75 Years,10,6,4,7,5,2,0,0,0,0,0,0,3,1,2
GLASSCOCK COUNTY,173,76 Years,10,6,4,8,4,4,0,0,0,0,0,0,2,2,0
GLASSCOCK COUNTY,173,77 Years,10,8,2,8,6,2,0,0,0,0,0,0,2,2,0
GLASSCOCK COUNTY,173,78 Years,10,3,7,8,2,6,0,0,0,0,0,0,2,1,1
GLASSCOCK COUNTY,173,79 Years,9,5,4,9,5,4,0,0,0,0,0,0,0,0,0
GLASSCOCK COUNTY,173,80 Years,4,2,2,4,2,2,0,0,0,0,0,0,0,0,0
GLASSCOCK COUNTY,173,81 Years,7,1,6,7,1,6,0,0,0,0,0,0,0,0,0
GLASSCOCK COUNTY,173,82 Years,5,3,2,5,3,2,0,0,0,0,0,0,0,0,0
GLASSCOCK COUNTY,173,83 Years,4,2,2,4,2,2,0,0,0,0,0,0,0,0,0
GLASSCOCK COUNTY,173,84 Years,2,1,1,2,1,1,0,0,0,0,0,0,0,0,0
GLASSCOCK COUNTY,173,85 Years +,5,3,2,5,3,2,0,0,0,0,0,0,0,0,0
GOLIAD COUNTY,175,All Ages,7398,3687,3711,4431,2198,2233,309,142,167,100,59,41,2558,1288,1270
GOLIAD COUNTY,175,< 1 Year,62,30,32,30,15,15,2,1,1,1,1,0,29,13,16
GOLIAD COUNTY,175,1 Years,62,33,29,33,17,16,2,1,1,0,0,0,27,15,12
GOLIAD COUNTY,175,2 Years,78,38,40,32,17,15,5,1,4,1,1,0,40,19,21
GOLIAD COUNTY,175,3 Years,73,41,32,35,20,15,4,1,3,3,2,1,31,18,13
GOLIAD COUNTY,175,4 Years,87,48,39,32,20,12,7,3,4,3,2,1,45,23,22
GOLIAD COUNTY,175,5 Years,78,39,39,30,19,11,4,2,2,1,0,1,43,18,25
GOLIAD COUNTY,175,6 Years,72,40,32,30,15,15,3,1,2,1,1,0,38,23,15
GOLIAD COUNTY,175,7 Years,86,46,40,37,15,22,5,3,2,2,1,1,42,27,15
GOLIAD COUNTY,175,8 Years,87,44,43,37,17,20,7,3,4,1,0,1,42,24,18
GOLIAD COUNTY,175,9 Years,89,50,39,42,22,20,4,1,3,0,0,0,43,27,16
GOLIAD COUNTY,175,10 Years,109,59,50,43,22,21,6,4,2,1,1,0,59,32,27
GOLIAD COUNTY,175,11 Years,87,46,41,44,21,23,5,2,3,0,0,0,38,23,15
GOLIAD COUNTY,175,12 Years,91,42,49,43,20,23,2,1,1,1,1,0,45,20,25
GOLIAD COUNTY,175,13 Years,96,45,51,43,23,20,4,2,2,1,0,1,48,20,28
GOLIAD COUNTY,175,14 Years,102,57,45,55,33,22,5,3,2,2,1,1,40,20,20
GOLIAD COUNTY,175,15 Years,99,57,42,48,25,23,6,5,1,3,3,0,42,24,18
GOLIAD COUNTY,175,16 Years,99,57,42,43,22,21,3,2,1,2,1,1,51,32,19
GOLIAD COUNTY,175,17 Years,115,58,57,55,28,27,1,1,0,2,1,1,57,28,29
GOLIAD COUNTY,175,18 Years,118,63,55,61,34,27,5,2,3,2,1,1,50,26,24
GOLIAD COUNTY,175,19 Years,117,56,61,71,35,36,2,0,2,2,2,0,42,19,23
GOLIAD COUNTY,175,20 Years,95,52,43,58,31,27,2,1,1,1,1,0,34,19,15
GOLIAD COUNTY,175,21 Years,87,47,40,40,20,20,5,4,1,2,1,1,40,22,18
GOLIAD COUNTY,175,22 Years,70,40,30,31,20,11,3,1,2,2,1,1,34,18,16
GOLIAD COUNTY,175,23 Years,55,27,28,27,13,14,3,0,3,0,0,0,25,14,11
GOLIAD COUNTY,175,24 Years,51,25,26,25,13,12,2,0,2,1,1,0,23,11,12
GOLIAD COUNTY,175,25 Years,50,22,28,23,11,12,2,1,1,2,0,2,23,10,13
GOLIAD COUNTY,175,26 Years,59,33,26,36,21,15,1,1,0,1,1,0,21,10,11
GOLIAD COUNTY,175,27 Years,54,23,31,34,13,21,1,0,1,0,0,0,19,10,9
GOLIAD COUNTY,175,28 Years,54,24,30,33,12,21,1,0,1,1,0,1,19,12,7
GOLIAD COUNTY,175,29 Years,63,32,31,38,19,19,1,0,1,1,0,1,23,13,10
GOLIAD COUNTY,175,30 Years,60,29,31,36,18,18,0,0,0,1,1,0,23,10,13
GOLIAD COUNTY,175,31 Years,73,32,41,42,21,21,3,1,2,1,1,0,27,9,18
GOLIAD COUNTY,175,32 Years,64,36,28,33,20,13,2,0,2,1,1,0,28,15,13
GOLIAD COUNTY,175,33 Years,61,38,23,35,23,12,4,2,2,2,1,1,20,12,8
GOLIAD COUNTY,175,34 Years,62,24,38,34,12,22,2,1,1,2,1,1,24,10,14
GOLIAD COUNTY,175,35 Years,69,29,40,39,17,22,3,2,1,1,0,1,26,10,16
GOLIAD COUNTY,175,36 Years,59,24,35,35,14,21,3,1,2,1,0,1,20,9,11
GOLIAD COUNTY,175,37 Years,72,32,40,39,15,24,3,1,2,0,0,0,30,16,14
GOLIAD COUNTY,175,38 Years,79,36,43,45,19,26,5,4,1,0,0,0,29,13,16
GOLIAD COUNTY,175,39 Years,80,42,38,40,22,18,4,2,2,3,3,0,33,15,18
GOLIAD COUNTY,175,40 Years,86,43,43,46,22,24,3,2,1,1,1,0,36,18,18
GOLIAD COUNTY,175,41 Years,79,38,41,41,22,19,6,2,4,1,0,1,31,14,17
GOLIAD COUNTY,175,42 Years,93,47,46,55,27,28,4,2,2,1,0,1,33,18,15
GOLIAD COUNTY,175,43 Years,85,49,36,50,30,20,2,2,0,3,2,1,30,15,15
GOLIAD COUNTY,175,44 Years,89,47,42,57,31,26,1,1,0,1,0,1,30,15,15
GOLIAD COUNTY,175,45 Years,91,45,46,57,27,30,4,2,2,3,1,2,27,15,12
GOLIAD COUNTY,175,46 Years,104,46,58,62,25,37,6,4,2,1,1,0,35,16,19
GOLIAD COUNTY,175,47 Years,105,44,61,69,26,43,3,1,2,2,1,1,31,16,15
GOLIAD COUNTY,175,48 Years,112,51,61,72,34,38,2,1,1,4,3,1,34,13,21
GOLIAD COUNTY,175,49 Years,95,42,53,63,30,33,3,1,2,2,1,1,27,10,17
GOLIAD COUNTY,175,50 Years,112,54,58,76,37,39,3,2,1,1,0,1,32,15,17
GOLIAD COUNTY,175,51 Years,120,61,59,79,41,38,3,1,2,2,1,1,36,18,18
GOLIAD COUNTY,175,52 Years,127,67,60,79,39,40,7,4,3,1,1,0,40,23,17
GOLIAD COUNTY,175,53 Years,121,64,57,74,39,35,6,4,2,3,3,0,38,18,20
GOLIAD COUNTY,175,54 Years,129,58,71,82,39,43,8,3,5,1,0,1,38,16,22
GOLIAD COUNTY,175,55 Years,124,65,59,82,40,42,6,2,4,0,0,0,36,23,13
GOLIAD COUNTY,175,56 Years,106,58,48,73,38,35,3,2,1,2,1,1,28,17,11
GOLIAD COUNTY,175,57 Years,128,62,66,84,41,43,5,1,4,1,1,0,38,19,19
GOLIAD COUNTY,175,58 Years,120,53,67,84,37,47,7,2,5,1,1,0,28,13,15
GOLIAD COUNTY,175,59 Years,111,54,57,73,34,39,6,2,4,1,1,0,31,17,14
GOLIAD COUNTY,175,60 Years,129,61,68,94,42,52,5,3,2,1,1,0,29,15,14
GOLIAD COUNTY,175,61 Years,128,68,60,89,44,45,5,3,2,1,1,0,33,20,13
GOLIAD COUNTY,175,62 Years,117,63,54,80,44,36,5,3,2,0,0,0,32,16,16
GOLIAD COUNTY,175,63 Years,123,63,60,89,46,43,8,5,3,1,0,1,25,12,13
GOLIAD COUNTY,175,64 Years,115,62,53,87,47,40,3,2,1,0,0,0,25,13,12
GOLIAD COUNTY,175,65 Years,122,59,63,87,45,42,5,1,4,2,0,2,28,13,15
GOLIAD COUNTY,175,66 Years,97,44,53,62,29,33,4,2,2,2,1,1,29,12,17
GOLIAD COUNTY,175,67 Years,91,44,47,66,32,34,2,1,1,2,1,1,21,10,11
GOLIAD COUNTY,175,68 Years,88,39,49,63,29,34,4,2,2,1,0,1,20,8,12
GOLIAD COUNTY,175,69 Years,87,44,43,64,35,29,4,2,2,0,0,0,19,7,12
GOLIAD COUNTY,175,70 Years,82,36,46,56,27,29,4,2,2,0,0,0,22,7,15
GOLIAD COUNTY,175,71 Years,93,47,46,67,33,34,5,4,1,0,0,0,21,10,11
GOLIAD COUNTY,175,72 Years,87,49,38,66,36,30,4,3,1,1,0,1,16,10,6
GOLIAD COUNTY,175,73 Years,65,31,34,49,23,26,1,1,0,1,0,1,14,7,7
GOLIAD COUNTY,175,74 Years,73,34,39,55,26,29,2,1,1,0,0,0,16,7,9
GOLIAD COUNTY,175,75 Years,57,30,27,43,23,20,0,0,0,0,0,0,14,7,7
GOLIAD COUNTY,175,76 Years,52,29,23,37,21,16,1,0,1,0,0,0,14,8,6
GOLIAD COUNTY,175,77 Years,57,32,25,39,24,15,1,0,1,1,1,0,16,7,9
GOLIAD COUNTY,175,78 Years,53,25,28,30,15,15,2,1,1,0,0,0,21,9,12
GOLIAD COUNTY,175,79 Years,40,17,23,28,11,17,1,0,1,1,1,0,10,5,5
GOLIAD COUNTY,175,80 Years,46,20,26,33,16,17,2,1,1,0,0,0,11,3,8
GOLIAD COUNTY,175,81 Years,37,15,22,22,8,14,2,1,1,0,0,0,13,6,7
GOLIAD COUNTY,175,82 Years,39,16,23,23,8,15,2,0,2,0,0,0,14,8,6
GOLIAD COUNTY,175,83 Years,34,17,17,20,9,11,2,0,2,0,0,0,12,8,4
GOLIAD COUNTY,175,84 Years,30,14,16,17,9,8,4,0,4,0,0,0,9,5,4
GOLIAD COUNTY,175,85 Years +,195,84,111,140,63,77,11,2,9,2,2,0,42,17,25
GONZALES COUNTY,177,All Ages,20299,10270,10029,8833,4314,4519,1365,719,646,276,135,141,9825,5102,4723
GONZALES COUNTY,177,< 1 Year,274,146,128,84,46,38,12,6,6,3,2,1,175,92,83
GONZALES COUNTY,177,1 Years,300,154,146,77,39,38,14,8,6,4,3,1,205,104,101
GONZALES COUNTY,177,2 Years,294,148,146,72,36,36,16,10,6,8,4,4,198,98,100
GONZALES COUNTY,177,3 Years,308,159,149,71,38,33,16,7,9,9,4,5,212,110,102
GONZALES COUNTY,177,4 Years,314,174,140,80,45,35,16,8,8,8,3,5,210,118,92
GONZALES COUNTY,177,5 Years,310,161,149,82,43,39,15,6,9,9,6,3,204,106,98
GONZALES COUNTY,177,6 Years,310,162,148,81,43,38,17,7,10,8,3,5,204,109,95
GONZALES COUNTY,177,7 Years,299,155,144,66,34,32,16,8,8,4,1,3,213,112,101
GONZALES COUNTY,177,8 Years,306,162,144,78,38,40,15,9,6,4,3,1,209,112,97
GONZALES COUNTY,177,9 Years,331,161,170,87,38,49,15,6,9,7,3,4,222,114,108
GONZALES COUNTY,177,10 Years,310,153,157,83,39,44,14,6,8,8,1,7,205,107,98
GONZALES COUNTY,177,11 Years,309,161,148,84,47,37,23,13,10,7,3,4,195,98,97
GONZALES COUNTY,177,12 Years,297,142,155,98,45,53,21,12,9,7,4,3,171,81,90
GONZALES COUNTY,177,13 Years,307,149,158,96,44,52,21,14,7,5,3,2,185,88,97
GONZALES COUNTY,177,14 Years,297,162,135,104,57,47,19,12,7,5,4,1,169,89,80
GONZALES COUNTY,177,15 Years,293,156,137,116,65,51,19,11,8,4,2,2,154,78,76
GONZALES COUNTY,177,16 Years,281,151,130,112,54,58,20,11,9,3,1,2,146,85,61
GONZALES COUNTY,177,17 Years,266,143,123,96,44,52,18,9,9,4,4,0,148,86,62
GONZALES COUNTY,177,18 Years,294,148,146,103,51,52,15,8,7,6,4,2,170,85,85
GONZALES COUNTY,177,19 Years,291,143,148,101,51,50,23,10,13,5,2,3,162,80,82
GONZALES COUNTY,177,20 Years,286,139,147,90,47,43,22,13,9,7,3,4,167,76,91
GONZALES COUNTY,177,21 Years,249,138,111,73,45,28,21,14,7,4,2,2,151,77,74
GONZALES COUNTY,177,22 Years,247,144,103,74,48,26,22,16,6,3,0,3,148,80,68
GONZALES COUNTY,177,23 Years,246,135,111,85,43,42,22,13,9,1,1,0,138,78,60
GONZALES COUNTY,177,24 Years,241,132,109,76,35,41,21,14,7,1,0,1,143,83,60
GONZALES COUNTY,177,25 Years,228,115,113,72,31,41,18,11,7,3,0,3,135,73,62
GONZALES COUNTY,177,26 Years,252,119,133,70,33,37,25,17,8,3,1,2,154,68,86
GONZALES COUNTY,177,27 Years,248,127,121,70,35,35,27,16,11,4,1,3,147,75,72
GONZALES COUNTY,177,28 Years,229,117,112,75,35,40,16,8,8,1,0,1,137,74,63
GONZALES COUNTY,177,29 Years,263,141,122,89,42,47,22,10,12,1,0,1,151,89,62
GONZALES COUNTY,177,30 Years,227,114,113,74,30,44,18,11,7,3,1,2,132,72,60
GONZALES COUNTY,177,31 Years,205,112,93,69,33,36,15,12,3,1,0,1,120,67,53
GONZALES COUNTY,177,32 Years,246,132,114,85,53,32,13,7,6,2,1,1,146,71,75
GONZALES COUNTY,177,33 Years,234,117,117,83,38,45,12,7,5,5,2,3,134,70,64
GONZALES COUNTY,177,34 Years,225,118,107,66,30,36,14,10,4,6,3,3,139,75,64
GONZALES COUNTY,177,35 Years,217,110,107,70,32,38,14,7,7,5,3,2,128,68,60
GONZALES COUNTY,177,36 Years,217,105,112,75,33,42,11,5,6,4,2,2,127,65,62
GONZALES COUNTY,177,37 Years,237,118,119,81,37,44,17,10,7,2,2,0,137,69,68
GONZALES COUNTY,177,38 Years,224,123,101,80,43,37,15,9,6,5,2,3,124,69,55
GONZALES COUNTY,177,39 Years,210,103,107,83,39,44,14,7,7,5,2,3,108,55,53
GONZALES COUNTY,177,40 Years,233,116,117,99,47,52,10,4,6,3,2,1,121,63,58
GONZALES COUNTY,177,41 Years,231,117,114,110,58,52,10,5,5,2,1,1,109,53,56
GONZALES COUNTY,177,42 Years,245,125,120,97,50,47,14,6,8,2,2,0,132,67,65
GONZALES COUNTY,177,43 Years,256,126,130,107,54,53,10,4,6,6,4,2,133,64,69
GONZALES COUNTY,177,44 Years,223,111,112,95,50,45,8,3,5,3,2,1,117,56,61
GONZALES COUNTY,177,45 Years,214,101,113,89,39,50,13,3,10,5,2,3,107,57,50
GONZALES COUNTY,177,46 Years,236,119,117,105,50,55,16,8,8,2,1,1,113,60,53
GONZALES COUNTY,177,47 Years,249,135,114,116,63,53,18,12,6,2,1,1,113,59,54
GONZALES COUNTY,177,48 Years,261,135,126,117,62,55,23,13,10,1,0,1,120,60,60
GONZALES COUNTY,177,49 Years,284,143,141,136,67,69,23,8,15,3,1,2,122,67,55
GONZALES COUNTY,177,50 Years,286,142,144,145,70,75,20,7,13,1,1,0,120,64,56
GONZALES COUNTY,177,51 Years,270,138,132,136,67,69,27,12,15,1,0,1,106,59,47
GONZALES COUNTY,177,52 Years,291,148,143,153,72,81,25,12,13,3,1,2,110,63,47
GONZALES COUNTY,177,53 Years,300,149,151,149,68,81,25,14,11,1,0,1,125,67,58
GONZALES COUNTY,177,54 Years,296,149,147,159,74,85,18,10,8,3,1,2,116,64,52
GONZALES COUNTY,177,55 Years,288,146,142,164,82,82,21,11,10,4,1,3,99,52,47
GONZALES COUNTY,177,56 Years,281,144,137,159,76,83,25,14,11,5,2,3,92,52,40
GONZALES COUNTY,177,57 Years,272,145,127,149,72,77,24,13,11,2,2,0,97,58,39
GONZALES COUNTY,177,58 Years,260,132,128,149,75,74,21,12,9,2,1,1,88,44,44
GONZALES COUNTY,177,59 Years,252,133,119,153,80,73,25,13,12,2,1,1,72,39,33
GONZALES COUNTY,177,60 Years,242,128,114,143,71,72,27,18,9,1,1,0,71,38,33
GONZALES COUNTY,177,61 Years,212,101,111,121,54,67,19,10,9,2,1,1,70,36,34
GONZALES COUNTY,177,62 Years,204,110,94,124,66,58,15,7,8,0,0,0,65,37,28
GONZALES COUNTY,177,63 Years,246,128,118,168,88,80,15,7,8,2,2,0,61,31,30
GONZALES COUNTY,177,64 Years,220,112,108,146,79,67,10,4,6,3,2,1,61,27,34
GONZALES COUNTY,177,65 Years,243,123,120,171,86,85,10,4,6,1,1,0,61,32,29
GONZALES COUNTY,177,66 Years,197,102,95,125,62,63,8,5,3,2,2,0,62,33,29
GONZALES COUNTY,177,67 Years,167,78,89,95,44,51,7,5,2,4,2,2,61,27,34
GONZALES COUNTY,177,68 Years,177,86,91,117,57,60,7,3,4,6,1,5,47,25,22
GONZALES COUNTY,177,69 Years,176,89,87,126,61,65,8,3,5,2,1,1,40,24,16
GONZALES COUNTY,177,70 Years,182,90,92,136,66,70,9,4,5,0,0,0,37,20,17
GONZALES COUNTY,177,71 Years,165,80,85,118,61,57,13,3,10,0,0,0,34,16,18
GONZALES COUNTY,177,72 Years,160,74,86,111,55,56,9,3,6,0,0,0,40,16,24
GONZALES COUNTY,177,73 Years,163,77,86,112,50,62,14,7,7,1,1,0,36,19,17
GONZALES COUNTY,177,74 Years,135,64,71,96,49,47,10,4,6,1,0,1,28,11,17
GONZALES COUNTY,177,75 Years,136,65,71,94,47,47,9,3,6,1,0,1,32,15,17
GONZALES COUNTY,177,76 Years,130,60,70,86,41,45,7,2,5,1,0,1,36,17,19
GONZALES COUNTY,177,77 Years,138,76,62,88,48,40,10,6,4,3,3,0,37,19,18
GONZALES COUNTY,177,78 Years,100,52,48,65,32,33,10,7,3,1,1,0,24,12,12
GONZALES COUNTY,177,79 Years,108,50,58,72,33,39,8,4,4,0,0,0,28,13,15
GONZALES COUNTY,177,80 Years,102,47,55,71,34,37,7,4,3,0,0,0,24,9,15
GONZALES COUNTY,177,81 Years,87,34,53,64,26,38,7,3,4,0,0,0,16,5,11
GONZALES COUNTY,177,82 Years,91,36,55,71,28,43,4,2,2,1,1,0,15,5,10
GONZALES COUNTY,177,83 Years,95,41,54,67,26,41,8,4,4,0,0,0,20,11,9
GONZALES COUNTY,177,84 Years,71,29,42,49,18,31,4,2,2,0,0,0,18,9,9
GONZALES COUNTY,177,85 Years +,402,135,267,299,97,202,30,13,17,7,4,3,66,21,45
GRAY COUNTY,179,All Ages,22915,11932,10983,15522,7701,7821,1063,779,284,565,268,297,5765,3184,2581
GRAY COUNTY,179,< 1 Year,334,177,157,192,98,94,7,3,4,9,7,2,126,69,57
GRAY COUNTY,179,1 Years,327,171,156,196,101,95,7,3,4,9,6,3,115,61,54
GRAY COUNTY,179,2 Years,331,168,163,174,90,84,8,2,6,15,9,6,134,67,67
GRAY COUNTY,179,3 Years,326,161,165,171,83,88,7,2,5,12,8,4,136,68,68
GRAY COUNTY,179,4 Years,348,177,171,183,91,92,5,2,3,14,6,8,146,78,68
GRAY COUNTY,179,5 Years,326,159,167,172,88,84,8,5,3,13,4,9,133,62,71
GRAY COUNTY,179,6 Years,328,172,156,176,98,78,4,3,1,15,6,9,133,65,68
GRAY COUNTY,179,7 Years,367,198,169,192,102,90,10,6,4,12,3,9,153,87,66
GRAY COUNTY,179,8 Years,331,161,170,180,87,93,13,4,9,10,1,9,128,69,59
GRAY COUNTY,179,9 Years,314,150,164,168,78,90,15,8,7,8,4,4,123,60,63
GRAY COUNTY,179,10 Years,309,157,152,177,88,89,11,8,3,11,7,4,110,54,56
GRAY COUNTY,179,11 Years,305,154,151,178,90,88,8,5,3,9,6,3,110,53,57
GRAY COUNTY,179,12 Years,301,166,135,168,89,79,7,4,3,8,6,2,118,67,51
GRAY COUNTY,179,13 Years,288,147,141,158,88,70,6,1,5,9,6,3,115,52,63
GRAY COUNTY,179,14 Years,282,131,151,172,87,85,10,5,5,10,4,6,90,35,55
GRAY COUNTY,179,15 Years,291,143,148,169,87,82,6,3,3,7,2,5,109,51,58
GRAY COUNTY,179,16 Years,276,148,128,160,84,76,12,8,4,6,3,3,98,53,45
GRAY COUNTY,179,17 Years,298,152,146,174,89,85,9,4,5,8,5,3,107,54,53
GRAY COUNTY,179,18 Years,325,157,168,203,98,105,13,5,8,7,3,4,102,51,51
GRAY COUNTY,179,19 Years,302,149,153,189,93,96,9,3,6,6,2,4,98,51,47
GRAY COUNTY,179,20 Years,270,138,132,168,85,83,11,5,6,9,5,4,82,43,39
GRAY COUNTY,179,21 Years,228,120,108,125,62,63,10,6,4,5,3,2,88,49,39
GRAY COUNTY,179,22 Years,226,127,99,130,70,60,9,5,4,4,3,1,83,49,34
GRAY COUNTY,179,23 Years,233,122,111,133,63,70,8,4,4,6,4,2,86,51,35
GRAY COUNTY,179,24 Years,247,132,115,150,73,77,11,8,3,5,2,3,81,49,32
GRAY COUNTY,179,25 Years,263,131,132,162,73,89,8,5,3,7,3,4,86,50,36
GRAY COUNTY,179,26 Years,282,152,130,162,84,78,19,16,3,6,3,3,95,49,46
GRAY COUNTY,179,27 Years,321,187,134,194,104,90,22,19,3,4,2,2,101,62,39
GRAY COUNTY,179,28 Years,315,183,132,174,95,79,27,22,5,11,3,8,103,63,40
GRAY COUNTY,179,29 Years,294,175,119,164,97,67,25,22,3,9,3,6,96,53,43
GRAY COUNTY,179,30 Years,325,176,149,191,90,101,26,25,1,7,3,4,101,58,43
GRAY COUNTY,179,31 Years,296,175,121,169,85,84,25,22,3,5,3,2,97,65,32
GRAY COUNTY,179,32 Years,302,164,138,181,89,92,15,13,2,3,2,1,103,60,43
GRAY COUNTY,179,33 Years,303,178,125,176,95,81,17,16,1,6,3,3,104,64,40
GRAY COUNTY,179,34 Years,255,149,106,142,77,65,15,12,3,10,6,4,88,54,34
GRAY COUNTY,179,35 Years,274,142,132,171,82,89,15,11,4,8,4,4,80,45,35
GRAY COUNTY,179,36 Years,277,152,125,168,90,78,16,14,2,5,2,3,88,46,42
GRAY COUNTY,179,37 Years,267,163,104,161,93,68,16,15,1,4,2,2,86,53,33
GRAY COUNTY,179,38 Years,267,155,112,159,83,76,16,14,2,8,4,4,84,54,30
GRAY COUNTY,179,39 Years,277,154,123,159,76,83,15,15,0,4,1,3,99,62,37
GRAY COUNTY,179,40 Years,314,191,123,195,106,89,27,27,0,5,3,2,87,55,32
GRAY COUNTY,179,41 Years,316,185,131,214,117,97,21,20,1,4,2,2,77,46,31
GRAY COUNTY,179,42 Years,313,175,138,195,97,98,28,25,3,7,3,4,83,50,33
GRAY COUNTY,179,43 Years,313,183,130,193,109,84,24,20,4,5,1,4,91,53,38
GRAY COUNTY,179,44 Years,303,176,127,192,107,85,20,16,4,5,2,3,86,51,35
GRAY COUNTY,179,45 Years,279,160,119,183,97,86,14,12,2,3,1,2,79,50,29
GRAY COUNTY,179,46 Years,285,167,118,202,113,89,20,19,1,3,2,1,60,33,27
GRAY COUNTY,179,47 Years,290,180,110,192,107,85,41,38,3,6,4,2,51,31,20
GRAY COUNTY,179,48 Years,303,174,129,210,110,100,27,24,3,5,2,3,61,38,23
GRAY COUNTY,179,49 Years,316,182,134,232,126,106,24,20,4,9,4,5,51,32,19
GRAY COUNTY,179,50 Years,320,176,144,233,119,114,27,24,3,7,3,4,53,30,23
GRAY COUNTY,179,51 Years,327,168,159,245,122,123,18,15,3,10,3,7,54,28,26
GRAY COUNTY,179,52 Years,327,170,157,232,112,120,19,13,6,10,6,4,66,39,27
GRAY COUNTY,179,53 Years,336,184,152,241,122,119,20,16,4,9,4,5,66,42,24
GRAY COUNTY,179,54 Years,305,162,143,229,114,115,20,15,5,10,2,8,46,31,15
GRAY COUNTY,179,55 Years,321,177,144,253,130,123,19,15,4,7,4,3,42,28,14
GRAY COUNTY,179,56 Years,309,164,145,242,122,120,12,10,2,8,4,4,47,28,19
GRAY COUNTY,179,57 Years,288,147,141,219,107,112,13,9,4,9,6,3,47,25,22
GRAY COUNTY,179,58 Years,297,148,149,239,113,126,27,18,9,7,4,3,24,13,11
GRAY COUNTY,179,59 Years,278,134,144,222,103,119,17,9,8,5,2,3,34,20,14
GRAY COUNTY,179,60 Years,257,137,120,204,105,99,15,9,6,6,3,3,32,20,12
GRAY COUNTY,179,61 Years,256,130,126,223,112,111,6,2,4,4,2,2,23,14,9
GRAY COUNTY,179,62 Years,256,134,122,214,114,100,7,2,5,4,3,1,31,15,16
GRAY COUNTY,179,63 Years,246,126,120,196,101,95,11,7,4,7,2,5,32,16,16
GRAY COUNTY,179,64 Years,230,114,116,195,96,99,10,7,3,5,2,3,20,9,11
GRAY COUNTY,179,65 Years,227,106,121,195,90,105,4,3,1,8,5,3,20,8,12
GRAY COUNTY,179,66 Years,212,105,107,169,85,84,8,4,4,10,5,5,25,11,14
GRAY COUNTY,179,67 Years,205,101,104,176,86,90,5,2,3,5,1,4,19,12,7
GRAY COUNTY,179,68 Years,206,101,105,182,87,95,4,4,0,5,2,3,15,8,7
GRAY COUNTY,179,69 Years,202,89,113,172,75,97,7,3,4,7,4,3,16,7,9
GRAY COUNTY,179,70 Years,166,73,93,151,67,84,3,1,2,4,2,2,8,3,5
GRAY COUNTY,179,71 Years,160,73,87,147,68,79,5,2,3,1,1,0,7,2,5
GRAY COUNTY,179,72 Years,174,86,88,154,72,82,6,4,2,2,2,0,12,8,4
GRAY COUNTY,179,73 Years,176,88,88,151,74,77,5,3,2,6,3,3,14,8,6
GRAY COUNTY,179,74 Years,158,67,91,145,61,84,3,1,2,3,1,2,7,4,3
GRAY COUNTY,179,75 Years,146,55,91,135,51,84,2,1,1,2,0,2,7,3,4
GRAY COUNTY,179,76 Years,163,73,90,146,68,78,2,0,2,5,1,4,10,4,6
GRAY COUNTY,179,77 Years,147,64,83,131,62,69,6,1,5,3,0,3,7,1,6
GRAY COUNTY,179,78 Years,128,49,79,118,46,72,2,0,2,3,1,2,5,2,3
GRAY COUNTY,179,79 Years,150,60,90,142,54,88,1,1,0,1,1,0,6,4,2
GRAY COUNTY,179,80 Years,131,54,77,122,48,74,1,1,0,2,1,1,6,4,2
GRAY COUNTY,179,81 Years,129,46,83,118,42,76,2,1,1,4,1,3,5,2,3
GRAY COUNTY,179,82 Years,117,44,73,109,42,67,1,0,1,1,0,1,6,2,4
GRAY COUNTY,179,83 Years,112,45,67,108,44,64,1,0,1,1,0,1,2,1,1
GRAY COUNTY,179,84 Years,99,46,53,95,45,50,1,0,1,1,0,1,2,1,1
GRAY COUNTY,179,85 Years +,491,190,301,470,178,292,6,2,4,7,4,3,8,6,2
GRAYSON COUNTY,181,All Ages,122339,59767,62572,95078,46162,48916,7052,3403,3649,5444,2587,2857,14765,7615,7150
GRAYSON COUNTY,181,< 1 Year,1485,779,706,1009,541,468,96,43,53,59,25,34,321,170,151
GRAYSON COUNTY,181,1 Years,1503,767,736,1040,535,505,96,49,47,73,33,40,294,150,144
GRAYSON COUNTY,181,2 Years,1530,786,744,995,517,478,99,48,51,88,50,38,348,171,177
GRAYSON COUNTY,181,3 Years,1549,778,771,979,493,486,101,47,54,112,61,51,357,177,180
GRAYSON COUNTY,181,4 Years,1595,805,790,1003,507,496,106,58,48,127,65,62,359,175,184
GRAYSON COUNTY,181,5 Years,1539,782,757,985,503,482,119,70,49,106,52,54,329,157,172
GRAYSON COUNTY,181,6 Years,1639,831,808,1072,539,533,114,59,55,123,64,59,330,169,161
GRAYSON COUNTY,181,7 Years,1670,846,824,1106,561,545,100,42,58,123,62,61,341,181,160
GRAYSON COUNTY,181,8 Years,1619,813,806,1084,550,534,106,52,54,107,53,54,322,158,164
GRAYSON COUNTY,181,9 Years,1561,753,808,1068,531,537,124,53,71,91,45,46,278,124,154
GRAYSON COUNTY,181,10 Years,1629,870,759,1097,595,502,119,57,62,107,55,52,306,163,143
GRAYSON COUNTY,181,11 Years,1678,888,790,1137,605,532,108,58,50,104,53,51,329,172,157
GRAYSON COUNTY,181,12 Years,1701,857,844,1150,592,558,117,55,62,115,61,54,319,149,170
GRAYSON COUNTY,181,13 Years,1719,866,853,1166,598,568,119,57,62,107,60,47,327,151,176
GRAYSON COUNTY,181,14 Years,1673,866,807,1159,607,552,104,58,46,102,48,54,308,153,155
GRAYSON COUNTY,181,15 Years,1687,878,809,1175,621,554,116,67,49,99,44,55,297,146,151
GRAYSON COUNTY,181,16 Years,1621,822,799,1141,585,556,113,58,55,96,45,51,271,134,137
GRAYSON COUNTY,181,17 Years,1573,835,738,1106,584,522,102,52,50,101,55,46,264,144,120
GRAYSON COUNTY,181,18 Years,1660,875,785,1202,633,569,105,50,55,101,57,44,252,135,117
GRAYSON COUNTY,181,19 Years,1666,884,782,1200,642,558,106,46,60,89,48,41,271,148,123
GRAYSON COUNTY,181,20 Years,1677,879,798,1176,628,548,111,59,52,106,51,55,284,141,143
GRAYSON COUNTY,181,21 Years,1843,929,914,1292,655,637,129,65,64,125,55,70,297,154,143
GRAYSON COUNTY,181,22 Years,1766,855,911,1220,591,629,131,60,71,109,49,60,306,155,151
GRAYSON COUNTY,181,23 Years,1656,797,859,1155,532,623,120,61,59,115,57,58,266,147,119
GRAYSON COUNTY,181,24 Years,1587,792,795,1117,552,565,102,54,48,88,39,49,280,147,133
GRAYSON COUNTY,181,25 Years,1498,739,759,1046,505,541,97,48,49,75,37,38,280,149,131
GRAYSON COUNTY,181,26 Years,1409,706,703,995,492,503,78,40,38,67,28,39,269,146,123
GRAYSON COUNTY,181,27 Years,1433,708,725,1021,485,536,93,51,42,57,23,34,262,149,113
GRAYSON COUNTY,181,28 Years,1342,655,687,952,445,507,87,46,41,69,32,37,234,132,102
GRAYSON COUNTY,181,29 Years,1361,673,688,980,471,509,78,43,35,61,31,30,242,128,114
GRAYSON COUNTY,181,30 Years,1389,708,681,1010,512,498,90,47,43,53,26,27,236,123,113
GRAYSON COUNTY,181,31 Years,1446,711,735,1038,520,518,99,45,54,56,25,31,253,121,132
GRAYSON COUNTY,181,32 Years,1432,721,711,1011,515,496,95,47,48,67,28,39,259,131,128
GRAYSON COUNTY,181,33 Years,1321,670,651,942,476,466,93,45,48,61,26,35,225,123,102
GRAYSON COUNTY,181,34 Years,1318,664,654,936,457,479,83,43,40,58,29,29,241,135,106
GRAYSON COUNTY,181,35 Years,1302,645,657,948,473,475,73,27,46,61,35,26,220,110,110
GRAYSON COUNTY,181,36 Years,1272,622,650,936,462,474,70,30,40,64,27,37,202,103,99
GRAYSON COUNTY,181,37 Years,1377,688,689,1004,497,507,70,35,35,73,32,41,230,124,106
GRAYSON COUNTY,181,38 Years,1411,706,705,1048,520,528,75,38,37,60,27,33,228,121,107
GRAYSON COUNTY,181,39 Years,1356,676,680,1013,502,511,85,37,48,54,22,32,204,115,89
GRAYSON COUNTY,181,40 Years,1452,694,758,1114,523,591,79,33,46,62,29,33,197,109,88
GRAYSON COUNTY,181,41 Years,1550,752,798,1209,578,631,76,35,41,69,33,36,196,106,90
GRAYSON COUNTY,181,42 Years,1548,743,805,1201,561,640,82,41,41,62,30,32,203,111,92
GRAYSON COUNTY,181,43 Years,1529,763,766,1195,586,609,75,40,35,53,24,29,206,113,93
GRAYSON COUNTY,181,44 Years,1470,675,795,1149,528,621,76,34,42,58,27,31,187,86,101
GRAYSON COUNTY,181,45 Years,1442,702,740,1128,540,588,86,46,40,66,34,32,162,82,80
GRAYSON COUNTY,181,46 Years,1531,772,759,1212,600,612,75,40,35,63,32,31,181,100,81
GRAYSON COUNTY,181,47 Years,1670,810,860,1344,651,693,91,44,47,73,29,44,162,86,76
GRAYSON COUNTY,181,48 Years,1784,896,888,1470,741,729,105,49,56,67,31,36,142,75,67
GRAYSON COUNTY,181,49 Years,1799,880,919,1493,726,767,109,56,53,60,27,33,137,71,66
GRAYSON COUNTY,181,50 Years,1753,870,883,1443,718,725,106,51,55,67,30,37,137,71,66
GRAYSON COUNTY,181,51 Years,1830,905,925,1507,743,764,112,59,53,71,29,42,140,74,66
GRAYSON COUNTY,181,52 Years,1824,887,937,1530,743,787,106,50,56,66,32,34,122,62,60
GRAYSON COUNTY,181,53 Years,1822,881,941,1549,744,805,110,57,53,57,24,33,106,56,50
GRAYSON COUNTY,181,54 Years,1823,914,909,1538,776,762,112,52,60,71,30,41,102,56,46
GRAYSON COUNTY,181,55 Years,1805,871,934,1509,734,775,129,55,74,69,31,38,98,51,47
GRAYSON COUNTY,181,56 Years,1823,858,965,1558,735,823,109,50,59,66,29,37,90,44,46
GRAYSON COUNTY,181,57 Years,1753,860,893,1510,738,772,105,51,54,61,30,31,77,41,36
GRAYSON COUNTY,181,58 Years,1653,790,863,1441,692,749,82,38,44,62,23,39,68,37,31
GRAYSON COUNTY,181,59 Years,1531,732,799,1351,647,704,77,38,39,42,14,28,61,33,28
GRAYSON COUNTY,181,60 Years,1519,724,795,1334,627,707,74,43,31,49,21,28,62,33,29
GRAYSON COUNTY,181,61 Years,1407,660,747,1219,568,651,78,39,39,50,23,27,60,30,30
GRAYSON COUNTY,181,62 Years,1496,693,803,1301,596,705,86,44,42,46,21,25,63,32,31
GRAYSON COUNTY,181,63 Years,1471,707,764,1303,622,681,82,38,44,36,18,18,50,29,21
GRAYSON COUNTY,181,64 Years,1477,729,748,1338,657,681,60,30,30,36,17,19,43,25,18
GRAYSON COUNTY,181,65 Years,1555,751,804,1400,676,724,73,40,33,38,14,24,44,21,23
GRAYSON COUNTY,181,66 Years,1306,606,700,1175,550,625,60,27,33,37,14,23,34,15,19
GRAYSON COUNTY,181,67 Years,1227,572,655,1097,520,577,49,18,31,43,22,21,38,12,26
GRAYSON COUNTY,181,68 Years,1257,612,645,1134,555,579,53,26,27,40,16,24,30,15,15
GRAYSON COUNTY,181,69 Years,1218,602,616,1117,550,567,44,22,22,32,16,16,25,14,11
GRAYSON COUNTY,181,70 Years,1135,545,590,1037,498,539,38,17,21,26,14,12,34,16,18
GRAYSON COUNTY,181,71 Years,990,438,552,904,401,503,35,14,21,20,9,11,31,14,17
GRAYSON COUNTY,181,72 Years,939,443,496,847,397,450,48,20,28,14,10,4,30,16,14
GRAYSON COUNTY,181,73 Years,898,426,472,828,398,430,31,11,20,18,9,9,21,8,13
GRAYSON COUNTY,181,74 Years,832,388,444,766,358,408,25,9,16,22,12,10,19,9,10
GRAYSON COUNTY,181,75 Years,813,379,434,745,352,393,28,10,18,20,8,12,20,9,11
GRAYSON COUNTY,181,76 Years,732,323,409,673,297,376,26,11,15,20,7,13,13,8,5
GRAYSON COUNTY,181,77 Years,751,330,421,698,306,392,24,9,15,16,8,8,13,7,6
GRAYSON COUNTY,181,78 Years,695,299,396,646,278,368,21,8,13,13,5,8,15,8,7
GRAYSON COUNTY,181,79 Years,661,278,383,621,262,359,17,6,11,12,4,8,11,6,5
GRAYSON COUNTY,181,80 Years,603,252,351,565,238,327,19,6,13,7,2,5,12,6,6
GRAYSON COUNTY,181,81 Years,560,239,321,524,223,301,15,4,11,11,5,6,10,7,3
GRAYSON COUNTY,181,82 Years,574,242,332,524,223,301,25,6,19,9,4,5,16,9,7
GRAYSON COUNTY,181,83 Years,478,199,279,443,187,256,20,4,16,4,1,3,11,7,4
GRAYSON COUNTY,181,84 Years,416,154,262,391,146,245,10,3,7,8,3,5,7,2,5
GRAYSON COUNTY,181,85 Years +,2444,796,1648,2283,744,1539,80,19,61,43,21,22,38,12,26
GREGG COUNTY,183,All Ages,124225,60861,63364,73915,35642,38273,24574,11584,12990,3895,1921,1974,21841,11714,10127
GREGG COUNTY,183,< 1 Year,1912,977,935,915,468,447,405,207,198,60,28,32,532,274,258
GREGG COUNTY,183,1 Years,1894,970,924,949,486,463,393,200,193,71,35,36,481,249,232
GREGG COUNTY,183,2 Years,1854,968,886,855,443,412,357,187,170,88,52,36,554,286,268
GREGG COUNTY,183,3 Years,1801,945,856,805,431,374,367,189,178,86,46,40,543,279,264
GREGG COUNTY,183,4 Years,1823,931,892,797,412,385,392,197,195,104,45,59,530,277,253
GREGG COUNTY,183,5 Years,1811,919,892,827,425,402,353,182,171,92,46,46,539,266,273
GREGG COUNTY,183,6 Years,1800,944,856,809,439,370,347,184,163,76,40,36,568,281,287
GREGG COUNTY,183,7 Years,1798,896,902,778,401,377,385,192,193,97,38,59,538,265,273
GREGG COUNTY,183,8 Years,1755,883,872,750,395,355,384,194,190,93,41,52,528,253,275
GREGG COUNTY,183,9 Years,1749,884,865,790,416,374,367,180,187,80,44,36,512,244,268
GREGG COUNTY,183,10 Years,1727,895,832,795,410,385,382,208,174,69,39,30,481,238,243
GREGG COUNTY,183,11 Years,1676,870,806,769,402,367,380,195,185,75,43,32,452,230,222
GREGG COUNTY,183,12 Years,1702,889,813,787,414,373,403,197,206,76,40,36,436,238,198
GREGG COUNTY,183,13 Years,1700,892,808,811,426,385,406,193,213,78,41,37,405,232,173
GREGG COUNTY,183,14 Years,1690,859,831,826,405,421,395,201,194,72,39,33,397,214,183
GREGG COUNTY,183,15 Years,1623,834,789,780,385,395,399,210,189,68,38,30,376,201,175
GREGG COUNTY,183,16 Years,1635,828,807,801,405,396,407,205,202,70,36,34,357,182,175
GREGG COUNTY,183,17 Years,1662,851,811,840,438,402,390,200,190,67,32,35,365,181,184
GREGG COUNTY,183,18 Years,1639,831,808,827,413,414,378,187,191,62,27,35,372,204,168
GREGG COUNTY,183,19 Years,1677,853,824,848,430,418,408,203,205,55,25,30,366,195,171
GREGG COUNTY,183,20 Years,1797,945,852,931,489,442,423,226,197,70,38,32,373,192,181
GREGG COUNTY,183,21 Years,1934,1017,917,1022,531,491,432,229,203,74,42,32,406,215,191
GREGG COUNTY,183,22 Years,1950,1012,938,1035,535,500,415,209,206,67,33,34,433,235,198
GREGG COUNTY,183,23 Years,1847,990,857,1021,547,474,344,182,162,65,36,29,417,225,192
GREGG COUNTY,183,24 Years,1869,960,909,1033,531,502,359,167,192,61,32,29,416,230,186
GREGG COUNTY,183,25 Years,1848,923,925,1031,501,530,344,158,186,58,31,27,415,233,182
GREGG COUNTY,183,26 Years,1731,873,858,978,472,506,327,150,177,52,31,21,374,220,154
GREGG COUNTY,183,27 Years,1750,890,860,974,476,498,322,146,176,59,36,23,395,232,163
GREGG COUNTY,183,28 Years,1782,887,895,984,469,515,317,152,165,57,31,26,424,235,189
GREGG COUNTY,183,29 Years,1814,930,884,992,505,487,353,164,189,48,28,20,421,233,188
GREGG COUNTY,183,30 Years,1769,887,882,934,475,459,350,158,192,45,25,20,440,229,211
GREGG COUNTY,183,31 Years,1719,829,890,937,458,479,334,140,194,49,26,23,399,205,194
GREGG COUNTY,183,32 Years,1688,851,837,904,448,456,339,157,182,60,28,32,385,218,167
GREGG COUNTY,183,33 Years,1594,810,784,843,436,407,339,156,183,56,25,31,356,193,163
GREGG COUNTY,183,34 Years,1611,814,797,857,422,435,354,167,187,47,24,23,353,201,152
GREGG COUNTY,183,35 Years,1579,807,772,836,427,409,337,163,174,45,19,26,361,198,163
GREGG COUNTY,183,36 Years,1487,742,745,807,416,391,290,110,180,43,20,23,347,196,151
GREGG COUNTY,183,37 Years,1464,743,721,795,405,390,278,116,162,45,21,24,346,201,145
GREGG COUNTY,183,38 Years,1466,738,728,798,398,400,304,139,165,45,20,25,319,181,138
GREGG COUNTY,183,39 Years,1396,691,705,747,363,384,310,138,172,43,21,22,296,169,127
GREGG COUNTY,183,40 Years,1458,713,745,798,374,424,321,146,175,42,22,20,297,171,126
GREGG COUNTY,183,41 Years,1594,784,810,871,413,458,361,178,183,53,20,33,309,173,136
GREGG COUNTY,183,42 Years,1605,799,806,932,461,471,336,154,182,45,20,25,292,164,128
GREGG COUNTY,183,43 Years,1490,721,769,900,420,480,308,140,168,33,17,16,249,144,105
GREGG COUNTY,183,44 Years,1398,697,701,809,400,409,306,143,163,41,21,20,242,133,109
GREGG COUNTY,183,45 Years,1392,705,687,813,409,404,296,141,155,45,20,25,238,135,103
GREGG COUNTY,183,46 Years,1405,702,703,853,416,437,277,133,144,43,22,21,232,131,101
GREGG COUNTY,183,47 Years,1537,761,776,962,470,492,306,140,166,38,16,22,231,135,96
GREGG COUNTY,183,48 Years,1568,755,813,995,478,517,305,139,166,38,15,23,230,123,107
GREGG COUNTY,183,49 Years,1588,772,816,996,476,520,325,149,176,55,27,28,212,120,92
GREGG COUNTY,183,50 Years,1693,802,891,1095,519,576,341,143,198,46,20,26,211,120,91
GREGG COUNTY,183,51 Years,1656,791,865,1070,505,565,336,149,187,49,24,25,201,113,88
GREGG COUNTY,183,52 Years,1718,813,905,1119,530,589,363,157,206,47,22,25,189,104,85
GREGG COUNTY,183,53 Years,1668,797,871,1118,522,596,345,164,181,48,18,30,157,93,64
GREGG COUNTY,183,54 Years,1743,849,894,1210,588,622,349,160,189,40,12,28,144,89,55
GREGG COUNTY,183,55 Years,1682,851,831,1179,593,586,343,167,176,36,13,23,124,78,46
GREGG COUNTY,183,56 Years,1625,804,821,1124,556,568,346,166,180,40,15,25,115,67,48
GREGG COUNTY,183,57 Years,1598,790,808,1101,543,558,334,158,176,47,24,23,116,65,51
GREGG COUNTY,183,58 Years,1474,701,773,1044,495,549,294,129,165,40,21,19,96,56,40
GREGG COUNTY,183,59 Years,1473,676,797,1051,475,576,274,122,152,38,19,19,110,60,50
GREGG COUNTY,183,60 Years,1412,702,710,1042,516,526,265,129,136,30,15,15,75,42,33
GREGG COUNTY,183,61 Years,1359,681,678,995,507,488,262,118,144,28,14,14,74,42,32
GREGG COUNTY,183,62 Years,1310,625,685,964,474,490,248,106,142,28,13,15,70,32,38
GREGG COUNTY,183,63 Years,1243,565,678,920,419,501,227,97,130,31,12,19,65,37,28
GREGG COUNTY,183,64 Years,1231,560,671,951,438,513,206,82,124,20,11,9,54,29,25
GREGG COUNTY,183,65 Years,1244,568,676,983,458,525,191,80,111,21,11,10,49,19,30
GREGG COUNTY,183,66 Years,1027,486,541,798,372,426,165,79,86,18,9,9,46,26,20
GREGG COUNTY,183,67 Years,923,431,492,727,332,395,137,63,74,18,12,6,41,24,17
GREGG COUNTY,183,68 Years,952,430,522,774,348,426,125,53,72,21,13,8,32,16,16
GREGG COUNTY,183,69 Years,970,439,531,800,356,444,122,60,62,16,9,7,32,14,18
GREGG COUNTY,183,70 Years,835,373,462,668,298,370,127,59,68,16,7,9,24,9,15
GREGG COUNTY,183,71 Years,786,357,429,625,286,339,127,56,71,15,8,7,19,7,12
GREGG COUNTY,183,72 Years,752,329,423,618,270,348,104,43,61,10,6,4,20,10,10
GREGG COUNTY,183,73 Years,736,321,415,587,261,326,108,41,67,12,6,6,29,13,16
GREGG COUNTY,183,74 Years,699,294,405,572,239,333,98,42,56,6,4,2,23,9,14
GREGG COUNTY,183,75 Years,720,298,422,588,240,348,96,41,55,12,6,6,24,11,13
GREGG COUNTY,183,76 Years,696,290,406,576,238,338,89,37,52,11,6,5,20,9,11
GREGG COUNTY,183,77 Years,667,284,383,553,243,310,90,34,56,8,1,7,16,6,10
GREGG COUNTY,183,78 Years,588,253,335,486,214,272,85,34,51,5,0,5,12,5,7
GREGG COUNTY,183,79 Years,594,259,335,504,219,285,65,28,37,12,6,6,13,6,7
GREGG COUNTY,183,80 Years,569,222,347,481,189,292,63,18,45,12,8,4,13,7,6
GREGG COUNTY,183,81 Years,542,210,332,460,183,277,67,19,48,8,5,3,7,3,4
GREGG COUNTY,183,82 Years,535,206,329,448,174,274,64,26,38,8,1,7,15,5,10
GREGG COUNTY,183,83 Years,492,172,320,417,151,266,50,16,34,10,1,9,15,4,11
GREGG COUNTY,183,84 Years,424,159,265,353,138,215,51,12,39,7,2,5,13,7,6
GREGG COUNTY,183,85 Years +,2531,806,1725,2167,688,1479,307,95,212,20,5,15,37,18,19
GRIMES COUNTY,185,All Ages,27338,14901,12437,16418,8676,7742,4427,2607,1820,479,238,241,6014,3380,2634
GRIMES COUNTY,185,< 1 Year,291,148,143,157,80,77,35,18,17,3,2,1,96,48,48
GRIMES COUNTY,185,1 Years,309,158,151,162,83,79,38,20,18,3,2,1,106,53,53
GRIMES COUNTY,185,2 Years,298,143,155,148,70,78,39,18,21,9,2,7,102,53,49
GRIMES COUNTY,185,3 Years,303,149,154,133,60,73,41,21,20,12,6,6,117,62,55
GRIMES COUNTY,185,4 Years,323,159,164,160,77,83,33,16,17,7,3,4,123,63,60
GRIMES COUNTY,185,5 Years,345,164,181,162,74,88,53,27,26,11,5,6,119,58,61
GRIMES COUNTY,185,6 Years,329,164,165,145,64,81,57,35,22,9,5,4,118,60,58
GRIMES COUNTY,185,7 Years,333,179,154,145,72,73,52,33,19,12,9,3,124,65,59
GRIMES COUNTY,185,8 Years,349,177,172,153,79,74,62,33,29,9,4,5,125,61,64
GRIMES COUNTY,185,9 Years,352,177,175,173,86,87,49,25,24,7,4,3,123,62,61
GRIMES COUNTY,185,10 Years,331,149,182,146,63,83,58,22,36,5,2,3,122,62,60
GRIMES COUNTY,185,11 Years,360,183,177,171,93,78,59,26,33,12,6,6,118,58,60
GRIMES COUNTY,185,12 Years,351,172,179,173,83,90,60,29,31,11,6,5,107,54,53
GRIMES COUNTY,185,13 Years,330,169,161,169,80,89,49,23,26,8,6,2,104,60,44
GRIMES COUNTY,185,14 Years,343,183,160,179,92,87,53,30,23,7,4,3,104,57,47
GRIMES COUNTY,185,15 Years,343,160,183,177,87,90,53,25,28,8,3,5,105,45,60
GRIMES COUNTY,185,16 Years,369,181,188,187,91,96,59,28,31,14,9,5,109,53,56
GRIMES COUNTY,185,17 Years,390,211,179,212,112,100,59,30,29,12,7,5,107,62,45
GRIMES COUNTY,185,18 Years,370,202,168,181,93,88,55,30,25,8,5,3,126,74,52
GRIMES COUNTY,185,19 Years,372,200,172,179,100,79,70,37,33,9,3,6,114,60,54
GRIMES COUNTY,185,20 Years,344,187,157,160,86,74,69,41,28,10,4,6,105,56,49
GRIMES COUNTY,185,21 Years,325,190,135,168,88,80,62,44,18,7,3,4,88,55,33
GRIMES COUNTY,185,22 Years,317,200,117,167,106,61,57,42,15,4,2,2,89,50,39
GRIMES COUNTY,185,23 Years,332,207,125,166,99,67,68,48,20,0,0,0,98,60,38
GRIMES COUNTY,185,24 Years,333,210,123,154,97,57,82,57,25,4,3,1,93,53,40
GRIMES COUNTY,185,25 Years,338,221,117,160,100,60,75,59,16,6,4,2,97,58,39
GRIMES COUNTY,185,26 Years,345,211,134,174,100,74,65,48,17,8,5,3,98,58,40
GRIMES COUNTY,185,27 Years,364,232,132,196,125,71,62,43,19,7,2,5,99,62,37
GRIMES COUNTY,185,28 Years,365,230,135,180,101,79,68,50,18,5,1,4,112,78,34
GRIMES COUNTY,185,29 Years,337,208,129,177,101,76,68,42,26,3,2,1,89,63,26
GRIMES COUNTY,185,30 Years,326,201,125,169,104,65,73,46,27,3,3,0,81,48,33
GRIMES COUNTY,185,31 Years,360,219,141,188,111,77,80,57,23,3,2,1,89,49,40
GRIMES COUNTY,185,32 Years,320,175,145,170,87,83,62,37,25,4,2,2,84,49,35
GRIMES COUNTY,185,33 Years,298,167,131,165,94,71,55,34,21,5,2,3,73,37,36
GRIMES COUNTY,185,34 Years,294,173,121,152,85,67,60,44,16,3,1,2,79,43,36
GRIMES COUNTY,185,35 Years,323,199,124,162,92,70,57,39,18,3,3,0,101,65,36
GRIMES COUNTY,185,36 Years,344,196,148,187,110,77,53,31,22,3,2,1,101,53,48
GRIMES COUNTY,185,37 Years,347,199,148,185,99,86,69,51,18,3,0,3,90,49,41
GRIMES COUNTY,185,38 Years,322,183,139,185,106,79,39,22,17,4,1,3,94,54,40
GRIMES COUNTY,185,39 Years,341,192,149,197,113,84,49,27,22,7,3,4,88,49,39
GRIMES COUNTY,185,40 Years,367,208,159,217,121,96,64,40,24,6,3,3,80,44,36
GRIMES COUNTY,185,41 Years,366,224,142,224,130,94,55,37,18,3,2,1,84,55,29
GRIMES COUNTY,185,42 Years,352,206,146,212,116,96,48,32,16,5,3,2,87,55,32
GRIMES COUNTY,185,43 Years,368,223,145,208,119,89,62,43,19,4,2,2,94,59,35
GRIMES COUNTY,185,44 Years,350,209,141,203,116,87,57,40,17,6,4,2,84,49,35
GRIMES COUNTY,185,45 Years,336,203,133,195,122,73,54,33,21,6,4,2,81,44,37
GRIMES COUNTY,185,46 Years,388,231,157,203,118,85,89,56,33,9,4,5,87,53,34
GRIMES COUNTY,185,47 Years,402,229,173,235,133,102,88,51,37,7,2,5,72,43,29
GRIMES COUNTY,185,48 Years,441,269,172,271,168,103,83,50,33,9,4,5,78,47,31
GRIMES COUNTY,185,49 Years,430,240,190,277,149,128,84,49,35,6,3,3,63,39,24
GRIMES COUNTY,185,50 Years,393,205,188,267,132,135,67,39,28,4,2,2,55,32,23
GRIMES COUNTY,185,51 Years,425,235,190,291,151,140,70,46,24,4,2,2,60,36,24
GRIMES COUNTY,185,52 Years,450,235,215,301,148,153,71,46,25,9,2,7,69,39,30
GRIMES COUNTY,185,53 Years,485,280,205,313,170,143,97,63,34,7,2,5,68,45,23
GRIMES COUNTY,185,54 Years,432,235,197,296,152,144,79,48,31,8,4,4,49,31,18
GRIMES COUNTY,185,55 Years,420,226,194,289,144,145,65,44,21,6,3,3,60,35,25
GRIMES COUNTY,185,56 Years,436,236,200,292,146,146,77,43,34,8,5,3,59,42,17
GRIMES COUNTY,185,57 Years,434,221,213,302,142,160,67,40,27,9,5,4,56,34,22
GRIMES COUNTY,185,58 Years,436,246,190,316,178,138,65,37,28,5,3,2,50,28,22
GRIMES COUNTY,185,59 Years,386,214,172,282,156,126,53,26,27,8,5,3,43,27,16
GRIMES COUNTY,185,60 Years,369,193,176,272,138,134,59,32,27,4,2,2,34,21,13
GRIMES COUNTY,185,61 Years,377,198,179,264,136,128,56,31,25,6,4,2,51,27,24
GRIMES COUNTY,185,62 Years,353,195,158,259,135,124,51,32,19,5,4,1,38,24,14
GRIMES COUNTY,185,63 Years,321,184,137,230,130,100,50,28,22,6,3,3,35,23,12
GRIMES COUNTY,185,64 Years,330,169,161,247,130,117,40,20,20,4,1,3,39,18,21
GRIMES COUNTY,185,65 Years,324,172,152,247,129,118,40,24,16,5,2,3,32,17,15
GRIMES COUNTY,185,66 Years,269,147,122,203,104,99,37,25,12,2,2,0,27,16,11
GRIMES COUNTY,185,67 Years,279,152,127,213,114,99,27,14,13,3,0,3,36,24,12
GRIMES COUNTY,185,68 Years,304,170,134,239,134,105,22,10,12,7,3,4,36,23,13
GRIMES COUNTY,185,69 Years,294,151,143,232,118,114,25,15,10,6,3,3,31,15,16
GRIMES COUNTY,185,70 Years,225,119,106,180,93,87,17,10,7,4,3,1,24,13,11
GRIMES COUNTY,185,71 Years,221,126,95,176,101,75,26,15,11,2,2,0,17,8,9
GRIMES COUNTY,185,72 Years,201,111,90,162,95,67,21,8,13,3,2,1,15,6,9
GRIMES COUNTY,185,73 Years,177,92,85,146,75,71,15,8,7,2,1,1,14,8,6
GRIMES COUNTY,185,74 Years,165,79,86,130,61,69,20,8,12,1,1,0,14,9,5
GRIMES COUNTY,185,75 Years,147,71,76,117,55,62,22,11,11,1,0,1,7,5,2
GRIMES COUNTY,185,76 Years,154,74,80,125,60,65,20,11,9,3,0,3,6,3,3
GRIMES COUNTY,185,77 Years,142,68,74,110,52,58,21,9,12,1,1,0,10,6,4
GRIMES COUNTY,185,78 Years,123,57,66,98,47,51,14,5,9,1,1,0,10,4,6
GRIMES COUNTY,185,79 Years,106,46,60,89,39,50,12,4,8,0,0,0,5,3,2
GRIMES COUNTY,185,80 Years,117,49,68,92,41,51,15,5,10,5,0,5,5,3,2
GRIMES COUNTY,185,81 Years,103,40,63,81,33,48,14,4,10,3,0,3,5,3,2
GRIMES COUNTY,185,82 Years,106,51,55,83,45,38,19,5,14,2,0,2,2,1,1
GRIMES COUNTY,185,83 Years,83,39,44,66,34,32,12,5,7,1,0,1,4,0,4
GRIMES COUNTY,185,84 Years,69,19,50,55,15,40,9,3,6,1,0,1,4,1,3
GRIMES COUNTY,185,85 Years +,416,126,290,334,108,226,61,14,47,4,1,3,17,3,14
GUADALUPE COUNTY,187,All Ages,139419,68689,70730,75434,37216,38218,8469,4246,4223,5017,2212,2805,50499,25015,25484
GUADALUPE COUNTY,187,< 1 Year,1706,879,827,867,437,430,66,33,33,61,38,23,712,371,341
GUADALUPE COUNTY,187,1 Years,1660,850,810,785,399,386,70,36,34,61,33,28,744,382,362
GUADALUPE COUNTY,187,2 Years,1793,951,842,787,423,364,79,46,33,72,35,37,855,447,408
GUADALUPE COUNTY,187,3 Years,1860,972,888,774,407,367,84,43,41,85,34,51,917,488,429
GUADALUPE COUNTY,187,4 Years,1895,988,907,810,422,388,83,44,39,95,50,45,907,472,435
GUADALUPE COUNTY,187,5 Years,1943,1002,941,845,438,407,95,45,50,84,42,42,919,477,442
GUADALUPE COUNTY,187,6 Years,1987,1037,950,850,464,386,84,39,45,95,49,46,958,485,473
GUADALUPE COUNTY,187,7 Years,2064,1080,984,898,478,420,83,50,33,104,53,51,979,499,480
GUADALUPE COUNTY,187,8 Years,2037,1061,976,905,484,421,98,56,42,92,46,46,942,475,467
GUADALUPE COUNTY,187,9 Years,2080,1068,1012,928,477,451,108,57,51,86,43,43,958,491,467
GUADALUPE COUNTY,187,10 Years,2132,1096,1036,966,502,464,126,66,60,88,47,41,952,481,471
GUADALUPE COUNTY,187,11 Years,2241,1136,1105,983,501,482,122,62,60,105,53,52,1031,520,511
GUADALUPE COUNTY,187,12 Years,2232,1135,1097,963,499,464,132,66,66,106,54,52,1031,516,515
GUADALUPE COUNTY,187,13 Years,2278,1191,1087,1031,557,474,149,73,76,98,44,54,1000,517,483
GUADALUPE COUNTY,187,14 Years,2307,1226,1081,1044,563,481,144,78,66,101,47,54,1018,538,480
GUADALUPE COUNTY,187,15 Years,2260,1168,1092,998,535,463,150,74,76,105,51,54,1007,508,499
GUADALUPE COUNTY,187,16 Years,2306,1187,1119,1031,526,505,168,81,87,111,54,57,996,526,470
GUADALUPE COUNTY,187,17 Years,2367,1215,1152,1059,533,526,165,84,81,104,55,49,1039,543,496
GUADALUPE COUNTY,187,18 Years,2325,1215,1110,1052,554,498,180,96,84,87,44,43,1006,521,485
GUADALUPE COUNTY,187,19 Years,2187,1121,1066,966,499,467,177,84,93,98,51,47,946,487,459
GUADALUPE COUNTY,187,20 Years,1970,962,1008,866,424,442,142,70,72,103,48,55,859,420,439
GUADALUPE COUNTY,187,21 Years,1811,921,890,797,401,396,138,70,68,81,41,40,795,409,386
GUADALUPE COUNTY,187,22 Years,1618,838,780,715,366,349,118,65,53,74,37,37,711,370,341
GUADALUPE COUNTY,187,23 Years,1597,824,773,729,358,371,112,66,46,67,33,34,689,367,322
GUADALUPE COUNTY,187,24 Years,1527,742,785,699,325,374,103,58,45,53,27,26,672,332,340
GUADALUPE COUNTY,187,25 Years,1435,736,699,665,330,335,95,52,43,48,27,21,627,327,300
GUADALUPE COUNTY,187,26 Years,1448,748,700,678,339,339,80,45,35,34,22,12,656,342,314
GUADALUPE COUNTY,187,27 Years,1441,723,718,706,343,363,78,39,39,41,17,24,616,324,292
GUADALUPE COUNTY,187,28 Years,1466,708,758,718,339,379,80,37,43,48,21,27,620,311,309
GUADALUPE COUNTY,187,29 Years,1594,788,806,774,389,385,87,45,42,53,22,31,680,332,348
GUADALUPE COUNTY,187,30 Years,1638,803,835,829,409,420,80,41,39,50,23,27,679,330,349
GUADALUPE COUNTY,187,31 Years,1651,788,863,860,412,448,82,46,36,48,16,32,661,314,347
GUADALUPE COUNTY,187,32 Years,1712,823,889,877,423,454,86,49,37,59,20,39,690,331,359
GUADALUPE COUNTY,187,33 Years,1703,808,895,875,422,453,95,40,55,60,24,36,673,322,351
GUADALUPE COUNTY,187,34 Years,1725,789,936,908,425,483,95,38,57,66,27,39,656,299,357
GUADALUPE COUNTY,187,35 Years,1708,815,893,894,433,461,89,40,49,72,33,39,653,309,344
GUADALUPE COUNTY,187,36 Years,1787,864,923,942,457,485,91,44,47,70,29,41,684,334,350
GUADALUPE COUNTY,187,37 Years,1899,886,1013,1032,491,541,97,43,54,75,29,46,695,323,372
GUADALUPE COUNTY,187,38 Years,1774,853,921,952,465,487,99,50,49,65,26,39,658,312,346
GUADALUPE COUNTY,187,39 Years,1874,906,968,990,491,499,105,57,48,67,22,45,712,336,376
GUADALUPE COUNTY,187,40 Years,2036,956,1080,1127,560,567,120,54,66,70,24,46,719,318,401
GUADALUPE COUNTY,187,41 Years,2113,1025,1088,1170,567,603,136,71,65,69,27,42,738,360,378
GUADALUPE COUNTY,187,42 Years,2144,1042,1102,1158,561,597,148,70,78,79,36,43,759,375,384
GUADALUPE COUNTY,187,43 Years,2083,1006,1077,1159,567,592,126,55,71,81,37,44,717,347,370
GUADALUPE COUNTY,187,44 Years,2066,1007,1059,1154,554,600,153,78,75,72,26,46,687,349,338
GUADALUPE COUNTY,187,45 Years,2075,1023,1052,1144,557,587,164,89,75,63,34,29,704,343,361
GUADALUPE COUNTY,187,46 Years,2062,1010,1052,1144,557,587,173,86,87,73,40,33,672,327,345
GUADALUPE COUNTY,187,47 Years,2173,1061,1112,1224,613,611,179,87,92,71,27,44,699,334,365
GUADALUPE COUNTY,187,48 Years,2131,1038,1093,1231,604,627,183,86,97,74,28,46,643,320,323
GUADALUPE COUNTY,187,49 Years,2142,1030,1112,1232,608,624,173,84,89,73,32,41,664,306,358
GUADALUPE COUNTY,187,50 Years,2131,1038,1093,1232,605,627,180,93,87,82,31,51,637,309,328
GUADALUPE COUNTY,187,51 Years,2063,1025,1038,1228,622,606,173,87,86,89,38,51,573,278,295
GUADALUPE COUNTY,187,52 Years,2116,1055,1061,1258,646,612,135,67,68,63,22,41,660,320,340
GUADALUPE COUNTY,187,53 Years,1967,976,991,1194,595,599,139,70,69,60,25,35,574,286,288
GUADALUPE COUNTY,187,54 Years,1861,912,949,1123,556,567,143,65,78,65,23,42,530,268,262
GUADALUPE COUNTY,187,55 Years,1785,868,917,1114,556,558,139,61,78,62,15,47,470,236,234
GUADALUPE COUNTY,187,56 Years,1813,899,914,1141,558,583,137,80,57,46,15,31,489,246,243
GUADALUPE COUNTY,187,57 Years,1771,849,922,1109,516,593,126,71,55,62,23,39,474,239,235
GUADALUPE COUNTY,187,58 Years,1655,800,855,1043,493,550,110,58,52,60,28,32,442,221,221
GUADALUPE COUNTY,187,59 Years,1590,765,825,1004,496,508,104,52,52,51,17,34,431,200,231
GUADALUPE COUNTY,187,60 Years,1533,745,788,958,453,505,90,53,37,52,17,35,433,222,211
GUADALUPE COUNTY,187,61 Years,1441,678,763,926,440,486,77,42,35,49,11,38,389,185,204
GUADALUPE COUNTY,187,62 Years,1459,685,774,964,472,492,77,39,38,40,9,31,378,165,213
GUADALUPE COUNTY,187,63 Years,1436,673,763,960,455,505,81,40,41,34,14,20,361,164,197
GUADALUPE COUNTY,187,64 Years,1419,687,732,965,479,486,76,38,38,38,13,25,340,157,183
GUADALUPE COUNTY,187,65 Years,1423,689,734,989,485,504,64,28,36,35,11,24,335,165,170
GUADALUPE COUNTY,187,66 Years,1235,613,622,811,409,402,63,29,34,28,8,20,333,167,166
GUADALUPE COUNTY,187,67 Years,1126,529,597,750,361,389,57,25,32,22,8,14,297,135,162
GUADALUPE COUNTY,187,68 Years,1143,562,581,794,395,399,57,27,30,24,12,12,268,128,140
GUADALUPE COUNTY,187,69 Years,1104,525,579,794,397,397,59,25,34,25,11,14,226,92,134
GUADALUPE COUNTY,187,70 Years,1001,479,522,710,352,358,54,22,32,24,10,14,213,95,118
GUADALUPE COUNTY,187,71 Years,902,449,453,635,326,309,52,23,29,23,5,18,192,95,97
GUADALUPE COUNTY,187,72 Years,793,383,410,549,265,284,47,26,21,26,10,16,171,82,89
GUADALUPE COUNTY,187,73 Years,781,374,407,588,283,305,34,17,17,16,6,10,143,68,75
GUADALUPE COUNTY,187,74 Years,711,322,389,522,237,285,32,17,15,13,5,8,144,63,81
GUADALUPE COUNTY,187,75 Years,723,336,387,515,240,275,40,24,16,19,9,10,149,63,86
GUADALUPE COUNTY,187,76 Years,710,323,387,507,241,266,32,17,15,17,4,13,154,61,93
GUADALUPE COUNTY,187,77 Years,638,286,352,460,207,253,28,11,17,13,4,9,137,64,73
GUADALUPE COUNTY,187,78 Years,600,265,335,439,193,246,23,12,11,13,4,9,125,56,69
GUADALUPE COUNTY,187,79 Years,539,243,296,392,177,215,21,10,11,11,4,7,115,52,63
GUADALUPE COUNTY,187,80 Years,488,228,260,371,180,191,14,6,8,9,4,5,94,38,56
GUADALUPE COUNTY,187,81 Years,470,227,243,360,180,180,16,7,9,6,3,3,88,37,51
GUADALUPE COUNTY,187,82 Years,423,190,233,320,148,172,14,5,9,6,4,2,83,33,50
GUADALUPE COUNTY,187,83 Years,387,167,220,289,124,165,15,6,9,5,2,3,78,35,43
GUADALUPE COUNTY,187,84 Years,326,128,198,242,101,141,15,3,12,3,0,3,66,24,42
GUADALUPE COUNTY,187,85 Years +,1793,615,1178,1387,485,902,75,22,53,29,9,20,302,99,203
HALE COUNTY,189,All Ages,36712,18993,17719,13403,6774,6629,1819,1150,669,568,289,279,20922,10780,10142
HALE COUNTY,189,< 1 Year,542,282,260,121,63,58,19,11,8,7,4,3,395,204,191
HALE COUNTY,189,1 Years,614,318,296,137,71,66,20,10,10,8,5,3,449,232,217
HALE COUNTY,189,2 Years,596,281,315,121,60,61,21,9,12,10,6,4,444,206,238
HALE COUNTY,189,3 Years,615,316,299,130,66,64,29,17,12,11,6,5,445,227,218
HALE COUNTY,189,4 Years,609,313,296,120,59,61,26,15,11,13,7,6,450,232,218
HALE COUNTY,189,5 Years,601,305,296,119,65,54,25,15,10,10,4,6,447,221,226
HALE COUNTY,189,6 Years,589,301,288,127,68,59,19,12,7,11,3,8,432,218,214
HALE COUNTY,189,7 Years,588,305,283,136,75,61,16,7,9,6,3,3,430,220,210
HALE COUNTY,189,8 Years,610,300,310,128,60,68,19,8,11,7,4,3,456,228,228
HALE COUNTY,189,9 Years,569,301,268,123,67,56,21,7,14,12,7,5,413,220,193
HALE COUNTY,189,10 Years,594,292,302,151,82,69,19,7,12,14,6,8,410,197,213
HALE COUNTY,189,11 Years,562,266,296,143,72,71,19,12,7,11,5,6,389,177,212
HALE COUNTY,189,12 Years,603,324,279,152,81,71,20,14,6,14,8,6,417,221,196
HALE COUNTY,189,13 Years,571,299,272,136,68,68,21,15,6,8,5,3,406,211,195
HALE COUNTY,189,14 Years,560,291,269,136,71,65,20,11,9,8,5,3,396,204,192
HALE COUNTY,189,15 Years,539,280,259,149,76,73,21,10,11,10,7,3,359,187,172
HALE COUNTY,189,16 Years,578,293,285,155,82,73,16,9,7,10,8,2,397,194,203
HALE COUNTY,189,17 Years,529,269,260,144,79,65,19,11,8,10,7,3,356,172,184
HALE COUNTY,189,18 Years,563,301,262,142,79,63,30,15,15,10,7,3,381,200,181
HALE COUNTY,189,19 Years,587,310,277,137,73,64,38,24,14,11,3,8,401,210,191
HALE COUNTY,189,20 Years,618,354,264,163,99,64,41,27,14,12,5,7,402,223,179
HALE COUNTY,189,21 Years,621,348,273,193,108,85,52,38,14,9,3,6,367,199,168
HALE COUNTY,189,22 Years,574,308,266,199,108,91,52,36,16,13,6,7,310,158,152
HALE COUNTY,189,23 Years,570,326,244,190,109,81,55,44,11,11,6,5,314,167,147
HALE COUNTY,189,24 Years,587,329,258,190,108,82,47,39,8,10,5,5,340,177,163
HALE COUNTY,189,25 Years,557,310,247,183,98,85,48,33,15,10,6,4,316,173,143
HALE COUNTY,189,26 Years,525,298,227,155,87,68,44,30,14,8,4,4,318,177,141
HALE COUNTY,189,27 Years,494,282,212,153,91,62,38,29,9,3,2,1,300,160,140
HALE COUNTY,189,28 Years,486,298,188,143,92,51,33,27,6,2,1,1,308,178,130
HALE COUNTY,189,29 Years,499,287,212,147,82,65,34,28,6,6,4,2,312,173,139
HALE COUNTY,189,30 Years,517,293,224,146,80,66,35,32,3,11,7,4,325,174,151
HALE COUNTY,189,31 Years,501,275,226,147,79,68,32,28,4,8,5,3,314,163,151
HALE COUNTY,189,32 Years,490,263,227,165,85,80,28,20,8,4,2,2,293,156,137
HALE COUNTY,189,33 Years,468,261,207,153,89,64,24,16,8,6,2,4,285,154,131
HALE COUNTY,189,34 Years,443,239,204,133,73,60,28,20,8,7,5,2,275,141,134
HALE COUNTY,189,35 Years,394,209,185,115,57,58,29,22,7,7,4,3,243,126,117
HALE COUNTY,189,36 Years,404,215,189,123,66,57,28,19,9,6,2,4,247,128,119
HALE COUNTY,189,37 Years,407,214,193,122,66,56,27,18,9,4,1,3,254,129,125
HALE COUNTY,189,38 Years,429,216,213,116,56,60,29,23,6,9,4,5,275,133,142
HALE COUNTY,189,39 Years,441,237,204,126,67,59,32,21,11,9,6,3,274,143,131
HALE COUNTY,189,40 Years,452,236,216,137,71,66,16,9,7,12,7,5,287,149,138
HALE COUNTY,189,41 Years,455,228,227,158,84,74,12,6,6,9,4,5,276,134,142
HALE COUNTY,189,42 Years,443,243,200,174,99,75,21,11,10,8,3,5,240,130,110
HALE COUNTY,189,43 Years,424,226,198,161,90,71,18,7,11,6,2,4,239,127,112
HALE COUNTY,189,44 Years,462,236,226,172,91,81,24,14,10,7,2,5,259,129,130
HALE COUNTY,189,45 Years,451,241,210,168,90,78,23,15,8,5,0,5,255,136,119
HALE COUNTY,189,46 Years,454,251,203,165,86,79,29,24,5,6,2,4,254,139,115
HALE COUNTY,189,47 Years,466,245,221,179,89,90,26,18,8,6,3,3,255,135,120
HALE COUNTY,189,48 Years,465,243,222,189,95,94,22,18,4,7,3,4,247,127,120
HALE COUNTY,189,49 Years,469,247,222,193,101,92,20,12,8,9,4,5,247,130,117
HALE COUNTY,189,50 Years,448,226,222,187,92,95,22,12,10,7,3,4,232,119,113
HALE COUNTY,189,51 Years,438,237,201,186,98,88,23,14,9,5,2,3,224,123,101
HALE COUNTY,189,52 Years,472,252,220,204,112,92,22,11,11,6,4,2,240,125,115
HALE COUNTY,189,53 Years,444,229,215,213,104,109,23,13,10,9,5,4,199,107,92
HALE COUNTY,189,54 Years,452,227,225,213,100,113,29,20,9,6,3,3,204,104,100
HALE COUNTY,189,55 Years,461,230,231,208,100,108,34,25,9,4,1,3,215,104,111
HALE COUNTY,189,56 Years,433,208,225,205,97,108,19,10,9,3,1,2,206,100,106
HALE COUNTY,189,57 Years,406,212,194,200,104,96,14,6,8,7,4,3,185,98,87
HALE COUNTY,189,58 Years,408,216,192,208,111,97,21,11,10,4,2,2,175,92,83
HALE COUNTY,189,59 Years,394,194,200,204,102,102,16,12,4,4,1,3,170,79,91
HALE COUNTY,189,60 Years,336,170,166,190,90,100,20,11,9,3,1,2,123,68,55
HALE COUNTY,189,61 Years,314,173,141,172,91,81,9,4,5,5,3,2,128,75,53
HALE COUNTY,189,62 Years,331,168,163,178,84,94,10,6,4,4,3,1,139,75,64
HALE COUNTY,189,63 Years,336,163,173,190,92,98,11,3,8,3,2,1,132,66,66
HALE COUNTY,189,64 Years,312,149,163,171,79,92,14,5,9,3,1,2,124,64,60
HALE COUNTY,189,65 Years,287,143,144,163,77,86,13,7,6,6,3,3,105,56,49
HALE COUNTY,189,66 Years,251,119,132,140,60,80,8,4,4,5,4,1,98,51,47
HALE COUNTY,189,67 Years,235,110,125,125,58,67,7,2,5,7,2,5,96,48,48
HALE COUNTY,189,68 Years,264,131,133,162,79,83,4,0,4,8,3,5,90,49,41
HALE COUNTY,189,69 Years,250,120,130,159,79,80,5,3,2,5,2,3,81,36,45
HALE COUNTY,189,70 Years,257,122,135,160,79,81,14,7,7,3,2,1,80,34,46
HALE COUNTY,189,71 Years,219,101,118,146,67,79,8,4,4,3,2,1,62,28,34
HALE COUNTY,189,72 Years,205,90,115,128,57,71,6,2,4,1,0,1,70,31,39
HALE COUNTY,189,73 Years,185,81,104,115,47,68,5,2,3,1,0,1,64,32,32
HALE COUNTY,189,74 Years,203,86,117,130,54,76,6,2,4,2,0,2,65,30,35
HALE COUNTY,189,75 Years,171,75,96,107,45,62,5,3,2,4,1,3,55,26,29
HALE COUNTY,189,76 Years,159,75,84,111,54,57,4,2,2,2,2,0,42,17,25
HALE COUNTY,189,77 Years,183,89,94,120,56,64,3,2,1,1,1,0,59,30,29
HALE COUNTY,189,78 Years,173,77,96,119,51,68,6,2,4,2,2,0,46,22,24
HALE COUNTY,189,79 Years,173,72,101,122,47,75,3,1,2,3,3,0,45,21,24
HALE COUNTY,189,80 Years,171,82,89,124,57,67,4,2,2,2,1,1,41,22,19
HALE COUNTY,189,81 Years,133,55,78,100,41,59,6,3,3,1,0,1,26,11,15
HALE COUNTY,189,82 Years,124,56,68,86,39,47,6,3,3,1,1,0,31,13,18
HALE COUNTY,189,83 Years,139,59,80,100,46,54,8,2,6,1,0,1,30,11,19
HALE COUNTY,189,84 Years,126,54,72,99,40,59,3,2,1,0,0,0,24,12,12
HALE COUNTY,189,85 Years +,634,237,397,493,172,321,23,9,14,6,4,2,112,52,60
HALL COUNTY,191,All Ages,3409,1668,1741,1995,952,1043,237,128,109,36,11,25,1141,577,564
HALL COUNTY,191,< 1 Year,37,14,23,14,7,7,2,0,2,2,1,1,19,6,13
HALL COUNTY,191,1 Years,37,18,19,14,8,6,3,1,2,1,0,1,19,9,10
HALL COUNTY,191,2 Years,40,20,20,10,6,4,4,3,1,0,0,0,26,11,15
HALL COUNTY,191,3 Years,50,22,28,18,6,12,1,1,0,0,0,0,31,15,16
HALL COUNTY,191,4 Years,42,22,20,13,6,7,3,2,1,1,1,0,25,13,12
HALL COUNTY,191,5 Years,42,22,20,12,6,6,7,4,3,0,0,0,23,12,11
HALL COUNTY,191,6 Years,46,22,24,15,5,10,5,2,3,0,0,0,26,15,11
HALL COUNTY,191,7 Years,46,26,20,16,9,7,3,1,2,1,0,1,26,16,10
HALL COUNTY,191,8 Years,40,23,17,20,12,8,3,2,1,0,0,0,17,9,8
HALL COUNTY,191,9 Years,50,28,22,15,10,5,5,3,2,1,0,1,29,15,14
HALL COUNTY,191,10 Years,53,27,26,18,10,8,4,2,2,1,0,1,30,15,15
HALL COUNTY,191,11 Years,59,28,31,20,11,9,3,2,1,0,0,0,36,15,21
HALL COUNTY,191,12 Years,42,18,24,17,7,10,5,2,3,0,0,0,20,9,11
HALL COUNTY,191,13 Years,53,29,24,25,12,13,7,4,3,0,0,0,21,13,8
HALL COUNTY,191,14 Years,46,23,23,25,13,12,5,2,3,0,0,0,16,8,8
HALL COUNTY,191,15 Years,58,27,31,28,12,16,3,1,2,0,0,0,27,14,13
HALL COUNTY,191,16 Years,63,33,30,38,19,19,2,2,0,0,0,0,23,12,11
HALL COUNTY,191,17 Years,45,24,21,23,11,12,5,5,0,0,0,0,17,8,9
HALL COUNTY,191,18 Years,56,33,23,27,16,11,6,4,2,1,1,0,22,12,10
HALL COUNTY,191,19 Years,53,25,28,27,13,14,3,2,1,0,0,0,23,10,13
HALL COUNTY,191,20 Years,50,28,22,19,10,9,7,5,2,1,1,0,23,12,11
HALL COUNTY,191,21 Years,46,29,17,15,9,6,3,2,1,1,1,0,27,17,10
HALL COUNTY,191,22 Years,30,17,13,10,6,4,2,0,2,0,0,0,18,11,7
HALL COUNTY,191,23 Years,28,14,14,12,5,7,3,2,1,0,0,0,13,7,6
HALL COUNTY,191,24 Years,30,15,15,8,3,5,3,3,0,1,0,1,18,9,9
HALL COUNTY,191,25 Years,30,18,12,10,6,4,1,0,1,1,0,1,18,12,6
HALL COUNTY,191,26 Years,22,10,12,5,2,3,2,1,1,0,0,0,15,7,8
HALL COUNTY,191,27 Years,30,11,19,10,5,5,4,1,3,2,0,2,14,5,9
HALL COUNTY,191,28 Years,31,15,16,8,4,4,3,1,2,0,0,0,20,10,10
HALL COUNTY,191,29 Years,36,16,20,22,10,12,2,0,2,1,0,1,11,6,5
HALL COUNTY,191,30 Years,23,10,13,17,8,9,1,1,0,0,0,0,5,1,4
HALL COUNTY,191,31 Years,28,12,16,12,6,6,2,1,1,0,0,0,14,5,9
HALL COUNTY,191,32 Years,31,14,17,14,8,6,2,0,2,0,0,0,15,6,9
HALL COUNTY,191,33 Years,34,18,16,17,10,7,0,0,0,1,0,1,16,8,8
HALL COUNTY,191,34 Years,33,17,16,20,9,11,1,1,0,1,0,1,11,7,4
HALL COUNTY,191,35 Years,35,14,21,21,7,14,5,3,2,1,0,1,8,4,4
HALL COUNTY,191,36 Years,28,13,15,14,7,7,1,1,0,0,0,0,13,5,8
HALL COUNTY,191,37 Years,35,12,23,20,7,13,1,0,1,0,0,0,14,5,9
HALL COUNTY,191,38 Years,29,13,16,14,7,7,1,0,1,0,0,0,14,6,8
HALL COUNTY,191,39 Years,31,16,15,14,6,8,2,1,1,0,0,0,15,9,6
HALL COUNTY,191,40 Years,38,18,20,19,10,9,2,1,1,0,0,0,17,7,10
HALL COUNTY,191,41 Years,36,14,22,19,8,11,1,0,1,0,0,0,16,6,10
HALL COUNTY,191,42 Years,29,13,16,20,8,12,2,2,0,0,0,0,7,3,4
HALL COUNTY,191,43 Years,37,19,18,19,11,8,6,2,4,0,0,0,12,6,6
HALL COUNTY,191,44 Years,32,22,10,16,11,5,5,3,2,0,0,0,11,8,3
HALL COUNTY,191,45 Years,33,19,14,19,13,6,3,2,1,0,0,0,11,4,7
HALL COUNTY,191,46 Years,34,19,15,19,12,7,2,1,1,0,0,0,13,6,7
HALL COUNTY,191,47 Years,38,21,17,23,13,10,1,0,1,1,0,1,13,8,5
HALL COUNTY,191,48 Years,40,24,16,25,13,12,1,1,0,1,0,1,13,10,3
HALL COUNTY,191,49 Years,49,27,22,29,13,16,4,2,2,2,2,0,14,10,4
HALL COUNTY,191,50 Years,47,24,23,29,14,15,3,2,1,1,0,1,14,8,6
HALL COUNTY,191,51 Years,42,22,20,29,15,14,4,2,2,0,0,0,9,5,4
HALL COUNTY,191,52 Years,46,21,25,30,14,16,5,3,2,0,0,0,11,4,7
HALL COUNTY,191,53 Years,51,25,26,30,14,16,4,2,2,0,0,0,17,9,8
HALL COUNTY,191,54 Years,43,22,21,27,11,16,3,2,1,0,0,0,13,9,4
HALL COUNTY,191,55 Years,32,14,18,22,9,13,1,0,1,0,0,0,9,5,4
HALL COUNTY,191,56 Years,54,26,28,35,16,19,3,2,1,0,0,0,16,8,8
HALL COUNTY,191,57 Years,49,24,25,33,16,17,3,2,1,1,1,0,12,5,7
HALL COUNTY,191,58 Years,44,21,23,31,15,16,1,1,0,1,0,1,11,5,6
HALL COUNTY,191,59 Years,35,18,17,25,12,13,1,1,0,1,0,1,8,5,3
HALL COUNTY,191,60 Years,42,14,28,27,12,15,5,1,4,1,0,1,9,1,8
HALL COUNTY,191,61 Years,44,18,26,29,14,15,6,2,4,0,0,0,9,2,7
HALL COUNTY,191,62 Years,39,17,22,32,14,18,1,0,1,0,0,0,6,3,3
HALL COUNTY,191,63 Years,41,16,25,28,9,19,4,2,2,0,0,0,9,5,4
HALL COUNTY,191,64 Years,42,25,17,30,16,14,3,1,2,0,0,0,9,8,1
HALL COUNTY,191,65 Years,51,25,26,38,20,18,3,1,2,0,0,0,10,4,6
HALL COUNTY,191,66 Years,42,20,22,37,17,20,0,0,0,0,0,0,5,3,2
HALL COUNTY,191,67 Years,49,28,21,34,18,16,6,5,1,0,0,0,9,5,4
HALL COUNTY,191,68 Years,40,21,19,33,17,16,4,3,1,0,0,0,3,1,2
HALL COUNTY,191,69 Years,42,21,21,36,19,17,3,1,2,1,0,1,2,1,1
HALL COUNTY,191,70 Years,41,17,24,35,14,21,0,0,0,1,0,1,5,3,2
HALL COUNTY,191,71 Years,37,12,25,33,10,23,1,0,1,1,0,1,2,2,0
HALL COUNTY,191,72 Years,43,22,21,36,17,19,5,4,1,0,0,0,2,1,1
HALL COUNTY,191,73 Years,37,21,16,32,18,14,2,2,0,0,0,0,3,1,2
HALL COUNTY,191,74 Years,32,17,15,29,15,14,0,0,0,0,0,0,3,2,1
HALL COUNTY,191,75 Years,43,21,22,37,19,18,2,1,1,1,0,1,3,1,2
HALL COUNTY,191,76 Years,34,14,20,28,11,17,0,0,0,2,1,1,4,2,2
HALL COUNTY,191,77 Years,34,16,18,29,14,15,0,0,0,1,1,0,4,1,3
HALL COUNTY,191,78 Years,26,9,17,22,9,13,1,0,1,1,0,1,2,0,2
HALL COUNTY,191,79 Years,22,10,12,19,8,11,1,0,1,0,0,0,2,2,0
HALL COUNTY,191,80 Years,20,11,9,18,10,8,2,1,1,0,0,0,0,0,0
HALL COUNTY,191,81 Years,24,12,12,22,10,12,1,1,0,0,0,0,1,1,0
HALL COUNTY,191,82 Years,27,10,17,25,9,16,1,1,0,0,0,0,1,0,1
HALL COUNTY,191,83 Years,21,10,11,18,8,10,1,1,0,0,0,0,2,1,1
HALL COUNTY,191,84 Years,18,7,11,15,6,9,1,0,1,0,0,0,2,1,1
HALL COUNTY,191,85 Years +,111,45,66,97,36,61,4,2,2,1,1,0,9,6,3
HAMILTON COUNTY,193,All Ages,8644,4286,4358,7567,3697,3870,39,26,13,116,68,48,922,495,427
HAMILTON COUNTY,193,< 1 Year,97,48,49,77,36,41,0,0,0,1,1,0,19,11,8
HAMILTON COUNTY,193,1 Years,92,49,43,72,38,34,1,1,0,0,0,0,19,10,9
HAMILTON COUNTY,193,2 Years,88,43,45,66,29,37,0,0,0,0,0,0,22,14,8
HAMILTON COUNTY,193,3 Years,109,57,52,87,46,41,1,0,1,2,0,2,19,11,8
HAMILTON COUNTY,193,4 Years,93,52,41,76,41,35,1,0,1,0,0,0,16,11,5
HAMILTON COUNTY,193,5 Years,89,42,47,72,33,39,0,0,0,0,0,0,17,9,8
HAMILTON COUNTY,193,6 Years,96,50,46,75,37,38,0,0,0,2,1,1,19,12,7
HAMILTON COUNTY,193,7 Years,90,44,46,69,32,37,0,0,0,2,2,0,19,10,9
HAMILTON COUNTY,193,8 Years,97,54,43,77,44,33,0,0,0,1,1,0,19,9,10
HAMILTON COUNTY,193,9 Years,97,53,44,78,45,33,0,0,0,1,0,1,18,8,10
HAMILTON COUNTY,193,10 Years,106,51,55,81,38,43,1,1,0,1,0,1,23,12,11
HAMILTON COUNTY,193,11 Years,101,46,55,77,32,45,2,2,0,2,1,1,20,11,9
HAMILTON COUNTY,193,12 Years,105,52,53,84,41,43,1,1,0,3,2,1,17,8,9
HAMILTON COUNTY,193,13 Years,93,52,41,71,42,29,0,0,0,4,2,2,18,8,10
HAMILTON COUNTY,193,14 Years,123,69,54,103,60,43,0,0,0,4,3,1,16,6,10
HAMILTON COUNTY,193,15 Years,121,64,57,95,51,44,1,1,0,5,3,2,20,9,11
HAMILTON COUNTY,193,16 Years,108,53,55,81,41,40,2,2,0,4,2,2,21,8,13
HAMILTON COUNTY,193,17 Years,105,56,49,84,42,42,2,2,0,1,0,1,18,12,6
HAMILTON COUNTY,193,18 Years,118,58,60,91,45,46,1,0,1,3,3,0,23,10,13
HAMILTON COUNTY,193,19 Years,107,56,51,83,44,39,1,0,1,2,0,2,21,12,9
HAMILTON COUNTY,193,20 Years,111,60,51,84,46,38,1,1,0,4,2,2,22,11,11
HAMILTON COUNTY,193,21 Years,75,38,37,56,28,28,1,1,0,2,2,0,16,7,9
HAMILTON COUNTY,193,22 Years,65,28,37,52,22,30,1,1,0,0,0,0,12,5,7
HAMILTON COUNTY,193,23 Years,69,28,41,55,21,34,1,1,0,0,0,0,13,6,7
HAMILTON COUNTY,193,24 Years,91,47,44,71,38,33,1,0,1,0,0,0,19,9,10
HAMILTON COUNTY,193,25 Years,94,52,42,78,45,33,1,0,1,1,1,0,14,6,8
HAMILTON COUNTY,193,26 Years,66,33,33,59,30,29,0,0,0,1,1,0,6,2,4
HAMILTON COUNTY,193,27 Years,83,48,35,64,36,28,2,1,1,1,0,1,16,11,5
HAMILTON COUNTY,193,28 Years,72,36,36,60,30,30,2,1,1,0,0,0,10,5,5
HAMILTON COUNTY,193,29 Years,95,48,47,84,41,43,0,0,0,0,0,0,11,7,4
HAMILTON COUNTY,193,30 Years,88,51,37,74,43,31,1,1,0,0,0,0,13,7,6
HAMILTON COUNTY,193,31 Years,77,41,36,62,34,28,2,1,1,0,0,0,13,6,7
HAMILTON COUNTY,193,32 Years,84,49,35,72,40,32,0,0,0,0,0,0,12,9,3
HAMILTON COUNTY,193,33 Years,74,42,32,63,35,28,0,0,0,0,0,0,11,7,4
HAMILTON COUNTY,193,34 Years,75,45,30,65,38,27,0,0,0,1,1,0,9,6,3
HAMILTON COUNTY,193,35 Years,84,47,37,71,40,31,1,1,0,1,1,0,11,5,6
HAMILTON COUNTY,193,36 Years,83,39,44,69,31,38,1,1,0,1,0,1,12,7,5
HAMILTON COUNTY,193,37 Years,96,47,49,78,38,40,0,0,0,5,2,3,13,7,6
HAMILTON COUNTY,193,38 Years,77,42,35,66,36,30,1,0,1,3,3,0,7,3,4
HAMILTON COUNTY,193,39 Years,81,37,44,66,27,39,1,0,1,2,2,0,12,8,4
HAMILTON COUNTY,193,40 Years,102,50,52,86,42,44,0,0,0,2,1,1,14,7,7
HAMILTON COUNTY,193,41 Years,94,48,46,78,40,38,2,0,2,3,2,1,11,6,5
HAMILTON COUNTY,193,42 Years,98,52,46,84,43,41,1,1,0,2,2,0,11,6,5
HAMILTON COUNTY,193,43 Years,99,53,46,89,45,44,0,0,0,3,2,1,7,6,1
HAMILTON COUNTY,193,44 Years,88,47,41,80,41,39,0,0,0,1,1,0,7,5,2
HAMILTON COUNTY,193,45 Years,84,42,42,70,37,33,0,0,0,1,1,0,13,4,9
HAMILTON COUNTY,193,46 Years,91,45,46,74,36,38,0,0,0,4,3,1,13,6,7
HAMILTON COUNTY,193,47 Years,99,51,48,82,39,43,0,0,0,1,1,0,16,11,5
HAMILTON COUNTY,193,48 Years,119,61,58,104,54,50,0,0,0,1,0,1,14,7,7
HAMILTON COUNTY,193,49 Years,133,67,66,122,62,60,1,1,0,1,0,1,9,4,5
HAMILTON COUNTY,193,50 Years,122,64,58,109,56,53,2,2,0,2,1,1,9,5,4
HAMILTON COUNTY,193,51 Years,132,69,63,112,58,54,1,1,0,3,3,0,16,7,9
HAMILTON COUNTY,193,52 Years,133,74,59,116,64,52,0,0,0,2,0,2,15,10,5
HAMILTON COUNTY,193,53 Years,120,60,60,112,55,57,0,0,0,1,0,1,7,5,2
HAMILTON COUNTY,193,54 Years,127,64,63,115,59,56,0,0,0,1,0,1,11,5,6
HAMILTON COUNTY,193,55 Years,118,61,57,103,54,49,0,0,0,2,1,1,13,6,7
HAMILTON COUNTY,193,56 Years,109,54,55,100,48,52,0,0,0,0,0,0,9,6,3
HAMILTON COUNTY,193,57 Years,111,45,66,100,39,61,0,0,0,1,0,1,10,6,4
HAMILTON COUNTY,193,58 Years,130,60,70,116,54,62,1,1,0,3,0,3,10,5,5
HAMILTON COUNTY,193,59 Years,107,55,52,98,49,49,0,0,0,2,1,1,7,5,2
HAMILTON COUNTY,193,60 Years,130,55,75,123,50,73,0,0,0,3,2,1,4,3,1
HAMILTON COUNTY,193,61 Years,113,46,67,110,44,66,0,0,0,0,0,0,3,2,1
HAMILTON COUNTY,193,62 Years,109,56,53,103,53,50,0,0,0,2,1,1,4,2,2
HAMILTON COUNTY,193,63 Years,126,70,56,118,65,53,0,0,0,2,1,1,6,4,2
HAMILTON COUNTY,193,64 Years,114,54,60,109,51,58,0,0,0,0,0,0,5,3,2
HAMILTON COUNTY,193,65 Years,125,64,61,118,60,58,0,0,0,1,1,0,6,3,3
HAMILTON COUNTY,193,66 Years,100,41,59,96,40,56,0,0,0,1,0,1,3,1,2
HAMILTON COUNTY,193,67 Years,113,53,60,109,50,59,0,0,0,0,0,0,4,3,1
HAMILTON COUNTY,193,68 Years,116,52,64,111,49,62,0,0,0,1,0,1,4,3,1
HAMILTON COUNTY,193,69 Years,125,64,61,122,62,60,0,0,0,1,1,0,2,1,1
HAMILTON COUNTY,193,70 Years,120,58,62,117,56,61,0,0,0,1,1,0,2,1,1
HAMILTON COUNTY,193,71 Years,115,56,59,113,54,59,0,0,0,1,1,0,1,1,0
HAMILTON COUNTY,193,72 Years,97,45,52,93,43,50,0,0,0,2,1,1,2,1,1
HAMILTON COUNTY,193,73 Years,103,55,48,98,51,47,0,0,0,2,2,0,3,2,1
HAMILTON COUNTY,193,74 Years,95,45,50,91,42,49,0,0,0,1,1,0,3,2,1
HAMILTON COUNTY,193,75 Years,77,34,43,76,33,43,0,0,0,0,0,0,1,1,0
HAMILTON COUNTY,193,76 Years,91,42,49,90,41,49,0,0,0,1,1,0,0,0,0
HAMILTON COUNTY,193,77 Years,101,47,54,99,46,53,0,0,0,0,0,0,2,1,1
HAMILTON COUNTY,193,78 Years,73,34,39,73,34,39,0,0,0,0,0,0,0,0,0
HAMILTON COUNTY,193,79 Years,69,34,35,69,34,35,0,0,0,0,0,0,0,0,0
HAMILTON COUNTY,193,80 Years,65,34,31,64,34,30,0,0,0,0,0,0,1,0,1
HAMILTON COUNTY,193,81 Years,62,29,33,60,29,31,0,0,0,0,0,0,2,0,2
HAMILTON COUNTY,193,82 Years,68,30,38,66,29,37,0,0,0,0,0,0,2,1,1
HAMILTON COUNTY,193,83 Years,63,34,29,63,34,29,0,0,0,0,0,0,0,0,0
HAMILTON COUNTY,193,84 Years,44,23,21,44,23,21,0,0,0,0,0,0,0,0,0
HAMILTON COUNTY,193,85 Years +,339,102,237,334,99,235,0,0,0,1,0,1,4,3,1
HANSFORD COUNTY,195,All Ages,5636,2820,2816,3027,1457,1570,33,19,14,60,27,33,2516,1317,1199
HANSFORD COUNTY,195,< 1 Year,77,36,41,28,13,15,0,0,0,0,0,0,49,23,26
HANSFORD COUNTY,195,1 Years,75,38,37,33,16,17,0,0,0,0,0,0,42,22,20
HANSFORD COUNTY,195,2 Years,81,43,38,32,14,18,0,0,0,1,1,0,48,28,20
HANSFORD COUNTY,195,3 Years,90,43,47,35,15,20,0,0,0,2,2,0,53,26,27
HANSFORD COUNTY,195,4 Years,95,42,53,41,15,26,1,0,1,1,1,0,52,26,26
HANSFORD COUNTY,195,5 Years,96,56,40,35,21,14,3,3,0,1,1,0,57,31,26
HANSFORD COUNTY,195,6 Years,93,55,38,39,23,16,2,2,0,1,1,0,51,29,22
HANSFORD COUNTY,195,7 Years,103,51,52,44,21,23,1,1,0,1,1,0,57,28,29
HANSFORD COUNTY,195,8 Years,100,52,48,38,18,20,0,0,0,0,0,0,62,34,28
HANSFORD COUNTY,195,9 Years,92,44,48,37,20,17,2,0,2,0,0,0,53,24,29
HANSFORD COUNTY,195,10 Years,94,52,42,43,26,17,0,0,0,0,0,0,51,26,25
HANSFORD COUNTY,195,11 Years,105,55,50,41,23,18,0,0,0,1,1,0,63,31,32
HANSFORD COUNTY,195,12 Years,100,52,48,40,20,20,0,0,0,2,2,0,58,30,28
HANSFORD COUNTY,195,13 Years,91,42,49,41,21,20,0,0,0,2,1,1,48,20,28
HANSFORD COUNTY,195,14 Years,77,39,38,35,19,16,0,0,0,1,0,1,41,20,21
HANSFORD COUNTY,195,15 Years,89,47,42,38,19,19,1,0,1,4,2,2,46,26,20
HANSFORD COUNTY,195,16 Years,93,49,44,40,16,24,1,0,1,2,2,0,50,31,19
HANSFORD COUNTY,195,17 Years,92,43,49,41,16,25,0,0,0,1,0,1,50,27,23
HANSFORD COUNTY,195,18 Years,89,41,48,38,16,22,0,0,0,1,0,1,50,25,25
HANSFORD COUNTY,195,19 Years,101,55,46,40,20,20,0,0,0,1,0,1,60,35,25
HANSFORD COUNTY,195,20 Years,94,46,48,29,12,17,1,1,0,1,0,1,63,33,30
HANSFORD COUNTY,195,21 Years,62,33,29,19,10,9,2,1,1,0,0,0,41,22,19
HANSFORD COUNTY,195,22 Years,54,29,25,18,9,9,1,0,1,0,0,0,35,20,15
HANSFORD COUNTY,195,23 Years,43,20,23,20,9,11,1,0,1,0,0,0,22,11,11
HANSFORD COUNTY,195,24 Years,50,26,24,23,9,14,0,0,0,0,0,0,27,17,10
HANSFORD COUNTY,195,25 Years,58,31,27,22,11,11,0,0,0,1,0,1,35,20,15
HANSFORD COUNTY,195,26 Years,60,30,30,22,14,8,0,0,0,2,0,2,36,16,20
HANSFORD COUNTY,195,27 Years,51,27,24,23,12,11,0,0,0,1,1,0,27,14,13
HANSFORD COUNTY,195,28 Years,59,34,25,23,12,11,1,1,0,1,1,0,34,20,14
HANSFORD COUNTY,195,29 Years,80,41,39,37,19,18,1,1,0,0,0,0,42,21,21
HANSFORD COUNTY,195,30 Years,65,24,41,29,10,19,0,0,0,2,0,2,34,14,20
HANSFORD COUNTY,195,31 Years,66,28,38,29,10,19,1,1,0,2,1,1,34,16,18
HANSFORD COUNTY,195,32 Years,64,31,33,29,13,16,1,1,0,0,0,0,34,17,17
HANSFORD COUNTY,195,33 Years,63,29,34,30,13,17,0,0,0,1,0,1,32,16,16
HANSFORD COUNTY,195,34 Years,61,32,29,33,17,16,0,0,0,1,1,0,27,14,13
HANSFORD COUNTY,195,35 Years,69,37,32,34,19,15,1,1,0,1,1,0,33,16,17
HANSFORD COUNTY,195,36 Years,74,36,38,31,16,15,1,1,0,0,0,0,42,19,23
HANSFORD COUNTY,195,37 Years,66,35,31,30,16,14,0,0,0,1,0,1,35,19,16
HANSFORD COUNTY,195,38 Years,70,36,34,34,17,17,0,0,0,1,0,1,35,19,16
HANSFORD COUNTY,195,39 Years,79,42,37,31,16,15,0,0,0,1,0,1,47,26,21
HANSFORD COUNTY,195,40 Years,59,29,30,29,14,15,0,0,0,0,0,0,30,15,15
HANSFORD COUNTY,195,41 Years,72,37,35,35,16,19,0,0,0,0,0,0,37,21,16
HANSFORD COUNTY,195,42 Years,71,33,38,33,13,20,0,0,0,0,0,0,38,20,18
HANSFORD COUNTY,195,43 Years,62,30,32,31,17,14,0,0,0,0,0,0,31,13,18
HANSFORD COUNTY,195,44 Years,69,36,33,40,23,17,1,0,1,1,1,0,27,12,15
HANSFORD COUNTY,195,45 Years,61,31,30,33,16,17,1,0,1,0,0,0,27,15,12
HANSFORD COUNTY,195,46 Years,72,41,31,34,16,18,0,0,0,1,0,1,37,25,12
HANSFORD COUNTY,195,47 Years,72,38,34,39,17,22,0,0,0,1,1,0,32,20,12
HANSFORD COUNTY,195,48 Years,74,37,37,40,18,22,0,0,0,1,1,0,33,18,15
HANSFORD COUNTY,195,49 Years,85,47,38,44,26,18,0,0,0,0,0,0,41,21,20
HANSFORD COUNTY,195,50 Years,77,44,33,44,24,20,1,0,1,1,0,1,31,20,11
HANSFORD COUNTY,195,51 Years,71,38,33,39,18,21,3,3,0,0,0,0,29,17,12
HANSFORD COUNTY,195,52 Years,78,37,41,39,17,22,2,1,1,0,0,0,37,19,18
HANSFORD COUNTY,195,53 Years,72,41,31,50,27,23,0,0,0,0,0,0,22,14,8
HANSFORD COUNTY,195,54 Years,77,38,39,56,27,29,0,0,0,0,0,0,21,11,10
HANSFORD COUNTY,195,55 Years,73,33,40,49,22,27,0,0,0,1,0,1,23,11,12
HANSFORD COUNTY,195,56 Years,76,40,36,52,26,26,0,0,0,2,0,2,22,14,8
HANSFORD COUNTY,195,57 Years,76,34,42,49,23,26,0,0,0,1,0,1,26,11,15
HANSFORD COUNTY,195,58 Years,74,36,38,53,27,26,0,0,0,0,0,0,21,9,12
HANSFORD COUNTY,195,59 Years,67,32,35,54,26,28,0,0,0,1,1,0,12,5,7
HANSFORD COUNTY,195,60 Years,56,26,30,38,20,18,0,0,0,0,0,0,18,6,12
HANSFORD COUNTY,195,61 Years,64,34,30,47,27,20,0,0,0,0,0,0,17,7,10
HANSFORD COUNTY,195,62 Years,58,34,24,42,26,16,0,0,0,0,0,0,16,8,8
HANSFORD COUNTY,195,63 Years,63,27,36,52,21,31,0,0,0,1,0,1,10,6,4
HANSFORD COUNTY,195,64 Years,46,19,27,41,18,23,0,0,0,0,0,0,5,1,4
HANSFORD COUNTY,195,65 Years,61,33,28,44,23,21,0,0,0,2,0,2,15,10,5
HANSFORD COUNTY,195,66 Years,47,22,25,34,15,19,0,0,0,2,0,2,11,7,4
HANSFORD COUNTY,195,67 Years,40,22,18,26,12,14,1,1,0,0,0,0,13,9,4
HANSFORD COUNTY,195,68 Years,39,23,16,29,16,13,0,0,0,0,0,0,10,7,3
HANSFORD COUNTY,195,69 Years,51,28,23,42,24,18,0,0,0,0,0,0,9,4,5
HANSFORD COUNTY,195,70 Years,50,25,25,40,21,19,0,0,0,1,0,1,9,4,5
HANSFORD COUNTY,195,71 Years,35,16,19,32,16,16,0,0,0,1,0,1,2,0,2
HANSFORD COUNTY,195,72 Years,33,18,15,29,15,14,0,0,0,0,0,0,4,3,1
HANSFORD COUNTY,195,73 Years,37,19,18,30,14,16,0,0,0,0,0,0,7,5,2
HANSFORD COUNTY,195,74 Years,36,13,23,32,11,21,0,0,0,0,0,0,4,2,2
HANSFORD COUNTY,195,75 Years,33,10,23,27,8,19,0,0,0,1,0,1,5,2,3
HANSFORD COUNTY,195,76 Years,31,16,15,29,15,14,0,0,0,0,0,0,2,1,1
HANSFORD COUNTY,195,77 Years,27,15,12,25,14,11,0,0,0,0,0,0,2,1,1
HANSFORD COUNTY,195,78 Years,31,13,18,28,12,16,0,0,0,1,1,0,2,0,2
HANSFORD COUNTY,195,79 Years,32,15,17,28,11,17,0,0,0,1,1,0,3,3,0
HANSFORD COUNTY,195,80 Years,23,10,13,20,8,12,0,0,0,0,0,0,3,2,1
HANSFORD COUNTY,195,81 Years,24,9,15,22,8,14,0,0,0,0,0,0,2,1,1
HANSFORD COUNTY,195,82 Years,23,11,12,20,8,12,0,0,0,1,1,0,2,2,0
HANSFORD COUNTY,195,83 Years,19,8,11,15,6,9,0,0,0,0,0,0,4,2,2
HANSFORD COUNTY,195,84 Years,23,11,12,20,10,10,0,0,0,0,0,0,3,1,2
HANSFORD COUNTY,195,85 Years +,95,29,66,87,29,58,2,0,2,1,0,1,5,0,5
HARDEMAN COUNTY,197,All Ages,4127,2064,2063,2898,1408,1490,212,118,94,97,59,38,920,479,441
HARDEMAN COUNTY,197,< 1 Year,41,22,19,24,12,12,1,1,0,2,1,1,14,8,6
HARDEMAN COUNTY,197,1 Years,45,24,21,28,15,13,1,1,0,1,0,1,15,8,7
HARDEMAN COUNTY,197,2 Years,55,31,24,27,14,13,2,1,1,4,3,1,22,13,9
HARDEMAN COUNTY,197,3 Years,57,33,24,21,13,8,5,2,3,3,2,1,28,16,12
HARDEMAN COUNTY,197,4 Years,53,27,26,24,12,12,4,3,1,1,1,0,24,11,13
HARDEMAN COUNTY,197,5 Years,53,24,29,25,12,13,1,0,1,5,2,3,22,10,12
HARDEMAN COUNTY,197,6 Years,52,29,23,27,13,14,1,1,0,3,2,1,21,13,8
HARDEMAN COUNTY,197,7 Years,55,37,18,28,18,10,2,2,0,5,5,0,20,12,8
HARDEMAN COUNTY,197,8 Years,61,37,24,28,16,12,3,2,1,3,3,0,27,16,11
HARDEMAN COUNTY,197,9 Years,54,30,24,26,14,12,1,1,0,3,2,1,24,13,11
HARDEMAN COUNTY,197,10 Years,55,24,31,29,12,17,2,2,0,2,1,1,22,9,13
HARDEMAN COUNTY,197,11 Years,62,31,31,38,19,19,3,2,1,0,0,0,21,10,11
HARDEMAN COUNTY,197,12 Years,49,27,22,28,15,13,3,2,1,0,0,0,18,10,8
HARDEMAN COUNTY,197,13 Years,61,29,32,38,17,21,2,2,0,1,0,1,20,10,10
HARDEMAN COUNTY,197,14 Years,62,35,27,38,20,18,2,1,1,0,0,0,22,14,8
HARDEMAN COUNTY,197,15 Years,54,34,20,35,19,16,3,3,0,0,0,0,16,12,4
HARDEMAN COUNTY,197,16 Years,64,34,30,40,22,18,5,3,2,1,1,0,18,8,10
HARDEMAN COUNTY,197,17 Years,53,26,27,28,12,16,5,2,3,3,2,1,17,10,7
HARDEMAN COUNTY,197,18 Years,56,27,29,31,16,15,6,2,4,3,2,1,16,7,9
HARDEMAN COUNTY,197,19 Years,58,28,30,32,14,18,4,2,2,1,1,0,21,11,10
HARDEMAN COUNTY,197,20 Years,53,25,28,30,15,15,2,1,1,1,1,0,20,8,12
HARDEMAN COUNTY,197,21 Years,42,21,21,25,13,12,2,1,1,1,0,1,14,7,7
HARDEMAN COUNTY,197,22 Years,30,19,11,20,13,7,0,0,0,1,0,1,9,6,3
HARDEMAN COUNTY,197,23 Years,26,13,13,15,8,7,2,1,1,1,0,1,8,4,4
HARDEMAN COUNTY,197,24 Years,35,12,23,20,8,12,2,2,0,2,0,2,11,2,9
HARDEMAN COUNTY,197,25 Years,37,14,23,28,11,17,3,2,1,1,0,1,5,1,4
HARDEMAN COUNTY,197,26 Years,42,23,19,27,14,13,2,1,1,2,2,0,11,6,5
HARDEMAN COUNTY,197,27 Years,42,21,21,26,13,13,2,1,1,3,2,1,11,5,6
HARDEMAN COUNTY,197,28 Years,47,25,22,32,17,15,4,2,2,1,1,0,10,5,5
HARDEMAN COUNTY,197,29 Years,44,25,19,25,14,11,1,0,1,0,0,0,18,11,7
HARDEMAN COUNTY,197,30 Years,43,23,20,24,13,11,2,1,1,0,0,0,17,9,8
HARDEMAN COUNTY,197,31 Years,38,20,18,23,12,11,4,3,1,0,0,0,11,5,6
HARDEMAN COUNTY,197,32 Years,43,17,26,27,12,15,3,2,1,1,0,1,12,3,9
HARDEMAN COUNTY,197,33 Years,36,18,18,21,11,10,3,2,1,0,0,0,12,5,7
HARDEMAN COUNTY,197,34 Years,48,23,25,29,11,18,1,1,0,0,0,0,18,11,7
HARDEMAN COUNTY,197,35 Years,48,22,26,32,14,18,1,0,1,1,0,1,14,8,6
HARDEMAN COUNTY,197,36 Years,42,21,21,26,12,14,2,2,0,1,0,1,13,7,6
HARDEMAN COUNTY,197,37 Years,38,23,15,27,16,11,4,3,1,0,0,0,7,4,3
HARDEMAN COUNTY,197,38 Years,45,24,21,33,16,17,3,3,0,1,0,1,8,5,3
HARDEMAN COUNTY,197,39 Years,38,16,22,27,10,17,2,2,0,2,1,1,7,3,4
HARDEMAN COUNTY,197,40 Years,51,29,22,36,20,16,5,3,2,2,1,1,8,5,3
HARDEMAN COUNTY,197,41 Years,52,23,29,43,19,24,3,1,2,0,0,0,6,3,3
HARDEMAN COUNTY,197,42 Years,50,25,25,41,19,22,0,0,0,0,0,0,9,6,3
HARDEMAN COUNTY,197,43 Years,47,22,25,37,18,19,3,0,3,1,1,0,6,3,3
HARDEMAN COUNTY,197,44 Years,44,20,24,33,16,17,2,0,2,1,1,0,8,3,5
HARDEMAN COUNTY,197,45 Years,39,16,23,32,14,18,1,1,0,1,0,1,5,1,4
HARDEMAN COUNTY,197,46 Years,52,28,24,35,20,15,4,2,2,1,1,0,12,5,7
HARDEMAN COUNTY,197,47 Years,60,31,29,36,18,18,5,2,3,2,1,1,17,10,7
HARDEMAN COUNTY,197,48 Years,57,26,31,41,17,24,3,1,2,0,0,0,13,8,5
HARDEMAN COUNTY,197,49 Years,46,20,26,35,14,21,4,2,2,0,0,0,7,4,3
HARDEMAN COUNTY,197,50 Years,46,23,23,33,15,18,4,2,2,2,1,1,7,5,2
HARDEMAN COUNTY,197,51 Years,55,26,29,40,19,21,4,2,2,1,1,0,10,4,6
HARDEMAN COUNTY,197,52 Years,48,30,18,41,26,15,2,1,1,0,0,0,5,3,2
HARDEMAN COUNTY,197,53 Years,53,28,25,41,20,21,4,2,2,1,1,0,7,5,2
HARDEMAN COUNTY,197,54 Years,71,31,40,52,20,32,6,3,3,3,3,0,10,5,5
HARDEMAN COUNTY,197,55 Years,62,35,27,52,28,24,2,2,0,1,1,0,7,4,3
HARDEMAN COUNTY,197,56 Years,64,41,23,45,27,18,4,3,1,1,1,0,14,10,4
HARDEMAN COUNTY,197,57 Years,74,40,34,55,31,24,3,2,1,0,0,0,16,7,9
HARDEMAN COUNTY,197,58 Years,68,33,35,56,25,31,2,1,1,1,1,0,9,6,3
HARDEMAN COUNTY,197,59 Years,55,26,29,47,22,25,2,1,1,1,1,0,5,2,3
HARDEMAN COUNTY,197,60 Years,56,24,32,46,19,27,1,1,0,1,1,0,8,3,5
HARDEMAN COUNTY,197,61 Years,56,31,25,47,26,21,2,1,1,2,1,1,5,3,2
HARDEMAN COUNTY,197,62 Years,48,32,16,40,27,13,2,1,1,2,1,1,4,3,1
HARDEMAN COUNTY,197,63 Years,54,27,27,44,24,20,3,0,3,2,1,1,5,2,3
HARDEMAN COUNTY,197,64 Years,51,22,29,41,16,25,2,2,0,2,2,0,6,2,4
HARDEMAN COUNTY,197,65 Years,49,20,29,40,16,24,2,1,1,1,1,0,6,2,4
HARDEMAN COUNTY,197,66 Years,59,23,36,44,19,25,4,2,2,2,0,2,9,2,7
HARDEMAN COUNTY,197,67 Years,56,25,31,48,22,26,2,1,1,0,0,0,6,2,4
HARDEMAN COUNTY,197,68 Years,57,25,32,50,21,29,3,1,2,0,0,0,4,3,1
HARDEMAN COUNTY,197,69 Years,49,25,24,43,19,24,1,1,0,0,0,0,5,5,0
HARDEMAN COUNTY,197,70 Years,50,28,22,39,22,17,1,1,0,1,0,1,9,5,4
HARDEMAN COUNTY,197,71 Years,46,22,24,40,20,20,1,1,0,1,0,1,4,1,3
HARDEMAN COUNTY,197,72 Years,42,21,21,37,18,19,1,0,1,0,0,0,4,3,1
HARDEMAN COUNTY,197,73 Years,39,22,17,34,19,15,4,2,2,0,0,0,1,1,0
HARDEMAN COUNTY,197,74 Years,28,16,12,25,15,10,2,1,1,0,0,0,1,0,1
HARDEMAN COUNTY,197,75 Years,39,17,22,34,15,19,1,0,1,0,0,0,4,2,2
HARDEMAN COUNTY,197,76 Years,38,14,24,33,12,21,2,1,1,0,0,0,3,1,2
HARDEMAN COUNTY,197,77 Years,30,16,14,29,16,13,0,0,0,0,0,0,1,0,1
HARDEMAN COUNTY,197,78 Years,26,13,13,25,12,13,0,0,0,0,0,0,1,1,0
HARDEMAN COUNTY,197,79 Years,20,7,13,19,7,12,0,0,0,0,0,0,1,0,1
HARDEMAN COUNTY,197,80 Years,22,8,14,20,8,12,0,0,0,1,0,1,1,0,1
HARDEMAN COUNTY,197,81 Years,23,14,9,20,12,8,2,1,1,0,0,0,1,1,0
HARDEMAN COUNTY,197,82 Years,22,13,9,18,11,7,3,1,2,0,0,0,1,1,0
HARDEMAN COUNTY,197,83 Years,28,11,17,23,9,14,3,1,2,2,1,1,0,0,0
HARDEMAN COUNTY,197,84 Years,19,7,12,16,5,11,2,2,0,0,0,0,1,0,1
HARDEMAN COUNTY,197,85 Years +,109,34,75,100,32,68,4,0,4,1,1,0,4,1,3
HARDIN COUNTY,199,All Ages,55820,27543,28277,48928,24118,24810,3292,1550,1742,1041,526,515,2559,1349,1210
HARDIN COUNTY,199,< 1 Year,675,352,323,577,301,276,49,23,26,19,13,6,30,15,15
HARDIN COUNTY,199,1 Years,681,348,333,590,299,291,43,21,22,13,9,4,35,19,16
HARDIN COUNTY,199,2 Years,735,374,361,613,306,307,42,24,18,26,15,11,54,29,25
HARDIN COUNTY,199,3 Years,750,397,353,631,339,292,55,27,28,20,11,9,44,20,24
HARDIN COUNTY,199,4 Years,743,384,359,612,317,295,53,25,28,26,13,13,52,29,23
HARDIN COUNTY,199,5 Years,767,407,360,630,330,300,54,31,23,28,14,14,55,32,23
HARDIN COUNTY,199,6 Years,746,396,350,619,328,291,52,27,25,27,14,13,48,27,21
HARDIN COUNTY,199,7 Years,800,410,390,665,338,327,47,27,20,26,11,15,62,34,28
HARDIN COUNTY,199,8 Years,774,403,371,649,338,311,49,26,23,21,8,13,55,31,24
HARDIN COUNTY,199,9 Years,773,396,377,651,335,316,50,26,24,20,8,12,52,27,25
HARDIN COUNTY,199,10 Years,799,422,377,678,361,317,50,29,21,15,7,8,56,25,31
HARDIN COUNTY,199,11 Years,843,438,405,711,366,345,50,25,25,21,13,8,61,34,27
HARDIN COUNTY,199,12 Years,873,471,402,729,388,341,65,36,29,18,12,6,61,35,26
HARDIN COUNTY,199,13 Years,855,451,404,726,383,343,52,24,28,20,14,6,57,30,27
HARDIN COUNTY,199,14 Years,846,442,404,722,379,343,49,23,26,16,10,6,59,30,29
HARDIN COUNTY,199,15 Years,836,442,394,702,371,331,58,24,34,16,10,6,60,37,23
HARDIN COUNTY,199,16 Years,819,445,374,699,375,324,53,27,26,15,9,6,52,34,18
HARDIN COUNTY,199,17 Years,793,402,391,680,334,346,55,32,23,13,6,7,45,30,15
HARDIN COUNTY,199,18 Years,781,396,385,662,319,343,55,36,19,14,9,5,50,32,18
HARDIN COUNTY,199,19 Years,796,418,378,664,345,319,61,36,25,16,10,6,55,27,28
HARDIN COUNTY,199,20 Years,712,368,344,600,311,289,50,27,23,14,7,7,48,23,25
HARDIN COUNTY,199,21 Years,652,347,305,543,297,246,40,13,27,18,11,7,51,26,25
HARDIN COUNTY,199,22 Years,658,341,317,543,287,256,53,22,31,16,9,7,46,23,23
HARDIN COUNTY,199,23 Years,605,304,301,508,257,251,45,21,24,13,6,7,39,20,19
HARDIN COUNTY,199,24 Years,636,318,318,558,280,278,37,16,21,10,5,5,31,17,14
HARDIN COUNTY,199,25 Years,631,320,311,554,286,268,37,15,22,9,6,3,31,13,18
HARDIN COUNTY,199,26 Years,660,328,332,568,277,291,46,23,23,10,6,4,36,22,14
HARDIN COUNTY,199,27 Years,615,299,316,530,253,277,42,23,19,13,6,7,30,17,13
HARDIN COUNTY,199,28 Years,600,278,322,523,239,284,37,18,19,8,3,5,32,18,14
HARDIN COUNTY,199,29 Years,645,318,327,566,279,287,32,16,16,5,2,3,42,21,21
HARDIN COUNTY,199,30 Years,660,325,335,578,287,291,40,19,21,8,5,3,34,14,20
HARDIN COUNTY,199,31 Years,686,335,351,594,290,304,36,20,16,13,5,8,43,20,23
HARDIN COUNTY,199,32 Years,726,356,370,627,308,319,39,20,19,16,8,8,44,20,24
HARDIN COUNTY,199,33 Years,709,339,370,620,295,325,42,19,23,12,6,6,35,19,16
HARDIN COUNTY,199,34 Years,709,331,378,614,287,327,44,20,24,10,4,6,41,20,21
HARDIN COUNTY,199,35 Years,675,316,359,593,277,316,35,16,19,9,4,5,38,19,19
HARDIN COUNTY,199,36 Years,655,314,341,583,281,302,32,13,19,12,3,9,28,17,11
HARDIN COUNTY,199,37 Years,637,322,315,565,290,275,32,13,19,9,3,6,31,16,15
HARDIN COUNTY,199,38 Years,621,292,329,550,261,289,27,9,18,11,6,5,33,16,17
HARDIN COUNTY,199,39 Years,683,312,371,594,281,313,43,11,32,13,6,7,33,14,19
HARDIN COUNTY,199,40 Years,699,324,375,611,294,317,44,16,28,19,7,12,25,7,18
HARDIN COUNTY,199,41 Years,766,374,392,688,337,351,35,15,20,14,8,6,29,14,15
HARDIN COUNTY,199,42 Years,803,416,387,721,369,352,38,20,18,11,5,6,33,22,11
HARDIN COUNTY,199,43 Years,704,344,360,613,298,315,36,18,18,17,10,7,38,18,20
HARDIN COUNTY,199,44 Years,710,349,361,632,316,316,31,13,18,12,6,6,35,14,21
HARDIN COUNTY,199,45 Years,738,366,372,654,321,333,37,18,19,18,11,7,29,16,13
HARDIN COUNTY,199,46 Years,745,367,378,651,318,333,45,20,25,16,8,8,33,21,12
HARDIN COUNTY,199,47 Years,783,378,405,673,324,349,58,24,34,15,7,8,37,23,14
HARDIN COUNTY,199,48 Years,785,384,401,684,332,352,54,26,28,16,10,6,31,16,15
HARDIN COUNTY,199,49 Years,819,423,396,733,383,350,45,22,23,16,6,10,25,12,13
HARDIN COUNTY,199,50 Years,831,396,435,741,359,382,39,15,24,19,9,10,32,13,19
HARDIN COUNTY,199,51 Years,866,431,435,775,391,384,47,21,26,16,10,6,28,9,19
HARDIN COUNTY,199,52 Years,856,423,433,761,378,383,54,24,30,15,9,6,26,12,14
HARDIN COUNTY,199,53 Years,844,405,439,763,372,391,48,18,30,14,5,9,19,10,9
HARDIN COUNTY,199,54 Years,835,395,440,753,355,398,46,21,25,13,6,7,23,13,10
HARDIN COUNTY,199,55 Years,829,406,423,747,366,381,47,20,27,13,7,6,22,13,9
HARDIN COUNTY,199,56 Years,836,420,416,761,379,382,39,24,15,15,5,10,21,12,9
HARDIN COUNTY,199,57 Years,800,412,388,712,366,346,52,26,26,13,6,7,23,14,9
HARDIN COUNTY,199,58 Years,768,395,373,685,350,335,49,25,24,10,5,5,24,15,9
HARDIN COUNTY,199,59 Years,714,329,385,642,298,344,45,16,29,10,3,7,17,12,5
HARDIN COUNTY,199,60 Years,656,300,356,593,271,322,39,15,24,7,2,5,17,12,5
HARDIN COUNTY,199,61 Years,697,343,354,619,307,312,41,15,26,11,5,6,26,16,10
HARDIN COUNTY,199,62 Years,665,335,330,597,298,299,38,20,18,9,6,3,21,11,10
HARDIN COUNTY,199,63 Years,638,306,332,590,282,308,28,16,12,8,4,4,12,4,8
HARDIN COUNTY,199,64 Years,653,316,337,605,294,311,29,13,16,10,4,6,9,5,4
HARDIN COUNTY,199,65 Years,631,317,314,577,285,292,35,20,15,6,4,2,13,8,5
HARDIN COUNTY,199,66 Years,494,247,247,452,225,227,24,13,11,7,3,4,11,6,5
HARDIN COUNTY,199,67 Years,516,252,264,471,231,240,25,16,9,8,2,6,12,3,9
HARDIN COUNTY,199,68 Years,498,231,267,452,211,241,33,15,18,4,2,2,9,3,6
HARDIN COUNTY,199,69 Years,504,237,267,463,218,245,26,10,16,6,5,1,9,4,5
HARDIN COUNTY,199,70 Years,483,232,251,443,211,232,26,12,14,7,4,3,7,5,2
HARDIN COUNTY,199,71 Years,427,196,231,391,187,204,20,4,16,8,2,6,8,3,5
HARDIN COUNTY,199,72 Years,386,176,210,356,163,193,19,9,10,3,2,1,8,2,6
HARDIN COUNTY,199,73 Years,350,158,192,324,142,182,19,12,7,1,1,0,6,3,3
HARDIN COUNTY,199,74 Years,332,155,177,305,143,162,16,9,7,3,1,2,8,2,6
HARDIN COUNTY,199,75 Years,320,145,175,294,137,157,18,5,13,1,1,0,7,2,5
HARDIN COUNTY,199,76 Years,301,128,173,279,115,164,15,8,7,1,1,0,6,4,2
HARDIN COUNTY,199,77 Years,281,126,155,268,121,147,10,4,6,3,1,2,0,0,0
HARDIN COUNTY,199,78 Years,262,117,145,246,110,136,7,3,4,1,0,1,8,4,4
HARDIN COUNTY,199,79 Years,256,123,133,238,116,122,10,4,6,3,0,3,5,3,2
HARDIN COUNTY,199,80 Years,231,101,130,220,97,123,8,3,5,1,0,1,2,1,1
HARDIN COUNTY,199,81 Years,206,94,112,196,92,104,9,2,7,1,0,1,0,0,0
HARDIN COUNTY,199,82 Years,207,72,135,193,67,126,8,2,6,4,1,3,2,2,0
HARDIN COUNTY,199,83 Years,193,71,122,173,64,109,13,2,11,5,3,2,2,2,0
HARDIN COUNTY,199,84 Years,184,67,117,169,66,103,10,0,10,3,1,2,2,0,2
HARDIN COUNTY,199,85 Years +,858,304,554,793,284,509,46,13,33,9,1,8,10,6,4
HARRIS COUNTY,201,All Ages,4245204,2115274,2129930,1353279,671962,681317,777936,364756,413180,336853,165874,170979,1777136,912682,864454
HARRIS COUNTY,201,< 1 Year,66652,33902,32750,15813,8086,7727,11983,6075,5908,5343,2736,2607,33513,17005,16508
HARRIS COUNTY,201,1 Years,71220,36161,35059,15764,8046,7718,12608,6397,6211,5135,2525,2610,37713,19193,18520
HARRIS COUNTY,201,2 Years,69608,35399,34209,14814,7595,7219,12054,6109,5945,5066,2534,2532,37674,19161,18513
HARRIS COUNTY,201,3 Years,67971,34584,33387,14202,7257,6945,11661,5881,5780,5158,2654,2504,36950,18792,18158
HARRIS COUNTY,201,4 Years,67839,34601,33238,14130,7267,6863,11685,5900,5785,5135,2699,2436,36889,18735,18154
HARRIS COUNTY,201,5 Years,67454,34380,33074,14071,7225,6846,11868,6086,5782,5079,2579,2500,36436,18490,17946
HARRIS COUNTY,201,6 Years,66061,33588,32473,13966,7159,6807,11739,5898,5841,4950,2508,2442,35406,18023,17383
HARRIS COUNTY,201,7 Years,65493,33332,32161,13998,7088,6910,11640,5855,5785,4877,2482,2395,34978,17907,17071
HARRIS COUNTY,201,8 Years,64985,33043,31942,14146,7185,6961,11563,5871,5692,4853,2451,2402,34423,17536,16887
HARRIS COUNTY,201,9 Years,64245,32770,31475,14317,7347,6970,11362,5817,5545,4854,2463,2391,33712,17143,16569
HARRIS COUNTY,201,10 Years,63262,32551,30711,13990,7211,6779,11527,6006,5521,4690,2388,2302,33055,16946,16109
HARRIS COUNTY,201,11 Years,64122,32873,31249,14251,7347,6904,11806,6035,5771,4738,2469,2269,33327,17022,16305
HARRIS COUNTY,201,12 Years,64687,33069,31618,14795,7557,7238,12091,6228,5863,4617,2377,2240,33184,16907,16277
HARRIS COUNTY,201,13 Years,62734,32067,30667,14636,7460,7176,11997,6267,5730,4280,2182,2098,31821,16158,15663
HARRIS COUNTY,201,14 Years,62033,31769,30264,14603,7529,7074,12020,6143,5877,4299,2196,2103,31111,15901,15210
HARRIS COUNTY,201,15 Years,61353,31324,30029,14903,7631,7272,11885,5988,5897,4361,2211,2150,30204,15494,14710
HARRIS COUNTY,201,16 Years,60770,31135,29635,14984,7713,7271,11837,6043,5794,4286,2192,2094,29663,15187,14476
HARRIS COUNTY,201,17 Years,61069,31267,29802,15134,7736,7398,12168,6214,5954,4201,2147,2054,29566,15170,14396
HARRIS COUNTY,201,18 Years,61656,31635,30021,15341,7841,7500,12557,6402,6155,4203,2150,2053,29555,15242,14313
HARRIS COUNTY,201,19 Years,61569,31851,29718,15172,7898,7274,12757,6506,6251,4181,2138,2043,29459,15309,14150
HARRIS COUNTY,201,20 Years,58609,30630,27979,13601,7185,6416,12185,6223,5962,3934,2064,1870,28889,15158,13731
HARRIS COUNTY,201,21 Years,56874,29648,27226,12146,6415,5731,12003,5902,6101,3832,1988,1844,28893,15343,13550
HARRIS COUNTY,201,22 Years,57037,29632,27405,11947,6236,5711,12161,5853,6308,4028,2071,1957,28901,15472,13429
HARRIS COUNTY,201,23 Years,57445,29476,27969,12296,6174,6122,11927,5584,6343,4465,2281,2184,28757,15437,13320
HARRIS COUNTY,201,24 Years,60424,30946,29478,14248,7060,7188,11699,5389,6310,4901,2485,2416,29576,16012,13564
HARRIS COUNTY,201,25 Years,64203,32722,31481,16742,8144,8598,11822,5453,6369,5095,2520,2575,30544,16605,13939
HARRIS COUNTY,201,26 Years,67875,34803,33072,18851,9333,9518,12254,5713,6541,5536,2731,2805,31234,17026,14208
HARRIS COUNTY,201,27 Years,69592,35550,34042,19818,9921,9897,12160,5606,6554,5816,2871,2945,31798,17152,14646
HARRIS COUNTY,201,28 Years,69539,35349,34190,19811,10006,9805,11975,5466,6509,6180,3008,3172,31573,16869,14704
HARRIS COUNTY,201,29 Years,70783,36119,34664,20094,10161,9933,12122,5588,6534,6421,3071,3350,32146,17299,14847
HARRIS COUNTY,201,30 Years,70983,36060,34923,20044,10163,9881,12311,5622,6689,6359,3057,3302,32269,17218,15051
HARRIS COUNTY,201,31 Years,71095,35857,35238,19927,10149,9778,12501,5678,6823,6192,2971,3221,32475,17059,15416
HARRIS COUNTY,201,32 Years,71533,36202,35331,19959,10202,9757,12762,5757,7005,6166,3011,3155,32646,17232,15414
HARRIS COUNTY,201,33 Years,67185,33856,33329,18457,9516,8941,12156,5495,6661,5934,2877,3057,30638,15968,14670
HARRIS COUNTY,201,34 Years,65121,32767,32354,17511,8973,8538,11464,5165,6299,5679,2789,2890,30467,15840,14627
HARRIS COUNTY,201,35 Years,63408,32093,31315,17085,8735,8350,11035,5023,6012,5372,2632,2740,29916,15703,14213
HARRIS COUNTY,201,36 Years,62661,31570,31091,16667,8505,8162,10733,4837,5896,5557,2718,2839,29704,15510,14194
HARRIS COUNTY,201,37 Years,62806,31525,31281,16822,8575,8247,10676,4912,5764,5574,2775,2799,29734,15263,14471
HARRIS COUNTY,201,38 Years,60978,30584,30394,16450,8366,8084,10709,4916,5793,5527,2710,2817,28292,14592,13700
HARRIS COUNTY,201,39 Years,60813,30291,30522,16480,8466,8014,11083,4987,6096,5641,2751,2890,27609,14087,13522
HARRIS COUNTY,201,40 Years,61452,30642,30810,17828,9117,8711,11170,5087,6083,5543,2682,2861,26911,13756,13155
HARRIS COUNTY,201,41 Years,62406,31195,31211,19166,9669,9497,11382,5313,6069,5606,2679,2927,26252,13534,12718
HARRIS COUNTY,201,42 Years,61613,30860,30753,19526,9947,9579,10955,5084,5871,5464,2621,2843,25668,13208,12460
HARRIS COUNTY,201,43 Years,57712,29050,28662,18490,9464,9026,10087,4642,5445,5190,2550,2640,23945,12394,11551
HARRIS COUNTY,201,44 Years,55791,28051,27740,17982,9137,8845,9867,4595,5272,4864,2400,2464,23078,11919,11159
HARRIS COUNTY,201,45 Years,54664,27212,27452,17981,9009,8972,10015,4586,5429,4460,2166,2294,22208,11451,10757
HARRIS COUNTY,201,46 Years,54269,27005,27264,17999,9019,8980,10135,4621,5514,4439,2170,2269,21696,11195,10501
HARRIS COUNTY,201,47 Years,55808,27691,28117,19484,9690,9794,10563,4760,5803,4371,2135,2236,21390,11106,10284
HARRIS COUNTY,201,48 Years,55785,27637,28148,20417,10198,10219,10404,4715,5689,4530,2225,2305,20434,10499,9935
HARRIS COUNTY,201,49 Years,55605,27396,28209,21071,10437,10634,10280,4648,5632,4538,2235,2303,19716,10076,9640
HARRIS COUNTY,201,50 Years,55005,27165,27840,21785,10771,11014,10295,4663,5632,4218,2062,2156,18707,9669,9038
HARRIS COUNTY,201,51 Years,55495,27223,28272,22482,11116,11366,10644,4803,5841,4175,1993,2182,18194,9311,8883
HARRIS COUNTY,201,52 Years,56453,27808,28645,23473,11665,11808,10749,4890,5859,4230,2034,2196,18001,9219,8782
HARRIS COUNTY,201,53 Years,54852,26877,27975,23677,11830,11847,10590,4749,5841,4136,1968,2168,16449,8330,8119
HARRIS COUNTY,201,54 Years,54399,26711,27688,24279,12202,12077,10411,4728,5683,4073,1922,2151,15636,7859,7777
HARRIS COUNTY,201,55 Years,52474,25805,26669,23746,11973,11773,10064,4586,5478,3946,1873,2073,14718,7373,7345
HARRIS COUNTY,201,56 Years,51041,24954,26087,23352,11586,11766,9699,4438,5261,4022,1917,2105,13968,7013,6955
HARRIS COUNTY,201,57 Years,49866,24537,25329,23172,11695,11477,9468,4325,5143,3980,1898,2082,13246,6619,6627
HARRIS COUNTY,201,58 Years,47228,23140,24088,22462,11268,11194,8821,3976,4845,3777,1828,1949,12168,6068,6100
HARRIS COUNTY,201,59 Years,45231,21956,23275,21869,10939,10930,8456,3803,4653,3674,1743,1931,11232,5471,5761
HARRIS COUNTY,201,60 Years,42563,20529,22034,20933,10462,10471,8051,3550,4501,3436,1609,1827,10143,4908,5235
HARRIS COUNTY,201,61 Years,40140,19257,20883,19411,9562,9849,7703,3401,4302,3337,1534,1803,9689,4760,4929
HARRIS COUNTY,201,62 Years,38617,18467,20150,18893,9286,9607,7312,3181,4131,3344,1548,1796,9068,4452,4616
HARRIS COUNTY,201,63 Years,36392,17454,18938,18236,9013,9223,6824,2992,3832,3200,1503,1697,8132,3946,4186
HARRIS COUNTY,201,64 Years,35511,17086,18425,18490,9086,9404,6274,2796,3478,3020,1456,1564,7727,3748,3979
HARRIS COUNTY,201,65 Years,34165,16345,17820,18578,9141,9437,5748,2514,3234,2738,1291,1447,7101,3399,3702
HARRIS COUNTY,201,66 Years,28175,13444,14731,14584,7188,7396,4845,2088,2757,2377,1148,1229,6369,3020,3349
HARRIS COUNTY,201,67 Years,26107,12390,13717,13443,6539,6904,4580,1976,2604,2276,1114,1162,5808,2761,3047
HARRIS COUNTY,201,68 Years,24812,11598,13214,13262,6359,6903,4235,1797,2438,2007,989,1018,5308,2453,2855
HARRIS COUNTY,201,69 Years,23683,11077,12606,12835,6183,6652,4068,1722,2346,1954,977,977,4826,2195,2631
HARRIS COUNTY,201,70 Years,20978,9802,11176,11289,5444,5845,3628,1523,2105,1812,917,895,4249,1918,2331
HARRIS COUNTY,201,71 Years,18977,8761,10216,9988,4733,5255,3399,1412,1987,1627,826,801,3963,1790,2173
HARRIS COUNTY,201,72 Years,17406,7996,9410,9094,4265,4829,3136,1307,1829,1494,726,768,3682,1698,1984
HARRIS COUNTY,201,73 Years,15888,7263,8625,8472,3949,4523,2787,1164,1623,1328,638,690,3301,1512,1789
HARRIS COUNTY,201,74 Years,15149,6676,8473,8038,3591,4447,2651,1056,1595,1269,618,651,3191,1411,1780
HARRIS COUNTY,201,75 Years,13780,6055,7725,7196,3261,3935,2448,947,1501,1188,577,611,2948,1270,1678
HARRIS COUNTY,201,76 Years,13073,5586,7487,6991,3102,3889,2347,876,1471,1041,492,549,2694,1116,1578
HARRIS COUNTY,201,77 Years,12566,5380,7186,6866,2969,3897,2267,853,1414,898,467,431,2535,1091,1444
HARRIS COUNTY,201,78 Years,11420,4840,6580,6253,2700,3553,2005,774,1231,850,400,450,2312,966,1346
HARRIS COUNTY,201,79 Years,10569,4399,6170,5933,2533,3400,1874,715,1159,757,342,415,2005,809,1196
HARRIS COUNTY,201,80 Years,10017,4071,5946,5805,2385,3420,1656,615,1041,673,307,366,1883,764,1119
HARRIS COUNTY,201,81 Years,9513,3864,5649,5638,2360,3278,1471,533,938,645,277,368,1759,694,1065
HARRIS COUNTY,201,82 Years,9077,3541,5536,5415,2176,3239,1461,494,967,617,266,351,1584,605,979
HARRIS COUNTY,201,83 Years,8155,3099,5056,4966,1956,3010,1274,408,866,506,220,286,1409,515,894
HARRIS COUNTY,201,84 Years,7396,2839,4557,4556,1787,2769,1130,364,766,435,199,236,1275,489,786
HARRIS COUNTY,201,85 Years +,40179,13559,26620,25887,8737,17150,6161,1796,4365,2273,870,1403,5858,2156,3702
HARRISON COUNTY,203,All Ages,67378,33168,34210,43357,21364,21993,14478,6746,7732,1589,798,791,7954,4260,3694
HARRISON COUNTY,203,< 1 Year,853,457,396,471,260,211,164,84,80,56,29,27,162,84,78
HARRISON COUNTY,203,1 Years,904,466,438,476,250,226,180,90,90,47,23,24,201,103,98
HARRISON COUNTY,203,2 Years,939,484,455,483,249,234,197,102,95,33,22,11,226,111,115
HARRISON COUNTY,203,3 Years,896,476,420,472,256,216,181,87,94,44,27,17,199,106,93
HARRISON COUNTY,203,4 Years,916,490,426,476,261,215,202,109,93,32,14,18,206,106,100
HARRISON COUNTY,203,5 Years,1004,504,500,534,255,279,203,108,95,43,22,21,224,119,105
HARRISON COUNTY,203,6 Years,1009,509,500,555,282,273,199,99,100,45,24,21,210,104,106
HARRISON COUNTY,203,7 Years,973,524,449,542,287,255,195,104,91,39,25,14,197,108,89
HARRISON COUNTY,203,8 Years,985,497,488,550,281,269,198,96,102,40,21,19,197,99,98
HARRISON COUNTY,203,9 Years,961,462,499,527,251,276,196,94,102,39,22,17,199,95,104
HARRISON COUNTY,203,10 Years,961,479,482,541,259,282,199,105,94,37,17,20,184,98,86
HARRISON COUNTY,203,11 Years,967,496,471,567,288,279,185,96,89,30,15,15,185,97,88
HARRISON COUNTY,203,12 Years,997,531,466,584,315,269,203,106,97,32,17,15,178,93,85
HARRISON COUNTY,203,13 Years,963,469,494,555,276,279,221,109,112,24,13,11,163,71,92
HARRISON COUNTY,203,14 Years,974,504,470,569,295,274,208,114,94,28,15,13,169,80,89
HARRISON COUNTY,203,15 Years,966,507,459,576,304,272,201,113,88,26,11,15,163,79,84
HARRISON COUNTY,203,16 Years,934,492,442,561,301,260,188,97,91,30,15,15,155,79,76
HARRISON COUNTY,203,17 Years,945,492,453,553,295,258,213,92,121,22,15,7,157,90,67
HARRISON COUNTY,203,18 Years,983,526,457,584,307,277,225,117,108,26,15,11,148,87,61
HARRISON COUNTY,203,19 Years,952,514,438,568,314,254,217,114,103,23,13,10,144,73,71
HARRISON COUNTY,203,20 Years,927,493,434,501,272,229,262,128,134,20,11,9,144,82,62
HARRISON COUNTY,203,21 Years,881,458,423,432,224,208,282,138,144,17,10,7,150,86,64
HARRISON COUNTY,203,22 Years,910,448,462,447,226,221,297,133,164,14,7,7,152,82,70
HARRISON COUNTY,203,23 Years,890,445,445,467,247,220,272,122,150,17,6,11,134,70,64
HARRISON COUNTY,203,24 Years,875,423,452,486,242,244,227,90,137,19,9,10,143,82,61
HARRISON COUNTY,203,25 Years,799,397,402,441,213,228,205,98,107,14,7,7,139,79,60
HARRISON COUNTY,203,26 Years,814,409,405,463,234,229,190,93,97,19,10,9,142,72,70
HARRISON COUNTY,203,27 Years,832,408,424,505,245,260,176,83,93,16,6,10,135,74,61
HARRISON COUNTY,203,28 Years,778,382,396,462,218,244,173,80,93,15,6,9,128,78,50
HARRISON COUNTY,203,29 Years,784,389,395,481,232,249,163,75,88,12,7,5,128,75,53
HARRISON COUNTY,203,30 Years,794,408,386,480,243,237,158,74,84,14,8,6,142,83,59
HARRISON COUNTY,203,31 Years,857,427,430,543,271,272,169,75,94,17,9,8,128,72,56
HARRISON COUNTY,203,32 Years,847,399,448,528,249,279,168,66,102,14,4,10,137,80,57
HARRISON COUNTY,203,33 Years,766,374,392,467,218,249,149,65,84,23,12,11,127,79,48
HARRISON COUNTY,203,34 Years,811,387,424,520,240,280,147,66,81,15,7,8,129,74,55
HARRISON COUNTY,203,35 Years,796,380,416,489,234,255,162,71,91,13,6,7,132,69,63
HARRISON COUNTY,203,36 Years,764,386,378,467,246,221,165,74,91,13,5,8,119,61,58
HARRISON COUNTY,203,37 Years,777,411,366,482,260,222,160,76,84,13,5,8,122,70,52
HARRISON COUNTY,203,38 Years,733,377,356,460,229,231,140,73,67,17,5,12,116,70,46
HARRISON COUNTY,203,39 Years,787,379,408,511,243,268,147,71,76,24,12,12,105,53,52
HARRISON COUNTY,203,40 Years,841,424,417,540,266,274,159,81,78,28,11,17,114,66,48
HARRISON COUNTY,203,41 Years,887,429,458,582,289,293,179,74,105,22,9,13,104,57,47
HARRISON COUNTY,203,42 Years,908,449,459,609,304,305,176,80,96,19,8,11,104,57,47
HARRISON COUNTY,203,43 Years,812,392,420,542,270,272,163,66,97,18,9,9,89,47,42
HARRISON COUNTY,203,44 Years,748,365,383,510,255,255,151,61,90,17,10,7,70,39,31
HARRISON COUNTY,203,45 Years,753,362,391,511,247,264,150,68,82,12,4,8,80,43,37
HARRISON COUNTY,203,46 Years,769,357,412,521,241,280,167,73,94,8,2,6,73,41,32
HARRISON COUNTY,203,47 Years,917,426,491,635,296,339,197,82,115,8,3,5,77,45,32
HARRISON COUNTY,203,48 Years,933,420,513,646,291,355,199,83,116,14,4,10,74,42,32
HARRISON COUNTY,203,49 Years,998,476,522,691,332,359,221,100,121,16,8,8,70,36,34
HARRISON COUNTY,203,50 Years,972,492,480,688,353,335,202,92,110,19,12,7,63,35,28
HARRISON COUNTY,203,51 Years,985,508,477,700,366,334,217,105,112,14,6,8,54,31,23
HARRISON COUNTY,203,52 Years,965,481,484,683,345,338,216,95,121,12,8,4,54,33,21
HARRISON COUNTY,203,53 Years,973,491,482,713,356,357,198,98,100,13,6,7,49,31,18
HARRISON COUNTY,203,54 Years,1030,526,504,722,359,363,221,118,103,21,10,11,66,39,27
HARRISON COUNTY,203,55 Years,1004,512,492,725,368,357,208,106,102,26,11,15,45,27,18
HARRISON COUNTY,203,56 Years,953,468,485,677,333,344,211,100,111,22,14,8,43,21,22
HARRISON COUNTY,203,57 Years,947,466,481,680,329,351,204,100,104,23,11,12,40,26,14
HARRISON COUNTY,203,58 Years,898,421,477,655,302,353,188,91,97,20,11,9,35,17,18
HARRISON COUNTY,203,59 Years,869,399,470,626,282,344,194,92,102,15,6,9,34,19,15
HARRISON COUNTY,203,60 Years,834,394,440,597,287,310,190,85,105,21,8,13,26,14,12
HARRISON COUNTY,203,61 Years,800,375,425,575,267,308,187,92,95,15,7,8,23,9,14
HARRISON COUNTY,203,62 Years,818,400,418,593,287,306,188,97,91,14,9,5,23,7,16
HARRISON COUNTY,203,63 Years,818,382,436,606,292,314,173,76,97,19,7,12,20,7,13
HARRISON COUNTY,203,64 Years,837,417,420,627,324,303,173,76,97,16,9,7,21,8,13
HARRISON COUNTY,203,65 Years,815,399,416,619,307,312,151,69,82,21,12,9,24,11,13
HARRISON COUNTY,203,66 Years,688,345,343,520,268,252,135,59,76,13,8,5,20,10,10
HARRISON COUNTY,203,67 Years,629,302,327,468,227,241,136,61,75,9,5,4,16,9,7
HARRISON COUNTY,203,68 Years,579,287,292,435,219,216,122,56,66,8,4,4,14,8,6
HARRISON COUNTY,203,69 Years,589,303,286,444,234,210,123,56,67,8,5,3,14,8,6
HARRISON COUNTY,203,70 Years,539,260,279,411,204,207,110,48,62,10,4,6,8,4,4
HARRISON COUNTY,203,71 Years,472,225,247,365,172,193,95,45,50,4,2,2,8,6,2
HARRISON COUNTY,203,72 Years,463,226,237,361,173,188,90,45,45,6,4,2,6,4,2
HARRISON COUNTY,203,73 Years,431,198,233,337,162,175,80,28,52,7,2,5,7,6,1
HARRISON COUNTY,203,74 Years,404,180,224,324,148,176,68,26,42,5,3,2,7,3,4
HARRISON COUNTY,203,75 Years,382,164,218,293,128,165,74,30,44,6,3,3,9,3,6
HARRISON COUNTY,203,76 Years,373,152,221,292,124,168,69,23,46,3,1,2,9,4,5
HARRISON COUNTY,203,77 Years,343,150,193,263,121,142,70,26,44,4,1,3,6,2,4
HARRISON COUNTY,203,78 Years,315,124,191,252,103,149,59,20,39,2,1,1,2,0,2
HARRISON COUNTY,203,79 Years,305,123,182,245,107,138,54,14,40,2,2,0,4,0,4
HARRISON COUNTY,203,80 Years,278,113,165,218,92,126,52,17,35,5,3,2,3,1,2
HARRISON COUNTY,203,81 Years,272,107,165,209,91,118,58,14,44,2,1,1,3,1,2
HARRISON COUNTY,203,82 Years,247,98,149,191,80,111,51,16,35,2,0,2,3,2,1
HARRISON COUNTY,203,83 Years,218,88,130,175,71,104,38,14,24,4,2,2,1,1,0
HARRISON COUNTY,203,84 Years,206,82,124,154,64,90,46,17,29,2,1,1,4,0,4
HARRISON COUNTY,203,85 Years +,1057,351,706,751,256,495,278,84,194,12,4,8,16,7,9
HARTLEY COUNTY,205,All Ages,6166,3776,2390,4150,2277,1873,415,411,4,96,48,48,1505,1040,465
HARTLEY COUNTY,205,< 1 Year,58,30,28,41,21,20,0,0,0,1,1,0,16,8,8
HARTLEY COUNTY,205,1 Years,53,28,25,34,18,16,0,0,0,2,2,0,17,8,9
HARTLEY COUNTY,205,2 Years,58,34,24,35,20,15,1,0,1,2,2,0,20,12,8
HARTLEY COUNTY,205,3 Years,65,37,28,40,23,17,0,0,0,1,1,0,24,13,11
HARTLEY COUNTY,205,4 Years,70,39,31,50,27,23,0,0,0,1,0,1,19,12,7
HARTLEY COUNTY,205,5 Years,77,39,38,54,28,26,0,0,0,1,0,1,22,11,11
HARTLEY COUNTY,205,6 Years,78,37,41,54,26,28,1,1,0,0,0,0,23,10,13
HARTLEY COUNTY,205,7 Years,82,42,40,50,28,22,1,1,0,1,0,1,30,13,17
HARTLEY COUNTY,205,8 Years,80,40,40,51,27,24,0,0,0,1,0,1,28,13,15
HARTLEY COUNTY,205,9 Years,80,46,34,50,30,20,0,0,0,1,1,0,29,15,14
HARTLEY COUNTY,205,10 Years,83,40,43,54,30,24,0,0,0,3,1,2,26,9,17
HARTLEY COUNTY,205,11 Years,74,40,34,49,31,18,0,0,0,1,0,1,24,9,15
HARTLEY COUNTY,205,12 Years,79,38,41,59,29,30,0,0,0,2,2,0,18,7,11
HARTLEY COUNTY,205,13 Years,90,41,49,63,27,36,1,0,1,3,1,2,23,13,10
HARTLEY COUNTY,205,14 Years,77,41,36,52,26,26,1,1,0,2,2,0,22,12,10
HARTLEY COUNTY,205,15 Years,73,41,32,52,27,25,1,1,0,2,2,0,18,11,7
HARTLEY COUNTY,205,16 Years,83,42,41,57,29,28,1,1,0,2,1,1,23,11,12
HARTLEY COUNTY,205,17 Years,67,30,37,47,21,26,1,1,0,2,1,1,17,7,10
HARTLEY COUNTY,205,18 Years,83,36,47,60,26,34,1,1,0,2,1,1,20,8,12
HARTLEY COUNTY,205,19 Years,75,38,37,55,25,30,0,0,0,1,1,0,19,12,7
HARTLEY COUNTY,205,20 Years,56,34,22,37,21,16,0,0,0,3,2,1,16,11,5
HARTLEY COUNTY,205,21 Years,36,23,13,20,12,8,0,0,0,2,2,0,14,9,5
HARTLEY COUNTY,205,22 Years,34,21,13,16,11,5,0,0,0,3,1,2,15,9,6
HARTLEY COUNTY,205,23 Years,29,15,14,18,10,8,0,0,0,2,0,2,9,5,4
HARTLEY COUNTY,205,24 Years,32,18,14,18,11,7,1,1,0,1,0,1,12,6,6
HARTLEY COUNTY,205,25 Years,41,25,16,23,16,7,1,1,0,1,0,1,16,8,8
HARTLEY COUNTY,205,26 Years,58,42,16,26,16,10,7,7,0,2,1,1,23,18,5
HARTLEY COUNTY,205,27 Years,102,77,25,40,23,17,17,17,0,2,1,1,43,36,7
HARTLEY COUNTY,205,28 Years,106,78,28,60,40,20,10,10,0,1,0,1,35,28,7
HARTLEY COUNTY,205,29 Years,108,90,18,53,39,14,21,21,0,2,0,2,32,30,2
HARTLEY COUNTY,205,30 Years,93,77,16,46,34,12,18,18,0,1,0,1,28,25,3
HARTLEY COUNTY,205,31 Years,95,66,29,43,25,18,19,19,0,1,1,0,32,21,11
HARTLEY COUNTY,205,32 Years,93,64,29,42,22,20,16,16,0,4,4,0,31,22,9
HARTLEY COUNTY,205,33 Years,91,63,28,44,24,20,14,14,0,2,1,1,31,24,7
HARTLEY COUNTY,205,34 Years,108,71,37,62,32,30,15,14,1,0,0,0,31,25,6
HARTLEY COUNTY,205,35 Years,114,82,32,55,32,23,14,14,0,1,0,1,44,36,8
HARTLEY COUNTY,205,36 Years,106,75,31,52,31,21,15,15,0,3,1,2,36,28,8
HARTLEY COUNTY,205,37 Years,104,79,25,65,47,18,8,8,0,1,0,1,30,24,6
HARTLEY COUNTY,205,38 Years,106,71,35,64,40,24,6,6,0,1,1,0,35,24,11
HARTLEY COUNTY,205,39 Years,117,76,41,66,36,30,11,11,0,1,1,0,39,28,11
HARTLEY COUNTY,205,40 Years,128,86,42,76,43,33,16,16,0,0,0,0,36,27,9
HARTLEY COUNTY,205,41 Years,126,89,37,67,37,30,20,20,0,1,0,1,38,32,6
HARTLEY COUNTY,205,42 Years,118,86,32,64,39,25,18,18,0,1,1,0,35,28,7
HARTLEY COUNTY,205,43 Years,116,88,28,67,47,20,13,13,0,1,1,0,35,27,8
HARTLEY COUNTY,205,44 Years,114,85,29,68,46,22,7,7,0,1,1,0,38,31,7
HARTLEY COUNTY,205,45 Years,98,70,28,66,41,25,11,11,0,1,1,0,20,17,3
HARTLEY COUNTY,205,46 Years,92,64,28,49,24,25,21,21,0,3,1,2,19,18,1
HARTLEY COUNTY,205,47 Years,120,92,28,60,40,20,12,12,0,2,0,2,46,40,6
HARTLEY COUNTY,205,48 Years,121,93,28,74,50,24,12,12,0,1,0,1,34,31,3
HARTLEY COUNTY,205,49 Years,89,60,29,59,36,23,10,10,0,1,0,1,19,14,5
HARTLEY COUNTY,205,50 Years,98,63,35,75,45,30,7,7,0,1,0,1,15,11,4
HARTLEY COUNTY,205,51 Years,119,82,37,92,58,34,10,10,0,0,0,0,17,14,3
HARTLEY COUNTY,205,52 Years,95,67,28,70,45,25,7,7,0,0,0,0,18,15,3
HARTLEY COUNTY,205,53 Years,86,56,30,62,35,27,13,13,0,0,0,0,11,8,3
HARTLEY COUNTY,205,54 Years,90,60,30,66,41,25,5,5,0,0,0,0,19,14,5
HARTLEY COUNTY,205,55 Years,72,45,27,58,33,25,4,4,0,1,1,0,9,7,2
HARTLEY COUNTY,205,56 Years,75,48,27,70,43,27,1,1,0,1,1,0,3,3,0
HARTLEY COUNTY,205,57 Years,69,44,25,58,33,25,4,4,0,0,0,0,7,7,0
HARTLEY COUNTY,205,58 Years,71,38,33,53,22,31,3,3,0,1,0,1,14,13,1
HARTLEY COUNTY,205,59 Years,58,31,27,44,21,23,5,5,0,1,0,1,8,5,3
HARTLEY COUNTY,205,60 Years,62,34,28,53,29,24,3,2,1,2,1,1,4,2,2
HARTLEY COUNTY,205,61 Years,63,37,26,49,25,24,4,4,0,1,0,1,9,8,1
HARTLEY COUNTY,205,62 Years,58,33,25,52,28,24,1,1,0,0,0,0,5,4,1
HARTLEY COUNTY,205,63 Years,50,28,22,44,24,20,1,1,0,1,0,1,4,3,1
HARTLEY COUNTY,205,64 Years,57,28,29,51,25,26,0,0,0,1,1,0,5,2,3
HARTLEY COUNTY,205,65 Years,57,26,31,51,24,27,0,0,0,1,1,0,5,1,4
HARTLEY COUNTY,205,66 Years,41,19,22,35,14,21,0,0,0,0,0,0,6,5,1
HARTLEY COUNTY,205,67 Years,40,22,18,36,19,17,1,1,0,0,0,0,3,2,1
HARTLEY COUNTY,205,68 Years,39,17,22,36,16,20,0,0,0,1,0,1,2,1,1
HARTLEY COUNTY,205,69 Years,38,14,24,34,12,22,1,1,0,1,0,1,2,1,1
HARTLEY COUNTY,205,70 Years,51,27,24,47,23,24,1,1,0,1,1,0,2,2,0
HARTLEY COUNTY,205,71 Years,54,22,32,50,20,30,0,0,0,1,1,0,3,1,2
HARTLEY COUNTY,205,72 Years,46,24,22,43,22,21,1,1,0,0,0,0,2,1,1
HARTLEY COUNTY,205,73 Years,30,15,15,27,13,14,0,0,0,0,0,0,3,2,1
HARTLEY COUNTY,205,74 Years,33,18,15,32,17,15,0,0,0,0,0,0,1,1,0
HARTLEY COUNTY,205,75 Years,32,13,19,29,12,17,0,0,0,0,0,0,3,1,2
HARTLEY COUNTY,205,76 Years,31,13,18,29,12,17,0,0,0,0,0,0,2,1,1
HARTLEY COUNTY,205,77 Years,28,13,15,27,12,15,1,1,0,0,0,0,0,0,0
HARTLEY COUNTY,205,78 Years,29,14,15,28,13,15,0,0,0,0,0,0,1,1,0
HARTLEY COUNTY,205,79 Years,21,8,13,20,8,12,0,0,0,0,0,0,1,0,1
HARTLEY COUNTY,205,80 Years,27,14,13,24,12,12,0,0,0,0,0,0,3,2,1
HARTLEY COUNTY,205,81 Years,22,14,8,21,13,8,0,0,0,0,0,0,1,1,0
HARTLEY COUNTY,205,82 Years,25,9,16,23,9,14,0,0,0,2,0,2,0,0,0
HARTLEY COUNTY,205,83 Years,17,6,11,16,6,10,0,0,0,1,0,1,0,0,0
HARTLEY COUNTY,205,84 Years,21,10,11,20,9,11,0,0,0,1,1,0,0,0,0
HARTLEY COUNTY,205,85 Years +,125,45,80,118,40,78,0,0,0,0,0,0,7,5,2
HASKELL COUNTY,207,All Ages,5933,3124,2809,4120,2128,1992,200,130,70,137,84,53,1476,782,694
HASKELL COUNTY,207,< 1 Year,49,25,24,27,16,11,3,1,2,1,1,0,18,7,11
HASKELL COUNTY,207,1 Years,59,33,26,32,17,15,1,1,0,2,1,1,24,14,10
HASKELL COUNTY,207,2 Years,66,30,36,33,14,19,2,0,2,1,0,1,30,16,14
HASKELL COUNTY,207,3 Years,66,32,34,30,12,18,2,1,1,3,2,1,31,17,14
HASKELL COUNTY,207,4 Years,66,34,32,34,18,16,2,2,0,4,3,1,26,11,15
HASKELL COUNTY,207,5 Years,61,29,32,32,16,16,0,0,0,3,2,1,26,11,15
HASKELL COUNTY,207,6 Years,57,34,23,26,14,12,1,1,0,5,5,0,25,14,11
HASKELL COUNTY,207,7 Years,68,36,32,40,22,18,2,1,1,1,1,0,25,12,13
HASKELL COUNTY,207,8 Years,67,35,32,37,22,15,2,1,1,2,0,2,26,12,14
HASKELL COUNTY,207,9 Years,80,37,43,51,28,23,1,1,0,4,0,4,24,8,16
HASKELL COUNTY,207,10 Years,79,40,39,42,20,22,6,4,2,2,1,1,29,15,14
HASKELL COUNTY,207,11 Years,63,35,28,29,17,12,3,1,2,2,2,0,29,15,14
HASKELL COUNTY,207,12 Years,77,42,35,48,27,21,5,1,4,4,4,0,20,10,10
HASKELL COUNTY,207,13 Years,76,41,35,43,24,19,2,1,1,1,1,0,30,15,15
HASKELL COUNTY,207,14 Years,57,35,22,33,20,13,0,0,0,1,1,0,23,14,9
HASKELL COUNTY,207,15 Years,63,37,26,37,22,15,2,1,1,2,1,1,22,13,9
HASKELL COUNTY,207,16 Years,71,40,31,44,28,16,3,1,2,2,2,0,22,9,13
HASKELL COUNTY,207,17 Years,74,37,37,43,23,20,4,1,3,4,3,1,23,10,13
HASKELL COUNTY,207,18 Years,73,36,37,45,23,22,1,1,0,5,3,2,22,9,13
HASKELL COUNTY,207,19 Years,78,36,42,54,29,25,0,0,0,4,0,4,20,7,13
HASKELL COUNTY,207,20 Years,70,35,35,42,23,19,1,0,1,2,1,1,25,11,14
HASKELL COUNTY,207,21 Years,65,37,28,36,20,16,2,2,0,1,1,0,26,14,12
HASKELL COUNTY,207,22 Years,63,39,24,37,21,16,3,3,0,0,0,0,23,15,8
HASKELL COUNTY,207,23 Years,59,39,20,36,25,11,5,4,1,1,1,0,17,9,8
HASKELL COUNTY,207,24 Years,60,40,20,32,22,10,2,2,0,3,1,2,23,15,8
HASKELL COUNTY,207,25 Years,58,40,18,30,20,10,4,2,2,3,2,1,21,16,5
HASKELL COUNTY,207,26 Years,58,38,20,36,23,13,2,2,0,1,0,1,19,13,6
HASKELL COUNTY,207,27 Years,56,31,25,36,18,18,2,2,0,1,1,0,17,10,7
HASKELL COUNTY,207,28 Years,65,33,32,43,20,23,2,2,0,1,1,0,19,10,9
HASKELL COUNTY,207,29 Years,63,40,23,37,21,16,4,4,0,2,2,0,20,13,7
HASKELL COUNTY,207,30 Years,68,43,25,36,19,17,4,4,0,1,1,0,27,19,8
HASKELL COUNTY,207,31 Years,66,43,23,43,25,18,4,3,1,2,2,0,17,13,4
HASKELL COUNTY,207,32 Years,73,43,30,53,31,22,3,2,1,1,1,0,16,9,7
HASKELL COUNTY,207,33 Years,76,46,30,55,32,23,3,3,0,2,1,1,16,10,6
HASKELL COUNTY,207,34 Years,65,38,27,44,23,21,4,3,1,2,1,1,15,11,4
HASKELL COUNTY,207,35 Years,68,42,26,43,28,15,5,4,1,2,2,0,18,8,10
HASKELL COUNTY,207,36 Years,73,42,31,47,26,21,3,3,0,2,1,1,21,12,9
HASKELL COUNTY,207,37 Years,71,39,32,47,26,21,4,3,1,1,0,1,19,10,9
HASKELL COUNTY,207,38 Years,66,40,26,44,26,18,6,5,1,0,0,0,16,9,7
HASKELL COUNTY,207,39 Years,67,41,26,51,31,20,4,3,1,1,1,0,11,6,5
HASKELL COUNTY,207,40 Years,61,34,27,38,22,16,4,3,1,1,1,0,18,8,10
HASKELL COUNTY,207,41 Years,65,36,29,40,24,16,1,1,0,4,3,1,20,8,12
HASKELL COUNTY,207,42 Years,73,37,36,50,28,22,3,1,2,2,1,1,18,7,11
HASKELL COUNTY,207,43 Years,63,40,23,40,27,13,3,2,1,2,2,0,18,9,9
HASKELL COUNTY,207,44 Years,65,37,28,37,19,18,3,1,2,2,1,1,23,16,7
HASKELL COUNTY,207,45 Years,63,38,25,36,21,15,5,4,1,2,1,1,20,12,8
HASKELL COUNTY,207,46 Years,69,40,29,44,27,17,5,3,2,2,2,0,18,8,10
HASKELL COUNTY,207,47 Years,68,35,33,48,26,22,1,0,1,1,1,0,18,8,10
HASKELL COUNTY,207,48 Years,76,40,36,57,27,30,2,2,0,0,0,0,17,11,6
HASKELL COUNTY,207,49 Years,93,49,44,65,35,30,4,1,3,3,1,2,21,12,9
HASKELL COUNTY,207,50 Years,97,49,48,70,36,34,4,3,1,1,0,1,22,10,12
HASKELL COUNTY,207,51 Years,94,48,46,66,30,36,4,3,1,2,1,1,22,14,8
HASKELL COUNTY,207,52 Years,96,45,51,71,30,41,4,2,2,1,1,0,20,12,8
HASKELL COUNTY,207,53 Years,84,42,42,58,31,27,1,0,1,2,1,1,23,10,13
HASKELL COUNTY,207,54 Years,75,46,29,52,31,21,3,3,0,2,1,1,18,11,7
HASKELL COUNTY,207,55 Years,85,48,37,64,34,30,2,2,0,1,1,0,18,11,7
HASKELL COUNTY,207,56 Years,85,37,48,63,24,39,1,0,1,4,2,2,17,11,6
HASKELL COUNTY,207,57 Years,91,44,47,68,29,39,3,2,1,3,2,1,17,11,6
HASKELL COUNTY,207,58 Years,72,41,31,55,29,26,3,2,1,0,0,0,14,10,4
HASKELL COUNTY,207,59 Years,84,51,33,66,40,26,1,1,0,1,0,1,16,10,6
HASKELL COUNTY,207,60 Years,82,50,32,68,42,26,1,1,0,0,0,0,13,7,6
HASKELL COUNTY,207,61 Years,90,49,41,70,37,33,2,2,0,1,0,1,17,10,7
HASKELL COUNTY,207,62 Years,87,43,44,69,35,34,3,2,1,1,0,1,14,6,8
HASKELL COUNTY,207,63 Years,78,41,37,56,30,26,2,1,1,3,1,2,17,9,8
HASKELL COUNTY,207,64 Years,79,36,43,63,30,33,2,1,1,1,0,1,13,5,8
HASKELL COUNTY,207,65 Years,79,36,43,59,24,35,4,3,1,1,1,0,15,8,7
HASKELL COUNTY,207,66 Years,55,27,28,41,19,22,2,1,1,2,1,1,10,6,4
HASKELL COUNTY,207,67 Years,70,36,34,58,30,28,1,0,1,1,1,0,10,5,5
HASKELL COUNTY,207,68 Years,75,34,41,67,28,39,2,2,0,0,0,0,6,4,2
HASKELL COUNTY,207,69 Years,64,23,41,54,18,36,3,2,1,0,0,0,7,3,4
HASKELL COUNTY,207,70 Years,71,32,39,57,29,28,2,0,2,1,0,1,11,3,8
HASKELL COUNTY,207,71 Years,59,33,26,48,29,19,2,0,2,0,0,0,9,4,5
HASKELL COUNTY,207,72 Years,61,27,34,52,22,30,1,0,1,1,1,0,7,4,3
HASKELL COUNTY,207,73 Years,44,21,23,37,17,20,0,0,0,1,1,0,6,3,3
HASKELL COUNTY,207,74 Years,52,30,22,45,26,19,0,0,0,1,1,0,6,3,3
HASKELL COUNTY,207,75 Years,48,20,28,42,17,25,0,0,0,0,0,0,6,3,3
HASKELL COUNTY,207,76 Years,55,25,30,50,23,27,0,0,0,0,0,0,5,2,3
HASKELL COUNTY,207,77 Years,51,24,27,42,20,22,1,1,0,1,0,1,7,3,4
HASKELL COUNTY,207,78 Years,51,23,28,46,22,24,0,0,0,0,0,0,5,1,4
HASKELL COUNTY,207,79 Years,49,23,26,44,20,24,1,1,0,1,1,0,3,1,2
HASKELL COUNTY,207,80 Years,43,18,25,38,14,24,0,0,0,0,0,0,5,4,1
HASKELL COUNTY,207,81 Years,39,15,24,33,13,20,1,0,1,0,0,0,5,2,3
HASKELL COUNTY,207,82 Years,45,20,25,41,20,21,0,0,0,0,0,0,4,0,4
HASKELL COUNTY,207,83 Years,41,15,26,37,15,22,0,0,0,1,0,1,3,0,3
HASKELL COUNTY,207,84 Years,40,16,24,35,14,21,0,0,0,0,0,0,5,2,3
HASKELL COUNTY,207,85 Years +,206,77,129,192,72,120,4,1,3,2,1,1,8,3,5
HAYS COUNTY,209,All Ages,166718,83080,83638,96497,47954,48543,5207,2828,2379,5037,2426,2611,59977,29872,30105
HAYS COUNTY,209,< 1 Year,2067,1039,1028,994,505,489,50,25,25,59,34,25,964,475,489
HAYS COUNTY,209,1 Years,2249,1142,1107,1096,560,536,46,23,23,73,38,35,1034,521,513
HAYS COUNTY,209,2 Years,2200,1122,1078,1031,523,508,46,28,18,78,41,37,1045,530,515
HAYS COUNTY,209,3 Years,2115,1071,1044,910,465,445,49,24,25,77,33,44,1079,549,530
HAYS COUNTY,209,4 Years,2146,1067,1079,915,463,452,61,27,34,70,38,32,1100,539,561
HAYS COUNTY,209,5 Years,2185,1122,1063,934,499,435,52,31,21,77,42,35,1122,550,572
HAYS COUNTY,209,6 Years,2208,1151,1057,971,520,451,60,33,27,92,45,47,1085,553,532
HAYS COUNTY,209,7 Years,2232,1143,1089,998,510,488,63,34,29,74,34,40,1097,565,532
HAYS COUNTY,209,8 Years,2247,1116,1131,1035,511,524,53,31,22,78,38,40,1081,536,545
HAYS COUNTY,209,9 Years,2268,1174,1094,1002,535,467,62,31,31,85,40,45,1119,568,551
HAYS COUNTY,209,10 Years,2244,1148,1096,1011,522,489,63,34,29,83,35,48,1087,557,530
HAYS COUNTY,209,11 Years,2380,1191,1189,1062,534,528,69,32,37,99,42,57,1150,583,567
HAYS COUNTY,209,12 Years,2386,1253,1133,1048,564,484,66,34,32,75,36,39,1197,619,578
HAYS COUNTY,209,13 Years,2363,1237,1126,1049,557,492,74,44,30,82,44,38,1158,592,566
HAYS COUNTY,209,14 Years,2309,1189,1120,1058,539,519,65,37,28,86,47,39,1100,566,534
HAYS COUNTY,209,15 Years,2273,1209,1064,1065,560,505,70,40,30,78,44,34,1060,565,495
HAYS COUNTY,209,16 Years,2289,1199,1090,1092,566,526,71,41,30,67,39,28,1059,553,506
HAYS COUNTY,209,17 Years,2278,1172,1106,1062,533,529,95,57,38,88,47,41,1033,535,498
HAYS COUNTY,209,18 Years,3304,1556,1748,1653,753,900,144,66,78,129,63,66,1378,674,704
HAYS COUNTY,209,19 Years,4843,2228,2615,2605,1175,1430,265,122,143,144,68,76,1829,863,966
HAYS COUNTY,209,20 Years,4855,2253,2602,2730,1242,1488,233,122,111,131,59,72,1761,830,931
HAYS COUNTY,209,21 Years,4942,2386,2556,2951,1422,1529,211,96,115,158,80,78,1622,788,834
HAYS COUNTY,209,22 Years,4424,2297,2127,2791,1420,1371,174,78,96,184,94,90,1275,705,570
HAYS COUNTY,209,23 Years,4292,2253,2039,2631,1350,1281,214,125,89,157,75,82,1290,703,587
HAYS COUNTY,209,24 Years,3522,1939,1583,2247,1214,1033,124,97,27,142,82,60,1009,546,463
HAYS COUNTY,209,25 Years,2843,1472,1371,1720,904,816,76,49,27,124,68,56,923,451,472
HAYS COUNTY,209,26 Years,2407,1217,1190,1312,687,625,64,35,29,95,54,41,936,441,495
HAYS COUNTY,209,27 Years,2349,1220,1129,1239,648,591,76,45,31,75,36,39,959,491,468
HAYS COUNTY,209,28 Years,2197,1177,1020,1187,657,530,61,35,26,68,29,39,881,456,425
HAYS COUNTY,209,29 Years,2032,1122,910,1068,613,455,77,47,30,68,36,32,819,426,393
HAYS COUNTY,209,30 Years,1993,1047,946,1052,558,494,63,35,28,70,39,31,808,415,393
HAYS COUNTY,209,31 Years,1952,994,958,1032,534,498,45,23,22,74,35,39,801,402,399
HAYS COUNTY,209,32 Years,2123,1094,1029,1091,568,523,62,40,22,71,33,38,899,453,446
HAYS COUNTY,209,33 Years,1974,1014,960,1017,527,490,61,27,34,61,30,31,835,430,405
HAYS COUNTY,209,34 Years,1983,996,987,1030,521,509,63,36,27,64,23,41,826,416,410
HAYS COUNTY,209,35 Years,2022,1018,1004,1033,520,513,73,46,27,63,30,33,853,422,431
HAYS COUNTY,209,36 Years,2008,992,1016,1002,510,492,72,38,34,65,27,38,869,417,452
HAYS COUNTY,209,37 Years,2103,1014,1089,1058,515,543,58,32,26,57,25,32,930,442,488
HAYS COUNTY,209,38 Years,2041,998,1043,1043,505,538,70,36,34,55,23,32,873,434,439
HAYS COUNTY,209,39 Years,2058,1028,1030,1075,530,545,71,40,31,64,29,35,848,429,419
HAYS COUNTY,209,40 Years,2164,1029,1135,1199,552,647,73,37,36,58,27,31,834,413,421
HAYS COUNTY,209,41 Years,2299,1108,1191,1325,638,687,79,44,35,77,37,40,818,389,429
HAYS COUNTY,209,42 Years,2177,1100,1077,1245,628,617,60,41,19,80,39,41,792,392,400
HAYS COUNTY,209,43 Years,2036,1030,1006,1150,592,558,58,35,23,62,29,33,766,374,392
HAYS COUNTY,209,44 Years,1999,1043,956,1136,583,553,73,50,23,50,20,30,740,390,350
HAYS COUNTY,209,45 Years,1981,1011,970,1136,568,568,71,47,24,47,16,31,727,380,347
HAYS COUNTY,209,46 Years,1966,986,980,1110,546,564,62,45,17,53,23,30,741,372,369
HAYS COUNTY,209,47 Years,2093,1026,1067,1269,623,646,56,26,30,55,26,29,713,351,362
HAYS COUNTY,209,48 Years,2096,1010,1086,1279,606,673,69,32,37,49,24,25,699,348,351
HAYS COUNTY,209,49 Years,2069,1014,1055,1296,617,679,55,29,26,59,31,28,659,337,322
HAYS COUNTY,209,50 Years,2127,1034,1093,1382,653,729,68,40,28,47,23,24,630,318,312
HAYS COUNTY,209,51 Years,2098,997,1101,1408,638,770,71,42,29,47,24,23,572,293,279
HAYS COUNTY,209,52 Years,2107,1066,1041,1417,711,706,81,43,38,49,20,29,560,292,268
HAYS COUNTY,209,53 Years,2029,1036,993,1371,704,667,72,44,28,50,21,29,536,267,269
HAYS COUNTY,209,54 Years,2010,974,1036,1389,674,715,65,40,25,52,17,35,504,243,261
HAYS COUNTY,209,55 Years,1853,901,952,1297,631,666,44,27,17,44,17,27,468,226,242
HAYS COUNTY,209,56 Years,1845,880,965,1294,617,677,59,35,24,38,18,20,454,210,244
HAYS COUNTY,209,57 Years,1929,933,996,1387,671,716,61,32,29,42,19,23,439,211,228
HAYS COUNTY,209,58 Years,1823,887,936,1331,650,681,54,30,24,39,19,20,399,188,211
HAYS COUNTY,209,59 Years,1820,879,941,1334,654,680,45,25,20,44,21,23,397,179,218
HAYS COUNTY,209,60 Years,1721,856,865,1265,627,638,41,27,14,41,18,23,374,184,190
HAYS COUNTY,209,61 Years,1647,805,842,1221,601,620,42,21,21,40,17,23,344,166,178
HAYS COUNTY,209,62 Years,1593,801,792,1187,608,579,34,18,16,38,20,18,334,155,179
HAYS COUNTY,209,63 Years,1472,743,729,1084,551,533,36,20,16,32,17,15,320,155,165
HAYS COUNTY,209,64 Years,1512,743,769,1132,568,564,18,9,9,33,13,20,329,153,176
HAYS COUNTY,209,65 Years,1548,779,769,1185,606,579,16,7,9,29,16,13,318,150,168
HAYS COUNTY,209,66 Years,1258,635,623,950,492,458,26,9,17,26,9,17,256,125,131
HAYS COUNTY,209,67 Years,1158,567,591,862,433,429,26,10,16,22,10,12,248,114,134
HAYS COUNTY,209,68 Years,1090,516,574,825,399,426,18,7,11,21,10,11,226,100,126
HAYS COUNTY,209,69 Years,1017,486,531,790,394,396,16,8,8,17,7,10,194,77,117
HAYS COUNTY,209,70 Years,885,417,468,678,331,347,17,7,10,17,7,10,173,72,101
HAYS COUNTY,209,71 Years,772,371,401,582,281,301,16,9,7,12,6,6,162,75,87
HAYS COUNTY,209,72 Years,723,333,390,556,255,301,16,9,7,14,5,9,137,64,73
HAYS COUNTY,209,73 Years,708,336,372,549,264,285,17,6,11,10,5,5,132,61,71
HAYS COUNTY,209,74 Years,671,325,346,518,257,261,15,3,12,11,4,7,127,61,66
HAYS COUNTY,209,75 Years,584,270,314,437,206,231,14,6,8,16,10,6,117,48,69
HAYS COUNTY,209,76 Years,547,242,305,409,186,223,12,6,6,13,5,8,113,45,68
HAYS COUNTY,209,77 Years,500,226,274,388,174,214,8,3,5,9,4,5,95,45,50
HAYS COUNTY,209,78 Years,464,200,264,365,163,202,8,2,6,8,3,5,83,32,51
HAYS COUNTY,209,79 Years,415,180,235,320,149,171,8,2,6,8,3,5,79,26,53
HAYS COUNTY,209,80 Years,393,172,221,304,133,171,10,4,6,8,3,5,71,32,39
HAYS COUNTY,209,81 Years,365,164,201,297,135,162,10,5,5,6,2,4,52,22,30
HAYS COUNTY,209,82 Years,362,155,207,293,132,161,6,2,4,5,1,4,58,20,38
HAYS COUNTY,209,83 Years,317,138,179,257,115,142,2,2,0,3,2,1,55,19,36
HAYS COUNTY,209,84 Years,294,118,176,238,95,143,4,2,2,2,1,1,50,20,30
HAYS COUNTY,209,85 Years +,1475,498,977,1150,404,746,23,4,19,14,2,12,288,88,200
HEMPHILL COUNTY,211,All Ages,3938,2017,1921,2717,1360,1357,2,0,2,63,26,37,1156,631,525
HEMPHILL COUNTY,211,< 1 Year,68,41,27,42,26,16,0,0,0,0,0,0,26,15,11
HEMPHILL COUNTY,211,1 Years,57,31,26,32,17,15,0,0,0,1,1,0,24,13,11
HEMPHILL COUNTY,211,2 Years,51,27,24,25,14,11,0,0,0,0,0,0,26,13,13
HEMPHILL COUNTY,211,3 Years,66,42,24,29,19,10,0,0,0,2,1,1,35,22,13
HEMPHILL COUNTY,211,4 Years,72,37,35,38,23,15,0,0,0,2,1,1,32,13,19
HEMPHILL COUNTY,211,5 Years,74,32,42,38,17,21,0,0,0,0,0,0,36,15,21
HEMPHILL COUNTY,211,6 Years,64,26,38,34,12,22,0,0,0,2,0,2,28,14,14
HEMPHILL COUNTY,211,7 Years,67,32,35,42,20,22,0,0,0,2,0,2,23,12,11
HEMPHILL COUNTY,211,8 Years,64,36,28,34,20,14,0,0,0,1,0,1,29,16,13
HEMPHILL COUNTY,211,9 Years,78,34,44,38,16,22,0,0,0,0,0,0,40,18,22
HEMPHILL COUNTY,211,10 Years,62,29,33,35,16,19,0,0,0,0,0,0,27,13,14
HEMPHILL COUNTY,211,11 Years,57,27,30,34,13,21,0,0,0,0,0,0,23,14,9
HEMPHILL COUNTY,211,12 Years,77,37,40,48,22,26,0,0,0,2,1,1,27,14,13
HEMPHILL COUNTY,211,13 Years,60,29,31,37,18,19,0,0,0,0,0,0,23,11,12
HEMPHILL COUNTY,211,14 Years,58,27,31,33,15,18,0,0,0,0,0,0,25,12,13
HEMPHILL COUNTY,211,15 Years,53,28,25,36,18,18,0,0,0,0,0,0,17,10,7
HEMPHILL COUNTY,211,16 Years,46,31,15,27,19,8,0,0,0,2,1,1,17,11,6
HEMPHILL COUNTY,211,17 Years,63,36,27,36,21,15,0,0,0,1,0,1,26,15,11
HEMPHILL COUNTY,211,18 Years,65,34,31,42,21,21,0,0,0,2,0,2,21,13,8
HEMPHILL COUNTY,211,19 Years,55,29,26,35,18,17,0,0,0,0,0,0,20,11,9
HEMPHILL COUNTY,211,20 Years,44,20,24,26,15,11,0,0,0,0,0,0,18,5,13
HEMPHILL COUNTY,211,21 Years,35,21,14,22,13,9,0,0,0,0,0,0,13,8,5
HEMPHILL COUNTY,211,22 Years,31,21,10,16,9,7,0,0,0,0,0,0,15,12,3
HEMPHILL COUNTY,211,23 Years,30,16,14,15,8,7,0,0,0,0,0,0,15,8,7
HEMPHILL COUNTY,211,24 Years,31,17,14,14,7,7,0,0,0,1,0,1,16,10,6
HEMPHILL COUNTY,211,25 Years,38,21,17,19,10,9,0,0,0,2,1,1,17,10,7
HEMPHILL COUNTY,211,26 Years,45,20,25,30,12,18,0,0,0,1,1,0,14,7,7
HEMPHILL COUNTY,211,27 Years,46,26,20,30,17,13,0,0,0,1,0,1,15,9,6
HEMPHILL COUNTY,211,28 Years,49,31,18,30,21,9,0,0,0,0,0,0,19,10,9
HEMPHILL COUNTY,211,29 Years,48,25,23,26,15,11,0,0,0,0,0,0,22,10,12
HEMPHILL COUNTY,211,30 Years,52,32,20,29,18,11,0,0,0,1,1,0,22,13,9
HEMPHILL COUNTY,211,31 Years,42,27,15,19,13,6,0,0,0,0,0,0,23,14,9
HEMPHILL COUNTY,211,32 Years,53,22,31,27,10,17,0,0,0,2,0,2,24,12,12
HEMPHILL COUNTY,211,33 Years,55,24,31,30,10,20,0,0,0,2,1,1,23,13,10
HEMPHILL COUNTY,211,34 Years,53,24,29,32,11,21,0,0,0,2,1,1,19,12,7
HEMPHILL COUNTY,211,35 Years,54,30,24,35,18,17,0,0,0,2,2,0,17,10,7
HEMPHILL COUNTY,211,36 Years,46,21,25,31,16,15,0,0,0,1,0,1,14,5,9
HEMPHILL COUNTY,211,37 Years,48,26,22,31,19,12,0,0,0,0,0,0,17,7,10
HEMPHILL COUNTY,211,38 Years,51,27,24,38,20,18,0,0,0,0,0,0,13,7,6
HEMPHILL COUNTY,211,39 Years,53,28,25,31,15,16,0,0,0,1,0,1,21,13,8
HEMPHILL COUNTY,211,40 Years,53,30,23,34,16,18,0,0,0,0,0,0,19,14,5
HEMPHILL COUNTY,211,41 Years,56,26,30,37,19,18,0,0,0,0,0,0,19,7,12
HEMPHILL COUNTY,211,42 Years,44,23,21,28,14,14,0,0,0,1,1,0,15,8,7
HEMPHILL COUNTY,211,43 Years,45,25,20,31,17,14,0,0,0,0,0,0,14,8,6
HEMPHILL COUNTY,211,44 Years,52,26,26,36,17,19,1,0,1,1,0,1,14,9,5
HEMPHILL COUNTY,211,45 Years,53,30,23,37,20,17,1,0,1,0,0,0,15,10,5
HEMPHILL COUNTY,211,46 Years,50,28,22,36,19,17,0,0,0,1,1,0,13,8,5
HEMPHILL COUNTY,211,47 Years,46,25,21,30,15,15,0,0,0,3,2,1,13,8,5
HEMPHILL COUNTY,211,48 Years,57,28,29,41,18,23,0,0,0,3,1,2,13,9,4
HEMPHILL COUNTY,211,49 Years,57,30,27,40,20,20,0,0,0,2,1,1,15,9,6
HEMPHILL COUNTY,211,50 Years,55,33,22,40,24,16,0,0,0,2,1,1,13,8,5
HEMPHILL COUNTY,211,51 Years,55,28,27,43,21,22,0,0,0,2,2,0,10,5,5
HEMPHILL COUNTY,211,52 Years,51,26,25,41,21,20,0,0,0,1,0,1,9,5,4
HEMPHILL COUNTY,211,53 Years,41,21,20,33,17,16,0,0,0,0,0,0,8,4,4
HEMPHILL COUNTY,211,54 Years,49,22,27,42,20,22,0,0,0,1,0,1,6,2,4
HEMPHILL COUNTY,211,55 Years,48,24,24,40,20,20,0,0,0,1,0,1,7,4,3
HEMPHILL COUNTY,211,56 Years,43,21,22,34,15,19,0,0,0,1,1,0,8,5,3
HEMPHILL COUNTY,211,57 Years,50,29,21,44,24,20,0,0,0,1,1,0,5,4,1
HEMPHILL COUNTY,211,58 Years,55,31,24,49,28,21,0,0,0,1,1,0,5,2,3
HEMPHILL COUNTY,211,59 Years,54,27,27,46,24,22,0,0,0,1,0,1,7,3,4
HEMPHILL COUNTY,211,60 Years,52,24,28,46,21,25,0,0,0,0,0,0,6,3,3
HEMPHILL COUNTY,211,61 Years,45,20,25,41,18,23,0,0,0,1,0,1,3,2,1
HEMPHILL COUNTY,211,62 Years,46,25,21,41,21,20,0,0,0,0,0,0,5,4,1
HEMPHILL COUNTY,211,63 Years,38,21,17,36,19,17,0,0,0,0,0,0,2,2,0
HEMPHILL COUNTY,211,64 Years,40,20,20,35,18,17,0,0,0,1,0,1,4,2,2
HEMPHILL COUNTY,211,65 Years,49,24,25,44,21,23,0,0,0,0,0,0,5,3,2
HEMPHILL COUNTY,211,66 Years,37,16,21,33,14,19,0,0,0,0,0,0,4,2,2
HEMPHILL COUNTY,211,67 Years,33,15,18,32,14,18,0,0,0,0,0,0,1,1,0
HEMPHILL COUNTY,211,68 Years,31,15,16,31,15,16,0,0,0,0,0,0,0,0,0
HEMPHILL COUNTY,211,69 Years,33,17,16,31,16,15,0,0,0,0,0,0,2,1,1
HEMPHILL COUNTY,211,70 Years,22,13,9,21,12,9,0,0,0,0,0,0,1,1,0
HEMPHILL COUNTY,211,71 Years,33,16,17,30,14,16,0,0,0,1,0,1,2,2,0
HEMPHILL COUNTY,211,72 Years,28,13,15,26,12,14,0,0,0,0,0,0,2,1,1
HEMPHILL COUNTY,211,73 Years,20,10,10,20,10,10,0,0,0,0,0,0,0,0,0
HEMPHILL COUNTY,211,74 Years,18,4,14,16,4,12,0,0,0,1,0,1,1,0,1
HEMPHILL COUNTY,211,75 Years,18,7,11,17,6,11,0,0,0,0,0,0,1,1,0
HEMPHILL COUNTY,211,76 Years,20,9,11,18,8,10,0,0,0,0,0,0,2,1,1
HEMPHILL COUNTY,211,77 Years,17,10,7,16,9,7,0,0,0,0,0,0,1,1,0
HEMPHILL COUNTY,211,78 Years,11,6,5,11,6,5,0,0,0,0,0,0,0,0,0
HEMPHILL COUNTY,211,79 Years,17,9,8,15,9,6,0,0,0,1,0,1,1,0,1
HEMPHILL COUNTY,211,80 Years,23,9,14,22,9,13,0,0,0,1,0,1,0,0,0
HEMPHILL COUNTY,211,81 Years,19,7,12,18,6,12,0,0,0,0,0,0,1,1,0
HEMPHILL COUNTY,211,82 Years,17,8,9,16,7,9,0,0,0,1,1,0,0,0,0
HEMPHILL COUNTY,211,83 Years,12,7,5,10,5,5,0,0,0,1,1,0,1,1,0
HEMPHILL COUNTY,211,84 Years,9,4,5,9,4,5,0,0,0,0,0,0,0,0,0
HEMPHILL COUNTY,211,85 Years +,75,31,44,74,31,43,0,0,0,0,0,0,1,0,1
HENDERSON COUNTY,213,All Ages,79475,38940,40535,63612,30872,32740,4914,2447,2467,1844,912,932,9105,4709,4396
HENDERSON COUNTY,213,< 1 Year,906,459,447,639,318,321,55,29,26,23,13,10,189,99,90
HENDERSON COUNTY,213,1 Years,984,500,484,689,351,338,59,29,30,37,20,17,199,100,99
HENDERSON COUNTY,213,2 Years,918,469,449,618,316,302,56,33,23,41,23,18,203,97,106
HENDERSON COUNTY,213,3 Years,951,469,482,651,321,330,63,32,31,40,13,27,197,103,94
HENDERSON COUNTY,213,4 Years,962,479,483,642,311,331,62,35,27,45,18,27,213,115,98
HENDERSON COUNTY,213,5 Years,937,476,461,632,310,322,66,42,24,35,19,16,204,105,99
HENDERSON COUNTY,213,6 Years,961,489,472,643,322,321,73,44,29,37,22,15,208,101,107
HENDERSON COUNTY,213,7 Years,997,515,482,689,368,321,67,32,35,36,16,20,205,99,106
HENDERSON COUNTY,213,8 Years,983,508,475,664,338,326,75,40,35,41,22,19,203,108,95
HENDERSON COUNTY,213,9 Years,991,529,462,671,361,310,77,42,35,37,15,22,206,111,95
HENDERSON COUNTY,213,10 Years,966,484,482,684,347,337,69,35,34,33,18,15,180,84,96
HENDERSON COUNTY,213,11 Years,1025,529,496,719,368,351,80,44,36,34,20,14,192,97,95
HENDERSON COUNTY,213,12 Years,1058,561,497,751,408,343,77,37,40,29,16,13,201,100,101
HENDERSON COUNTY,213,13 Years,1053,551,502,751,399,352,79,38,41,38,20,18,185,94,91
HENDERSON COUNTY,213,14 Years,1049,556,493,754,393,361,72,39,33,35,23,12,188,101,87
HENDERSON COUNTY,213,15 Years,1051,535,516,744,372,372,67,42,25,34,17,17,206,104,102
HENDERSON COUNTY,213,16 Years,1067,528,539,764,377,387,59,36,23,38,20,18,206,95,111
HENDERSON COUNTY,213,17 Years,1006,513,493,728,370,358,72,40,32,27,15,12,179,88,91
HENDERSON COUNTY,213,18 Years,1036,531,505,739,381,358,74,37,37,27,14,13,196,99,97
HENDERSON COUNTY,213,19 Years,1010,534,476,751,395,356,76,43,33,23,12,11,160,84,76
HENDERSON COUNTY,213,20 Years,976,507,469,687,353,334,92,53,39,20,14,6,177,87,90
HENDERSON COUNTY,213,21 Years,1029,525,504,704,346,358,126,81,45,16,9,7,183,89,94
HENDERSON COUNTY,213,22 Years,951,503,448,662,333,329,110,70,40,16,7,9,163,93,70
HENDERSON COUNTY,213,23 Years,852,447,405,634,316,318,73,46,27,11,8,3,134,77,57
HENDERSON COUNTY,213,24 Years,819,408,411,616,302,314,56,27,29,14,8,6,133,71,62
HENDERSON COUNTY,213,25 Years,783,382,401,569,266,303,56,26,30,16,7,9,142,83,59
HENDERSON COUNTY,213,26 Years,804,390,414,592,286,306,62,28,34,14,5,9,136,71,65
HENDERSON COUNTY,213,27 Years,841,426,415,633,324,309,64,29,35,17,7,10,127,66,61
HENDERSON COUNTY,213,28 Years,774,384,390,585,291,294,53,25,28,19,9,10,117,59,58
HENDERSON COUNTY,213,29 Years,798,419,379,589,301,288,54,28,26,19,10,9,136,80,56
HENDERSON COUNTY,213,30 Years,772,396,376,558,279,279,56,31,25,18,10,8,140,76,64
HENDERSON COUNTY,213,31 Years,834,411,423,616,308,308,60,25,35,21,6,15,137,72,65
HENDERSON COUNTY,213,32 Years,822,393,429,612,291,321,56,20,36,24,9,15,130,73,57
HENDERSON COUNTY,213,33 Years,829,391,438,613,286,327,56,23,33,24,10,14,136,72,64
HENDERSON COUNTY,213,34 Years,833,418,415,635,314,321,56,26,30,19,7,12,123,71,52
HENDERSON COUNTY,213,35 Years,810,393,417,615,294,321,58,21,37,19,8,11,118,70,48
HENDERSON COUNTY,213,36 Years,826,418,408,640,320,320,44,21,23,17,8,9,125,69,56
HENDERSON COUNTY,213,37 Years,823,420,403,638,328,310,43,18,25,21,13,8,121,61,60
HENDERSON COUNTY,213,38 Years,791,377,414,600,286,314,52,26,26,20,11,9,119,54,65
HENDERSON COUNTY,213,39 Years,835,393,442,641,298,343,62,37,25,16,7,9,116,51,65
HENDERSON COUNTY,213,40 Years,937,456,481,717,341,376,71,42,29,22,11,11,127,62,65
HENDERSON COUNTY,213,41 Years,995,482,513,792,375,417,61,30,31,20,12,8,122,65,57
HENDERSON COUNTY,213,42 Years,955,450,505,753,353,400,67,36,31,14,8,6,121,53,68
HENDERSON COUNTY,213,43 Years,966,477,489,775,383,392,58,31,27,19,5,14,114,58,56
HENDERSON COUNTY,213,44 Years,948,476,472,757,382,375,60,31,29,20,7,13,111,56,55
HENDERSON COUNTY,213,45 Years,934,483,451,742,386,356,54,26,28,26,12,14,112,59,53
HENDERSON COUNTY,213,46 Years,966,502,464,758,393,365,54,21,33,21,11,10,133,77,56
HENDERSON COUNTY,213,47 Years,975,499,476,781,398,383,60,26,34,18,9,9,116,66,50
HENDERSON COUNTY,213,48 Years,1048,525,523,845,414,431,65,32,33,25,14,11,113,65,48
HENDERSON COUNTY,213,49 Years,1119,547,572,926,456,470,77,36,41,24,10,14,92,45,47
HENDERSON COUNTY,213,50 Years,1148,549,599,940,450,490,83,41,42,23,12,11,102,46,56
HENDERSON COUNTY,213,51 Years,1178,556,622,978,452,526,76,39,37,28,13,15,96,52,44
HENDERSON COUNTY,213,52 Years,1177,567,610,1002,480,522,74,34,40,22,9,13,79,44,35
HENDERSON COUNTY,213,53 Years,1146,521,625,971,441,530,74,29,45,33,15,18,68,36,32
HENDERSON COUNTY,213,54 Years,1178,572,606,982,469,513,81,41,40,34,15,19,81,47,34
HENDERSON COUNTY,213,55 Years,1171,586,585,996,488,508,75,38,37,24,12,12,76,48,28
HENDERSON COUNTY,213,56 Years,1101,552,549,954,475,479,67,31,36,17,9,8,63,37,26
HENDERSON COUNTY,213,57 Years,1122,548,574,981,480,501,69,33,36,21,8,13,51,27,24
HENDERSON COUNTY,213,58 Years,1113,541,572,979,476,503,63,28,35,24,14,10,47,23,24
HENDERSON COUNTY,213,59 Years,1112,549,563,985,488,497,65,30,35,16,7,9,46,24,22
HENDERSON COUNTY,213,60 Years,1088,507,581,958,441,517,63,30,33,17,10,7,50,26,24
HENDERSON COUNTY,213,61 Years,1064,506,558,946,450,496,56,27,29,24,11,13,38,18,20
HENDERSON COUNTY,213,62 Years,1107,548,559,976,475,501,53,30,23,34,18,16,44,25,19
HENDERSON COUNTY,213,63 Years,1078,512,566,961,457,504,52,27,25,29,13,16,36,15,21
HENDERSON COUNTY,213,64 Years,1140,526,614,1036,475,561,48,25,23,21,8,13,35,18,17
HENDERSON COUNTY,213,65 Years,1173,534,639,1078,489,589,44,21,23,20,8,12,31,16,15
HENDERSON COUNTY,213,66 Years,976,458,518,890,427,463,37,10,27,13,7,6,36,14,22
HENDERSON COUNTY,213,67 Years,1000,471,529,910,434,476,41,12,29,16,9,7,33,16,17
HENDERSON COUNTY,213,68 Years,985,472,513,902,433,469,39,14,25,14,8,6,30,17,13
HENDERSON COUNTY,213,69 Years,1001,461,540,915,415,500,37,18,19,19,11,8,30,17,13
HENDERSON COUNTY,213,70 Years,953,441,512,872,404,468,43,19,24,14,7,7,24,11,13
HENDERSON COUNTY,213,71 Years,870,402,468,805,378,427,34,15,19,12,5,7,19,4,15
HENDERSON COUNTY,213,72 Years,816,380,436,756,356,400,30,13,17,9,4,5,21,7,14
HENDERSON COUNTY,213,73 Years,810,402,408,756,377,379,30,15,15,7,4,3,17,6,11
HENDERSON COUNTY,213,74 Years,732,383,349,672,357,315,29,12,17,12,5,7,19,9,10
HENDERSON COUNTY,213,75 Years,641,311,330,590,286,304,26,12,14,9,5,4,16,8,8
HENDERSON COUNTY,213,76 Years,656,323,333,616,301,315,18,10,8,9,4,5,13,8,5
HENDERSON COUNTY,213,77 Years,614,290,324,572,270,302,21,8,13,7,4,3,14,8,6
HENDERSON COUNTY,213,78 Years,553,238,315,516,223,293,20,9,11,3,3,0,14,3,11
HENDERSON COUNTY,213,79 Years,526,238,288,493,220,273,17,8,9,7,7,0,9,3,6
HENDERSON COUNTY,213,80 Years,500,223,277,464,209,255,17,4,13,8,4,4,11,6,5
HENDERSON COUNTY,213,81 Years,452,195,257,414,178,236,17,5,12,5,2,3,16,10,6
HENDERSON COUNTY,213,82 Years,424,193,231,395,182,213,16,5,11,5,1,4,8,5,3
HENDERSON COUNTY,213,83 Years,360,158,202,341,149,192,9,3,6,4,2,2,6,4,2
HENDERSON COUNTY,213,84 Years,307,126,181,289,120,169,10,2,8,5,2,3,3,2,1
HENDERSON COUNTY,213,85 Years +,1647,588,1059,1513,538,975,86,28,58,19,8,11,29,14,15
HIDALGO COUNTY,215,All Ages,811904,395576,416328,60744,30569,30175,2870,1922,948,9863,4731,5132,738427,358354,380073
HIDALGO COUNTY,215,< 1 Year,16155,8333,7822,325,170,155,26,11,15,135,74,61,15669,8078,7591
HIDALGO COUNTY,215,1 Years,15660,8019,7641,314,163,151,29,15,14,143,74,69,15174,7767,7407
HIDALGO COUNTY,215,2 Years,14892,7512,7380,467,231,236,32,13,19,119,64,55,14274,7204,7070
HIDALGO COUNTY,215,3 Years,14756,7496,7260,536,280,256,44,24,20,131,64,67,14045,7128,6917
HIDALGO COUNTY,215,4 Years,14925,7537,7388,545,271,274,35,22,13,144,74,70,14201,7170,7031
HIDALGO COUNTY,215,5 Years,14970,7486,7484,531,266,265,45,29,16,148,84,64,14246,7107,7139
HIDALGO COUNTY,215,6 Years,15076,7633,7443,509,250,259,48,27,21,148,80,68,14371,7276,7095
HIDALGO COUNTY,215,7 Years,15389,7897,7492,477,228,249,43,25,18,154,77,77,14715,7567,7148
HIDALGO COUNTY,215,8 Years,15242,7799,7443,493,258,235,35,20,15,145,67,78,14569,7454,7115
HIDALGO COUNTY,215,9 Years,15283,7755,7528,520,269,251,30,19,11,146,75,71,14587,7392,7195
HIDALGO COUNTY,215,10 Years,15451,7825,7626,526,267,259,36,23,13,165,92,73,14724,7443,7281
HIDALGO COUNTY,215,11 Years,15989,8063,7926,560,292,268,43,24,19,182,96,86,15204,7651,7553
HIDALGO COUNTY,215,12 Years,15856,8125,7731,528,269,259,40,26,14,190,106,84,15098,7724,7374
HIDALGO COUNTY,215,13 Years,15400,7938,7462,532,280,252,41,23,18,176,85,91,14651,7550,7101
HIDALGO COUNTY,215,14 Years,14903,7685,7218,540,291,249,41,21,20,167,83,84,14155,7290,6865
HIDALGO COUNTY,215,15 Years,14835,7492,7343,547,293,254,42,23,19,168,84,84,14078,7092,6986
HIDALGO COUNTY,215,16 Years,14855,7525,7330,564,301,263,35,17,18,182,85,97,14074,7122,6952
HIDALGO COUNTY,215,17 Years,14700,7514,7186,557,314,243,40,19,21,171,76,95,13932,7105,6827
HIDALGO COUNTY,215,18 Years,14704,7480,7224,589,314,275,50,30,20,155,75,80,13910,7061,6849
HIDALGO COUNTY,215,19 Years,14757,7521,7236,567,316,251,48,31,17,144,76,68,13998,7098,6900
HIDALGO COUNTY,215,20 Years,13885,7009,6876,502,261,241,47,29,18,123,68,55,13213,6651,6562
HIDALGO COUNTY,215,21 Years,13148,6575,6573,476,251,225,53,39,14,132,56,76,12487,6229,6258
HIDALGO COUNTY,215,22 Years,12402,6240,6162,487,258,229,59,44,15,106,43,63,11750,5895,5855
HIDALGO COUNTY,215,23 Years,11536,5712,5824,484,253,231,48,31,17,111,55,56,10893,5373,5520
HIDALGO COUNTY,215,24 Years,11162,5596,5566,506,251,255,54,39,15,98,49,49,10504,5257,5247
HIDALGO COUNTY,215,25 Years,11172,5576,5596,521,272,249,44,29,15,98,48,50,10509,5227,5282
HIDALGO COUNTY,215,26 Years,11181,5540,5641,566,283,283,57,44,13,137,64,73,10421,5149,5272
HIDALGO COUNTY,215,27 Years,11055,5471,5584,543,278,265,54,39,15,142,69,73,10316,5085,5231
HIDALGO COUNTY,215,28 Years,10844,5327,5517,528,294,234,60,45,15,111,56,55,10145,4932,5213
HIDALGO COUNTY,215,29 Years,10752,5251,5501,499,262,237,59,41,18,104,55,49,10090,4893,5197
HIDALGO COUNTY,215,30 Years,10998,5270,5728,507,246,261,56,45,11,113,50,63,10322,4929,5393
HIDALGO COUNTY,215,31 Years,11328,5445,5883,535,277,258,56,46,10,122,52,70,10615,5070,5545
HIDALGO COUNTY,215,32 Years,11237,5444,5793,526,275,251,53,41,12,134,54,80,10524,5074,5450
HIDALGO COUNTY,215,33 Years,10593,5070,5523,532,286,246,49,37,12,116,51,65,9896,4696,5200
HIDALGO COUNTY,215,34 Years,10696,5058,5638,504,260,244,45,36,9,122,49,73,10025,4713,5312
HIDALGO COUNTY,215,35 Years,10986,5222,5764,514,267,247,44,30,14,155,79,76,10273,4846,5427
HIDALGO COUNTY,215,36 Years,11096,5270,5826,516,268,248,46,32,14,138,70,68,10396,4900,5496
HIDALGO COUNTY,215,37 Years,11278,5377,5901,514,263,251,45,31,14,167,74,93,10552,5009,5543
HIDALGO COUNTY,215,38 Years,11010,5296,5714,488,254,234,51,39,12,187,86,101,10284,4917,5367
HIDALGO COUNTY,215,39 Years,11017,5243,5774,496,264,232,53,41,12,204,89,115,10264,4849,5415
HIDALGO COUNTY,215,40 Years,10866,5071,5795,550,294,256,51,37,14,201,91,110,10064,4649,5415
HIDALGO COUNTY,215,41 Years,10770,5081,5689,566,292,274,59,39,20,207,121,86,9938,4629,5309
HIDALGO COUNTY,215,42 Years,10753,5107,5646,603,331,272,50,37,13,205,99,106,9895,4640,5255
HIDALGO COUNTY,215,43 Years,10045,4774,5271,585,328,257,40,32,8,172,77,95,9248,4337,4911
HIDALGO COUNTY,215,44 Years,9692,4553,5139,541,293,248,52,39,13,168,73,95,8931,4148,4783
HIDALGO COUNTY,215,45 Years,9342,4380,4962,546,271,275,44,31,13,152,63,89,8600,4015,4585
HIDALGO COUNTY,215,46 Years,9194,4355,4839,551,305,246,43,28,15,144,55,89,8456,3967,4489
HIDALGO COUNTY,215,47 Years,8977,4256,4721,592,306,286,42,31,11,132,64,68,8211,3855,4356
HIDALGO COUNTY,215,48 Years,8675,4147,4528,619,308,311,50,38,12,128,62,66,7878,3739,4139
HIDALGO COUNTY,215,49 Years,8583,4178,4405,605,319,286,66,50,16,111,60,51,7801,3749,4052
HIDALGO COUNTY,215,50 Years,8434,4082,4352,633,343,290,51,38,13,139,71,68,7611,3630,3981
HIDALGO COUNTY,215,51 Years,8190,3874,4316,673,356,317,52,40,12,145,64,81,7320,3414,3906
HIDALGO COUNTY,215,52 Years,8068,3806,4262,660,333,327,39,27,12,120,57,63,7249,3389,3860
HIDALGO COUNTY,215,53 Years,7695,3618,4077,663,331,332,27,17,10,138,69,69,6867,3201,3666
HIDALGO COUNTY,215,54 Years,7582,3529,4053,683,347,336,33,21,12,149,64,85,6717,3097,3620
HIDALGO COUNTY,215,55 Years,7376,3436,3940,681,338,343,34,24,10,146,69,77,6515,3005,3510
HIDALGO COUNTY,215,56 Years,7090,3256,3834,664,317,347,27,14,13,140,60,80,6259,2865,3394
HIDALGO COUNTY,215,57 Years,6983,3188,3795,732,351,381,23,15,8,127,54,73,6101,2768,3333
HIDALGO COUNTY,215,58 Years,6548,3008,3540,777,377,400,20,16,4,108,48,60,5643,2567,3076
HIDALGO COUNTY,215,59 Years,6492,2975,3517,805,382,423,22,15,7,102,50,52,5563,2528,3035
HIDALGO COUNTY,215,60 Years,6172,2811,3361,850,401,449,22,14,8,100,49,51,5200,2347,2853
HIDALGO COUNTY,215,61 Years,6144,2789,3355,828,398,430,21,16,5,76,32,44,5219,2343,2876
HIDALGO COUNTY,215,62 Years,6177,2780,3397,881,416,465,21,13,8,86,41,45,5189,2310,2879
HIDALGO COUNTY,215,63 Years,5899,2716,3183,965,467,498,15,9,6,68,36,32,4851,2204,2647
HIDALGO COUNTY,215,64 Years,5788,2693,3095,1089,548,541,15,10,5,77,42,35,4607,2093,2514
HIDALGO COUNTY,215,65 Years,5624,2611,3013,1091,535,556,17,11,6,71,34,37,4445,2031,2414
HIDALGO COUNTY,215,66 Years,5041,2339,2702,989,494,495,9,4,5,46,22,24,3997,1819,2178
HIDALGO COUNTY,215,67 Years,4852,2200,2652,1084,520,564,10,7,3,46,22,24,3712,1651,2061
HIDALGO COUNTY,215,68 Years,4731,2176,2555,1178,570,608,10,6,4,39,20,19,3504,1580,1924
HIDALGO COUNTY,215,69 Years,4479,2058,2421,1244,612,632,7,3,4,42,22,20,3186,1421,1765
HIDALGO COUNTY,215,70 Years,4131,1903,2228,1133,571,562,9,5,4,54,22,32,2935,1305,1630
HIDALGO COUNTY,215,71 Years,3944,1806,2138,1128,565,563,6,3,3,45,22,23,2765,1216,1549
HIDALGO COUNTY,215,72 Years,3941,1820,2121,1153,549,604,6,3,3,42,18,24,2740,1250,1490
HIDALGO COUNTY,215,73 Years,3641,1679,1962,1134,535,599,5,3,2,36,14,22,2466,1127,1339
HIDALGO COUNTY,215,74 Years,3491,1557,1934,1056,500,556,6,4,2,38,17,21,2391,1036,1355
HIDALGO COUNTY,215,75 Years,3332,1492,1840,1016,489,527,4,2,2,46,19,27,2266,982,1284
HIDALGO COUNTY,215,76 Years,3165,1396,1769,984,480,504,8,1,7,39,17,22,2134,898,1236
HIDALGO COUNTY,215,77 Years,3086,1367,1719,953,476,477,3,0,3,37,15,22,2093,876,1217
HIDALGO COUNTY,215,78 Years,2812,1283,1529,903,458,445,2,0,2,34,13,21,1873,812,1061
HIDALGO COUNTY,215,79 Years,2550,1135,1415,886,438,448,5,3,2,30,12,18,1629,682,947
HIDALGO COUNTY,215,80 Years,2464,1101,1363,899,436,463,4,3,1,20,8,12,1541,654,887
HIDALGO COUNTY,215,81 Years,2408,1068,1340,846,415,431,5,3,2,16,4,12,1541,646,895
HIDALGO COUNTY,215,82 Years,2269,1001,1268,807,414,393,3,3,0,20,10,10,1439,574,865
HIDALGO COUNTY,215,83 Years,2016,868,1148,708,352,356,5,2,3,14,8,6,1289,506,783
HIDALGO COUNTY,215,84 Years,1840,789,1051,609,304,305,3,2,1,11,5,6,1217,478,739
HIDALGO COUNTY,215,85 Years +,9378,3837,5541,3130,1458,1672,8,3,5,63,28,35,6177,2348,3829
HILL COUNTY,217,All Ages,35845,17626,18219,26063,12669,13394,2228,1041,1187,690,326,364,6864,3590,3274
HILL COUNTY,217,< 1 Year,426,230,196,253,135,118,26,16,10,8,4,4,139,75,64
HILL COUNTY,217,1 Years,457,231,226,275,139,136,29,15,14,8,5,3,145,72,73
HILL COUNTY,217,2 Years,456,239,217,263,129,134,22,13,9,16,7,9,155,90,65
HILL COUNTY,217,3 Years,448,210,238,251,114,137,30,17,13,18,8,10,149,71,78
HILL COUNTY,217,4 Years,475,227,248,273,136,137,27,14,13,15,5,10,160,72,88
HILL COUNTY,217,5 Years,478,232,246,283,134,149,27,14,13,12,8,4,156,76,80
HILL COUNTY,217,6 Years,470,236,234,290,150,140,28,14,14,14,7,7,138,65,73
HILL COUNTY,217,7 Years,480,265,215,279,154,125,36,20,16,17,10,7,148,81,67
HILL COUNTY,217,8 Years,465,251,214,271,146,125,22,8,14,16,12,4,156,85,71
HILL COUNTY,217,9 Years,453,226,227,265,133,132,23,8,15,12,7,5,153,78,75
HILL COUNTY,217,10 Years,502,252,250,290,138,152,35,17,18,16,9,7,161,88,73
HILL COUNTY,217,11 Years,508,256,252,292,148,144,45,19,26,12,5,7,159,84,75
HILL COUNTY,217,12 Years,498,259,239,304,159,145,37,24,13,10,5,5,147,71,76
HILL COUNTY,217,13 Years,485,253,232,312,162,150,35,22,13,13,7,6,125,62,63
HILL COUNTY,217,14 Years,492,233,259,317,151,166,30,14,16,14,10,4,131,58,73
HILL COUNTY,217,15 Years,524,254,270,340,169,171,44,18,26,14,9,5,126,58,68
HILL COUNTY,217,16 Years,511,266,245,318,165,153,51,23,28,13,7,6,129,71,58
HILL COUNTY,217,17 Years,474,243,231,296,148,148,37,19,18,10,5,5,131,71,60
HILL COUNTY,217,18 Years,467,251,216,289,157,132,33,17,16,10,5,5,135,72,63
HILL COUNTY,217,19 Years,459,228,231,286,145,141,44,19,25,9,4,5,120,60,60
HILL COUNTY,217,20 Years,446,243,203,266,143,123,44,25,19,8,4,4,128,71,57
HILL COUNTY,217,21 Years,480,243,237,283,137,146,41,21,20,10,7,3,146,78,68
HILL COUNTY,217,22 Years,444,196,248,265,117,148,45,16,29,10,6,4,124,57,67
HILL COUNTY,217,23 Years,385,193,192,234,111,123,31,17,14,11,5,6,109,60,49
HILL COUNTY,217,24 Years,407,197,210,244,114,130,36,21,15,11,5,6,116,57,59
HILL COUNTY,217,25 Years,406,203,203,249,119,130,32,18,14,7,3,4,118,63,55
HILL COUNTY,217,26 Years,411,209,202,268,126,142,25,14,11,9,6,3,109,63,46
HILL COUNTY,217,27 Years,376,190,186,250,123,127,19,8,11,5,2,3,102,57,45
HILL COUNTY,217,28 Years,370,177,193,234,108,126,23,9,14,4,2,2,109,58,51
HILL COUNTY,217,29 Years,371,180,191,239,107,132,25,12,13,6,4,2,101,57,44
HILL COUNTY,217,30 Years,363,185,178,237,115,122,19,13,6,8,2,6,99,55,44
HILL COUNTY,217,31 Years,405,207,198,261,129,132,21,9,12,9,3,6,114,66,48
HILL COUNTY,217,32 Years,403,202,201,250,126,124,32,11,21,8,3,5,113,62,51
HILL COUNTY,217,33 Years,360,182,178,237,115,122,27,17,10,7,4,3,89,46,43
HILL COUNTY,217,34 Years,358,182,176,226,121,105,25,12,13,6,1,5,101,48,53
HILL COUNTY,217,35 Years,368,189,179,247,134,113,22,9,13,7,2,5,92,44,48
HILL COUNTY,217,36 Years,355,168,187,244,115,129,22,8,14,5,1,4,84,44,40
HILL COUNTY,217,37 Years,370,176,194,272,133,139,24,9,15,5,2,3,69,32,37
HILL COUNTY,217,38 Years,359,176,183,234,112,122,23,11,12,9,3,6,93,50,43
HILL COUNTY,217,39 Years,368,178,190,246,120,126,22,11,11,8,3,5,92,44,48
HILL COUNTY,217,40 Years,403,186,217,273,127,146,23,11,12,5,2,3,102,46,56
HILL COUNTY,217,41 Years,421,213,208,287,140,147,33,17,16,8,4,4,93,52,41
HILL COUNTY,217,42 Years,432,215,217,308,152,156,27,12,15,11,6,5,86,45,41
HILL COUNTY,217,43 Years,427,209,218,310,146,164,31,15,16,5,3,2,81,45,36
HILL COUNTY,217,44 Years,431,221,210,306,157,149,40,17,23,9,4,5,76,43,33
HILL COUNTY,217,45 Years,387,201,186,277,141,136,30,13,17,8,4,4,72,43,29
HILL COUNTY,217,46 Years,441,224,217,321,170,151,31,15,16,5,1,4,84,38,46
HILL COUNTY,217,47 Years,450,218,232,323,156,167,38,21,17,7,4,3,82,37,45
HILL COUNTY,217,48 Years,453,230,223,343,169,174,34,18,16,7,3,4,69,40,29
HILL COUNTY,217,49 Years,477,238,239,370,183,187,32,13,19,4,2,2,71,40,31
HILL COUNTY,217,50 Years,495,237,258,388,181,207,30,11,19,4,1,3,73,44,29
HILL COUNTY,217,51 Years,509,230,279,392,175,217,32,13,19,11,4,7,74,38,36
HILL COUNTY,217,52 Years,526,268,258,412,214,198,39,17,22,7,3,4,68,34,34
HILL COUNTY,217,53 Years,480,228,252,385,183,202,32,10,22,8,3,5,55,32,23
HILL COUNTY,217,54 Years,493,240,253,397,190,207,33,15,18,7,3,4,56,32,24
HILL COUNTY,217,55 Years,498,242,256,402,194,208,28,13,15,11,4,7,57,31,26
HILL COUNTY,217,56 Years,470,219,251,391,173,218,22,11,11,9,4,5,48,31,17
HILL COUNTY,217,57 Years,509,246,263,430,204,226,28,15,13,7,2,5,44,25,19
HILL COUNTY,217,58 Years,500,247,253,426,212,214,25,12,13,7,2,5,42,21,21
HILL COUNTY,217,59 Years,454,229,225,391,198,193,20,10,10,9,2,7,34,19,15
HILL COUNTY,217,60 Years,456,222,234,394,193,201,28,13,15,9,1,8,25,15,10
HILL COUNTY,217,61 Years,454,211,243,374,176,198,31,11,20,6,1,5,43,23,20
HILL COUNTY,217,62 Years,501,242,259,420,203,217,29,13,16,6,2,4,46,24,22
HILL COUNTY,217,63 Years,471,213,258,400,178,222,22,10,12,6,2,4,43,23,20
HILL COUNTY,217,64 Years,483,229,254,423,201,222,18,8,10,8,2,6,34,18,16
HILL COUNTY,217,65 Years,509,246,263,452,212,240,12,7,5,10,6,4,35,21,14
HILL COUNTY,217,66 Years,404,208,196,349,179,170,19,8,11,6,4,2,30,17,13
HILL COUNTY,217,67 Years,422,198,224,365,172,193,21,8,13,6,3,3,30,15,15
HILL COUNTY,217,68 Years,429,215,214,385,192,193,15,7,8,6,3,3,23,13,10
HILL COUNTY,217,69 Years,414,208,206,380,190,190,13,6,7,4,2,2,17,10,7
HILL COUNTY,217,70 Years,370,197,173,329,176,153,17,7,10,8,5,3,16,9,7
HILL COUNTY,217,71 Years,363,189,174,322,168,154,16,7,9,6,4,2,19,10,9
HILL COUNTY,217,72 Years,363,171,192,315,151,164,20,7,13,7,4,3,21,9,12
HILL COUNTY,217,73 Years,319,160,159,288,147,141,10,3,7,7,4,3,14,6,8
HILL COUNTY,217,74 Years,323,164,159,292,150,142,12,3,9,4,2,2,15,9,6
HILL COUNTY,217,75 Years,289,144,145,262,131,131,11,4,7,3,2,1,13,7,6
HILL COUNTY,217,76 Years,239,120,119,216,109,107,9,3,6,5,1,4,9,7,2
HILL COUNTY,217,77 Years,249,119,130,227,106,121,9,6,3,3,0,3,10,7,3
HILL COUNTY,217,78 Years,255,111,144,228,99,129,12,5,7,3,2,1,12,5,7
HILL COUNTY,217,79 Years,215,99,116,197,92,105,9,3,6,1,1,0,8,3,5
HILL COUNTY,217,80 Years,206,88,118,186,80,106,9,2,7,4,2,2,7,4,3
HILL COUNTY,217,81 Years,194,87,107,180,83,97,7,2,5,1,0,1,6,2,4
HILL COUNTY,217,82 Years,193,97,96,171,86,85,11,4,7,1,1,0,10,6,4
HILL COUNTY,217,83 Years,169,79,90,149,69,80,9,5,4,3,1,2,8,4,4
HILL COUNTY,217,84 Years,142,59,83,124,51,73,6,2,4,0,0,0,12,6,6
HILL COUNTY,217,85 Years +,824,291,533,770,273,497,26,6,20,8,3,5,20,9,11
HOCKLEY COUNTY,219,All Ages,23111,11403,11708,11650,5696,5954,816,407,409,342,184,158,10303,5116,5187
HOCKLEY COUNTY,219,< 1 Year,339,180,159,114,60,54,11,6,5,3,2,1,211,112,99
HOCKLEY COUNTY,219,1 Years,347,180,167,121,63,58,13,7,6,5,3,2,208,107,101
HOCKLEY COUNTY,219,2 Years,327,165,162,100,57,43,17,8,9,10,5,5,200,95,105
HOCKLEY COUNTY,219,3 Years,343,169,174,114,63,51,11,5,6,7,4,3,211,97,114
HOCKLEY COUNTY,219,4 Years,364,175,189,128,61,67,11,3,8,8,5,3,217,106,111
HOCKLEY COUNTY,219,5 Years,348,175,173,114,58,56,13,5,8,9,5,4,212,107,105
HOCKLEY COUNTY,219,6 Years,352,178,174,119,67,52,9,2,7,8,4,4,216,105,111
HOCKLEY COUNTY,219,7 Years,344,175,169,124,65,59,9,3,6,6,4,2,205,103,102
HOCKLEY COUNTY,219,8 Years,340,166,174,111,54,57,13,8,5,4,2,2,212,102,110
HOCKLEY COUNTY,219,9 Years,349,175,174,121,56,65,12,5,7,3,0,3,213,114,99
HOCKLEY COUNTY,219,10 Years,340,174,166,135,63,72,10,5,5,6,5,1,189,101,88
HOCKLEY COUNTY,219,11 Years,348,181,167,135,69,66,12,7,5,4,2,2,197,103,94
HOCKLEY COUNTY,219,12 Years,352,177,175,128,67,61,12,7,5,3,3,0,209,100,109
HOCKLEY COUNTY,219,13 Years,363,191,172,138,71,67,13,8,5,8,4,4,204,108,96
HOCKLEY COUNTY,219,14 Years,320,165,155,131,64,67,8,6,2,6,4,2,175,91,84
HOCKLEY COUNTY,219,15 Years,322,150,172,139,67,72,10,6,4,6,3,3,167,74,93
HOCKLEY COUNTY,219,16 Years,305,142,163,124,60,64,8,5,3,7,2,5,166,75,91
HOCKLEY COUNTY,219,17 Years,350,179,171,140,68,72,14,10,4,7,5,2,189,96,93
HOCKLEY COUNTY,219,18 Years,328,175,153,153,84,69,11,7,4,6,4,2,158,80,78
HOCKLEY COUNTY,219,19 Years,365,194,171,166,90,76,10,8,2,6,4,2,183,92,91
HOCKLEY COUNTY,219,20 Years,448,233,215,204,111,93,26,10,16,5,2,3,213,110,103
HOCKLEY COUNTY,219,21 Years,529,264,265,227,121,106,55,25,30,7,3,4,240,115,125
HOCKLEY COUNTY,219,22 Years,509,258,251,228,124,104,50,27,23,10,5,5,221,102,119
HOCKLEY COUNTY,219,23 Years,389,214,175,176,98,78,33,20,13,5,3,2,175,93,82
HOCKLEY COUNTY,219,24 Years,300,153,147,128,63,65,16,10,6,3,3,0,153,77,76
HOCKLEY COUNTY,219,25 Years,290,144,146,135,62,73,9,7,2,5,4,1,141,71,70
HOCKLEY COUNTY,219,26 Years,309,155,154,130,63,67,11,7,4,3,1,2,165,84,81
HOCKLEY COUNTY,219,27 Years,289,147,142,125,68,57,7,3,4,3,0,3,154,76,78
HOCKLEY COUNTY,219,28 Years,300,153,147,123,60,63,13,6,7,3,2,1,161,85,76
HOCKLEY COUNTY,219,29 Years,291,149,142,118,57,61,14,8,6,4,1,3,155,83,72
HOCKLEY COUNTY,219,30 Years,279,144,135,121,60,61,7,4,3,3,1,2,148,79,69
HOCKLEY COUNTY,219,31 Years,274,138,136,127,62,65,6,4,2,5,1,4,136,71,65
HOCKLEY COUNTY,219,32 Years,294,152,142,125,61,64,10,5,5,8,3,5,151,83,68
HOCKLEY COUNTY,219,33 Years,280,134,146,131,62,69,7,5,2,6,4,2,136,63,73
HOCKLEY COUNTY,219,34 Years,249,125,124,114,57,57,8,5,3,2,1,1,125,62,63
HOCKLEY COUNTY,219,35 Years,235,111,124,110,50,60,6,2,4,4,3,1,115,56,59
HOCKLEY COUNTY,219,36 Years,242,119,123,117,59,58,7,2,5,5,4,1,113,54,59
HOCKLEY COUNTY,219,37 Years,236,125,111,119,60,59,5,4,1,5,3,2,107,58,49
HOCKLEY COUNTY,219,38 Years,216,105,111,110,52,58,6,4,2,2,1,1,98,48,50
HOCKLEY COUNTY,219,39 Years,232,106,126,103,45,58,4,1,3,5,4,1,120,56,64
HOCKLEY COUNTY,219,40 Years,257,122,135,136,63,73,2,0,2,3,2,1,116,57,59
HOCKLEY COUNTY,219,41 Years,254,115,139,129,57,72,4,2,2,3,2,1,118,54,64
HOCKLEY COUNTY,219,42 Years,255,123,132,132,68,64,8,3,5,3,1,2,112,51,61
HOCKLEY COUNTY,219,43 Years,243,118,125,133,65,68,5,1,4,3,1,2,102,51,51
HOCKLEY COUNTY,219,44 Years,243,115,128,117,55,62,9,3,6,5,3,2,112,54,58
HOCKLEY COUNTY,219,45 Years,223,99,124,114,50,64,6,3,3,5,2,3,98,44,54
HOCKLEY COUNTY,219,46 Years,264,134,130,141,72,69,9,5,4,5,1,4,109,56,53
HOCKLEY COUNTY,219,47 Years,308,158,150,153,75,78,12,6,6,5,4,1,138,73,65
HOCKLEY COUNTY,219,48 Years,290,142,148,147,73,74,8,4,4,4,1,3,131,64,67
HOCKLEY COUNTY,219,49 Years,311,150,161,158,73,85,10,4,6,3,1,2,140,72,68
HOCKLEY COUNTY,219,50 Years,324,165,159,180,87,93,14,6,8,4,3,1,126,69,57
HOCKLEY COUNTY,219,51 Years,328,140,188,193,89,104,12,4,8,3,1,2,120,46,74
HOCKLEY COUNTY,219,52 Years,326,156,170,199,97,102,10,5,5,3,1,2,114,53,61
HOCKLEY COUNTY,219,53 Years,310,168,142,181,91,90,6,4,2,4,3,1,119,70,49
HOCKLEY COUNTY,219,54 Years,317,163,154,193,95,98,11,3,8,2,2,0,111,63,48
HOCKLEY COUNTY,219,55 Years,292,145,147,166,83,83,15,6,9,3,1,2,108,55,53
HOCKLEY COUNTY,219,56 Years,327,174,153,200,104,96,15,7,8,2,2,0,110,61,49
HOCKLEY COUNTY,219,57 Years,295,158,137,187,98,89,9,6,3,2,0,2,97,54,43
HOCKLEY COUNTY,219,58 Years,292,143,149,180,85,95,10,5,5,3,1,2,99,52,47
HOCKLEY COUNTY,219,59 Years,300,150,150,197,99,98,8,4,4,5,2,3,90,45,45
HOCKLEY COUNTY,219,60 Years,277,139,138,190,95,95,7,3,4,4,3,1,76,38,38
HOCKLEY COUNTY,219,61 Years,255,127,128,168,86,82,7,3,4,3,1,2,77,37,40
HOCKLEY COUNTY,219,62 Years,229,121,108,147,83,64,6,2,4,3,2,1,73,34,39
HOCKLEY COUNTY,219,63 Years,230,110,120,151,77,74,6,3,3,4,2,2,69,28,41
HOCKLEY COUNTY,219,64 Years,221,99,122,142,59,83,4,3,1,4,1,3,71,36,35
HOCKLEY COUNTY,219,65 Years,214,101,113,142,67,75,2,2,0,3,2,1,67,30,37
HOCKLEY COUNTY,219,66 Years,203,96,107,137,68,69,2,1,1,4,2,2,60,25,35
HOCKLEY COUNTY,219,67 Years,187,92,95,120,60,60,4,1,3,2,2,0,61,29,32
HOCKLEY COUNTY,219,68 Years,182,91,91,129,68,61,3,1,2,1,1,0,49,21,28
HOCKLEY COUNTY,219,69 Years,193,89,104,150,72,78,3,1,2,2,0,2,38,16,22
HOCKLEY COUNTY,219,70 Years,169,76,93,126,57,69,3,2,1,3,1,2,37,16,21
HOCKLEY COUNTY,219,71 Years,151,69,82,113,48,65,5,3,2,2,2,0,31,16,15
HOCKLEY COUNTY,219,72 Years,142,67,75,105,52,53,4,2,2,2,2,0,31,11,20
HOCKLEY COUNTY,219,73 Years,124,51,73,90,35,55,5,4,1,1,0,1,28,12,16
HOCKLEY COUNTY,219,74 Years,138,57,81,103,40,63,1,1,0,1,0,1,33,16,17
HOCKLEY COUNTY,219,75 Years,146,69,77,110,50,60,7,3,4,4,2,2,25,14,11
HOCKLEY COUNTY,219,76 Years,142,61,81,108,46,62,6,1,5,5,4,1,23,10,13
HOCKLEY COUNTY,219,77 Years,136,58,78,96,40,56,5,2,3,2,1,1,33,15,18
HOCKLEY COUNTY,219,78 Years,117,57,60,88,43,45,2,2,0,1,0,1,26,12,14
HOCKLEY COUNTY,219,79 Years,108,46,62,85,39,46,0,0,0,2,0,2,21,7,14
HOCKLEY COUNTY,219,80 Years,91,39,52,66,31,35,2,0,2,0,0,0,23,8,15
HOCKLEY COUNTY,219,81 Years,84,34,50,67,28,39,3,1,2,0,0,0,14,5,9
HOCKLEY COUNTY,219,82 Years,80,34,46,63,26,37,2,1,1,2,1,1,13,6,7
HOCKLEY COUNTY,219,83 Years,79,35,44,60,24,36,1,1,0,1,1,0,17,9,8
HOCKLEY COUNTY,219,84 Years,63,24,39,47,18,29,3,1,2,0,0,0,13,5,8
HOCKLEY COUNTY,219,85 Years +,354,128,226,285,103,182,13,2,11,1,1,0,55,22,33
HOOD COUNTY,221,All Ages,52396,25807,26589,45376,22112,23264,232,147,85,1191,569,622,5597,2979,2618
HOOD COUNTY,221,< 1 Year,557,283,274,452,234,218,5,4,1,11,8,3,89,37,52
HOOD COUNTY,221,1 Years,564,285,279,446,226,220,2,1,1,15,9,6,101,49,52
HOOD COUNTY,221,2 Years,556,280,276,430,220,210,1,1,0,15,8,7,110,51,59
HOOD COUNTY,221,3 Years,554,281,273,427,209,218,1,0,1,17,8,9,109,64,45
HOOD COUNTY,221,4 Years,609,291,318,470,224,246,2,1,1,20,7,13,117,59,58
HOOD COUNTY,221,5 Years,625,306,319,486,235,251,1,0,1,20,12,8,118,59,59
HOOD COUNTY,221,6 Years,610,324,286,468,248,220,3,2,1,22,10,12,117,64,53
HOOD COUNTY,221,7 Years,593,318,275,454,237,217,3,2,1,19,9,10,117,70,47
HOOD COUNTY,221,8 Years,592,291,301,451,214,237,1,0,1,15,8,7,125,69,56
HOOD COUNTY,221,9 Years,622,297,325,487,229,258,2,2,0,18,10,8,115,56,59
HOOD COUNTY,221,10 Years,585,292,293,457,232,225,4,1,3,17,7,10,107,52,55
HOOD COUNTY,221,11 Years,594,321,273,455,256,199,2,0,2,22,7,15,115,58,57
HOOD COUNTY,221,12 Years,658,342,316,518,277,241,2,1,1,17,9,8,121,55,66
HOOD COUNTY,221,13 Years,628,324,304,489,257,232,4,2,2,19,8,11,116,57,59
HOOD COUNTY,221,14 Years,620,312,308,490,242,248,3,3,0,22,12,10,105,55,50
HOOD COUNTY,221,15 Years,636,333,303,506,268,238,4,3,1,18,9,9,108,53,55
HOOD COUNTY,221,16 Years,624,346,278,486,272,214,3,2,1,24,13,11,111,59,52
HOOD COUNTY,221,17 Years,655,364,291,522,290,232,5,3,2,17,10,7,111,61,50
HOOD COUNTY,221,18 Years,670,355,315,536,274,262,11,6,5,17,13,4,106,62,44
HOOD COUNTY,221,19 Years,658,347,311,514,263,251,9,7,2,17,9,8,118,68,50
HOOD COUNTY,221,20 Years,572,296,276,437,217,220,4,3,1,18,9,9,113,67,46
HOOD COUNTY,221,21 Years,469,250,219,360,187,173,3,1,2,16,10,6,90,52,38
HOOD COUNTY,221,22 Years,467,242,225,353,173,180,4,2,2,9,5,4,101,62,39
HOOD COUNTY,221,23 Years,462,230,232,349,165,184,3,2,1,11,6,5,99,57,42
HOOD COUNTY,221,24 Years,489,251,238,372,183,189,3,3,0,10,4,6,104,61,43
HOOD COUNTY,221,25 Years,489,243,246,384,182,202,1,1,0,7,2,5,97,58,39
HOOD COUNTY,221,26 Years,455,243,212,350,178,172,2,2,0,14,5,9,89,58,31
HOOD COUNTY,221,27 Years,522,261,261,422,206,216,4,3,1,14,5,9,82,47,35
HOOD COUNTY,221,28 Years,534,263,271,432,210,222,2,1,1,11,5,6,89,47,42
HOOD COUNTY,221,29 Years,534,264,270,434,213,221,3,2,1,14,7,7,83,42,41
HOOD COUNTY,221,30 Years,536,278,258,444,232,212,2,1,1,11,4,7,79,41,38
HOOD COUNTY,221,31 Years,560,288,272,460,235,225,2,0,2,13,6,7,85,47,38
HOOD COUNTY,221,32 Years,542,276,266,432,216,216,2,0,2,11,3,8,97,57,40
HOOD COUNTY,221,33 Years,496,251,245,399,200,199,4,4,0,14,4,10,79,43,36
HOOD COUNTY,221,34 Years,492,265,227,407,216,191,2,2,0,9,4,5,74,43,31
HOOD COUNTY,221,35 Years,488,249,239,406,203,203,3,2,1,10,7,3,69,37,32
HOOD COUNTY,221,36 Years,480,215,265,397,168,229,5,4,1,10,8,2,68,35,33
HOOD COUNTY,221,37 Years,501,234,267,408,188,220,4,3,1,13,8,5,76,35,41
HOOD COUNTY,221,38 Years,494,254,240,421,217,204,2,2,0,7,2,5,64,33,31
HOOD COUNTY,221,39 Years,505,257,248,418,218,200,2,1,1,11,4,7,74,34,40
HOOD COUNTY,221,40 Years,580,269,311,495,229,266,3,2,1,18,9,9,64,29,35
HOOD COUNTY,221,41 Years,590,289,301,517,251,266,5,4,1,13,5,8,55,29,26
HOOD COUNTY,221,42 Years,616,308,308,528,260,268,3,3,0,14,6,8,71,39,32
HOOD COUNTY,221,43 Years,582,275,307,491,227,264,2,2,0,13,8,5,76,38,38
HOOD COUNTY,221,44 Years,567,273,294,478,228,250,1,0,1,9,5,4,79,40,39
HOOD COUNTY,221,45 Years,596,279,317,504,237,267,3,0,3,11,4,7,78,38,40
HOOD COUNTY,221,46 Years,615,307,308,524,266,258,2,0,2,16,6,10,73,35,38
HOOD COUNTY,221,47 Years,677,336,341,580,290,290,3,3,0,18,7,11,76,36,40
HOOD COUNTY,221,48 Years,691,343,348,612,301,311,2,2,0,14,7,7,63,33,30
HOOD COUNTY,221,49 Years,735,361,374,641,316,325,3,2,1,18,9,9,73,34,39
HOOD COUNTY,221,50 Years,755,381,374,663,328,335,3,3,0,28,15,13,61,35,26
HOOD COUNTY,221,51 Years,775,403,372,693,350,343,4,3,1,21,13,8,57,37,20
HOOD COUNTY,221,52 Years,826,400,426,737,353,384,5,1,4,23,12,11,61,34,27
HOOD COUNTY,221,53 Years,799,369,430,722,333,389,3,1,2,19,8,11,55,27,28
HOOD COUNTY,221,54 Years,789,397,392,708,354,354,3,2,1,17,8,9,61,33,28
HOOD COUNTY,221,55 Years,787,376,411,710,335,375,3,2,1,22,7,15,52,32,20
HOOD COUNTY,221,56 Years,829,396,433,742,349,393,6,5,1,24,10,14,57,32,25
HOOD COUNTY,221,57 Years,810,409,401,728,366,362,4,3,1,24,11,13,54,29,25
HOOD COUNTY,221,58 Years,815,418,397,754,388,366,2,2,0,20,11,9,39,17,22
HOOD COUNTY,221,59 Years,805,347,458,750,326,424,4,1,3,19,8,11,32,12,20
HOOD COUNTY,221,60 Years,762,360,402,720,340,380,1,0,1,17,6,11,24,14,10
HOOD COUNTY,221,61 Years,748,360,388,697,332,365,4,1,3,15,5,10,32,22,10
HOOD COUNTY,221,62 Years,815,383,432,763,359,404,5,2,3,15,5,10,32,17,15
HOOD COUNTY,221,63 Years,813,364,449,769,349,420,3,1,2,15,5,10,26,9,17
HOOD COUNTY,221,64 Years,831,395,436,790,373,417,5,4,1,12,6,6,24,12,12
HOOD COUNTY,221,65 Years,851,425,426,816,404,412,5,4,1,9,4,5,21,13,8
HOOD COUNTY,221,66 Years,744,349,395,701,325,376,4,2,2,13,7,6,26,15,11
HOOD COUNTY,221,67 Years,775,360,415,730,338,392,2,1,1,16,7,9,27,14,13
HOOD COUNTY,221,68 Years,782,401,381,745,380,365,2,2,0,14,9,5,21,10,11
HOOD COUNTY,221,69 Years,728,362,366,696,344,352,2,1,1,8,4,4,22,13,9
HOOD COUNTY,221,70 Years,679,329,350,649,309,340,2,1,1,9,6,3,19,13,6
HOOD COUNTY,221,71 Years,659,320,339,627,300,327,1,1,0,12,6,6,19,13,6
HOOD COUNTY,221,72 Years,610,299,311,588,287,301,1,1,0,8,4,4,13,7,6
HOOD COUNTY,221,73 Years,598,306,292,576,292,284,0,0,0,7,3,4,15,11,4
HOOD COUNTY,221,74 Years,548,279,269,529,270,259,0,0,0,7,4,3,12,5,7
HOOD COUNTY,221,75 Years,517,250,267,504,242,262,1,1,0,3,2,1,9,5,4
HOOD COUNTY,221,76 Years,509,245,264,493,235,258,1,1,0,7,4,3,8,5,3
HOOD COUNTY,221,77 Years,460,221,239,450,216,234,0,0,0,4,1,3,6,4,2
HOOD COUNTY,221,78 Years,401,193,208,391,190,201,0,0,0,6,2,4,4,1,3
HOOD COUNTY,221,79 Years,350,162,188,341,158,183,1,1,0,2,2,0,6,1,5
HOOD COUNTY,221,80 Years,326,154,172,315,150,165,1,1,0,5,2,3,5,1,4
HOOD COUNTY,221,81 Years,310,151,159,301,148,153,1,0,1,3,0,3,5,3,2
HOOD COUNTY,221,82 Years,295,136,159,286,132,154,0,0,0,5,2,3,4,2,2
HOOD COUNTY,221,83 Years,281,137,144,273,133,140,0,0,0,3,1,2,5,3,2
HOOD COUNTY,221,84 Years,217,100,117,211,97,114,0,0,0,2,1,1,4,2,2
HOOD COUNTY,221,85 Years +,1251,428,823,1209,408,801,1,1,0,18,8,10,23,11,12
HOPKINS COUNTY,223,All Ages,35920,17829,18091,26729,13049,13680,2492,1215,1277,917,440,477,5782,3125,2657
HOPKINS COUNTY,223,< 1 Year,475,237,238,320,161,159,31,13,18,12,8,4,112,55,57
HOPKINS COUNTY,223,1 Years,485,249,236,320,163,157,29,14,15,22,12,10,114,60,54
HOPKINS COUNTY,223,2 Years,490,254,236,310,162,148,28,17,11,27,14,13,125,61,64
HOPKINS COUNTY,223,3 Years,491,260,231,280,153,127,38,20,18,28,11,17,145,76,69
HOPKINS COUNTY,223,4 Years,478,253,225,284,155,129,29,15,14,31,15,16,134,68,66
HOPKINS COUNTY,223,5 Years,508,262,246,303,148,155,29,13,16,28,14,14,148,87,61
HOPKINS COUNTY,223,6 Years,511,251,260,307,153,154,34,18,16,29,11,18,141,69,72
HOPKINS COUNTY,223,7 Years,489,245,244,295,147,148,36,19,17,31,14,17,127,65,62
HOPKINS COUNTY,223,8 Years,522,277,245,325,175,150,37,20,17,26,12,14,134,70,64
HOPKINS COUNTY,223,9 Years,506,243,263,320,151,169,31,18,13,25,9,16,130,65,65
HOPKINS COUNTY,223,10 Years,508,255,253,329,165,164,29,18,11,20,9,11,130,63,67
HOPKINS COUNTY,223,11 Years,534,290,244,349,196,153,40,25,15,18,8,10,127,61,66
HOPKINS COUNTY,223,12 Years,503,277,226,328,172,156,39,25,14,21,13,8,115,67,48
HOPKINS COUNTY,223,13 Years,508,262,246,331,163,168,36,21,15,19,13,6,122,65,57
HOPKINS COUNTY,223,14 Years,487,235,252,322,159,163,36,13,23,16,9,7,113,54,59
HOPKINS COUNTY,223,15 Years,493,263,230,329,183,146,44,21,23,12,3,9,108,56,52
HOPKINS COUNTY,223,16 Years,515,267,248,340,190,150,45,21,24,15,5,10,115,51,64
HOPKINS COUNTY,223,17 Years,526,267,259,348,186,162,39,15,24,13,6,7,126,60,66
HOPKINS COUNTY,223,18 Years,554,285,269,360,182,178,41,20,21,20,13,7,133,70,63
HOPKINS COUNTY,223,19 Years,523,270,253,351,184,167,39,20,19,16,7,9,117,59,58
HOPKINS COUNTY,223,20 Years,466,238,228,300,147,153,45,24,21,16,7,9,105,60,45
HOPKINS COUNTY,223,21 Years,436,226,210,295,147,148,35,19,16,10,6,4,96,54,42
HOPKINS COUNTY,223,22 Years,393,199,194,259,127,132,32,15,17,6,5,1,96,52,44
HOPKINS COUNTY,223,23 Years,381,201,180,255,132,123,21,11,10,5,4,1,100,54,46
HOPKINS COUNTY,223,24 Years,441,224,217,306,143,163,19,11,8,7,5,2,109,65,44
HOPKINS COUNTY,223,25 Years,435,208,227,307,143,164,20,11,9,8,3,5,100,51,49
HOPKINS COUNTY,223,26 Years,425,229,196,302,154,148,22,13,9,14,6,8,87,56,31
HOPKINS COUNTY,223,27 Years,423,217,206,284,137,147,24,13,11,9,5,4,106,62,44
HOPKINS COUNTY,223,28 Years,394,198,196,264,134,130,29,13,16,6,3,3,95,48,47
HOPKINS COUNTY,223,29 Years,413,203,210,285,140,145,30,15,15,9,3,6,89,45,44
HOPKINS COUNTY,223,30 Years,391,204,187,278,135,143,26,14,12,6,4,2,81,51,30
HOPKINS COUNTY,223,31 Years,400,207,193,273,135,138,32,18,14,10,4,6,85,50,35
HOPKINS COUNTY,223,32 Years,416,218,198,283,149,134,29,14,15,14,7,7,90,48,42
HOPKINS COUNTY,223,33 Years,392,192,200,281,133,148,26,11,15,8,5,3,77,43,34
HOPKINS COUNTY,223,34 Years,393,206,187,278,142,136,26,15,11,10,5,5,79,44,35
HOPKINS COUNTY,223,35 Years,396,203,193,278,136,142,23,12,11,10,6,4,85,49,36
HOPKINS COUNTY,223,36 Years,401,197,204,273,137,136,28,10,18,9,6,3,91,44,47
HOPKINS COUNTY,223,37 Years,415,197,218,299,145,154,26,6,20,7,4,3,83,42,41
HOPKINS COUNTY,223,38 Years,439,202,237,310,143,167,27,11,16,6,3,3,96,45,51
HOPKINS COUNTY,223,39 Years,408,196,212,297,143,154,29,16,13,7,3,4,75,34,41
HOPKINS COUNTY,223,40 Years,454,225,229,340,168,172,33,15,18,9,3,6,72,39,33
HOPKINS COUNTY,223,41 Years,459,228,231,346,173,173,38,18,20,10,4,6,65,33,32
HOPKINS COUNTY,223,42 Years,446,224,222,340,168,172,26,13,13,12,6,6,68,37,31
HOPKINS COUNTY,223,43 Years,469,233,236,348,162,186,34,14,20,13,6,7,74,51,23
HOPKINS COUNTY,223,44 Years,474,229,245,363,166,197,34,16,18,11,5,6,66,42,24
HOPKINS COUNTY,223,45 Years,404,204,200,298,151,147,37,21,16,9,3,6,60,29,31
HOPKINS COUNTY,223,46 Years,447,218,229,339,162,177,35,21,14,8,2,6,65,33,32
HOPKINS COUNTY,223,47 Years,491,236,255,379,182,197,31,15,16,7,1,6,74,38,36
HOPKINS COUNTY,223,48 Years,507,258,249,378,186,192,33,16,17,10,4,6,86,52,34
HOPKINS COUNTY,223,49 Years,507,278,229,387,206,181,33,13,20,9,5,4,78,54,24
HOPKINS COUNTY,223,50 Years,528,268,260,422,207,215,34,13,21,8,5,3,64,43,21
HOPKINS COUNTY,223,51 Years,507,246,261,391,189,202,42,16,26,11,6,5,63,35,28
HOPKINS COUNTY,223,52 Years,506,251,255,411,200,211,38,17,21,7,3,4,50,31,19
HOPKINS COUNTY,223,53 Years,493,252,241,395,200,195,37,17,20,8,4,4,53,31,22
HOPKINS COUNTY,223,54 Years,489,246,243,392,189,203,35,21,14,14,6,8,48,30,18
HOPKINS COUNTY,223,55 Years,485,251,234,389,193,196,40,26,14,11,5,6,45,27,18
HOPKINS COUNTY,223,56 Years,506,260,246,409,196,213,36,24,12,11,7,4,50,33,17
HOPKINS COUNTY,223,57 Years,496,246,250,421,201,220,36,21,15,7,4,3,32,20,12
HOPKINS COUNTY,223,58 Years,463,233,230,385,183,202,43,26,17,6,4,2,29,20,9
HOPKINS COUNTY,223,59 Years,446,215,231,357,166,191,45,25,20,10,3,7,34,21,13
HOPKINS COUNTY,223,60 Years,440,216,224,360,175,185,41,23,18,10,4,6,29,14,15
HOPKINS COUNTY,223,61 Years,418,204,214,356,174,182,33,15,18,8,3,5,21,12,9
HOPKINS COUNTY,223,62 Years,427,201,226,363,171,192,32,13,19,7,2,5,25,15,10
HOPKINS COUNTY,223,63 Years,460,214,246,403,188,215,31,13,18,9,3,6,17,10,7
HOPKINS COUNTY,223,64 Years,423,196,227,368,174,194,31,11,20,10,5,5,14,6,8
HOPKINS COUNTY,223,65 Years,420,190,230,366,167,199,33,12,21,8,4,4,13,7,6
HOPKINS COUNTY,223,66 Years,373,186,187,323,161,162,30,14,16,5,2,3,15,9,6
HOPKINS COUNTY,223,67 Years,360,185,175,328,170,158,16,7,9,4,1,3,12,7,5
HOPKINS COUNTY,223,68 Years,348,174,174,319,161,158,13,4,9,4,2,2,12,7,5
HOPKINS COUNTY,223,69 Years,344,171,173,305,152,153,20,9,11,6,5,1,13,5,8
HOPKINS COUNTY,223,70 Years,319,147,172,277,122,155,26,14,12,5,4,1,11,7,4
HOPKINS COUNTY,223,71 Years,319,137,182,283,121,162,21,7,14,3,1,2,12,8,4
HOPKINS COUNTY,223,72 Years,274,129,145,239,115,124,20,7,13,3,1,2,12,6,6
HOPKINS COUNTY,223,73 Years,265,128,137,232,115,117,20,7,13,5,3,2,8,3,5
HOPKINS COUNTY,223,74 Years,239,115,124,216,105,111,16,6,10,3,2,1,4,2,2
HOPKINS COUNTY,223,75 Years,244,119,125,228,112,116,10,2,8,1,1,0,5,4,1
HOPKINS COUNTY,223,76 Years,233,107,126,217,99,118,10,5,5,1,0,1,5,3,2
HOPKINS COUNTY,223,77 Years,235,106,129,212,98,114,16,4,12,4,2,2,3,2,1
HOPKINS COUNTY,223,78 Years,220,94,126,200,86,114,13,5,8,2,1,1,5,2,3
HOPKINS COUNTY,223,79 Years,196,87,109,176,78,98,11,3,8,1,0,1,8,6,2
HOPKINS COUNTY,223,80 Years,173,75,98,156,70,86,12,3,9,0,0,0,5,2,3
HOPKINS COUNTY,223,81 Years,154,67,87,143,63,80,7,3,4,2,0,2,2,1,1
HOPKINS COUNTY,223,82 Years,146,61,85,138,56,82,4,2,2,1,0,1,3,3,0
HOPKINS COUNTY,223,83 Years,143,61,82,134,58,76,5,2,3,2,0,2,2,1,1
HOPKINS COUNTY,223,84 Years,115,52,63,107,50,57,3,0,3,4,2,2,1,0,1
HOPKINS COUNTY,223,85 Years +,691,239,452,632,210,422,39,18,21,12,6,6,8,5,3
HOUSTON COUNTY,225,All Ages,23827,12829,10998,14741,7531,7210,6174,3490,2684,443,194,249,2469,1614,855
HOUSTON COUNTY,225,< 1 Year,234,115,119,125,59,66,61,28,33,7,4,3,41,24,17
HOUSTON COUNTY,225,1 Years,242,123,119,133,66,67,66,34,32,6,3,3,37,20,17
HOUSTON COUNTY,225,2 Years,262,133,129,123,71,52,80,33,47,10,3,7,49,26,23
HOUSTON COUNTY,225,3 Years,289,153,136,132,75,57,87,43,44,12,4,8,58,31,27
HOUSTON COUNTY,225,4 Years,255,129,126,120,59,61,70,35,35,12,4,8,53,31,22
HOUSTON COUNTY,225,5 Years,267,141,126,134,67,67,70,42,28,16,7,9,47,25,22
HOUSTON COUNTY,225,6 Years,292,153,139,144,76,68,78,43,35,20,5,15,50,29,21
HOUSTON COUNTY,225,7 Years,283,154,129,152,77,75,67,40,27,15,7,8,49,30,19
HOUSTON COUNTY,225,8 Years,267,140,127,144,77,67,67,34,33,16,8,8,40,21,19
HOUSTON COUNTY,225,9 Years,244,131,113,130,74,56,62,31,31,13,6,7,39,20,19
HOUSTON COUNTY,225,10 Years,251,128,123,137,70,67,61,35,26,13,4,9,40,19,21
HOUSTON COUNTY,225,11 Years,251,121,130,141,72,69,69,33,36,10,5,5,31,11,20
HOUSTON COUNTY,225,12 Years,263,132,131,142,73,69,68,34,34,10,4,6,43,21,22
HOUSTON COUNTY,225,13 Years,266,136,130,151,75,76,77,42,35,6,2,4,32,17,15
HOUSTON COUNTY,225,14 Years,283,142,141,156,80,76,74,39,35,11,5,6,42,18,24
HOUSTON COUNTY,225,15 Years,242,125,117,139,63,76,65,43,22,7,5,2,31,14,17
HOUSTON COUNTY,225,16 Years,267,155,112,158,88,70,68,42,26,5,1,4,36,24,12
HOUSTON COUNTY,225,17 Years,299,181,118,175,103,72,83,55,28,9,4,5,32,19,13
HOUSTON COUNTY,225,18 Years,320,183,137,180,103,77,97,55,42,6,3,3,37,22,15
HOUSTON COUNTY,225,19 Years,334,180,154,172,91,81,119,66,53,5,3,2,38,20,18
HOUSTON COUNTY,225,20 Years,296,169,127,146,82,64,104,64,40,3,2,1,43,21,22
HOUSTON COUNTY,225,21 Years,263,138,125,116,55,61,97,55,42,3,0,3,47,28,19
HOUSTON COUNTY,225,22 Years,221,115,106,100,51,49,84,37,47,3,2,1,34,25,9
HOUSTON COUNTY,225,23 Years,217,117,100,98,46,52,77,39,38,3,2,1,39,30,9
HOUSTON COUNTY,225,24 Years,248,152,96,107,64,43,91,54,37,5,4,1,45,30,15
HOUSTON COUNTY,225,25 Years,258,152,106,123,68,55,82,49,33,4,3,1,49,32,17
HOUSTON COUNTY,225,26 Years,253,158,95,127,81,46,80,47,33,5,3,2,41,27,14
HOUSTON COUNTY,225,27 Years,247,147,100,129,70,59,78,47,31,5,3,2,35,27,8
HOUSTON COUNTY,225,28 Years,259,149,110,133,64,69,79,47,32,3,2,1,44,36,8
HOUSTON COUNTY,225,29 Years,283,163,120,155,84,71,73,43,30,4,0,4,51,36,15
HOUSTON COUNTY,225,30 Years,292,172,120,161,87,74,76,46,30,2,1,1,53,38,15
HOUSTON COUNTY,225,31 Years,289,182,107,153,92,61,80,50,30,5,2,3,51,38,13
HOUSTON COUNTY,225,32 Years,307,181,126,160,96,64,90,51,39,7,2,5,50,32,18
HOUSTON COUNTY,225,33 Years,269,159,110,145,77,68,76,53,23,7,2,5,41,27,14
HOUSTON COUNTY,225,34 Years,252,136,116,136,68,68,75,42,33,5,1,4,36,25,11
HOUSTON COUNTY,225,35 Years,256,150,106,118,63,55,82,46,36,4,2,2,52,39,13
HOUSTON COUNTY,225,36 Years,268,170,98,129,74,55,85,55,30,2,1,1,52,40,12
HOUSTON COUNTY,225,37 Years,280,177,103,148,83,65,74,50,24,6,3,3,52,41,11
HOUSTON COUNTY,225,38 Years,275,168,107,148,76,72,76,53,23,6,4,2,45,35,10
HOUSTON COUNTY,225,39 Years,294,179,115,158,84,74,86,60,26,4,1,3,46,34,12
HOUSTON COUNTY,225,40 Years,316,192,124,162,87,75,107,72,35,4,2,2,43,31,12
HOUSTON COUNTY,225,41 Years,302,177,125,182,102,80,84,48,36,2,1,1,34,26,8
HOUSTON COUNTY,225,42 Years,298,177,121,163,86,77,100,64,36,2,2,0,33,25,8
HOUSTON COUNTY,225,43 Years,307,186,121,169,91,78,93,62,31,7,3,4,38,30,8
HOUSTON COUNTY,225,44 Years,320,208,112,176,103,73,90,62,28,6,3,3,48,40,8
HOUSTON COUNTY,225,45 Years,299,179,120,169,93,76,91,58,33,2,0,2,37,28,9
HOUSTON COUNTY,225,46 Years,336,199,137,191,110,81,102,59,43,3,1,2,40,29,11
HOUSTON COUNTY,225,47 Years,365,230,135,207,123,84,121,79,42,2,2,0,35,26,9
HOUSTON COUNTY,225,48 Years,360,219,141,200,110,90,122,81,41,4,2,2,34,26,8
HOUSTON COUNTY,225,49 Years,369,212,157,223,116,107,116,75,41,3,2,1,27,19,8
HOUSTON COUNTY,225,50 Years,360,199,161,208,101,107,117,72,45,2,2,0,33,24,9
HOUSTON COUNTY,225,51 Years,359,216,143,222,126,96,99,59,40,5,4,1,33,27,6
HOUSTON COUNTY,225,52 Years,377,220,157,245,132,113,98,65,33,3,1,2,31,22,9
HOUSTON COUNTY,225,53 Years,367,214,153,229,118,111,105,72,33,5,2,3,28,22,6
HOUSTON COUNTY,225,54 Years,373,205,168,249,128,121,91,56,35,7,2,5,26,19,7
HOUSTON COUNTY,225,55 Years,368,196,172,245,129,116,96,52,44,7,2,5,20,13,7
HOUSTON COUNTY,225,56 Years,343,180,163,241,129,112,84,41,43,2,1,1,16,9,7
HOUSTON COUNTY,225,57 Years,337,166,171,236,117,119,84,38,46,1,1,0,16,10,6
HOUSTON COUNTY,225,58 Years,313,139,174,220,99,121,73,30,43,4,0,4,16,10,6
HOUSTON COUNTY,225,59 Years,325,165,160,221,110,111,78,41,37,7,2,5,19,12,7
HOUSTON COUNTY,225,60 Years,336,173,163,243,117,126,78,47,31,5,2,3,10,7,3
HOUSTON COUNTY,225,61 Years,296,142,154,222,106,116,58,25,33,3,1,2,13,10,3
HOUSTON COUNTY,225,62 Years,267,130,137,203,101,102,48,18,30,3,2,1,13,9,4
HOUSTON COUNTY,225,63 Years,283,142,141,224,114,110,49,22,27,3,1,2,7,5,2
HOUSTON COUNTY,225,64 Years,312,150,162,241,109,132,60,36,24,5,0,5,6,5,1
HOUSTON COUNTY,225,65 Years,315,146,169,254,112,142,52,29,23,4,1,3,5,4,1
HOUSTON COUNTY,225,66 Years,298,147,151,236,116,120,49,21,28,2,0,2,11,10,1
HOUSTON COUNTY,225,67 Years,304,148,156,239,115,124,53,25,28,2,1,1,10,7,3
HOUSTON COUNTY,225,68 Years,265,131,134,220,107,113,41,21,20,0,0,0,4,3,1
HOUSTON COUNTY,225,69 Years,263,131,132,213,106,107,43,21,22,2,2,0,5,2,3
HOUSTON COUNTY,225,70 Years,263,121,142,212,101,111,44,18,26,3,1,2,4,1,3
HOUSTON COUNTY,225,71 Years,250,131,119,203,107,96,39,20,19,2,1,1,6,3,3
HOUSTON COUNTY,225,72 Years,229,118,111,190,98,92,35,17,18,1,1,0,3,2,1
HOUSTON COUNTY,225,73 Years,225,103,122,185,84,101,34,16,18,4,3,1,2,0,2
HOUSTON COUNTY,225,74 Years,208,108,100,175,91,84,30,15,15,2,2,0,1,0,1
HOUSTON COUNTY,225,75 Years,194,88,106,159,73,86,27,12,15,4,1,3,4,2,2
HOUSTON COUNTY,225,76 Years,186,84,102,147,64,83,35,18,17,3,1,2,1,1,0
HOUSTON COUNTY,225,77 Years,199,105,94,162,84,78,30,18,12,4,2,2,3,1,2
HOUSTON COUNTY,225,78 Years,168,77,91,130,61,69,31,13,18,2,1,1,5,2,3
HOUSTON COUNTY,225,79 Years,162,83,79,128,66,62,26,12,14,3,2,1,5,3,2
HOUSTON COUNTY,225,80 Years,140,64,76,119,54,65,17,7,10,1,1,0,3,2,1
HOUSTON COUNTY,225,81 Years,127,59,68,105,47,58,19,10,9,1,1,0,2,1,1
HOUSTON COUNTY,225,82 Years,110,49,61,95,42,53,14,7,7,0,0,0,1,0,1
HOUSTON COUNTY,225,83 Years,119,55,64,97,45,52,20,8,12,2,2,0,0,0,0
HOUSTON COUNTY,225,84 Years,101,34,67,82,28,54,18,5,13,1,1,0,0,0,0
HOUSTON COUNTY,225,85 Years +,675,242,433,521,189,332,139,48,91,8,2,6,7,3,4
HOWARD COUNTY,227,All Ages,35471,19971,15500,18777,10016,8761,2116,1541,575,911,539,372,13667,7875,5792
HOWARD COUNTY,227,< 1 Year,426,221,205,203,106,97,9,5,4,3,1,2,211,109,102
HOWARD COUNTY,227,1 Years,434,221,213,202,104,98,14,7,7,8,4,4,210,106,104
HOWARD COUNTY,227,2 Years,450,219,231,180,86,94,18,10,8,11,6,5,241,117,124
HOWARD COUNTY,227,3 Years,461,231,230,180,79,101,20,10,10,18,9,9,243,133,110
HOWARD COUNTY,227,4 Years,433,217,216,177,82,95,12,6,6,14,7,7,230,122,108
HOWARD COUNTY,227,5 Years,468,236,232,197,98,99,14,8,6,12,4,8,245,126,119
HOWARD COUNTY,227,6 Years,468,241,227,175,85,90,16,6,10,18,10,8,259,140,119
HOWARD COUNTY,227,7 Years,466,238,228,186,97,89,25,11,14,20,9,11,235,121,114
HOWARD COUNTY,227,8 Years,424,224,200,157,87,70,29,15,14,19,8,11,219,114,105
HOWARD COUNTY,227,9 Years,412,217,195,164,81,83,27,16,11,17,10,7,204,110,94
HOWARD COUNTY,227,10 Years,454,239,215,183,99,84,22,13,9,13,7,6,236,120,116
HOWARD COUNTY,227,11 Years,441,220,221,169,79,90,20,13,7,9,4,5,243,124,119
HOWARD COUNTY,227,12 Years,430,215,215,186,86,100,18,10,8,10,5,5,216,114,102
HOWARD COUNTY,227,13 Years,411,207,204,162,77,85,20,9,11,15,6,9,214,115,99
HOWARD COUNTY,227,14 Years,442,209,233,178,84,94,22,12,10,14,5,9,228,108,120
HOWARD COUNTY,227,15 Years,393,192,201,168,87,81,20,9,11,11,3,8,194,93,101
HOWARD COUNTY,227,16 Years,396,207,189,168,79,89,20,13,7,10,5,5,198,110,88
HOWARD COUNTY,227,17 Years,401,204,197,187,90,97,19,10,9,5,1,4,190,103,87
HOWARD COUNTY,227,18 Years,434,223,211,205,102,103,16,10,6,7,3,4,206,108,98
HOWARD COUNTY,227,19 Years,489,287,202,215,114,101,30,22,8,14,6,8,230,145,85
HOWARD COUNTY,227,20 Years,590,350,240,258,141,117,47,33,14,18,12,6,267,164,103
HOWARD COUNTY,227,21 Years,565,315,250,261,144,117,44,33,11,16,14,2,244,124,120
HOWARD COUNTY,227,22 Years,609,399,210,271,166,105,56,50,6,19,14,5,263,169,94
HOWARD COUNTY,227,23 Years,445,256,189,211,118,93,26,20,6,15,11,4,193,107,86
HOWARD COUNTY,227,24 Years,532,335,197,252,145,107,31,26,5,12,11,1,237,153,84
HOWARD COUNTY,227,25 Years,570,358,212,262,158,104,47,38,9,16,13,3,245,149,96
HOWARD COUNTY,227,26 Years,429,244,185,208,114,94,29,19,10,11,6,5,181,105,76
HOWARD COUNTY,227,27 Years,512,306,206,249,146,103,38,30,8,15,8,7,210,122,88
HOWARD COUNTY,227,28 Years,463,297,166,222,137,85,36,32,4,13,10,3,192,118,74
HOWARD COUNTY,227,29 Years,463,266,197,230,131,99,26,20,6,15,11,4,192,104,88
HOWARD COUNTY,227,30 Years,509,302,207,239,137,102,39,31,8,18,10,8,213,124,89
HOWARD COUNTY,227,31 Years,466,276,190,223,126,97,32,25,7,13,8,5,198,117,81
HOWARD COUNTY,227,32 Years,371,187,184,199,109,90,18,8,10,10,5,5,144,65,79
HOWARD COUNTY,227,33 Years,511,349,162,247,159,88,42,36,6,14,11,3,208,143,65
HOWARD COUNTY,227,34 Years,440,282,158,218,137,81,33,27,6,12,8,4,177,110,67
HOWARD COUNTY,227,35 Years,425,249,176,215,122,93,32,23,9,6,2,4,172,102,70
HOWARD COUNTY,227,36 Years,489,299,190,251,148,103,33,25,8,17,8,9,188,118,70
HOWARD COUNTY,227,37 Years,437,259,178,238,136,102,21,16,5,13,7,6,165,100,65
HOWARD COUNTY,227,38 Years,343,187,156,179,97,82,16,11,5,8,6,2,140,73,67
HOWARD COUNTY,227,39 Years,306,149,157,148,71,77,14,8,6,7,3,4,137,67,70
HOWARD COUNTY,227,40 Years,470,290,180,244,144,100,39,32,7,8,5,3,179,109,70
HOWARD COUNTY,227,41 Years,380,206,174,198,104,94,24,17,7,5,5,0,153,80,73
HOWARD COUNTY,227,42 Years,467,261,206,237,128,109,28,23,5,14,9,5,188,101,87
HOWARD COUNTY,227,43 Years,389,202,187,194,95,99,20,14,6,18,9,9,157,84,73
HOWARD COUNTY,227,44 Years,403,236,167,208,115,93,21,17,4,9,4,5,165,100,65
HOWARD COUNTY,227,45 Years,413,252,161,210,128,82,32,25,7,9,5,4,162,94,68
HOWARD COUNTY,227,46 Years,529,349,180,232,147,85,46,34,12,16,10,6,235,158,77
HOWARD COUNTY,227,47 Years,564,367,197,265,160,105,52,43,9,16,9,7,231,155,76
HOWARD COUNTY,227,48 Years,416,219,197,222,106,116,24,16,8,11,6,5,159,91,68
HOWARD COUNTY,227,49 Years,620,420,200,308,183,125,60,51,9,21,18,3,231,168,63
HOWARD COUNTY,227,50 Years,695,469,226,369,225,144,66,60,6,19,12,7,241,172,69
HOWARD COUNTY,227,51 Years,634,410,224,364,210,154,54,45,9,18,15,3,198,140,58
HOWARD COUNTY,227,52 Years,816,611,205,416,277,139,88,81,7,19,17,2,293,236,57
HOWARD COUNTY,227,53 Years,685,457,228,379,222,157,69,57,12,18,12,6,219,166,53
HOWARD COUNTY,227,54 Years,519,318,201,317,172,145,36,29,7,11,6,5,155,111,44
HOWARD COUNTY,227,55 Years,542,334,208,302,161,141,52,44,8,15,9,6,173,120,53
HOWARD COUNTY,227,56 Years,585,362,223,334,185,149,51,44,7,12,8,4,188,125,63
HOWARD COUNTY,227,57 Years,653,437,216,419,263,156,46,41,5,14,11,3,174,122,52
HOWARD COUNTY,227,58 Years,503,281,222,318,175,143,19,15,4,14,10,4,152,81,71
HOWARD COUNTY,227,59 Years,444,273,171,285,175,110,13,11,2,11,6,5,135,81,54
HOWARD COUNTY,227,60 Years,393,201,192,258,127,131,20,10,10,11,5,6,104,59,45
HOWARD COUNTY,227,61 Years,354,181,173,240,123,117,15,8,7,7,4,3,92,46,46
HOWARD COUNTY,227,62 Years,357,175,182,232,116,116,11,6,5,7,4,3,107,49,58
HOWARD COUNTY,227,63 Years,354,175,179,243,121,122,16,6,10,6,4,2,89,44,45
HOWARD COUNTY,227,64 Years,303,147,156,211,101,110,14,6,8,3,2,1,75,38,37
HOWARD COUNTY,227,65 Years,323,154,169,224,107,117,10,5,5,5,3,2,84,39,45
HOWARD COUNTY,227,66 Years,255,133,122,163,86,77,13,8,5,7,3,4,72,36,36
HOWARD COUNTY,227,67 Years,256,126,130,175,84,91,12,8,4,7,3,4,62,31,31
HOWARD COUNTY,227,68 Years,250,123,127,176,87,89,6,4,2,7,2,5,61,30,31
HOWARD COUNTY,227,69 Years,264,127,137,191,86,105,10,6,4,9,7,2,54,28,26
HOWARD COUNTY,227,70 Years,312,177,135,218,113,105,12,10,2,9,8,1,73,46,27
HOWARD COUNTY,227,71 Years,252,127,125,187,92,95,7,3,4,6,4,2,52,28,24
HOWARD COUNTY,227,72 Years,205,88,117,152,65,87,3,0,3,4,3,1,46,20,26
HOWARD COUNTY,227,73 Years,203,90,113,147,64,83,7,3,4,1,1,0,48,22,26
HOWARD COUNTY,227,74 Years,202,93,109,145,68,77,10,4,6,2,1,1,45,20,25
HOWARD COUNTY,227,75 Years,203,93,110,153,69,84,8,3,5,3,0,3,39,21,18
HOWARD COUNTY,227,76 Years,186,87,99,143,66,77,4,3,1,4,1,3,35,17,18
HOWARD COUNTY,227,77 Years,185,88,97,140,65,75,8,3,5,1,0,1,36,20,16
HOWARD COUNTY,227,78 Years,194,86,108,145,62,83,4,2,2,3,1,2,42,21,21
HOWARD COUNTY,227,79 Years,170,61,109,130,46,84,3,1,2,2,1,1,35,13,22
HOWARD COUNTY,227,80 Years,153,63,90,122,54,68,3,3,0,3,0,3,25,6,19
HOWARD COUNTY,227,81 Years,169,84,85,127,63,64,3,1,2,3,0,3,36,20,16
HOWARD COUNTY,227,82 Years,161,78,83,127,60,67,3,2,1,1,1,0,30,15,15
HOWARD COUNTY,227,83 Years,122,48,74,105,44,61,2,1,1,1,0,1,14,3,11
HOWARD COUNTY,227,84 Years,102,39,63,83,35,48,6,2,4,1,0,1,12,2,10
HOWARD COUNTY,227,85 Years +,608,240,368,496,193,303,15,8,7,4,4,0,93,35,58
HUDSPETH COUNTY,229,All Ages,3515,1766,1749,618,336,282,31,21,10,50,22,28,2816,1387,1429
HUDSPETH COUNTY,229,< 1 Year,49,23,26,2,1,1,0,0,0,0,0,0,47,22,25
HUDSPETH COUNTY,229,1 Years,45,24,21,3,2,1,0,0,0,0,0,0,42,22,20
HUDSPETH COUNTY,229,2 Years,48,23,25,4,2,2,0,0,0,1,1,0,43,20,23
HUDSPETH COUNTY,229,3 Years,45,26,19,4,3,1,0,0,0,3,1,2,38,22,16
HUDSPETH COUNTY,229,4 Years,48,28,20,1,1,0,1,1,0,1,0,1,45,26,19
HUDSPETH COUNTY,229,5 Years,48,31,17,4,3,1,0,0,0,2,2,0,42,26,16
HUDSPETH COUNTY,229,6 Years,48,18,30,6,1,5,0,0,0,1,1,0,41,16,25
HUDSPETH COUNTY,229,7 Years,58,21,37,3,1,2,2,0,2,0,0,0,53,20,33
HUDSPETH COUNTY,229,8 Years,59,24,35,8,1,7,2,1,1,0,0,0,49,22,27
HUDSPETH COUNTY,229,9 Years,54,26,28,5,2,3,0,0,0,0,0,0,49,24,25
HUDSPETH COUNTY,229,10 Years,54,23,31,6,1,5,0,0,0,1,0,1,47,22,25
HUDSPETH COUNTY,229,11 Years,51,27,24,9,4,5,0,0,0,0,0,0,42,23,19
HUDSPETH COUNTY,229,12 Years,57,27,30,4,2,2,0,0,0,0,0,0,53,25,28
HUDSPETH COUNTY,229,13 Years,64,34,30,4,1,3,0,0,0,2,1,1,58,32,26
HUDSPETH COUNTY,229,14 Years,54,25,29,5,3,2,0,0,0,1,0,1,48,22,26
HUDSPETH COUNTY,229,15 Years,60,31,29,5,1,4,0,0,0,0,0,0,55,30,25
HUDSPETH COUNTY,229,16 Years,66,31,35,8,3,5,0,0,0,3,0,3,55,28,27
HUDSPETH COUNTY,229,17 Years,66,34,32,4,3,1,3,3,0,2,1,1,57,27,30
HUDSPETH COUNTY,229,18 Years,78,35,43,3,1,2,2,1,1,1,0,1,72,33,39
HUDSPETH COUNTY,229,19 Years,69,30,39,3,1,2,0,0,0,2,0,2,64,29,35
HUDSPETH COUNTY,229,20 Years,53,33,20,3,2,1,0,0,0,2,1,1,48,30,18
HUDSPETH COUNTY,229,21 Years,51,24,27,1,1,0,0,0,0,0,0,0,50,23,27
HUDSPETH COUNTY,229,22 Years,37,19,18,2,1,1,0,0,0,0,0,0,35,18,17
HUDSPETH COUNTY,229,23 Years,32,18,14,2,2,0,0,0,0,0,0,0,30,16,14
HUDSPETH COUNTY,229,24 Years,36,20,16,2,1,1,0,0,0,1,0,1,33,19,14
HUDSPETH COUNTY,229,25 Years,37,20,17,5,3,2,0,0,0,0,0,0,32,17,15
HUDSPETH COUNTY,229,26 Years,27,16,11,3,2,1,0,0,0,1,0,1,23,14,9
HUDSPETH COUNTY,229,27 Years,37,15,22,5,2,3,0,0,0,0,0,0,32,13,19
HUDSPETH COUNTY,229,28 Years,42,20,22,6,2,4,0,0,0,0,0,0,36,18,18
HUDSPETH COUNTY,229,29 Years,33,19,14,4,2,2,0,0,0,0,0,0,29,17,12
HUDSPETH COUNTY,229,30 Years,36,20,16,4,2,2,0,0,0,1,0,1,31,18,13
HUDSPETH COUNTY,229,31 Years,41,23,18,4,3,1,2,2,0,0,0,0,35,18,17
HUDSPETH COUNTY,229,32 Years,32,17,15,4,2,2,1,1,0,0,0,0,27,14,13
HUDSPETH COUNTY,229,33 Years,34,16,18,6,3,3,0,0,0,0,0,0,28,13,15
HUDSPETH COUNTY,229,34 Years,35,14,21,6,2,4,2,2,0,0,0,0,27,10,17
HUDSPETH COUNTY,229,35 Years,45,16,29,10,3,7,2,2,0,2,1,1,31,10,21
HUDSPETH COUNTY,229,36 Years,30,13,17,4,2,2,0,0,0,0,0,0,26,11,15
HUDSPETH COUNTY,229,37 Years,34,13,21,5,3,2,0,0,0,1,1,0,28,9,19
HUDSPETH COUNTY,229,38 Years,32,16,16,5,4,1,0,0,0,0,0,0,27,12,15
HUDSPETH COUNTY,229,39 Years,32,17,15,6,5,1,0,0,0,1,0,1,25,12,13
HUDSPETH COUNTY,229,40 Years,34,23,11,5,4,1,0,0,0,1,1,0,28,18,10
HUDSPETH COUNTY,229,41 Years,32,13,19,1,0,1,0,0,0,0,0,0,31,13,18
HUDSPETH COUNTY,229,42 Years,41,21,20,5,3,2,1,0,1,0,0,0,35,18,17
HUDSPETH COUNTY,229,43 Years,52,25,27,7,2,5,0,0,0,0,0,0,45,23,22
HUDSPETH COUNTY,229,44 Years,43,20,23,5,2,3,1,1,0,0,0,0,37,17,20
HUDSPETH COUNTY,229,45 Years,48,26,22,9,4,5,0,0,0,2,2,0,37,20,17
HUDSPETH COUNTY,229,46 Years,34,18,16,6,3,3,0,0,0,0,0,0,28,15,13
HUDSPETH COUNTY,229,47 Years,40,17,23,7,3,4,0,0,0,0,0,0,33,14,19
HUDSPETH COUNTY,229,48 Years,44,24,20,6,4,2,2,2,0,1,1,0,35,17,18
HUDSPETH COUNTY,229,49 Years,47,26,21,9,7,2,3,1,2,1,1,0,34,17,17
HUDSPETH COUNTY,229,50 Years,54,30,24,11,8,3,1,0,1,1,1,0,41,21,20
HUDSPETH COUNTY,229,51 Years,56,33,23,14,11,3,0,0,0,1,1,0,41,21,20
HUDSPETH COUNTY,229,52 Years,49,23,26,10,6,4,1,0,1,0,0,0,38,17,21
HUDSPETH COUNTY,229,53 Years,50,27,23,13,6,7,1,0,1,0,0,0,36,21,15
HUDSPETH COUNTY,229,54 Years,52,25,27,16,7,9,0,0,0,2,0,2,34,18,16
HUDSPETH COUNTY,229,55 Years,52,23,29,15,6,9,0,0,0,3,2,1,34,15,19
HUDSPETH COUNTY,229,56 Years,58,25,33,20,10,10,0,0,0,0,0,0,38,15,23
HUDSPETH COUNTY,229,57 Years,50,22,28,20,11,9,0,0,0,0,0,0,30,11,19
HUDSPETH COUNTY,229,58 Years,49,26,23,14,10,4,0,0,0,0,0,0,35,16,19
HUDSPETH COUNTY,229,59 Years,46,21,25,14,8,6,0,0,0,0,0,0,32,13,19
HUDSPETH COUNTY,229,60 Years,39,21,18,13,8,5,0,0,0,1,1,0,25,12,13
HUDSPETH COUNTY,229,61 Years,38,20,18,12,10,2,0,0,0,2,0,2,24,10,14
HUDSPETH COUNTY,229,62 Years,40,19,21,16,9,7,0,0,0,1,0,1,23,10,13
HUDSPETH COUNTY,229,63 Years,40,22,18,10,6,4,1,1,0,0,0,0,29,15,14
HUDSPETH COUNTY,229,64 Years,41,17,24,11,7,4,1,1,0,0,0,0,29,9,20
HUDSPETH COUNTY,229,65 Years,41,22,19,16,10,6,0,0,0,3,1,2,22,11,11
HUDSPETH COUNTY,229,66 Years,35,21,14,12,7,5,0,0,0,0,0,0,23,14,9
HUDSPETH COUNTY,229,67 Years,40,24,16,8,7,1,1,1,0,0,0,0,31,16,15
HUDSPETH COUNTY,229,68 Years,34,19,15,10,4,6,0,0,0,0,0,0,24,15,9
HUDSPETH COUNTY,229,69 Years,30,20,10,10,5,5,0,0,0,0,0,0,20,15,5
HUDSPETH COUNTY,229,70 Years,27,13,14,11,4,7,1,1,0,0,0,0,15,8,7
HUDSPETH COUNTY,229,71 Years,34,17,17,14,7,7,0,0,0,0,0,0,20,10,10
HUDSPETH COUNTY,229,72 Years,34,16,18,16,9,7,0,0,0,0,0,0,18,7,11
HUDSPETH COUNTY,229,73 Years,25,15,10,12,9,3,0,0,0,0,0,0,13,6,7
HUDSPETH COUNTY,229,74 Years,24,15,9,10,8,2,0,0,0,0,0,0,14,7,7
HUDSPETH COUNTY,229,75 Years,19,12,7,4,3,1,0,0,0,1,0,1,14,9,5
HUDSPETH COUNTY,229,76 Years,22,13,9,5,2,3,0,0,0,0,0,0,17,11,6
HUDSPETH COUNTY,229,77 Years,15,6,9,3,1,2,0,0,0,0,0,0,12,5,7
HUDSPETH COUNTY,229,78 Years,13,6,7,4,2,2,0,0,0,1,1,0,8,3,5
HUDSPETH COUNTY,229,79 Years,18,5,13,7,2,5,0,0,0,0,0,0,11,3,8
HUDSPETH COUNTY,229,80 Years,19,12,7,4,2,2,0,0,0,0,0,0,15,10,5
HUDSPETH COUNTY,229,81 Years,13,6,7,3,1,2,0,0,0,0,0,0,10,5,5
HUDSPETH COUNTY,229,82 Years,16,8,8,4,2,2,0,0,0,0,0,0,12,6,6
HUDSPETH COUNTY,229,83 Years,17,11,6,2,1,1,0,0,0,0,0,0,15,10,5
HUDSPETH COUNTY,229,84 Years,17,11,6,4,3,1,0,0,0,0,0,0,13,8,5
HUDSPETH COUNTY,229,85 Years +,36,17,19,12,8,4,0,0,0,0,0,0,24,9,15
HUNT COUNTY,231,All Ages,87582,43439,44143,64542,31698,32844,7223,3488,3735,3198,1557,1641,12619,6696,5923
HUNT COUNTY,231,< 1 Year,1058,544,514,703,359,344,100,50,50,35,19,16,220,116,104
HUNT COUNTY,231,1 Years,1094,566,528,701,361,340,104,54,50,49,27,22,240,124,116
HUNT COUNTY,231,2 Years,1068,549,519,642,328,314,104,53,51,55,30,25,267,138,129
HUNT COUNTY,231,3 Years,1082,566,516,654,337,317,90,50,40,56,31,25,282,148,134
HUNT COUNTY,231,4 Years,1164,601,563,681,348,333,104,54,50,65,37,28,314,162,152
HUNT COUNTY,231,5 Years,1169,617,552,716,379,337,93,51,42,64,31,33,296,156,140
HUNT COUNTY,231,6 Years,1224,641,583,756,402,354,112,53,59,56,31,25,300,155,145
HUNT COUNTY,231,7 Years,1163,587,576,711,351,360,112,62,50,55,28,27,285,146,139
HUNT COUNTY,231,8 Years,1181,623,558,742,398,344,107,64,43,52,26,26,280,135,145
HUNT COUNTY,231,9 Years,1221,637,584,774,410,364,110,61,49,50,24,26,287,142,145
HUNT COUNTY,231,10 Years,1272,649,623,808,402,406,112,61,51,54,27,27,298,159,139
HUNT COUNTY,231,11 Years,1244,618,626,792,390,402,92,43,49,51,26,25,309,159,150
HUNT COUNTY,231,12 Years,1266,678,588,804,430,374,113,66,47,61,31,30,288,151,137
HUNT COUNTY,231,13 Years,1269,652,617,829,424,405,97,57,40,59,29,30,284,142,142
HUNT COUNTY,231,14 Years,1231,636,595,821,424,397,101,50,51,54,30,24,255,132,123
HUNT COUNTY,231,15 Years,1232,639,593,817,423,394,100,59,41,52,23,29,263,134,129
HUNT COUNTY,231,16 Years,1256,667,589,822,428,394,118,64,54,57,28,29,259,147,112
HUNT COUNTY,231,17 Years,1320,702,618,847,446,401,161,95,66,65,33,32,247,128,119
HUNT COUNTY,231,18 Years,1425,734,691,907,453,454,190,101,89,66,33,33,262,147,115
HUNT COUNTY,231,19 Years,1556,779,777,1000,524,476,208,81,127,63,29,34,285,145,140
HUNT COUNTY,231,20 Years,1337,685,652,905,451,454,145,82,63,48,24,24,239,128,111
HUNT COUNTY,231,21 Years,1298,622,676,842,399,443,177,75,102,59,27,32,220,121,99
HUNT COUNTY,231,22 Years,1366,645,721,852,384,468,181,83,98,98,53,45,235,125,110
HUNT COUNTY,231,23 Years,1272,594,678,828,364,464,126,58,68,102,49,53,216,123,93
HUNT COUNTY,231,24 Years,1158,593,565,707,342,365,145,68,77,113,64,49,193,119,74
HUNT COUNTY,231,25 Years,1063,564,499,707,373,334,120,51,69,60,32,28,176,108,68
HUNT COUNTY,231,26 Years,1044,575,469,689,376,313,105,59,46,52,26,26,198,114,84
HUNT COUNTY,231,27 Years,1041,542,499,695,354,341,93,54,39,42,20,22,211,114,97
HUNT COUNTY,231,28 Years,981,467,514,665,302,363,93,49,44,32,15,17,191,101,90
HUNT COUNTY,231,29 Years,1000,512,488,672,341,331,94,46,48,41,17,24,193,108,85
HUNT COUNTY,231,30 Years,958,488,470,641,328,313,81,41,40,35,15,20,201,104,97
HUNT COUNTY,231,31 Years,1062,519,543,738,360,378,82,35,47,33,13,20,209,111,98
HUNT COUNTY,231,32 Years,1020,502,518,714,334,380,78,42,36,33,17,16,195,109,86
HUNT COUNTY,231,33 Years,948,454,494,667,323,344,80,32,48,28,14,14,173,85,88
HUNT COUNTY,231,34 Years,949,450,499,663,314,349,84,33,51,41,22,19,161,81,80
HUNT COUNTY,231,35 Years,974,469,505,688,319,369,82,32,50,35,16,19,169,102,67
HUNT COUNTY,231,36 Years,957,482,475,664,317,347,69,38,31,30,14,16,194,113,81
HUNT COUNTY,231,37 Years,977,498,479,652,338,314,84,29,55,44,17,27,197,114,83
HUNT COUNTY,231,38 Years,1002,502,500,685,356,329,79,33,46,39,16,23,199,97,102
HUNT COUNTY,231,39 Years,1066,522,544,751,374,377,83,40,43,43,19,24,189,89,100
HUNT COUNTY,231,40 Years,1086,526,560,790,378,412,90,41,49,34,16,18,172,91,81
HUNT COUNTY,231,41 Years,1076,522,554,794,380,414,87,40,47,35,17,18,160,85,75
HUNT COUNTY,231,42 Years,1116,566,550,824,430,394,101,43,58,30,16,14,161,77,84
HUNT COUNTY,231,43 Years,1105,551,554,845,417,428,73,30,43,24,14,10,163,90,73
HUNT COUNTY,231,44 Years,1086,545,541,818,415,403,68,32,36,31,13,18,169,85,84
HUNT COUNTY,231,45 Years,1087,533,554,831,403,428,75,41,34,34,13,21,147,76,71
HUNT COUNTY,231,46 Years,1130,551,579,864,422,442,91,41,50,34,13,21,141,75,66
HUNT COUNTY,231,47 Years,1226,610,616,950,461,489,108,53,55,42,24,18,126,72,54
HUNT COUNTY,231,48 Years,1289,640,649,998,481,517,106,57,49,39,21,18,146,81,65
HUNT COUNTY,231,49 Years,1287,622,665,1000,486,514,99,44,55,47,20,27,141,72,69
HUNT COUNTY,231,50 Years,1312,643,669,1051,505,546,80,36,44,45,24,21,136,78,58
HUNT COUNTY,231,51 Years,1327,663,664,1076,540,536,84,35,49,47,21,26,120,67,53
HUNT COUNTY,231,52 Years,1290,661,629,1059,547,512,91,39,52,30,13,17,110,62,48
HUNT COUNTY,231,53 Years,1251,621,630,1034,516,518,97,46,51,26,10,16,94,49,45
HUNT COUNTY,231,54 Years,1226,598,628,1001,483,518,102,47,55,33,15,18,90,53,37
HUNT COUNTY,231,55 Years,1153,569,584,961,470,491,78,39,39,30,15,15,84,45,39
HUNT COUNTY,231,56 Years,1173,604,569,975,497,478,94,45,49,27,15,12,77,47,30
HUNT COUNTY,231,57 Years,1215,624,591,1014,512,502,91,47,44,23,14,9,87,51,36
HUNT COUNTY,231,58 Years,1159,587,572,995,503,492,72,34,38,27,12,15,65,38,27
HUNT COUNTY,231,59 Years,1073,524,549,923,449,474,74,31,43,26,11,15,50,33,17
HUNT COUNTY,231,60 Years,1002,496,506,847,416,431,75,37,38,22,8,14,58,35,23
HUNT COUNTY,231,61 Years,990,471,519,838,405,433,67,29,38,25,5,20,60,32,28
HUNT COUNTY,231,62 Years,995,489,506,840,421,419,68,29,39,32,13,19,55,26,29
HUNT COUNTY,231,63 Years,981,480,501,837,414,423,61,30,31,30,14,16,53,22,31
HUNT COUNTY,231,64 Years,1001,485,516,856,417,439,65,30,35,30,11,19,50,27,23
HUNT COUNTY,231,65 Years,996,499,497,875,446,429,54,24,30,21,6,15,46,23,23
HUNT COUNTY,231,66 Years,837,401,436,716,340,376,60,29,31,21,11,10,40,21,19
HUNT COUNTY,231,67 Years,827,398,429,720,346,374,49,24,25,23,10,13,35,18,17
HUNT COUNTY,231,68 Years,810,400,410,723,358,365,43,23,20,17,7,10,27,12,15
HUNT COUNTY,231,69 Years,799,380,419,702,344,358,51,21,30,20,8,12,26,7,19
HUNT COUNTY,231,70 Years,762,364,398,681,329,352,38,15,23,15,5,10,28,15,13
HUNT COUNTY,231,71 Years,707,330,377,628,288,340,34,18,16,23,11,12,22,13,9
HUNT COUNTY,231,72 Years,632,301,331,570,268,302,26,14,12,18,11,7,18,8,10
HUNT COUNTY,231,73 Years,612,302,310,550,271,279,29,15,14,15,8,7,18,8,10
HUNT COUNTY,231,74 Years,585,288,297,519,254,265,31,13,18,16,11,5,19,10,9
HUNT COUNTY,231,75 Years,532,261,271,475,231,244,27,12,15,11,7,4,19,11,8
HUNT COUNTY,231,76 Years,541,247,294,476,221,255,31,11,20,10,5,5,24,10,14
HUNT COUNTY,231,77 Years,476,204,272,415,181,234,32,12,20,12,5,7,17,6,11
HUNT COUNTY,231,78 Years,418,164,254,375,148,227,27,10,17,7,3,4,9,3,6
HUNT COUNTY,231,79 Years,396,175,221,361,161,200,24,9,15,3,1,2,8,4,4
HUNT COUNTY,231,80 Years,382,175,207,347,162,185,23,9,14,3,1,2,9,3,6
HUNT COUNTY,231,81 Years,350,156,194,318,143,175,19,7,12,7,4,3,6,2,4
HUNT COUNTY,231,82 Years,305,129,176,276,120,156,19,5,14,4,2,2,6,2,4
HUNT COUNTY,231,83 Years,269,107,162,248,100,148,15,5,10,3,2,1,3,0,3
HUNT COUNTY,231,84 Years,237,95,142,216,86,130,12,6,6,4,2,2,5,1,4
HUNT COUNTY,231,85 Years +,1505,512,993,1378,467,911,73,21,52,15,6,9,39,18,21
HUTCHINSON COUNTY,233,All Ages,22268,11143,11125,16398,8136,8262,507,286,221,780,378,402,4583,2343,2240
HUTCHINSON COUNTY,233,< 1 Year,313,157,156,210,106,104,3,2,1,7,3,4,93,46,47
HUTCHINSON COUNTY,233,1 Years,306,154,152,210,106,104,4,2,2,9,5,4,83,41,42
HUTCHINSON COUNTY,233,2 Years,315,161,154,200,107,93,4,3,1,17,10,7,94,41,53
HUTCHINSON COUNTY,233,3 Years,323,165,158,201,108,93,5,3,2,17,9,8,100,45,55
HUTCHINSON COUNTY,233,4 Years,350,188,162,219,117,102,5,2,3,12,5,7,114,64,50
HUTCHINSON COUNTY,233,5 Years,318,157,161,195,98,97,6,3,3,13,3,10,104,53,51
HUTCHINSON COUNTY,233,6 Years,303,144,159,170,81,89,7,3,4,16,5,11,110,55,55
HUTCHINSON COUNTY,233,7 Years,335,158,177,208,101,107,4,2,2,14,6,8,109,49,60
HUTCHINSON COUNTY,233,8 Years,308,149,159,176,84,92,3,1,2,15,7,8,114,57,57
HUTCHINSON COUNTY,233,9 Years,315,161,154,177,91,86,5,2,3,14,10,4,119,58,61
HUTCHINSON COUNTY,233,10 Years,322,165,157,201,103,98,7,4,3,14,9,5,100,49,51
HUTCHINSON COUNTY,233,11 Years,332,184,148,207,119,88,10,6,4,14,10,4,101,49,52
HUTCHINSON COUNTY,233,12 Years,327,167,160,202,105,97,10,5,5,11,6,5,104,51,53
HUTCHINSON COUNTY,233,13 Years,325,164,161,209,106,103,8,5,3,15,8,7,93,45,48
HUTCHINSON COUNTY,233,14 Years,312,159,153,205,102,103,4,4,0,14,6,8,89,47,42
HUTCHINSON COUNTY,233,15 Years,321,156,165,209,107,102,9,4,5,12,5,7,91,40,51
HUTCHINSON COUNTY,233,16 Years,329,160,169,218,106,112,9,4,5,16,10,6,86,40,46
HUTCHINSON COUNTY,233,17 Years,350,182,168,231,118,113,9,6,3,13,5,8,97,53,44
HUTCHINSON COUNTY,233,18 Years,313,165,148,209,108,101,9,7,2,11,3,8,84,47,37
HUTCHINSON COUNTY,233,19 Years,312,171,141,209,108,101,12,7,5,10,7,3,81,49,32
HUTCHINSON COUNTY,233,20 Years,281,152,129,190,104,86,7,2,5,13,8,5,71,38,33
HUTCHINSON COUNTY,233,21 Years,252,134,118,163,93,70,10,5,5,7,4,3,72,32,40
HUTCHINSON COUNTY,233,22 Years,233,114,119,147,77,70,9,7,2,9,4,5,68,26,42
HUTCHINSON COUNTY,233,23 Years,229,105,124,146,70,76,6,5,1,11,5,6,66,25,41
HUTCHINSON COUNTY,233,24 Years,235,114,121,166,84,82,6,3,3,7,3,4,56,24,32
HUTCHINSON COUNTY,233,25 Years,230,110,120,161,73,88,6,2,4,7,3,4,56,32,24
HUTCHINSON COUNTY,233,26 Years,249,127,122,174,86,88,4,2,2,9,4,5,62,35,27
HUTCHINSON COUNTY,233,27 Years,254,127,127,172,79,93,7,5,2,9,5,4,66,38,28
HUTCHINSON COUNTY,233,28 Years,259,138,121,181,93,88,9,8,1,9,5,4,60,32,28
HUTCHINSON COUNTY,233,29 Years,297,151,146,210,105,105,7,5,2,8,4,4,72,37,35
HUTCHINSON COUNTY,233,30 Years,263,134,129,173,84,89,7,5,2,9,5,4,74,40,34
HUTCHINSON COUNTY,233,31 Years,248,135,113,165,85,80,6,5,1,8,5,3,69,40,29
HUTCHINSON COUNTY,233,32 Years,269,140,129,189,97,92,6,4,2,6,3,3,68,36,32
HUTCHINSON COUNTY,233,33 Years,278,139,139,192,99,93,6,4,2,9,5,4,71,31,40
HUTCHINSON COUNTY,233,34 Years,283,139,144,195,97,98,9,5,4,14,4,10,65,33,32
HUTCHINSON COUNTY,233,35 Years,283,139,144,194,92,102,10,7,3,9,5,4,70,35,35
HUTCHINSON COUNTY,233,36 Years,258,137,121,182,93,89,5,4,1,10,7,3,61,33,28
HUTCHINSON COUNTY,233,37 Years,277,142,135,191,93,98,8,4,4,9,5,4,69,40,29
HUTCHINSON COUNTY,233,38 Years,264,127,137,180,81,99,6,4,2,6,2,4,72,40,32
HUTCHINSON COUNTY,233,39 Years,279,138,141,193,93,100,7,4,3,7,3,4,72,38,34
HUTCHINSON COUNTY,233,40 Years,265,127,138,187,86,101,9,4,5,10,6,4,59,31,28
HUTCHINSON COUNTY,233,41 Years,254,124,130,179,87,92,5,2,3,9,5,4,61,30,31
HUTCHINSON COUNTY,233,42 Years,259,122,137,196,91,105,3,2,1,6,3,3,54,26,28
HUTCHINSON COUNTY,233,43 Years,248,123,125,173,79,94,6,5,1,10,7,3,59,32,27
HUTCHINSON COUNTY,233,44 Years,243,124,119,176,87,89,3,2,1,10,4,6,54,31,23
HUTCHINSON COUNTY,233,45 Years,242,128,114,175,91,84,5,0,5,8,4,4,54,33,21
HUTCHINSON COUNTY,233,46 Years,229,117,112,169,87,82,6,3,3,11,6,5,43,21,22
HUTCHINSON COUNTY,233,47 Years,234,119,115,176,86,90,9,6,3,6,4,2,43,23,20
HUTCHINSON COUNTY,233,48 Years,278,132,146,208,100,108,4,3,1,12,5,7,54,24,30
HUTCHINSON COUNTY,233,49 Years,285,144,141,214,109,105,6,3,3,12,5,7,53,27,26
HUTCHINSON COUNTY,233,50 Years,306,158,148,245,124,121,7,3,4,8,4,4,46,27,19
HUTCHINSON COUNTY,233,51 Years,330,171,159,264,134,130,6,3,3,15,8,7,45,26,19
HUTCHINSON COUNTY,233,52 Years,321,176,145,251,128,123,11,6,5,12,9,3,47,33,14
HUTCHINSON COUNTY,233,53 Years,331,167,164,269,136,133,9,5,4,9,3,6,44,23,21
HUTCHINSON COUNTY,233,54 Years,345,173,172,283,145,138,8,5,3,8,3,5,46,20,26
HUTCHINSON COUNTY,233,55 Years,366,191,175,297,154,143,10,6,4,8,5,3,51,26,25
HUTCHINSON COUNTY,233,56 Years,328,171,157,271,140,131,14,8,6,9,5,4,34,18,16
HUTCHINSON COUNTY,233,57 Years,341,178,163,286,147,139,15,8,7,11,6,5,29,17,12
HUTCHINSON COUNTY,233,58 Years,333,174,159,276,141,135,11,4,7,13,6,7,33,23,10
HUTCHINSON COUNTY,233,59 Years,339,162,177,280,136,144,8,4,4,15,5,10,36,17,19
HUTCHINSON COUNTY,233,60 Years,295,146,149,249,127,122,7,4,3,10,2,8,29,13,16
HUTCHINSON COUNTY,233,61 Years,316,157,159,268,134,134,5,2,3,10,4,6,33,17,16
HUTCHINSON COUNTY,233,62 Years,272,144,128,231,121,110,4,2,2,8,2,6,29,19,10
HUTCHINSON COUNTY,233,63 Years,241,123,118,206,108,98,8,5,3,4,0,4,23,10,13
HUTCHINSON COUNTY,233,64 Years,256,133,123,216,110,106,7,4,3,6,3,3,27,16,11
HUTCHINSON COUNTY,233,65 Years,219,113,106,193,99,94,6,4,2,3,1,2,17,9,8
HUTCHINSON COUNTY,233,66 Years,194,92,102,170,82,88,3,2,1,3,1,2,18,7,11
HUTCHINSON COUNTY,233,67 Years,196,96,100,171,84,87,4,3,1,4,0,4,17,9,8
HUTCHINSON COUNTY,233,68 Years,197,106,91,170,95,75,1,0,1,9,3,6,17,8,9
HUTCHINSON COUNTY,233,69 Years,174,87,87,154,76,78,2,1,1,5,2,3,13,8,5
HUTCHINSON COUNTY,233,70 Years,170,73,97,152,63,89,7,4,3,1,1,0,10,5,5
HUTCHINSON COUNTY,233,71 Years,150,80,70,133,69,64,4,3,1,1,0,1,12,8,4
HUTCHINSON COUNTY,233,72 Years,160,83,77,136,70,66,3,1,2,11,7,4,10,5,5
HUTCHINSON COUNTY,233,73 Years,145,64,81,129,53,76,2,1,1,7,5,2,7,5,2
HUTCHINSON COUNTY,233,74 Years,127,56,71,115,48,67,1,0,1,6,5,1,5,3,2
HUTCHINSON COUNTY,233,75 Years,141,67,74,130,61,69,1,0,1,6,3,3,4,3,1
HUTCHINSON COUNTY,233,76 Years,137,69,68,122,63,59,2,1,1,6,3,3,7,2,5
HUTCHINSON COUNTY,233,77 Years,120,50,70,109,47,62,0,0,0,4,2,2,7,1,6
HUTCHINSON COUNTY,233,78 Years,119,54,65,107,48,59,0,0,0,4,2,2,8,4,4
HUTCHINSON COUNTY,233,79 Years,126,52,74,112,45,67,1,0,1,4,1,3,9,6,3
HUTCHINSON COUNTY,233,80 Years,123,53,70,112,49,63,2,0,2,3,1,2,6,3,3
HUTCHINSON COUNTY,233,81 Years,112,48,64,103,43,60,2,1,1,3,1,2,4,3,1
HUTCHINSON COUNTY,233,82 Years,109,45,64,103,41,62,0,0,0,3,1,2,3,3,0
HUTCHINSON COUNTY,233,83 Years,98,39,59,93,38,55,0,0,0,2,1,1,3,0,3
HUTCHINSON COUNTY,233,84 Years,98,41,57,91,38,53,0,0,0,4,2,2,3,1,2
HUTCHINSON COUNTY,233,85 Years +,446,182,264,418,177,241,6,1,5,11,1,10,11,3,8
IRION COUNTY,235,All Ages,1698,871,827,1211,613,598,10,7,3,32,17,15,445,234,211
IRION COUNTY,235,< 1 Year,18,9,9,11,6,5,0,0,0,0,0,0,7,3,4
IRION COUNTY,235,1 Years,15,8,7,9,5,4,0,0,0,0,0,0,6,3,3
IRION COUNTY,235,2 Years,16,8,8,12,5,7,0,0,0,0,0,0,4,3,1
IRION COUNTY,235,3 Years,15,9,6,10,5,5,0,0,0,0,0,0,5,4,1
IRION COUNTY,235,4 Years,17,9,8,11,6,5,0,0,0,1,1,0,5,2,3
IRION COUNTY,235,5 Years,12,7,5,6,3,3,0,0,0,0,0,0,6,4,2
IRION COUNTY,235,6 Years,12,6,6,7,2,5,0,0,0,0,0,0,5,4,1
IRION COUNTY,235,7 Years,13,7,6,6,2,4,0,0,0,1,1,0,6,4,2
IRION COUNTY,235,8 Years,21,9,12,14,5,9,0,0,0,0,0,0,7,4,3
IRION COUNTY,235,9 Years,20,13,7,9,5,4,0,0,0,2,2,0,9,6,3
IRION COUNTY,235,10 Years,24,16,8,18,12,6,0,0,0,1,0,1,5,4,1
IRION COUNTY,235,11 Years,16,10,6,12,7,5,0,0,0,0,0,0,4,3,1
IRION COUNTY,235,12 Years,24,15,9,16,10,6,0,0,0,1,1,0,7,4,3
IRION COUNTY,235,13 Years,23,11,12,15,7,8,0,0,0,0,0,0,8,4,4
IRION COUNTY,235,14 Years,18,8,10,12,5,7,0,0,0,1,0,1,5,3,2
IRION COUNTY,235,15 Years,29,15,14,17,8,9,0,0,0,0,0,0,12,7,5
IRION COUNTY,235,16 Years,32,19,13,20,12,8,1,1,0,0,0,0,11,6,5
IRION COUNTY,235,17 Years,30,16,14,15,7,8,1,1,0,0,0,0,14,8,6
IRION COUNTY,235,18 Years,31,17,14,18,8,10,1,1,0,0,0,0,12,8,4
IRION COUNTY,235,19 Years,31,17,14,20,10,10,1,1,0,0,0,0,10,6,4
IRION COUNTY,235,20 Years,30,16,14,16,9,7,1,1,0,0,0,0,13,6,7
IRION COUNTY,235,21 Years,20,13,7,10,8,2,0,0,0,1,0,1,9,5,4
IRION COUNTY,235,22 Years,10,6,4,5,4,1,0,0,0,0,0,0,5,2,3
IRION COUNTY,235,23 Years,16,9,7,9,6,3,0,0,0,1,0,1,6,3,3
IRION COUNTY,235,24 Years,10,6,4,7,5,2,0,0,0,1,0,1,2,1,1
IRION COUNTY,235,25 Years,16,6,10,10,4,6,0,0,0,0,0,0,6,2,4
IRION COUNTY,235,26 Years,15,8,7,11,7,4,0,0,0,1,0,1,3,1,2
IRION COUNTY,235,27 Years,19,10,9,15,6,9,0,0,0,0,0,0,4,4,0
IRION COUNTY,235,28 Years,18,10,8,13,7,6,0,0,0,0,0,0,5,3,2
IRION COUNTY,235,29 Years,11,7,4,8,6,2,0,0,0,0,0,0,3,1,2
IRION COUNTY,235,30 Years,9,5,4,7,4,3,0,0,0,0,0,0,2,1,1
IRION COUNTY,235,31 Years,12,6,6,8,4,4,0,0,0,1,1,0,3,1,2
IRION COUNTY,235,32 Years,10,5,5,7,4,3,0,0,0,1,1,0,2,0,2
IRION COUNTY,235,33 Years,10,4,6,7,3,4,0,0,0,0,0,0,3,1,2
IRION COUNTY,235,34 Years,20,8,12,15,6,9,0,0,0,0,0,0,5,2,3
IRION COUNTY,235,35 Years,18,7,11,11,4,7,0,0,0,1,0,1,6,3,3
IRION COUNTY,235,36 Years,13,5,8,8,3,5,0,0,0,0,0,0,5,2,3
IRION COUNTY,235,37 Years,16,9,7,12,8,4,0,0,0,0,0,0,4,1,3
IRION COUNTY,235,38 Years,16,8,8,12,7,5,0,0,0,0,0,0,4,1,3
IRION COUNTY,235,39 Years,19,10,9,16,9,7,0,0,0,0,0,0,3,1,2
IRION COUNTY,235,40 Years,22,13,9,18,12,6,1,0,1,1,0,1,2,1,1
IRION COUNTY,235,41 Years,16,9,7,10,6,4,0,0,0,2,0,2,4,3,1
IRION COUNTY,235,42 Years,23,7,16,19,6,13,0,0,0,0,0,0,4,1,3
IRION COUNTY,235,43 Years,26,10,16,21,8,13,0,0,0,0,0,0,5,2,3
IRION COUNTY,235,44 Years,21,11,10,16,7,9,0,0,0,0,0,0,5,4,1
IRION COUNTY,235,45 Years,21,10,11,14,7,7,0,0,0,0,0,0,7,3,4
IRION COUNTY,235,46 Years,16,9,7,9,6,3,0,0,0,0,0,0,7,3,4
IRION COUNTY,235,47 Years,30,15,15,22,12,10,0,0,0,0,0,0,8,3,5
IRION COUNTY,235,48 Years,30,17,13,20,12,8,0,0,0,1,0,1,9,5,4
IRION COUNTY,235,49 Years,32,20,12,24,13,11,1,1,0,1,1,0,6,5,1
IRION COUNTY,235,50 Years,30,12,18,24,8,16,0,0,0,1,1,0,5,3,2
IRION COUNTY,235,51 Years,29,11,18,22,8,14,0,0,0,2,0,2,5,3,2
IRION COUNTY,235,52 Years,30,18,12,24,15,9,0,0,0,1,0,1,5,3,2
IRION COUNTY,235,53 Years,32,18,14,26,15,11,0,0,0,0,0,0,6,3,3
IRION COUNTY,235,54 Years,33,18,15,27,15,12,0,0,0,1,1,0,5,2,3
IRION COUNTY,235,55 Years,36,16,20,26,14,12,0,0,0,1,1,0,9,1,8
IRION COUNTY,235,56 Years,27,16,11,13,9,4,0,0,0,0,0,0,14,7,7
IRION COUNTY,235,57 Years,20,7,13,14,5,9,1,0,1,0,0,0,5,2,3
IRION COUNTY,235,58 Years,22,10,12,16,5,11,0,0,0,0,0,0,6,5,1
IRION COUNTY,235,59 Years,28,11,17,23,8,15,0,0,0,0,0,0,5,3,2
IRION COUNTY,235,60 Years,19,8,11,17,8,9,0,0,0,0,0,0,2,0,2
IRION COUNTY,235,61 Years,15,10,5,12,8,4,0,0,0,0,0,0,3,2,1
IRION COUNTY,235,62 Years,26,14,12,21,10,11,0,0,0,0,0,0,5,4,1
IRION COUNTY,235,63 Years,23,12,11,20,9,11,0,0,0,0,0,0,3,3,0
IRION COUNTY,235,64 Years,29,18,11,23,15,8,0,0,0,0,0,0,6,3,3
IRION COUNTY,235,65 Years,28,16,12,20,10,10,0,0,0,1,1,0,7,5,2
IRION COUNTY,235,66 Years,17,8,9,11,5,6,0,0,0,0,0,0,6,3,3
IRION COUNTY,235,67 Years,15,3,12,13,3,10,0,0,0,0,0,0,2,0,2
IRION COUNTY,235,68 Years,25,13,12,19,10,9,0,0,0,2,1,1,4,2,2
IRION COUNTY,235,69 Years,21,12,9,17,9,8,1,1,0,1,1,0,2,1,1
IRION COUNTY,235,70 Years,22,13,9,19,12,7,0,0,0,0,0,0,3,1,2
IRION COUNTY,235,71 Years,26,16,10,24,15,9,0,0,0,0,0,0,2,1,1
IRION COUNTY,235,72 Years,17,7,10,15,7,8,1,0,1,0,0,0,1,0,1
IRION COUNTY,235,73 Years,15,6,9,13,6,7,0,0,0,0,0,0,2,0,2
IRION COUNTY,235,74 Years,13,8,5,11,6,5,0,0,0,0,0,0,2,2,0
IRION COUNTY,235,75 Years,9,6,3,5,3,2,0,0,0,0,0,0,4,3,1
IRION COUNTY,235,76 Years,11,5,6,7,3,4,0,0,0,0,0,0,4,2,2
IRION COUNTY,235,77 Years,14,4,10,12,4,8,0,0,0,0,0,0,2,0,2
IRION COUNTY,235,78 Years,14,6,8,10,4,6,0,0,0,0,0,0,4,2,2
IRION COUNTY,235,79 Years,12,6,6,10,6,4,0,0,0,0,0,0,2,0,2
IRION COUNTY,235,80 Years,14,7,7,12,6,6,0,0,0,0,0,0,2,1,1
IRION COUNTY,235,81 Years,11,5,6,7,2,5,0,0,0,0,0,0,4,3,1
IRION COUNTY,235,82 Years,8,3,5,7,2,5,0,0,0,0,0,0,1,1,0
IRION COUNTY,235,83 Years,6,4,2,5,3,2,0,0,0,0,0,0,1,1,0
IRION COUNTY,235,84 Years,8,3,5,6,3,3,0,0,0,0,0,0,2,0,2
IRION COUNTY,235,85 Years +,31,13,18,22,9,13,0,0,0,3,3,0,6,1,5
JACK COUNTY,237,All Ages,9129,5075,4054,7313,3900,3413,334,301,33,138,62,76,1344,812,532
JACK COUNTY,237,< 1 Year,96,49,47,72,39,33,0,0,0,2,1,1,22,9,13
JACK COUNTY,237,1 Years,98,50,48,75,38,37,0,0,0,1,1,0,22,11,11
JACK COUNTY,237,2 Years,97,41,56,67,25,42,2,0,2,2,2,0,26,14,12
JACK COUNTY,237,3 Years,91,42,49,60,25,35,2,0,2,1,0,1,28,17,11
JACK COUNTY,237,4 Years,91,51,40,63,34,29,0,0,0,1,1,0,27,16,11
JACK COUNTY,237,5 Years,103,62,41,73,44,29,1,1,0,4,2,2,25,15,10
JACK COUNTY,237,6 Years,103,57,46,74,42,32,1,1,0,5,4,1,23,10,13
JACK COUNTY,237,7 Years,100,58,42,68,44,24,1,1,0,1,1,0,30,12,18
JACK COUNTY,237,8 Years,101,53,48,71,39,32,2,2,0,1,0,1,27,12,15
JACK COUNTY,237,9 Years,106,50,56,78,37,41,2,1,1,1,0,1,25,12,13
JACK COUNTY,237,10 Years,102,49,53,83,39,44,1,1,0,1,0,1,17,9,8
JACK COUNTY,237,11 Years,111,52,59,91,44,47,2,0,2,1,0,1,17,8,9
JACK COUNTY,237,12 Years,135,73,62,104,56,48,3,2,1,0,0,0,28,15,13
JACK COUNTY,237,13 Years,129,65,64,100,50,50,1,0,1,2,1,1,26,14,12
JACK COUNTY,237,14 Years,119,57,62,93,46,47,0,0,0,2,1,1,24,10,14
JACK COUNTY,237,15 Years,123,60,63,98,48,50,3,1,2,2,0,2,20,11,9
JACK COUNTY,237,16 Years,119,53,66,97,43,54,1,0,1,2,0,2,19,10,9
JACK COUNTY,237,17 Years,113,53,60,91,45,46,0,0,0,3,1,2,19,7,12
JACK COUNTY,237,18 Years,134,77,57,104,63,41,2,2,0,2,1,1,26,11,15
JACK COUNTY,237,19 Years,148,94,54,106,63,43,10,10,0,1,1,0,31,20,11
JACK COUNTY,237,20 Years,147,98,49,99,60,39,7,7,0,4,4,0,37,27,10
JACK COUNTY,237,21 Years,131,88,43,84,51,33,15,15,0,1,0,1,31,22,9
JACK COUNTY,237,22 Years,122,85,37,82,54,28,13,13,0,0,0,0,27,18,9
JACK COUNTY,237,23 Years,120,82,38,74,47,27,11,11,0,2,1,1,33,23,10
JACK COUNTY,237,24 Years,136,82,54,93,53,40,3,3,0,5,3,2,35,23,12
JACK COUNTY,237,25 Years,124,86,38,81,50,31,12,12,0,1,1,0,30,23,7
JACK COUNTY,237,26 Years,136,92,44,93,60,33,6,6,0,1,1,0,36,25,11
JACK COUNTY,237,27 Years,140,100,40,104,74,30,14,14,0,1,0,1,21,12,9
JACK COUNTY,237,28 Years,122,86,36,88,59,29,7,7,0,3,2,1,24,18,6
JACK COUNTY,237,29 Years,115,78,37,76,46,30,15,14,1,2,1,1,22,17,5
JACK COUNTY,237,30 Years,111,75,36,77,49,28,9,8,1,0,0,0,25,18,7
JACK COUNTY,237,31 Years,104,62,42,74,42,32,9,9,0,1,0,1,20,11,9
JACK COUNTY,237,32 Years,106,70,36,69,44,25,13,12,1,2,1,1,22,13,9
JACK COUNTY,237,33 Years,99,65,34,73,45,28,9,8,1,1,0,1,16,12,4
JACK COUNTY,237,34 Years,105,68,37,72,44,28,6,6,0,1,0,1,26,18,8
JACK COUNTY,237,35 Years,100,60,40,74,39,35,4,4,0,1,1,0,21,16,5
JACK COUNTY,237,36 Years,106,67,39,80,47,33,8,8,0,2,1,1,16,11,5
JACK COUNTY,237,37 Years,119,67,52,86,45,41,6,6,0,2,0,2,25,16,9
JACK COUNTY,237,38 Years,119,70,49,88,48,40,6,5,1,0,0,0,25,17,8
JACK COUNTY,237,39 Years,120,65,55,82,39,43,8,8,0,1,0,1,29,18,11
JACK COUNTY,237,40 Years,111,63,48,78,38,40,9,9,0,2,1,1,22,15,7
JACK COUNTY,237,41 Years,118,68,50,90,48,42,8,7,1,3,2,1,17,11,6
JACK COUNTY,237,42 Years,129,75,54,103,62,41,3,3,0,4,1,3,19,9,10
JACK COUNTY,237,43 Years,119,70,49,89,48,41,6,6,0,4,2,2,20,14,6
JACK COUNTY,237,44 Years,140,82,58,111,63,48,6,6,0,1,0,1,22,13,9
JACK COUNTY,237,45 Years,123,76,47,98,57,41,9,9,0,0,0,0,16,10,6
JACK COUNTY,237,46 Years,123,75,48,105,60,45,5,5,0,1,1,0,12,9,3
JACK COUNTY,237,47 Years,141,85,56,117,66,51,7,7,0,2,1,1,15,11,4
JACK COUNTY,237,48 Years,141,84,57,118,68,50,8,7,1,1,0,1,14,9,5
JACK COUNTY,237,49 Years,137,81,56,117,65,52,4,4,0,1,0,1,15,12,3
JACK COUNTY,237,50 Years,140,80,60,117,68,49,2,2,0,3,0,3,18,10,8
JACK COUNTY,237,51 Years,141,74,67,117,61,56,5,4,1,3,1,2,16,8,8
JACK COUNTY,237,52 Years,142,78,64,116,59,57,8,7,1,2,1,1,16,11,5
JACK COUNTY,237,53 Years,133,74,59,113,61,52,5,4,1,3,2,1,12,7,5
JACK COUNTY,237,54 Years,123,70,53,104,55,49,6,6,0,1,1,0,12,8,4
JACK COUNTY,237,55 Years,124,68,56,109,58,51,3,2,1,3,2,1,9,6,3
JACK COUNTY,237,56 Years,135,73,62,124,67,57,4,3,1,2,0,2,5,3,2
JACK COUNTY,237,57 Years,113,60,53,104,56,48,0,0,0,3,0,3,6,4,2
JACK COUNTY,237,58 Years,102,55,47,93,49,44,1,0,1,2,1,1,6,5,1
JACK COUNTY,237,59 Years,139,70,69,126,64,62,2,1,1,3,1,2,8,4,4
JACK COUNTY,237,60 Years,118,58,60,106,52,54,3,2,1,4,2,2,5,2,3
JACK COUNTY,237,61 Years,90,46,44,82,42,40,2,0,2,3,2,1,3,2,1
JACK COUNTY,237,62 Years,90,49,41,85,45,40,1,1,0,1,0,1,3,3,0
JACK COUNTY,237,63 Years,109,54,55,103,48,55,3,3,0,1,1,0,2,2,0
JACK COUNTY,237,64 Years,107,53,54,104,50,54,2,2,0,0,0,0,1,1,0
JACK COUNTY,237,65 Years,106,49,57,104,48,56,1,0,1,0,0,0,1,1,0
JACK COUNTY,237,66 Years,90,50,40,85,49,36,0,0,0,1,0,1,4,1,3
JACK COUNTY,237,67 Years,93,47,46,86,43,43,1,1,0,2,1,1,4,2,2
JACK COUNTY,237,68 Years,85,37,48,81,36,45,1,1,0,1,0,1,2,0,2
JACK COUNTY,237,69 Years,81,31,50,77,30,47,0,0,0,1,0,1,3,1,2
JACK COUNTY,237,70 Years,80,42,38,73,39,34,1,0,1,1,0,1,5,3,2
JACK COUNTY,237,71 Years,83,43,40,77,40,37,0,0,0,4,1,3,2,2,0
JACK COUNTY,237,72 Years,76,37,39,71,34,37,0,0,0,1,1,0,4,2,2
JACK COUNTY,237,73 Years,69,35,34,63,31,32,1,1,0,0,0,0,5,3,2
JACK COUNTY,237,74 Years,69,35,34,67,34,33,0,0,0,0,0,0,2,1,1
JACK COUNTY,237,75 Years,49,19,30,48,19,29,0,0,0,0,0,0,1,0,1
JACK COUNTY,237,76 Years,64,31,33,59,27,32,0,0,0,3,3,0,2,1,1
JACK COUNTY,237,77 Years,64,28,36,60,27,33,0,0,0,2,1,1,2,0,2
JACK COUNTY,237,78 Years,50,22,28,49,22,27,0,0,0,1,0,1,0,0,0
JACK COUNTY,237,79 Years,49,26,23,48,25,23,0,0,0,0,0,0,1,1,0
JACK COUNTY,237,80 Years,42,19,23,36,16,20,0,0,0,1,0,1,5,3,2
JACK COUNTY,237,81 Years,37,15,22,35,14,21,0,0,0,0,0,0,2,1,1
JACK COUNTY,237,82 Years,43,17,26,42,17,25,0,0,0,0,0,0,1,0,1
JACK COUNTY,237,83 Years,43,18,25,42,18,24,0,0,0,0,0,0,1,0,1
JACK COUNTY,237,84 Years,34,15,19,34,15,19,0,0,0,0,0,0,0,0,0
JACK COUNTY,237,85 Years +,133,46,87,130,46,84,2,0,2,1,0,1,0,0,0
JACKSON COUNTY,239,All Ages,14228,7034,7194,8828,4317,4511,958,453,505,207,104,103,4235,2160,2075
JACKSON COUNTY,239,< 1 Year,189,90,99,95,42,53,15,8,7,3,2,1,76,38,38
JACKSON COUNTY,239,1 Years,189,93,96,99,48,51,12,6,6,1,1,0,77,38,39
JACKSON COUNTY,239,2 Years,206,113,93,95,54,41,18,6,12,5,2,3,88,51,37
JACKSON COUNTY,239,3 Years,205,99,106,89,47,42,16,7,9,6,4,2,94,41,53
JACKSON COUNTY,239,4 Years,207,96,111,82,41,41,21,15,6,8,4,4,96,36,60
JACKSON COUNTY,239,5 Years,200,90,110,80,39,41,16,10,6,5,2,3,99,39,60
JACKSON COUNTY,239,6 Years,212,96,116,94,41,53,15,7,8,5,1,4,98,47,51
JACKSON COUNTY,239,7 Years,199,94,105,91,44,47,14,7,7,4,1,3,90,42,48
JACKSON COUNTY,239,8 Years,199,101,98,93,44,49,14,7,7,4,1,3,88,49,39
JACKSON COUNTY,239,9 Years,195,96,99,89,42,47,17,10,7,3,2,1,86,42,44
JACKSON COUNTY,239,10 Years,184,89,95,98,46,52,18,10,8,2,1,1,66,32,34
JACKSON COUNTY,239,11 Years,200,108,92,100,54,46,12,7,5,1,1,0,87,46,41
JACKSON COUNTY,239,12 Years,213,117,96,102,56,46,13,5,8,3,1,2,95,55,40
JACKSON COUNTY,239,13 Years,178,95,83,100,53,47,9,3,6,2,1,1,67,38,29
JACKSON COUNTY,239,14 Years,197,112,85,111,63,48,16,8,8,2,1,1,68,40,28
JACKSON COUNTY,239,15 Years,220,118,102,116,65,51,17,9,8,2,1,1,85,43,42
JACKSON COUNTY,239,16 Years,200,102,98,106,57,49,15,7,8,2,1,1,77,37,40
JACKSON COUNTY,239,17 Years,186,101,85,102,60,42,17,9,8,5,1,4,62,31,31
JACKSON COUNTY,239,18 Years,180,97,83,99,52,47,19,12,7,4,2,2,58,31,27
JACKSON COUNTY,239,19 Years,200,112,88,109,64,45,20,12,8,3,2,1,68,34,34
JACKSON COUNTY,239,20 Years,198,104,94,107,52,55,16,9,7,4,3,1,71,40,31
JACKSON COUNTY,239,21 Years,178,84,94,97,41,56,15,8,7,5,4,1,61,31,30
JACKSON COUNTY,239,22 Years,147,67,80,72,28,44,11,7,4,3,1,2,61,31,30
JACKSON COUNTY,239,23 Years,139,80,59,76,44,32,10,7,3,3,2,1,50,27,23
JACKSON COUNTY,239,24 Years,144,76,68,76,43,33,12,6,6,3,2,1,53,25,28
JACKSON COUNTY,239,25 Years,147,74,73,83,47,36,9,1,8,2,2,0,53,24,29
JACKSON COUNTY,239,26 Years,164,86,78,89,44,45,9,5,4,2,1,1,64,36,28
JACKSON COUNTY,239,27 Years,155,84,71,83,45,38,7,4,3,2,2,0,63,33,30
JACKSON COUNTY,239,28 Years,160,81,79,97,49,48,10,6,4,2,1,1,51,25,26
JACKSON COUNTY,239,29 Years,187,96,91,110,56,54,12,5,7,2,0,2,63,35,28
JACKSON COUNTY,239,30 Years,175,90,85,104,57,47,12,2,10,3,0,3,56,31,25
JACKSON COUNTY,239,31 Years,175,86,89,100,52,48,10,3,7,1,0,1,64,31,33
JACKSON COUNTY,239,32 Years,170,83,87,95,46,49,9,6,3,1,0,1,65,31,34
JACKSON COUNTY,239,33 Years,174,91,83,104,55,49,13,7,6,0,0,0,57,29,28
JACKSON COUNTY,239,34 Years,165,78,87,100,46,54,13,4,9,2,1,1,50,27,23
JACKSON COUNTY,239,35 Years,144,71,73,82,40,42,9,2,7,1,0,1,52,29,23
JACKSON COUNTY,239,36 Years,131,64,67,81,41,40,6,4,2,0,0,0,44,19,25
JACKSON COUNTY,239,37 Years,152,84,68,90,47,43,6,4,2,2,0,2,54,33,21
JACKSON COUNTY,239,38 Years,149,68,81,82,37,45,9,4,5,0,0,0,58,27,31
JACKSON COUNTY,239,39 Years,164,78,86,97,41,56,9,6,3,2,2,0,56,29,27
JACKSON COUNTY,239,40 Years,169,78,91,110,47,63,7,4,3,2,2,0,50,25,25
JACKSON COUNTY,239,41 Years,154,78,76,101,50,51,11,7,4,1,1,0,41,20,21
JACKSON COUNTY,239,42 Years,145,76,69,90,48,42,8,2,6,4,3,1,43,23,20
JACKSON COUNTY,239,43 Years,151,78,73,95,48,47,8,3,5,1,0,1,47,27,20
JACKSON COUNTY,239,44 Years,157,81,76,99,49,50,11,5,6,2,1,1,45,26,19
JACKSON COUNTY,239,45 Years,143,74,69,95,48,47,10,6,4,1,1,0,37,19,18
JACKSON COUNTY,239,46 Years,174,90,84,113,61,52,9,5,4,2,1,1,50,23,27
JACKSON COUNTY,239,47 Years,195,95,100,117,59,58,9,1,8,3,3,0,66,32,34
JACKSON COUNTY,239,48 Years,201,91,110,123,54,69,18,9,9,5,3,2,55,25,30
JACKSON COUNTY,239,49 Years,198,100,98,126,62,64,16,8,8,3,2,1,53,28,25
JACKSON COUNTY,239,50 Years,199,94,105,133,63,70,9,3,6,2,2,0,55,26,29
JACKSON COUNTY,239,51 Years,220,112,108,149,79,70,13,4,9,5,3,2,53,26,27
JACKSON COUNTY,239,52 Years,196,103,93,134,71,63,12,6,6,2,1,1,48,25,23
JACKSON COUNTY,239,53 Years,201,103,98,144,74,70,15,4,11,0,0,0,42,25,17
JACKSON COUNTY,239,54 Years,221,104,117,154,72,82,14,4,10,3,1,2,50,27,23
JACKSON COUNTY,239,55 Years,198,102,96,130,65,65,12,6,6,4,2,2,52,29,23
JACKSON COUNTY,239,56 Years,211,98,113,147,65,82,11,6,5,2,1,1,51,26,25
JACKSON COUNTY,239,57 Years,220,107,113,157,70,87,17,10,7,1,1,0,45,26,19
JACKSON COUNTY,239,58 Years,208,97,111,147,62,85,15,7,8,3,1,2,43,27,16
JACKSON COUNTY,239,59 Years,203,103,100,144,75,69,14,5,9,3,2,1,42,21,21
JACKSON COUNTY,239,60 Years,193,107,86,137,75,62,15,9,6,3,2,1,38,21,17
JACKSON COUNTY,239,61 Years,198,105,93,138,70,68,17,8,9,4,3,1,39,24,15
JACKSON COUNTY,239,62 Years,174,89,85,124,65,59,15,6,9,3,1,2,32,17,15
JACKSON COUNTY,239,63 Years,147,69,78,101,49,52,16,7,9,4,2,2,26,11,15
JACKSON COUNTY,239,64 Years,149,75,74,114,56,58,9,4,5,2,0,2,24,15,9
JACKSON COUNTY,239,65 Years,151,76,75,118,53,65,10,6,4,3,2,1,20,15,5
JACKSON COUNTY,239,66 Years,151,75,76,114,54,60,9,5,4,1,1,0,27,15,12
JACKSON COUNTY,239,67 Years,133,67,66,102,50,52,8,5,3,2,2,0,21,10,11
JACKSON COUNTY,239,68 Years,139,69,70,104,49,55,8,5,3,1,1,0,26,14,12
JACKSON COUNTY,239,69 Years,146,60,86,115,48,67,7,3,4,0,0,0,24,9,15
JACKSON COUNTY,239,70 Years,131,60,71,112,52,60,3,1,2,2,1,1,14,6,8
JACKSON COUNTY,239,71 Years,130,62,68,107,52,55,5,1,4,3,1,2,15,8,7
JACKSON COUNTY,239,72 Years,115,54,61,92,44,48,6,2,4,1,0,1,16,8,8
JACKSON COUNTY,239,73 Years,110,55,55,85,45,40,5,1,4,3,0,3,17,9,8
JACKSON COUNTY,239,74 Years,103,55,48,82,42,40,2,1,1,2,1,1,17,11,6
JACKSON COUNTY,239,75 Years,93,34,59,75,27,48,2,0,2,1,0,1,15,7,8
JACKSON COUNTY,239,76 Years,101,41,60,81,32,49,4,2,2,0,0,0,16,7,9
JACKSON COUNTY,239,77 Years,86,45,41,67,36,31,3,2,1,2,1,1,14,6,8
JACKSON COUNTY,239,78 Years,84,34,50,62,26,36,6,3,3,3,2,1,13,3,10
JACKSON COUNTY,239,79 Years,93,34,59,75,28,47,7,2,5,1,0,1,10,4,6
JACKSON COUNTY,239,80 Years,82,30,52,68,26,42,3,0,3,2,0,2,9,4,5
JACKSON COUNTY,239,81 Years,85,36,49,71,32,39,5,1,4,1,0,1,8,3,5
JACKSON COUNTY,239,82 Years,69,30,39,55,25,30,3,1,2,1,0,1,10,4,6
JACKSON COUNTY,239,83 Years,66,28,38,52,22,30,5,1,4,0,0,0,9,5,4
JACKSON COUNTY,239,84 Years,55,26,29,44,22,22,3,0,3,0,0,0,8,4,4
JACKSON COUNTY,239,85 Years +,303,110,193,250,92,158,22,7,15,3,0,3,28,11,17
JASPER COUNTY,241,All Ages,36086,17758,18328,27074,13223,13851,6016,2919,3097,872,410,462,2124,1206,918
JASPER COUNTY,241,< 1 Year,448,231,217,321,161,160,82,42,40,11,7,4,34,21,13
JASPER COUNTY,241,1 Years,457,234,223,332,168,164,81,41,40,10,6,4,34,19,15
JASPER COUNTY,241,2 Years,494,234,260,334,159,175,91,40,51,23,9,14,46,26,20
JASPER COUNTY,241,3 Years,484,233,251,308,146,162,95,49,46,30,11,19,51,27,24
JASPER COUNTY,241,4 Years,489,234,255,323,153,170,96,46,50,27,12,15,43,23,20
JASPER COUNTY,241,5 Years,510,255,255,335,170,165,96,48,48,29,11,18,50,26,24
JASPER COUNTY,241,6 Years,488,248,240,325,171,154,89,45,44,23,8,15,51,24,27
JASPER COUNTY,241,7 Years,516,268,248,336,176,160,97,51,46,27,12,15,56,29,27
JASPER COUNTY,241,8 Years,537,280,257,347,186,161,110,55,55,27,11,16,53,28,25
JASPER COUNTY,241,9 Years,496,253,243,336,176,160,90,44,46,23,10,13,47,23,24
JASPER COUNTY,241,10 Years,484,260,224,331,175,156,89,50,39,21,11,10,43,24,19
JASPER COUNTY,241,11 Years,500,259,241,330,175,155,98,53,45,21,11,10,51,20,31
JASPER COUNTY,241,12 Years,494,243,251,342,172,170,81,45,36,22,8,14,49,18,31
JASPER COUNTY,241,13 Years,466,225,241,324,157,167,95,52,43,12,3,9,35,13,22
JASPER COUNTY,241,14 Years,451,240,211,318,169,149,86,43,43,16,8,8,31,20,11
JASPER COUNTY,241,15 Years,487,257,230,336,179,157,98,52,46,16,7,9,37,19,18
JASPER COUNTY,241,16 Years,497,239,258,329,160,169,112,60,52,19,6,13,37,13,24
JASPER COUNTY,241,17 Years,520,266,254,353,179,174,111,58,53,22,12,10,34,17,17
JASPER COUNTY,241,18 Years,499,260,239,338,181,157,111,55,56,19,8,11,31,16,15
JASPER COUNTY,241,19 Years,529,292,237,358,195,163,107,61,46,14,5,9,50,31,19
JASPER COUNTY,241,20 Years,449,229,220,297,152,145,100,45,55,14,7,7,38,25,13
JASPER COUNTY,241,21 Years,393,198,195,255,122,133,97,55,42,10,4,6,31,17,14
JASPER COUNTY,241,22 Years,387,200,187,262,125,137,84,51,33,7,3,4,34,21,13
JASPER COUNTY,241,23 Years,358,194,164,261,132,129,68,44,24,5,3,2,24,15,9
JASPER COUNTY,241,24 Years,397,208,189,279,138,141,78,43,35,8,7,1,32,20,12
JASPER COUNTY,241,25 Years,381,187,194,268,124,144,71,35,36,4,2,2,38,26,12
JASPER COUNTY,241,26 Years,368,171,197,258,115,143,67,30,37,9,5,4,34,21,13
JASPER COUNTY,241,27 Years,416,207,209,285,134,151,77,35,42,5,2,3,49,36,13
JASPER COUNTY,241,28 Years,394,200,194,276,140,136,74,31,43,5,4,1,39,25,14
JASPER COUNTY,241,29 Years,411,213,198,298,152,146,69,32,37,12,7,5,32,22,10
JASPER COUNTY,241,30 Years,395,205,190,279,145,134,67,30,37,8,4,4,41,26,15
JASPER COUNTY,241,31 Years,417,196,221,300,146,154,74,30,44,6,1,5,37,19,18
JASPER COUNTY,241,32 Years,432,217,215,316,153,163,72,39,33,9,5,4,35,20,15
JASPER COUNTY,241,33 Years,381,199,182,281,141,140,60,37,23,5,2,3,35,19,16
JASPER COUNTY,241,34 Years,376,187,189,266,128,138,71,37,34,4,2,2,35,20,15
JASPER COUNTY,241,35 Years,375,190,185,260,134,126,76,34,42,10,3,7,29,19,10
JASPER COUNTY,241,36 Years,384,207,177,272,149,123,67,30,37,12,5,7,33,23,10
JASPER COUNTY,241,37 Years,386,193,193,277,133,144,63,35,28,12,5,7,34,20,14
JASPER COUNTY,241,38 Years,373,196,177,273,139,134,55,32,23,9,5,4,36,20,16
JASPER COUNTY,241,39 Years,367,191,176,267,136,131,63,33,30,6,4,2,31,18,13
JASPER COUNTY,241,40 Years,431,212,219,322,156,166,63,29,34,10,4,6,36,23,13
JASPER COUNTY,241,41 Years,448,237,211,337,172,165,62,33,29,19,10,9,30,22,8
JASPER COUNTY,241,42 Years,416,195,221,315,143,172,63,28,35,16,10,6,22,14,8
JASPER COUNTY,241,43 Years,444,224,220,346,167,179,65,33,32,10,7,3,23,17,6
JASPER COUNTY,241,44 Years,459,248,211,350,189,161,77,38,39,11,7,4,21,14,7
JASPER COUNTY,241,45 Years,431,209,222,321,155,166,73,33,40,11,6,5,26,15,11
JASPER COUNTY,241,46 Years,435,208,227,333,162,171,70,29,41,10,5,5,22,12,10
JASPER COUNTY,241,47 Years,479,224,255,373,169,204,79,39,40,10,4,6,17,12,5
JASPER COUNTY,241,48 Years,480,226,254,372,170,202,78,40,38,9,4,5,21,12,9
JASPER COUNTY,241,49 Years,508,235,273,392,177,215,84,39,45,11,5,6,21,14,7
JASPER COUNTY,241,50 Years,547,278,269,415,207,208,95,45,50,9,5,4,28,21,7
JASPER COUNTY,241,51 Years,541,271,270,417,215,202,96,37,59,4,2,2,24,17,7
JASPER COUNTY,241,52 Years,524,248,276,408,198,210,94,37,57,6,4,2,16,9,7
JASPER COUNTY,241,53 Years,498,260,238,378,195,183,99,51,48,5,4,1,16,10,6
JASPER COUNTY,241,54 Years,529,244,285,427,196,231,79,34,45,7,4,3,16,10,6
JASPER COUNTY,241,55 Years,568,280,288,437,218,219,106,49,57,12,7,5,13,6,7
JASPER COUNTY,241,56 Years,505,255,250,376,192,184,103,50,53,10,7,3,16,6,10
JASPER COUNTY,241,57 Years,514,250,264,399,198,201,87,36,51,6,4,2,22,12,10
JASPER COUNTY,241,58 Years,535,262,273,430,212,218,86,39,47,5,3,2,14,8,6
JASPER COUNTY,241,59 Years,491,240,251,404,194,210,71,37,34,6,4,2,10,5,5
JASPER COUNTY,241,60 Years,443,222,221,367,183,184,58,31,27,6,2,4,12,6,6
JASPER COUNTY,241,61 Years,460,213,247,387,182,205,53,22,31,9,4,5,11,5,6
JASPER COUNTY,241,62 Years,488,234,254,407,195,212,63,30,33,8,3,5,10,6,4
JASPER COUNTY,241,63 Years,471,213,258,390,171,219,65,33,32,7,3,4,9,6,3
JASPER COUNTY,241,64 Years,460,212,248,387,175,212,59,31,28,7,4,3,7,2,5
JASPER COUNTY,241,65 Years,456,234,222,381,201,180,57,23,34,12,7,5,6,3,3
JASPER COUNTY,241,66 Years,389,196,193,327,167,160,46,20,26,8,5,3,8,4,4
JASPER COUNTY,241,67 Years,393,186,207,336,163,173,45,18,27,3,2,1,9,3,6
JASPER COUNTY,241,68 Years,392,177,215,334,152,182,41,18,23,7,3,4,10,4,6
JASPER COUNTY,241,69 Years,395,200,195,331,165,166,49,27,22,8,3,5,7,5,2
JASPER COUNTY,241,70 Years,343,160,183,297,138,159,40,19,21,4,2,2,2,1,1
JASPER COUNTY,241,71 Years,302,141,161,254,117,137,39,18,21,2,0,2,7,6,1
JASPER COUNTY,241,72 Years,333,151,182,282,128,154,45,19,26,2,1,1,4,3,1
JASPER COUNTY,241,73 Years,320,130,190,269,112,157,44,16,28,4,1,3,3,1,2
JASPER COUNTY,241,74 Years,278,118,160,236,103,133,37,14,23,2,0,2,3,1,2
JASPER COUNTY,241,75 Years,252,117,135,214,98,116,28,11,17,3,2,1,7,6,1
JASPER COUNTY,241,76 Years,259,119,140,228,106,122,26,9,17,1,1,0,4,3,1
JASPER COUNTY,241,77 Years,253,112,141,226,103,123,23,8,15,2,0,2,2,1,1
JASPER COUNTY,241,78 Years,238,111,127,203,101,102,32,10,22,2,0,2,1,0,1
JASPER COUNTY,241,79 Years,210,101,109,185,94,91,22,7,15,1,0,1,2,0,2
JASPER COUNTY,241,80 Years,176,83,93,158,76,82,13,6,7,1,0,1,4,1,3
JASPER COUNTY,241,81 Years,184,87,97,159,78,81,18,6,12,1,1,0,6,2,4
JASPER COUNTY,241,82 Years,175,75,100,152,63,89,16,7,9,2,1,1,5,4,1
JASPER COUNTY,241,83 Years,141,60,81,124,51,73,13,6,7,1,0,1,3,3,0
JASPER COUNTY,241,84 Years,132,49,83,121,45,76,9,4,5,1,0,1,1,0,1
JASPER COUNTY,241,85 Years +,674,252,422,581,225,356,77,22,55,9,3,6,7,2,5
JEFF DAVIS COUNTY,243,All Ages,2419,1220,1199,1530,767,763,12,8,4,51,25,26,826,420,406
JEFF DAVIS COUNTY,243,< 1 Year,17,10,7,10,5,5,0,0,0,0,0,0,7,5,2
JEFF DAVIS COUNTY,243,1 Years,19,12,7,8,5,3,0,0,0,0,0,0,11,7,4
JEFF DAVIS COUNTY,243,2 Years,16,10,6,2,2,0,1,1,0,0,0,0,13,7,6
JEFF DAVIS COUNTY,243,3 Years,20,9,11,5,1,4,0,0,0,1,1,0,14,7,7
JEFF DAVIS COUNTY,243,4 Years,18,8,10,5,1,4,0,0,0,0,0,0,13,7,6
JEFF DAVIS COUNTY,243,5 Years,19,8,11,9,6,3,0,0,0,0,0,0,10,2,8
JEFF DAVIS COUNTY,243,6 Years,20,11,9,10,7,3,0,0,0,0,0,0,10,4,6
JEFF DAVIS COUNTY,243,7 Years,18,10,8,7,5,2,0,0,0,0,0,0,11,5,6
JEFF DAVIS COUNTY,243,8 Years,22,11,11,13,7,6,0,0,0,1,0,1,8,4,4
JEFF DAVIS COUNTY,243,9 Years,21,12,9,8,3,5,0,0,0,0,0,0,13,9,4
JEFF DAVIS COUNTY,243,10 Years,27,13,14,10,6,4,0,0,0,1,0,1,16,7,9
JEFF DAVIS COUNTY,243,11 Years,22,13,9,12,8,4,0,0,0,0,0,0,10,5,5
JEFF DAVIS COUNTY,243,12 Years,22,11,11,13,6,7,0,0,0,0,0,0,9,5,4
JEFF DAVIS COUNTY,243,13 Years,25,11,14,13,5,8,0,0,0,2,2,0,10,4,6
JEFF DAVIS COUNTY,243,14 Years,23,11,12,11,6,5,0,0,0,0,0,0,12,5,7
JEFF DAVIS COUNTY,243,15 Years,22,10,12,9,4,5,0,0,0,0,0,0,13,6,7
JEFF DAVIS COUNTY,243,16 Years,29,14,15,19,9,10,0,0,0,0,0,0,10,5,5
JEFF DAVIS COUNTY,243,17 Years,33,17,16,17,9,8,2,0,2,1,0,1,13,8,5
JEFF DAVIS COUNTY,243,18 Years,43,25,18,25,17,8,2,1,1,1,0,1,15,7,8
JEFF DAVIS COUNTY,243,19 Years,63,38,25,40,24,16,1,1,0,5,2,3,17,11,6
JEFF DAVIS COUNTY,243,20 Years,40,25,15,26,17,9,1,1,0,2,1,1,11,6,5
JEFF DAVIS COUNTY,243,21 Years,14,8,6,7,5,2,0,0,0,0,0,0,7,3,4
JEFF DAVIS COUNTY,243,22 Years,12,8,4,5,4,1,0,0,0,0,0,0,7,4,3
JEFF DAVIS COUNTY,243,23 Years,15,9,6,8,5,3,0,0,0,1,0,1,6,4,2
JEFF DAVIS COUNTY,243,24 Years,16,10,6,6,4,2,0,0,0,0,0,0,10,6,4
JEFF DAVIS COUNTY,243,25 Years,13,6,7,4,2,2,0,0,0,0,0,0,9,4,5
JEFF DAVIS COUNTY,243,26 Years,12,7,5,2,2,0,1,0,1,0,0,0,9,5,4
JEFF DAVIS COUNTY,243,27 Years,12,6,6,3,1,2,0,0,0,1,1,0,8,4,4
JEFF DAVIS COUNTY,243,28 Years,13,6,7,5,2,3,0,0,0,0,0,0,8,4,4
JEFF DAVIS COUNTY,243,29 Years,19,9,10,8,5,3,0,0,0,1,1,0,10,3,7
JEFF DAVIS COUNTY,243,30 Years,17,7,10,7,3,4,0,0,0,0,0,0,10,4,6
JEFF DAVIS COUNTY,243,31 Years,17,7,10,5,2,3,0,0,0,0,0,0,12,5,7
JEFF DAVIS COUNTY,243,32 Years,16,8,8,5,2,3,0,0,0,0,0,0,11,6,5
JEFF DAVIS COUNTY,243,33 Years,15,10,5,5,3,2,0,0,0,0,0,0,10,7,3
JEFF DAVIS COUNTY,243,34 Years,17,9,8,7,3,4,1,1,0,1,0,1,8,5,3
JEFF DAVIS COUNTY,243,35 Years,14,9,5,9,6,3,0,0,0,0,0,0,5,3,2
JEFF DAVIS COUNTY,243,36 Years,17,8,9,12,5,7,0,0,0,0,0,0,5,3,2
JEFF DAVIS COUNTY,243,37 Years,13,3,10,6,2,4,0,0,0,0,0,0,7,1,6
JEFF DAVIS COUNTY,243,38 Years,13,5,8,9,4,5,0,0,0,0,0,0,4,1,3
JEFF DAVIS COUNTY,243,39 Years,22,8,14,14,5,9,0,0,0,0,0,0,8,3,5
JEFF DAVIS COUNTY,243,40 Years,22,10,12,11,5,6,0,0,0,0,0,0,11,5,6
JEFF DAVIS COUNTY,243,41 Years,15,8,7,7,2,5,0,0,0,0,0,0,8,6,2
JEFF DAVIS COUNTY,243,42 Years,27,15,12,12,4,8,0,0,0,1,1,0,14,10,4
JEFF DAVIS COUNTY,243,43 Years,23,9,14,10,3,7,0,0,0,2,1,1,11,5,6
JEFF DAVIS COUNTY,243,44 Years,22,13,9,11,6,5,0,0,0,1,1,0,10,6,4
JEFF DAVIS COUNTY,243,45 Years,18,10,8,9,6,3,0,0,0,1,1,0,8,3,5
JEFF DAVIS COUNTY,243,46 Years,26,13,13,19,8,11,0,0,0,0,0,0,7,5,2
JEFF DAVIS COUNTY,243,47 Years,33,16,17,18,8,10,1,1,0,1,1,0,13,6,7
JEFF DAVIS COUNTY,243,48 Years,36,18,18,24,12,12,1,1,0,0,0,0,11,5,6
JEFF DAVIS COUNTY,243,49 Years,40,20,20,26,14,12,0,0,0,3,0,3,11,6,5
JEFF DAVIS COUNTY,243,50 Years,30,15,15,21,11,10,0,0,0,0,0,0,9,4,5
JEFF DAVIS COUNTY,243,51 Years,39,19,20,21,9,12,0,0,0,1,0,1,17,10,7
JEFF DAVIS COUNTY,243,52 Years,39,21,18,24,13,11,0,0,0,2,1,1,13,7,6
JEFF DAVIS COUNTY,243,53 Years,33,15,18,22,9,13,0,0,0,1,0,1,10,6,4
JEFF DAVIS COUNTY,243,54 Years,41,17,24,27,13,14,0,0,0,2,0,2,12,4,8
JEFF DAVIS COUNTY,243,55 Years,45,23,22,31,14,17,0,0,0,1,1,0,13,8,5
JEFF DAVIS COUNTY,243,56 Years,45,20,25,34,15,19,0,0,0,0,0,0,11,5,6
JEFF DAVIS COUNTY,243,57 Years,54,25,29,45,21,24,1,1,0,0,0,0,8,3,5
JEFF DAVIS COUNTY,243,58 Years,48,22,26,40,19,21,0,0,0,1,1,0,7,2,5
JEFF DAVIS COUNTY,243,59 Years,53,23,30,40,18,22,0,0,0,1,0,1,12,5,7
JEFF DAVIS COUNTY,243,60 Years,60,26,34,48,20,28,0,0,0,2,1,1,10,5,5
JEFF DAVIS COUNTY,243,61 Years,53,28,25,41,23,18,0,0,0,1,0,1,11,5,6
JEFF DAVIS COUNTY,243,62 Years,44,21,23,36,16,20,0,0,0,0,0,0,8,5,3
JEFF DAVIS COUNTY,243,63 Years,57,32,25,47,26,21,0,0,0,1,1,0,9,5,4
JEFF DAVIS COUNTY,243,64 Years,57,32,25,42,23,19,0,0,0,0,0,0,15,9,6
JEFF DAVIS COUNTY,243,65 Years,53,29,24,40,21,19,0,0,0,1,1,0,12,7,5
JEFF DAVIS COUNTY,243,66 Years,38,22,16,29,18,11,0,0,0,0,0,0,9,4,5
JEFF DAVIS COUNTY,243,67 Years,52,26,26,42,22,20,0,0,0,1,0,1,9,4,5
JEFF DAVIS COUNTY,243,68 Years,56,29,27,45,20,25,0,0,0,2,2,0,9,7,2
JEFF DAVIS COUNTY,243,69 Years,39,25,14,28,16,12,0,0,0,1,1,0,10,8,2
JEFF DAVIS COUNTY,243,70 Years,33,12,21,27,8,19,0,0,0,1,0,1,5,4,1
JEFF DAVIS COUNTY,243,71 Years,37,18,19,26,11,15,0,0,0,3,2,1,8,5,3
JEFF DAVIS COUNTY,243,72 Years,39,22,17,30,18,12,0,0,0,0,0,0,9,4,5
JEFF DAVIS COUNTY,243,73 Years,26,16,10,16,10,6,0,0,0,0,0,0,10,6,4
JEFF DAVIS COUNTY,243,74 Years,26,14,12,15,9,6,0,0,0,0,0,0,11,5,6
JEFF DAVIS COUNTY,243,75 Years,25,15,10,17,11,6,0,0,0,0,0,0,8,4,4
JEFF DAVIS COUNTY,243,76 Years,21,7,14,14,4,10,0,0,0,1,1,0,6,2,4
JEFF DAVIS COUNTY,243,77 Years,18,9,9,11,5,6,0,0,0,0,0,0,7,4,3
JEFF DAVIS COUNTY,243,78 Years,18,10,8,13,8,5,0,0,0,0,0,0,5,2,3
JEFF DAVIS COUNTY,243,79 Years,17,10,7,15,10,5,0,0,0,0,0,0,2,0,2
JEFF DAVIS COUNTY,243,80 Years,18,7,11,14,7,7,0,0,0,0,0,0,4,0,4
JEFF DAVIS COUNTY,243,81 Years,17,6,11,12,5,7,0,0,0,1,0,1,4,1,3
JEFF DAVIS COUNTY,243,82 Years,11,8,3,9,6,3,0,0,0,0,0,0,2,2,0
JEFF DAVIS COUNTY,243,83 Years,17,8,9,13,8,5,0,0,0,0,0,0,4,0,4
JEFF DAVIS COUNTY,243,84 Years,15,4,11,13,4,9,0,0,0,0,0,0,2,0,2
JEFF DAVIS COUNTY,243,85 Years +,57,20,37,36,10,26,0,0,0,0,0,0,21,10,11
JEFFERSON COUNTY,245,All Ages,254112,130017,124095,110503,55431,55072,85053,41970,43083,13008,6818,6190,45548,25798,19750
JEFFERSON COUNTY,245,< 1 Year,3407,1718,1689,1176,605,571,1162,563,599,193,99,94,876,451,425
JEFFERSON COUNTY,245,1 Years,3515,1782,1733,1212,620,592,1228,614,614,191,99,92,884,449,435
JEFFERSON COUNTY,245,2 Years,3473,1798,1675,1086,581,505,1232,619,613,213,108,105,942,490,452
JEFFERSON COUNTY,245,3 Years,3409,1740,1669,1018,537,481,1250,628,622,210,109,101,931,466,465
JEFFERSON COUNTY,245,4 Years,3441,1704,1737,1003,504,499,1261,609,652,222,112,110,955,479,476
JEFFERSON COUNTY,245,5 Years,3505,1787,1718,1078,552,526,1270,649,621,211,107,104,946,479,467
JEFFERSON COUNTY,245,6 Years,3352,1692,1660,1035,528,507,1248,610,638,212,103,109,857,451,406
JEFFERSON COUNTY,245,7 Years,3323,1704,1619,996,524,472,1235,590,645,226,114,112,866,476,390
JEFFERSON COUNTY,245,8 Years,3213,1638,1575,1001,526,475,1181,557,624,216,112,104,815,443,372
JEFFERSON COUNTY,245,9 Years,3247,1646,1601,1003,503,500,1204,608,596,200,100,100,840,435,405
JEFFERSON COUNTY,245,10 Years,3130,1597,1533,959,475,484,1154,604,550,207,105,102,810,413,397
JEFFERSON COUNTY,245,11 Years,3257,1687,1570,1013,501,512,1213,642,571,209,103,106,822,441,381
JEFFERSON COUNTY,245,12 Years,3327,1666,1661,1045,505,540,1256,630,626,202,102,100,824,429,395
JEFFERSON COUNTY,245,13 Years,3254,1615,1639,1097,546,551,1216,613,603,190,90,100,751,366,385
JEFFERSON COUNTY,245,14 Years,3225,1601,1624,1093,552,541,1160,561,599,200,101,99,772,387,385
JEFFERSON COUNTY,245,15 Years,3277,1632,1645,1108,555,553,1215,578,637,218,118,100,736,381,355
JEFFERSON COUNTY,245,16 Years,3344,1718,1626,1104,560,544,1274,645,629,232,120,112,734,393,341
JEFFERSON COUNTY,245,17 Years,3567,1830,1737,1237,610,627,1387,727,660,210,113,97,733,380,353
JEFFERSON COUNTY,245,18 Years,3905,2069,1836,1316,677,639,1585,833,752,238,124,114,766,435,331
JEFFERSON COUNTY,245,19 Years,4217,2265,1952,1464,759,705,1734,931,803,228,114,114,791,461,330
JEFFERSON COUNTY,245,20 Years,4131,2194,1937,1420,745,675,1643,837,806,219,115,104,849,497,352
JEFFERSON COUNTY,245,21 Years,3996,2114,1882,1391,697,694,1561,830,731,224,106,118,820,481,339
JEFFERSON COUNTY,245,22 Years,3862,1974,1888,1408,698,710,1438,719,719,248,135,113,768,422,346
JEFFERSON COUNTY,245,23 Years,3779,1967,1812,1395,711,684,1304,634,670,245,132,113,835,490,345
JEFFERSON COUNTY,245,24 Years,3762,2060,1702,1371,736,635,1309,677,632,239,129,110,843,518,325
JEFFERSON COUNTY,245,25 Years,3854,2102,1752,1493,820,673,1205,599,606,272,150,122,884,533,351
JEFFERSON COUNTY,245,26 Years,3857,2134,1723,1487,805,682,1177,608,569,249,141,108,944,580,364
JEFFERSON COUNTY,245,27 Years,3833,2156,1677,1536,848,688,1145,602,543,244,154,90,908,552,356
JEFFERSON COUNTY,245,28 Years,3701,2039,1662,1468,795,673,1152,602,550,205,112,93,876,530,346
JEFFERSON COUNTY,245,29 Years,3761,2084,1677,1533,834,699,1154,599,555,192,112,80,882,539,343
JEFFERSON COUNTY,245,30 Years,3532,1965,1567,1369,752,617,1146,608,538,144,81,63,873,524,349
JEFFERSON COUNTY,245,31 Years,3633,2011,1622,1444,810,634,1187,617,570,166,86,80,836,498,338
JEFFERSON COUNTY,245,32 Years,3729,2052,1677,1453,770,683,1235,654,581,187,97,90,854,531,323
JEFFERSON COUNTY,245,33 Years,3430,1897,1533,1305,698,607,1151,606,545,158,88,70,816,505,311
JEFFERSON COUNTY,245,34 Years,3321,1804,1517,1277,690,587,1112,570,542,169,90,79,763,454,309
JEFFERSON COUNTY,245,35 Years,3194,1762,1432,1199,665,534,1079,549,530,181,95,86,735,453,282
JEFFERSON COUNTY,245,36 Years,3067,1695,1372,1154,635,519,1039,553,486,155,77,78,719,430,289
JEFFERSON COUNTY,245,37 Years,3050,1673,1377,1138,618,520,996,521,475,165,91,74,751,443,308
JEFFERSON COUNTY,245,38 Years,3070,1669,1401,1169,614,555,998,531,467,183,102,81,720,422,298
JEFFERSON COUNTY,245,39 Years,3064,1671,1393,1177,647,530,981,511,470,189,100,89,717,413,304
JEFFERSON COUNTY,245,40 Years,3179,1699,1480,1283,685,598,1040,529,511,186,86,100,670,399,271
JEFFERSON COUNTY,245,41 Years,3178,1714,1464,1279,687,592,1067,530,537,182,90,92,650,407,243
JEFFERSON COUNTY,245,42 Years,3171,1760,1411,1341,737,604,1035,542,493,177,92,85,618,389,229
JEFFERSON COUNTY,245,43 Years,3101,1709,1392,1375,756,619,986,505,481,207,115,92,533,333,200
JEFFERSON COUNTY,245,44 Years,3027,1621,1406,1278,678,600,1023,511,512,202,108,94,524,324,200
JEFFERSON COUNTY,245,45 Years,3012,1660,1352,1267,672,595,1065,560,505,161,93,68,519,335,184
JEFFERSON COUNTY,245,46 Years,3115,1664,1451,1336,699,637,1109,567,542,138,76,62,532,322,210
JEFFERSON COUNTY,245,47 Years,3401,1736,1665,1565,803,762,1128,533,595,163,82,81,545,318,227
JEFFERSON COUNTY,245,48 Years,3443,1788,1655,1644,853,791,1142,561,581,149,84,65,508,290,218
JEFFERSON COUNTY,245,49 Years,3500,1817,1683,1679,865,814,1167,574,593,171,96,75,483,282,201
JEFFERSON COUNTY,245,50 Years,3678,1912,1766,1795,911,884,1209,594,615,191,106,85,483,301,182
JEFFERSON COUNTY,245,51 Years,3675,1871,1804,1803,901,902,1241,590,651,175,101,74,456,279,177
JEFFERSON COUNTY,245,52 Years,3733,1926,1807,1928,979,949,1200,592,608,177,92,85,428,263,165
JEFFERSON COUNTY,245,53 Years,3716,1941,1775,1947,1007,940,1226,616,610,159,81,78,384,237,147
JEFFERSON COUNTY,245,54 Years,3751,1945,1806,1940,997,943,1242,603,639,160,91,69,409,254,155
JEFFERSON COUNTY,245,55 Years,3677,1850,1827,1878,917,961,1241,602,639,164,91,73,394,240,154
JEFFERSON COUNTY,245,56 Years,3450,1687,1763,1802,892,910,1172,534,638,156,87,69,320,174,146
JEFFERSON COUNTY,245,57 Years,3498,1724,1774,1893,957,936,1136,511,625,143,71,72,326,185,141
JEFFERSON COUNTY,245,58 Years,3292,1641,1651,1805,895,910,1023,478,545,146,78,68,318,190,128
JEFFERSON COUNTY,245,59 Years,3136,1600,1536,1706,877,829,1037,497,540,138,77,61,255,149,106
JEFFERSON COUNTY,245,60 Years,2904,1486,1418,1589,822,767,938,461,477,120,62,58,257,141,116
JEFFERSON COUNTY,245,61 Years,2770,1404,1366,1546,795,751,873,428,445,111,50,61,240,131,109
JEFFERSON COUNTY,245,62 Years,2769,1361,1408,1517,757,760,901,418,483,117,49,68,234,137,97
JEFFERSON COUNTY,245,63 Years,2575,1305,1270,1439,742,697,846,407,439,88,50,38,202,106,96
JEFFERSON COUNTY,245,64 Years,2595,1316,1279,1481,755,726,826,400,426,83,47,36,205,114,91
JEFFERSON COUNTY,245,65 Years,2354,1152,1202,1398,695,703,706,321,385,76,38,38,174,98,76
JEFFERSON COUNTY,245,66 Years,1952,927,1025,1139,543,596,592,264,328,67,32,35,154,88,66
JEFFERSON COUNTY,245,67 Years,1807,836,971,1072,520,552,550,233,317,60,25,35,125,58,67
JEFFERSON COUNTY,245,68 Years,1836,844,992,1127,526,601,523,216,307,63,33,30,123,69,54
JEFFERSON COUNTY,245,69 Years,1784,827,957,1074,499,575,523,229,294,58,29,29,129,70,59
JEFFERSON COUNTY,245,70 Years,1616,744,872,980,457,523,466,205,261,50,25,25,120,57,63
JEFFERSON COUNTY,245,71 Years,1479,673,806,891,412,479,436,188,248,41,22,19,111,51,60
JEFFERSON COUNTY,245,72 Years,1448,610,838,890,380,510,427,172,255,43,21,22,88,37,51
JEFFERSON COUNTY,245,73 Years,1382,603,779,865,361,504,390,176,214,41,21,20,86,45,41
JEFFERSON COUNTY,245,74 Years,1316,590,726,843,369,474,363,163,200,33,19,14,77,39,38
JEFFERSON COUNTY,245,75 Years,1261,542,719,791,341,450,362,148,214,33,15,18,75,38,37
JEFFERSON COUNTY,245,76 Years,1225,542,683,781,349,432,337,137,200,35,18,17,72,38,34
JEFFERSON COUNTY,245,77 Years,1258,535,723,793,341,452,358,148,210,39,15,24,68,31,37
JEFFERSON COUNTY,245,78 Years,1174,496,678,774,320,454,295,132,163,31,14,17,74,30,44
JEFFERSON COUNTY,245,79 Years,1112,447,665,745,299,446,275,109,166,24,11,13,68,28,40
JEFFERSON COUNTY,245,80 Years,1085,437,648,750,300,450,254,99,155,25,12,13,56,26,30
JEFFERSON COUNTY,245,81 Years,1067,446,621,746,306,440,243,100,143,26,14,12,52,26,26
JEFFERSON COUNTY,245,82 Years,1022,394,628,713,276,437,237,86,151,25,12,13,47,20,27
JEFFERSON COUNTY,245,83 Years,934,348,586,675,253,422,200,75,125,17,4,13,42,16,26
JEFFERSON COUNTY,245,84 Years,870,321,549,629,243,386,190,60,130,13,4,9,38,14,24
JEFFERSON COUNTY,245,85 Years +,4770,1654,3116,3480,1194,2286,976,328,648,82,33,49,232,99,133
JIM HOGG COUNTY,247,All Ages,5370,2647,2723,342,182,160,14,12,2,41,17,24,4973,2436,2537
JIM HOGG COUNTY,247,< 1 Year,92,47,45,7,5,2,0,0,0,0,0,0,85,42,43
JIM HOGG COUNTY,247,1 Years,86,44,42,4,3,1,0,0,0,0,0,0,82,41,41
JIM HOGG COUNTY,247,2 Years,86,45,41,3,3,0,1,1,0,0,0,0,82,41,41
JIM HOGG COUNTY,247,3 Years,80,41,39,4,2,2,0,0,0,1,1,0,75,38,37
JIM HOGG COUNTY,247,4 Years,100,48,52,6,3,3,0,0,0,0,0,0,94,45,49
JIM HOGG COUNTY,247,5 Years,83,35,48,6,4,2,0,0,0,1,0,1,76,31,45
JIM HOGG COUNTY,247,6 Years,101,49,52,6,3,3,1,1,0,1,1,0,93,44,49
JIM HOGG COUNTY,247,7 Years,81,41,40,3,1,2,0,0,0,2,1,1,76,39,37
JIM HOGG COUNTY,247,8 Years,90,42,48,1,1,0,1,1,0,2,1,1,86,39,47
JIM HOGG COUNTY,247,9 Years,93,52,41,2,1,1,1,1,0,0,0,0,90,50,40
JIM HOGG COUNTY,247,10 Years,82,41,41,2,1,1,0,0,0,0,0,0,80,40,40
JIM HOGG COUNTY,247,11 Years,72,36,36,0,0,0,0,0,0,1,1,0,71,35,36
JIM HOGG COUNTY,247,12 Years,70,39,31,1,1,0,0,0,0,1,1,0,68,37,31
JIM HOGG COUNTY,247,13 Years,92,50,42,4,2,2,0,0,0,1,1,0,87,47,40
JIM HOGG COUNTY,247,14 Years,87,43,44,3,1,2,0,0,0,1,1,0,83,41,42
JIM HOGG COUNTY,247,15 Years,86,43,43,2,1,1,0,0,0,1,0,1,83,42,41
JIM HOGG COUNTY,247,16 Years,84,38,46,2,2,0,0,0,0,1,0,1,81,36,45
JIM HOGG COUNTY,247,17 Years,60,29,31,2,2,0,0,0,0,1,0,1,57,27,30
JIM HOGG COUNTY,247,18 Years,74,44,30,1,1,0,1,1,0,1,1,0,71,41,30
JIM HOGG COUNTY,247,19 Years,98,53,45,2,2,0,1,1,0,1,1,0,94,49,45
JIM HOGG COUNTY,247,20 Years,70,35,35,5,3,2,0,0,0,0,0,0,65,32,33
JIM HOGG COUNTY,247,21 Years,55,24,31,2,1,1,0,0,0,0,0,0,53,23,30
JIM HOGG COUNTY,247,22 Years,59,25,34,1,0,1,0,0,0,0,0,0,58,25,33
JIM HOGG COUNTY,247,23 Years,56,30,26,2,1,1,0,0,0,0,0,0,54,29,25
JIM HOGG COUNTY,247,24 Years,64,38,26,2,0,2,1,1,0,0,0,0,61,37,24
JIM HOGG COUNTY,247,25 Years,73,41,32,2,0,2,0,0,0,0,0,0,71,41,30
JIM HOGG COUNTY,247,26 Years,68,33,35,4,3,1,0,0,0,0,0,0,64,30,34
JIM HOGG COUNTY,247,27 Years,65,30,35,5,4,1,0,0,0,1,0,1,59,26,33
JIM HOGG COUNTY,247,28 Years,59,33,26,5,3,2,0,0,0,1,0,1,53,30,23
JIM HOGG COUNTY,247,29 Years,66,34,32,3,1,2,0,0,0,1,0,1,62,33,29
JIM HOGG COUNTY,247,30 Years,65,37,28,6,2,4,0,0,0,1,1,0,58,34,24
JIM HOGG COUNTY,247,31 Years,66,36,30,9,6,3,0,0,0,1,0,1,56,30,26
JIM HOGG COUNTY,247,32 Years,61,31,30,7,4,3,0,0,0,0,0,0,54,27,27
JIM HOGG COUNTY,247,33 Years,58,28,30,3,1,2,0,0,0,2,1,1,53,26,27
JIM HOGG COUNTY,247,34 Years,71,36,35,7,3,4,1,1,0,0,0,0,63,32,31
JIM HOGG COUNTY,247,35 Years,59,29,30,2,0,2,1,0,1,0,0,0,56,29,27
JIM HOGG COUNTY,247,36 Years,56,24,32,2,1,1,0,0,0,0,0,0,54,23,31
JIM HOGG COUNTY,247,37 Years,69,31,38,5,2,3,1,1,0,0,0,0,63,28,35
JIM HOGG COUNTY,247,38 Years,60,30,30,4,1,3,0,0,0,0,0,0,56,29,27
JIM HOGG COUNTY,247,39 Years,58,30,28,3,3,0,0,0,0,0,0,0,55,27,28
JIM HOGG COUNTY,247,40 Years,57,30,27,4,2,2,0,0,0,1,0,1,52,28,24
JIM HOGG COUNTY,247,41 Years,56,29,27,4,2,2,0,0,0,1,0,1,51,27,24
JIM HOGG COUNTY,247,42 Years,61,26,35,3,1,2,0,0,0,0,0,0,58,25,33
JIM HOGG COUNTY,247,43 Years,55,26,29,7,4,3,0,0,0,1,1,0,47,21,26
JIM HOGG COUNTY,247,44 Years,60,35,25,4,3,1,0,0,0,1,1,0,55,31,24
JIM HOGG COUNTY,247,45 Years,54,27,27,3,1,2,1,1,0,0,0,0,50,25,25
JIM HOGG COUNTY,247,46 Years,76,42,34,5,4,1,0,0,0,0,0,0,71,38,33
JIM HOGG COUNTY,247,47 Years,65,35,30,4,2,2,0,0,0,0,0,0,61,33,28
JIM HOGG COUNTY,247,48 Years,63,32,31,3,1,2,0,0,0,0,0,0,60,31,29
JIM HOGG COUNTY,247,49 Years,73,35,38,5,3,2,0,0,0,0,0,0,68,32,36
JIM HOGG COUNTY,247,50 Years,54,27,27,3,1,2,0,0,0,0,0,0,51,26,25
JIM HOGG COUNTY,247,51 Years,70,35,35,4,2,2,0,0,0,2,0,2,64,33,31
JIM HOGG COUNTY,247,52 Years,67,31,36,6,4,2,0,0,0,1,0,1,60,27,33
JIM HOGG COUNTY,247,53 Years,56,36,20,4,3,1,0,0,0,0,0,0,52,33,19
JIM HOGG COUNTY,247,54 Years,64,40,24,6,3,3,0,0,0,1,0,1,57,37,20
JIM HOGG COUNTY,247,55 Years,68,34,34,6,3,3,0,0,0,0,0,0,62,31,31
JIM HOGG COUNTY,247,56 Years,56,29,27,6,4,2,0,0,0,0,0,0,50,25,25
JIM HOGG COUNTY,247,57 Years,56,26,30,5,2,3,0,0,0,1,0,1,50,24,26
JIM HOGG COUNTY,247,58 Years,57,24,33,4,2,2,0,0,0,1,1,0,52,21,31
JIM HOGG COUNTY,247,59 Years,75,34,41,9,3,6,0,0,0,1,0,1,65,31,34
JIM HOGG COUNTY,247,60 Years,63,27,36,6,1,5,0,0,0,1,0,1,56,26,30
JIM HOGG COUNTY,247,61 Years,51,21,30,4,1,3,0,0,0,0,0,0,47,20,27
JIM HOGG COUNTY,247,62 Years,61,24,37,5,4,1,0,0,0,0,0,0,56,20,36
JIM HOGG COUNTY,247,63 Years,64,25,39,5,3,2,0,0,0,0,0,0,59,22,37
JIM HOGG COUNTY,247,64 Years,56,28,28,5,5,0,0,0,0,0,0,0,51,23,28
JIM HOGG COUNTY,247,65 Years,71,35,36,7,5,2,1,1,0,0,0,0,63,29,34
JIM HOGG COUNTY,247,66 Years,72,39,33,8,4,4,1,0,1,2,1,1,61,34,27
JIM HOGG COUNTY,247,67 Years,62,33,29,4,2,2,1,1,0,1,0,1,56,30,26
JIM HOGG COUNTY,247,68 Years,51,25,26,3,1,2,0,0,0,2,0,2,46,24,22
JIM HOGG COUNTY,247,69 Years,45,23,22,7,2,5,0,0,0,0,0,0,38,21,17
JIM HOGG COUNTY,247,70 Years,38,17,21,4,0,4,0,0,0,0,0,0,34,17,17
JIM HOGG COUNTY,247,71 Years,43,24,19,4,3,1,0,0,0,1,1,0,38,20,18
JIM HOGG COUNTY,247,72 Years,43,21,22,4,3,1,0,0,0,0,0,0,39,18,21
JIM HOGG COUNTY,247,73 Years,45,19,26,3,1,2,0,0,0,0,0,0,42,18,24
JIM HOGG COUNTY,247,74 Years,41,19,22,7,4,3,0,0,0,0,0,0,34,15,19
JIM HOGG COUNTY,247,75 Years,39,17,22,4,2,2,0,0,0,0,0,0,35,15,20
JIM HOGG COUNTY,247,76 Years,39,17,22,3,0,3,0,0,0,0,0,0,36,17,19
JIM HOGG COUNTY,247,77 Years,35,16,19,3,2,1,0,0,0,0,0,0,32,14,18
JIM HOGG COUNTY,247,78 Years,29,12,17,0,0,0,0,0,0,0,0,0,29,12,17
JIM HOGG COUNTY,247,79 Years,32,10,22,4,2,2,0,0,0,0,0,0,28,8,20
JIM HOGG COUNTY,247,80 Years,33,15,18,9,6,3,0,0,0,0,0,0,24,9,15
JIM HOGG COUNTY,247,81 Years,29,9,20,4,2,2,0,0,0,0,0,0,25,7,18
JIM HOGG COUNTY,247,82 Years,19,7,12,0,0,0,0,0,0,0,0,0,19,7,12
JIM HOGG COUNTY,247,83 Years,12,5,7,0,0,0,0,0,0,0,0,0,12,5,7
JIM HOGG COUNTY,247,84 Years,18,6,12,1,0,1,0,0,0,0,0,0,17,6,11
JIM HOGG COUNTY,247,85 Years +,81,25,56,3,1,2,0,0,0,0,0,0,78,24,54
JIM WELLS COUNTY,249,All Ages,42160,20712,21448,8111,3976,4135,164,95,69,380,185,195,33505,16456,17049
JIM WELLS COUNTY,249,< 1 Year,624,304,320,84,39,45,1,0,1,5,2,3,534,263,271
JIM WELLS COUNTY,249,1 Years,748,381,367,87,43,44,1,1,0,6,3,3,654,334,320
JIM WELLS COUNTY,249,2 Years,691,358,333,80,38,42,1,1,0,7,5,2,603,314,289
JIM WELLS COUNTY,249,3 Years,618,321,297,82,48,34,2,2,0,8,4,4,526,267,259
JIM WELLS COUNTY,249,4 Years,717,368,349,84,44,40,3,2,1,5,1,4,625,321,304
JIM WELLS COUNTY,249,5 Years,708,352,356,89,40,49,4,1,3,4,1,3,611,310,301
JIM WELLS COUNTY,249,6 Years,676,342,334,93,49,44,6,1,5,4,2,2,573,290,283
JIM WELLS COUNTY,249,7 Years,633,329,304,100,53,47,3,2,1,4,3,1,526,271,255
JIM WELLS COUNTY,249,8 Years,615,333,282,82,44,38,4,2,2,7,5,2,522,282,240
JIM WELLS COUNTY,249,9 Years,617,329,288,81,46,35,4,3,1,4,2,2,528,278,250
JIM WELLS COUNTY,249,10 Years,577,300,277,79,42,37,1,1,0,5,3,2,492,254,238
JIM WELLS COUNTY,249,11 Years,650,349,301,93,48,45,3,3,0,8,3,5,546,295,251
JIM WELLS COUNTY,249,12 Years,694,371,323,93,45,48,2,1,1,7,2,5,592,323,269
JIM WELLS COUNTY,249,13 Years,694,356,338,117,56,61,4,1,3,5,2,3,568,297,271
JIM WELLS COUNTY,249,14 Years,678,319,359,117,49,68,3,1,2,7,5,2,551,264,287
JIM WELLS COUNTY,249,15 Years,670,350,320,104,49,55,2,0,2,3,3,0,561,298,263
JIM WELLS COUNTY,249,16 Years,688,362,326,112,58,54,1,0,1,2,0,2,573,304,269
JIM WELLS COUNTY,249,17 Years,688,347,341,118,54,64,1,0,1,1,0,1,568,293,275
JIM WELLS COUNTY,249,18 Years,669,345,324,110,54,56,1,0,1,2,1,1,556,290,266
JIM WELLS COUNTY,249,19 Years,661,335,326,91,46,45,3,1,2,9,7,2,558,281,277
JIM WELLS COUNTY,249,20 Years,654,333,321,89,50,39,3,1,2,5,2,3,557,280,277
JIM WELLS COUNTY,249,21 Years,591,283,308,77,43,34,2,0,2,4,0,4,508,240,268
JIM WELLS COUNTY,249,22 Years,540,282,258,64,38,26,3,1,2,8,4,4,465,239,226
JIM WELLS COUNTY,249,23 Years,530,260,270,66,31,35,3,2,1,7,4,3,454,223,231
JIM WELLS COUNTY,249,24 Years,496,263,233,57,32,25,2,2,0,6,2,4,431,227,204
JIM WELLS COUNTY,249,25 Years,520,264,256,69,29,40,3,2,1,2,0,2,446,233,213
JIM WELLS COUNTY,249,26 Years,515,258,257,75,38,37,2,2,0,5,2,3,433,216,217
JIM WELLS COUNTY,249,27 Years,484,230,254,77,38,39,0,0,0,4,1,3,403,191,212
JIM WELLS COUNTY,249,28 Years,471,235,236,80,38,42,5,3,2,5,1,4,381,193,188
JIM WELLS COUNTY,249,29 Years,537,254,283,87,48,39,5,3,2,9,3,6,436,200,236
JIM WELLS COUNTY,249,30 Years,543,283,260,95,50,45,3,2,1,7,2,5,438,229,209
JIM WELLS COUNTY,249,31 Years,499,254,245,95,48,47,2,2,0,7,3,4,395,201,194
JIM WELLS COUNTY,249,32 Years,496,245,251,91,38,53,2,2,0,7,4,3,396,201,195
JIM WELLS COUNTY,249,33 Years,472,227,245,91,41,50,3,3,0,6,4,2,372,179,193
JIM WELLS COUNTY,249,34 Years,494,245,249,95,47,48,4,4,0,5,3,2,390,191,199
JIM WELLS COUNTY,249,35 Years,464,245,219,82,43,39,2,2,0,5,2,3,375,198,177
JIM WELLS COUNTY,249,36 Years,451,216,235,75,32,43,0,0,0,5,2,3,371,182,189
JIM WELLS COUNTY,249,37 Years,482,218,264,80,43,37,1,0,1,2,0,2,399,175,224
JIM WELLS COUNTY,249,38 Years,457,225,232,90,48,42,1,0,1,1,0,1,365,177,188
JIM WELLS COUNTY,249,39 Years,488,252,236,92,49,43,0,0,0,2,1,1,394,202,192
JIM WELLS COUNTY,249,40 Years,512,259,253,97,41,56,1,0,1,3,2,1,411,216,195
JIM WELLS COUNTY,249,41 Years,527,263,264,96,50,46,2,1,1,3,1,2,426,211,215
JIM WELLS COUNTY,249,42 Years,526,248,278,90,49,41,1,1,0,5,2,3,430,196,234
JIM WELLS COUNTY,249,43 Years,482,218,264,80,34,46,3,3,0,3,1,2,396,180,216
JIM WELLS COUNTY,249,44 Years,443,196,247,71,28,43,1,0,1,2,0,2,369,168,201
JIM WELLS COUNTY,249,45 Years,468,216,252,80,37,43,1,0,1,4,2,2,383,177,206
JIM WELLS COUNTY,249,46 Years,514,251,263,93,44,49,1,1,0,5,2,3,415,204,211
JIM WELLS COUNTY,249,47 Years,531,263,268,94,43,51,1,0,1,2,1,1,434,219,215
JIM WELLS COUNTY,249,48 Years,532,257,275,121,51,70,1,0,1,6,4,2,404,202,202
JIM WELLS COUNTY,249,49 Years,534,251,283,128,62,66,2,1,1,5,4,1,399,184,215
JIM WELLS COUNTY,249,50 Years,517,252,265,117,62,55,2,1,1,4,2,2,394,187,207
JIM WELLS COUNTY,249,51 Years,557,267,290,118,57,61,4,3,1,5,3,2,430,204,226
JIM WELLS COUNTY,249,52 Years,567,287,280,138,70,68,2,2,0,6,4,2,421,211,210
JIM WELLS COUNTY,249,53 Years,585,268,317,147,71,76,2,1,1,6,3,3,430,193,237
JIM WELLS COUNTY,249,54 Years,559,278,281,151,82,69,2,1,1,7,4,3,399,191,208
JIM WELLS COUNTY,249,55 Years,595,295,300,152,75,77,2,0,2,7,3,4,434,217,217
JIM WELLS COUNTY,249,56 Years,536,263,273,144,70,74,2,1,1,6,4,2,384,188,196
JIM WELLS COUNTY,249,57 Years,528,233,295,133,65,68,4,3,1,9,5,4,382,160,222
JIM WELLS COUNTY,249,58 Years,514,241,273,133,69,64,3,1,2,4,1,3,374,170,204
JIM WELLS COUNTY,249,59 Years,503,253,250,142,79,63,5,4,1,10,6,4,346,164,182
JIM WELLS COUNTY,249,60 Years,480,232,248,130,64,66,1,1,0,6,3,3,343,164,179
JIM WELLS COUNTY,249,61 Years,459,226,233,123,60,63,1,0,1,5,3,2,330,163,167
JIM WELLS COUNTY,249,62 Years,478,260,218,140,76,64,2,1,1,4,2,2,332,181,151
JIM WELLS COUNTY,249,63 Years,459,235,224,113,56,57,2,2,0,3,2,1,341,175,166
JIM WELLS COUNTY,249,64 Years,443,205,238,98,46,52,2,1,1,7,3,4,336,155,181
JIM WELLS COUNTY,249,65 Years,440,217,223,105,59,46,1,1,0,7,4,3,327,153,174
JIM WELLS COUNTY,249,66 Years,394,192,202,91,47,44,0,0,0,8,6,2,295,139,156
JIM WELLS COUNTY,249,67 Years,381,195,186,86,44,42,0,0,0,5,3,2,290,148,142
JIM WELLS COUNTY,249,68 Years,346,157,189,77,37,40,1,0,1,3,2,1,265,118,147
JIM WELLS COUNTY,249,69 Years,310,133,177,79,40,39,1,1,0,1,0,1,229,92,137
JIM WELLS COUNTY,249,70 Years,283,125,158,85,42,43,0,0,0,2,1,1,196,82,114
JIM WELLS COUNTY,249,71 Years,274,130,144,79,38,41,1,1,0,1,1,0,193,90,103
JIM WELLS COUNTY,249,72 Years,263,136,127,76,41,35,0,0,0,0,0,0,187,95,92
JIM WELLS COUNTY,249,73 Years,259,114,145,78,31,47,2,2,0,2,1,1,177,80,97
JIM WELLS COUNTY,249,74 Years,269,120,149,80,33,47,1,1,0,3,0,3,185,86,99
JIM WELLS COUNTY,249,75 Years,248,105,143,69,26,43,0,0,0,1,0,1,178,79,99
JIM WELLS COUNTY,249,76 Years,232,107,125,57,26,31,0,0,0,1,0,1,174,81,93
JIM WELLS COUNTY,249,77 Years,237,108,129,73,36,37,1,1,0,1,0,1,162,71,91
JIM WELLS COUNTY,249,78 Years,200,86,114,57,26,31,0,0,0,2,1,1,141,59,82
JIM WELLS COUNTY,249,79 Years,175,72,103,55,22,33,0,0,0,0,0,0,120,50,70
JIM WELLS COUNTY,249,80 Years,184,83,101,72,35,37,1,1,0,2,0,2,109,47,62
JIM WELLS COUNTY,249,81 Years,165,76,89,51,23,28,1,1,0,0,0,0,113,52,61
JIM WELLS COUNTY,249,82 Years,178,72,106,55,28,27,1,1,0,0,0,0,122,43,79
JIM WELLS COUNTY,249,83 Years,150,45,105,45,20,25,2,0,2,3,2,1,100,23,77
JIM WELLS COUNTY,249,84 Years,137,45,92,45,17,28,1,0,1,1,1,0,90,27,63
JIM WELLS COUNTY,249,85 Years +,686,254,432,244,95,149,4,2,2,5,2,3,433,155,278
JOHNSON COUNTY,251,All Ages,155690,77907,77783,117546,57849,59697,4006,2221,1785,4583,2289,2294,29555,15548,14007
JOHNSON COUNTY,251,< 1 Year,1927,972,955,1338,676,662,36,21,15,50,27,23,503,248,255
JOHNSON COUNTY,251,1 Years,2029,1039,990,1426,728,698,40,22,18,51,28,23,512,261,251
JOHNSON COUNTY,251,2 Years,2089,1081,1008,1387,720,667,48,25,23,71,41,30,583,295,288
JOHNSON COUNTY,251,3 Years,2170,1139,1031,1389,722,667,57,30,27,91,46,45,633,341,292
JOHNSON COUNTY,251,4 Years,2170,1116,1054,1402,715,687,53,26,27,84,45,39,631,330,301
JOHNSON COUNTY,251,5 Years,2210,1127,1083,1444,739,705,54,25,29,83,49,34,629,314,315
JOHNSON COUNTY,251,6 Years,2277,1142,1135,1510,767,743,59,29,30,85,39,46,623,307,316
JOHNSON COUNTY,251,7 Years,2377,1216,1161,1578,815,763,56,28,28,110,53,57,633,320,313
JOHNSON COUNTY,251,8 Years,2339,1213,1126,1561,800,761,60,31,29,95,44,51,623,338,285
JOHNSON COUNTY,251,9 Years,2338,1182,1156,1552,779,773,56,29,27,89,37,52,641,337,304
JOHNSON COUNTY,251,10 Years,2362,1211,1151,1582,819,763,55,23,32,87,41,46,638,328,310
JOHNSON COUNTY,251,11 Years,2425,1242,1183,1616,817,799,68,36,32,94,47,47,647,342,305
JOHNSON COUNTY,251,12 Years,2423,1270,1153,1628,854,774,70,38,32,98,56,42,627,322,305
JOHNSON COUNTY,251,13 Years,2404,1221,1183,1637,833,804,58,25,33,94,55,39,615,308,307
JOHNSON COUNTY,251,14 Years,2493,1268,1225,1686,857,829,66,30,36,101,56,45,640,325,315
JOHNSON COUNTY,251,15 Years,2438,1242,1196,1641,838,803,65,31,34,100,54,46,632,319,313
JOHNSON COUNTY,251,16 Years,2405,1230,1175,1637,835,802,69,37,32,99,51,48,600,307,293
JOHNSON COUNTY,251,17 Years,2423,1247,1176,1671,862,809,64,34,30,100,59,41,588,292,296
JOHNSON COUNTY,251,18 Years,2350,1238,1112,1613,847,766,70,38,32,104,58,46,563,295,268
JOHNSON COUNTY,251,19 Years,2335,1220,1115,1623,853,770,58,30,28,75,42,33,579,295,284
JOHNSON COUNTY,251,20 Years,2124,1119,1005,1447,754,693,63,35,28,78,42,36,536,288,248
JOHNSON COUNTY,251,21 Years,1931,1040,891,1255,681,574,70,37,33,78,40,38,528,282,246
JOHNSON COUNTY,251,22 Years,1892,986,906,1204,607,597,72,35,37,85,41,44,531,303,228
JOHNSON COUNTY,251,23 Years,1761,942,819,1168,592,576,69,40,29,55,29,26,469,281,188
JOHNSON COUNTY,251,24 Years,1743,887,856,1198,576,622,52,34,18,60,31,29,433,246,187
JOHNSON COUNTY,251,25 Years,1808,914,894,1220,588,632,64,40,24,60,25,35,464,261,203
JOHNSON COUNTY,251,26 Years,1814,939,875,1251,619,632,63,38,25,68,37,31,432,245,187
JOHNSON COUNTY,251,27 Years,1790,894,896,1243,605,638,58,37,21,59,29,30,430,223,207
JOHNSON COUNTY,251,28 Years,1829,937,892,1298,647,651,54,35,19,57,32,25,420,223,197
JOHNSON COUNTY,251,29 Years,1924,982,942,1353,665,688,57,38,19,68,32,36,446,247,199
JOHNSON COUNTY,251,30 Years,1963,1003,960,1396,686,710,60,46,14,56,27,29,451,244,207
JOHNSON COUNTY,251,31 Years,2097,1062,1035,1496,735,761,59,38,21,64,34,30,478,255,223
JOHNSON COUNTY,251,32 Years,2073,1054,1019,1466,718,748,69,43,26,70,30,40,468,263,205
JOHNSON COUNTY,251,33 Years,1949,1009,940,1383,685,698,50,32,18,61,25,36,455,267,188
JOHNSON COUNTY,251,34 Years,1891,929,962,1346,649,697,49,31,18,59,27,32,437,222,215
JOHNSON COUNTY,251,35 Years,1917,919,998,1358,649,709,56,32,24,55,26,29,448,212,236
JOHNSON COUNTY,251,36 Years,1908,946,962,1363,685,678,41,21,20,61,25,36,443,215,228
JOHNSON COUNTY,251,37 Years,1959,947,1012,1410,673,737,42,25,17,60,25,35,447,224,223
JOHNSON COUNTY,251,38 Years,1899,947,952,1361,661,700,66,35,31,47,21,26,425,230,195
JOHNSON COUNTY,251,39 Years,1977,996,981,1463,720,743,64,38,26,47,21,26,403,217,186
JOHNSON COUNTY,251,40 Years,2105,1044,1061,1608,775,833,59,37,22,52,24,28,386,208,178
JOHNSON COUNTY,251,41 Years,2235,1121,1114,1668,819,849,68,42,26,56,29,27,443,231,212
JOHNSON COUNTY,251,42 Years,2260,1134,1126,1709,849,860,54,33,21,44,20,24,453,232,221
JOHNSON COUNTY,251,43 Years,2140,1064,1076,1638,792,846,55,34,21,56,27,29,391,211,180
JOHNSON COUNTY,251,44 Years,2073,1057,1016,1563,785,778,63,37,26,55,25,30,392,210,182
JOHNSON COUNTY,251,45 Years,2148,1102,1046,1636,827,809,65,42,23,54,27,27,393,206,187
JOHNSON COUNTY,251,46 Years,2176,1132,1044,1694,869,825,66,47,19,52,26,26,364,190,174
JOHNSON COUNTY,251,47 Years,2265,1175,1090,1782,906,876,54,35,19,47,25,22,382,209,173
JOHNSON COUNTY,251,48 Years,2318,1174,1144,1855,927,928,60,37,23,47,26,21,356,184,172
JOHNSON COUNTY,251,49 Years,2318,1164,1154,1863,918,945,68,36,32,63,35,28,324,175,149
JOHNSON COUNTY,251,50 Years,2324,1158,1166,1879,919,960,66,33,33,55,24,31,324,182,142
JOHNSON COUNTY,251,51 Years,2362,1188,1174,1944,963,981,53,29,24,59,28,31,306,168,138
JOHNSON COUNTY,251,52 Years,2421,1241,1180,1988,1004,984,60,36,24,67,29,38,306,172,134
JOHNSON COUNTY,251,53 Years,2230,1143,1087,1857,925,932,56,36,20,55,26,29,262,156,106
JOHNSON COUNTY,251,54 Years,2247,1124,1123,1895,929,966,60,34,26,52,21,31,240,140,100
JOHNSON COUNTY,251,55 Years,2099,1055,1044,1776,879,897,60,34,26,52,22,30,211,120,91
JOHNSON COUNTY,251,56 Years,2086,1009,1077,1780,852,928,55,28,27,51,19,32,200,110,90
JOHNSON COUNTY,251,57 Years,2030,1003,1027,1731,847,884,45,21,24,51,25,26,203,110,93
JOHNSON COUNTY,251,58 Years,1941,972,969,1662,823,839,40,21,19,52,22,30,187,106,81
JOHNSON COUNTY,251,59 Years,1836,914,922,1561,767,794,51,26,25,47,23,24,177,98,79
JOHNSON COUNTY,251,60 Years,1831,892,939,1579,754,825,50,31,19,42,23,19,160,84,76
JOHNSON COUNTY,251,61 Years,1648,791,857,1423,677,746,38,20,18,36,20,16,151,74,77
JOHNSON COUNTY,251,62 Years,1594,768,826,1387,674,713,40,19,21,37,16,21,130,59,71
JOHNSON COUNTY,251,63 Years,1666,786,880,1454,687,767,36,14,22,41,18,23,135,67,68
JOHNSON COUNTY,251,64 Years,1746,838,908,1531,728,803,34,19,15,39,20,19,142,71,71
JOHNSON COUNTY,251,65 Years,1710,811,899,1516,708,808,34,18,16,35,20,15,125,65,60
JOHNSON COUNTY,251,66 Years,1399,668,731,1220,570,650,32,21,11,29,17,12,118,60,58
JOHNSON COUNTY,251,67 Years,1293,635,658,1121,544,577,28,14,14,20,15,5,124,62,62
JOHNSON COUNTY,251,68 Years,1280,619,661,1126,537,589,18,8,10,21,10,11,115,64,51
JOHNSON COUNTY,251,69 Years,1261,600,661,1139,537,602,16,7,9,20,10,10,86,46,40
JOHNSON COUNTY,251,70 Years,1113,524,589,1000,464,536,17,7,10,29,17,12,67,36,31
JOHNSON COUNTY,251,71 Years,1023,493,530,920,440,480,15,11,4,19,10,9,69,32,37
JOHNSON COUNTY,251,72 Years,952,461,491,859,414,445,14,11,3,12,4,8,67,32,35
JOHNSON COUNTY,251,73 Years,925,442,483,836,399,437,16,7,9,15,6,9,58,30,28
JOHNSON COUNTY,251,74 Years,865,404,461,790,370,420,11,2,9,16,10,6,48,22,26
JOHNSON COUNTY,251,75 Years,802,382,420,727,348,379,10,4,6,14,7,7,51,23,28
JOHNSON COUNTY,251,76 Years,752,352,400,690,322,368,5,2,3,9,4,5,48,24,24
JOHNSON COUNTY,251,77 Years,669,302,367,620,280,340,5,3,2,9,4,5,35,15,20
JOHNSON COUNTY,251,78 Years,620,289,331,572,267,305,13,6,7,11,6,5,24,10,14
JOHNSON COUNTY,251,79 Years,581,261,320,536,237,299,9,4,5,10,7,3,26,13,13
JOHNSON COUNTY,251,80 Years,520,217,303,480,198,282,7,3,4,6,4,2,27,12,15
JOHNSON COUNTY,251,81 Years,501,222,279,467,210,257,6,2,4,5,2,3,23,8,15
JOHNSON COUNTY,251,82 Years,485,198,287,459,190,269,7,3,4,3,0,3,16,5,11
JOHNSON COUNTY,251,83 Years,423,159,264,391,149,242,6,2,4,5,0,5,21,8,13
JOHNSON COUNTY,251,84 Years,383,153,230,356,144,212,7,3,4,4,0,4,16,6,10
JOHNSON COUNTY,251,85 Years +,1801,598,1203,1658,555,1103,34,4,30,20,9,11,89,30,59
JONES COUNTY,253,All Ages,20411,12497,7914,12559,6819,5740,2303,2007,296,369,186,183,5180,3485,1695
JONES COUNTY,253,< 1 Year,176,97,79,119,66,53,8,4,4,4,2,2,45,25,20
JONES COUNTY,253,1 Years,188,90,98,120,60,60,5,3,2,6,2,4,57,25,32
JONES COUNTY,253,2 Years,195,94,101,120,63,57,5,2,3,5,2,3,65,27,38
JONES COUNTY,253,3 Years,190,99,91,112,62,50,8,4,4,4,2,2,66,31,35
JONES COUNTY,253,4 Years,176,99,77,101,54,47,6,3,3,6,4,2,63,38,25
JONES COUNTY,253,5 Years,189,102,87,115,63,52,3,1,2,9,5,4,62,33,29
JONES COUNTY,253,6 Years,197,100,97,107,57,50,5,2,3,10,7,3,75,34,41
JONES COUNTY,253,7 Years,197,91,106,113,52,61,7,4,3,7,6,1,70,29,41
JONES COUNTY,253,8 Years,204,99,105,121,59,62,8,4,4,10,6,4,65,30,35
JONES COUNTY,253,9 Years,215,103,112,125,66,59,13,3,10,10,4,6,67,30,37
JONES COUNTY,253,10 Years,206,100,106,113,56,57,10,3,7,6,2,4,77,39,38
JONES COUNTY,253,11 Years,208,101,107,122,56,66,14,7,7,10,4,6,62,34,28
JONES COUNTY,253,12 Years,224,125,99,136,79,57,9,5,4,7,3,4,72,38,34
JONES COUNTY,253,13 Years,231,122,109,134,77,57,14,7,7,9,4,5,74,34,40
JONES COUNTY,253,14 Years,212,107,105,119,59,60,14,7,7,9,1,8,70,40,30
JONES COUNTY,253,15 Years,221,114,107,138,65,73,9,5,4,6,4,2,68,40,28
JONES COUNTY,253,16 Years,226,116,110,147,73,74,8,3,5,11,7,4,60,33,27
JONES COUNTY,253,17 Years,225,129,96,149,85,64,6,4,2,8,4,4,62,36,26
JONES COUNTY,253,18 Years,258,145,113,179,95,84,6,4,2,4,2,2,69,44,25
JONES COUNTY,253,19 Years,286,176,110,160,83,77,34,31,3,5,3,2,87,59,28
JONES COUNTY,253,20 Years,297,200,97,146,83,63,50,43,7,4,3,1,97,71,26
JONES COUNTY,253,21 Years,277,200,77,128,75,53,54,49,5,3,2,1,92,74,18
JONES COUNTY,253,22 Years,301,222,79,139,88,51,61,59,2,2,1,1,99,74,25
JONES COUNTY,253,23 Years,299,233,66,138,89,49,62,61,1,3,2,1,96,81,15
JONES COUNTY,253,24 Years,340,262,78,127,78,49,81,76,5,2,1,1,130,107,23
JONES COUNTY,253,25 Years,322,252,70,127,84,43,74,70,4,4,2,2,117,96,21
JONES COUNTY,253,26 Years,309,236,73,133,82,51,75,71,4,2,1,1,99,82,17
JONES COUNTY,253,27 Years,336,251,85,140,80,60,80,78,2,5,4,1,111,89,22
JONES COUNTY,253,28 Years,332,254,78,153,103,50,63,60,3,3,2,1,113,89,24
JONES COUNTY,253,29 Years,318,247,71,138,94,44,50,47,3,2,0,2,128,106,22
JONES COUNTY,253,30 Years,321,245,76,146,94,52,71,69,2,4,1,3,100,81,19
JONES COUNTY,253,31 Years,329,241,88,162,99,63,68,66,2,5,2,3,94,74,20
JONES COUNTY,253,32 Years,317,227,90,148,88,60,60,57,3,2,0,2,107,82,25
JONES COUNTY,253,33 Years,302,230,72,140,89,51,56,53,3,3,2,1,103,86,17
JONES COUNTY,253,34 Years,324,252,72,159,107,52,60,56,4,5,5,0,100,84,16
JONES COUNTY,253,35 Years,301,231,70,144,95,49,62,58,4,3,3,0,92,75,17
JONES COUNTY,253,36 Years,301,222,79,145,90,55,62,58,4,3,3,0,91,71,20
JONES COUNTY,253,37 Years,310,217,93,144,79,65,74,71,3,4,2,2,88,65,23
JONES COUNTY,253,38 Years,298,217,81,140,80,60,58,56,2,5,3,2,95,78,17
JONES COUNTY,253,39 Years,301,215,86,162,98,64,43,42,1,6,3,3,90,72,18
JONES COUNTY,253,40 Years,303,213,90,167,103,64,44,41,3,5,1,4,87,68,19
JONES COUNTY,253,41 Years,308,213,95,162,95,67,58,51,7,6,3,3,82,64,18
JONES COUNTY,253,42 Years,329,215,114,201,112,89,45,40,5,3,2,1,80,61,19
JONES COUNTY,253,43 Years,311,212,99,180,104,76,41,38,3,4,2,2,86,68,18
JONES COUNTY,253,44 Years,293,206,87,175,105,70,46,45,1,4,2,2,68,54,14
JONES COUNTY,253,45 Years,284,196,88,171,103,68,42,39,3,4,2,2,67,52,15
JONES COUNTY,253,46 Years,291,196,95,184,113,71,37,34,3,4,2,2,66,47,19
JONES COUNTY,253,47 Years,341,234,107,204,125,79,44,39,5,6,4,2,87,66,21
JONES COUNTY,253,48 Years,338,220,118,219,130,89,38,34,4,5,2,3,76,54,22
JONES COUNTY,253,49 Years,325,202,123,209,114,95,40,36,4,3,1,2,73,51,22
JONES COUNTY,253,50 Years,324,206,118,215,120,95,45,42,3,5,3,2,59,41,18
JONES COUNTY,253,51 Years,321,184,137,209,107,102,48,42,6,3,1,2,61,34,27
JONES COUNTY,253,52 Years,319,189,130,217,118,99,40,37,3,3,2,1,59,32,27
JONES COUNTY,253,53 Years,277,172,105,200,120,80,30,24,6,5,4,1,42,24,18
JONES COUNTY,253,54 Years,258,150,108,182,98,84,27,19,8,4,2,2,45,31,14
JONES COUNTY,253,55 Years,265,145,120,180,92,88,24,18,6,3,1,2,58,34,24
JONES COUNTY,253,56 Years,264,140,124,198,101,97,9,5,4,3,2,1,54,32,22
JONES COUNTY,253,57 Years,274,150,124,202,104,98,17,15,2,7,3,4,48,28,20
JONES COUNTY,253,58 Years,255,133,122,197,97,100,22,17,5,5,2,3,31,17,14
JONES COUNTY,253,59 Years,231,124,107,174,89,85,23,16,7,1,1,0,33,18,15
JONES COUNTY,253,60 Years,233,122,111,175,87,88,10,7,3,4,2,2,44,26,18
JONES COUNTY,253,61 Years,225,127,98,172,95,77,10,7,3,6,4,2,37,21,16
JONES COUNTY,253,62 Years,213,120,93,168,95,73,7,6,1,5,1,4,33,18,15
JONES COUNTY,253,63 Years,206,112,94,164,84,80,12,10,2,4,1,3,26,17,9
JONES COUNTY,253,64 Years,226,108,118,181,86,95,7,5,2,2,2,0,36,15,21
JONES COUNTY,253,65 Years,222,120,102,186,101,85,3,1,2,2,1,1,31,17,14
JONES COUNTY,253,66 Years,180,100,80,145,83,62,3,1,2,3,1,2,29,15,14
JONES COUNTY,253,67 Years,163,86,77,133,68,65,2,2,0,2,1,1,26,15,11
JONES COUNTY,253,68 Years,184,79,105,140,56,84,7,3,4,2,0,2,35,20,15
JONES COUNTY,253,69 Years,178,86,92,143,67,76,5,2,3,2,0,2,28,17,11
JONES COUNTY,253,70 Years,146,74,72,124,62,62,6,3,3,2,1,1,14,8,6
JONES COUNTY,253,71 Years,160,78,82,134,66,68,7,2,5,3,2,1,16,8,8
JONES COUNTY,253,72 Years,153,74,79,122,61,61,3,1,2,5,3,2,23,9,14
JONES COUNTY,253,73 Years,134,70,64,109,53,56,4,3,1,1,1,0,20,13,7
JONES COUNTY,253,74 Years,133,65,68,113,56,57,3,1,2,3,2,1,14,6,8
JONES COUNTY,253,75 Years,133,60,73,113,53,60,4,3,1,2,1,1,14,3,11
JONES COUNTY,253,76 Years,115,48,67,101,44,57,5,2,3,0,0,0,9,2,7
JONES COUNTY,253,77 Years,104,45,59,84,40,44,3,0,3,1,1,0,16,4,12
JONES COUNTY,253,78 Years,91,30,61,72,25,47,4,0,4,3,1,2,12,4,8
JONES COUNTY,253,79 Years,85,36,49,72,30,42,2,1,1,3,1,2,8,4,4
JONES COUNTY,253,80 Years,99,38,61,83,31,52,4,3,1,2,0,2,10,4,6
JONES COUNTY,253,81 Years,76,32,44,64,25,39,5,3,2,1,0,1,6,4,2
JONES COUNTY,253,82 Years,79,29,50,67,25,42,2,0,2,1,0,1,9,4,5
JONES COUNTY,253,83 Years,69,24,45,55,20,35,1,0,1,1,0,1,12,4,8
JONES COUNTY,253,84 Years,70,29,41,62,25,37,2,1,1,0,0,0,6,3,3
JONES COUNTY,253,85 Years +,364,142,222,322,126,196,6,2,4,10,2,8,26,12,14
KARNES COUNTY,255,All Ages,15683,9326,6357,6251,3366,2885,1402,1298,104,147,73,74,7883,4589,3294
KARNES COUNTY,255,< 1 Year,164,81,83,51,26,25,2,1,1,0,0,0,111,54,57
KARNES COUNTY,255,1 Years,146,76,70,41,21,20,3,2,1,0,0,0,102,53,49
KARNES COUNTY,255,2 Years,165,87,78,52,35,17,4,2,2,3,0,3,106,50,56
KARNES COUNTY,255,3 Years,161,82,79,39,26,13,5,2,3,3,2,1,114,52,62
KARNES COUNTY,255,4 Years,163,79,84,48,23,25,1,0,1,4,2,2,110,54,56
KARNES COUNTY,255,5 Years,180,91,89,52,27,25,5,4,1,4,2,2,119,58,61
KARNES COUNTY,255,6 Years,191,96,95,58,32,26,7,5,2,4,2,2,122,57,65
KARNES COUNTY,255,7 Years,163,84,79,51,30,21,5,5,0,2,1,1,105,48,57
KARNES COUNTY,255,8 Years,163,87,76,48,24,24,4,3,1,2,0,2,109,60,49
KARNES COUNTY,255,9 Years,184,100,84,66,32,34,1,0,1,4,3,1,113,65,48
KARNES COUNTY,255,10 Years,163,83,80,53,25,28,2,1,1,4,2,2,104,55,49
KARNES COUNTY,255,11 Years,175,81,94,60,26,34,1,0,1,4,3,1,110,52,58
KARNES COUNTY,255,12 Years,180,86,94,60,25,35,1,0,1,3,2,1,116,59,57
KARNES COUNTY,255,13 Years,177,90,87,60,29,31,4,2,2,3,2,1,110,57,53
KARNES COUNTY,255,14 Years,171,90,81,57,33,24,3,2,1,2,1,1,109,54,55
KARNES COUNTY,255,15 Years,180,94,86,71,36,35,1,0,1,0,0,0,108,58,50
KARNES COUNTY,255,16 Years,171,94,77,65,34,31,3,3,0,2,1,1,101,56,45
KARNES COUNTY,255,17 Years,175,94,81,68,36,32,4,2,2,3,3,0,100,53,47
KARNES COUNTY,255,18 Years,179,97,82,73,40,33,8,6,2,1,0,1,97,51,46
KARNES COUNTY,255,19 Years,216,131,85,74,43,31,19,17,2,1,0,1,122,71,51
KARNES COUNTY,255,20 Years,235,156,79,71,43,28,27,27,0,4,1,3,133,85,48
KARNES COUNTY,255,21 Years,229,152,77,64,36,28,34,34,0,0,0,0,131,82,49
KARNES COUNTY,255,22 Years,238,163,75,55,35,20,38,37,1,2,1,1,143,90,53
KARNES COUNTY,255,23 Years,258,201,57,57,40,17,48,47,1,2,1,1,151,113,38
KARNES COUNTY,255,24 Years,282,207,75,74,48,26,60,56,4,2,1,1,146,102,44
KARNES COUNTY,255,25 Years,277,209,68,69,41,28,60,59,1,1,0,1,147,109,38
KARNES COUNTY,255,26 Years,277,200,77,71,45,26,61,59,2,4,0,4,141,96,45
KARNES COUNTY,255,27 Years,259,195,64,59,35,24,57,55,2,4,3,1,139,102,37
KARNES COUNTY,255,28 Years,250,189,61,62,39,23,51,49,2,5,5,0,132,96,36
KARNES COUNTY,255,29 Years,259,202,57,69,47,22,68,67,1,3,3,0,119,85,34
KARNES COUNTY,255,30 Years,265,202,63,77,53,24,50,49,1,2,1,1,136,99,37
KARNES COUNTY,255,31 Years,272,202,70,72,47,25,58,56,2,1,0,1,141,99,42
KARNES COUNTY,255,32 Years,265,192,73,74,46,28,37,36,1,1,1,0,153,109,44
KARNES COUNTY,255,33 Years,249,180,69,61,36,25,50,48,2,1,0,1,137,96,41
KARNES COUNTY,255,34 Years,224,166,58,56,34,22,48,47,1,3,2,1,117,83,34
KARNES COUNTY,255,35 Years,226,162,64,58,37,21,48,47,1,1,1,0,119,77,42
KARNES COUNTY,255,36 Years,226,165,61,67,43,24,40,39,1,2,2,0,117,81,36
KARNES COUNTY,255,37 Years,221,160,61,59,39,20,40,39,1,0,0,0,122,82,40
KARNES COUNTY,255,38 Years,191,127,64,61,36,25,28,26,2,3,1,2,99,64,35
KARNES COUNTY,255,39 Years,192,128,64,55,35,20,27,26,1,2,1,1,108,66,42
KARNES COUNTY,255,40 Years,209,146,63,62,40,22,27,25,2,1,1,0,119,80,39
KARNES COUNTY,255,41 Years,213,142,71,85,52,33,22,22,0,0,0,0,106,68,38
KARNES COUNTY,255,42 Years,227,150,77,86,51,35,27,26,1,1,1,0,113,72,41
KARNES COUNTY,255,43 Years,185,125,60,62,36,26,21,19,2,2,1,1,100,69,31
KARNES COUNTY,255,44 Years,200,126,74,79,40,39,27,27,0,1,1,0,93,58,35
KARNES COUNTY,255,45 Years,190,115,75,71,33,38,20,20,0,3,3,0,96,59,37
KARNES COUNTY,255,46 Years,210,132,78,79,45,34,25,24,1,3,1,2,103,62,41
KARNES COUNTY,255,47 Years,243,147,96,109,61,48,21,20,1,4,0,4,109,66,43
KARNES COUNTY,255,48 Years,244,155,89,123,72,51,22,21,1,4,3,1,95,59,36
KARNES COUNTY,255,49 Years,225,146,79,106,64,42,21,21,0,2,1,1,96,60,36
KARNES COUNTY,255,50 Years,225,144,81,91,59,32,15,13,2,2,1,1,117,71,46
KARNES COUNTY,255,51 Years,223,140,83,102,66,36,18,15,3,2,1,1,101,58,43
KARNES COUNTY,255,52 Years,206,126,80,112,69,43,12,11,1,3,2,1,79,44,35
KARNES COUNTY,255,53 Years,198,108,90,98,50,48,9,7,2,3,2,1,88,49,39
KARNES COUNTY,255,54 Years,196,93,103,97,42,55,6,5,1,0,0,0,93,46,47
KARNES COUNTY,255,55 Years,221,118,103,111,57,54,8,5,3,3,0,3,99,56,43
KARNES COUNTY,255,56 Years,200,106,94,107,53,54,6,3,3,1,0,1,86,50,36
KARNES COUNTY,255,57 Years,200,101,99,109,60,49,7,4,3,0,0,0,84,37,47
KARNES COUNTY,255,58 Years,205,103,102,106,52,54,12,8,4,2,1,1,85,42,43
KARNES COUNTY,255,59 Years,210,109,101,117,57,60,8,7,1,3,0,3,82,45,37
KARNES COUNTY,255,60 Years,184,88,96,105,48,57,4,4,0,3,1,2,72,35,37
KARNES COUNTY,255,61 Years,167,84,83,95,49,46,3,3,0,2,1,1,67,31,36
KARNES COUNTY,255,62 Years,154,80,74,83,49,34,3,2,1,2,0,2,66,29,37
KARNES COUNTY,255,63 Years,148,78,70,91,52,39,2,1,1,0,0,0,55,25,30
KARNES COUNTY,255,64 Years,166,86,80,100,54,46,2,1,1,0,0,0,64,31,33
KARNES COUNTY,255,65 Years,177,97,80,108,60,48,5,4,1,0,0,0,64,33,31
KARNES COUNTY,255,66 Years,136,65,71,78,39,39,4,2,2,2,1,1,52,23,29
KARNES COUNTY,255,67 Years,106,48,58,57,26,31,3,2,1,0,0,0,46,20,26
KARNES COUNTY,255,68 Years,111,50,61,70,34,36,2,1,1,1,1,0,38,14,24
KARNES COUNTY,255,69 Years,106,57,49,66,37,29,3,2,1,0,0,0,37,18,19
KARNES COUNTY,255,70 Years,98,47,51,58,27,31,2,1,1,0,0,0,38,19,19
KARNES COUNTY,255,71 Years,108,55,53,66,34,32,1,1,0,0,0,0,41,20,21
KARNES COUNTY,255,72 Years,92,42,50,57,29,28,0,0,0,1,0,1,34,13,21
KARNES COUNTY,255,73 Years,106,53,53,67,34,33,4,3,1,2,0,2,33,16,17
KARNES COUNTY,255,74 Years,106,46,60,63,27,36,1,0,1,1,0,1,41,19,22
KARNES COUNTY,255,75 Years,96,49,47,59,25,34,2,2,0,0,0,0,35,22,13
KARNES COUNTY,255,76 Years,99,43,56,68,31,37,1,0,1,0,0,0,30,12,18
KARNES COUNTY,255,77 Years,94,36,58,57,25,32,1,0,1,0,0,0,36,11,25
KARNES COUNTY,255,78 Years,89,33,56,51,21,30,0,0,0,1,0,1,37,12,25
KARNES COUNTY,255,79 Years,93,41,52,60,27,33,1,1,0,0,0,0,32,13,19
KARNES COUNTY,255,80 Years,74,35,39,50,23,27,0,0,0,0,0,0,24,12,12
KARNES COUNTY,255,81 Years,76,30,46,51,17,34,1,1,0,0,0,0,24,12,12
KARNES COUNTY,255,82 Years,79,35,44,55,22,33,1,1,0,0,0,0,23,12,11
KARNES COUNTY,255,83 Years,60,31,29,39,20,19,1,0,1,0,0,0,20,11,9
KARNES COUNTY,255,84 Years,52,17,35,37,11,26,1,0,1,0,0,0,14,6,8
KARNES COUNTY,255,85 Years +,314,107,207,210,68,142,7,3,4,0,0,0,97,36,61
KAUFMAN COUNTY,257,All Ages,106914,52604,54310,73808,36169,37639,11001,5245,5756,3066,1449,1617,19039,9741,9298
KAUFMAN COUNTY,257,< 1 Year,1416,718,698,896,456,440,138,66,72,25,9,16,357,187,170
KAUFMAN COUNTY,257,1 Years,1414,719,695,876,447,429,132,66,66,41,19,22,365,187,178
KAUFMAN COUNTY,257,2 Years,1411,712,699,834,417,417,140,69,71,53,27,26,384,199,185
KAUFMAN COUNTY,257,3 Years,1444,719,725,842,412,430,141,74,67,60,28,32,401,205,196
KAUFMAN COUNTY,257,4 Years,1567,755,812,932,429,503,157,80,77,72,33,39,406,213,193
KAUFMAN COUNTY,257,5 Years,1604,801,803,977,481,496,164,88,76,75,36,39,388,196,192
KAUFMAN COUNTY,257,6 Years,1676,835,841,999,505,494,150,71,79,78,39,39,449,220,229
KAUFMAN COUNTY,257,7 Years,1651,845,806,960,490,470,171,86,85,82,41,41,438,228,210
KAUFMAN COUNTY,257,8 Years,1675,875,800,975,520,455,167,84,83,70,37,33,463,234,229
KAUFMAN COUNTY,257,9 Years,1679,862,817,991,509,482,161,87,74,69,34,35,458,232,226
KAUFMAN COUNTY,257,10 Years,1744,877,867,1051,523,528,170,80,90,72,37,35,451,237,214
KAUFMAN COUNTY,257,11 Years,1847,940,907,1121,578,543,184,85,99,77,39,38,465,238,227
KAUFMAN COUNTY,257,12 Years,1833,955,878,1106,571,535,175,84,91,71,40,31,481,260,221
KAUFMAN COUNTY,257,13 Years,1788,930,858,1109,569,540,185,99,86,59,31,28,435,231,204
KAUFMAN COUNTY,257,14 Years,1789,942,847,1088,583,505,170,92,78,68,36,32,463,231,232
KAUFMAN COUNTY,257,15 Years,1782,950,832,1112,589,523,189,105,84,58,29,29,423,227,196
KAUFMAN COUNTY,257,16 Years,1776,930,846,1103,582,521,200,100,100,56,25,31,417,223,194
KAUFMAN COUNTY,257,17 Years,1740,933,807,1083,592,491,213,106,107,60,28,32,384,207,177
KAUFMAN COUNTY,257,18 Years,1711,871,840,1047,541,506,210,104,106,58,28,30,396,198,198
KAUFMAN COUNTY,257,19 Years,1618,814,804,983,504,479,202,96,106,56,28,28,377,186,191
KAUFMAN COUNTY,257,20 Years,1414,714,700,854,445,409,213,105,108,40,19,21,307,145,162
KAUFMAN COUNTY,257,21 Years,1212,631,581,704,379,325,191,88,103,40,22,18,277,142,135
KAUFMAN COUNTY,257,22 Years,1124,582,542,658,355,303,173,79,94,34,18,16,259,130,129
KAUFMAN COUNTY,257,23 Years,1056,528,528,621,311,310,141,67,74,30,18,12,264,132,132
KAUFMAN COUNTY,257,24 Years,1034,503,531,655,306,349,104,55,49,30,15,15,245,127,118
KAUFMAN COUNTY,257,25 Years,1125,560,565,739,356,383,115,61,54,37,15,22,234,128,106
KAUFMAN COUNTY,257,26 Years,1172,576,596,753,361,392,130,60,70,33,15,18,256,140,116
KAUFMAN COUNTY,257,27 Years,1165,561,604,748,366,382,131,63,68,29,12,17,257,120,137
KAUFMAN COUNTY,257,28 Years,1199,577,622,793,380,413,123,54,69,32,16,16,251,127,124
KAUFMAN COUNTY,257,29 Years,1293,617,676,833,389,444,129,60,69,35,15,20,296,153,143
KAUFMAN COUNTY,257,30 Years,1294,613,681,844,394,450,137,71,66,35,12,23,278,136,142
KAUFMAN COUNTY,257,31 Years,1406,663,743,945,438,507,127,66,61,33,16,17,301,143,158
KAUFMAN COUNTY,257,32 Years,1429,682,747,966,453,513,112,55,57,33,14,19,318,160,158
KAUFMAN COUNTY,257,33 Years,1430,691,739,970,470,500,119,55,64,33,14,19,308,152,156
KAUFMAN COUNTY,257,34 Years,1465,714,751,972,474,498,143,71,72,32,14,18,318,155,163
KAUFMAN COUNTY,257,35 Years,1431,703,728,935,464,471,133,59,74,38,16,22,325,164,161
KAUFMAN COUNTY,257,36 Years,1498,726,772,1002,496,506,140,54,86,38,16,22,318,160,158
KAUFMAN COUNTY,257,37 Years,1550,764,786,1029,515,514,155,68,87,35,13,22,331,168,163
KAUFMAN COUNTY,257,38 Years,1528,741,787,1033,503,530,156,74,82,38,17,21,301,147,154
KAUFMAN COUNTY,257,39 Years,1520,730,790,1013,487,526,171,82,89,43,16,27,293,145,148
KAUFMAN COUNTY,257,40 Years,1582,752,830,1077,511,566,173,85,88,38,18,20,294,138,156
KAUFMAN COUNTY,257,41 Years,1614,779,835,1123,548,575,170,76,94,37,18,19,284,137,147
KAUFMAN COUNTY,257,42 Years,1627,812,815,1129,567,562,178,86,92,46,23,23,274,136,138
KAUFMAN COUNTY,257,43 Years,1555,751,804,1062,510,552,171,81,90,47,24,23,275,136,139
KAUFMAN COUNTY,257,44 Years,1465,734,731,1010,499,511,163,79,84,38,18,20,254,138,116
KAUFMAN COUNTY,257,45 Years,1495,735,760,1051,502,549,168,84,84,32,17,15,244,132,112
KAUFMAN COUNTY,257,46 Years,1472,700,772,1028,481,547,196,94,102,31,12,19,217,113,104
KAUFMAN COUNTY,257,47 Years,1521,736,785,1059,512,547,190,88,102,40,19,21,232,117,115
KAUFMAN COUNTY,257,48 Years,1602,784,818,1154,564,590,182,81,101,40,21,19,226,118,108
KAUFMAN COUNTY,257,49 Years,1567,768,799,1154,563,591,161,72,89,32,15,17,220,118,102
KAUFMAN COUNTY,257,50 Years,1534,771,763,1148,585,563,162,72,90,32,11,21,192,103,89
KAUFMAN COUNTY,257,51 Years,1570,785,785,1191,601,590,156,68,88,38,17,21,185,99,86
KAUFMAN COUNTY,257,52 Years,1603,797,806,1234,608,626,153,70,83,42,24,18,174,95,79
KAUFMAN COUNTY,257,53 Years,1518,755,763,1187,577,610,149,71,78,40,22,18,142,85,57
KAUFMAN COUNTY,257,54 Years,1542,761,781,1221,605,616,161,70,91,38,21,17,122,65,57
KAUFMAN COUNTY,257,55 Years,1450,726,724,1158,576,582,142,71,71,33,13,20,117,66,51
KAUFMAN COUNTY,257,56 Years,1380,678,702,1068,517,551,141,70,71,42,20,22,129,71,58
KAUFMAN COUNTY,257,57 Years,1376,669,707,1084,527,557,127,56,71,39,20,19,126,66,60
KAUFMAN COUNTY,257,58 Years,1312,660,652,1050,525,525,121,58,63,30,15,15,111,62,49
KAUFMAN COUNTY,257,59 Years,1293,654,639,1036,520,516,119,59,60,33,17,16,105,58,47
KAUFMAN COUNTY,257,60 Years,1199,581,618,970,472,498,114,56,58,27,12,15,88,41,47
KAUFMAN COUNTY,257,61 Years,1113,540,573,883,421,462,119,62,57,26,13,13,85,44,41
KAUFMAN COUNTY,257,62 Years,1114,529,585,905,430,475,111,53,58,28,11,17,70,35,35
KAUFMAN COUNTY,257,63 Years,1081,541,540,885,447,438,103,50,53,25,13,12,68,31,37
KAUFMAN COUNTY,257,64 Years,1045,517,528,847,426,421,103,44,59,17,6,11,78,41,37
KAUFMAN COUNTY,257,65 Years,994,488,506,824,410,414,93,39,54,20,8,12,57,31,26
KAUFMAN COUNTY,257,66 Years,893,425,468,724,356,368,86,35,51,24,7,17,59,27,32
KAUFMAN COUNTY,257,67 Years,830,374,456,674,309,365,77,32,45,22,7,15,57,26,31
KAUFMAN COUNTY,257,68 Years,780,364,416,637,297,340,71,33,38,18,7,11,54,27,27
KAUFMAN COUNTY,257,69 Years,761,346,415,643,288,355,59,30,29,17,9,8,42,19,23
KAUFMAN COUNTY,257,70 Years,712,331,381,599,282,317,59,30,29,17,6,11,37,13,24
KAUFMAN COUNTY,257,71 Years,664,318,346,557,270,287,58,27,31,17,4,13,32,17,15
KAUFMAN COUNTY,257,72 Years,595,295,300,505,251,254,55,24,31,12,8,4,23,12,11
KAUFMAN COUNTY,257,73 Years,572,277,295,485,234,251,52,23,29,8,3,5,27,17,10
KAUFMAN COUNTY,257,74 Years,480,222,258,402,185,217,42,20,22,8,3,5,28,14,14
KAUFMAN COUNTY,257,75 Years,445,212,233,363,175,188,39,15,24,12,7,5,31,15,16
KAUFMAN COUNTY,257,76 Years,417,198,219,358,172,186,33,14,19,10,3,7,16,9,7
KAUFMAN COUNTY,257,77 Years,404,179,225,351,150,201,26,12,14,11,5,6,16,12,4
KAUFMAN COUNTY,257,78 Years,370,162,208,328,141,187,25,11,14,6,4,2,11,6,5
KAUFMAN COUNTY,257,79 Years,361,156,205,313,136,177,32,13,19,3,1,2,13,6,7
KAUFMAN COUNTY,257,80 Years,320,131,189,279,118,161,28,10,18,4,0,4,9,3,6
KAUFMAN COUNTY,257,81 Years,298,113,185,264,101,163,20,9,11,2,0,2,12,3,9
KAUFMAN COUNTY,257,82 Years,268,102,166,247,96,151,12,4,8,1,0,1,8,2,6
KAUFMAN COUNTY,257,83 Years,227,79,148,200,73,127,15,3,12,3,0,3,9,3,6
KAUFMAN COUNTY,257,84 Years,209,77,132,181,66,115,14,3,11,4,2,2,10,6,4
KAUFMAN COUNTY,257,85 Years +,1174,381,793,1008,325,683,110,33,77,18,8,10,38,15,23
KENDALL COUNTY,259,All Ages,35477,17325,18152,27097,13071,14026,145,78,67,742,356,386,7493,3820,3673
KENDALL COUNTY,259,< 1 Year,339,169,170,208,105,103,1,0,1,9,5,4,121,59,62
KENDALL COUNTY,259,1 Years,344,176,168,211,106,105,1,1,0,7,3,4,125,66,59
KENDALL COUNTY,259,2 Years,350,174,176,218,109,109,1,1,0,7,5,2,124,59,65
KENDALL COUNTY,259,3 Years,341,169,172,212,106,106,0,0,0,10,5,5,119,58,61
KENDALL COUNTY,259,4 Years,374,195,179,234,125,109,0,0,0,6,3,3,134,67,67
KENDALL COUNTY,259,5 Years,361,188,173,237,127,110,1,1,0,7,3,4,116,57,59
KENDALL COUNTY,259,6 Years,397,192,205,260,127,133,3,1,2,6,1,5,128,63,65
KENDALL COUNTY,259,7 Years,441,205,236,281,133,148,2,0,2,16,4,12,142,68,74
KENDALL COUNTY,259,8 Years,442,228,214,308,153,155,2,1,1,11,7,4,121,67,54
KENDALL COUNTY,259,9 Years,446,221,225,309,153,156,3,1,2,6,2,4,128,65,63
KENDALL COUNTY,259,10 Years,479,255,224,321,167,154,2,1,1,15,5,10,141,82,59
KENDALL COUNTY,259,11 Years,512,267,245,344,178,166,1,0,1,14,6,8,153,83,70
KENDALL COUNTY,259,12 Years,541,269,272,373,183,190,3,2,1,10,5,5,155,79,76
KENDALL COUNTY,259,13 Years,544,296,248,374,197,177,3,2,1,12,8,4,155,89,66
KENDALL COUNTY,259,14 Years,545,289,256,376,199,177,3,2,1,22,8,14,144,80,64
KENDALL COUNTY,259,15 Years,551,291,260,364,191,173,5,2,3,20,8,12,162,90,72
KENDALL COUNTY,259,16 Years,599,318,281,410,210,200,4,2,2,15,9,6,170,97,73
KENDALL COUNTY,259,17 Years,585,280,305,400,195,205,6,3,3,17,8,9,162,74,88
KENDALL COUNTY,259,18 Years,528,256,272,360,173,187,1,0,1,16,10,6,151,73,78
KENDALL COUNTY,259,19 Years,522,257,265,353,177,176,5,3,2,12,8,4,152,69,83
KENDALL COUNTY,259,20 Years,445,222,223,304,159,145,2,1,1,10,4,6,129,58,71
KENDALL COUNTY,259,21 Years,378,197,181,240,124,116,1,0,1,10,6,4,127,67,60
KENDALL COUNTY,259,22 Years,314,179,135,208,122,86,1,0,1,5,4,1,100,53,47
KENDALL COUNTY,259,23 Years,301,173,128,196,117,79,1,0,1,10,7,3,94,49,45
KENDALL COUNTY,259,24 Years,294,154,140,191,95,96,2,2,0,8,5,3,93,52,41
KENDALL COUNTY,259,25 Years,274,142,132,164,86,78,3,3,0,6,4,2,101,49,52
KENDALL COUNTY,259,26 Years,299,163,136,196,111,85,0,0,0,5,3,2,98,49,49
KENDALL COUNTY,259,27 Years,273,148,125,169,85,84,1,0,1,4,3,1,99,60,39
KENDALL COUNTY,259,28 Years,262,134,128,166,82,84,1,0,1,2,1,1,93,51,42
KENDALL COUNTY,259,29 Years,278,143,135,180,90,90,1,1,0,3,2,1,94,50,44
KENDALL COUNTY,259,30 Years,280,143,137,182,88,94,0,0,0,8,3,5,90,52,38
KENDALL COUNTY,259,31 Years,290,147,143,182,90,92,0,0,0,5,1,4,103,56,47
KENDALL COUNTY,259,32 Years,288,142,146,194,91,103,0,0,0,4,2,2,90,49,41
KENDALL COUNTY,259,33 Years,305,139,166,196,87,109,2,0,2,8,3,5,99,49,50
KENDALL COUNTY,259,34 Years,311,148,163,210,95,115,3,2,1,6,4,2,92,47,45
KENDALL COUNTY,259,35 Years,321,163,158,219,110,109,1,0,1,7,3,4,94,50,44
KENDALL COUNTY,259,36 Years,347,183,164,233,120,113,0,0,0,8,4,4,106,59,47
KENDALL COUNTY,259,37 Years,370,185,185,259,128,131,1,1,0,8,4,4,102,52,50
KENDALL COUNTY,259,38 Years,366,181,185,263,130,133,1,1,0,8,5,3,94,45,49
KENDALL COUNTY,259,39 Years,380,183,197,266,128,138,1,1,0,4,2,2,109,52,57
KENDALL COUNTY,259,40 Years,404,195,209,291,136,155,0,0,0,9,2,7,104,57,47
KENDALL COUNTY,259,41 Years,449,197,252,342,148,194,2,1,1,9,3,6,96,45,51
KENDALL COUNTY,259,42 Years,449,204,245,345,158,187,3,1,2,12,5,7,89,40,49
KENDALL COUNTY,259,43 Years,438,210,228,343,164,179,1,1,0,10,5,5,84,40,44
KENDALL COUNTY,259,44 Years,455,203,252,336,147,189,2,1,1,12,6,6,105,49,56
KENDALL COUNTY,259,45 Years,476,225,251,352,167,185,2,2,0,14,8,6,108,48,60
KENDALL COUNTY,259,46 Years,484,244,240,364,185,179,1,1,0,11,5,6,108,53,55
KENDALL COUNTY,259,47 Years,586,280,306,455,217,238,2,1,1,10,4,6,119,58,61
KENDALL COUNTY,259,48 Years,608,299,309,463,222,241,2,2,0,15,8,7,128,67,61
KENDALL COUNTY,259,49 Years,595,283,312,479,225,254,3,2,1,15,6,9,98,50,48
KENDALL COUNTY,259,50 Years,617,274,343,493,216,277,5,2,3,9,2,7,110,54,56
KENDALL COUNTY,259,51 Years,604,280,324,488,222,266,2,0,2,10,3,7,104,55,49
KENDALL COUNTY,259,52 Years,598,283,315,485,228,257,1,0,1,11,4,7,101,51,50
KENDALL COUNTY,259,53 Years,579,272,307,488,230,258,2,2,0,13,5,8,76,35,41
KENDALL COUNTY,259,54 Years,593,287,306,501,231,270,3,2,1,12,8,4,77,46,31
KENDALL COUNTY,259,55 Years,598,297,301,502,247,255,5,2,3,10,7,3,81,41,40
KENDALL COUNTY,259,56 Years,538,245,293,457,205,252,2,0,2,9,3,6,70,37,33
KENDALL COUNTY,259,57 Years,572,264,308,493,222,271,1,0,1,15,10,5,63,32,31
KENDALL COUNTY,259,58 Years,592,291,301,512,246,266,1,1,0,11,8,3,68,36,32
KENDALL COUNTY,259,59 Years,545,268,277,471,229,242,3,2,1,8,5,3,63,32,31
KENDALL COUNTY,259,60 Years,519,240,279,447,201,246,3,3,0,9,5,4,60,31,29
KENDALL COUNTY,259,61 Years,543,261,282,470,220,250,7,5,2,7,2,5,59,34,25
KENDALL COUNTY,259,62 Years,534,257,277,460,217,243,4,3,1,9,2,7,61,35,26
KENDALL COUNTY,259,63 Years,521,264,257,450,230,220,3,2,1,7,2,5,61,30,31
KENDALL COUNTY,259,64 Years,539,268,271,471,234,237,2,1,1,7,3,4,59,30,29
KENDALL COUNTY,259,65 Years,560,272,288,504,249,255,2,1,1,7,2,5,47,20,27
KENDALL COUNTY,259,66 Years,455,227,228,409,205,204,2,1,1,7,3,4,37,18,19
KENDALL COUNTY,259,67 Years,444,220,224,395,194,201,1,1,0,11,7,4,37,18,19
KENDALL COUNTY,259,68 Years,432,216,216,392,201,191,0,0,0,9,4,5,31,11,20
KENDALL COUNTY,259,69 Years,407,196,211,365,176,189,1,1,0,10,4,6,31,15,16
KENDALL COUNTY,259,70 Years,368,181,187,322,158,164,1,1,0,7,4,3,38,18,20
KENDALL COUNTY,259,71 Years,327,150,177,287,132,155,0,0,0,3,2,1,37,16,21
KENDALL COUNTY,259,72 Years,283,126,157,249,111,138,1,0,1,3,1,2,30,14,16
KENDALL COUNTY,259,73 Years,289,144,145,262,132,130,2,0,2,3,2,1,22,10,12
KENDALL COUNTY,259,74 Years,260,143,117,231,124,107,1,0,1,4,2,2,24,17,7
KENDALL COUNTY,259,75 Years,251,128,123,224,115,109,0,0,0,6,2,4,21,11,10
KENDALL COUNTY,259,76 Years,226,105,121,204,94,110,0,0,0,7,3,4,15,8,7
KENDALL COUNTY,259,77 Years,201,96,105,179,89,90,0,0,0,6,2,4,16,5,11
KENDALL COUNTY,259,78 Years,204,109,95,172,93,79,1,1,0,7,4,3,24,11,13
KENDALL COUNTY,259,79 Years,190,90,100,165,77,88,0,0,0,8,3,5,17,10,7
KENDALL COUNTY,259,80 Years,158,83,75,144,75,69,0,0,0,2,1,1,12,7,5
KENDALL COUNTY,259,81 Years,145,66,79,133,60,73,0,0,0,1,0,1,11,6,5
KENDALL COUNTY,259,82 Years,147,53,94,131,48,83,1,0,1,3,2,1,12,3,9
KENDALL COUNTY,259,83 Years,155,55,100,143,51,92,0,0,0,1,1,0,11,3,8
KENDALL COUNTY,259,84 Years,138,53,85,126,50,76,0,0,0,1,0,1,11,3,8
KENDALL COUNTY,259,85 Years +,784,257,527,731,238,493,1,0,1,5,3,2,47,16,31
KENEDY COUNTY,261,All Ages,444,223,221,94,43,51,1,0,1,10,3,7,339,177,162
KENEDY COUNTY,261,< 1 Year,5,3,2,3,2,1,0,0,0,0,0,0,2,1,1
KENEDY COUNTY,261,1 Years,5,3,2,1,1,0,0,0,0,0,0,0,4,2,2
KENEDY COUNTY,261,2 Years,8,4,4,3,1,2,0,0,0,1,1,0,4,2,2
KENEDY COUNTY,261,3 Years,7,4,3,3,0,3,0,0,0,1,1,0,3,3,0
KENEDY COUNTY,261,4 Years,6,3,3,2,0,2,0,0,0,1,0,1,3,3,0
KENEDY COUNTY,261,5 Years,4,4,0,0,0,0,0,0,0,0,0,0,4,4,0
KENEDY COUNTY,261,6 Years,4,3,1,1,0,1,0,0,0,0,0,0,3,3,0
KENEDY COUNTY,261,7 Years,4,1,3,0,0,0,0,0,0,0,0,0,4,1,3
KENEDY COUNTY,261,8 Years,4,1,3,0,0,0,0,0,0,0,0,0,4,1,3
KENEDY COUNTY,261,9 Years,3,2,1,0,0,0,0,0,0,0,0,0,3,2,1
KENEDY COUNTY,261,10 Years,4,3,1,1,1,0,0,0,0,0,0,0,3,2,1
KENEDY COUNTY,261,11 Years,6,2,4,2,0,2,0,0,0,0,0,0,4,2,2
KENEDY COUNTY,261,12 Years,5,3,2,0,0,0,0,0,0,0,0,0,5,3,2
KENEDY COUNTY,261,13 Years,9,5,4,2,1,1,0,0,0,0,0,0,7,4,3
KENEDY COUNTY,261,14 Years,7,4,3,1,1,0,0,0,0,0,0,0,6,3,3
KENEDY COUNTY,261,15 Years,7,4,3,0,0,0,0,0,0,1,0,1,6,4,2
KENEDY COUNTY,261,16 Years,5,3,2,1,0,1,0,0,0,0,0,0,4,3,1
KENEDY COUNTY,261,17 Years,5,3,2,1,0,1,0,0,0,1,1,0,3,2,1
KENEDY COUNTY,261,18 Years,7,3,4,1,0,1,0,0,0,2,0,2,4,3,1
KENEDY COUNTY,261,19 Years,10,6,4,3,1,2,0,0,0,1,0,1,6,5,1
KENEDY COUNTY,261,20 Years,8,4,4,2,1,1,0,0,0,0,0,0,6,3,3
KENEDY COUNTY,261,21 Years,2,1,1,0,0,0,0,0,0,0,0,0,2,1,1
KENEDY COUNTY,261,22 Years,4,1,3,1,1,0,0,0,0,0,0,0,3,0,3
KENEDY COUNTY,261,23 Years,7,1,6,1,1,0,1,0,1,0,0,0,5,0,5
KENEDY COUNTY,261,24 Years,4,2,2,1,0,1,0,0,0,0,0,0,3,2,1
KENEDY COUNTY,261,25 Years,13,6,7,1,0,1,0,0,0,0,0,0,12,6,6
KENEDY COUNTY,261,26 Years,7,3,4,2,0,2,0,0,0,0,0,0,5,3,2
KENEDY COUNTY,261,27 Years,5,2,3,3,0,3,0,0,0,0,0,0,2,2,0
KENEDY COUNTY,261,28 Years,6,5,1,3,2,1,0,0,0,0,0,0,3,3,0
KENEDY COUNTY,261,29 Years,2,1,1,2,1,1,0,0,0,0,0,0,0,0,0
KENEDY COUNTY,261,30 Years,5,3,2,1,1,0,0,0,0,0,0,0,4,2,2
KENEDY COUNTY,261,31 Years,10,5,5,3,2,1,0,0,0,0,0,0,7,3,4
KENEDY COUNTY,261,32 Years,4,0,4,1,0,1,0,0,0,0,0,0,3,0,3
KENEDY COUNTY,261,33 Years,3,0,3,0,0,0,0,0,0,0,0,0,3,0,3
KENEDY COUNTY,261,34 Years,5,1,4,1,0,1,0,0,0,0,0,0,4,1,3
KENEDY COUNTY,261,35 Years,3,1,2,1,0,1,0,0,0,0,0,0,2,1,1
KENEDY COUNTY,261,36 Years,3,2,1,1,0,1,0,0,0,0,0,0,2,2,0
KENEDY COUNTY,261,37 Years,2,2,0,1,1,0,0,0,0,0,0,0,1,1,0
KENEDY COUNTY,261,38 Years,3,3,0,1,1,0,0,0,0,0,0,0,2,2,0
KENEDY COUNTY,261,39 Years,4,1,3,1,0,1,0,0,0,0,0,0,3,1,2
KENEDY COUNTY,261,40 Years,3,2,1,2,2,0,0,0,0,0,0,0,1,0,1
KENEDY COUNTY,261,41 Years,3,1,2,1,1,0,0,0,0,0,0,0,2,0,2
KENEDY COUNTY,261,42 Years,5,4,1,2,2,0,0,0,0,0,0,0,3,2,1
KENEDY COUNTY,261,43 Years,6,2,4,1,0,1,0,0,0,0,0,0,5,2,3
KENEDY COUNTY,261,44 Years,8,4,4,1,0,1,0,0,0,0,0,0,7,4,3
KENEDY COUNTY,261,45 Years,9,3,6,0,0,0,0,0,0,0,0,0,9,3,6
KENEDY COUNTY,261,46 Years,4,3,1,0,0,0,0,0,0,0,0,0,4,3,1
KENEDY COUNTY,261,47 Years,5,2,3,0,0,0,0,0,0,0,0,0,5,2,3
KENEDY COUNTY,261,48 Years,11,5,6,2,0,2,0,0,0,1,0,1,8,5,3
KENEDY COUNTY,261,49 Years,5,2,3,1,0,1,0,0,0,0,0,0,4,2,2
KENEDY COUNTY,261,50 Years,7,3,4,0,0,0,0,0,0,0,0,0,7,3,4
KENEDY COUNTY,261,51 Years,6,4,2,1,1,0,0,0,0,0,0,0,5,3,2
KENEDY COUNTY,261,52 Years,5,3,2,0,0,0,0,0,0,0,0,0,5,3,2
KENEDY COUNTY,261,53 Years,9,5,4,1,0,1,0,0,0,0,0,0,8,5,3
KENEDY COUNTY,261,54 Years,7,3,4,0,0,0,0,0,0,0,0,0,7,3,4
KENEDY COUNTY,261,55 Years,4,1,3,1,0,1,0,0,0,0,0,0,3,1,2
KENEDY COUNTY,261,56 Years,7,5,2,2,1,1,0,0,0,0,0,0,5,4,1
KENEDY COUNTY,261,57 Years,6,4,2,3,2,1,0,0,0,0,0,0,3,2,1
KENEDY COUNTY,261,58 Years,8,6,2,2,1,1,0,0,0,0,0,0,6,5,1
KENEDY COUNTY,261,59 Years,8,4,4,1,0,1,0,0,0,0,0,0,7,4,3
KENEDY COUNTY,261,60 Years,6,4,2,3,2,1,0,0,0,0,0,0,3,2,1
KENEDY COUNTY,261,61 Years,2,1,1,1,1,0,0,0,0,0,0,0,1,0,1
KENEDY COUNTY,261,62 Years,2,2,0,1,1,0,0,0,0,0,0,0,1,1,0
KENEDY COUNTY,261,63 Years,6,5,1,1,1,0,0,0,0,0,0,0,5,4,1
KENEDY COUNTY,261,64 Years,7,3,4,1,1,0,0,0,0,0,0,0,6,2,4
KENEDY COUNTY,261,65 Years,10,4,6,2,2,0,0,0,0,0,0,0,8,2,6
KENEDY COUNTY,261,66 Years,9,4,5,1,1,0,0,0,0,0,0,0,8,3,5
KENEDY COUNTY,261,67 Years,3,2,1,0,0,0,0,0,0,0,0,0,3,2,1
KENEDY COUNTY,261,68 Years,3,2,1,1,1,0,0,0,0,0,0,0,2,1,1
KENEDY COUNTY,261,69 Years,1,1,0,0,0,0,0,0,0,0,0,0,1,1,0
KENEDY COUNTY,261,70 Years,2,2,0,0,0,0,0,0,0,0,0,0,2,2,0
KENEDY COUNTY,261,71 Years,4,1,3,0,0,0,0,0,0,0,0,0,4,1,3
KENEDY COUNTY,261,72 Years,4,1,3,1,0,1,0,0,0,0,0,0,3,1,2
KENEDY COUNTY,261,73 Years,3,0,3,0,0,0,0,0,0,0,0,0,3,0,3
KENEDY COUNTY,261,74 Years,2,1,1,0,0,0,0,0,0,0,0,0,2,1,1
KENEDY COUNTY,261,75 Years,5,5,0,1,1,0,0,0,0,0,0,0,4,4,0
KENEDY COUNTY,261,76 Years,3,2,1,1,1,0,0,0,0,0,0,0,2,1,1
KENEDY COUNTY,261,77 Years,1,0,1,0,0,0,0,0,0,0,0,0,1,0,1
KENEDY COUNTY,261,78 Years,2,1,1,0,0,0,0,0,0,0,0,0,2,1,1
KENEDY COUNTY,261,79 Years,1,1,0,0,0,0,0,0,0,0,0,0,1,1,0
KENEDY COUNTY,261,80 Years,2,0,2,1,0,1,0,0,0,1,0,1,0,0,0
KENEDY COUNTY,261,81 Years,3,1,2,1,1,0,0,0,0,0,0,0,2,0,2
KENEDY COUNTY,261,82 Years,2,0,2,1,0,1,0,0,0,0,0,0,1,0,1
KENEDY COUNTY,261,83 Years,2,0,2,0,0,0,0,0,0,0,0,0,2,0,2
KENEDY COUNTY,261,84 Years,4,2,2,1,1,0,0,0,0,0,0,0,3,1,2
KENEDY COUNTY,261,85 Years +,14,4,10,3,0,3,0,0,0,0,0,0,11,4,7
KENT COUNTY,263,All Ages,835,403,432,688,328,360,8,1,7,13,5,8,126,69,57
KENT COUNTY,263,< 1 Year,7,3,4,5,2,3,0,0,0,0,0,0,2,1,1
KENT COUNTY,263,1 Years,7,4,3,6,3,3,0,0,0,0,0,0,1,1,0
KENT COUNTY,263,2 Years,8,4,4,6,3,3,1,1,0,0,0,0,1,0,1
KENT COUNTY,263,3 Years,9,6,3,5,3,2,0,0,0,0,0,0,4,3,1
KENT COUNTY,263,4 Years,9,6,3,7,5,2,0,0,0,0,0,0,2,1,1
KENT COUNTY,263,5 Years,7,5,2,5,3,2,0,0,0,0,0,0,2,2,0
KENT COUNTY,263,6 Years,6,3,3,3,2,1,0,0,0,0,0,0,3,1,2
KENT COUNTY,263,7 Years,9,5,4,7,4,3,0,0,0,0,0,0,2,1,1
KENT COUNTY,263,8 Years,11,6,5,9,4,5,0,0,0,0,0,0,2,2,0
KENT COUNTY,263,9 Years,10,4,6,8,3,5,0,0,0,0,0,0,2,1,1
KENT COUNTY,263,10 Years,16,9,7,11,7,4,0,0,0,0,0,0,5,2,3
KENT COUNTY,263,11 Years,13,6,7,8,4,4,0,0,0,0,0,0,5,2,3
KENT COUNTY,263,12 Years,12,8,4,6,3,3,0,0,0,0,0,0,6,5,1
KENT COUNTY,263,13 Years,10,5,5,6,3,3,0,0,0,0,0,0,4,2,2
KENT COUNTY,263,14 Years,12,5,7,7,4,3,0,0,0,2,0,2,3,1,2
KENT COUNTY,263,15 Years,11,4,7,9,4,5,0,0,0,0,0,0,2,0,2
KENT COUNTY,263,16 Years,15,8,7,13,8,5,0,0,0,0,0,0,2,0,2
KENT COUNTY,263,17 Years,15,7,8,12,6,6,0,0,0,1,1,0,2,0,2
KENT COUNTY,263,18 Years,8,5,3,6,3,3,0,0,0,0,0,0,2,2,0
KENT COUNTY,263,19 Years,11,5,6,9,4,5,0,0,0,1,1,0,1,0,1
KENT COUNTY,263,20 Years,10,5,5,8,4,4,0,0,0,0,0,0,2,1,1
KENT COUNTY,263,21 Years,8,4,4,7,4,3,0,0,0,0,0,0,1,0,1
KENT COUNTY,263,22 Years,4,1,3,3,1,2,0,0,0,0,0,0,1,0,1
KENT COUNTY,263,23 Years,3,3,0,3,3,0,0,0,0,0,0,0,0,0,0
KENT COUNTY,263,24 Years,6,3,3,6,3,3,0,0,0,0,0,0,0,0,0
KENT COUNTY,263,25 Years,5,1,4,4,1,3,0,0,0,0,0,0,1,0,1
KENT COUNTY,263,26 Years,6,4,2,5,3,2,0,0,0,1,1,0,0,0,0
KENT COUNTY,263,27 Years,7,5,2,6,4,2,0,0,0,0,0,0,1,1,0
KENT COUNTY,263,28 Years,6,5,1,5,4,1,0,0,0,0,0,0,1,1,0
KENT COUNTY,263,29 Years,7,2,5,7,2,5,0,0,0,0,0,0,0,0,0
KENT COUNTY,263,30 Years,6,2,4,6,2,4,0,0,0,0,0,0,0,0,0
KENT COUNTY,263,31 Years,9,1,8,8,1,7,0,0,0,0,0,0,1,0,1
KENT COUNTY,263,32 Years,9,6,3,6,4,2,0,0,0,0,0,0,3,2,1
KENT COUNTY,263,33 Years,6,5,1,4,3,1,0,0,0,1,1,0,1,1,0
KENT COUNTY,263,34 Years,3,3,0,2,2,0,0,0,0,0,0,0,1,1,0
KENT COUNTY,263,35 Years,3,2,1,2,1,1,0,0,0,0,0,0,1,1,0
KENT COUNTY,263,36 Years,8,2,6,4,2,2,3,0,3,1,0,1,0,0,0
KENT COUNTY,263,37 Years,8,3,5,5,3,2,1,0,1,0,0,0,2,0,2
KENT COUNTY,263,38 Years,6,3,3,4,2,2,0,0,0,0,0,0,2,1,1
KENT COUNTY,263,39 Years,9,4,5,6,2,4,0,0,0,0,0,0,3,2,1
KENT COUNTY,263,40 Years,8,3,5,6,2,4,0,0,0,0,0,0,2,1,1
KENT COUNTY,263,41 Years,9,4,5,7,3,4,0,0,0,0,0,0,2,1,1
KENT COUNTY,263,42 Years,6,3,3,4,1,3,0,0,0,0,0,0,2,2,0
KENT COUNTY,263,43 Years,8,5,3,5,3,2,0,0,0,0,0,0,3,2,1
KENT COUNTY,263,44 Years,7,3,4,5,1,4,0,0,0,1,1,0,1,1,0
KENT COUNTY,263,45 Years,11,4,7,11,4,7,0,0,0,0,0,0,0,0,0
KENT COUNTY,263,46 Years,14,6,8,12,6,6,0,0,0,0,0,0,2,0,2
KENT COUNTY,263,47 Years,15,7,8,11,4,7,0,0,0,0,0,0,4,3,1
KENT COUNTY,263,48 Years,12,7,5,10,6,4,0,0,0,0,0,0,2,1,1
KENT COUNTY,263,49 Years,9,7,2,8,7,1,0,0,0,0,0,0,1,0,1
KENT COUNTY,263,50 Years,7,3,4,6,2,4,0,0,0,0,0,0,1,1,0
KENT COUNTY,263,51 Years,13,6,7,11,6,5,0,0,0,0,0,0,2,0,2
KENT COUNTY,263,52 Years,15,8,7,15,8,7,0,0,0,0,0,0,0,0,0
KENT COUNTY,263,53 Years,8,4,4,7,3,4,0,0,0,0,0,0,1,1,0
KENT COUNTY,263,54 Years,19,11,8,15,7,8,0,0,0,0,0,0,4,4,0
KENT COUNTY,263,55 Years,17,13,4,15,11,4,0,0,0,0,0,0,2,2,0
KENT COUNTY,263,56 Years,11,7,4,9,6,3,0,0,0,0,0,0,2,1,1
KENT COUNTY,263,57 Years,13,8,5,12,7,5,0,0,0,0,0,0,1,1,0
KENT COUNTY,263,58 Years,9,3,6,9,3,6,0,0,0,0,0,0,0,0,0
KENT COUNTY,263,59 Years,10,4,6,10,4,6,0,0,0,0,0,0,0,0,0
KENT COUNTY,263,60 Years,8,3,5,7,3,4,0,0,0,0,0,0,1,0,1
KENT COUNTY,263,61 Years,6,4,2,6,4,2,0,0,0,0,0,0,0,0,0
KENT COUNTY,263,62 Years,10,4,6,10,4,6,0,0,0,0,0,0,0,0,0
KENT COUNTY,263,63 Years,8,4,4,7,4,3,0,0,0,0,0,0,1,0,1
KENT COUNTY,263,64 Years,22,9,13,19,9,10,0,0,0,2,0,2,1,0,1
KENT COUNTY,263,65 Years,20,11,9,17,10,7,0,0,0,0,0,0,3,1,2
KENT COUNTY,263,66 Years,10,6,4,9,5,4,0,0,0,0,0,0,1,1,0
KENT COUNTY,263,67 Years,10,5,5,9,4,5,0,0,0,0,0,0,1,1,0
KENT COUNTY,263,68 Years,9,5,4,9,5,4,0,0,0,0,0,0,0,0,0
KENT COUNTY,263,69 Years,7,4,3,7,4,3,0,0,0,0,0,0,0,0,0
KENT COUNTY,263,70 Years,9,4,5,8,4,4,0,0,0,1,0,1,0,0,0
KENT COUNTY,263,71 Years,9,6,3,6,3,3,0,0,0,0,0,0,3,3,0
KENT COUNTY,263,72 Years,12,5,7,10,3,7,0,0,0,0,0,0,2,2,0
KENT COUNTY,263,73 Years,17,4,13,14,4,10,2,0,2,0,0,0,1,0,1
KENT COUNTY,263,74 Years,6,2,4,5,2,3,1,0,1,0,0,0,0,0,0
KENT COUNTY,263,75 Years,7,1,6,6,1,5,0,0,0,1,0,1,0,0,0
KENT COUNTY,263,76 Years,3,1,2,3,1,2,0,0,0,0,0,0,0,0,0
KENT COUNTY,263,77 Years,5,3,2,5,3,2,0,0,0,0,0,0,0,0,0
KENT COUNTY,263,78 Years,7,3,4,4,2,2,0,0,0,0,0,0,3,1,2
KENT COUNTY,263,79 Years,9,2,7,7,1,6,0,0,0,0,0,0,2,1,1
KENT COUNTY,263,80 Years,5,2,3,5,2,3,0,0,0,0,0,0,0,0,0
KENT COUNTY,263,81 Years,14,7,7,14,7,7,0,0,0,0,0,0,0,0,0
KENT COUNTY,263,82 Years,8,2,6,8,2,6,0,0,0,0,0,0,0,0,0
KENT COUNTY,263,83 Years,8,3,5,8,3,5,0,0,0,0,0,0,0,0,0
KENT COUNTY,263,84 Years,10,2,8,9,2,7,0,0,0,1,0,1,0,0,0
KENT COUNTY,263,85 Years +,40,13,27,39,13,26,0,0,0,0,0,0,1,0,1
KERR COUNTY,265,All Ages,50289,24386,25903,35879,17094,18785,740,441,299,1183,553,630,12487,6298,6189
KERR COUNTY,265,< 1 Year,487,240,247,277,135,142,7,4,3,11,6,5,192,95,97
KERR COUNTY,265,1 Years,547,278,269,311,158,153,7,4,3,14,7,7,215,109,106
KERR COUNTY,265,2 Years,528,263,265,263,135,128,7,4,3,17,9,8,241,115,126
KERR COUNTY,265,3 Years,521,257,264,260,126,134,7,3,4,17,9,8,237,119,118
KERR COUNTY,265,4 Years,534,273,261,263,132,131,4,2,2,11,8,3,256,131,125
KERR COUNTY,265,5 Years,517,280,237,244,129,115,3,3,0,16,12,4,254,136,118
KERR COUNTY,265,6 Years,524,278,246,260,136,124,9,4,5,18,12,6,237,126,111
KERR COUNTY,265,7 Years,551,284,267,275,145,130,9,5,4,13,8,5,254,126,128
KERR COUNTY,265,8 Years,540,273,267,282,145,137,9,6,3,16,7,9,233,115,118
KERR COUNTY,265,9 Years,536,278,258,280,149,131,6,3,3,18,5,13,232,121,111
KERR COUNTY,265,10 Years,573,297,276,314,166,148,7,2,5,19,5,14,233,124,109
KERR COUNTY,265,11 Years,593,302,291,340,173,167,5,3,2,17,5,12,231,121,110
KERR COUNTY,265,12 Years,572,287,285,301,156,145,7,3,4,17,8,9,247,120,127
KERR COUNTY,265,13 Years,566,287,279,306,155,151,11,6,5,13,6,7,236,120,116
KERR COUNTY,265,14 Years,570,304,266,320,176,144,11,8,3,18,9,9,221,111,110
KERR COUNTY,265,15 Years,561,291,270,325,164,161,14,11,3,16,7,9,206,109,97
KERR COUNTY,265,16 Years,611,344,267,347,194,153,13,9,4,25,13,12,226,128,98
KERR COUNTY,265,17 Years,605,328,277,338,188,150,12,7,5,18,13,5,237,120,117
KERR COUNTY,265,18 Years,602,312,290,338,176,162,13,9,4,16,9,7,235,118,117
KERR COUNTY,265,19 Years,634,338,296,357,192,165,15,11,4,20,11,9,242,124,118
KERR COUNTY,265,20 Years,643,322,321,340,172,168,16,10,6,17,8,9,270,132,138
KERR COUNTY,265,21 Years,680,341,339,374,184,190,15,9,6,21,12,9,270,136,134
KERR COUNTY,265,22 Years,619,311,308,339,160,179,24,13,11,20,13,7,236,125,111
KERR COUNTY,265,23 Years,537,276,261,314,148,166,19,12,7,16,9,7,188,107,81
KERR COUNTY,265,24 Years,529,277,252,320,157,163,10,7,3,15,8,7,184,105,79
KERR COUNTY,265,25 Years,484,256,228,297,153,144,6,5,1,10,6,4,171,92,79
KERR COUNTY,265,26 Years,486,251,235,285,145,140,9,8,1,7,4,3,185,94,91
KERR COUNTY,265,27 Years,461,238,223,272,141,131,9,8,1,8,3,5,172,86,86
KERR COUNTY,265,28 Years,460,228,232,278,140,138,6,2,4,8,3,5,168,83,85
KERR COUNTY,265,29 Years,457,205,252,279,125,154,3,1,2,11,6,5,164,73,91
KERR COUNTY,265,30 Years,473,220,253,285,137,148,6,5,1,14,5,9,168,73,95
KERR COUNTY,265,31 Years,461,232,229,279,143,136,8,7,1,13,4,9,161,78,83
KERR COUNTY,265,32 Years,457,240,217,278,143,135,8,4,4,10,3,7,161,90,71
KERR COUNTY,265,33 Years,424,210,214,256,129,127,11,7,4,12,4,8,145,70,75
KERR COUNTY,265,34 Years,453,223,230,278,135,143,8,4,4,13,7,6,154,77,77
KERR COUNTY,265,35 Years,442,212,230,277,128,149,8,4,4,8,3,5,149,77,72
KERR COUNTY,265,36 Years,445,224,221,290,142,148,4,2,2,10,5,5,141,75,66
KERR COUNTY,265,37 Years,422,219,203,260,134,126,4,3,1,8,4,4,150,78,72
KERR COUNTY,265,38 Years,427,218,209,244,128,116,8,3,5,12,5,7,163,82,81
KERR COUNTY,265,39 Years,473,229,244,289,143,146,8,2,6,11,6,5,165,78,87
KERR COUNTY,265,40 Years,463,218,245,292,136,156,9,6,3,13,3,10,149,73,76
KERR COUNTY,265,41 Years,492,227,265,333,148,185,7,5,2,9,5,4,143,69,74
KERR COUNTY,265,42 Years,533,257,276,342,163,179,12,8,4,13,6,7,166,80,86
KERR COUNTY,265,43 Years,532,263,269,352,168,184,9,6,3,17,8,9,154,81,73
KERR COUNTY,265,44 Years,520,260,260,349,169,180,10,8,2,15,6,9,146,77,69
KERR COUNTY,265,45 Years,557,260,297,383,180,203,12,7,5,16,9,7,146,64,82
KERR COUNTY,265,46 Years,555,262,293,367,169,198,14,9,5,13,7,6,161,77,84
KERR COUNTY,265,47 Years,607,285,322,416,196,220,12,8,4,15,4,11,164,77,87
KERR COUNTY,265,48 Years,628,310,318,430,201,229,9,5,4,22,7,15,167,97,70
KERR COUNTY,265,49 Years,660,319,341,460,212,248,13,9,4,22,7,15,165,91,74
KERR COUNTY,265,50 Years,658,319,339,475,229,246,13,10,3,20,9,11,150,71,79
KERR COUNTY,265,51 Years,720,335,385,531,236,295,14,7,7,25,16,9,150,76,74
KERR COUNTY,265,52 Years,729,340,389,538,246,292,12,5,7,24,12,12,155,77,78
KERR COUNTY,265,53 Years,714,332,382,535,240,295,14,7,7,23,11,12,142,74,68
KERR COUNTY,265,54 Years,753,354,399,587,270,317,15,8,7,17,8,9,134,68,66
KERR COUNTY,265,55 Years,712,346,366,566,266,300,17,12,5,15,8,7,114,60,54
KERR COUNTY,265,56 Years,685,334,351,525,254,271,16,9,7,16,7,9,128,64,64
KERR COUNTY,265,57 Years,679,315,364,537,242,295,10,6,4,19,9,10,113,58,55
KERR COUNTY,265,58 Years,692,330,362,566,265,301,6,5,1,17,9,8,103,51,52
KERR COUNTY,265,59 Years,722,344,378,592,278,314,6,4,2,19,7,12,105,55,50
KERR COUNTY,265,60 Years,710,330,380,595,274,321,9,5,4,17,10,7,89,41,48
KERR COUNTY,265,61 Years,728,340,388,606,288,318,6,3,3,15,7,8,101,42,59
KERR COUNTY,265,62 Years,727,354,373,624,304,320,8,5,3,12,5,7,83,40,43
KERR COUNTY,265,63 Years,760,382,378,646,327,319,9,5,4,9,3,6,96,47,49
KERR COUNTY,265,64 Years,800,366,434,683,312,371,8,5,3,16,5,11,93,44,49
KERR COUNTY,265,65 Years,818,380,438,715,329,386,11,8,3,16,6,10,76,37,39
KERR COUNTY,265,66 Years,697,330,367,612,284,328,7,4,3,10,7,3,68,35,33
KERR COUNTY,265,67 Years,667,311,356,587,265,322,5,3,2,10,6,4,65,37,28
KERR COUNTY,265,68 Years,705,334,371,630,295,335,8,4,4,4,1,3,63,34,29
KERR COUNTY,265,69 Years,687,318,369,620,281,339,4,2,2,7,2,5,56,33,23
KERR COUNTY,265,70 Years,619,292,327,561,259,302,3,2,1,11,3,8,44,28,16
KERR COUNTY,265,71 Years,645,311,334,574,275,299,6,1,5,12,6,6,53,29,24
KERR COUNTY,265,72 Years,655,298,357,588,266,322,7,4,3,12,4,8,48,24,24
KERR COUNTY,265,73 Years,594,277,317,541,251,290,3,3,0,9,4,5,41,19,22
KERR COUNTY,265,74 Years,584,275,309,530,257,273,5,2,3,11,3,8,38,13,25
KERR COUNTY,265,75 Years,563,255,308,510,234,276,3,2,1,11,3,8,39,16,23
KERR COUNTY,265,76 Years,488,225,263,448,210,238,2,1,1,5,1,4,33,13,20
KERR COUNTY,265,77 Years,488,235,253,439,214,225,6,4,2,7,1,6,36,16,20
KERR COUNTY,265,78 Years,445,208,237,401,186,215,4,3,1,7,4,3,33,15,18
KERR COUNTY,265,79 Years,443,194,249,405,179,226,3,0,3,8,5,3,27,10,17
KERR COUNTY,265,80 Years,414,190,224,379,177,202,2,0,2,8,4,4,25,9,16
KERR COUNTY,265,81 Years,414,196,218,382,181,201,2,1,1,6,3,3,24,11,13
KERR COUNTY,265,82 Years,388,175,213,359,162,197,3,1,2,2,1,1,24,11,13
KERR COUNTY,265,83 Years,365,141,224,331,127,204,5,3,2,5,2,3,24,9,15
KERR COUNTY,265,84 Years,332,143,189,307,132,175,1,1,0,5,3,2,19,7,12
KERR COUNTY,265,85 Years +,1937,790,1147,1795,740,1055,14,2,12,24,9,15,104,39,65
KIMBLE COUNTY,267,All Ages,4707,2337,2370,3515,1722,1793,14,10,4,64,32,32,1114,573,541
KIMBLE COUNTY,267,< 1 Year,42,21,21,27,12,15,0,0,0,0,0,0,15,9,6
KIMBLE COUNTY,267,1 Years,45,21,24,27,13,14,0,0,0,0,0,0,18,8,10
KIMBLE COUNTY,267,2 Years,39,17,22,20,7,13,0,0,0,0,0,0,19,10,9
KIMBLE COUNTY,267,3 Years,42,22,20,27,14,13,0,0,0,0,0,0,15,8,7
KIMBLE COUNTY,267,4 Years,51,25,26,31,16,15,2,0,2,1,0,1,17,9,8
KIMBLE COUNTY,267,5 Years,51,34,17,25,16,9,0,0,0,0,0,0,26,18,8
KIMBLE COUNTY,267,6 Years,54,30,24,29,17,12,0,0,0,0,0,0,25,13,12
KIMBLE COUNTY,267,7 Years,44,19,25,23,11,12,0,0,0,0,0,0,21,8,13
KIMBLE COUNTY,267,8 Years,37,17,20,19,10,9,0,0,0,0,0,0,18,7,11
KIMBLE COUNTY,267,9 Years,45,31,14,25,18,7,1,1,0,0,0,0,19,12,7
KIMBLE COUNTY,267,10 Years,67,33,34,41,21,20,0,0,0,0,0,0,26,12,14
KIMBLE COUNTY,267,11 Years,51,25,26,30,17,13,0,0,0,1,0,1,20,8,12
KIMBLE COUNTY,267,12 Years,51,27,24,31,18,13,0,0,0,0,0,0,20,9,11
KIMBLE COUNTY,267,13 Years,61,32,29,46,26,20,0,0,0,1,1,0,14,5,9
KIMBLE COUNTY,267,14 Years,65,34,31,40,19,21,0,0,0,1,1,0,24,14,10
KIMBLE COUNTY,267,15 Years,56,25,31,38,15,23,0,0,0,0,0,0,18,10,8
KIMBLE COUNTY,267,16 Years,64,30,34,41,23,18,0,0,0,0,0,0,23,7,16
KIMBLE COUNTY,267,17 Years,55,26,29,31,15,16,0,0,0,0,0,0,24,11,13
KIMBLE COUNTY,267,18 Years,61,31,30,41,20,21,1,1,0,1,1,0,18,9,9
KIMBLE COUNTY,267,19 Years,60,35,25,32,16,16,0,0,0,2,1,1,26,18,8
KIMBLE COUNTY,267,20 Years,51,31,20,23,14,9,0,0,0,0,0,0,28,17,11
KIMBLE COUNTY,267,21 Years,36,17,19,17,9,8,0,0,0,1,0,1,18,8,10
KIMBLE COUNTY,267,22 Years,25,12,13,14,6,8,0,0,0,0,0,0,11,6,5
KIMBLE COUNTY,267,23 Years,27,12,15,17,7,10,0,0,0,0,0,0,10,5,5
KIMBLE COUNTY,267,24 Years,30,12,18,18,8,10,0,0,0,0,0,0,12,4,8
KIMBLE COUNTY,267,25 Years,37,21,16,24,14,10,2,2,0,0,0,0,11,5,6
KIMBLE COUNTY,267,26 Years,40,20,20,28,15,13,0,0,0,0,0,0,12,5,7
KIMBLE COUNTY,267,27 Years,38,25,13,26,16,10,0,0,0,1,1,0,11,8,3
KIMBLE COUNTY,267,28 Years,39,26,13,26,17,9,0,0,0,1,1,0,12,8,4
KIMBLE COUNTY,267,29 Years,44,21,23,30,14,16,0,0,0,1,0,1,13,7,6
KIMBLE COUNTY,267,30 Years,42,22,20,26,12,14,1,1,0,1,0,1,14,9,5
KIMBLE COUNTY,267,31 Years,43,21,22,30,15,15,0,0,0,0,0,0,13,6,7
KIMBLE COUNTY,267,32 Years,41,19,22,28,11,17,0,0,0,0,0,0,13,8,5
KIMBLE COUNTY,267,33 Years,42,15,27,26,5,21,0,0,0,0,0,0,16,10,6
KIMBLE COUNTY,267,34 Years,44,24,20,27,13,14,0,0,0,1,1,0,16,10,6
KIMBLE COUNTY,267,35 Years,50,26,24,29,11,18,1,1,0,1,1,0,19,13,6
KIMBLE COUNTY,267,36 Years,42,19,23,24,10,14,0,0,0,2,0,2,16,9,7
KIMBLE COUNTY,267,37 Years,49,22,27,32,16,16,0,0,0,5,1,4,12,5,7
KIMBLE COUNTY,267,38 Years,41,16,25,25,11,14,0,0,0,1,0,1,15,5,10
KIMBLE COUNTY,267,39 Years,45,21,24,35,16,19,0,0,0,0,0,0,10,5,5
KIMBLE COUNTY,267,40 Years,55,27,28,43,25,18,1,1,0,0,0,0,11,1,10
KIMBLE COUNTY,267,41 Years,56,29,27,42,24,18,1,1,0,0,0,0,13,4,9
KIMBLE COUNTY,267,42 Years,60,32,28,45,25,20,0,0,0,1,1,0,14,6,8
KIMBLE COUNTY,267,43 Years,43,21,22,33,18,15,0,0,0,0,0,0,10,3,7
KIMBLE COUNTY,267,44 Years,49,31,18,31,17,14,0,0,0,2,2,0,16,12,4
KIMBLE COUNTY,267,45 Years,42,22,20,32,15,17,0,0,0,1,0,1,9,7,2
KIMBLE COUNTY,267,46 Years,47,23,24,33,16,17,0,0,0,0,0,0,14,7,7
KIMBLE COUNTY,267,47 Years,52,28,24,37,19,18,0,0,0,0,0,0,15,9,6
KIMBLE COUNTY,267,48 Years,60,33,27,46,25,21,0,0,0,0,0,0,14,8,6
KIMBLE COUNTY,267,49 Years,70,35,35,59,31,28,0,0,0,1,0,1,10,4,6
KIMBLE COUNTY,267,50 Years,74,42,32,60,34,26,0,0,0,1,0,1,13,8,5
KIMBLE COUNTY,267,51 Years,72,39,33,58,35,23,0,0,0,1,0,1,13,4,9
KIMBLE COUNTY,267,52 Years,69,30,39,57,24,33,0,0,0,0,0,0,12,6,6
KIMBLE COUNTY,267,53 Years,73,31,42,58,22,36,0,0,0,0,0,0,15,9,6
KIMBLE COUNTY,267,54 Years,71,39,32,59,30,29,0,0,0,0,0,0,12,9,3
KIMBLE COUNTY,267,55 Years,62,36,26,50,27,23,0,0,0,1,1,0,11,8,3
KIMBLE COUNTY,267,56 Years,67,29,38,50,23,27,2,2,0,2,0,2,13,4,9
KIMBLE COUNTY,267,57 Years,78,37,41,66,32,34,0,0,0,3,0,3,9,5,4
KIMBLE COUNTY,267,58 Years,94,48,46,73,33,40,1,0,1,7,5,2,13,10,3
KIMBLE COUNTY,267,59 Years,73,37,36,60,30,30,1,0,1,3,3,0,9,4,5
KIMBLE COUNTY,267,60 Years,79,35,44,66,28,38,0,0,0,1,1,0,12,6,6
KIMBLE COUNTY,267,61 Years,86,40,46,72,29,43,0,0,0,0,0,0,14,11,3
KIMBLE COUNTY,267,62 Years,82,36,46,69,28,41,0,0,0,0,0,0,13,8,5
KIMBLE COUNTY,267,63 Years,90,46,44,75,41,34,0,0,0,0,0,0,15,5,10
KIMBLE COUNTY,267,64 Years,89,45,44,78,41,37,0,0,0,2,1,1,9,3,6
KIMBLE COUNTY,267,65 Years,86,38,48,75,35,40,0,0,0,2,1,1,9,2,7
KIMBLE COUNTY,267,66 Years,76,36,40,65,30,35,0,0,0,1,0,1,10,6,4
KIMBLE COUNTY,267,67 Years,73,37,36,64,31,33,0,0,0,0,0,0,9,6,3
KIMBLE COUNTY,267,68 Years,83,42,41,71,36,35,0,0,0,1,1,0,11,5,6
KIMBLE COUNTY,267,69 Years,68,31,37,62,28,34,0,0,0,1,1,0,5,2,3
KIMBLE COUNTY,267,70 Years,58,27,31,50,23,27,0,0,0,0,0,0,8,4,4
KIMBLE COUNTY,267,71 Years,61,30,31,52,24,28,0,0,0,1,1,0,8,5,3
KIMBLE COUNTY,267,72 Years,58,30,28,51,23,28,0,0,0,2,2,0,5,5,0
KIMBLE COUNTY,267,73 Years,61,29,32,55,26,29,0,0,0,1,1,0,5,2,3
KIMBLE COUNTY,267,74 Years,63,31,32,58,29,29,0,0,0,0,0,0,5,2,3
KIMBLE COUNTY,267,75 Years,54,30,24,46,25,21,0,0,0,2,1,1,6,4,2
KIMBLE COUNTY,267,76 Years,34,20,14,32,19,13,0,0,0,1,0,1,1,1,0
KIMBLE COUNTY,267,77 Years,42,20,22,40,20,20,0,0,0,0,0,0,2,0,2
KIMBLE COUNTY,267,78 Years,40,24,16,34,21,13,0,0,0,2,0,2,4,3,1
KIMBLE COUNTY,267,79 Years,30,14,16,28,13,15,0,0,0,0,0,0,2,1,1
KIMBLE COUNTY,267,80 Years,27,14,13,24,12,12,0,0,0,1,1,0,2,1,1
KIMBLE COUNTY,267,81 Years,33,12,21,28,11,17,0,0,0,1,0,1,4,1,3
KIMBLE COUNTY,267,82 Years,32,11,21,29,10,19,0,0,0,0,0,0,3,1,2
KIMBLE COUNTY,267,83 Years,27,12,15,24,11,13,0,0,0,0,0,0,3,1,2
KIMBLE COUNTY,267,84 Years,33,16,17,28,14,14,0,0,0,0,0,0,5,2,3
KIMBLE COUNTY,267,85 Years +,128,45,83,118,45,73,0,0,0,0,0,0,10,0,10
KING COUNTY,269,All Ages,298,149,149,254,124,130,0,0,0,6,1,5,38,24,14
KING COUNTY,269,< 1 Year,3,0,3,2,0,2,0,0,0,1,0,1,0,0,0
KING COUNTY,269,1 Years,2,1,1,2,1,1,0,0,0,0,0,0,0,0,0
KING COUNTY,269,2 Years,2,0,2,2,0,2,0,0,0,0,0,0,0,0,0
KING COUNTY,269,3 Years,2,1,1,1,0,1,0,0,0,0,0,0,1,1,0
KING COUNTY,269,4 Years,2,0,2,2,0,2,0,0,0,0,0,0,0,0,0
KING COUNTY,269,5 Years,1,0,1,1,0,1,0,0,0,0,0,0,0,0,0
KING COUNTY,269,6 Years,3,2,1,3,2,1,0,0,0,0,0,0,0,0,0
KING COUNTY,269,7 Years,5,2,3,5,2,3,0,0,0,0,0,0,0,0,0
KING COUNTY,269,8 Years,3,2,1,3,2,1,0,0,0,0,0,0,0,0,0
KING COUNTY,269,9 Years,4,2,2,4,2,2,0,0,0,0,0,0,0,0,0
KING COUNTY,269,10 Years,4,1,3,4,1,3,0,0,0,0,0,0,0,0,0
KING COUNTY,269,11 Years,4,1,3,4,1,3,0,0,0,0,0,0,0,0,0
KING COUNTY,269,12 Years,3,3,0,3,3,0,0,0,0,0,0,0,0,0,0
KING COUNTY,269,13 Years,5,3,2,4,3,1,0,0,0,0,0,0,1,0,1
KING COUNTY,269,14 Years,8,5,3,5,3,2,0,0,0,0,0,0,3,2,1
KING COUNTY,269,15 Years,6,2,4,4,1,3,0,0,0,0,0,0,2,1,1
KING COUNTY,269,16 Years,4,1,3,3,1,2,0,0,0,0,0,0,1,0,1
KING COUNTY,269,17 Years,4,2,2,3,1,2,0,0,0,0,0,0,1,1,0
KING COUNTY,269,18 Years,3,2,1,2,1,1,0,0,0,0,0,0,1,1,0
KING COUNTY,269,19 Years,6,1,5,4,1,3,0,0,0,1,0,1,1,0,1
KING COUNTY,269,20 Years,5,2,3,5,2,3,0,0,0,0,0,0,0,0,0
KING COUNTY,269,21 Years,6,4,2,4,2,2,0,0,0,1,1,0,1,1,0
KING COUNTY,269,22 Years,3,1,2,1,1,0,0,0,0,1,0,1,1,0,1
KING COUNTY,269,23 Years,1,1,0,1,1,0,0,0,0,0,0,0,0,0,0
KING COUNTY,269,24 Years,1,1,0,1,1,0,0,0,0,0,0,0,0,0,0
KING COUNTY,269,25 Years,2,1,1,2,1,1,0,0,0,0,0,0,0,0,0
KING COUNTY,269,26 Years,3,3,0,1,1,0,0,0,0,0,0,0,2,2,0
KING COUNTY,269,27 Years,3,2,1,3,2,1,0,0,0,0,0,0,0,0,0
KING COUNTY,269,28 Years,2,0,2,2,0,2,0,0,0,0,0,0,0,0,0
KING COUNTY,269,29 Years,3,2,1,2,1,1,0,0,0,0,0,0,1,1,0
KING COUNTY,269,30 Years,1,1,0,1,1,0,0,0,0,0,0,0,0,0,0
KING COUNTY,269,31 Years,2,0,2,2,0,2,0,0,0,0,0,0,0,0,0
KING COUNTY,269,32 Years,4,2,2,4,2,2,0,0,0,0,0,0,0,0,0
KING COUNTY,269,33 Years,2,1,1,2,1,1,0,0,0,0,0,0,0,0,0
KING COUNTY,269,34 Years,2,1,1,2,1,1,0,0,0,0,0,0,0,0,0
KING COUNTY,269,35 Years,1,0,1,1,0,1,0,0,0,0,0,0,0,0,0
KING COUNTY,269,36 Years,3,2,1,1,1,0,0,0,0,0,0,0,2,1,1
KING COUNTY,269,37 Years,4,4,0,4,4,0,0,0,0,0,0,0,0,0,0
KING COUNTY,269,38 Years,3,1,2,3,1,2,0,0,0,0,0,0,0,0,0
KING COUNTY,269,39 Years,2,2,0,1,1,0,0,0,0,0,0,0,1,1,0
KING COUNTY,269,40 Years,2,1,1,2,1,1,0,0,0,0,0,0,0,0,0
KING COUNTY,269,41 Years,5,2,3,3,2,1,0,0,0,0,0,0,2,0,2
KING COUNTY,269,42 Years,7,5,2,5,4,1,0,0,0,0,0,0,2,1,1
KING COUNTY,269,43 Years,3,2,1,3,2,1,0,0,0,0,0,0,0,0,0
KING COUNTY,269,44 Years,4,2,2,2,1,1,0,0,0,0,0,0,2,1,1
KING COUNTY,269,45 Years,8,2,6,4,0,4,0,0,0,0,0,0,4,2,2
KING COUNTY,269,46 Years,5,1,4,4,0,4,0,0,0,0,0,0,1,1,0
KING COUNTY,269,47 Years,5,2,3,4,1,3,0,0,0,0,0,0,1,1,0
KING COUNTY,269,48 Years,5,2,3,3,1,2,0,0,0,0,0,0,2,1,1
KING COUNTY,269,49 Years,3,2,1,2,1,1,0,0,0,0,0,0,1,1,0
KING COUNTY,269,50 Years,4,1,3,4,1,3,0,0,0,0,0,0,0,0,0
KING COUNTY,269,51 Years,6,1,5,6,1,5,0,0,0,0,0,0,0,0,0
KING COUNTY,269,52 Years,9,3,6,8,2,6,0,0,0,0,0,0,1,1,0
KING COUNTY,269,53 Years,6,4,2,6,4,2,0,0,0,0,0,0,0,0,0
KING COUNTY,269,54 Years,6,5,1,5,4,1,0,0,0,0,0,0,1,1,0
KING COUNTY,269,55 Years,7,5,2,6,4,2,0,0,0,0,0,0,1,1,0
KING COUNTY,269,56 Years,9,3,6,7,2,5,0,0,0,1,0,1,1,1,0
KING COUNTY,269,57 Years,8,3,5,7,3,4,0,0,0,1,0,1,0,0,0
KING COUNTY,269,58 Years,5,2,3,5,2,3,0,0,0,0,0,0,0,0,0
KING COUNTY,269,59 Years,4,2,2,4,2,2,0,0,0,0,0,0,0,0,0
KING COUNTY,269,60 Years,2,2,0,2,2,0,0,0,0,0,0,0,0,0,0
KING COUNTY,269,61 Years,5,5,0,5,5,0,0,0,0,0,0,0,0,0,0
KING COUNTY,269,62 Years,5,3,2,5,3,2,0,0,0,0,0,0,0,0,0
KING COUNTY,269,63 Years,3,2,1,3,2,1,0,0,0,0,0,0,0,0,0
KING COUNTY,269,64 Years,2,2,0,2,2,0,0,0,0,0,0,0,0,0,0
KING COUNTY,269,65 Years,2,2,0,2,2,0,0,0,0,0,0,0,0,0,0
KING COUNTY,269,66 Years,2,1,1,2,1,1,0,0,0,0,0,0,0,0,0
KING COUNTY,269,67 Years,3,1,2,3,1,2,0,0,0,0,0,0,0,0,0
KING COUNTY,269,68 Years,4,2,2,4,2,2,0,0,0,0,0,0,0,0,0
KING COUNTY,269,69 Years,2,1,1,2,1,1,0,0,0,0,0,0,0,0,0
KING COUNTY,269,70 Years,1,1,0,1,1,0,0,0,0,0,0,0,0,0,0
KING COUNTY,269,71 Years,2,1,1,2,1,1,0,0,0,0,0,0,0,0,0
KING COUNTY,269,72 Years,2,2,0,2,2,0,0,0,0,0,0,0,0,0,0
KING COUNTY,269,73 Years,2,2,0,2,2,0,0,0,0,0,0,0,0,0,0
KING COUNTY,269,74 Years,4,1,3,4,1,3,0,0,0,0,0,0,0,0,0
KING COUNTY,269,75 Years,1,0,1,1,0,1,0,0,0,0,0,0,0,0,0
KING COUNTY,269,76 Years,1,0,1,1,0,1,0,0,0,0,0,0,0,0,0
KING COUNTY,269,77 Years,2,0,2,2,0,2,0,0,0,0,0,0,0,0,0
KING COUNTY,269,78 Years,5,1,4,5,1,4,0,0,0,0,0,0,0,0,0
KING COUNTY,269,79 Years,3,2,1,3,2,1,0,0,0,0,0,0,0,0,0
KING COUNTY,269,80 Years,1,1,0,1,1,0,0,0,0,0,0,0,0,0,0
KING COUNTY,269,81 Years,1,1,0,1,1,0,0,0,0,0,0,0,0,0,0
KING COUNTY,269,82 Years,0,0,0,0,0,0,0,0,0,0,0,0,0,0,0
KING COUNTY,269,83 Years,2,1,1,2,1,1,0,0,0,0,0,0,0,0,0
KING COUNTY,269,84 Years,2,2,0,2,2,0,0,0,0,0,0,0,0,0,0
KING COUNTY,269,85 Years +,1,1,0,1,1,0,0,0,0,0,0,0,0,0,0
KINNEY COUNTY,271,All Ages,3725,2034,1691,1523,761,762,37,21,16,67,40,27,2098,1212,886
KINNEY COUNTY,271,< 1 Year,37,20,17,13,6,7,0,0,0,2,2,0,22,12,10
KINNEY COUNTY,271,1 Years,36,18,18,10,5,5,0,0,0,0,0,0,26,13,13
KINNEY COUNTY,271,2 Years,42,18,24,8,5,3,0,0,0,0,0,0,34,13,21
KINNEY COUNTY,271,3 Years,39,23,16,8,6,2,1,1,0,1,1,0,29,15,14
KINNEY COUNTY,271,4 Years,33,21,12,9,6,3,1,0,1,0,0,0,23,15,8
KINNEY COUNTY,271,5 Years,35,15,20,10,2,8,1,1,0,0,0,0,24,12,12
KINNEY COUNTY,271,6 Years,43,19,24,10,3,7,0,0,0,1,0,1,32,16,16
KINNEY COUNTY,271,7 Years,31,15,16,6,3,3,0,0,0,1,0,1,24,12,12
KINNEY COUNTY,271,8 Years,34,22,12,8,5,3,1,0,1,1,1,0,24,16,8
KINNEY COUNTY,271,9 Years,41,22,19,14,9,5,0,0,0,2,2,0,25,11,14
KINNEY COUNTY,271,10 Years,32,16,16,11,7,4,0,0,0,0,0,0,21,9,12
KINNEY COUNTY,271,11 Years,33,21,12,10,6,4,0,0,0,2,2,0,21,13,8
KINNEY COUNTY,271,12 Years,34,17,17,9,4,5,0,0,0,1,1,0,24,12,12
KINNEY COUNTY,271,13 Years,35,19,16,7,4,3,0,0,0,0,0,0,28,15,13
KINNEY COUNTY,271,14 Years,47,24,23,17,8,9,0,0,0,2,1,1,28,15,13
KINNEY COUNTY,271,15 Years,53,30,23,11,6,5,0,0,0,0,0,0,42,24,18
KINNEY COUNTY,271,16 Years,53,29,24,10,6,4,0,0,0,1,1,0,42,22,20
KINNEY COUNTY,271,17 Years,45,25,20,7,4,3,0,0,0,1,1,0,37,20,17
KINNEY COUNTY,271,18 Years,51,27,24,16,9,7,0,0,0,3,2,1,32,16,16
KINNEY COUNTY,271,19 Years,56,32,24,17,10,7,1,0,1,1,1,0,37,21,16
KINNEY COUNTY,271,20 Years,52,28,24,13,7,6,0,0,0,1,1,0,38,20,18
KINNEY COUNTY,271,21 Years,34,17,17,7,4,3,0,0,0,1,1,0,26,12,14
KINNEY COUNTY,271,22 Years,46,27,19,11,5,6,0,0,0,1,1,0,34,21,13
KINNEY COUNTY,271,23 Years,40,25,15,8,3,5,1,1,0,0,0,0,31,21,10
KINNEY COUNTY,271,24 Years,37,29,8,7,4,3,0,0,0,0,0,0,30,25,5
KINNEY COUNTY,271,25 Years,37,27,10,8,5,3,0,0,0,0,0,0,29,22,7
KINNEY COUNTY,271,26 Years,47,36,11,6,2,4,0,0,0,0,0,0,41,34,7
KINNEY COUNTY,271,27 Years,39,23,16,5,1,4,1,1,0,0,0,0,33,21,12
KINNEY COUNTY,271,28 Years,42,24,18,7,2,5,1,0,1,0,0,0,34,22,12
KINNEY COUNTY,271,29 Years,41,27,14,8,5,3,0,0,0,0,0,0,33,22,11
KINNEY COUNTY,271,30 Years,40,30,10,7,4,3,0,0,0,1,0,1,32,26,6
KINNEY COUNTY,271,31 Years,28,20,8,6,4,2,0,0,0,0,0,0,22,16,6
KINNEY COUNTY,271,32 Years,40,24,16,12,4,8,1,1,0,1,1,0,26,18,8
KINNEY COUNTY,271,33 Years,32,18,14,7,3,4,1,1,0,1,1,0,23,13,10
KINNEY COUNTY,271,34 Years,26,20,6,6,5,1,0,0,0,0,0,0,20,15,5
KINNEY COUNTY,271,35 Years,36,22,14,10,4,6,0,0,0,0,0,0,26,18,8
KINNEY COUNTY,271,36 Years,38,27,11,7,2,5,0,0,0,1,0,1,30,25,5
KINNEY COUNTY,271,37 Years,41,23,18,7,4,3,1,0,1,1,0,1,32,19,13
KINNEY COUNTY,271,38 Years,41,27,14,11,7,4,0,0,0,1,0,1,29,20,9
KINNEY COUNTY,271,39 Years,46,30,16,7,1,6,1,0,1,0,0,0,38,29,9
KINNEY COUNTY,271,40 Years,47,30,17,7,4,3,0,0,0,1,1,0,39,25,14
KINNEY COUNTY,271,41 Years,48,29,19,15,9,6,0,0,0,1,1,0,32,19,13
KINNEY COUNTY,271,42 Years,44,26,18,13,6,7,0,0,0,0,0,0,31,20,11
KINNEY COUNTY,271,43 Years,37,23,14,8,4,4,0,0,0,0,0,0,29,19,10
KINNEY COUNTY,271,44 Years,39,23,16,9,5,4,0,0,0,0,0,0,30,18,12
KINNEY COUNTY,271,45 Years,55,38,17,15,10,5,1,1,0,1,0,1,38,27,11
KINNEY COUNTY,271,46 Years,43,28,15,16,8,8,1,1,0,1,1,0,25,18,7
KINNEY COUNTY,271,47 Years,41,23,18,11,4,7,0,0,0,1,1,0,29,18,11
KINNEY COUNTY,271,48 Years,44,25,19,12,8,4,0,0,0,1,1,0,31,16,15
KINNEY COUNTY,271,49 Years,47,26,21,18,7,11,0,0,0,0,0,0,29,19,10
KINNEY COUNTY,271,50 Years,44,24,20,23,12,11,0,0,0,0,0,0,21,12,9
KINNEY COUNTY,271,51 Years,36,16,20,20,9,11,1,0,1,0,0,0,15,7,8
KINNEY COUNTY,271,52 Years,45,26,19,27,13,14,0,0,0,0,0,0,18,13,5
KINNEY COUNTY,271,53 Years,43,22,21,23,13,10,1,1,0,0,0,0,19,8,11
KINNEY COUNTY,271,54 Years,44,23,21,19,11,8,0,0,0,0,0,0,25,12,13
KINNEY COUNTY,271,55 Years,57,25,32,27,9,18,0,0,0,2,2,0,28,14,14
KINNEY COUNTY,271,56 Years,57,27,30,26,7,19,1,0,1,2,2,0,28,18,10
KINNEY COUNTY,271,57 Years,53,26,27,22,9,13,2,1,1,1,0,1,28,16,12
KINNEY COUNTY,271,58 Years,58,29,29,27,16,11,1,0,1,3,0,3,27,13,14
KINNEY COUNTY,271,59 Years,46,22,24,21,14,7,1,0,1,1,0,1,23,8,15
KINNEY COUNTY,271,60 Years,46,21,25,20,6,14,2,2,0,1,1,0,23,12,11
KINNEY COUNTY,271,61 Years,41,18,23,22,7,15,1,1,0,1,1,0,17,9,8
KINNEY COUNTY,271,62 Years,46,22,24,27,11,16,1,1,0,0,0,0,18,10,8
KINNEY COUNTY,271,63 Years,45,25,20,27,13,14,1,1,0,0,0,0,17,11,6
KINNEY COUNTY,271,64 Years,53,30,23,31,16,15,1,0,1,1,0,1,20,14,6
KINNEY COUNTY,271,65 Years,69,32,37,36,18,18,2,0,2,3,2,1,28,12,16
KINNEY COUNTY,271,66 Years,47,25,22,29,15,14,1,1,0,1,1,0,16,8,8
KINNEY COUNTY,271,67 Years,37,18,19,28,14,14,0,0,0,1,0,1,8,4,4
KINNEY COUNTY,271,68 Years,52,30,22,37,22,15,0,0,0,2,2,0,13,6,7
KINNEY COUNTY,271,69 Years,48,25,23,33,20,13,0,0,0,2,1,1,13,4,9
KINNEY COUNTY,271,70 Years,44,18,26,34,15,19,0,0,0,1,0,1,9,3,6
KINNEY COUNTY,271,71 Years,49,21,28,39,16,23,0,0,0,2,0,2,8,5,3
KINNEY COUNTY,271,72 Years,47,27,20,34,19,15,0,0,0,2,1,1,11,7,4
KINNEY COUNTY,271,73 Years,50,26,24,35,20,15,0,0,0,2,0,2,13,6,7
KINNEY COUNTY,271,74 Years,50,20,30,34,13,21,2,2,0,0,0,0,14,5,9
KINNEY COUNTY,271,75 Years,45,17,28,33,12,21,2,2,0,0,0,0,10,3,7
KINNEY COUNTY,271,76 Years,42,15,27,33,13,20,1,1,0,0,0,0,8,1,7
KINNEY COUNTY,271,77 Years,42,20,22,29,16,13,0,0,0,0,0,0,13,4,9
KINNEY COUNTY,271,78 Years,41,18,23,25,13,12,1,0,1,2,0,2,13,5,8
KINNEY COUNTY,271,79 Years,37,20,17,24,16,8,0,0,0,1,0,1,12,4,8
KINNEY COUNTY,271,80 Years,33,18,15,21,12,9,0,0,0,1,1,0,11,5,6
KINNEY COUNTY,271,81 Years,38,21,17,31,17,14,0,0,0,1,1,0,6,3,3
KINNEY COUNTY,271,82 Years,39,24,15,31,17,14,0,0,0,0,0,0,8,7,1
KINNEY COUNTY,271,83 Years,31,16,15,19,11,8,0,0,0,0,0,0,12,5,7
KINNEY COUNTY,271,84 Years,24,12,12,15,8,7,0,0,0,0,0,0,9,4,5
KINNEY COUNTY,271,85 Years +,108,47,61,66,33,33,1,0,1,0,0,0,41,14,27
KLEBERG COUNTY,273,All Ages,32362,16492,15870,7455,3939,3516,1073,621,452,1052,593,459,22782,11339,11443
KLEBERG COUNTY,273,< 1 Year,474,244,230,101,48,53,7,4,3,11,8,3,355,184,171
KLEBERG COUNTY,273,1 Years,517,266,251,94,49,45,17,10,7,18,10,8,388,197,191
KLEBERG COUNTY,273,2 Years,519,268,251,78,38,40,21,11,10,17,10,7,403,209,194
KLEBERG COUNTY,273,3 Years,486,250,236,63,36,27,21,10,11,12,7,5,390,197,193
KLEBERG COUNTY,273,4 Years,508,259,249,75,43,32,13,4,9,9,4,5,411,208,203
KLEBERG COUNTY,273,5 Years,483,235,248,75,40,35,6,2,4,11,5,6,391,188,203
KLEBERG COUNTY,273,6 Years,461,236,225,64,34,30,15,9,6,14,8,6,368,185,183
KLEBERG COUNTY,273,7 Years,441,235,206,66,35,31,12,6,6,14,8,6,349,186,163
KLEBERG COUNTY,273,8 Years,449,233,216,71,40,31,8,4,4,12,5,7,358,184,174
KLEBERG COUNTY,273,9 Years,456,242,214,61,35,26,9,6,3,10,5,5,376,196,180
KLEBERG COUNTY,273,10 Years,446,224,222,58,31,27,11,8,3,7,4,3,370,181,189
KLEBERG COUNTY,273,11 Years,432,205,227,53,28,25,7,3,4,9,3,6,363,171,192
KLEBERG COUNTY,273,12 Years,419,226,193,58,34,24,12,7,5,10,7,3,339,178,161
KLEBERG COUNTY,273,13 Years,403,223,180,58,34,24,14,4,10,3,2,1,328,183,145
KLEBERG COUNTY,273,14 Years,398,224,174,61,35,26,8,4,4,7,4,3,322,181,141
KLEBERG COUNTY,273,15 Years,391,198,193,62,31,31,8,2,6,7,2,5,314,163,151
KLEBERG COUNTY,273,16 Years,432,216,216,61,32,29,14,9,5,5,2,3,352,173,179
KLEBERG COUNTY,273,17 Years,515,265,250,86,42,44,15,11,4,10,4,6,404,208,196
KLEBERG COUNTY,273,18 Years,725,380,345,122,60,62,39,25,14,14,7,7,550,288,262
KLEBERG COUNTY,273,19 Years,1066,593,473,205,119,86,87,55,32,19,15,4,755,404,351
KLEBERG COUNTY,273,20 Years,758,417,341,143,94,49,41,29,12,16,10,6,558,284,274
KLEBERG COUNTY,273,21 Years,869,483,386,194,125,69,38,27,11,37,22,15,600,309,291
KLEBERG COUNTY,273,22 Years,821,463,358,179,103,76,27,17,10,52,36,16,563,307,256
KLEBERG COUNTY,273,23 Years,813,456,357,178,107,71,43,29,14,81,48,33,511,272,239
KLEBERG COUNTY,273,24 Years,733,396,337,182,100,82,36,21,15,76,50,26,439,225,214
KLEBERG COUNTY,273,25 Years,629,348,281,156,100,56,31,22,9,64,52,12,378,174,204
KLEBERG COUNTY,273,26 Years,542,306,236,145,97,48,21,16,5,43,32,11,333,161,172
KLEBERG COUNTY,273,27 Years,534,281,253,129,73,56,23,14,9,37,20,17,345,174,171
KLEBERG COUNTY,273,28 Years,490,255,235,114,56,58,24,14,10,28,15,13,324,170,154
KLEBERG COUNTY,273,29 Years,479,256,223,102,54,48,19,13,6,23,14,9,335,175,160
KLEBERG COUNTY,273,30 Years,419,218,201,91,46,45,18,15,3,17,8,9,293,149,144
KLEBERG COUNTY,273,31 Years,401,213,188,77,47,30,10,8,2,14,7,7,300,151,149
KLEBERG COUNTY,273,32 Years,379,205,174,92,56,36,11,7,4,13,7,6,263,135,128
KLEBERG COUNTY,273,33 Years,326,170,156,86,44,42,8,5,3,10,6,4,222,115,107
KLEBERG COUNTY,273,34 Years,317,155,162,79,43,36,4,3,1,10,4,6,224,105,119
KLEBERG COUNTY,273,35 Years,303,149,154,58,31,27,7,4,3,12,7,5,226,107,119
KLEBERG COUNTY,273,36 Years,290,139,151,58,25,33,12,4,8,7,4,3,213,106,107
KLEBERG COUNTY,273,37 Years,333,179,154,68,38,30,12,6,6,11,6,5,242,129,113
KLEBERG COUNTY,273,38 Years,344,173,171,70,39,31,9,6,3,9,5,4,256,123,133
KLEBERG COUNTY,273,39 Years,346,172,174,77,40,37,7,3,4,12,5,7,250,124,126
KLEBERG COUNTY,273,40 Years,361,183,178,70,38,32,13,9,4,11,5,6,267,131,136
KLEBERG COUNTY,273,41 Years,356,186,170,80,38,42,16,11,5,10,4,6,250,133,117
KLEBERG COUNTY,273,42 Years,338,150,188,79,34,45,7,2,5,7,1,6,245,113,132
KLEBERG COUNTY,273,43 Years,329,166,163,69,40,29,10,4,6,6,4,2,244,118,126
KLEBERG COUNTY,273,44 Years,328,168,160,67,38,29,13,4,9,9,4,5,239,122,117
KLEBERG COUNTY,273,45 Years,286,141,145,57,32,25,10,3,7,6,4,2,213,102,111
KLEBERG COUNTY,273,46 Years,309,149,160,73,35,38,8,1,7,9,4,5,219,109,110
KLEBERG COUNTY,273,47 Years,345,159,186,80,43,37,7,3,4,11,6,5,247,107,140
KLEBERG COUNTY,273,48 Years,363,184,179,81,41,40,11,5,6,6,3,3,265,135,130
KLEBERG COUNTY,273,49 Years,376,175,201,90,37,53,11,6,5,10,4,6,265,128,137
KLEBERG COUNTY,273,50 Years,339,166,173,89,42,47,11,6,5,7,3,4,232,115,117
KLEBERG COUNTY,273,51 Years,345,177,168,99,51,48,6,4,2,6,3,3,234,119,115
KLEBERG COUNTY,273,52 Years,354,191,163,101,53,48,8,6,2,8,3,5,237,129,108
KLEBERG COUNTY,273,53 Years,324,152,172,94,39,55,10,5,5,5,2,3,215,106,109
KLEBERG COUNTY,273,54 Years,349,175,174,107,58,49,11,4,7,10,6,4,221,107,114
KLEBERG COUNTY,273,55 Years,346,170,176,87,43,44,10,6,4,9,4,5,240,117,123
KLEBERG COUNTY,273,56 Years,352,169,183,95,43,52,9,3,6,8,4,4,240,119,121
KLEBERG COUNTY,273,57 Years,376,174,202,105,49,56,12,5,7,7,2,5,252,118,134
KLEBERG COUNTY,273,58 Years,347,157,190,95,43,52,7,1,6,6,0,6,239,113,126
KLEBERG COUNTY,273,59 Years,308,162,146,95,50,45,7,6,1,7,2,5,199,104,95
KLEBERG COUNTY,273,60 Years,311,164,147,101,55,46,6,5,1,4,1,3,200,103,97
KLEBERG COUNTY,273,61 Years,293,139,154,84,48,36,7,5,2,5,1,4,197,85,112
KLEBERG COUNTY,273,62 Years,308,155,153,106,61,45,8,3,5,7,5,2,187,86,101
KLEBERG COUNTY,273,63 Years,289,147,142,101,53,48,9,4,5,7,4,3,172,86,86
KLEBERG COUNTY,273,64 Years,276,121,155,80,36,44,2,0,2,6,0,6,188,85,103
KLEBERG COUNTY,273,65 Years,283,138,145,86,44,42,5,4,1,4,1,3,188,89,99
KLEBERG COUNTY,273,66 Years,262,127,135,89,46,43,8,4,4,5,3,2,160,74,86
KLEBERG COUNTY,273,67 Years,265,132,133,80,37,43,13,7,6,5,2,3,167,86,81
KLEBERG COUNTY,273,68 Years,236,100,136,76,30,46,9,5,4,6,1,5,145,64,81
KLEBERG COUNTY,273,69 Years,222,98,124,73,34,39,6,3,3,4,2,2,139,59,80
KLEBERG COUNTY,273,70 Years,207,104,103,84,42,42,6,3,3,5,4,1,112,55,57
KLEBERG COUNTY,273,71 Years,177,92,85,76,46,30,5,2,3,3,1,2,93,43,50
KLEBERG COUNTY,273,72 Years,190,92,98,76,43,33,5,2,3,5,2,3,104,45,59
KLEBERG COUNTY,273,73 Years,209,90,119,79,38,41,2,1,1,9,6,3,119,45,74
KLEBERG COUNTY,273,74 Years,166,71,95,58,30,28,8,6,2,3,1,2,97,34,63
KLEBERG COUNTY,273,75 Years,165,75,90,59,29,30,7,4,3,3,1,2,96,41,55
KLEBERG COUNTY,273,76 Years,158,68,90,55,27,28,3,3,0,2,1,1,98,37,61
KLEBERG COUNTY,273,77 Years,152,67,85,48,27,21,1,1,0,2,1,1,101,38,63
KLEBERG COUNTY,273,78 Years,122,61,61,42,24,18,2,2,0,2,2,0,76,33,43
KLEBERG COUNTY,273,79 Years,117,55,62,42,21,21,1,0,1,4,2,2,70,32,38
KLEBERG COUNTY,273,80 Years,114,54,60,45,20,25,1,1,0,2,1,1,66,32,34
KLEBERG COUNTY,273,81 Years,116,47,69,47,20,27,1,1,0,0,0,0,68,26,42
KLEBERG COUNTY,273,82 Years,104,42,62,49,19,30,1,1,0,0,0,0,54,22,32
KLEBERG COUNTY,273,83 Years,97,44,53,46,20,26,1,0,1,1,1,0,49,23,26
KLEBERG COUNTY,273,84 Years,74,32,42,27,13,14,1,0,1,1,0,1,45,19,26
KLEBERG COUNTY,273,85 Years +,471,167,304,183,67,116,13,3,10,8,4,4,267,93,174
KNOX COUNTY,275,All Ages,4845,2384,2461,3020,1475,1545,272,124,148,75,40,35,1478,745,733
KNOX COUNTY,275,< 1 Year,67,34,33,31,17,14,3,0,3,1,1,0,32,16,16
KNOX COUNTY,275,1 Years,61,33,28,32,18,14,3,2,1,0,0,0,26,13,13
KNOX COUNTY,275,2 Years,74,32,42,31,12,19,1,1,0,3,0,3,39,19,20
KNOX COUNTY,275,3 Years,71,45,26,34,16,18,0,0,0,2,2,0,35,27,8
KNOX COUNTY,275,4 Years,78,41,37,38,16,22,0,0,0,6,4,2,34,21,13
KNOX COUNTY,275,5 Years,77,36,41,42,18,24,2,2,0,2,2,0,31,14,17
KNOX COUNTY,275,6 Years,64,30,34,26,15,11,3,3,0,2,1,1,33,11,22
KNOX COUNTY,275,7 Years,73,34,39,36,18,18,6,4,2,0,0,0,31,12,19
KNOX COUNTY,275,8 Years,60,29,31,30,12,18,4,3,1,1,1,0,25,13,12
KNOX COUNTY,275,9 Years,59,27,32,22,12,10,1,0,1,1,0,1,35,15,20
KNOX COUNTY,275,10 Years,68,30,38,36,19,17,6,1,5,2,0,2,24,10,14
KNOX COUNTY,275,11 Years,73,46,27,31,19,12,10,5,5,2,0,2,30,22,8
KNOX COUNTY,275,12 Years,74,39,35,35,15,20,10,8,2,2,2,0,27,14,13
KNOX COUNTY,275,13 Years,78,34,44,44,19,25,8,4,4,4,1,3,22,10,12
KNOX COUNTY,275,14 Years,60,23,37,31,12,19,7,3,4,1,0,1,21,8,13
KNOX COUNTY,275,15 Years,55,25,30,20,6,14,3,2,1,1,1,0,31,16,15
KNOX COUNTY,275,16 Years,67,35,32,32,15,17,4,3,1,1,1,0,30,16,14
KNOX COUNTY,275,17 Years,66,35,31,34,19,15,8,4,4,2,2,0,22,10,12
KNOX COUNTY,275,18 Years,57,28,29,28,13,15,8,3,5,1,1,0,20,11,9
KNOX COUNTY,275,19 Years,68,34,34,27,15,12,6,4,2,2,1,1,33,14,19
KNOX COUNTY,275,20 Years,67,33,34,30,17,13,10,6,4,2,1,1,25,9,16
KNOX COUNTY,275,21 Years,51,21,30,19,7,12,7,4,3,3,2,1,22,8,14
KNOX COUNTY,275,22 Years,43,19,24,18,10,8,1,0,1,3,1,2,21,8,13
KNOX COUNTY,275,23 Years,31,16,15,15,9,6,2,1,1,0,0,0,14,6,8
KNOX COUNTY,275,24 Years,33,17,16,17,8,9,0,0,0,0,0,0,16,9,7
KNOX COUNTY,275,25 Years,39,19,20,26,12,14,0,0,0,0,0,0,13,7,6
KNOX COUNTY,275,26 Years,50,23,27,30,18,12,2,1,1,0,0,0,18,4,14
KNOX COUNTY,275,27 Years,63,36,27,38,22,16,4,4,0,0,0,0,21,10,11
KNOX COUNTY,275,28 Years,52,25,27,32,14,18,4,2,2,2,1,1,14,8,6
KNOX COUNTY,275,29 Years,59,32,27,35,20,15,4,1,3,1,0,1,19,11,8
KNOX COUNTY,275,30 Years,46,21,25,27,13,14,2,0,2,0,0,0,17,8,9
KNOX COUNTY,275,31 Years,56,29,27,35,17,18,1,0,1,1,1,0,19,11,8
KNOX COUNTY,275,32 Years,58,32,26,36,19,17,1,0,1,0,0,0,21,13,8
KNOX COUNTY,275,33 Years,43,18,25,24,9,15,4,1,3,0,0,0,15,8,7
KNOX COUNTY,275,34 Years,55,33,22,31,17,14,4,3,1,1,1,0,19,12,7
KNOX COUNTY,275,35 Years,56,33,23,40,24,16,3,3,0,0,0,0,13,6,7
KNOX COUNTY,275,36 Years,46,25,21,29,16,13,1,1,0,0,0,0,16,8,8
KNOX COUNTY,275,37 Years,58,31,27,30,16,14,2,2,0,0,0,0,26,13,13
KNOX COUNTY,275,38 Years,45,24,21,24,13,11,2,1,1,0,0,0,19,10,9
KNOX COUNTY,275,39 Years,46,22,24,32,15,17,4,1,3,0,0,0,10,6,4
KNOX COUNTY,275,40 Years,42,16,26,22,6,16,2,0,2,2,2,0,16,8,8
KNOX COUNTY,275,41 Years,59,24,35,33,13,20,3,1,2,1,1,0,22,9,13
KNOX COUNTY,275,42 Years,66,30,36,44,22,22,2,2,0,0,0,0,20,6,14
KNOX COUNTY,275,43 Years,49,25,24,28,15,13,5,1,4,0,0,0,16,9,7
KNOX COUNTY,275,44 Years,52,26,26,31,17,14,6,1,5,0,0,0,15,8,7
KNOX COUNTY,275,45 Years,52,25,27,27,15,12,5,1,4,1,1,0,19,8,11
KNOX COUNTY,275,46 Years,54,29,25,30,14,16,5,3,2,1,1,0,18,11,7
KNOX COUNTY,275,47 Years,65,34,31,37,17,20,7,4,3,0,0,0,21,13,8
KNOX COUNTY,275,48 Years,60,32,28,33,15,18,6,4,2,0,0,0,21,13,8
KNOX COUNTY,275,49 Years,52,25,27,31,14,17,5,2,3,2,0,2,14,9,5
KNOX COUNTY,275,50 Years,55,29,26,35,20,15,4,2,2,3,1,2,13,6,7
KNOX COUNTY,275,51 Years,65,36,29,48,29,19,4,1,3,0,0,0,13,6,7
KNOX COUNTY,275,52 Years,73,38,35,55,29,26,2,0,2,0,0,0,16,9,7
KNOX COUNTY,275,53 Years,78,41,37,50,29,21,3,0,3,0,0,0,25,12,13
KNOX COUNTY,275,54 Years,74,41,33,52,28,24,2,0,2,0,0,0,20,13,7
KNOX COUNTY,275,55 Years,63,35,28,42,21,21,2,0,2,0,0,0,19,14,5
KNOX COUNTY,275,56 Years,68,40,28,51,28,23,2,2,0,0,0,0,15,10,5
KNOX COUNTY,275,57 Years,64,37,27,47,27,20,1,1,0,0,0,0,16,9,7
KNOX COUNTY,275,58 Years,61,30,31,40,20,20,3,0,3,3,0,3,15,10,5
KNOX COUNTY,275,59 Years,46,26,20,31,18,13,3,0,3,1,0,1,11,8,3
KNOX COUNTY,275,60 Years,72,38,34,56,31,25,2,0,2,2,0,2,12,7,5
KNOX COUNTY,275,61 Years,51,31,20,39,23,16,3,2,1,1,1,0,8,5,3
KNOX COUNTY,275,62 Years,54,28,26,40,20,20,5,1,4,1,1,0,8,6,2
KNOX COUNTY,275,63 Years,44,21,23,37,18,19,2,1,1,0,0,0,5,2,3
KNOX COUNTY,275,64 Years,47,24,23,31,16,15,4,1,3,0,0,0,12,7,5
KNOX COUNTY,275,65 Years,58,27,31,45,23,22,3,0,3,3,2,1,7,2,5
KNOX COUNTY,275,66 Years,50,28,22,40,24,16,1,0,1,0,0,0,9,4,5
KNOX COUNTY,275,67 Years,47,25,22,36,18,18,3,2,1,1,1,0,7,4,3
KNOX COUNTY,275,68 Years,56,21,35,38,16,22,6,2,4,0,0,0,12,3,9
KNOX COUNTY,275,69 Years,39,14,25,30,12,18,3,1,2,1,0,1,5,1,4
KNOX COUNTY,275,70 Years,41,20,21,35,17,18,2,2,0,0,0,0,4,1,3
KNOX COUNTY,275,71 Years,37,21,16,34,20,14,0,0,0,0,0,0,3,1,2
KNOX COUNTY,275,72 Years,42,18,24,34,16,18,0,0,0,0,0,0,8,2,6
KNOX COUNTY,275,73 Years,45,18,27,33,14,19,1,0,1,0,0,0,11,4,7
KNOX COUNTY,275,74 Years,52,20,32,42,15,27,0,0,0,1,1,0,9,4,5
KNOX COUNTY,275,75 Years,53,23,30,44,17,27,0,0,0,0,0,0,9,6,3
KNOX COUNTY,275,76 Years,53,20,33,43,14,29,3,3,0,0,0,0,7,3,4
KNOX COUNTY,275,77 Years,48,18,30,37,14,23,2,1,1,0,0,0,9,3,6
KNOX COUNTY,275,78 Years,45,20,25,38,18,20,1,0,1,0,0,0,6,2,4
KNOX COUNTY,275,79 Years,37,16,21,32,14,18,0,0,0,1,0,1,4,2,2
KNOX COUNTY,275,80 Years,30,13,17,26,10,16,0,0,0,0,0,0,4,3,1
KNOX COUNTY,275,81 Years,36,16,20,28,14,14,3,0,3,0,0,0,5,2,3
KNOX COUNTY,275,82 Years,32,14,18,25,13,12,3,0,3,0,0,0,4,1,3
KNOX COUNTY,275,83 Years,39,18,21,33,17,16,0,0,0,1,1,0,5,0,5
KNOX COUNTY,275,84 Years,30,14,16,25,12,13,0,0,0,0,0,0,5,2,3
KNOX COUNTY,275,85 Years +,162,60,102,144,50,94,2,0,2,0,0,0,16,10,6
LAMAR COUNTY,277,All Ages,50461,24416,26045,37997,18436,19561,6797,3152,3645,2183,1025,1158,3484,1803,1681
LAMAR COUNTY,277,< 1 Year,655,347,308,452,237,215,102,55,47,32,18,14,69,37,32
LAMAR COUNTY,277,1 Years,662,341,321,452,232,220,107,55,52,36,19,17,67,35,32
LAMAR COUNTY,277,2 Years,638,320,318,415,214,201,100,50,50,46,20,26,77,36,41
LAMAR COUNTY,277,3 Years,648,324,324,395,198,197,110,59,51,55,28,27,88,39,49
LAMAR COUNTY,277,4 Years,656,339,317,403,203,200,107,62,45,52,30,22,94,44,50
LAMAR COUNTY,277,5 Years,652,331,321,399,209,190,110,59,51,54,27,27,89,36,53
LAMAR COUNTY,277,6 Years,646,326,320,402,205,197,101,54,47,42,22,20,101,45,56
LAMAR COUNTY,277,7 Years,688,343,345,443,223,220,100,45,55,46,21,25,99,54,45
LAMAR COUNTY,277,8 Years,645,328,317,411,210,201,105,55,50,39,18,21,90,45,45
LAMAR COUNTY,277,9 Years,664,336,328,434,219,215,100,49,51,39,19,20,91,49,42
LAMAR COUNTY,277,10 Years,627,319,308,405,211,194,103,48,55,38,18,20,81,42,39
LAMAR COUNTY,277,11 Years,683,368,315,454,249,205,100,53,47,35,18,17,94,48,46
LAMAR COUNTY,277,12 Years,697,355,342,473,239,234,100,55,45,36,19,17,88,42,46
LAMAR COUNTY,277,13 Years,698,345,353,473,237,236,101,48,53,45,22,23,79,38,41
LAMAR COUNTY,277,14 Years,696,348,348,465,231,234,111,54,57,38,18,20,82,45,37
LAMAR COUNTY,277,15 Years,709,362,347,480,249,231,120,61,59,39,18,21,70,34,36
LAMAR COUNTY,277,16 Years,719,366,353,490,247,243,107,62,45,50,23,27,72,34,38
LAMAR COUNTY,277,17 Years,708,356,352,481,233,248,119,68,51,38,19,19,70,36,34
LAMAR COUNTY,277,18 Years,733,372,361,506,251,255,113,56,57,43,23,20,71,42,29
LAMAR COUNTY,277,19 Years,700,387,313,485,272,213,115,57,58,37,21,16,63,37,26
LAMAR COUNTY,277,20 Years,701,376,325,486,269,217,122,63,59,35,14,21,58,30,28
LAMAR COUNTY,277,21 Years,716,348,368,480,243,237,130,59,71,41,15,26,65,31,34
LAMAR COUNTY,277,22 Years,721,351,370,484,234,250,140,64,76,40,19,21,57,34,23
LAMAR COUNTY,277,23 Years,639,296,343,457,213,244,106,46,60,31,14,17,45,23,22
LAMAR COUNTY,277,24 Years,613,296,317,432,214,218,96,42,54,34,13,21,51,27,24
LAMAR COUNTY,277,25 Years,602,297,305,433,210,223,79,35,44,33,18,15,57,34,23
LAMAR COUNTY,277,26 Years,582,293,289,404,200,204,94,46,48,29,18,11,55,29,26
LAMAR COUNTY,277,27 Years,563,285,278,398,205,193,88,38,50,22,14,8,55,28,27
LAMAR COUNTY,277,28 Years,536,270,266,381,200,181,81,33,48,22,10,12,52,27,25
LAMAR COUNTY,277,29 Years,560,267,293,396,194,202,86,34,52,24,9,15,54,30,24
LAMAR COUNTY,277,30 Years,539,256,283,384,183,201,76,33,43,21,8,13,58,32,26
LAMAR COUNTY,277,31 Years,526,264,262,390,196,194,59,23,36,26,13,13,51,32,19
LAMAR COUNTY,277,32 Years,568,277,291,406,204,202,75,32,43,22,9,13,65,32,33
LAMAR COUNTY,277,33 Years,552,267,285,396,192,204,83,38,45,23,14,9,50,23,27
LAMAR COUNTY,277,34 Years,527,256,271,370,180,190,74,31,43,24,11,13,59,34,25
LAMAR COUNTY,277,35 Years,553,278,275,380,195,185,84,36,48,27,14,13,62,33,29
LAMAR COUNTY,277,36 Years,553,276,277,397,207,190,77,36,41,27,11,16,52,22,30
LAMAR COUNTY,277,37 Years,583,286,297,412,205,207,87,39,48,25,10,15,59,32,27
LAMAR COUNTY,277,38 Years,558,276,282,419,200,219,78,42,36,19,12,7,42,22,20
LAMAR COUNTY,277,39 Years,551,254,297,396,185,211,81,33,48,24,11,13,50,25,25
LAMAR COUNTY,277,40 Years,604,292,312,448,219,229,95,41,54,21,11,10,40,21,19
LAMAR COUNTY,277,41 Years,651,309,342,495,237,258,96,41,55,24,11,13,36,20,16
LAMAR COUNTY,277,42 Years,697,327,370,532,251,281,94,43,51,29,12,17,42,21,21
LAMAR COUNTY,277,43 Years,689,329,360,523,250,273,97,42,55,27,10,17,42,27,15
LAMAR COUNTY,277,44 Years,667,324,343,498,248,250,100,44,56,29,11,18,40,21,19
LAMAR COUNTY,277,45 Years,651,317,334,493,243,250,97,43,54,31,12,19,30,19,11
LAMAR COUNTY,277,46 Years,628,305,323,485,237,248,90,44,46,28,11,17,25,13,12
LAMAR COUNTY,277,47 Years,667,337,330,525,272,253,90,44,46,23,9,14,29,12,17
LAMAR COUNTY,277,48 Years,715,338,377,567,279,288,104,40,64,23,11,12,21,8,13
LAMAR COUNTY,277,49 Years,707,332,375,567,270,297,94,42,52,24,9,15,22,11,11
LAMAR COUNTY,277,50 Years,701,334,367,565,270,295,84,38,46,28,12,16,24,14,10
LAMAR COUNTY,277,51 Years,675,321,354,543,261,282,90,41,49,20,9,11,22,10,12
LAMAR COUNTY,277,52 Years,721,345,376,572,269,303,97,51,46,29,14,15,23,11,12
LAMAR COUNTY,277,53 Years,665,327,338,518,258,260,98,43,55,22,10,12,27,16,11
LAMAR COUNTY,277,54 Years,717,355,362,570,284,286,91,39,52,29,15,14,27,17,10
LAMAR COUNTY,277,55 Years,699,332,367,555,265,290,95,40,55,29,14,15,20,13,7
LAMAR COUNTY,277,56 Years,660,324,336,535,264,271,89,42,47,20,7,13,16,11,5
LAMAR COUNTY,277,57 Years,661,327,334,518,260,258,98,45,53,25,9,16,20,13,7
LAMAR COUNTY,277,58 Years,605,298,307,479,245,234,87,34,53,20,9,11,19,10,9
LAMAR COUNTY,277,59 Years,593,290,303,485,243,242,68,29,39,25,9,16,15,9,6
LAMAR COUNTY,277,60 Years,611,281,330,504,230,274,75,31,44,15,7,8,17,13,4
LAMAR COUNTY,277,61 Years,617,292,325,506,243,263,74,30,44,22,12,10,15,7,8
LAMAR COUNTY,277,62 Years,633,305,328,530,251,279,57,31,26,26,12,14,20,11,9
LAMAR COUNTY,277,63 Years,657,297,360,557,254,303,58,24,34,26,10,16,16,9,7
LAMAR COUNTY,277,64 Years,575,264,311,489,224,265,56,25,31,18,8,10,12,7,5
LAMAR COUNTY,277,65 Years,611,298,313,533,258,275,51,28,23,16,6,10,11,6,5
LAMAR COUNTY,277,66 Years,534,258,276,465,222,243,43,24,19,14,6,8,12,6,6
LAMAR COUNTY,277,67 Years,542,253,289,480,227,253,44,18,26,10,5,5,8,3,5
LAMAR COUNTY,277,68 Years,561,256,305,485,225,260,49,19,30,16,8,8,11,4,7
LAMAR COUNTY,277,69 Years,537,253,284,476,231,245,42,13,29,12,6,6,7,3,4
LAMAR COUNTY,277,70 Years,497,248,249,440,220,220,37,14,23,11,8,3,9,6,3
LAMAR COUNTY,277,71 Years,467,215,252,419,190,229,35,17,18,8,4,4,5,4,1
LAMAR COUNTY,277,72 Years,446,195,251,403,179,224,29,11,18,6,2,4,8,3,5
LAMAR COUNTY,277,73 Years,406,187,219,359,170,189,34,12,22,8,2,6,5,3,2
LAMAR COUNTY,277,74 Years,405,192,213,366,178,188,27,10,17,7,2,5,5,2,3
LAMAR COUNTY,277,75 Years,366,166,200,327,151,176,29,12,17,5,1,4,5,2,3
LAMAR COUNTY,277,76 Years,312,137,175,278,125,153,23,9,14,8,2,6,3,1,2
LAMAR COUNTY,277,77 Years,320,140,180,283,127,156,24,7,17,10,4,6,3,2,1
LAMAR COUNTY,277,78 Years,310,139,171,275,125,150,21,8,13,7,4,3,7,2,5
LAMAR COUNTY,277,79 Years,269,117,152,227,99,128,34,14,20,4,3,1,4,1,3
LAMAR COUNTY,277,80 Years,253,107,146,227,96,131,22,8,14,2,1,1,2,2,0
LAMAR COUNTY,277,81 Years,236,98,138,206,86,120,21,8,13,6,2,4,3,2,1
LAMAR COUNTY,277,82 Years,215,91,124,193,82,111,16,6,10,3,2,1,3,1,2
LAMAR COUNTY,277,83 Years,191,78,113,172,68,104,14,6,8,3,2,1,2,2,0
LAMAR COUNTY,277,84 Years,165,63,102,144,51,93,15,7,8,5,4,1,1,1,0
LAMAR COUNTY,277,85 Years +,1085,341,744,961,301,660,86,26,60,20,9,11,18,5,13
LAMB COUNTY,279,All Ages,14108,7028,7080,5916,2887,3029,560,283,277,176,70,106,7456,3788,3668
LAMB COUNTY,279,< 1 Year,195,94,101,63,32,31,5,2,3,3,2,1,124,58,66
LAMB COUNTY,279,1 Years,219,112,107,59,31,28,6,3,3,1,1,0,153,77,76
LAMB COUNTY,279,2 Years,231,121,110,54,32,22,7,4,3,4,2,2,166,83,83
LAMB COUNTY,279,3 Years,229,119,110,52,25,27,7,3,4,6,3,3,164,88,76
LAMB COUNTY,279,4 Years,216,112,104,50,22,28,10,4,6,3,1,2,153,85,68
LAMB COUNTY,279,5 Years,232,119,113,62,29,33,10,5,5,5,2,3,155,83,72
LAMB COUNTY,279,6 Years,225,114,111,56,24,32,12,9,3,3,1,2,154,80,74
LAMB COUNTY,279,7 Years,226,109,117,55,25,30,11,7,4,5,2,3,155,75,80
LAMB COUNTY,279,8 Years,220,105,115,57,26,31,9,5,4,4,3,1,150,71,79
LAMB COUNTY,279,9 Years,219,118,101,55,28,27,10,6,4,3,1,2,151,83,68
LAMB COUNTY,279,10 Years,229,120,109,59,29,30,16,9,7,4,1,3,150,81,69
LAMB COUNTY,279,11 Years,220,108,112,64,31,33,16,8,8,2,0,2,138,69,69
LAMB COUNTY,279,12 Years,229,112,117,72,31,41,8,3,5,3,1,2,146,77,69
LAMB COUNTY,279,13 Years,228,116,112,71,31,40,13,7,6,4,2,2,140,76,64
LAMB COUNTY,279,14 Years,222,119,103,73,43,30,12,5,7,2,1,1,135,70,65
LAMB COUNTY,279,15 Years,224,125,99,79,51,28,12,6,6,2,1,1,131,67,64
LAMB COUNTY,279,16 Years,215,122,93,73,45,28,6,4,2,1,0,1,135,73,62
LAMB COUNTY,279,17 Years,227,127,100,75,41,34,5,4,1,4,2,2,143,80,63
LAMB COUNTY,279,18 Years,251,144,107,85,52,33,8,3,5,6,5,1,152,84,68
LAMB COUNTY,279,19 Years,229,127,102,77,43,34,9,4,5,4,3,1,139,77,62
LAMB COUNTY,279,20 Years,206,107,99,62,33,29,10,4,6,3,0,3,131,70,61
LAMB COUNTY,279,21 Years,162,89,73,45,24,21,7,3,4,3,0,3,107,62,45
LAMB COUNTY,279,22 Years,162,85,77,44,23,21,6,3,3,1,0,1,111,59,52
LAMB COUNTY,279,23 Years,154,86,68,46,25,21,2,1,1,2,0,2,104,60,44
LAMB COUNTY,279,24 Years,161,83,78,49,25,24,5,4,1,2,0,2,105,54,51
LAMB COUNTY,279,25 Years,143,70,73,30,15,15,4,2,2,2,0,2,107,53,54
LAMB COUNTY,279,26 Years,145,78,67,42,24,18,5,3,2,2,1,1,96,50,46
LAMB COUNTY,279,27 Years,135,57,78,38,18,20,8,5,3,1,1,0,88,33,55
LAMB COUNTY,279,28 Years,152,73,79,47,28,19,8,3,5,1,1,0,96,41,55
LAMB COUNTY,279,29 Years,178,84,94,69,32,37,8,2,6,0,0,0,101,50,51
LAMB COUNTY,279,30 Years,157,83,74,51,26,25,8,5,3,1,1,0,97,51,46
LAMB COUNTY,279,31 Years,155,83,72,47,24,23,8,5,3,1,0,1,99,54,45
LAMB COUNTY,279,32 Years,175,87,88,55,27,28,7,3,4,2,0,2,111,57,54
LAMB COUNTY,279,33 Years,159,73,86,53,24,29,9,4,5,2,0,2,95,45,50
LAMB COUNTY,279,34 Years,158,73,85,49,22,27,10,4,6,2,0,2,97,47,50
LAMB COUNTY,279,35 Years,158,86,72,63,36,27,5,1,4,1,1,0,89,48,41
LAMB COUNTY,279,36 Years,139,71,68,52,27,25,6,1,5,1,1,0,80,42,38
LAMB COUNTY,279,37 Years,148,74,74,51,26,25,5,2,3,1,1,0,91,45,46
LAMB COUNTY,279,38 Years,133,60,73,50,23,27,6,3,3,1,0,1,76,34,42
LAMB COUNTY,279,39 Years,136,70,66,57,28,29,2,1,1,0,0,0,77,41,36
LAMB COUNTY,279,40 Years,123,59,64,45,25,20,2,0,2,0,0,0,76,34,42
LAMB COUNTY,279,41 Years,145,70,75,55,25,30,2,2,0,1,0,1,87,43,44
LAMB COUNTY,279,42 Years,174,91,83,58,28,30,5,2,3,2,1,1,109,60,49
LAMB COUNTY,279,43 Years,167,84,83,53,29,24,8,5,3,1,1,0,105,49,56
LAMB COUNTY,279,44 Years,174,85,89,61,29,32,5,2,3,4,1,3,104,53,51
LAMB COUNTY,279,45 Years,173,93,80,77,40,37,7,5,2,2,1,1,87,47,40
LAMB COUNTY,279,46 Years,169,87,82,66,36,30,4,2,2,0,0,0,99,49,50
LAMB COUNTY,279,47 Years,161,67,94,58,24,34,7,2,5,1,0,1,95,41,54
LAMB COUNTY,279,48 Years,196,95,101,80,39,41,10,7,3,5,0,5,101,49,52
LAMB COUNTY,279,49 Years,202,92,110,100,43,57,10,6,4,3,0,3,89,43,46
LAMB COUNTY,279,50 Years,191,97,94,90,42,48,8,4,4,2,1,1,91,50,41
LAMB COUNTY,279,51 Years,189,97,92,102,57,45,8,3,5,3,2,1,76,35,41
LAMB COUNTY,279,52 Years,193,94,99,118,61,57,6,4,2,4,2,2,65,27,38
LAMB COUNTY,279,53 Years,182,88,94,95,49,46,13,9,4,2,1,1,72,29,43
LAMB COUNTY,279,54 Years,184,96,88,96,52,44,13,6,7,4,1,3,71,37,34
LAMB COUNTY,279,55 Years,181,100,81,106,58,48,9,5,4,4,1,3,62,36,26
LAMB COUNTY,279,56 Years,201,110,91,106,58,48,7,5,2,6,3,3,82,44,38
LAMB COUNTY,279,57 Years,179,90,89,105,53,52,4,2,2,3,1,2,67,34,33
LAMB COUNTY,279,58 Years,185,97,88,103,50,53,4,1,3,3,2,1,75,44,31
LAMB COUNTY,279,59 Years,169,91,78,95,50,45,6,5,1,3,1,2,65,35,30
LAMB COUNTY,279,60 Years,160,86,74,96,50,46,6,2,4,1,1,0,57,33,24
LAMB COUNTY,279,61 Years,137,78,59,81,46,35,2,1,1,2,1,1,52,30,22
LAMB COUNTY,279,62 Years,141,67,74,77,37,40,3,1,2,1,1,0,60,28,32
LAMB COUNTY,279,63 Years,139,62,77,85,37,48,7,5,2,0,0,0,47,20,27
LAMB COUNTY,279,64 Years,122,57,65,69,30,39,6,4,2,0,0,0,47,23,24
LAMB COUNTY,279,65 Years,117,57,60,70,36,34,4,2,2,1,0,1,42,19,23
LAMB COUNTY,279,66 Years,130,54,76,64,31,33,8,3,5,2,0,2,56,20,36
LAMB COUNTY,279,67 Years,118,51,67,64,26,38,4,1,3,2,1,1,48,23,25
LAMB COUNTY,279,68 Years,119,60,59,72,33,39,3,2,1,1,0,1,43,25,18
LAMB COUNTY,279,69 Years,118,57,61,72,34,38,5,3,2,1,0,1,40,20,20
LAMB COUNTY,279,70 Years,117,53,64,77,32,45,2,1,1,1,0,1,37,20,17
LAMB COUNTY,279,71 Years,109,44,65,75,31,44,3,1,2,2,1,1,29,11,18
LAMB COUNTY,279,72 Years,108,50,58,73,35,38,2,0,2,2,1,1,31,14,17
LAMB COUNTY,279,73 Years,100,52,48,69,37,32,5,2,3,1,1,0,25,12,13
LAMB COUNTY,279,74 Years,100,46,54,66,31,35,5,3,2,0,0,0,29,12,17
LAMB COUNTY,279,75 Years,88,38,50,57,20,37,2,1,1,0,0,0,29,17,12
LAMB COUNTY,279,76 Years,102,45,57,69,31,38,3,1,2,0,0,0,30,13,17
LAMB COUNTY,279,77 Years,102,44,58,77,33,44,1,0,1,1,0,1,23,11,12
LAMB COUNTY,279,78 Years,105,45,60,76,32,44,3,2,1,1,0,1,25,11,14
LAMB COUNTY,279,79 Years,80,35,45,63,28,35,2,1,1,0,0,0,15,6,9
LAMB COUNTY,279,80 Years,82,31,51,59,21,38,2,0,2,1,0,1,20,10,10
LAMB COUNTY,279,81 Years,86,34,52,66,25,41,3,1,2,0,0,0,17,8,9
LAMB COUNTY,279,82 Years,74,26,48,56,21,35,4,1,3,1,0,1,13,4,9
LAMB COUNTY,279,83 Years,70,29,41,50,20,30,4,2,2,2,2,0,14,5,9
LAMB COUNTY,279,84 Years,57,24,33,41,18,23,4,2,2,0,0,0,12,4,8
LAMB COUNTY,279,85 Years +,287,105,182,232,83,149,8,4,4,2,1,1,45,17,28
LAMPASAS COUNTY,281,All Ages,20171,9975,10196,15044,7406,7638,594,304,290,855,376,479,3678,1889,1789
LAMPASAS COUNTY,281,< 1 Year,222,114,108,154,78,76,2,0,2,8,3,5,58,33,25
LAMPASAS COUNTY,281,1 Years,238,123,115,163,85,78,3,1,2,9,4,5,63,33,30
LAMPASAS COUNTY,281,2 Years,235,129,106,141,78,63,3,2,1,17,8,9,74,41,33
LAMPASAS COUNTY,281,3 Years,248,130,118,158,79,79,5,2,3,15,10,5,70,39,31
LAMPASAS COUNTY,281,4 Years,246,127,119,154,73,81,4,2,2,17,11,6,71,41,30
LAMPASAS COUNTY,281,5 Years,265,129,136,166,80,86,4,3,1,18,11,7,77,35,42
LAMPASAS COUNTY,281,6 Years,256,119,137,151,71,80,2,1,1,13,7,6,90,40,50
LAMPASAS COUNTY,281,7 Years,269,134,135,170,84,86,6,4,2,16,10,6,77,36,41
LAMPASAS COUNTY,281,8 Years,251,132,119,175,94,81,5,3,2,15,8,7,56,27,29
LAMPASAS COUNTY,281,9 Years,269,146,123,175,93,82,5,2,3,14,9,5,75,42,33
LAMPASAS COUNTY,281,10 Years,263,134,129,168,88,80,4,2,2,15,8,7,76,36,40
LAMPASAS COUNTY,281,11 Years,258,128,130,175,92,83,2,0,2,15,7,8,66,29,37
LAMPASAS COUNTY,281,12 Years,280,147,133,185,95,90,4,2,2,20,7,13,71,43,28
LAMPASAS COUNTY,281,13 Years,279,148,131,182,96,86,8,5,3,18,9,9,71,38,33
LAMPASAS COUNTY,281,14 Years,274,140,134,188,101,87,9,3,6,13,4,9,64,32,32
LAMPASAS COUNTY,281,15 Years,303,143,160,205,95,110,7,2,5,19,12,7,72,34,38
LAMPASAS COUNTY,281,16 Years,315,166,149,207,111,96,12,4,8,18,12,6,78,39,39
LAMPASAS COUNTY,281,17 Years,340,161,179,228,112,116,17,5,12,17,7,10,78,37,41
LAMPASAS COUNTY,281,18 Years,317,172,145,204,112,92,14,7,7,18,12,6,81,41,40
LAMPASAS COUNTY,281,19 Years,291,146,145,191,97,94,19,8,11,13,7,6,68,34,34
LAMPASAS COUNTY,281,20 Years,263,146,117,166,90,76,11,5,6,15,8,7,71,43,28
LAMPASAS COUNTY,281,21 Years,228,128,100,135,75,60,8,6,2,12,6,6,73,41,32
LAMPASAS COUNTY,281,22 Years,191,104,87,126,70,56,12,4,8,3,1,2,50,29,21
LAMPASAS COUNTY,281,23 Years,181,89,92,126,59,67,7,3,4,3,2,1,45,25,20
LAMPASAS COUNTY,281,24 Years,190,100,90,125,64,61,5,4,1,7,4,3,53,28,25
LAMPASAS COUNTY,281,25 Years,202,101,101,131,68,63,6,5,1,10,3,7,55,25,30
LAMPASAS COUNTY,281,26 Years,212,114,98,142,76,66,5,2,3,9,4,5,56,32,24
LAMPASAS COUNTY,281,27 Years,196,84,112,144,60,84,6,2,4,6,1,5,40,21,19
LAMPASAS COUNTY,281,28 Years,187,91,96,133,62,71,6,3,3,6,2,4,42,24,18
LAMPASAS COUNTY,281,29 Years,199,108,91,140,77,63,3,1,2,5,1,4,51,29,22
LAMPASAS COUNTY,281,30 Years,228,114,114,170,88,82,5,2,3,3,1,2,50,23,27
LAMPASAS COUNTY,281,31 Years,218,108,110,173,85,88,5,2,3,4,2,2,36,19,17
LAMPASAS COUNTY,281,32 Years,218,105,113,164,82,82,4,3,1,8,3,5,42,17,25
LAMPASAS COUNTY,281,33 Years,192,94,98,137,67,70,3,3,0,11,6,5,41,18,23
LAMPASAS COUNTY,281,34 Years,213,100,113,151,72,79,4,1,3,10,3,7,48,24,24
LAMPASAS COUNTY,281,35 Years,215,109,106,156,78,78,4,3,1,9,5,4,46,23,23
LAMPASAS COUNTY,281,36 Years,207,104,103,152,75,77,4,3,1,12,6,6,39,20,19
LAMPASAS COUNTY,281,37 Years,226,105,121,164,78,86,6,3,3,14,6,8,42,18,24
LAMPASAS COUNTY,281,38 Years,244,120,124,182,85,97,7,5,2,11,5,6,44,25,19
LAMPASAS COUNTY,281,39 Years,241,119,122,178,87,91,8,5,3,10,6,4,45,21,24
LAMPASAS COUNTY,281,40 Years,238,117,121,173,82,91,8,5,3,12,6,6,45,24,21
LAMPASAS COUNTY,281,41 Years,255,116,139,191,87,104,11,5,6,12,4,8,41,20,21
LAMPASAS COUNTY,281,42 Years,287,138,149,226,111,115,9,5,4,10,6,4,42,16,26
LAMPASAS COUNTY,281,43 Years,283,139,144,215,110,105,9,5,4,12,3,9,47,21,26
LAMPASAS COUNTY,281,44 Years,254,133,121,187,100,87,11,6,5,10,3,7,46,24,22
LAMPASAS COUNTY,281,45 Years,272,129,143,205,100,105,12,4,8,14,6,8,41,19,22
LAMPASAS COUNTY,281,46 Years,285,135,150,211,95,116,19,12,7,9,4,5,46,24,22
LAMPASAS COUNTY,281,47 Years,325,166,159,247,125,122,17,9,8,8,3,5,53,29,24
LAMPASAS COUNTY,281,48 Years,342,183,159,272,144,128,15,10,5,8,3,5,47,26,21
LAMPASAS COUNTY,281,49 Years,303,153,150,234,115,119,8,5,3,10,6,4,51,27,24
LAMPASAS COUNTY,281,50 Years,326,178,148,238,122,116,10,7,3,13,7,6,65,42,23
LAMPASAS COUNTY,281,51 Years,326,169,157,262,131,131,8,5,3,11,5,6,45,28,17
LAMPASAS COUNTY,281,52 Years,291,147,144,231,117,114,8,4,4,10,5,5,42,21,21
LAMPASAS COUNTY,281,53 Years,321,147,174,251,117,134,11,4,7,14,3,11,45,23,22
LAMPASAS COUNTY,281,54 Years,306,148,158,240,112,128,14,8,6,9,3,6,43,25,18
LAMPASAS COUNTY,281,55 Years,295,157,138,231,124,107,12,4,8,9,3,6,43,26,17
LAMPASAS COUNTY,281,56 Years,291,139,152,227,105,122,12,5,7,12,3,9,40,26,14
LAMPASAS COUNTY,281,57 Years,294,131,163,231,108,123,13,4,9,15,3,12,35,16,19
LAMPASAS COUNTY,281,58 Years,264,118,146,220,100,120,7,3,4,9,4,5,28,11,17
LAMPASAS COUNTY,281,59 Years,276,137,139,222,113,109,13,9,4,8,2,6,33,13,20
LAMPASAS COUNTY,281,60 Years,261,130,131,207,104,103,11,6,5,11,1,10,32,19,13
LAMPASAS COUNTY,281,61 Years,251,111,140,196,89,107,7,4,3,18,6,12,30,12,18
LAMPASAS COUNTY,281,62 Years,271,133,138,222,112,110,8,2,6,15,7,8,26,12,14
LAMPASAS COUNTY,281,63 Years,251,120,131,206,98,108,10,5,5,11,5,6,24,12,12
LAMPASAS COUNTY,281,64 Years,269,135,134,223,117,106,8,4,4,11,3,8,27,11,16
LAMPASAS COUNTY,281,65 Years,261,137,124,219,111,108,8,5,3,6,2,4,28,19,9
LAMPASAS COUNTY,281,66 Years,209,113,96,181,95,86,7,5,2,4,1,3,17,12,5
LAMPASAS COUNTY,281,67 Years,202,100,102,169,84,85,7,4,3,9,3,6,17,9,8
LAMPASAS COUNTY,281,68 Years,210,95,115,183,84,99,6,3,3,11,4,7,10,4,6
LAMPASAS COUNTY,281,69 Years,219,98,121,191,85,106,11,6,5,6,1,5,11,6,5
LAMPASAS COUNTY,281,70 Years,202,95,107,172,79,93,9,6,3,4,1,3,17,9,8
LAMPASAS COUNTY,281,71 Years,182,82,100,159,72,87,5,2,3,3,1,2,15,7,8
LAMPASAS COUNTY,281,72 Years,160,81,79,138,69,69,2,2,0,3,1,2,17,9,8
LAMPASAS COUNTY,281,73 Years,161,72,89,141,65,76,1,1,0,8,2,6,11,4,7
LAMPASAS COUNTY,281,74 Years,144,62,82,127,54,73,2,1,1,8,3,5,7,4,3
LAMPASAS COUNTY,281,75 Years,134,67,67,120,59,61,2,2,0,4,2,2,8,4,4
LAMPASAS COUNTY,281,76 Years,145,62,83,124,56,68,3,1,2,2,1,1,16,4,12
LAMPASAS COUNTY,281,77 Years,130,63,67,114,56,58,2,1,1,4,1,3,10,5,5
LAMPASAS COUNTY,281,78 Years,93,39,54,82,33,49,0,0,0,4,3,1,7,3,4
LAMPASAS COUNTY,281,79 Years,94,48,46,84,44,40,0,0,0,3,1,2,7,3,4
LAMPASAS COUNTY,281,80 Years,96,50,46,85,45,40,1,1,0,1,1,0,9,3,6
LAMPASAS COUNTY,281,81 Years,83,45,38,74,42,32,0,0,0,3,0,3,6,3,3
LAMPASAS COUNTY,281,82 Years,82,39,43,74,35,39,0,0,0,3,1,2,5,3,2
LAMPASAS COUNTY,281,83 Years,84,41,43,74,37,37,1,1,0,1,0,1,8,3,5
LAMPASAS COUNTY,281,84 Years,80,35,45,72,33,39,1,0,1,3,1,2,4,1,3
LAMPASAS COUNTY,281,85 Years +,393,131,262,358,118,240,1,0,1,8,1,7,26,12,14
LA SALLE COUNTY,283,All Ages,7291,4320,2971,930,482,448,20,19,1,56,30,26,6285,3789,2496
LA SALLE COUNTY,283,< 1 Year,101,50,51,8,4,4,0,0,0,1,0,1,92,46,46
LA SALLE COUNTY,283,1 Years,94,48,46,8,4,4,0,0,0,0,0,0,86,44,42
LA SALLE COUNTY,283,2 Years,90,44,46,6,3,3,0,0,0,0,0,0,84,41,43
LA SALLE COUNTY,283,3 Years,86,32,54,7,2,5,0,0,0,1,0,1,78,30,48
LA SALLE COUNTY,283,4 Years,89,51,38,10,6,4,0,0,0,1,1,0,78,44,34
LA SALLE COUNTY,283,5 Years,82,50,32,7,3,4,0,0,0,0,0,0,75,47,28
LA SALLE COUNTY,283,6 Years,81,41,40,7,3,4,0,0,0,1,1,0,73,37,36
LA SALLE COUNTY,283,7 Years,84,49,35,9,5,4,1,0,1,0,0,0,74,44,30
LA SALLE COUNTY,283,8 Years,83,49,34,8,6,2,1,1,0,0,0,0,74,42,32
LA SALLE COUNTY,283,9 Years,81,35,46,7,4,3,1,1,0,1,0,1,72,30,42
LA SALLE COUNTY,283,10 Years,78,30,48,6,2,4,0,0,0,1,0,1,71,28,43
LA SALLE COUNTY,283,11 Years,78,37,41,9,7,2,0,0,0,0,0,0,69,30,39
LA SALLE COUNTY,283,12 Years,87,41,46,10,6,4,0,0,0,1,1,0,76,34,42
LA SALLE COUNTY,283,13 Years,92,44,48,7,4,3,1,1,0,0,0,0,84,39,45
LA SALLE COUNTY,283,14 Years,86,42,44,5,3,2,0,0,0,0,0,0,81,39,42
LA SALLE COUNTY,283,15 Years,88,43,45,11,6,5,0,0,0,0,0,0,77,37,40
LA SALLE COUNTY,283,16 Years,69,38,31,6,5,1,0,0,0,0,0,0,63,33,30
LA SALLE COUNTY,283,17 Years,110,62,48,10,6,4,0,0,0,0,0,0,100,56,44
LA SALLE COUNTY,283,18 Years,88,45,43,7,4,3,0,0,0,0,0,0,81,41,40
LA SALLE COUNTY,283,19 Years,119,79,40,11,8,3,0,0,0,0,0,0,108,71,37
LA SALLE COUNTY,283,20 Years,115,68,47,9,5,4,1,1,0,1,0,1,104,62,42
LA SALLE COUNTY,283,21 Years,147,112,35,13,7,6,1,1,0,0,0,0,133,104,29
LA SALLE COUNTY,283,22 Years,158,107,51,5,2,3,0,0,0,0,0,0,153,105,48
LA SALLE COUNTY,283,23 Years,220,177,43,10,8,2,1,1,0,0,0,0,209,168,41
LA SALLE COUNTY,283,24 Years,253,217,36,12,5,7,0,0,0,1,1,0,240,211,29
LA SALLE COUNTY,283,25 Years,255,211,44,9,6,3,2,2,0,2,1,1,242,202,40
LA SALLE COUNTY,283,26 Years,201,160,41,9,5,4,1,1,0,2,2,0,189,152,37
LA SALLE COUNTY,283,27 Years,171,136,35,11,7,4,0,0,0,5,5,0,155,124,31
LA SALLE COUNTY,283,28 Years,145,112,33,14,10,4,0,0,0,2,2,0,129,100,29
LA SALLE COUNTY,283,29 Years,147,117,30,8,4,4,0,0,0,0,0,0,139,113,26
LA SALLE COUNTY,283,30 Years,93,65,28,8,5,3,0,0,0,0,0,0,85,60,25
LA SALLE COUNTY,283,31 Years,123,98,25,8,5,3,0,0,0,2,2,0,113,91,22
LA SALLE COUNTY,283,32 Years,74,48,26,5,1,4,0,0,0,1,1,0,68,46,22
LA SALLE COUNTY,283,33 Years,93,61,32,9,4,5,0,0,0,1,1,0,83,56,27
LA SALLE COUNTY,283,34 Years,92,52,40,12,5,7,0,0,0,0,0,0,80,47,33
LA SALLE COUNTY,283,35 Years,83,46,37,7,1,6,0,0,0,0,0,0,76,45,31
LA SALLE COUNTY,283,36 Years,60,33,27,3,1,2,1,1,0,1,1,0,55,30,25
LA SALLE COUNTY,283,37 Years,56,33,23,11,7,4,1,1,0,0,0,0,44,25,19
LA SALLE COUNTY,283,38 Years,60,30,30,8,3,5,0,0,0,0,0,0,52,27,25
LA SALLE COUNTY,283,39 Years,70,48,22,8,6,2,0,0,0,2,1,1,60,41,19
LA SALLE COUNTY,283,40 Years,78,53,25,6,4,2,0,0,0,2,1,1,70,48,22
LA SALLE COUNTY,283,41 Years,81,44,37,12,8,4,0,0,0,1,1,0,68,35,33
LA SALLE COUNTY,283,42 Years,89,46,43,12,6,6,0,0,0,0,0,0,77,40,37
LA SALLE COUNTY,283,43 Years,94,57,37,13,6,7,0,0,0,1,1,0,80,50,30
LA SALLE COUNTY,283,44 Years,88,41,47,14,7,7,0,0,0,1,0,1,73,34,39
LA SALLE COUNTY,283,45 Years,107,61,46,10,4,6,0,0,0,0,0,0,97,57,40
LA SALLE COUNTY,283,46 Years,87,51,36,12,8,4,0,0,0,0,0,0,75,43,32
LA SALLE COUNTY,283,47 Years,84,50,34,8,3,5,1,1,0,0,0,0,75,46,29
LA SALLE COUNTY,283,48 Years,79,46,33,13,7,6,0,0,0,0,0,0,66,39,27
LA SALLE COUNTY,283,49 Years,90,54,36,15,6,9,0,0,0,0,0,0,75,48,27
LA SALLE COUNTY,283,50 Years,73,38,35,14,5,9,0,0,0,0,0,0,59,33,26
LA SALLE COUNTY,283,51 Years,74,36,38,15,9,6,1,1,0,0,0,0,58,26,32
LA SALLE COUNTY,283,52 Years,65,34,31,9,4,5,0,0,0,0,0,0,56,30,26
LA SALLE COUNTY,283,53 Years,84,52,32,17,10,7,2,2,0,1,0,1,64,40,24
LA SALLE COUNTY,283,54 Years,75,33,42,12,7,5,1,1,0,1,0,1,61,25,36
LA SALLE COUNTY,283,55 Years,62,28,34,9,4,5,0,0,0,0,0,0,53,24,29
LA SALLE COUNTY,283,56 Years,56,26,30,11,4,7,0,0,0,0,0,0,45,22,23
LA SALLE COUNTY,283,57 Years,64,26,38,14,7,7,0,0,0,0,0,0,50,19,31
LA SALLE COUNTY,283,58 Years,59,24,35,11,3,8,0,0,0,0,0,0,48,21,27
LA SALLE COUNTY,283,59 Years,71,34,37,10,5,5,0,0,0,1,1,0,60,28,32
LA SALLE COUNTY,283,60 Years,66,38,28,16,7,9,0,0,0,1,1,0,49,30,19
LA SALLE COUNTY,283,61 Years,76,33,43,14,6,8,0,0,0,2,0,2,60,27,33
LA SALLE COUNTY,283,62 Years,72,29,43,13,5,8,0,0,0,2,1,1,57,23,34
LA SALLE COUNTY,283,63 Years,68,38,30,21,12,9,0,0,0,0,0,0,47,26,21
LA SALLE COUNTY,283,64 Years,70,42,28,23,11,12,0,0,0,0,0,0,47,31,16
LA SALLE COUNTY,283,65 Years,87,47,40,26,16,10,1,1,0,0,0,0,60,30,30
LA SALLE COUNTY,283,66 Years,75,30,45,21,9,12,0,0,0,1,0,1,53,21,32
LA SALLE COUNTY,283,67 Years,75,32,43,25,10,15,0,0,0,1,0,1,49,22,27
LA SALLE COUNTY,283,68 Years,70,30,40,19,9,10,0,0,0,0,0,0,51,21,30
LA SALLE COUNTY,283,69 Years,54,28,26,16,8,8,0,0,0,0,0,0,38,20,18
LA SALLE COUNTY,283,70 Years,62,30,32,19,9,10,0,0,0,2,2,0,41,19,22
LA SALLE COUNTY,283,71 Years,48,23,25,13,9,4,0,0,0,3,1,2,32,13,19
LA SALLE COUNTY,283,72 Years,43,24,19,11,9,2,0,0,0,1,0,1,31,15,16
LA SALLE COUNTY,283,73 Years,50,28,22,11,7,4,0,0,0,0,0,0,39,21,18
LA SALLE COUNTY,283,74 Years,42,25,17,10,6,4,0,0,0,0,0,0,32,19,13
LA SALLE COUNTY,283,75 Years,39,23,16,9,5,4,0,0,0,0,0,0,30,18,12
LA SALLE COUNTY,283,76 Years,35,12,23,6,1,5,2,2,0,0,0,0,27,9,18
LA SALLE COUNTY,283,77 Years,36,13,23,5,2,3,0,0,0,0,0,0,31,11,20
LA SALLE COUNTY,283,78 Years,43,21,22,10,6,4,0,0,0,0,0,0,33,15,18
LA SALLE COUNTY,283,79 Years,40,22,18,13,7,6,0,0,0,0,0,0,27,15,12
LA SALLE COUNTY,283,80 Years,25,8,17,5,1,4,0,0,0,1,1,0,19,6,13
LA SALLE COUNTY,283,81 Years,24,12,12,7,4,3,0,0,0,0,0,0,17,8,9
LA SALLE COUNTY,283,82 Years,24,12,12,10,5,5,0,0,0,0,0,0,14,7,7
LA SALLE COUNTY,283,83 Years,22,7,15,6,3,3,0,0,0,3,0,3,13,4,9
LA SALLE COUNTY,283,84 Years,13,4,9,1,1,0,0,0,0,2,0,2,10,3,7
LA SALLE COUNTY,283,85 Years +,90,34,56,25,9,16,0,0,0,2,0,2,63,25,38
LAVACA COUNTY,285,All Ages,19766,9679,10087,14910,7226,7684,1291,639,652,267,133,134,3298,1681,1617
LAVACA COUNTY,285,< 1 Year,225,106,119,145,64,81,13,7,6,3,2,1,64,33,31
LAVACA COUNTY,285,1 Years,205,105,100,127,64,63,13,7,6,3,2,1,62,32,30
LAVACA COUNTY,285,2 Years,231,113,118,128,63,65,22,9,13,5,4,1,76,37,39
LAVACA COUNTY,285,3 Years,212,101,111,118,53,65,14,5,9,6,3,3,74,40,34
LAVACA COUNTY,285,4 Years,252,131,121,144,75,69,21,11,10,6,3,3,81,42,39
LAVACA COUNTY,285,5 Years,286,141,145,162,85,77,27,12,15,2,1,1,95,43,52
LAVACA COUNTY,285,6 Years,268,129,139,159,77,82,20,12,8,4,2,2,85,38,47
LAVACA COUNTY,285,7 Years,259,128,131,148,68,80,19,10,9,7,5,2,85,45,40
LAVACA COUNTY,285,8 Years,263,145,118,160,81,79,21,11,10,8,6,2,74,47,27
LAVACA COUNTY,285,9 Years,250,121,129,151,70,81,17,11,6,8,4,4,74,36,38
LAVACA COUNTY,285,10 Years,237,122,115,148,79,69,16,8,8,7,3,4,66,32,34
LAVACA COUNTY,285,11 Years,250,123,127,161,77,84,23,11,12,2,2,0,64,33,31
LAVACA COUNTY,285,12 Years,248,135,113,155,86,69,30,15,15,4,1,3,59,33,26
LAVACA COUNTY,285,13 Years,253,132,121,175,94,81,20,9,11,6,2,4,52,27,25
LAVACA COUNTY,285,14 Years,246,125,121,173,88,85,11,8,3,5,3,2,57,26,31
LAVACA COUNTY,285,15 Years,262,141,121,175,92,83,16,9,7,9,5,4,62,35,27
LAVACA COUNTY,285,16 Years,260,123,137,178,82,96,19,9,10,5,3,2,58,29,29
LAVACA COUNTY,285,17 Years,258,128,130,178,85,93,22,14,8,4,1,3,54,28,26
LAVACA COUNTY,285,18 Years,254,143,111,172,94,78,24,14,10,6,5,1,52,30,22
LAVACA COUNTY,285,19 Years,258,138,120,173,90,83,26,17,9,7,5,2,52,26,26
LAVACA COUNTY,285,20 Years,233,131,102,164,86,78,21,13,8,3,2,1,45,30,15
LAVACA COUNTY,285,21 Years,178,100,78,117,66,51,15,8,7,4,1,3,42,25,17
LAVACA COUNTY,285,22 Years,169,97,72,108,59,49,12,8,4,5,4,1,44,26,18
LAVACA COUNTY,285,23 Years,163,75,88,102,48,54,12,5,7,3,2,1,46,20,26
LAVACA COUNTY,285,24 Years,154,73,81,97,49,48,16,8,8,2,0,2,39,16,23
LAVACA COUNTY,285,25 Years,173,86,87,117,59,58,13,6,7,4,1,3,39,20,19
LAVACA COUNTY,285,26 Years,173,86,87,110,56,54,14,5,9,2,1,1,47,24,23
LAVACA COUNTY,285,27 Years,178,87,91,117,55,62,8,5,3,2,2,0,51,25,26
LAVACA COUNTY,285,28 Years,177,89,88,114,57,57,9,4,5,3,1,2,51,27,24
LAVACA COUNTY,285,29 Years,202,109,93,136,76,60,14,8,6,2,1,1,50,24,26
LAVACA COUNTY,285,30 Years,205,118,87,129,75,54,17,10,7,2,1,1,57,32,25
LAVACA COUNTY,285,31 Years,177,87,90,117,52,65,15,9,6,1,0,1,44,26,18
LAVACA COUNTY,285,32 Years,183,93,90,116,60,56,13,8,5,0,0,0,54,25,29
LAVACA COUNTY,285,33 Years,195,101,94,124,61,63,15,10,5,2,1,1,54,29,25
LAVACA COUNTY,285,34 Years,190,94,96,128,65,63,11,4,7,4,3,1,47,22,25
LAVACA COUNTY,285,35 Years,162,77,85,110,53,57,10,4,6,3,2,1,39,18,21
LAVACA COUNTY,285,36 Years,187,94,93,118,57,61,20,14,6,6,2,4,43,21,22
LAVACA COUNTY,285,37 Years,199,106,93,138,73,65,12,7,5,6,1,5,43,25,18
LAVACA COUNTY,285,38 Years,195,94,101,143,62,81,9,7,2,5,2,3,38,23,15
LAVACA COUNTY,285,39 Years,191,87,104,140,60,80,13,8,5,3,1,2,35,18,17
LAVACA COUNTY,285,40 Years,204,102,102,150,75,75,14,7,7,1,1,0,39,19,20
LAVACA COUNTY,285,41 Years,211,102,109,149,71,78,18,9,9,1,1,0,43,21,22
LAVACA COUNTY,285,42 Years,219,108,111,158,74,84,17,10,7,2,1,1,42,23,19
LAVACA COUNTY,285,43 Years,219,106,113,172,83,89,16,8,8,2,1,1,29,14,15
LAVACA COUNTY,285,44 Years,221,108,113,171,84,87,14,8,6,4,2,2,32,14,18
LAVACA COUNTY,285,45 Years,239,124,115,185,95,90,15,7,8,1,0,1,38,22,16
LAVACA COUNTY,285,46 Years,231,121,110,180,94,86,16,9,7,5,1,4,30,17,13
LAVACA COUNTY,285,47 Years,277,152,125,223,125,98,15,7,8,4,2,2,35,18,17
LAVACA COUNTY,285,48 Years,262,145,117,211,113,98,11,6,5,4,2,2,36,24,12
LAVACA COUNTY,285,49 Years,279,134,145,223,106,117,15,7,8,3,1,2,38,20,18
LAVACA COUNTY,285,50 Years,290,136,154,241,112,129,17,8,9,4,3,1,28,13,15
LAVACA COUNTY,285,51 Years,282,146,136,238,124,114,17,7,10,2,2,0,25,13,12
LAVACA COUNTY,285,52 Years,277,139,138,235,120,115,19,9,10,1,1,0,22,9,13
LAVACA COUNTY,285,53 Years,281,152,129,240,132,108,12,8,4,4,2,2,25,10,15
LAVACA COUNTY,285,54 Years,303,142,161,248,120,128,17,6,11,3,1,2,35,15,20
LAVACA COUNTY,285,55 Years,297,128,169,243,109,134,15,2,13,5,2,3,34,15,19
LAVACA COUNTY,285,56 Years,293,150,143,235,122,113,18,8,10,4,2,2,36,18,18
LAVACA COUNTY,285,57 Years,298,154,144,251,131,120,14,6,8,2,1,1,31,16,15
LAVACA COUNTY,285,58 Years,306,142,164,259,115,144,18,13,5,1,1,0,28,13,15
LAVACA COUNTY,285,59 Years,290,138,152,250,122,128,19,8,11,1,0,1,20,8,12
LAVACA COUNTY,285,60 Years,292,142,150,249,124,125,15,6,9,2,1,1,26,11,15
LAVACA COUNTY,285,61 Years,287,140,147,237,120,117,16,6,10,3,0,3,31,14,17
LAVACA COUNTY,285,62 Years,288,147,141,246,123,123,14,8,6,1,0,1,27,16,11
LAVACA COUNTY,285,63 Years,287,145,142,245,119,126,18,10,8,3,2,1,21,14,7
LAVACA COUNTY,285,64 Years,301,148,153,257,125,132,18,8,10,6,3,3,20,12,8
LAVACA COUNTY,285,65 Years,299,141,158,251,116,135,18,9,9,4,2,2,26,14,12
LAVACA COUNTY,285,66 Years,249,114,135,211,99,112,18,7,11,2,1,1,18,7,11
LAVACA COUNTY,285,67 Years,208,106,102,182,95,87,12,4,8,1,0,1,13,7,6
LAVACA COUNTY,285,68 Years,223,103,120,194,92,102,10,3,7,2,1,1,17,7,10
LAVACA COUNTY,285,69 Years,246,112,134,211,97,114,13,6,7,2,1,1,20,8,12
LAVACA COUNTY,285,70 Years,225,110,115,199,96,103,12,6,6,1,1,0,13,7,6
LAVACA COUNTY,285,71 Years,208,98,110,176,86,90,15,5,10,1,0,1,16,7,9
LAVACA COUNTY,285,72 Years,173,88,85,148,78,70,13,3,10,2,1,1,10,6,4
LAVACA COUNTY,285,73 Years,186,96,90,166,89,77,8,3,5,4,1,3,8,3,5
LAVACA COUNTY,285,74 Years,189,87,102,172,81,91,10,3,7,2,1,1,5,2,3
LAVACA COUNTY,285,75 Years,187,78,109,170,72,98,6,2,4,1,0,1,10,4,6
LAVACA COUNTY,285,76 Years,178,82,96,163,74,89,5,4,1,2,0,2,8,4,4
LAVACA COUNTY,285,77 Years,157,68,89,135,58,77,10,5,5,1,1,0,11,4,7
LAVACA COUNTY,285,78 Years,152,69,83,128,58,70,12,7,5,1,0,1,11,4,7
LAVACA COUNTY,285,79 Years,151,66,85,134,59,75,7,4,3,0,0,0,10,3,7
LAVACA COUNTY,285,80 Years,133,52,81,115,43,72,4,2,2,0,0,0,14,7,7
LAVACA COUNTY,285,81 Years,143,65,78,127,58,69,6,1,5,0,0,0,10,6,4
LAVACA COUNTY,285,82 Years,124,51,73,112,47,65,5,1,4,0,0,0,7,3,4
LAVACA COUNTY,285,83 Years,109,47,62,95,41,54,6,4,2,1,0,1,7,2,5
LAVACA COUNTY,285,84 Years,98,40,58,89,37,52,3,2,1,1,0,1,5,1,4
LAVACA COUNTY,285,85 Years +,733,241,492,661,216,445,37,7,30,1,0,1,34,18,16
LEE COUNTY,287,All Ages,16873,8535,8338,10844,5361,5483,1790,946,844,322,161,161,3917,2067,1850
LEE COUNTY,287,< 1 Year,189,93,96,101,50,51,14,6,8,3,2,1,71,35,36
LEE COUNTY,287,1 Years,186,95,91,100,49,51,14,7,7,2,2,0,70,37,33
LEE COUNTY,287,2 Years,203,109,94,102,54,48,16,8,8,4,3,1,81,44,37
LEE COUNTY,287,3 Years,213,105,108,101,45,56,19,10,9,5,5,0,88,45,43
LEE COUNTY,287,4 Years,213,103,110,101,47,54,19,10,9,7,4,3,86,42,44
LEE COUNTY,287,5 Years,224,107,117,107,44,63,14,7,7,10,7,3,93,49,44
LEE COUNTY,287,6 Years,220,102,118,102,42,60,11,4,7,12,5,7,95,51,44
LEE COUNTY,287,7 Years,210,102,108,107,53,54,16,7,9,11,5,6,76,37,39
LEE COUNTY,287,8 Years,230,108,122,118,57,61,19,10,9,10,5,5,83,36,47
LEE COUNTY,287,9 Years,222,89,133,117,49,68,21,6,15,7,3,4,77,31,46
LEE COUNTY,287,10 Years,217,102,115,117,59,58,16,5,11,8,4,4,76,34,42
LEE COUNTY,287,11 Years,238,125,113,127,68,59,15,8,7,10,4,6,86,45,41
LEE COUNTY,287,12 Years,238,131,107,123,73,50,20,11,9,9,3,6,86,44,42
LEE COUNTY,287,13 Years,243,128,115,134,70,64,27,17,10,10,5,5,72,36,36
LEE COUNTY,287,14 Years,233,121,112,125,68,57,19,9,10,6,3,3,83,41,42
LEE COUNTY,287,15 Years,247,129,118,130,70,60,21,11,10,8,4,4,88,44,44
LEE COUNTY,287,16 Years,269,147,122,148,79,69,26,17,9,5,3,2,90,48,42
LEE COUNTY,287,17 Years,298,153,145,157,78,79,37,22,15,8,2,6,96,51,45
LEE COUNTY,287,18 Years,312,190,122,150,82,68,47,36,11,8,5,3,107,67,40
LEE COUNTY,287,19 Years,313,193,120,130,73,57,64,45,19,6,4,2,113,71,42
LEE COUNTY,287,20 Years,291,188,103,137,87,50,56,41,15,5,3,2,93,57,36
LEE COUNTY,287,21 Years,199,118,81,95,57,38,29,24,5,3,1,2,72,36,36
LEE COUNTY,287,22 Years,170,100,70,73,47,26,32,21,11,4,2,2,61,30,31
LEE COUNTY,287,23 Years,177,100,77,77,44,33,29,19,10,3,2,1,68,35,33
LEE COUNTY,287,24 Years,172,85,87,93,45,48,17,8,9,4,1,3,58,31,27
LEE COUNTY,287,25 Years,170,91,79,97,45,52,16,9,7,1,1,0,56,36,20
LEE COUNTY,287,26 Years,158,79,79,83,39,44,19,10,9,0,0,0,56,30,26
LEE COUNTY,287,27 Years,176,89,87,112,54,58,17,8,9,2,1,1,45,26,19
LEE COUNTY,287,28 Years,148,78,70,86,44,42,13,6,7,2,0,2,47,28,19
LEE COUNTY,287,29 Years,163,75,88,87,37,50,17,10,7,5,3,2,54,25,29
LEE COUNTY,287,30 Years,175,86,89,107,51,56,18,8,10,2,1,1,48,26,22
LEE COUNTY,287,31 Years,182,91,91,110,52,58,18,11,7,1,1,0,53,27,26
LEE COUNTY,287,32 Years,184,109,75,114,66,48,13,9,4,3,2,1,54,32,22
LEE COUNTY,287,33 Years,193,104,89,123,64,59,10,6,4,3,1,2,57,33,24
LEE COUNTY,287,34 Years,190,94,96,122,58,64,11,7,4,6,2,4,51,27,24
LEE COUNTY,287,35 Years,185,85,100,123,55,68,11,5,6,2,1,1,49,24,25
LEE COUNTY,287,36 Years,171,81,90,112,49,63,13,5,8,2,0,2,44,27,17
LEE COUNTY,287,37 Years,169,85,84,99,50,49,20,9,11,6,3,3,44,23,21
LEE COUNTY,287,38 Years,180,97,83,119,64,55,16,11,5,3,1,2,42,21,21
LEE COUNTY,287,39 Years,186,103,83,124,66,58,16,10,6,0,0,0,46,27,19
LEE COUNTY,287,40 Years,191,98,93,116,61,55,21,11,10,0,0,0,54,26,28
LEE COUNTY,287,41 Years,191,97,94,121,61,60,26,13,13,3,1,2,41,22,19
LEE COUNTY,287,42 Years,208,91,117,129,60,69,30,12,18,4,2,2,45,17,28
LEE COUNTY,287,43 Years,215,99,116,126,58,68,24,11,13,5,1,4,60,29,31
LEE COUNTY,287,44 Years,192,92,100,123,58,65,21,9,12,4,2,2,44,23,21
LEE COUNTY,287,45 Years,203,103,100,137,68,69,20,11,9,2,1,1,44,23,21
LEE COUNTY,287,46 Years,217,108,109,143,75,68,16,7,9,2,1,1,56,25,31
LEE COUNTY,287,47 Years,230,107,123,149,70,79,26,10,16,4,0,4,51,27,24
LEE COUNTY,287,48 Years,223,108,115,156,72,84,27,15,12,4,2,2,36,19,17
LEE COUNTY,287,49 Years,241,112,129,175,79,96,27,12,15,6,4,2,33,17,16
LEE COUNTY,287,50 Years,273,131,142,197,91,106,31,16,15,4,3,1,41,21,20
LEE COUNTY,287,51 Years,281,148,133,188,95,93,38,20,18,3,2,1,52,31,21
LEE COUNTY,287,52 Years,269,132,137,184,89,95,32,15,17,4,1,3,49,27,22
LEE COUNTY,287,53 Years,259,131,128,188,90,98,27,14,13,4,4,0,40,23,17
LEE COUNTY,287,54 Years,269,136,133,192,93,99,27,13,14,4,3,1,46,27,19
LEE COUNTY,287,55 Years,264,140,124,189,95,94,38,22,16,2,1,1,35,22,13
LEE COUNTY,287,56 Years,265,133,132,197,97,100,29,16,13,4,3,1,35,17,18
LEE COUNTY,287,57 Years,270,142,128,214,113,101,24,11,13,2,1,1,30,17,13
LEE COUNTY,287,58 Years,240,130,110,183,99,84,25,13,12,5,1,4,27,17,10
LEE COUNTY,287,59 Years,214,116,98,159,83,76,26,15,11,5,1,4,24,17,7
LEE COUNTY,287,60 Years,205,113,92,159,92,67,27,11,16,3,1,2,16,9,7
LEE COUNTY,287,61 Years,201,106,95,160,83,77,18,9,9,3,2,1,20,12,8
LEE COUNTY,287,62 Years,202,103,99,158,79,79,23,12,11,2,2,0,19,10,9
LEE COUNTY,287,63 Years,194,100,94,158,80,78,19,10,9,3,2,1,14,8,6
LEE COUNTY,287,64 Years,204,97,107,169,81,88,20,7,13,3,2,1,12,7,5
LEE COUNTY,287,65 Years,196,96,100,165,79,86,17,10,7,2,2,0,12,5,7
LEE COUNTY,287,66 Years,158,85,73,130,71,59,15,6,9,1,1,0,12,7,5
LEE COUNTY,287,67 Years,157,84,73,125,65,60,16,9,7,4,3,1,12,7,5
LEE COUNTY,287,68 Years,161,83,78,127,63,64,16,9,7,3,2,1,15,9,6
LEE COUNTY,287,69 Years,162,75,87,131,64,67,16,3,13,3,1,2,12,7,5
LEE COUNTY,287,70 Years,159,80,79,128,60,68,14,9,5,1,1,0,16,10,6
LEE COUNTY,287,71 Years,153,81,72,125,66,59,16,9,7,3,1,2,9,5,4
LEE COUNTY,287,72 Years,140,69,71,118,60,58,13,5,8,1,0,1,8,4,4
LEE COUNTY,287,73 Years,122,53,69,95,42,53,18,8,10,0,0,0,9,3,6
LEE COUNTY,287,74 Years,126,50,76,92,36,56,21,8,13,3,1,2,10,5,5
LEE COUNTY,287,75 Years,116,58,58,92,45,47,13,8,5,2,1,1,9,4,5
LEE COUNTY,287,76 Years,123,51,72,95,42,53,16,6,10,1,0,1,11,3,8
LEE COUNTY,287,77 Years,115,53,62,91,44,47,15,6,9,1,0,1,8,3,5
LEE COUNTY,287,78 Years,89,45,44,74,36,38,12,7,5,0,0,0,3,2,1
LEE COUNTY,287,79 Years,83,39,44,69,35,34,9,3,6,1,0,1,4,1,3
LEE COUNTY,287,80 Years,87,37,50,71,31,40,9,4,5,2,0,2,5,2,3
LEE COUNTY,287,81 Years,76,41,35,64,33,31,8,5,3,1,1,0,3,2,1
LEE COUNTY,287,82 Years,88,32,56,75,27,48,10,5,5,1,0,1,2,0,2
LEE COUNTY,287,83 Years,84,33,51,71,30,41,9,3,6,1,0,1,3,0,3
LEE COUNTY,287,84 Years,55,21,34,45,19,26,6,1,5,0,0,0,4,1,3
LEE COUNTY,287,85 Years +,345,126,219,301,107,194,33,14,19,0,0,0,11,5,6
LEON COUNTY,289,All Ages,17429,8717,8712,13467,6688,6779,1197,578,619,305,132,173,2460,1319,1141
LEON COUNTY,289,< 1 Year,220,119,101,159,85,74,10,7,3,8,4,4,43,23,20
LEON COUNTY,289,1 Years,204,107,97,144,72,72,10,7,3,4,3,1,46,25,21
LEON COUNTY,289,2 Years,211,102,109,151,75,76,8,2,6,5,1,4,47,24,23
LEON COUNTY,289,3 Years,203,113,90,130,73,57,11,6,5,8,5,3,54,29,25
LEON COUNTY,289,4 Years,201,108,93,125,71,54,10,5,5,5,2,3,61,30,31
LEON COUNTY,289,5 Years,207,115,92,137,74,63,7,3,4,3,2,1,60,36,24
LEON COUNTY,289,6 Years,219,110,109,146,72,74,13,7,6,3,1,2,57,30,27
LEON COUNTY,289,7 Years,206,102,104,137,68,69,13,6,7,4,2,2,52,26,26
LEON COUNTY,289,8 Years,201,105,96,129,71,58,9,4,5,6,2,4,57,28,29
LEON COUNTY,289,9 Years,195,83,112,126,53,73,12,8,4,1,0,1,56,22,34
LEON COUNTY,289,10 Years,221,103,118,152,68,84,10,6,4,4,2,2,55,27,28
LEON COUNTY,289,11 Years,210,102,108,133,67,66,21,8,13,4,2,2,52,25,27
LEON COUNTY,289,12 Years,210,104,106,146,73,73,16,9,7,3,1,2,45,21,24
LEON COUNTY,289,13 Years,224,116,108,161,84,77,11,6,5,6,2,4,46,24,22
LEON COUNTY,289,14 Years,235,134,101,166,101,65,17,9,8,5,2,3,47,22,25
LEON COUNTY,289,15 Years,221,122,99,162,90,72,15,9,6,5,1,4,39,22,17
LEON COUNTY,289,16 Years,208,97,111,149,68,81,11,4,7,4,2,2,44,23,21
LEON COUNTY,289,17 Years,232,124,108,159,85,74,15,6,9,6,1,5,52,32,20
LEON COUNTY,289,18 Years,228,122,106,152,80,72,15,7,8,8,2,6,53,33,20
LEON COUNTY,289,19 Years,228,111,117,146,68,78,18,10,8,6,4,2,58,29,29
LEON COUNTY,289,20 Years,202,112,90,130,69,61,14,8,6,5,4,1,53,31,22
LEON COUNTY,289,21 Years,179,92,87,126,63,63,9,4,5,1,0,1,43,25,18
LEON COUNTY,289,22 Years,150,75,75,92,41,51,13,8,5,4,2,2,41,24,17
LEON COUNTY,289,23 Years,142,71,71,91,40,51,8,4,4,3,2,1,40,25,15
LEON COUNTY,289,24 Years,145,75,70,97,50,47,10,4,6,4,2,2,34,19,15
LEON COUNTY,289,25 Years,158,76,82,107,52,55,6,3,3,4,1,3,41,20,21
LEON COUNTY,289,26 Years,176,88,88,124,63,61,12,5,7,2,1,1,38,19,19
LEON COUNTY,289,27 Years,169,84,85,117,53,64,9,6,3,0,0,0,43,25,18
LEON COUNTY,289,28 Years,169,87,82,115,53,62,11,8,3,0,0,0,43,26,17
LEON COUNTY,289,29 Years,157,77,80,105,52,53,12,7,5,2,0,2,38,18,20
LEON COUNTY,289,30 Years,154,81,73,109,57,52,11,6,5,0,0,0,34,18,16
LEON COUNTY,289,31 Years,163,105,58,116,69,47,9,8,1,3,3,0,35,25,10
LEON COUNTY,289,32 Years,190,97,93,127,61,66,8,5,3,5,1,4,50,30,20
LEON COUNTY,289,33 Years,164,74,90,112,48,64,8,4,4,5,1,4,39,21,18
LEON COUNTY,289,34 Years,175,86,89,121,63,58,9,4,5,4,1,3,41,18,23
LEON COUNTY,289,35 Years,183,92,91,139,73,66,14,4,10,1,0,1,29,15,14
LEON COUNTY,289,36 Years,148,73,75,108,56,52,11,3,8,1,1,0,28,13,15
LEON COUNTY,289,37 Years,169,85,84,120,60,60,9,4,5,1,0,1,39,21,18
LEON COUNTY,289,38 Years,166,78,88,120,54,66,15,7,8,1,0,1,30,17,13
LEON COUNTY,289,39 Years,151,74,77,111,53,58,10,6,4,4,1,3,26,14,12
LEON COUNTY,289,40 Years,194,104,90,137,73,64,11,5,6,4,2,2,42,24,18
LEON COUNTY,289,41 Years,189,101,88,144,78,66,10,5,5,6,4,2,29,14,15
LEON COUNTY,289,42 Years,168,76,92,129,54,75,10,6,4,4,3,1,25,13,12
LEON COUNTY,289,43 Years,151,70,81,117,53,64,15,6,9,3,2,1,16,9,7
LEON COUNTY,289,44 Years,173,77,96,131,53,78,16,8,8,2,1,1,24,15,9
LEON COUNTY,289,45 Years,202,94,108,151,67,84,13,8,5,4,3,1,34,16,18
LEON COUNTY,289,46 Years,198,101,97,149,75,74,12,10,2,5,3,2,32,13,19
LEON COUNTY,289,47 Years,259,127,132,193,94,99,19,12,7,6,1,5,41,20,21
LEON COUNTY,289,48 Years,250,121,129,186,91,95,19,8,11,7,4,3,38,18,20
LEON COUNTY,289,49 Years,243,116,127,194,94,100,17,6,11,6,4,2,26,12,14
LEON COUNTY,289,50 Years,253,132,121,202,106,96,21,10,11,4,1,3,26,15,11
LEON COUNTY,289,51 Years,272,149,123,214,116,98,21,13,8,7,4,3,30,16,14
LEON COUNTY,289,52 Years,283,142,141,232,113,119,21,10,11,5,1,4,25,18,7
LEON COUNTY,289,53 Years,253,130,123,215,111,104,16,7,9,3,1,2,19,11,8
LEON COUNTY,289,54 Years,293,152,141,241,124,117,25,15,10,4,2,2,23,11,12
LEON COUNTY,289,55 Years,269,129,140,220,102,118,25,13,12,7,2,5,17,12,5
LEON COUNTY,289,56 Years,235,107,128,191,91,100,20,6,14,4,2,2,20,8,12
LEON COUNTY,289,57 Years,246,140,106,200,116,84,23,12,11,3,0,3,20,12,8
LEON COUNTY,289,58 Years,270,151,119,225,124,101,22,13,9,6,2,4,17,12,5
LEON COUNTY,289,59 Years,248,129,119,214,108,106,16,10,6,4,3,1,14,8,6
LEON COUNTY,289,60 Years,249,121,128,207,102,105,25,9,16,4,2,2,13,8,5
LEON COUNTY,289,61 Years,230,111,119,188,94,94,25,10,15,5,2,3,12,5,7
LEON COUNTY,289,62 Years,245,120,125,208,102,106,21,12,9,8,3,5,8,3,5
LEON COUNTY,289,63 Years,246,114,132,215,102,113,13,5,8,8,1,7,10,6,4
LEON COUNTY,289,64 Years,262,125,137,232,112,120,13,5,8,3,0,3,14,8,6
LEON COUNTY,289,65 Years,268,129,139,239,111,128,14,7,7,4,4,0,11,7,4
LEON COUNTY,289,66 Years,232,115,117,209,103,106,12,5,7,2,1,1,9,6,3
LEON COUNTY,289,67 Years,240,115,125,219,109,110,15,4,11,2,0,2,4,2,2
LEON COUNTY,289,68 Years,261,136,125,235,125,110,15,7,8,2,1,1,9,3,6
LEON COUNTY,289,69 Years,264,137,127,241,120,121,15,11,4,2,2,0,6,4,2
LEON COUNTY,289,70 Years,231,110,121,209,99,110,12,5,7,2,1,1,8,5,3
LEON COUNTY,289,71 Years,220,107,113,197,94,103,17,9,8,1,1,0,5,3,2
LEON COUNTY,289,72 Years,212,107,105,193,97,96,15,7,8,0,0,0,4,3,1
LEON COUNTY,289,73 Years,213,111,102,193,101,92,13,5,8,0,0,0,7,5,2
LEON COUNTY,289,74 Years,181,88,93,165,80,85,12,7,5,1,0,1,3,1,2
LEON COUNTY,289,75 Years,175,81,94,158,72,86,13,7,6,1,0,1,3,2,1
LEON COUNTY,289,76 Years,153,78,75,136,72,64,11,4,7,4,1,3,2,1,1
LEON COUNTY,289,77 Years,156,72,84,140,65,75,12,4,8,2,1,1,2,2,0
LEON COUNTY,289,78 Years,136,70,66,122,64,58,10,4,6,0,0,0,4,2,2
LEON COUNTY,289,79 Years,126,60,66,115,55,60,6,2,4,0,0,0,5,3,2
LEON COUNTY,289,80 Years,106,51,55,97,48,49,6,2,4,0,0,0,3,1,2
LEON COUNTY,289,81 Years,96,44,52,86,40,46,10,4,6,0,0,0,0,0,0
LEON COUNTY,289,82 Years,109,57,52,91,47,44,13,6,7,2,1,1,3,3,0
LEON COUNTY,289,83 Years,98,44,54,79,36,43,13,4,9,4,2,2,2,2,0
LEON COUNTY,289,84 Years,81,36,45,71,33,38,8,3,5,1,0,1,1,0,1
LEON COUNTY,289,85 Years +,396,149,247,340,134,206,46,10,36,5,3,2,5,2,3
LIBERTY COUNTY,291,All Ages,76905,37856,39049,52408,25604,26804,8175,3865,4310,1742,821,921,14580,7566,7014
LIBERTY COUNTY,291,< 1 Year,1021,535,486,630,335,295,78,41,37,23,14,9,290,145,145
LIBERTY COUNTY,291,1 Years,1085,556,529,663,341,322,91,47,44,32,16,16,299,152,147
LIBERTY COUNTY,291,2 Years,1014,506,508,609,310,299,85,45,40,34,14,20,286,137,149
LIBERTY COUNTY,291,3 Years,1057,546,511,623,328,295,83,43,40,43,21,22,308,154,154
LIBERTY COUNTY,291,4 Years,1058,542,516,622,326,296,83,33,50,41,21,20,312,162,150
LIBERTY COUNTY,291,5 Years,1054,529,525,590,301,289,94,36,58,47,19,28,323,173,150
LIBERTY COUNTY,291,6 Years,1020,508,512,602,301,301,88,44,44,43,16,27,287,147,140
LIBERTY COUNTY,291,7 Years,1000,529,471,575,300,275,92,53,39,37,15,22,296,161,135
LIBERTY COUNTY,291,8 Years,1040,539,501,638,330,308,85,44,41,30,12,18,287,153,134
LIBERTY COUNTY,291,9 Years,1045,515,530,624,302,322,100,52,48,27,11,16,294,150,144
LIBERTY COUNTY,291,10 Years,1017,512,505,619,302,317,95,48,47,29,11,18,274,151,123
LIBERTY COUNTY,291,11 Years,1108,578,530,688,363,325,99,49,50,36,19,17,285,147,138
LIBERTY COUNTY,291,12 Years,1125,582,543,719,381,338,87,43,44,30,14,16,289,144,145
LIBERTY COUNTY,291,13 Years,1121,601,520,703,377,326,96,47,49,32,17,15,290,160,130
LIBERTY COUNTY,291,14 Years,1100,592,508,692,376,316,96,47,49,29,18,11,283,151,132
LIBERTY COUNTY,291,15 Years,1099,528,571,679,319,360,111,60,51,31,14,17,278,135,143
LIBERTY COUNTY,291,16 Years,1124,569,555,713,358,355,113,62,51,33,13,20,265,136,129
LIBERTY COUNTY,291,17 Years,1183,605,578,763,388,375,135,73,62,19,10,9,266,134,132
LIBERTY COUNTY,291,18 Years,1147,607,540,747,411,336,111,51,60,25,10,15,264,135,129
LIBERTY COUNTY,291,19 Years,1144,599,545,742,390,352,118,57,61,22,12,10,262,140,122
LIBERTY COUNTY,291,20 Years,1102,560,542,664,336,328,142,67,75,24,14,10,272,143,129
LIBERTY COUNTY,291,21 Years,1067,552,515,613,309,304,156,83,73,25,10,15,273,150,123
LIBERTY COUNTY,291,22 Years,1063,508,555,652,298,354,137,60,77,16,10,6,258,140,118
LIBERTY COUNTY,291,23 Years,965,498,467,579,290,289,122,61,61,15,9,6,249,138,111
LIBERTY COUNTY,291,24 Years,1032,501,531,608,288,320,139,59,80,24,18,6,261,136,125
LIBERTY COUNTY,291,25 Years,983,479,504,580,267,313,121,59,62,19,13,6,263,140,123
LIBERTY COUNTY,291,26 Years,1033,501,532,607,293,314,149,67,82,14,7,7,263,134,129
LIBERTY COUNTY,291,27 Years,1010,486,524,618,290,328,131,65,66,23,10,13,238,121,117
LIBERTY COUNTY,291,28 Years,965,449,516,585,275,310,118,53,65,13,6,7,249,115,134
LIBERTY COUNTY,291,29 Years,1001,476,525,599,285,314,143,64,79,12,6,6,247,121,126
LIBERTY COUNTY,291,30 Years,1015,478,537,625,288,337,119,51,68,13,8,5,258,131,127
LIBERTY COUNTY,291,31 Years,1018,488,530,640,293,347,121,57,64,16,10,6,241,128,113
LIBERTY COUNTY,291,32 Years,1070,531,539,639,315,324,153,68,85,25,14,11,253,134,119
LIBERTY COUNTY,291,33 Years,982,474,508,604,298,306,120,45,75,23,12,11,235,119,116
LIBERTY COUNTY,291,34 Years,985,460,525,627,289,338,116,61,55,16,9,7,226,101,125
LIBERTY COUNTY,291,35 Years,982,485,497,606,293,313,118,68,50,18,8,10,240,116,124
LIBERTY COUNTY,291,36 Years,1019,505,514,671,326,345,111,54,57,19,4,15,218,121,97
LIBERTY COUNTY,291,37 Years,972,472,500,634,305,329,106,54,52,18,8,10,214,105,109
LIBERTY COUNTY,291,38 Years,939,460,479,591,288,303,102,52,50,23,11,12,223,109,114
LIBERTY COUNTY,291,39 Years,988,451,537,649,287,362,100,47,53,15,7,8,224,110,114
LIBERTY COUNTY,291,40 Years,1077,518,559,703,328,375,125,55,70,16,10,6,233,125,108
LIBERTY COUNTY,291,41 Years,1113,548,565,741,379,362,120,54,66,15,6,9,237,109,128
LIBERTY COUNTY,291,42 Years,1134,542,592,791,382,409,111,50,61,20,9,11,212,101,111
LIBERTY COUNTY,291,43 Years,1080,525,555,775,378,397,113,48,65,20,10,10,172,89,83
LIBERTY COUNTY,291,44 Years,965,451,514,671,323,348,106,36,70,17,4,13,171,88,83
LIBERTY COUNTY,291,45 Years,983,468,515,671,321,350,102,40,62,14,6,8,196,101,95
LIBERTY COUNTY,291,46 Years,1057,525,532,703,353,350,135,63,72,23,9,14,196,100,96
LIBERTY COUNTY,291,47 Years,1134,563,571,789,408,381,143,54,89,21,11,10,181,90,91
LIBERTY COUNTY,291,48 Years,1146,569,577,801,400,401,132,57,75,16,7,9,197,105,92
LIBERTY COUNTY,291,49 Years,1132,543,589,819,385,434,120,59,61,29,11,18,164,88,76
LIBERTY COUNTY,291,50 Years,1108,546,562,802,388,414,127,54,73,22,11,11,157,93,64
LIBERTY COUNTY,291,51 Years,1148,567,581,836,414,422,137,56,81,26,11,15,149,86,63
LIBERTY COUNTY,291,52 Years,1187,580,607,864,404,460,150,77,73,24,13,11,149,86,63
LIBERTY COUNTY,291,53 Years,1121,545,576,825,380,445,140,78,62,29,14,15,127,73,54
LIBERTY COUNTY,291,54 Years,1102,568,534,831,424,407,117,58,59,34,18,16,120,68,52
LIBERTY COUNTY,291,55 Years,1052,536,516,794,398,396,107,52,55,38,21,17,113,65,48
LIBERTY COUNTY,291,56 Years,1021,509,512,802,395,407,100,49,51,22,12,10,97,53,44
LIBERTY COUNTY,291,57 Years,1043,511,532,808,403,405,111,49,62,25,9,16,99,50,49
LIBERTY COUNTY,291,58 Years,986,472,514,769,377,392,98,36,62,23,11,12,96,48,48
LIBERTY COUNTY,291,59 Years,972,499,473,748,387,361,114,54,60,19,8,11,91,50,41
LIBERTY COUNTY,291,60 Years,908,448,460,703,329,374,112,63,49,20,10,10,73,46,27
LIBERTY COUNTY,291,61 Years,867,431,436,669,322,347,96,52,44,22,11,11,80,46,34
LIBERTY COUNTY,291,62 Years,870,436,434,708,356,352,90,42,48,16,7,9,56,31,25
LIBERTY COUNTY,291,63 Years,833,393,440,683,324,359,83,45,38,12,4,8,55,20,35
LIBERTY COUNTY,291,64 Years,828,432,396,682,353,329,75,43,32,15,4,11,56,32,24
LIBERTY COUNTY,291,65 Years,803,394,409,678,337,341,65,28,37,13,3,10,47,26,21
LIBERTY COUNTY,291,66 Years,682,348,334,565,284,281,51,27,24,14,7,7,52,30,22
LIBERTY COUNTY,291,67 Years,622,297,325,514,238,276,44,21,23,18,9,9,46,29,17
LIBERTY COUNTY,291,68 Years,645,306,339,549,261,288,47,23,24,13,5,8,36,17,19
LIBERTY COUNTY,291,69 Years,594,286,308,508,246,262,50,20,30,14,9,5,22,11,11
LIBERTY COUNTY,291,70 Years,568,274,294,481,236,245,47,16,31,17,10,7,23,12,11
LIBERTY COUNTY,291,71 Years,490,236,254,412,197,215,39,19,20,14,7,7,25,13,12
LIBERTY COUNTY,291,72 Years,455,232,223,379,198,181,49,25,24,8,2,6,19,7,12
LIBERTY COUNTY,291,73 Years,419,203,216,351,172,179,36,16,20,7,3,4,25,12,13
LIBERTY COUNTY,291,74 Years,375,184,191,318,149,169,29,15,14,9,5,4,19,15,4
LIBERTY COUNTY,291,75 Years,349,175,174,284,141,143,44,22,22,6,3,3,15,9,6
LIBERTY COUNTY,291,76 Years,320,138,182,270,117,153,29,12,17,5,2,3,16,7,9
LIBERTY COUNTY,291,77 Years,294,130,164,245,115,130,30,7,23,5,1,4,14,7,7
LIBERTY COUNTY,291,78 Years,305,129,176,260,110,150,34,14,20,3,1,2,8,4,4
LIBERTY COUNTY,291,79 Years,301,128,173,256,112,144,29,11,18,5,0,5,11,5,6
LIBERTY COUNTY,291,80 Years,277,125,152,226,97,129,28,15,13,6,4,2,17,9,8
LIBERTY COUNTY,291,81 Years,248,109,139,209,87,122,25,13,12,4,4,0,10,5,5
LIBERTY COUNTY,291,82 Years,224,93,131,178,71,107,30,13,17,3,2,1,13,7,6
LIBERTY COUNTY,291,83 Years,187,79,108,155,64,91,22,10,12,1,0,1,9,5,4
LIBERTY COUNTY,291,84 Years,183,71,112,152,61,91,21,6,15,6,2,4,4,2,2
LIBERTY COUNTY,291,85 Years +,944,302,642,798,248,550,98,38,60,19,4,15,29,12,17
LIMESTONE COUNTY,293,All Ages,23966,12436,11530,14612,7420,7192,4120,2083,2037,469,230,239,4765,2703,2062
LIMESTONE COUNTY,293,< 1 Year,316,158,158,178,89,89,43,23,20,6,3,3,89,43,46
LIMESTONE COUNTY,293,1 Years,315,159,156,164,83,81,51,26,25,6,4,2,94,46,48
LIMESTONE COUNTY,293,2 Years,309,166,143,138,71,67,54,28,26,12,8,4,105,59,46
LIMESTONE COUNTY,293,3 Years,306,159,147,143,69,74,49,26,23,10,4,6,104,60,44
LIMESTONE COUNTY,293,4 Years,309,154,155,127,60,67,55,29,26,10,4,6,117,61,56
LIMESTONE COUNTY,293,5 Years,319,162,157,130,67,63,62,30,32,11,6,5,116,59,57
LIMESTONE COUNTY,293,6 Years,311,168,143,138,77,61,52,30,22,14,6,8,107,55,52
LIMESTONE COUNTY,293,7 Years,288,158,130,118,63,55,56,30,26,14,8,6,100,57,43
LIMESTONE COUNTY,293,8 Years,294,150,144,137,70,67,65,31,34,8,4,4,84,45,39
LIMESTONE COUNTY,293,9 Years,289,152,137,128,68,60,58,28,30,6,2,4,97,54,43
LIMESTONE COUNTY,293,10 Years,307,166,141,132,70,62,59,31,28,12,4,8,104,61,43
LIMESTONE COUNTY,293,11 Years,315,165,150,151,81,70,62,27,35,9,4,5,93,53,40
LIMESTONE COUNTY,293,12 Years,324,169,155,142,85,57,62,25,37,11,4,7,109,55,54
LIMESTONE COUNTY,293,13 Years,305,159,146,139,78,61,55,30,25,16,7,9,95,44,51
LIMESTONE COUNTY,293,14 Years,301,177,124,151,86,65,46,30,16,13,7,6,91,54,37
LIMESTONE COUNTY,293,15 Years,321,168,153,164,87,77,53,29,24,16,8,8,88,44,44
LIMESTONE COUNTY,293,16 Years,315,165,150,155,81,74,64,32,32,8,6,2,88,46,42
LIMESTONE COUNTY,293,17 Years,326,175,151,158,80,78,73,40,33,9,4,5,86,51,35
LIMESTONE COUNTY,293,18 Years,333,176,157,171,86,85,62,33,29,6,4,2,94,53,41
LIMESTONE COUNTY,293,19 Years,329,175,154,165,90,75,69,42,27,5,1,4,90,42,48
LIMESTONE COUNTY,293,20 Years,328,179,149,170,92,78,70,40,30,5,2,3,83,45,38
LIMESTONE COUNTY,293,21 Years,291,176,115,133,76,57,58,34,24,7,5,2,93,61,32
LIMESTONE COUNTY,293,22 Years,305,182,123,150,89,61,59,32,27,6,2,4,90,59,31
LIMESTONE COUNTY,293,23 Years,324,184,140,160,90,70,71,38,33,8,4,4,85,52,33
LIMESTONE COUNTY,293,24 Years,315,190,125,147,85,62,67,41,26,7,4,3,94,60,34
LIMESTONE COUNTY,293,25 Years,294,166,128,154,79,75,60,39,21,6,4,2,74,44,30
LIMESTONE COUNTY,293,26 Years,300,178,122,164,94,70,57,35,22,2,1,1,77,48,29
LIMESTONE COUNTY,293,27 Years,281,149,132,143,73,70,53,27,26,4,3,1,81,46,35
LIMESTONE COUNTY,293,28 Years,301,181,120,153,92,61,54,29,25,4,2,2,90,58,32
LIMESTONE COUNTY,293,29 Years,321,197,124,163,103,60,60,32,28,8,5,3,90,57,33
LIMESTONE COUNTY,293,30 Years,293,169,124,149,82,67,51,24,27,5,3,2,88,60,28
LIMESTONE COUNTY,293,31 Years,300,175,125,152,87,65,58,30,28,0,0,0,90,58,32
LIMESTONE COUNTY,293,32 Years,314,170,144,168,92,76,58,31,27,1,0,1,87,47,40
LIMESTONE COUNTY,293,33 Years,299,177,122,166,96,70,46,26,20,2,1,1,85,54,31
LIMESTONE COUNTY,293,34 Years,302,163,139,154,87,67,65,27,38,2,1,1,81,48,33
LIMESTONE COUNTY,293,35 Years,258,144,114,141,74,67,50,27,23,3,2,1,64,41,23
LIMESTONE COUNTY,293,36 Years,290,162,128,146,79,67,65,38,27,6,4,2,73,41,32
LIMESTONE COUNTY,293,37 Years,286,165,121,162,91,71,50,27,23,3,2,1,71,45,26
LIMESTONE COUNTY,293,38 Years,243,132,111,133,67,66,36,23,13,3,2,1,71,40,31
LIMESTONE COUNTY,293,39 Years,283,155,128,155,82,73,50,29,21,4,2,2,74,42,32
LIMESTONE COUNTY,293,40 Years,294,160,134,177,92,85,48,26,22,4,1,3,65,41,24
LIMESTONE COUNTY,293,41 Years,289,157,132,170,90,80,53,27,26,7,4,3,59,36,23
LIMESTONE COUNTY,293,42 Years,283,151,132,175,87,88,48,23,25,7,5,2,53,36,17
LIMESTONE COUNTY,293,43 Years,259,136,123,157,79,78,48,27,21,5,3,2,49,27,22
LIMESTONE COUNTY,293,44 Years,265,139,126,160,85,75,44,21,23,5,2,3,56,31,25
LIMESTONE COUNTY,293,45 Years,275,128,147,165,80,85,54,22,32,3,1,2,53,25,28
LIMESTONE COUNTY,293,46 Years,281,149,132,179,90,89,50,27,23,2,1,1,50,31,19
LIMESTONE COUNTY,293,47 Years,328,161,167,210,96,114,55,27,28,6,4,2,57,34,23
LIMESTONE COUNTY,293,48 Years,332,167,165,222,112,110,56,26,30,10,4,6,44,25,19
LIMESTONE COUNTY,293,49 Years,322,182,140,211,125,86,59,30,29,6,1,5,46,26,20
LIMESTONE COUNTY,293,50 Years,347,190,157,234,131,103,63,34,29,3,2,1,47,23,24
LIMESTONE COUNTY,293,51 Years,325,164,161,220,105,115,60,36,24,3,2,1,42,21,21
LIMESTONE COUNTY,293,52 Years,329,158,171,213,99,114,61,31,30,5,2,3,50,26,24
LIMESTONE COUNTY,293,53 Years,334,151,183,211,94,117,76,30,46,6,1,5,41,26,15
LIMESTONE COUNTY,293,54 Years,318,154,164,218,104,114,59,25,34,3,0,3,38,25,13
LIMESTONE COUNTY,293,55 Years,326,166,160,223,115,108,64,30,34,3,3,0,36,18,18
LIMESTONE COUNTY,293,56 Years,347,174,173,254,121,133,61,32,29,7,4,3,25,17,8
LIMESTONE COUNTY,293,57 Years,348,177,171,240,116,124,69,37,32,8,4,4,31,20,11
LIMESTONE COUNTY,293,58 Years,328,163,165,245,118,127,48,24,24,8,4,4,27,17,10
LIMESTONE COUNTY,293,59 Years,295,136,159,207,96,111,55,26,29,5,1,4,28,13,15
LIMESTONE COUNTY,293,60 Years,309,136,173,224,94,130,49,22,27,6,4,2,30,16,14
LIMESTONE COUNTY,293,61 Years,309,146,163,231,108,123,51,24,27,4,3,1,23,11,12
LIMESTONE COUNTY,293,62 Years,287,146,141,217,109,108,48,27,21,5,4,1,17,6,11
LIMESTONE COUNTY,293,63 Years,272,135,137,220,108,112,38,19,19,2,1,1,12,7,5
LIMESTONE COUNTY,293,64 Years,320,154,166,269,128,141,34,15,19,4,2,2,13,9,4
LIMESTONE COUNTY,293,65 Years,311,162,149,257,134,123,39,18,21,2,1,1,13,9,4
LIMESTONE COUNTY,293,66 Years,255,136,119,205,110,95,32,16,16,3,2,1,15,8,7
LIMESTONE COUNTY,293,67 Years,267,132,135,206,103,103,30,12,18,5,2,3,26,15,11
LIMESTONE COUNTY,293,68 Years,282,145,137,229,120,109,34,15,19,3,0,3,16,10,6
LIMESTONE COUNTY,293,69 Years,243,108,135,197,92,105,30,10,20,4,1,3,12,5,7
LIMESTONE COUNTY,293,70 Years,223,102,121,193,92,101,19,6,13,1,1,0,10,3,7
LIMESTONE COUNTY,293,71 Years,220,102,118,187,87,100,20,9,11,3,1,2,10,5,5
LIMESTONE COUNTY,293,72 Years,195,103,92,167,89,78,20,11,9,4,1,3,4,2,2
LIMESTONE COUNTY,293,73 Years,191,92,99,162,79,83,20,9,11,6,3,3,3,1,2
LIMESTONE COUNTY,293,74 Years,150,69,81,131,59,72,14,7,7,2,1,1,3,2,1
LIMESTONE COUNTY,293,75 Years,154,71,83,123,58,65,24,10,14,2,1,1,5,2,3
LIMESTONE COUNTY,293,76 Years,164,73,91,134,61,73,19,8,11,1,0,1,10,4,6
LIMESTONE COUNTY,293,77 Years,162,78,84,132,66,66,20,7,13,3,2,1,7,3,4
LIMESTONE COUNTY,293,78 Years,123,52,71,106,48,58,12,2,10,1,0,1,4,2,2
LIMESTONE COUNTY,293,79 Years,130,59,71,114,50,64,13,7,6,2,1,1,1,1,0
LIMESTONE COUNTY,293,80 Years,115,54,61,91,43,48,17,8,9,3,1,2,4,2,2
LIMESTONE COUNTY,293,81 Years,109,45,64,90,39,51,11,4,7,3,1,2,5,1,4
LIMESTONE COUNTY,293,82 Years,125,50,75,106,44,62,14,5,9,1,0,1,4,1,3
LIMESTONE COUNTY,293,83 Years,110,46,64,93,41,52,11,4,7,3,0,3,3,1,2
LIMESTONE COUNTY,293,84 Years,92,43,49,76,38,38,11,3,8,1,0,1,4,2,2
LIMESTONE COUNTY,293,85 Years +,463,159,304,369,134,235,71,15,56,1,1,0,22,9,13
LIPSCOMB COUNTY,295,All Ages,3411,1729,1682,2240,1117,1123,7,2,5,82,38,44,1082,572,510
LIPSCOMB COUNTY,295,< 1 Year,40,21,19,20,9,11,0,0,0,0,0,0,20,12,8
LIPSCOMB COUNTY,295,1 Years,43,23,20,22,11,11,0,0,0,1,1,0,20,11,9
LIPSCOMB COUNTY,295,2 Years,51,29,22,26,14,12,0,0,0,0,0,0,25,15,10
LIPSCOMB COUNTY,295,3 Years,52,29,23,27,17,10,0,0,0,2,1,1,23,11,12
LIPSCOMB COUNTY,295,4 Years,53,24,29,24,13,11,0,0,0,2,0,2,27,11,16
LIPSCOMB COUNTY,295,5 Years,49,22,27,23,9,14,0,0,0,2,1,1,24,12,12
LIPSCOMB COUNTY,295,6 Years,51,26,25,29,18,11,0,0,0,1,1,0,21,7,14
LIPSCOMB COUNTY,295,7 Years,49,19,30,19,9,10,0,0,0,1,1,0,29,9,20
LIPSCOMB COUNTY,295,8 Years,54,26,28,27,11,16,1,1,0,0,0,0,26,14,12
LIPSCOMB COUNTY,295,9 Years,43,20,23,23,9,14,1,1,0,0,0,0,19,10,9
LIPSCOMB COUNTY,295,10 Years,49,24,25,24,11,13,0,0,0,2,0,2,23,13,10
LIPSCOMB COUNTY,295,11 Years,45,18,27,22,9,13,1,0,1,1,0,1,21,9,12
LIPSCOMB COUNTY,295,12 Years,46,18,28,26,9,17,1,0,1,2,1,1,17,8,9
LIPSCOMB COUNTY,295,13 Years,52,22,30,29,14,15,0,0,0,2,1,1,21,7,14
LIPSCOMB COUNTY,295,14 Years,54,27,27,32,17,15,1,0,1,1,1,0,20,9,11
LIPSCOMB COUNTY,295,15 Years,54,29,25,31,15,16,0,0,0,2,1,1,21,13,8
LIPSCOMB COUNTY,295,16 Years,61,28,33,34,17,17,1,0,1,1,0,1,25,11,14
LIPSCOMB COUNTY,295,17 Years,54,29,25,30,18,12,0,0,0,3,2,1,21,9,12
LIPSCOMB COUNTY,295,18 Years,45,26,19,27,15,12,0,0,0,1,1,0,17,10,7
LIPSCOMB COUNTY,295,19 Years,55,26,29,32,15,17,0,0,0,1,1,0,22,10,12
LIPSCOMB COUNTY,295,20 Years,41,23,18,22,14,8,0,0,0,1,1,0,18,8,10
LIPSCOMB COUNTY,295,21 Years,36,19,17,19,10,9,0,0,0,0,0,0,17,9,8
LIPSCOMB COUNTY,295,22 Years,36,19,17,21,11,10,0,0,0,1,0,1,14,8,6
LIPSCOMB COUNTY,295,23 Years,38,22,16,20,14,6,0,0,0,1,0,1,17,8,9
LIPSCOMB COUNTY,295,24 Years,38,21,17,14,8,6,0,0,0,2,0,2,22,13,9
LIPSCOMB COUNTY,295,25 Years,34,19,15,15,5,10,0,0,0,0,0,0,19,14,5
LIPSCOMB COUNTY,295,26 Years,50,30,20,22,13,9,0,0,0,2,0,2,26,17,9
LIPSCOMB COUNTY,295,27 Years,47,25,22,20,13,7,0,0,0,1,0,1,26,12,14
LIPSCOMB COUNTY,295,28 Years,46,26,20,22,12,10,0,0,0,1,1,0,23,13,10
LIPSCOMB COUNTY,295,29 Years,52,31,21,31,15,16,0,0,0,1,1,0,20,15,5
LIPSCOMB COUNTY,295,30 Years,47,31,16,27,16,11,0,0,0,0,0,0,20,15,5
LIPSCOMB COUNTY,295,31 Years,43,26,17,25,15,10,0,0,0,1,0,1,17,11,6
LIPSCOMB COUNTY,295,32 Years,40,25,15,19,12,7,1,0,1,2,2,0,18,11,7
LIPSCOMB COUNTY,295,33 Years,43,27,16,20,12,8,0,0,0,2,1,1,21,14,7
LIPSCOMB COUNTY,295,34 Years,35,14,21,16,6,10,0,0,0,0,0,0,19,8,11
LIPSCOMB COUNTY,295,35 Years,37,14,23,17,6,11,0,0,0,1,0,1,19,8,11
LIPSCOMB COUNTY,295,36 Years,37,15,22,20,8,12,0,0,0,1,0,1,16,7,9
LIPSCOMB COUNTY,295,37 Years,37,20,17,25,14,11,0,0,0,1,0,1,11,6,5
LIPSCOMB COUNTY,295,38 Years,31,19,12,16,10,6,0,0,0,1,1,0,14,8,6
LIPSCOMB COUNTY,295,39 Years,34,18,16,16,8,8,0,0,0,2,1,1,16,9,7
LIPSCOMB COUNTY,295,40 Years,44,21,23,27,13,14,0,0,0,1,0,1,16,8,8
LIPSCOMB COUNTY,295,41 Years,41,17,24,29,11,18,0,0,0,0,0,0,12,6,6
LIPSCOMB COUNTY,295,42 Years,38,23,15,20,9,11,0,0,0,1,0,1,17,14,3
LIPSCOMB COUNTY,295,43 Years,40,25,15,19,10,9,0,0,0,3,2,1,18,13,5
LIPSCOMB COUNTY,295,44 Years,31,17,14,18,8,10,0,0,0,2,1,1,11,8,3
LIPSCOMB COUNTY,295,45 Years,31,15,16,20,9,11,0,0,0,1,1,0,10,5,5
LIPSCOMB COUNTY,295,46 Years,42,22,20,27,14,13,0,0,0,0,0,0,15,8,7
LIPSCOMB COUNTY,295,47 Years,51,26,25,31,14,17,0,0,0,0,0,0,20,12,8
LIPSCOMB COUNTY,295,48 Years,46,27,19,33,17,16,0,0,0,0,0,0,13,10,3
LIPSCOMB COUNTY,295,49 Years,53,25,28,42,21,21,0,0,0,0,0,0,11,4,7
LIPSCOMB COUNTY,295,50 Years,52,24,28,44,22,22,0,0,0,0,0,0,8,2,6
LIPSCOMB COUNTY,295,51 Years,56,22,34,46,19,27,0,0,0,1,0,1,9,3,6
LIPSCOMB COUNTY,295,52 Years,51,28,23,41,23,18,0,0,0,1,0,1,9,5,4
LIPSCOMB COUNTY,295,53 Years,51,24,27,40,18,22,0,0,0,3,2,1,8,4,4
LIPSCOMB COUNTY,295,54 Years,45,21,24,34,16,18,0,0,0,1,1,0,10,4,6
LIPSCOMB COUNTY,295,55 Years,43,21,22,34,18,16,0,0,0,3,0,3,6,3,3
LIPSCOMB COUNTY,295,56 Years,39,23,16,32,19,13,0,0,0,2,1,1,5,3,2
LIPSCOMB COUNTY,295,57 Years,38,18,20,31,13,18,0,0,0,2,1,1,5,4,1
LIPSCOMB COUNTY,295,58 Years,50,24,26,44,20,24,0,0,0,0,0,0,6,4,2
LIPSCOMB COUNTY,295,59 Years,44,26,18,38,23,15,0,0,0,2,0,2,4,3,1
LIPSCOMB COUNTY,295,60 Years,52,34,18,45,31,14,0,0,0,1,0,1,6,3,3
LIPSCOMB COUNTY,295,61 Years,42,22,20,38,20,18,0,0,0,0,0,0,4,2,2
LIPSCOMB COUNTY,295,62 Years,36,16,20,33,15,18,0,0,0,1,0,1,2,1,1
LIPSCOMB COUNTY,295,63 Years,37,20,17,33,17,16,0,0,0,0,0,0,4,3,1
LIPSCOMB COUNTY,295,64 Years,45,25,20,39,22,17,0,0,0,0,0,0,6,3,3
LIPSCOMB COUNTY,295,65 Years,38,22,16,35,20,15,0,0,0,0,0,0,3,2,1
LIPSCOMB COUNTY,295,66 Years,21,12,9,20,11,9,0,0,0,0,0,0,1,1,0
LIPSCOMB COUNTY,295,67 Years,23,11,12,22,11,11,0,0,0,0,0,0,1,0,1
LIPSCOMB COUNTY,295,68 Years,26,10,16,22,8,14,0,0,0,1,1,0,3,1,2
LIPSCOMB COUNTY,295,69 Years,30,12,18,27,11,16,0,0,0,1,1,0,2,0,2
LIPSCOMB COUNTY,295,70 Years,30,12,18,28,12,16,0,0,0,0,0,0,2,0,2
LIPSCOMB COUNTY,295,71 Years,21,11,10,19,10,9,0,0,0,0,0,0,2,1,1
LIPSCOMB COUNTY,295,72 Years,17,9,8,13,7,6,0,0,0,3,2,1,1,0,1
LIPSCOMB COUNTY,295,73 Years,30,13,17,25,11,14,0,0,0,3,2,1,2,0,2
LIPSCOMB COUNTY,295,74 Years,30,16,14,28,14,14,0,0,0,1,1,0,1,1,0
LIPSCOMB COUNTY,295,75 Years,20,7,13,19,7,12,0,0,0,0,0,0,1,0,1
LIPSCOMB COUNTY,295,76 Years,17,9,8,14,8,6,0,0,0,1,0,1,2,1,1
LIPSCOMB COUNTY,295,77 Years,18,10,8,17,10,7,0,0,0,0,0,0,1,0,1
LIPSCOMB COUNTY,295,78 Years,19,9,10,18,8,10,0,0,0,0,0,0,1,1,0
LIPSCOMB COUNTY,295,79 Years,14,6,8,13,6,7,0,0,0,0,0,0,1,0,1
LIPSCOMB COUNTY,295,80 Years,16,7,9,15,6,9,0,0,0,0,0,0,1,1,0
LIPSCOMB COUNTY,295,81 Years,15,7,8,13,6,7,0,0,0,0,0,0,2,1,1
LIPSCOMB COUNTY,295,82 Years,21,7,14,19,6,13,0,0,0,0,0,0,2,1,1
LIPSCOMB COUNTY,295,83 Years,16,8,8,15,7,8,0,0,0,0,0,0,1,1,0
LIPSCOMB COUNTY,295,84 Years,13,6,7,12,6,6,0,0,0,0,0,0,1,0,1
LIPSCOMB COUNTY,295,85 Years +,76,29,47,74,28,46,0,0,0,1,1,0,1,0,1
LIVE OAK COUNTY,297,All Ages,11993,6444,5549,6977,3580,3397,473,452,21,221,135,86,4322,2277,2045
LIVE OAK COUNTY,297,< 1 Year,129,62,67,52,25,27,0,0,0,1,0,1,76,37,39
LIVE OAK COUNTY,297,1 Years,119,59,60,46,23,23,0,0,0,2,1,1,71,35,36
LIVE OAK COUNTY,297,2 Years,105,48,57,49,22,27,1,1,0,1,0,1,54,25,29
LIVE OAK COUNTY,297,3 Years,125,60,65,60,28,32,1,1,0,3,1,2,61,30,31
LIVE OAK COUNTY,297,4 Years,121,59,62,49,20,29,1,1,0,2,1,1,69,37,32
LIVE OAK COUNTY,297,5 Years,116,62,54,56,29,27,1,0,1,1,1,0,58,32,26
LIVE OAK COUNTY,297,6 Years,128,68,60,68,34,34,1,1,0,2,1,1,57,32,25
LIVE OAK COUNTY,297,7 Years,123,64,59,61,32,29,2,1,1,2,1,1,58,30,28
LIVE OAK COUNTY,297,8 Years,115,57,58,53,28,25,2,0,2,2,1,1,58,28,30
LIVE OAK COUNTY,297,9 Years,117,62,55,54,26,28,0,0,0,2,2,0,61,34,27
LIVE OAK COUNTY,297,10 Years,148,74,74,71,36,35,1,0,1,1,1,0,75,37,38
LIVE OAK COUNTY,297,11 Years,143,76,67,72,40,32,1,1,0,2,0,2,68,35,33
LIVE OAK COUNTY,297,12 Years,147,73,74,75,39,36,2,2,0,3,0,3,67,32,35
LIVE OAK COUNTY,297,13 Years,136,66,70,69,36,33,0,0,0,3,0,3,64,30,34
LIVE OAK COUNTY,297,14 Years,134,68,66,68,35,33,2,0,2,1,0,1,63,33,30
LIVE OAK COUNTY,297,15 Years,135,65,70,69,37,32,3,1,2,3,0,3,60,27,33
LIVE OAK COUNTY,297,16 Years,146,65,81,69,33,36,0,0,0,2,0,2,75,32,43
LIVE OAK COUNTY,297,17 Years,151,73,78,72,33,39,0,0,0,1,1,0,78,39,39
LIVE OAK COUNTY,297,18 Years,170,86,84,89,43,46,2,2,0,2,1,1,77,40,37
LIVE OAK COUNTY,297,19 Years,167,80,87,92,50,42,1,1,0,2,2,0,72,27,45
LIVE OAK COUNTY,297,20 Years,149,72,77,82,42,40,0,0,0,1,1,0,66,29,37
LIVE OAK COUNTY,297,21 Years,109,55,54,50,25,25,1,1,0,2,1,1,56,28,28
LIVE OAK COUNTY,297,22 Years,111,58,53,48,19,29,3,3,0,3,3,0,57,33,24
LIVE OAK COUNTY,297,23 Years,117,67,50,61,33,28,5,5,0,1,1,0,50,28,22
LIVE OAK COUNTY,297,24 Years,119,64,55,55,25,30,9,8,1,5,3,2,50,28,22
LIVE OAK COUNTY,297,25 Years,111,61,50,49,22,27,11,10,1,4,2,2,47,27,20
LIVE OAK COUNTY,297,26 Years,136,90,46,53,32,21,17,15,2,3,3,0,63,40,23
LIVE OAK COUNTY,297,27 Years,125,76,49,55,32,23,16,15,1,1,1,0,53,28,25
LIVE OAK COUNTY,297,28 Years,135,80,55,57,31,26,22,21,1,2,2,0,54,26,28
LIVE OAK COUNTY,297,29 Years,117,72,45,57,34,23,16,15,1,2,2,0,42,21,21
LIVE OAK COUNTY,297,30 Years,146,96,50,63,40,23,26,25,1,5,5,0,52,26,26
LIVE OAK COUNTY,297,31 Years,158,111,47,70,46,24,21,21,0,5,5,0,62,39,23
LIVE OAK COUNTY,297,32 Years,151,100,51,68,38,30,26,26,0,3,3,0,54,33,21
LIVE OAK COUNTY,297,33 Years,142,94,48,61,32,29,27,27,0,4,4,0,50,31,19
LIVE OAK COUNTY,297,34 Years,138,91,47,52,29,23,25,24,1,4,3,1,57,35,22
LIVE OAK COUNTY,297,35 Years,132,90,42,57,34,23,25,25,0,3,2,1,47,29,18
LIVE OAK COUNTY,297,36 Years,161,98,63,77,39,38,23,23,0,3,3,0,58,33,25
LIVE OAK COUNTY,297,37 Years,154,99,55,75,40,35,18,18,0,2,2,0,59,39,20
LIVE OAK COUNTY,297,38 Years,146,86,60,74,41,33,17,17,0,4,3,1,51,25,26
LIVE OAK COUNTY,297,39 Years,133,81,52,62,35,27,18,18,0,4,4,0,49,24,25
LIVE OAK COUNTY,297,40 Years,142,91,51,71,42,29,13,13,0,8,4,4,50,32,18
LIVE OAK COUNTY,297,41 Years,130,84,46,63,35,28,13,13,0,5,3,2,49,33,16
LIVE OAK COUNTY,297,42 Years,141,89,52,66,37,29,13,12,1,4,3,1,58,37,21
LIVE OAK COUNTY,297,43 Years,139,86,53,74,38,36,8,8,0,4,2,2,53,38,15
LIVE OAK COUNTY,297,44 Years,157,96,61,90,48,42,7,7,0,2,2,0,58,39,19
LIVE OAK COUNTY,297,45 Years,145,89,56,72,42,30,9,9,0,1,1,0,63,37,26
LIVE OAK COUNTY,297,46 Years,164,102,62,85,45,40,14,14,0,3,3,0,62,40,22
LIVE OAK COUNTY,297,47 Years,169,90,79,104,49,55,7,7,0,2,1,1,56,33,23
LIVE OAK COUNTY,297,48 Years,172,84,88,109,49,60,5,5,0,2,1,1,56,29,27
LIVE OAK COUNTY,297,49 Years,202,96,106,131,59,72,7,6,1,4,2,2,60,29,31
LIVE OAK COUNTY,297,50 Years,186,107,79,123,69,54,5,5,0,4,2,2,54,31,23
LIVE OAK COUNTY,297,51 Years,197,113,84,131,71,60,6,6,0,1,1,0,59,35,24
LIVE OAK COUNTY,297,52 Years,194,100,94,130,69,61,3,3,0,3,0,3,58,28,30
LIVE OAK COUNTY,297,53 Years,160,80,80,110,55,55,1,1,0,3,0,3,46,24,22
LIVE OAK COUNTY,297,54 Years,197,108,89,123,62,61,5,5,0,4,3,1,65,38,27
LIVE OAK COUNTY,297,55 Years,186,99,87,123,63,60,3,3,0,5,2,3,55,31,24
LIVE OAK COUNTY,297,56 Years,176,80,96,120,58,62,1,1,0,3,0,3,52,21,31
LIVE OAK COUNTY,297,57 Years,175,92,83,128,69,59,0,0,0,1,0,1,46,23,23
LIVE OAK COUNTY,297,58 Years,183,91,92,121,56,65,0,0,0,2,1,1,60,34,26
LIVE OAK COUNTY,297,59 Years,183,95,88,132,66,66,2,2,0,5,4,1,44,23,21
LIVE OAK COUNTY,297,60 Years,169,83,86,123,60,63,0,0,0,6,4,2,40,19,21
LIVE OAK COUNTY,297,61 Years,153,77,76,107,53,54,0,0,0,4,2,2,42,22,20
LIVE OAK COUNTY,297,62 Years,166,77,89,115,53,62,1,1,0,2,1,1,48,22,26
LIVE OAK COUNTY,297,63 Years,159,78,81,117,55,62,0,0,0,1,1,0,41,22,19
LIVE OAK COUNTY,297,64 Years,142,75,67,102,54,48,1,1,0,1,1,0,38,19,19
LIVE OAK COUNTY,297,65 Years,157,74,83,112,54,58,1,1,0,4,2,2,40,17,23
LIVE OAK COUNTY,297,66 Years,145,73,72,101,57,44,0,0,0,5,1,4,39,15,24
LIVE OAK COUNTY,297,67 Years,142,73,69,105,57,48,0,0,0,4,3,1,33,13,20
LIVE OAK COUNTY,297,68 Years,160,89,71,111,63,48,1,0,1,3,1,2,45,25,20
LIVE OAK COUNTY,297,69 Years,150,89,61,108,61,47,0,0,0,3,2,1,39,26,13
LIVE OAK COUNTY,297,70 Years,141,75,66,105,55,50,0,0,0,4,2,2,32,18,14
LIVE OAK COUNTY,297,71 Years,135,76,59,107,62,45,0,0,0,2,1,1,26,13,13
LIVE OAK COUNTY,297,72 Years,117,62,55,82,45,37,0,0,0,1,1,0,34,16,18
LIVE OAK COUNTY,297,73 Years,108,52,56,80,39,41,0,0,0,0,0,0,28,13,15
LIVE OAK COUNTY,297,74 Years,100,49,51,72,37,35,0,0,0,2,1,1,26,11,15
LIVE OAK COUNTY,297,75 Years,99,45,54,68,31,37,0,0,0,2,1,1,29,13,16
LIVE OAK COUNTY,297,76 Years,107,49,58,74,37,37,0,0,0,0,0,0,33,12,21
LIVE OAK COUNTY,297,77 Years,108,55,53,78,40,38,0,0,0,1,1,0,29,14,15
LIVE OAK COUNTY,297,78 Years,89,44,45,69,34,35,0,0,0,2,2,0,18,8,10
LIVE OAK COUNTY,297,79 Years,85,38,47,58,27,31,0,0,0,1,0,1,26,11,15
LIVE OAK COUNTY,297,80 Years,86,46,40,60,33,27,0,0,0,1,1,0,25,12,13
LIVE OAK COUNTY,297,81 Years,76,33,43,56,24,32,0,0,0,2,0,2,18,9,9
LIVE OAK COUNTY,297,82 Years,66,28,38,51,21,30,0,0,0,1,1,0,14,6,8
LIVE OAK COUNTY,297,83 Years,47,20,27,36,15,21,0,0,0,1,1,0,10,4,6
LIVE OAK COUNTY,297,84 Years,47,21,26,37,16,21,0,0,0,1,1,0,9,4,5
LIVE OAK COUNTY,297,85 Years +,276,123,153,217,97,120,0,0,0,2,2,0,57,24,33
LLANO COUNTY,299,All Ages,19801,9571,10230,17676,8545,9131,107,65,42,371,171,200,1647,790,857
LLANO COUNTY,299,< 1 Year,153,77,76,117,59,58,3,2,1,3,2,1,30,14,16
LLANO COUNTY,299,1 Years,155,81,74,118,61,57,1,1,0,4,2,2,32,17,15
LLANO COUNTY,299,2 Years,150,74,76,110,59,51,1,1,0,5,2,3,34,12,22
LLANO COUNTY,299,3 Years,155,80,75,118,62,56,2,1,1,8,5,3,27,12,15
LLANO COUNTY,299,4 Years,197,100,97,149,74,75,1,1,0,9,5,4,38,20,18
LLANO COUNTY,299,5 Years,177,83,94,130,61,69,1,1,0,5,1,4,41,20,21
LLANO COUNTY,299,6 Years,167,83,84,124,68,56,1,1,0,6,2,4,36,12,24
LLANO COUNTY,299,7 Years,164,86,78,134,75,59,1,1,0,4,0,4,25,10,15
LLANO COUNTY,299,8 Years,165,87,78,133,69,64,1,1,0,4,2,2,27,15,12
LLANO COUNTY,299,9 Years,168,91,77,127,70,57,1,1,0,6,3,3,34,17,17
LLANO COUNTY,299,10 Years,190,99,91,147,75,72,3,1,2,7,6,1,33,17,16
LLANO COUNTY,299,11 Years,192,98,94,145,72,73,2,1,1,9,6,3,36,19,17
LLANO COUNTY,299,12 Years,171,79,92,132,63,69,2,1,1,6,2,4,31,13,18
LLANO COUNTY,299,13 Years,186,92,94,150,74,76,3,1,2,7,4,3,26,13,13
LLANO COUNTY,299,14 Years,186,96,90,147,72,75,4,2,2,6,4,2,29,18,11
LLANO COUNTY,299,15 Years,190,99,91,154,82,72,1,1,0,3,1,2,32,15,17
LLANO COUNTY,299,16 Years,196,96,100,157,76,81,2,2,0,5,4,1,32,14,18
LLANO COUNTY,299,17 Years,179,91,88,144,75,69,3,1,2,4,2,2,28,13,15
LLANO COUNTY,299,18 Years,181,101,80,142,78,64,1,0,1,7,7,0,31,16,15
LLANO COUNTY,299,19 Years,164,82,82,138,66,72,1,1,0,3,3,0,22,12,10
LLANO COUNTY,299,20 Years,157,77,80,128,58,70,0,0,0,3,2,1,26,17,9
LLANO COUNTY,299,21 Years,131,62,69,103,48,55,1,1,0,3,1,2,24,12,12
LLANO COUNTY,299,22 Years,128,58,70,98,45,53,1,0,1,3,2,1,26,11,15
LLANO COUNTY,299,23 Years,111,48,63,84,38,46,1,0,1,2,1,1,24,9,15
LLANO COUNTY,299,24 Years,115,55,60,92,45,47,1,0,1,1,0,1,21,10,11
LLANO COUNTY,299,25 Years,125,70,55,97,50,47,0,0,0,2,1,1,26,19,7
LLANO COUNTY,299,26 Years,139,82,57,115,66,49,0,0,0,2,1,1,22,15,7
LLANO COUNTY,299,27 Years,134,70,64,112,58,54,0,0,0,2,1,1,20,11,9
LLANO COUNTY,299,28 Years,151,84,67,126,69,57,2,1,1,6,4,2,17,10,7
LLANO COUNTY,299,29 Years,140,68,72,118,57,61,2,1,1,2,1,1,18,9,9
LLANO COUNTY,299,30 Years,152,74,78,119,56,63,1,1,0,4,3,1,28,14,14
LLANO COUNTY,299,31 Years,160,83,77,130,66,64,2,2,0,6,5,1,22,10,12
LLANO COUNTY,299,32 Years,152,81,71,125,71,54,2,2,0,5,1,4,20,7,13
LLANO COUNTY,299,33 Years,158,81,77,131,71,60,1,1,0,3,0,3,23,9,14
LLANO COUNTY,299,34 Years,132,67,65,110,58,52,2,1,1,3,0,3,17,8,9
LLANO COUNTY,299,35 Years,144,74,70,123,64,59,2,0,2,3,0,3,16,10,6
LLANO COUNTY,299,36 Years,145,69,76,122,59,63,2,1,1,3,0,3,18,9,9
LLANO COUNTY,299,37 Years,147,78,69,124,67,57,2,1,1,4,1,3,17,9,8
LLANO COUNTY,299,38 Years,135,74,61,117,66,51,1,0,1,4,1,3,13,7,6
LLANO COUNTY,299,39 Years,128,61,67,109,54,55,2,1,1,2,1,1,15,5,10
LLANO COUNTY,299,40 Years,154,75,79,133,65,68,3,1,2,4,3,1,14,6,8
LLANO COUNTY,299,41 Years,193,100,93,167,84,83,1,1,0,2,2,0,23,13,10
LLANO COUNTY,299,42 Years,194,100,94,164,89,75,0,0,0,5,4,1,25,7,18
LLANO COUNTY,299,43 Years,185,90,95,164,79,85,1,1,0,5,4,1,15,6,9
LLANO COUNTY,299,44 Years,161,77,84,140,66,74,0,0,0,6,2,4,15,9,6
LLANO COUNTY,299,45 Years,177,83,94,148,72,76,0,0,0,6,1,5,23,10,13
LLANO COUNTY,299,46 Years,196,99,97,169,86,83,0,0,0,5,1,4,22,12,10
LLANO COUNTY,299,47 Years,207,97,110,172,78,94,3,3,0,9,4,5,23,12,11
LLANO COUNTY,299,48 Years,226,105,121,192,89,103,3,2,1,8,3,5,23,11,12
LLANO COUNTY,299,49 Years,251,125,126,226,113,113,2,1,1,5,2,3,18,9,9
LLANO COUNTY,299,50 Years,251,125,126,228,113,115,1,1,0,3,2,1,19,9,10
LLANO COUNTY,299,51 Years,274,129,145,246,117,129,1,1,0,3,2,1,24,9,15
LLANO COUNTY,299,52 Years,292,129,163,255,110,145,1,0,1,7,4,3,29,15,14
LLANO COUNTY,299,53 Years,296,135,161,266,115,151,3,2,1,6,5,1,21,13,8
LLANO COUNTY,299,54 Years,305,146,159,275,131,144,3,1,2,5,3,2,22,11,11
LLANO COUNTY,299,55 Years,323,160,163,298,146,152,2,2,0,4,3,1,19,9,10
LLANO COUNTY,299,56 Years,337,159,178,317,150,167,2,2,0,3,1,2,15,6,9
LLANO COUNTY,299,57 Years,348,148,200,326,143,183,1,0,1,6,0,6,15,5,10
LLANO COUNTY,299,58 Years,344,163,181,323,153,170,0,0,0,6,2,4,15,8,7
LLANO COUNTY,299,59 Years,344,164,180,324,158,166,1,0,1,8,2,6,11,4,7
LLANO COUNTY,299,60 Years,363,173,190,345,164,181,1,0,1,6,2,4,11,7,4
LLANO COUNTY,299,61 Years,382,185,197,360,175,185,0,0,0,5,2,3,17,8,9
LLANO COUNTY,299,62 Years,404,176,228,391,171,220,0,0,0,5,1,4,8,4,4
LLANO COUNTY,299,63 Years,387,169,218,370,161,209,0,0,0,5,2,3,12,6,6
LLANO COUNTY,299,64 Years,423,205,218,403,194,209,0,0,0,8,4,4,12,7,5
LLANO COUNTY,299,65 Years,445,205,240,419,194,225,1,1,0,12,4,8,13,6,7
LLANO COUNTY,299,66 Years,390,186,204,369,179,190,2,0,2,6,2,4,13,5,8
LLANO COUNTY,299,67 Years,370,169,201,354,162,192,1,0,1,2,0,2,13,7,6
LLANO COUNTY,299,68 Years,395,186,209,380,182,198,1,0,1,2,0,2,12,4,8
LLANO COUNTY,299,69 Years,385,190,195,370,184,186,0,0,0,4,2,2,11,4,7
LLANO COUNTY,299,70 Years,378,197,181,369,194,175,0,0,0,3,1,2,6,2,4
LLANO COUNTY,299,71 Years,335,163,172,325,157,168,0,0,0,2,1,1,8,5,3
LLANO COUNTY,299,72 Years,307,150,157,296,146,150,0,0,0,3,1,2,8,3,5
LLANO COUNTY,299,73 Years,289,145,144,277,140,137,0,0,0,3,1,2,9,4,5
LLANO COUNTY,299,74 Years,312,153,159,300,147,153,1,1,0,2,2,0,9,3,6
LLANO COUNTY,299,75 Years,293,142,151,279,137,142,2,2,0,2,1,1,10,2,8
LLANO COUNTY,299,76 Years,264,131,133,256,129,127,1,1,0,1,0,1,6,1,5
LLANO COUNTY,299,77 Years,253,137,116,241,131,110,2,2,0,2,1,1,8,3,5
LLANO COUNTY,299,78 Years,232,120,112,223,115,108,2,2,0,0,0,0,7,3,4
LLANO COUNTY,299,79 Years,209,94,115,203,93,110,2,1,1,1,0,1,3,0,3
LLANO COUNTY,299,80 Years,225,108,117,219,106,113,1,1,0,2,1,1,3,0,3
LLANO COUNTY,299,81 Years,196,90,106,192,88,104,0,0,0,1,0,1,3,2,1
LLANO COUNTY,299,82 Years,184,86,98,181,85,96,1,0,1,1,0,1,1,1,0
LLANO COUNTY,299,83 Years,160,74,86,154,72,82,0,0,0,1,0,1,5,2,3
LLANO COUNTY,299,84 Years,138,59,79,133,56,77,0,0,0,2,1,1,3,2,1
LLANO COUNTY,299,85 Years +,754,278,476,735,269,466,1,1,0,10,3,7,8,5,3
LOVING COUNTY,301,All Ages,82,47,35,59,35,24,0,0,0,5,4,1,18,8,10
LOVING COUNTY,301,< 1 Year,0,0,0,0,0,0,0,0,0,0,0,0,0,0,0
LOVING COUNTY,301,1 Years,0,0,0,0,0,0,0,0,0,0,0,0,0,0,0
LOVING COUNTY,301,2 Years,1,1,0,0,0,0,0,0,0,0,0,0,1,1,0
LOVING COUNTY,301,3 Years,1,1,0,1,1,0,0,0,0,0,0,0,0,0,0
LOVING COUNTY,301,4 Years,0,0,0,0,0,0,0,0,0,0,0,0,0,0,0
LOVING COUNTY,301,5 Years,1,0,1,1,0,1,0,0,0,0,0,0,0,0,0
LOVING COUNTY,301,6 Years,0,0,0,0,0,0,0,0,0,0,0,0,0,0,0
LOVING COUNTY,301,7 Years,0,0,0,0,0,0,0,0,0,0,0,0,0,0,0
LOVING COUNTY,301,8 Years,0,0,0,0,0,0,0,0,0,0,0,0,0,0,0
LOVING COUNTY,301,9 Years,1,1,0,1,1,0,0,0,0,0,0,0,0,0,0
LOVING COUNTY,301,10 Years,0,0,0,0,0,0,0,0,0,0,0,0,0,0,0
LOVING COUNTY,301,11 Years,1,0,1,1,0,1,0,0,0,0,0,0,0,0,0
LOVING COUNTY,301,12 Years,0,0,0,0,0,0,0,0,0,0,0,0,0,0,0
LOVING COUNTY,301,13 Years,1,0,1,0,0,0,0,0,0,0,0,0,1,0,1
LOVING COUNTY,301,14 Years,0,0,0,0,0,0,0,0,0,0,0,0,0,0,0
LOVING COUNTY,301,15 Years,1,1,0,0,0,0,0,0,0,0,0,0,1,1,0
LOVING COUNTY,301,16 Years,0,0,0,0,0,0,0,0,0,0,0,0,0,0,0
LOVING COUNTY,301,17 Years,0,0,0,0,0,0,0,0,0,0,0,0,0,0,0
LOVING COUNTY,301,18 Years,2,0,2,1,0,1,0,0,0,0,0,0,1,0,1
LOVING COUNTY,301,19 Years,0,0,0,0,0,0,0,0,0,0,0,0,0,0,0
LOVING COUNTY,301,20 Years,0,0,0,0,0,0,0,0,0,0,0,0,0,0,0
LOVING COUNTY,301,21 Years,1,1,0,1,1,0,0,0,0,0,0,0,0,0,0
LOVING COUNTY,301,22 Years,0,0,0,0,0,0,0,0,0,0,0,0,0,0,0
LOVING COUNTY,301,23 Years,1,0,1,1,0,1,0,0,0,0,0,0,0,0,0
LOVING COUNTY,301,24 Years,3,2,1,0,0,0,0,0,0,1,1,0,2,1,1
LOVING COUNTY,301,25 Years,4,3,1,2,2,0,0,0,0,1,1,0,1,0,1
LOVING COUNTY,301,26 Years,2,1,1,1,1,0,0,0,0,0,0,0,1,0,1
LOVING COUNTY,301,27 Years,0,0,0,0,0,0,0,0,0,0,0,0,0,0,0
LOVING COUNTY,301,28 Years,0,0,0,0,0,0,0,0,0,0,0,0,0,0,0
LOVING COUNTY,301,29 Years,1,1,0,0,0,0,0,0,0,0,0,0,1,1,0
LOVING COUNTY,301,30 Years,1,0,1,1,0,1,0,0,0,0,0,0,0,0,0
LOVING COUNTY,301,31 Years,0,0,0,0,0,0,0,0,0,0,0,0,0,0,0
LOVING COUNTY,301,32 Years,1,0,1,1,0,1,0,0,0,0,0,0,0,0,0
LOVING COUNTY,301,33 Years,0,0,0,0,0,0,0,0,0,0,0,0,0,0,0
LOVING COUNTY,301,34 Years,0,0,0,0,0,0,0,0,0,0,0,0,0,0,0
LOVING COUNTY,301,35 Years,0,0,0,0,0,0,0,0,0,0,0,0,0,0,0
LOVING COUNTY,301,36 Years,1,1,0,1,1,0,0,0,0,0,0,0,0,0,0
LOVING COUNTY,301,37 Years,0,0,0,0,0,0,0,0,0,0,0,0,0,0,0
LOVING COUNTY,301,38 Years,0,0,0,0,0,0,0,0,0,0,0,0,0,0,0
LOVING COUNTY,301,39 Years,1,0,1,0,0,0,0,0,0,0,0,0,1,0,1
LOVING COUNTY,301,40 Years,0,0,0,0,0,0,0,0,0,0,0,0,0,0,0
LOVING COUNTY,301,41 Years,0,0,0,0,0,0,0,0,0,0,0,0,0,0,0
LOVING COUNTY,301,42 Years,0,0,0,0,0,0,0,0,0,0,0,0,0,0,0
LOVING COUNTY,301,43 Years,0,0,0,0,0,0,0,0,0,0,0,0,0,0,0
LOVING COUNTY,301,44 Years,4,2,2,3,1,2,0,0,0,0,0,0,1,1,0
LOVING COUNTY,301,45 Years,3,1,2,2,1,1,0,0,0,1,0,1,0,0,0
LOVING COUNTY,301,46 Years,1,1,0,1,1,0,0,0,0,0,0,0,0,0,0
LOVING COUNTY,301,47 Years,2,1,1,0,0,0,0,0,0,0,0,0,2,1,1
LOVING COUNTY,301,48 Years,1,0,1,0,0,0,0,0,0,0,0,0,1,0,1
LOVING COUNTY,301,49 Years,2,1,1,1,1,0,0,0,0,0,0,0,1,0,1
LOVING COUNTY,301,50 Years,1,1,0,1,1,0,0,0,0,0,0,0,0,0,0
LOVING COUNTY,301,51 Years,0,0,0,0,0,0,0,0,0,0,0,0,0,0,0
LOVING COUNTY,301,52 Years,0,0,0,0,0,0,0,0,0,0,0,0,0,0,0
LOVING COUNTY,301,53 Years,0,0,0,0,0,0,0,0,0,0,0,0,0,0,0
LOVING COUNTY,301,54 Years,3,2,1,3,2,1,0,0,0,0,0,0,0,0,0
LOVING COUNTY,301,55 Years,3,2,1,3,2,1,0,0,0,0,0,0,0,0,0
LOVING COUNTY,301,56 Years,2,1,1,1,0,1,0,0,0,0,0,0,1,1,0
LOVING COUNTY,301,57 Years,3,2,1,2,1,1,0,0,0,0,0,0,1,1,0
LOVING COUNTY,301,58 Years,4,3,1,4,3,1,0,0,0,0,0,0,0,0,0
LOVING COUNTY,301,59 Years,3,2,1,3,2,1,0,0,0,0,0,0,0,0,0
LOVING COUNTY,301,60 Years,2,1,1,2,1,1,0,0,0,0,0,0,0,0,0
LOVING COUNTY,301,61 Years,3,1,2,3,1,2,0,0,0,0,0,0,0,0,0
LOVING COUNTY,301,62 Years,1,0,1,1,0,1,0,0,0,0,0,0,0,0,0
LOVING COUNTY,301,63 Years,1,1,0,1,1,0,0,0,0,0,0,0,0,0,0
LOVING COUNTY,301,64 Years,0,0,0,0,0,0,0,0,0,0,0,0,0,0,0
LOVING COUNTY,301,65 Years,3,3,0,2,2,0,0,0,0,1,1,0,0,0,0
LOVING COUNTY,301,66 Years,3,2,1,2,1,1,0,0,0,1,1,0,0,0,0
LOVING COUNTY,301,67 Years,0,0,0,0,0,0,0,0,0,0,0,0,0,0,0
LOVING COUNTY,301,68 Years,0,0,0,0,0,0,0,0,0,0,0,0,0,0,0
LOVING COUNTY,301,69 Years,2,0,2,1,0,1,0,0,0,0,0,0,1,0,1
LOVING COUNTY,301,70 Years,2,1,1,2,1,1,0,0,0,0,0,0,0,0,0
LOVING COUNTY,301,71 Years,2,2,0,2,2,0,0,0,0,0,0,0,0,0,0
LOVING COUNTY,301,72 Years,0,0,0,0,0,0,0,0,0,0,0,0,0,0,0
LOVING COUNTY,301,73 Years,0,0,0,0,0,0,0,0,0,0,0,0,0,0,0
LOVING COUNTY,301,74 Years,1,1,0,1,1,0,0,0,0,0,0,0,0,0,0
LOVING COUNTY,301,75 Years,0,0,0,0,0,0,0,0,0,0,0,0,0,0,0
LOVING COUNTY,301,76 Years,1,1,0,1,1,0,0,0,0,0,0,0,0,0,0
LOVING COUNTY,301,77 Years,0,0,0,0,0,0,0,0,0,0,0,0,0,0,0
LOVING COUNTY,301,78 Years,1,1,0,1,1,0,0,0,0,0,0,0,0,0,0
LOVING COUNTY,301,79 Years,0,0,0,0,0,0,0,0,0,0,0,0,0,0,0
LOVING COUNTY,301,80 Years,0,0,0,0,0,0,0,0,0,0,0,0,0,0,0
LOVING COUNTY,301,81 Years,1,0,1,1,0,1,0,0,0,0,0,0,0,0,0
LOVING COUNTY,301,82 Years,0,0,0,0,0,0,0,0,0,0,0,0,0,0,0
LOVING COUNTY,301,83 Years,0,0,0,0,0,0,0,0,0,0,0,0,0,0,0
LOVING COUNTY,301,84 Years,2,1,1,2,1,1,0,0,0,0,0,0,0,0,0
LOVING COUNTY,301,85 Years +,0,0,0,0,0,0,0,0,0,0,0,0,0,0,0
LUBBOCK COUNTY,303,All Ages,287659,142352,145307,162153,79483,82670,20597,10238,10359,10925,5583,5342,93984,47048,46936
LUBBOCK COUNTY,303,< 1 Year,3925,2024,1901,1865,984,881,309,161,148,143,79,64,1608,800,808
LUBBOCK COUNTY,303,1 Years,4309,2202,2107,2008,1024,984,327,167,160,159,83,76,1815,928,887
LUBBOCK COUNTY,303,2 Years,4177,2147,2030,1816,938,878,340,175,165,152,85,67,1869,949,920
LUBBOCK COUNTY,303,3 Years,4165,2137,2028,1726,883,843,354,169,185,168,93,75,1917,992,925
LUBBOCK COUNTY,303,4 Years,4225,2153,2072,1723,872,851,344,165,179,187,108,79,1971,1008,963
LUBBOCK COUNTY,303,5 Years,4187,2130,2057,1702,850,852,343,167,176,187,99,88,1955,1014,941
LUBBOCK COUNTY,303,6 Years,3902,1983,1919,1554,799,755,334,167,167,176,83,93,1838,934,904
LUBBOCK COUNTY,303,7 Years,3967,2023,1944,1626,821,805,353,188,165,178,83,95,1810,931,879
LUBBOCK COUNTY,303,8 Years,3991,1996,1995,1676,828,848,341,178,163,181,86,95,1793,904,889
LUBBOCK COUNTY,303,9 Years,3821,1983,1838,1598,812,786,346,176,170,148,80,68,1729,915,814
LUBBOCK COUNTY,303,10 Years,3890,1960,1930,1618,791,827,342,178,164,152,85,67,1778,906,872
LUBBOCK COUNTY,303,11 Years,3938,1982,1956,1616,791,825,351,182,169,167,88,79,1804,921,883
LUBBOCK COUNTY,303,12 Years,3848,1941,1907,1586,804,782,333,182,151,158,82,76,1771,873,898
LUBBOCK COUNTY,303,13 Years,3746,1908,1838,1526,775,751,320,165,155,156,83,73,1744,885,859
LUBBOCK COUNTY,303,14 Years,3665,1887,1778,1528,810,718,306,154,152,143,73,70,1688,850,838
LUBBOCK COUNTY,303,15 Years,3597,1827,1770,1557,779,778,278,149,129,139,68,71,1623,831,792
LUBBOCK COUNTY,303,16 Years,3488,1777,1711,1516,774,742,278,149,129,117,61,56,1577,793,784
LUBBOCK COUNTY,303,17 Years,3536,1777,1759,1587,810,777,291,134,157,115,55,60,1543,778,765
LUBBOCK COUNTY,303,18 Years,5024,2484,2540,2551,1196,1355,462,244,218,199,106,93,1812,938,874
LUBBOCK COUNTY,303,19 Years,7440,3761,3679,4511,2279,2232,507,265,242,270,133,137,2152,1084,1068
LUBBOCK COUNTY,303,20 Years,7151,3670,3481,4432,2297,2135,485,247,238,243,118,125,1991,1008,983
LUBBOCK COUNTY,303,21 Years,7700,3990,3710,4808,2461,2347,534,287,247,273,155,118,2085,1087,998
LUBBOCK COUNTY,303,22 Years,7510,3988,3522,4702,2490,2212,484,255,229,326,189,137,1998,1054,944
LUBBOCK COUNTY,303,23 Years,6438,3442,2996,3892,2081,1811,404,225,179,325,185,140,1817,951,866
LUBBOCK COUNTY,303,24 Years,5731,3020,2711,3344,1771,1573,342,180,162,343,189,154,1702,880,822
LUBBOCK COUNTY,303,25 Years,5352,2794,2558,3038,1606,1432,326,176,150,345,202,143,1643,810,833
LUBBOCK COUNTY,303,26 Years,4900,2573,2327,2604,1363,1241,339,180,159,303,182,121,1654,848,806
LUBBOCK COUNTY,303,27 Years,4698,2424,2274,2558,1316,1242,329,173,156,239,141,98,1572,794,778
LUBBOCK COUNTY,303,28 Years,4571,2379,2192,2544,1313,1231,331,173,158,206,127,79,1490,766,724
LUBBOCK COUNTY,303,29 Years,4503,2346,2157,2537,1311,1226,290,152,138,195,108,87,1481,775,706
LUBBOCK COUNTY,303,30 Years,4049,2099,1950,2109,1115,994,309,155,154,189,93,96,1442,736,706
LUBBOCK COUNTY,303,31 Years,3869,1948,1921,1989,1033,956,268,124,144,158,73,85,1454,718,736
LUBBOCK COUNTY,303,32 Years,3954,1982,1972,2048,1030,1018,271,134,137,161,75,86,1474,743,731
LUBBOCK COUNTY,303,33 Years,3731,1889,1842,1963,996,967,260,139,121,178,83,95,1330,671,659
LUBBOCK COUNTY,303,34 Years,3503,1789,1714,1871,951,920,242,119,123,162,82,80,1228,637,591
LUBBOCK COUNTY,303,35 Years,3321,1663,1658,1750,886,864,218,105,113,164,80,84,1189,592,597
LUBBOCK COUNTY,303,36 Years,3247,1614,1633,1666,839,827,219,103,116,169,83,86,1193,589,604
LUBBOCK COUNTY,303,37 Years,3169,1538,1631,1649,792,857,226,112,114,163,78,85,1131,556,575
LUBBOCK COUNTY,303,38 Years,3021,1518,1503,1574,789,785,224,106,118,144,58,86,1079,565,514
LUBBOCK COUNTY,303,39 Years,3036,1480,1556,1554,783,771,222,102,120,170,69,101,1090,526,564
LUBBOCK COUNTY,303,40 Years,3165,1521,1644,1678,812,866,222,109,113,149,68,81,1116,532,584
LUBBOCK COUNTY,303,41 Years,3217,1546,1671,1744,839,905,222,105,117,153,77,76,1098,525,573
LUBBOCK COUNTY,303,42 Years,3154,1535,1619,1747,879,868,218,95,123,136,64,72,1053,497,556
LUBBOCK COUNTY,303,43 Years,3059,1499,1560,1668,829,839,205,94,111,133,70,63,1053,506,547
LUBBOCK COUNTY,303,44 Years,3001,1473,1528,1678,828,850,217,98,119,101,54,47,1005,493,512
LUBBOCK COUNTY,303,45 Years,2955,1453,1502,1628,800,828,232,116,116,88,38,50,1007,499,508
LUBBOCK COUNTY,303,46 Years,3041,1502,1539,1653,813,840,232,115,117,99,46,53,1057,528,529
LUBBOCK COUNTY,303,47 Years,3266,1595,1671,1787,875,912,266,130,136,112,48,64,1101,542,559
LUBBOCK COUNTY,303,48 Years,3452,1666,1786,1983,936,1047,275,139,136,117,59,58,1077,532,545
LUBBOCK COUNTY,303,49 Years,3508,1679,1829,2032,962,1070,274,133,141,119,65,54,1083,519,564
LUBBOCK COUNTY,303,50 Years,3476,1719,1757,2076,1029,1047,291,145,146,95,46,49,1014,499,515
LUBBOCK COUNTY,303,51 Years,3525,1722,1803,2135,1049,1086,280,131,149,95,43,52,1015,499,516
LUBBOCK COUNTY,303,52 Years,3589,1754,1835,2197,1058,1139,260,129,131,106,49,57,1026,518,508
LUBBOCK COUNTY,303,53 Years,3430,1694,1736,2115,1032,1083,260,129,131,99,56,43,956,477,479
LUBBOCK COUNTY,303,54 Years,3435,1665,1770,2177,1056,1121,264,123,141,93,50,43,901,436,465
LUBBOCK COUNTY,303,55 Years,3390,1660,1730,2170,1063,1107,229,119,110,96,48,48,895,430,465
LUBBOCK COUNTY,303,56 Years,3287,1605,1682,2097,1013,1084,258,126,132,87,41,46,845,425,420
LUBBOCK COUNTY,303,57 Years,3319,1587,1732,2177,1036,1141,226,99,127,86,40,46,830,412,418
LUBBOCK COUNTY,303,58 Years,3212,1530,1682,2099,1002,1097,212,103,109,98,43,55,803,382,421
LUBBOCK COUNTY,303,59 Years,3023,1449,1574,2020,970,1050,215,107,108,100,49,51,688,323,365
LUBBOCK COUNTY,303,60 Years,2932,1438,1494,2007,988,1019,192,97,95,76,37,39,657,316,341
LUBBOCK COUNTY,303,61 Years,2798,1334,1464,1909,905,1004,201,94,107,80,33,47,608,302,306
LUBBOCK COUNTY,303,62 Years,2619,1220,1399,1783,825,958,172,80,92,70,30,40,594,285,309
LUBBOCK COUNTY,303,63 Years,2512,1191,1321,1713,820,893,165,79,86,66,28,38,568,264,304
LUBBOCK COUNTY,303,64 Years,2469,1177,1292,1716,804,912,153,72,81,70,35,35,530,266,264
LUBBOCK COUNTY,303,65 Years,2408,1148,1260,1675,800,875,141,61,80,63,30,33,529,257,272
LUBBOCK COUNTY,303,66 Years,2008,933,1075,1368,645,723,116,53,63,54,24,30,470,211,259
LUBBOCK COUNTY,303,67 Years,1965,924,1041,1395,668,727,107,53,54,38,15,23,425,188,237
LUBBOCK COUNTY,303,68 Years,1843,860,983,1362,637,725,92,41,51,37,15,22,352,167,185
LUBBOCK COUNTY,303,69 Years,1822,844,978,1371,626,745,93,43,50,53,24,29,305,151,154
LUBBOCK COUNTY,303,70 Years,1678,755,923,1240,562,678,101,39,62,40,17,23,297,137,160
LUBBOCK COUNTY,303,71 Years,1587,687,900,1178,513,665,93,39,54,34,14,20,282,121,161
LUBBOCK COUNTY,303,72 Years,1477,652,825,1107,489,618,90,38,52,40,15,25,240,110,130
LUBBOCK COUNTY,303,73 Years,1404,624,780,1074,477,597,80,38,42,34,14,20,216,95,121
LUBBOCK COUNTY,303,74 Years,1404,600,804,1044,444,600,71,31,40,32,14,18,257,111,146
LUBBOCK COUNTY,303,75 Years,1342,604,738,1000,444,556,57,29,28,27,12,15,258,119,139
LUBBOCK COUNTY,303,76 Years,1310,538,772,981,397,584,60,21,39,29,12,17,240,108,132
LUBBOCK COUNTY,303,77 Years,1303,555,748,974,405,569,59,24,35,22,12,10,248,114,134
LUBBOCK COUNTY,303,78 Years,1165,511,654,893,374,519,61,30,31,20,10,10,191,97,94
LUBBOCK COUNTY,303,79 Years,1082,464,618,833,356,477,53,21,32,25,10,15,171,77,94
LUBBOCK COUNTY,303,80 Years,1024,400,624,812,314,498,45,18,27,16,8,8,151,60,91
LUBBOCK COUNTY,303,81 Years,970,408,562,770,323,447,53,24,29,14,7,7,133,54,79
LUBBOCK COUNTY,303,82 Years,901,363,538,719,288,431,43,16,27,18,7,11,121,52,69
LUBBOCK COUNTY,303,83 Years,808,305,503,655,246,409,40,13,27,10,4,6,103,42,61
LUBBOCK COUNTY,303,84 Years,702,292,410,568,230,338,33,12,21,6,3,3,95,47,48
LUBBOCK COUNTY,303,85 Years +,4327,1443,2884,3623,1179,2444,186,65,121,38,16,22,480,183,297
LYNN COUNTY,305,All Ages,5955,2973,2982,2968,1427,1541,112,65,47,76,37,39,2799,1444,1355
LYNN COUNTY,305,< 1 Year,80,43,37,35,18,17,2,1,1,1,1,0,42,23,19
LYNN COUNTY,305,1 Years,77,41,36,31,16,15,1,1,0,0,0,0,45,24,21
LYNN COUNTY,305,2 Years,76,35,41,31,14,17,0,0,0,0,0,0,45,21,24
LYNN COUNTY,305,3 Years,83,49,34,34,19,15,1,1,0,0,0,0,48,29,19
LYNN COUNTY,305,4 Years,91,46,45,38,17,21,1,0,1,3,1,2,49,28,21
LYNN COUNTY,305,5 Years,106,46,60,40,18,22,1,1,0,1,0,1,64,27,37
LYNN COUNTY,305,6 Years,81,40,41,28,15,13,0,0,0,1,1,0,52,24,28
LYNN COUNTY,305,7 Years,85,39,46,33,12,21,0,0,0,1,0,1,51,27,24
LYNN COUNTY,305,8 Years,93,51,42,34,19,15,2,2,0,1,0,1,56,30,26
LYNN COUNTY,305,9 Years,99,54,45,35,21,14,3,3,0,1,0,1,60,30,30
LYNN COUNTY,305,10 Years,84,38,46,30,14,16,1,1,0,5,4,1,48,19,29
LYNN COUNTY,305,11 Years,88,38,50,34,15,19,2,0,2,2,1,1,50,22,28
LYNN COUNTY,305,12 Years,95,53,42,39,20,19,1,0,1,2,1,1,53,32,21
LYNN COUNTY,305,13 Years,94,51,43,28,14,14,1,1,0,3,3,0,62,33,29
LYNN COUNTY,305,14 Years,100,48,52,34,13,21,1,1,0,5,4,1,60,30,30
LYNN COUNTY,305,15 Years,98,44,54,38,13,25,1,0,1,4,2,2,55,29,26
LYNN COUNTY,305,16 Years,82,36,46,26,8,18,1,0,1,5,3,2,50,25,25
LYNN COUNTY,305,17 Years,81,40,41,36,17,19,3,2,1,3,1,2,39,20,19
LYNN COUNTY,305,18 Years,87,42,45,37,18,19,1,1,0,2,0,2,47,23,24
LYNN COUNTY,305,19 Years,102,51,51,42,20,22,5,3,2,1,1,0,54,27,27
LYNN COUNTY,305,20 Years,90,47,43,37,20,17,2,1,1,0,0,0,51,26,25
LYNN COUNTY,305,21 Years,59,34,25,23,14,9,0,0,0,0,0,0,36,20,16
LYNN COUNTY,305,22 Years,62,34,28,21,12,9,0,0,0,3,2,1,38,20,18
LYNN COUNTY,305,23 Years,46,23,23,18,9,9,1,1,0,2,1,1,25,12,13
LYNN COUNTY,305,24 Years,46,21,25,15,5,10,3,2,1,0,0,0,28,14,14
LYNN COUNTY,305,25 Years,52,29,23,24,13,11,2,2,0,0,0,0,26,14,12
LYNN COUNTY,305,26 Years,56,28,28,25,14,11,1,0,1,1,0,1,29,14,15
LYNN COUNTY,305,27 Years,59,32,27,21,10,11,0,0,0,0,0,0,38,22,16
LYNN COUNTY,305,28 Years,65,33,32,32,15,17,2,2,0,0,0,0,31,16,15
LYNN COUNTY,305,29 Years,67,36,31,28,14,14,2,2,0,0,0,0,37,20,17
LYNN COUNTY,305,30 Years,69,35,34,26,14,12,1,0,1,0,0,0,42,21,21
LYNN COUNTY,305,31 Years,65,30,35,24,10,14,3,1,2,1,0,1,37,19,18
LYNN COUNTY,305,32 Years,56,28,28,25,12,13,1,0,1,1,1,0,29,15,14
LYNN COUNTY,305,33 Years,57,26,31,25,11,14,1,1,0,0,0,0,31,14,17
LYNN COUNTY,305,34 Years,66,34,32,34,16,18,1,1,0,0,0,0,31,17,14
LYNN COUNTY,305,35 Years,64,34,30,41,22,19,0,0,0,1,0,1,22,12,10
LYNN COUNTY,305,36 Years,66,35,31,32,18,14,0,0,0,1,1,0,33,16,17
LYNN COUNTY,305,37 Years,64,31,33,30,14,16,1,0,1,2,1,1,31,16,15
LYNN COUNTY,305,38 Years,77,34,43,40,16,24,0,0,0,4,1,3,33,17,16
LYNN COUNTY,305,39 Years,53,33,20,26,15,11,0,0,0,1,1,0,26,17,9
LYNN COUNTY,305,40 Years,53,29,24,26,15,11,1,1,0,0,0,0,26,13,13
LYNN COUNTY,305,41 Years,59,29,30,30,17,13,2,0,2,0,0,0,27,12,15
LYNN COUNTY,305,42 Years,72,34,38,37,20,17,1,0,1,0,0,0,34,14,20
LYNN COUNTY,305,43 Years,71,33,38,32,14,18,1,1,0,0,0,0,38,18,20
LYNN COUNTY,305,44 Years,68,39,29,29,16,13,2,1,1,0,0,0,37,22,15
LYNN COUNTY,305,45 Years,74,43,31,31,16,15,2,2,0,1,0,1,40,25,15
LYNN COUNTY,305,46 Years,78,43,35,33,17,16,1,1,0,1,0,1,43,25,18
LYNN COUNTY,305,47 Years,91,41,50,48,19,29,2,2,0,1,0,1,40,20,20
LYNN COUNTY,305,48 Years,90,37,53,46,19,27,2,2,0,3,0,3,39,16,23
LYNN COUNTY,305,49 Years,95,45,50,53,23,30,2,1,1,2,1,1,38,20,18
LYNN COUNTY,305,50 Years,95,50,45,49,24,25,2,1,1,1,1,0,43,24,19
LYNN COUNTY,305,51 Years,80,42,38,44,23,21,1,1,0,0,0,0,35,18,17
LYNN COUNTY,305,52 Years,88,43,45,44,19,25,0,0,0,0,0,0,44,24,20
LYNN COUNTY,305,53 Years,100,55,45,53,29,24,3,2,1,0,0,0,44,24,20
LYNN COUNTY,305,54 Years,90,52,38,52,32,20,2,2,0,0,0,0,36,18,18
LYNN COUNTY,305,55 Years,88,46,42,52,28,24,1,1,0,0,0,0,35,17,18
LYNN COUNTY,305,56 Years,80,45,35,47,27,20,3,2,1,0,0,0,30,16,14
LYNN COUNTY,305,57 Years,88,46,42,50,26,24,1,1,0,0,0,0,37,19,18
LYNN COUNTY,305,58 Years,82,39,43,49,19,30,2,1,1,0,0,0,31,19,12
LYNN COUNTY,305,59 Years,73,35,38,43,19,24,2,0,2,0,0,0,28,16,12
LYNN COUNTY,305,60 Years,75,44,31,52,27,25,1,0,1,0,0,0,22,17,5
LYNN COUNTY,305,61 Years,74,42,32,45,24,21,0,0,0,0,0,0,29,18,11
LYNN COUNTY,305,62 Years,66,37,29,44,27,17,3,2,1,0,0,0,19,8,11
LYNN COUNTY,305,63 Years,70,39,31,43,27,16,1,0,1,2,1,1,24,11,13
LYNN COUNTY,305,64 Years,55,32,23,34,20,14,2,1,1,0,0,0,19,11,8
LYNN COUNTY,305,65 Years,59,33,26,38,19,19,2,2,0,0,0,0,19,12,7
LYNN COUNTY,305,66 Years,55,27,28,32,13,19,1,1,0,1,0,1,21,13,8
LYNN COUNTY,305,67 Years,52,27,25,30,14,16,1,0,1,1,0,1,20,13,7
LYNN COUNTY,305,68 Years,51,20,31,35,13,22,0,0,0,0,0,0,16,7,9
LYNN COUNTY,305,69 Years,56,27,29,34,15,19,0,0,0,0,0,0,22,12,10
LYNN COUNTY,305,70 Years,56,26,30,41,16,25,0,0,0,1,1,0,14,9,5
LYNN COUNTY,305,71 Years,53,20,33,39,14,25,2,1,1,0,0,0,12,5,7
LYNN COUNTY,305,72 Years,41,16,25,29,11,18,2,1,1,0,0,0,10,4,6
LYNN COUNTY,305,73 Years,52,26,26,38,21,17,1,0,1,1,0,1,12,5,7
LYNN COUNTY,305,74 Years,48,24,24,34,18,16,3,2,1,1,0,1,10,4,6
LYNN COUNTY,305,75 Years,54,20,34,34,16,18,1,0,1,1,1,0,18,3,15
LYNN COUNTY,305,76 Years,41,15,26,25,9,16,1,0,1,0,0,0,15,6,9
LYNN COUNTY,305,77 Years,44,16,28,27,9,18,1,0,1,0,0,0,16,7,9
LYNN COUNTY,305,78 Years,39,18,21,25,13,12,1,0,1,0,0,0,13,5,8
LYNN COUNTY,305,79 Years,32,16,16,21,12,9,2,1,1,0,0,0,9,3,6
LYNN COUNTY,305,80 Years,22,9,13,15,6,9,1,0,1,0,0,0,6,3,3
LYNN COUNTY,305,81 Years,18,10,8,14,6,8,0,0,0,0,0,0,4,4,0
LYNN COUNTY,305,82 Years,31,12,19,24,9,15,0,0,0,0,0,0,7,3,4
LYNN COUNTY,305,83 Years,37,16,21,29,13,16,0,0,0,0,0,0,8,3,5
LYNN COUNTY,305,84 Years,22,10,12,18,7,11,0,0,0,1,1,0,3,2,1
LYNN COUNTY,305,85 Years +,116,43,73,90,31,59,4,1,3,0,0,0,22,11,11
MCCULLOCH COUNTY,307,All Ages,8370,4130,4240,5557,2682,2875,135,74,61,111,60,51,2567,1314,1253
MCCULLOCH COUNTY,307,< 1 Year,102,51,51,56,26,30,2,2,0,3,1,2,41,22,19
MCCULLOCH COUNTY,307,1 Years,97,51,46,54,28,26,1,1,0,2,1,1,40,21,19
MCCULLOCH COUNTY,307,2 Years,97,51,46,54,28,26,1,1,0,2,1,1,40,21,19
MCCULLOCH COUNTY,307,3 Years,111,61,50,59,31,28,3,2,1,3,3,0,46,25,21
MCCULLOCH COUNTY,307,4 Years,100,53,47,49,23,26,1,1,0,2,2,0,48,27,21
MCCULLOCH COUNTY,307,5 Years,112,63,49,64,36,28,1,1,0,2,2,0,45,24,21
MCCULLOCH COUNTY,307,6 Years,112,64,48,60,35,25,1,1,0,2,1,1,49,27,22
MCCULLOCH COUNTY,307,7 Years,118,58,60,66,36,30,0,0,0,3,1,2,49,21,28
MCCULLOCH COUNTY,307,8 Years,111,57,54,58,33,25,2,1,1,0,0,0,51,23,28
MCCULLOCH COUNTY,307,9 Years,102,54,48,51,29,22,1,0,1,2,1,1,48,24,24
MCCULLOCH COUNTY,307,10 Years,115,68,47,57,35,22,3,2,1,1,1,0,54,30,24
MCCULLOCH COUNTY,307,11 Years,108,58,50,59,31,28,2,1,1,1,0,1,46,26,20
MCCULLOCH COUNTY,307,12 Years,110,55,55,63,34,29,4,1,3,0,0,0,43,20,23
MCCULLOCH COUNTY,307,13 Years,133,66,67,78,40,38,1,1,0,0,0,0,54,25,29
MCCULLOCH COUNTY,307,14 Years,132,64,68,76,39,37,4,1,3,2,0,2,50,24,26
MCCULLOCH COUNTY,307,15 Years,117,53,64,63,29,34,5,2,3,2,1,1,47,21,26
MCCULLOCH COUNTY,307,16 Years,114,55,59,62,28,34,4,3,1,2,1,1,46,23,23
MCCULLOCH COUNTY,307,17 Years,110,51,59,73,34,39,1,0,1,1,0,1,35,17,18
MCCULLOCH COUNTY,307,18 Years,126,58,68,78,34,44,0,0,0,1,1,0,47,23,24
MCCULLOCH COUNTY,307,19 Years,116,66,50,66,37,29,3,0,3,3,3,0,44,26,18
MCCULLOCH COUNTY,307,20 Years,95,59,36,50,30,20,1,0,1,2,2,0,42,27,15
MCCULLOCH COUNTY,307,21 Years,69,38,31,37,20,17,0,0,0,1,0,1,31,18,13
MCCULLOCH COUNTY,307,22 Years,75,42,33,40,21,19,0,0,0,0,0,0,35,21,14
MCCULLOCH COUNTY,307,23 Years,69,31,38,35,15,20,1,1,0,0,0,0,33,15,18
MCCULLOCH COUNTY,307,24 Years,76,41,35,37,20,17,3,3,0,0,0,0,36,18,18
MCCULLOCH COUNTY,307,25 Years,72,34,38,40,20,20,2,1,1,0,0,0,30,13,17
MCCULLOCH COUNTY,307,26 Years,77,37,40,38,18,20,1,1,0,2,1,1,36,17,19
MCCULLOCH COUNTY,307,27 Years,79,46,33,47,31,16,1,1,0,1,0,1,30,14,16
MCCULLOCH COUNTY,307,28 Years,76,44,32,49,26,23,1,1,0,2,1,1,24,16,8
MCCULLOCH COUNTY,307,29 Years,88,44,44,55,22,33,1,0,1,3,2,1,29,20,9
MCCULLOCH COUNTY,307,30 Years,84,44,40,52,24,28,2,1,1,0,0,0,30,19,11
MCCULLOCH COUNTY,307,31 Years,85,39,46,46,20,26,2,2,0,1,0,1,36,17,19
MCCULLOCH COUNTY,307,32 Years,79,35,44,47,22,25,1,1,0,0,0,0,31,12,19
MCCULLOCH COUNTY,307,33 Years,72,36,36,47,25,22,0,0,0,1,1,0,24,10,14
MCCULLOCH COUNTY,307,34 Years,82,44,38,60,32,28,1,0,1,1,1,0,20,11,9
MCCULLOCH COUNTY,307,35 Years,82,37,45,55,27,28,2,0,2,1,0,1,24,10,14
MCCULLOCH COUNTY,307,36 Years,83,42,41,52,24,28,3,2,1,1,1,0,27,15,12
MCCULLOCH COUNTY,307,37 Years,98,52,46,66,31,35,2,1,1,1,1,0,29,19,10
MCCULLOCH COUNTY,307,38 Years,91,47,44,59,27,32,1,1,0,0,0,0,31,19,12
MCCULLOCH COUNTY,307,39 Years,76,38,38,47,23,24,1,1,0,0,0,0,28,14,14
MCCULLOCH COUNTY,307,40 Years,79,44,35,51,29,22,1,0,1,1,1,0,26,14,12
MCCULLOCH COUNTY,307,41 Years,101,50,51,72,36,36,1,0,1,1,1,0,27,13,14
MCCULLOCH COUNTY,307,42 Years,88,44,44,58,29,29,2,1,1,2,1,1,26,13,13
MCCULLOCH COUNTY,307,43 Years,97,45,52,68,35,33,0,0,0,1,0,1,28,10,18
MCCULLOCH COUNTY,307,44 Years,90,36,54,55,24,31,0,0,0,2,0,2,33,12,21
MCCULLOCH COUNTY,307,45 Years,94,38,56,62,26,36,1,0,1,2,0,2,29,12,17
MCCULLOCH COUNTY,307,46 Years,103,44,59,69,29,40,1,0,1,2,1,1,31,14,17
MCCULLOCH COUNTY,307,47 Years,104,61,43,72,41,31,0,0,0,2,1,1,30,19,11
MCCULLOCH COUNTY,307,48 Years,97,50,47,65,32,33,3,2,1,2,1,1,27,15,12
MCCULLOCH COUNTY,307,49 Years,120,57,63,84,38,46,1,1,0,1,1,0,34,17,17
MCCULLOCH COUNTY,307,50 Years,112,51,61,74,34,40,1,1,0,0,0,0,37,16,21
MCCULLOCH COUNTY,307,51 Years,109,54,55,77,36,41,0,0,0,1,1,0,31,17,14
MCCULLOCH COUNTY,307,52 Years,97,48,49,71,30,41,1,1,0,1,1,0,24,16,8
MCCULLOCH COUNTY,307,53 Years,115,52,63,78,33,45,2,0,2,2,0,2,33,19,14
MCCULLOCH COUNTY,307,54 Years,127,63,64,91,41,50,2,1,1,1,0,1,33,21,12
MCCULLOCH COUNTY,307,55 Years,123,61,62,90,43,47,2,1,1,2,1,1,29,16,13
MCCULLOCH COUNTY,307,56 Years,133,58,75,95,37,58,4,3,1,2,1,1,32,17,15
MCCULLOCH COUNTY,307,57 Years,137,63,74,101,44,57,4,1,3,4,3,1,28,15,13
MCCULLOCH COUNTY,307,58 Years,124,64,60,87,44,43,2,1,1,3,2,1,32,17,15
MCCULLOCH COUNTY,307,59 Years,132,62,70,97,45,52,3,2,1,2,1,1,30,14,16
MCCULLOCH COUNTY,307,60 Years,106,48,58,84,35,49,3,2,1,0,0,0,19,11,8
MCCULLOCH COUNTY,307,61 Years,114,62,52,86,43,43,4,3,1,2,2,0,22,14,8
MCCULLOCH COUNTY,307,62 Years,104,55,49,79,40,39,3,2,1,2,2,0,20,11,9
MCCULLOCH COUNTY,307,63 Years,117,56,61,89,42,47,2,2,0,1,1,0,25,11,14
MCCULLOCH COUNTY,307,64 Years,127,63,64,98,49,49,2,1,1,2,0,2,25,13,12
MCCULLOCH COUNTY,307,65 Years,136,67,69,107,54,53,1,0,1,1,0,1,27,13,14
MCCULLOCH COUNTY,307,66 Years,115,55,60,91,46,45,0,0,0,0,0,0,24,9,15
MCCULLOCH COUNTY,307,67 Years,108,51,57,85,41,44,0,0,0,1,0,1,22,10,12
MCCULLOCH COUNTY,307,68 Years,101,55,46,77,42,35,0,0,0,1,0,1,23,13,10
MCCULLOCH COUNTY,307,69 Years,108,53,55,84,42,42,2,1,1,3,1,2,19,9,10
MCCULLOCH COUNTY,307,70 Years,87,43,44,71,36,35,1,1,0,1,0,1,14,6,8
MCCULLOCH COUNTY,307,71 Years,83,41,42,62,30,32,3,2,1,1,1,0,17,8,9
MCCULLOCH COUNTY,307,72 Years,81,42,39,62,31,31,3,1,2,1,1,0,15,9,6
MCCULLOCH COUNTY,307,73 Years,66,30,36,52,23,29,1,0,1,1,1,0,12,6,6
MCCULLOCH COUNTY,307,74 Years,64,29,35,49,23,26,0,0,0,1,1,0,14,5,9
MCCULLOCH COUNTY,307,75 Years,78,38,40,57,30,27,0,0,0,1,0,1,20,8,12
MCCULLOCH COUNTY,307,76 Years,71,34,37,52,24,28,1,0,1,1,1,0,17,9,8
MCCULLOCH COUNTY,307,77 Years,69,26,43,57,20,37,0,0,0,0,0,0,12,6,6
MCCULLOCH COUNTY,307,78 Years,68,33,35,55,28,27,0,0,0,1,0,1,12,5,7
MCCULLOCH COUNTY,307,79 Years,53,23,30,41,19,22,1,1,0,1,0,1,10,3,7
MCCULLOCH COUNTY,307,80 Years,54,25,29,39,18,21,1,1,0,2,2,0,12,4,8
MCCULLOCH COUNTY,307,81 Years,53,22,31,46,21,25,1,1,0,0,0,0,6,0,6
MCCULLOCH COUNTY,307,82 Years,56,22,34,47,17,30,1,0,1,1,0,1,7,5,2
MCCULLOCH COUNTY,307,83 Years,36,13,23,29,8,21,2,1,1,0,0,0,5,4,1
MCCULLOCH COUNTY,307,84 Years,46,25,21,38,19,19,0,0,0,0,0,0,8,6,2
MCCULLOCH COUNTY,307,85 Years +,236,87,149,198,71,127,6,2,4,1,0,1,31,14,17
MCLENNAN COUNTY,309,All Ages,240970,117316,123654,139215,67469,71746,34804,16237,18567,7711,3535,4176,59240,30075,29165
MCLENNAN COUNTY,309,< 1 Year,3415,1770,1645,1647,845,802,513,269,244,98,51,47,1157,605,552
MCLENNAN COUNTY,309,1 Years,3590,1841,1749,1771,904,867,506,260,246,91,47,44,1222,630,592
MCLENNAN COUNTY,309,2 Years,3434,1758,1676,1496,770,726,557,284,273,138,70,68,1243,634,609
MCLENNAN COUNTY,309,3 Years,3314,1717,1597,1367,709,658,505,253,252,158,82,76,1284,673,611
MCLENNAN COUNTY,309,4 Years,3371,1747,1624,1376,718,658,512,257,255,165,85,80,1318,687,631
MCLENNAN COUNTY,309,5 Years,3353,1758,1595,1402,753,649,534,271,263,141,70,71,1276,664,612
MCLENNAN COUNTY,309,6 Years,3373,1775,1598,1435,785,650,562,281,281,131,65,66,1245,644,601
MCLENNAN COUNTY,309,7 Years,3279,1664,1615,1400,733,667,506,254,252,126,57,69,1247,620,627
MCLENNAN COUNTY,309,8 Years,3327,1687,1640,1434,723,711,532,276,256,142,67,75,1219,621,598
MCLENNAN COUNTY,309,9 Years,3332,1655,1677,1439,715,724,524,256,268,154,77,77,1215,607,608
MCLENNAN COUNTY,309,10 Years,3405,1730,1675,1511,771,740,488,237,251,139,65,74,1267,657,610
MCLENNAN COUNTY,309,11 Years,3366,1699,1667,1463,726,737,543,276,267,145,69,76,1215,628,587
MCLENNAN COUNTY,309,12 Years,3325,1708,1617,1481,756,725,552,286,266,143,72,71,1149,594,555
MCLENNAN COUNTY,309,13 Years,3431,1797,1634,1571,828,743,571,302,269,145,70,75,1144,597,547
MCLENNAN COUNTY,309,14 Years,3284,1699,1585,1524,797,727,538,274,264,129,67,62,1093,561,532
MCLENNAN COUNTY,309,15 Years,3239,1663,1576,1543,806,737,522,253,269,127,55,72,1047,549,498
MCLENNAN COUNTY,309,16 Years,3248,1678,1570,1522,805,717,542,294,248,122,51,71,1062,528,534
MCLENNAN COUNTY,309,17 Years,3508,1845,1663,1660,876,784,610,339,271,118,61,57,1120,569,551
MCLENNAN COUNTY,309,18 Years,4677,2355,2322,2545,1292,1253,723,371,352,211,101,110,1198,591,607
MCLENNAN COUNTY,309,19 Years,5964,2933,3031,3586,1786,1800,688,341,347,331,139,192,1359,667,692
MCLENNAN COUNTY,309,20 Years,5324,2493,2831,3134,1381,1753,663,350,313,259,113,146,1268,649,619
MCLENNAN COUNTY,309,21 Years,5382,2625,2757,3062,1476,1586,728,353,375,308,133,175,1284,663,621
MCLENNAN COUNTY,309,22 Years,5102,2487,2615,2898,1412,1486,726,340,386,237,105,132,1241,630,611
MCLENNAN COUNTY,309,23 Years,4213,2087,2126,2222,1102,1120,637,300,337,212,97,115,1142,588,554
MCLENNAN COUNTY,309,24 Years,4023,1992,2031,2138,1102,1036,558,232,326,188,80,108,1139,578,561
MCLENNAN COUNTY,309,25 Years,3922,1915,2007,2107,1032,1075,545,237,308,170,74,96,1100,572,528
MCLENNAN COUNTY,309,26 Years,3352,1649,1703,1683,840,843,515,231,284,115,53,62,1039,525,514
MCLENNAN COUNTY,309,27 Years,3216,1667,1549,1618,838,780,508,256,252,116,55,61,974,518,456
MCLENNAN COUNTY,309,28 Years,3155,1586,1569,1631,805,826,477,229,248,93,55,38,954,497,457
MCLENNAN COUNTY,309,29 Years,3085,1506,1579,1571,755,816,461,206,255,78,42,36,975,503,472
MCLENNAN COUNTY,309,30 Years,3060,1511,1549,1593,796,797,433,198,235,92,38,54,942,479,463
MCLENNAN COUNTY,309,31 Years,2969,1477,1492,1540,779,761,441,194,247,84,38,46,904,466,438
MCLENNAN COUNTY,309,32 Years,3071,1499,1572,1550,774,776,501,212,289,83,35,48,937,478,459
MCLENNAN COUNTY,309,33 Years,2870,1401,1469,1515,758,757,458,202,256,85,34,51,812,407,405
MCLENNAN COUNTY,309,34 Years,2785,1403,1382,1488,751,737,420,209,211,76,32,44,801,411,390
MCLENNAN COUNTY,309,35 Years,2673,1322,1351,1416,703,713,399,177,222,73,35,38,785,407,378
MCLENNAN COUNTY,309,36 Years,2658,1302,1356,1371,681,690,418,179,239,85,41,44,784,401,383
MCLENNAN COUNTY,309,37 Years,2699,1311,1388,1429,715,714,406,179,227,83,41,42,781,376,405
MCLENNAN COUNTY,309,38 Years,2620,1273,1347,1419,681,738,406,176,230,75,39,36,720,377,343
MCLENNAN COUNTY,309,39 Years,2582,1234,1348,1420,697,723,382,165,217,75,36,39,705,336,369
MCLENNAN COUNTY,309,40 Years,2754,1328,1426,1546,751,795,391,185,206,74,29,45,743,363,380
MCLENNAN COUNTY,309,41 Years,2800,1347,1453,1633,792,841,411,185,226,82,36,46,674,334,340
MCLENNAN COUNTY,309,42 Years,2813,1386,1427,1646,808,838,411,191,220,81,35,46,675,352,323
MCLENNAN COUNTY,309,43 Years,2669,1285,1384,1586,764,822,388,178,210,76,33,43,619,310,309
MCLENNAN COUNTY,309,44 Years,2623,1259,1364,1533,743,790,370,167,203,76,34,42,644,315,329
MCLENNAN COUNTY,309,45 Years,2649,1244,1405,1548,746,802,384,163,221,74,32,42,643,303,340
MCLENNAN COUNTY,309,46 Years,2691,1291,1400,1606,762,844,406,188,218,62,26,36,617,315,302
MCLENNAN COUNTY,309,47 Years,3054,1445,1609,1878,880,998,457,209,248,77,36,41,642,320,322
MCLENNAN COUNTY,309,48 Years,2971,1466,1505,1858,918,940,414,182,232,70,32,38,629,334,295
MCLENNAN COUNTY,309,49 Years,2919,1441,1478,1835,910,925,414,187,227,66,35,31,604,309,295
MCLENNAN COUNTY,309,50 Years,3050,1551,1499,1927,963,964,434,218,216,73,38,35,616,332,284
MCLENNAN COUNTY,309,51 Years,3048,1486,1562,1922,949,973,442,192,250,77,32,45,607,313,294
MCLENNAN COUNTY,309,52 Years,3102,1517,1585,1978,961,1017,477,230,247,73,31,42,574,295,279
MCLENNAN COUNTY,309,53 Years,3058,1521,1537,1966,971,995,459,221,238,71,36,35,562,293,269
MCLENNAN COUNTY,309,54 Years,2967,1414,1553,1977,951,1026,440,190,250,67,30,37,483,243,240
MCLENNAN COUNTY,309,55 Years,2978,1457,1521,1986,975,1011,462,207,255,65,29,36,465,246,219
MCLENNAN COUNTY,309,56 Years,2978,1432,1546,1979,950,1029,465,207,258,64,31,33,470,244,226
MCLENNAN COUNTY,309,57 Years,2990,1412,1578,2016,962,1054,465,203,262,73,32,41,436,215,221
MCLENNAN COUNTY,309,58 Years,2779,1324,1455,1897,913,984,428,185,243,62,28,34,392,198,194
MCLENNAN COUNTY,309,59 Years,2816,1354,1462,1945,951,994,416,180,236,54,19,35,401,204,197
MCLENNAN COUNTY,309,60 Years,2650,1230,1420,1873,889,984,395,151,244,50,18,32,332,172,160
MCLENNAN COUNTY,309,61 Years,2472,1178,1294,1736,828,908,359,161,198,52,20,32,325,169,156
MCLENNAN COUNTY,309,62 Years,2409,1164,1245,1725,837,888,316,145,171,56,25,31,312,157,155
MCLENNAN COUNTY,309,63 Years,2424,1183,1241,1748,861,887,333,153,180,53,26,27,290,143,147
MCLENNAN COUNTY,309,64 Years,2358,1124,1234,1751,838,913,303,141,162,52,21,31,252,124,128
MCLENNAN COUNTY,309,65 Years,2281,1072,1209,1731,813,918,260,117,143,50,19,31,240,123,117
MCLENNAN COUNTY,309,66 Years,1870,871,999,1386,649,737,215,93,122,45,16,29,224,113,111
MCLENNAN COUNTY,309,67 Years,1810,848,962,1356,642,714,222,97,125,32,12,20,200,97,103
MCLENNAN COUNTY,309,68 Years,1761,810,951,1326,631,695,201,80,121,28,7,21,206,92,114
MCLENNAN COUNTY,309,69 Years,1680,785,895,1283,609,674,192,82,110,31,15,16,174,79,95
MCLENNAN COUNTY,309,70 Years,1569,711,858,1210,556,654,171,65,106,37,20,17,151,70,81
MCLENNAN COUNTY,309,71 Years,1454,646,808,1120,503,617,164,72,92,28,9,19,142,62,80
MCLENNAN COUNTY,309,72 Years,1398,634,764,1081,497,584,155,69,86,26,9,17,136,59,77
MCLENNAN COUNTY,309,73 Years,1339,604,735,1044,485,559,147,54,93,20,8,12,128,57,71
MCLENNAN COUNTY,309,74 Years,1339,617,722,1031,482,549,157,65,92,24,10,14,127,60,67
MCLENNAN COUNTY,309,75 Years,1206,549,657,921,424,497,149,58,91,22,12,10,114,55,59
MCLENNAN COUNTY,309,76 Years,1187,510,677,921,405,516,132,52,80,21,10,11,113,43,70
MCLENNAN COUNTY,309,77 Years,1163,511,652,926,417,509,116,44,72,13,8,5,108,42,66
MCLENNAN COUNTY,309,78 Years,1095,456,639,867,366,501,112,40,72,13,7,6,103,43,60
MCLENNAN COUNTY,309,79 Years,1017,420,597,794,327,467,121,47,74,11,3,8,91,43,48
MCLENNAN COUNTY,309,80 Years,941,400,541,745,318,427,102,41,61,14,4,10,80,37,43
MCLENNAN COUNTY,309,81 Years,906,380,526,720,298,422,106,48,58,10,3,7,70,31,39
MCLENNAN COUNTY,309,82 Years,889,360,529,712,287,425,101,38,63,7,2,5,69,33,36
MCLENNAN COUNTY,309,83 Years,863,349,514,686,276,410,104,42,62,8,3,5,65,28,37
MCLENNAN COUNTY,309,84 Years,738,283,455,598,228,370,75,28,47,8,3,5,57,24,33
MCLENNAN COUNTY,309,85 Years +,4446,1442,3004,3684,1207,2477,452,127,325,42,14,28,268,94,174
MCMULLEN COUNTY,311,All Ages,869,452,417,529,267,262,11,7,4,7,1,6,322,177,145
MCMULLEN COUNTY,311,< 1 Year,9,6,3,6,3,3,0,0,0,0,0,0,3,3,0
MCMULLEN COUNTY,311,1 Years,8,5,3,4,2,2,0,0,0,0,0,0,4,3,1
MCMULLEN COUNTY,311,2 Years,7,2,5,2,0,2,0,0,0,0,0,0,5,2,3
MCMULLEN COUNTY,311,3 Years,5,2,3,1,0,1,0,0,0,0,0,0,4,2,2
MCMULLEN COUNTY,311,4 Years,7,4,3,5,3,2,0,0,0,0,0,0,2,1,1
MCMULLEN COUNTY,311,5 Years,8,4,4,7,3,4,0,0,0,0,0,0,1,1,0
MCMULLEN COUNTY,311,6 Years,8,6,2,3,2,1,0,0,0,0,0,0,5,4,1
MCMULLEN COUNTY,311,7 Years,9,5,4,5,3,2,0,0,0,0,0,0,4,2,2
MCMULLEN COUNTY,311,8 Years,5,4,1,3,2,1,1,1,0,0,0,0,1,1,0
MCMULLEN COUNTY,311,9 Years,5,1,4,3,1,2,0,0,0,0,0,0,2,0,2
MCMULLEN COUNTY,311,10 Years,8,2,6,2,0,2,0,0,0,0,0,0,6,2,4
MCMULLEN COUNTY,311,11 Years,10,6,4,5,4,1,0,0,0,0,0,0,5,2,3
MCMULLEN COUNTY,311,12 Years,9,5,4,2,2,0,0,0,0,0,0,0,7,3,4
MCMULLEN COUNTY,311,13 Years,14,8,6,4,2,2,0,0,0,0,0,0,10,6,4
MCMULLEN COUNTY,311,14 Years,18,10,8,7,4,3,1,1,0,0,0,0,10,5,5
MCMULLEN COUNTY,311,15 Years,6,2,4,2,1,1,0,0,0,0,0,0,4,1,3
MCMULLEN COUNTY,311,16 Years,7,4,3,1,0,1,0,0,0,0,0,0,6,4,2
MCMULLEN COUNTY,311,17 Years,7,4,3,3,2,1,0,0,0,0,0,0,4,2,2
MCMULLEN COUNTY,311,18 Years,4,3,1,1,1,0,0,0,0,0,0,0,3,2,1
MCMULLEN COUNTY,311,19 Years,9,3,6,6,2,4,0,0,0,0,0,0,3,1,2
MCMULLEN COUNTY,311,20 Years,13,6,7,5,1,4,0,0,0,0,0,0,8,5,3
MCMULLEN COUNTY,311,21 Years,10,6,4,5,1,4,1,1,0,0,0,0,4,4,0
MCMULLEN COUNTY,311,22 Years,11,7,4,3,1,2,0,0,0,0,0,0,8,6,2
MCMULLEN COUNTY,311,23 Years,8,2,6,2,0,2,0,0,0,0,0,0,6,2,4
MCMULLEN COUNTY,311,24 Years,6,2,4,3,0,3,0,0,0,0,0,0,3,2,1
MCMULLEN COUNTY,311,25 Years,8,3,5,2,1,1,0,0,0,0,0,0,6,2,4
MCMULLEN COUNTY,311,26 Years,7,4,3,2,0,2,0,0,0,0,0,0,5,4,1
MCMULLEN COUNTY,311,27 Years,11,8,3,7,4,3,0,0,0,0,0,0,4,4,0
MCMULLEN COUNTY,311,28 Years,9,3,6,8,2,6,0,0,0,0,0,0,1,1,0
MCMULLEN COUNTY,311,29 Years,8,3,5,6,3,3,0,0,0,0,0,0,2,0,2
MCMULLEN COUNTY,311,30 Years,6,4,2,3,2,1,0,0,0,0,0,0,3,2,1
MCMULLEN COUNTY,311,31 Years,6,4,2,2,2,0,0,0,0,0,0,0,4,2,2
MCMULLEN COUNTY,311,32 Years,10,5,5,4,2,2,1,0,1,2,0,2,3,3,0
MCMULLEN COUNTY,311,33 Years,9,6,3,5,3,2,0,0,0,1,0,1,3,3,0
MCMULLEN COUNTY,311,34 Years,8,5,3,4,4,0,0,0,0,0,0,0,4,1,3
MCMULLEN COUNTY,311,35 Years,5,2,3,3,1,2,0,0,0,0,0,0,2,1,1
MCMULLEN COUNTY,311,36 Years,7,3,4,2,1,1,0,0,0,0,0,0,5,2,3
MCMULLEN COUNTY,311,37 Years,5,2,3,3,1,2,0,0,0,0,0,0,2,1,1
MCMULLEN COUNTY,311,38 Years,8,4,4,6,3,3,0,0,0,0,0,0,2,1,1
MCMULLEN COUNTY,311,39 Years,4,1,3,2,1,1,0,0,0,0,0,0,2,0,2
MCMULLEN COUNTY,311,40 Years,9,5,4,4,4,0,0,0,0,0,0,0,5,1,4
MCMULLEN COUNTY,311,41 Years,5,2,3,2,2,0,0,0,0,0,0,0,3,0,3
MCMULLEN COUNTY,311,42 Years,7,2,5,5,1,4,0,0,0,0,0,0,2,1,1
MCMULLEN COUNTY,311,43 Years,13,9,4,5,2,3,0,0,0,0,0,0,8,7,1
MCMULLEN COUNTY,311,44 Years,8,3,5,3,1,2,1,1,0,0,0,0,4,1,3
MCMULLEN COUNTY,311,45 Years,11,6,5,8,5,3,1,1,0,0,0,0,2,0,2
MCMULLEN COUNTY,311,46 Years,14,5,9,8,3,5,0,0,0,2,0,2,4,2,2
MCMULLEN COUNTY,311,47 Years,19,10,9,8,3,5,0,0,0,1,0,1,10,7,3
MCMULLEN COUNTY,311,48 Years,7,4,3,3,2,1,0,0,0,0,0,0,4,2,2
MCMULLEN COUNTY,311,49 Years,8,4,4,5,4,1,0,0,0,0,0,0,3,0,3
MCMULLEN COUNTY,311,50 Years,10,5,5,5,3,2,0,0,0,0,0,0,5,2,3
MCMULLEN COUNTY,311,51 Years,18,7,11,13,5,8,0,0,0,0,0,0,5,2,3
MCMULLEN COUNTY,311,52 Years,11,4,7,8,3,5,0,0,0,0,0,0,3,1,2
MCMULLEN COUNTY,311,53 Years,15,10,5,8,5,3,0,0,0,0,0,0,7,5,2
MCMULLEN COUNTY,311,54 Years,13,9,4,8,6,2,1,0,1,0,0,0,4,3,1
MCMULLEN COUNTY,311,55 Years,11,5,6,4,2,2,1,0,1,0,0,0,6,3,3
MCMULLEN COUNTY,311,56 Years,26,15,11,19,11,8,0,0,0,0,0,0,7,4,3
MCMULLEN COUNTY,311,57 Years,23,12,11,16,9,7,0,0,0,0,0,0,7,3,4
MCMULLEN COUNTY,311,58 Years,15,7,8,11,5,6,0,0,0,0,0,0,4,2,2
MCMULLEN COUNTY,311,59 Years,15,8,7,12,7,5,0,0,0,0,0,0,3,1,2
MCMULLEN COUNTY,311,60 Years,9,4,5,8,3,5,0,0,0,0,0,0,1,1,0
MCMULLEN COUNTY,311,61 Years,11,8,3,8,6,2,0,0,0,0,0,0,3,2,1
MCMULLEN COUNTY,311,62 Years,10,6,4,7,4,3,0,0,0,0,0,0,3,2,1
MCMULLEN COUNTY,311,63 Years,15,8,7,12,6,6,0,0,0,0,0,0,3,2,1
MCMULLEN COUNTY,311,64 Years,8,4,4,8,4,4,0,0,0,0,0,0,0,0,0
MCMULLEN COUNTY,311,65 Years,11,6,5,10,5,5,0,0,0,0,0,0,1,1,0
MCMULLEN COUNTY,311,66 Years,8,1,7,6,1,5,0,0,0,0,0,0,2,0,2
MCMULLEN COUNTY,311,67 Years,16,8,8,10,6,4,0,0,0,0,0,0,6,2,4
MCMULLEN COUNTY,311,68 Years,13,7,6,10,6,4,0,0,0,0,0,0,3,1,2
MCMULLEN COUNTY,311,69 Years,7,2,5,4,2,2,0,0,0,0,0,0,3,0,3
MCMULLEN COUNTY,311,70 Years,17,8,9,12,4,8,0,0,0,0,0,0,5,4,1
MCMULLEN COUNTY,311,71 Years,10,6,4,9,5,4,0,0,0,0,0,0,1,1,0
MCMULLEN COUNTY,311,72 Years,16,15,1,11,10,1,0,0,0,0,0,0,5,5,0
MCMULLEN COUNTY,311,73 Years,9,6,3,5,3,2,0,0,0,0,0,0,4,3,1
MCMULLEN COUNTY,311,74 Years,17,6,11,11,2,9,0,0,0,0,0,0,6,4,2
MCMULLEN COUNTY,311,75 Years,18,7,11,17,6,11,0,0,0,0,0,0,1,1,0
MCMULLEN COUNTY,311,76 Years,12,6,6,11,5,6,1,1,0,0,0,0,0,0,0
MCMULLEN COUNTY,311,77 Years,10,8,2,9,7,2,1,1,0,0,0,0,0,0,0
MCMULLEN COUNTY,311,78 Years,5,3,2,2,2,0,0,0,0,0,0,0,3,1,2
MCMULLEN COUNTY,311,79 Years,12,5,7,10,4,6,0,0,0,0,0,0,2,1,1
MCMULLEN COUNTY,311,80 Years,14,6,8,11,5,6,1,0,1,0,0,0,2,1,1
MCMULLEN COUNTY,311,81 Years,13,8,5,11,6,5,0,0,0,1,1,0,1,1,0
MCMULLEN COUNTY,311,82 Years,7,3,4,6,3,3,0,0,0,0,0,0,1,0,1
MCMULLEN COUNTY,311,83 Years,2,0,2,2,0,2,0,0,0,0,0,0,0,0,0
MCMULLEN COUNTY,311,84 Years,5,4,1,5,4,1,0,0,0,0,0,0,0,0,0
MCMULLEN COUNTY,311,85 Years +,14,9,5,10,5,5,0,0,0,0,0,0,4,4,0
MADISON COUNTY,313,All Ages,13792,7948,5844,8027,4249,3778,2700,1752,948,276,142,134,2789,1805,984
MADISON COUNTY,313,< 1 Year,151,76,75,74,38,36,26,13,13,4,3,1,47,22,25
MADISON COUNTY,313,1 Years,155,79,76,85,42,43,23,12,11,7,4,3,40,21,19
MADISON COUNTY,313,2 Years,162,84,78,84,46,38,24,12,12,10,4,6,44,22,22
MADISON COUNTY,313,3 Years,157,82,75,87,47,40,22,9,13,12,6,6,36,20,16
MADISON COUNTY,313,4 Years,162,83,79,80,42,38,23,11,12,13,4,9,46,26,20
MADISON COUNTY,313,5 Years,166,87,79,81,44,37,34,17,17,10,5,5,41,21,20
MADISON COUNTY,313,6 Years,164,77,87,77,34,43,38,14,24,5,4,1,44,25,19
MADISON COUNTY,313,7 Years,160,86,74,83,45,38,31,13,18,6,4,2,40,24,16
MADISON COUNTY,313,8 Years,155,84,71,88,48,40,26,15,11,7,2,5,34,19,15
MADISON COUNTY,313,9 Years,153,71,82,84,41,43,29,10,19,6,0,6,34,20,14
MADISON COUNTY,313,10 Years,175,91,84,85,48,37,35,19,16,5,3,2,50,21,29
MADISON COUNTY,313,11 Years,167,92,75,87,50,37,30,17,13,5,5,0,45,20,25
MADISON COUNTY,313,12 Years,167,80,87,95,48,47,28,10,18,4,3,1,40,19,21
MADISON COUNTY,313,13 Years,181,90,91,92,49,43,36,10,26,3,2,1,50,29,21
MADISON COUNTY,313,14 Years,185,92,93,105,53,52,35,14,21,4,2,2,41,23,18
MADISON COUNTY,313,15 Years,171,91,80,97,53,44,24,12,12,6,5,1,44,21,23
MADISON COUNTY,313,16 Years,155,82,73,78,41,37,27,13,14,4,3,1,46,25,21
MADISON COUNTY,313,17 Years,161,75,86,92,41,51,18,6,12,3,2,1,48,26,22
MADISON COUNTY,313,18 Years,200,110,90,95,45,50,46,29,17,2,2,0,57,34,23
MADISON COUNTY,313,19 Years,245,157,88,99,56,43,65,47,18,4,2,2,77,52,25
MADISON COUNTY,313,20 Years,222,146,76,95,63,32,45,34,11,2,0,2,80,49,31
MADISON COUNTY,313,21 Years,240,172,68,92,60,32,64,55,9,1,0,1,83,57,26
MADISON COUNTY,313,22 Years,270,206,64,99,67,32,81,70,11,1,1,0,89,68,21
MADISON COUNTY,313,23 Years,257,186,71,98,58,40,68,53,15,2,1,1,89,74,15
MADISON COUNTY,313,24 Years,283,222,61,108,73,35,93,79,14,1,0,1,81,70,11
MADISON COUNTY,313,25 Years,308,242,66,114,72,42,103,93,10,2,2,0,89,75,14
MADISON COUNTY,313,26 Years,260,206,54,101,64,37,75,71,4,3,2,1,81,69,12
MADISON COUNTY,313,27 Years,232,172,60,110,73,37,71,60,11,4,2,2,47,37,10
MADISON COUNTY,313,28 Years,244,168,76,101,58,43,60,46,14,6,3,3,77,61,16
MADISON COUNTY,313,29 Years,245,169,76,101,60,41,72,56,16,4,2,2,68,51,17
MADISON COUNTY,313,30 Years,217,155,62,89,54,35,71,58,13,5,3,2,52,40,12
MADISON COUNTY,313,31 Years,231,173,58,107,71,36,62,52,10,2,1,1,60,49,11
MADISON COUNTY,313,32 Years,209,142,67,101,63,38,55,45,10,3,2,1,50,32,18
MADISON COUNTY,313,33 Years,192,123,69,97,57,40,43,29,14,4,2,2,48,35,13
MADISON COUNTY,313,34 Years,208,143,65,104,60,44,63,52,11,3,1,2,38,30,8
MADISON COUNTY,313,35 Years,189,134,55,82,47,35,60,53,7,5,3,2,42,31,11
MADISON COUNTY,313,36 Years,168,113,55,90,56,34,33,29,4,4,3,1,41,25,16
MADISON COUNTY,313,37 Years,190,129,61,87,54,33,51,41,10,4,2,2,48,32,16
MADISON COUNTY,313,38 Years,183,111,72,103,60,43,38,24,14,1,0,1,41,27,14
MADISON COUNTY,313,39 Years,184,120,64,89,52,37,48,35,13,0,0,0,47,33,14
MADISON COUNTY,313,40 Years,156,87,69,83,42,41,23,15,8,3,1,2,47,29,18
MADISON COUNTY,313,41 Years,189,122,67,107,63,44,35,28,7,6,3,3,41,28,13
MADISON COUNTY,313,42 Years,187,109,78,119,65,54,31,20,11,2,1,1,35,23,12
MADISON COUNTY,313,43 Years,181,106,75,97,52,45,42,27,15,2,2,0,40,25,15
MADISON COUNTY,313,44 Years,168,100,68,97,54,43,36,23,13,5,4,1,30,19,11
MADISON COUNTY,313,45 Years,146,78,68,91,46,45,27,18,9,2,1,1,26,13,13
MADISON COUNTY,313,46 Years,152,82,70,97,47,50,24,13,11,3,2,1,28,20,8
MADISON COUNTY,313,47 Years,155,88,67,96,53,43,31,18,13,1,1,0,27,16,11
MADISON COUNTY,313,48 Years,164,84,80,102,54,48,23,12,11,5,2,3,34,16,18
MADISON COUNTY,313,49 Years,138,74,64,91,50,41,19,8,11,4,2,2,24,14,10
MADISON COUNTY,313,50 Years,144,67,77,101,44,57,14,5,9,2,1,1,27,17,10
MADISON COUNTY,313,51 Years,144,70,74,98,42,56,23,14,9,3,2,1,20,12,8
MADISON COUNTY,313,52 Years,148,73,75,100,45,55,31,19,12,2,1,1,15,8,7
MADISON COUNTY,313,53 Years,154,75,79,117,56,61,15,4,11,3,3,0,19,12,7
MADISON COUNTY,313,54 Years,159,82,77,126,64,62,10,4,6,2,1,1,21,13,8
MADISON COUNTY,313,55 Years,157,80,77,111,60,51,27,11,16,4,2,2,15,7,8
MADISON COUNTY,313,56 Years,140,73,67,104,56,48,22,7,15,2,2,0,12,8,4
MADISON COUNTY,313,57 Years,153,71,82,113,53,60,24,13,11,3,1,2,13,4,9
MADISON COUNTY,313,58 Years,160,76,84,109,53,56,28,13,15,4,1,3,19,9,10
MADISON COUNTY,313,59 Years,142,66,76,104,50,54,21,8,13,1,0,1,16,8,8
MADISON COUNTY,313,60 Years,134,63,71,105,47,58,16,10,6,3,0,3,10,6,4
MADISON COUNTY,313,61 Years,150,72,78,115,52,63,25,16,9,1,0,1,9,4,5
MADISON COUNTY,313,62 Years,151,77,74,114,53,61,23,17,6,2,0,2,12,7,5
MADISON COUNTY,313,63 Years,151,70,81,118,57,61,21,8,13,3,1,2,9,4,5
MADISON COUNTY,313,64 Years,144,66,78,124,57,67,12,5,7,1,0,1,7,4,3
MADISON COUNTY,313,65 Years,145,72,73,121,59,62,9,4,5,6,4,2,9,5,4
MADISON COUNTY,313,66 Years,124,61,63,101,49,52,12,7,5,5,2,3,6,3,3
MADISON COUNTY,313,67 Years,115,51,64,94,41,53,17,8,9,1,1,0,3,1,2
MADISON COUNTY,313,68 Years,118,56,62,103,47,56,9,4,5,1,1,0,5,4,1
MADISON COUNTY,313,69 Years,109,47,62,90,36,54,13,7,6,2,2,0,4,2,2
MADISON COUNTY,313,70 Years,110,55,55,90,47,43,10,4,6,2,0,2,8,4,4
MADISON COUNTY,313,71 Years,109,58,51,97,51,46,5,2,3,2,1,1,5,4,1
MADISON COUNTY,313,72 Years,118,62,56,102,54,48,10,6,4,2,0,2,4,2,2
MADISON COUNTY,313,73 Years,109,59,50,86,49,37,15,6,9,3,1,2,5,3,2
MADISON COUNTY,313,74 Years,90,48,42,75,44,31,8,1,7,1,0,1,6,3,3
MADISON COUNTY,313,75 Years,79,30,49,66,27,39,9,2,7,0,0,0,4,1,3
MADISON COUNTY,313,76 Years,83,38,45,69,32,37,8,4,4,2,0,2,4,2,2
MADISON COUNTY,313,77 Years,73,31,42,63,28,35,9,3,6,0,0,0,1,0,1
MADISON COUNTY,313,78 Years,68,34,34,61,31,30,5,2,3,0,0,0,2,1,1
MADISON COUNTY,313,79 Years,59,31,28,51,28,23,5,2,3,0,0,0,3,1,2
MADISON COUNTY,313,80 Years,59,28,31,45,25,20,13,3,10,0,0,0,1,0,1
MADISON COUNTY,313,81 Years,58,29,29,44,24,20,13,4,9,0,0,0,1,1,0
MADISON COUNTY,313,82 Years,50,27,23,45,24,21,3,1,2,0,0,0,2,2,0
MADISON COUNTY,313,83 Years,48,22,26,45,21,24,3,1,2,0,0,0,0,0,0
MADISON COUNTY,313,84 Years,37,20,17,31,17,14,4,1,3,0,0,0,2,2,0
MADISON COUNTY,313,85 Years +,240,77,163,193,67,126,41,6,35,3,1,2,3,3,0
MARION COUNTY,315,All Ages,10707,5257,5450,7652,3838,3814,2361,1071,1290,353,177,176,341,171,170
MARION COUNTY,315,< 1 Year,102,45,57,68,30,38,20,9,11,7,3,4,7,3,4
MARION COUNTY,315,1 Years,99,51,48,65,33,32,23,12,11,4,2,2,7,4,3
MARION COUNTY,315,2 Years,112,55,57,61,28,33,34,18,16,9,3,6,8,6,2
MARION COUNTY,315,3 Years,105,57,48,58,28,30,32,20,12,7,3,4,8,6,2
MARION COUNTY,315,4 Years,123,61,62,75,39,36,23,10,13,12,8,4,13,4,9
MARION COUNTY,315,5 Years,106,52,54,68,33,35,24,12,12,5,3,2,9,4,5
MARION COUNTY,315,6 Years,106,57,49,64,35,29,29,16,13,5,3,2,8,3,5
MARION COUNTY,315,7 Years,98,45,53,60,27,33,26,13,13,6,4,2,6,1,5
MARION COUNTY,315,8 Years,93,48,45,58,32,26,24,12,12,5,2,3,6,2,4
MARION COUNTY,315,9 Years,97,51,46,70,35,35,20,13,7,2,1,1,5,2,3
MARION COUNTY,315,10 Years,108,55,53,69,38,31,32,15,17,2,1,1,5,1,4
MARION COUNTY,315,11 Years,107,58,49,69,42,27,28,11,17,6,3,3,4,2,2
MARION COUNTY,315,12 Years,108,55,53,65,35,30,33,14,19,6,4,2,4,2,2
MARION COUNTY,315,13 Years,116,66,50,63,37,26,43,22,21,4,3,1,6,4,2
MARION COUNTY,315,14 Years,135,83,52,84,53,31,37,18,19,6,5,1,8,7,1
MARION COUNTY,315,15 Years,120,66,54,85,50,35,24,9,15,7,5,2,4,2,2
MARION COUNTY,315,16 Years,122,67,55,76,42,34,32,16,16,5,3,2,9,6,3
MARION COUNTY,315,17 Years,124,72,52,65,37,28,42,23,19,5,3,2,12,9,3
MARION COUNTY,315,18 Years,123,61,62,75,35,40,32,14,18,7,4,3,9,8,1
MARION COUNTY,315,19 Years,124,68,56,82,46,36,30,14,16,6,4,2,6,4,2
MARION COUNTY,315,20 Years,121,68,53,82,47,35,29,17,12,4,2,2,6,2,4
MARION COUNTY,315,21 Years,104,56,48,75,43,32,20,8,12,3,2,1,6,3,3
MARION COUNTY,315,22 Years,85,41,44,60,31,29,20,8,12,0,0,0,5,2,3
MARION COUNTY,315,23 Years,79,41,38,45,24,21,27,13,14,3,2,1,4,2,2
MARION COUNTY,315,24 Years,98,50,48,63,35,28,22,9,13,5,3,2,8,3,5
MARION COUNTY,315,25 Years,106,48,58,69,34,35,26,9,17,6,3,3,5,2,3
MARION COUNTY,315,26 Years,103,51,52,77,41,36,20,8,12,4,1,3,2,1,1
MARION COUNTY,315,27 Years,83,36,47,68,31,37,14,4,10,1,1,0,0,0,0
MARION COUNTY,315,28 Years,87,41,46,64,31,33,13,6,7,4,1,3,6,3,3
MARION COUNTY,315,29 Years,102,41,61,56,24,32,32,11,21,7,2,5,7,4,3
MARION COUNTY,315,30 Years,99,45,54,63,29,34,28,12,16,3,2,1,5,2,3
MARION COUNTY,315,31 Years,91,44,47,62,30,32,24,12,12,3,2,1,2,0,2
MARION COUNTY,315,32 Years,104,50,54,70,32,38,28,13,15,5,4,1,1,1,0
MARION COUNTY,315,33 Years,86,41,45,61,28,33,20,10,10,1,1,0,4,2,2
MARION COUNTY,315,34 Years,80,34,46,59,25,34,19,8,11,0,0,0,2,1,1
MARION COUNTY,315,35 Years,100,55,45,69,38,31,21,11,10,6,3,3,4,3,1
MARION COUNTY,315,36 Years,100,51,49,71,40,31,20,9,11,3,1,2,6,1,5
MARION COUNTY,315,37 Years,82,39,43,57,26,31,16,8,8,3,2,1,6,3,3
MARION COUNTY,315,38 Years,89,47,42,66,33,33,17,10,7,3,1,2,3,3,0
MARION COUNTY,315,39 Years,105,48,57,74,39,35,21,5,16,3,1,2,7,3,4
MARION COUNTY,315,40 Years,107,40,67,76,31,45,17,4,13,4,0,4,10,5,5
MARION COUNTY,315,41 Years,121,57,64,85,43,42,24,11,13,7,1,6,5,2,3
MARION COUNTY,315,42 Years,114,60,54,80,44,36,25,14,11,3,1,2,6,1,5
MARION COUNTY,315,43 Years,111,53,58,79,39,40,26,13,13,3,0,3,3,1,2
MARION COUNTY,315,44 Years,114,57,57,87,46,41,22,8,14,3,1,2,2,2,0
MARION COUNTY,315,45 Years,133,66,67,97,49,48,29,12,17,3,2,1,4,3,1
MARION COUNTY,315,46 Years,156,80,76,108,56,52,36,16,20,7,4,3,5,4,1
MARION COUNTY,315,47 Years,154,79,75,111,58,53,34,16,18,6,3,3,3,2,1
MARION COUNTY,315,48 Years,152,80,72,112,59,53,34,18,16,4,2,2,2,1,1
MARION COUNTY,315,49 Years,155,76,79,113,56,57,33,16,17,6,3,3,3,1,2
MARION COUNTY,315,50 Years,177,86,91,132,66,66,37,17,20,4,3,1,4,0,4
MARION COUNTY,315,51 Years,181,81,100,135,69,66,36,10,26,6,2,4,4,0,4
MARION COUNTY,315,52 Years,210,109,101,152,85,67,48,19,29,7,5,2,3,0,3
MARION COUNTY,315,53 Years,205,99,106,147,73,74,50,20,30,4,3,1,4,3,1
MARION COUNTY,315,54 Years,182,83,99,131,63,68,41,15,26,5,2,3,5,3,2
MARION COUNTY,315,55 Years,177,98,79,125,69,56,39,19,20,6,3,3,7,7,0
MARION COUNTY,315,56 Years,169,94,75,122,64,58,36,23,13,7,4,3,4,3,1
MARION COUNTY,315,57 Years,176,88,88,129,65,64,37,19,18,7,3,4,3,1,2
MARION COUNTY,315,58 Years,188,78,110,134,57,77,46,19,27,7,2,5,1,0,1
MARION COUNTY,315,59 Years,168,83,85,120,59,61,42,23,19,4,0,4,2,1,1
MARION COUNTY,315,60 Years,160,80,80,124,61,63,32,16,16,3,2,1,1,1,0
MARION COUNTY,315,61 Years,170,76,94,123,59,64,42,16,26,5,1,4,0,0,0
MARION COUNTY,315,62 Years,190,97,93,134,68,66,50,26,24,5,3,2,1,0,1
MARION COUNTY,315,63 Years,195,104,91,146,79,67,40,19,21,5,3,2,4,3,1
MARION COUNTY,315,64 Years,192,84,108,159,72,87,26,9,17,4,2,2,3,1,2
MARION COUNTY,315,65 Years,205,97,108,169,81,88,30,13,17,4,3,1,2,0,2
MARION COUNTY,315,66 Years,175,81,94,141,66,75,29,13,16,4,2,2,1,0,1
MARION COUNTY,315,67 Years,150,76,74,116,59,57,30,16,14,4,1,3,0,0,0
MARION COUNTY,315,68 Years,144,69,75,119,55,64,23,12,11,2,2,0,0,0,0
MARION COUNTY,315,69 Years,139,69,70,116,55,61,20,12,8,3,2,1,0,0,0
MARION COUNTY,315,70 Years,145,74,71,109,55,54,30,17,13,3,1,2,3,1,2
MARION COUNTY,315,71 Years,157,71,86,124,60,64,29,10,19,3,1,2,1,0,1
MARION COUNTY,315,72 Years,132,69,63,111,60,51,20,9,11,1,0,1,0,0,0
MARION COUNTY,315,73 Years,130,63,67,104,53,51,23,10,13,2,0,2,1,0,1
MARION COUNTY,315,74 Years,116,56,60,94,50,44,18,5,13,3,1,2,1,0,1
MARION COUNTY,315,75 Years,92,36,56,74,30,44,15,6,9,2,0,2,1,0,1
MARION COUNTY,315,76 Years,118,48,70,98,40,58,15,6,9,3,2,1,2,0,2
MARION COUNTY,315,77 Years,88,49,39,65,38,27,17,7,10,2,1,1,4,3,1
MARION COUNTY,315,78 Years,95,46,49,71,36,35,21,8,13,2,1,1,1,1,0
MARION COUNTY,315,79 Years,79,34,45,62,28,34,16,5,11,1,1,0,0,0,0
MARION COUNTY,315,80 Years,77,38,39,64,34,30,13,4,9,0,0,0,0,0,0
MARION COUNTY,315,81 Years,60,29,31,49,24,25,11,5,6,0,0,0,0,0,0
MARION COUNTY,315,82 Years,60,22,38,46,16,30,14,6,8,0,0,0,0,0,0
MARION COUNTY,315,83 Years,54,20,34,46,19,27,8,1,7,0,0,0,0,0,0
MARION COUNTY,315,84 Years,55,24,31,45,21,24,8,2,6,1,1,0,1,0,1
MARION COUNTY,315,85 Years +,247,98,149,177,72,105,64,24,40,5,2,3,1,0,1
MARTIN COUNTY,317,All Ages,5010,2519,2491,2654,1319,1335,68,35,33,70,38,32,2218,1127,1091
MARTIN COUNTY,317,< 1 Year,83,45,38,33,16,17,0,0,0,2,1,1,48,28,20
MARTIN COUNTY,317,1 Years,76,41,35,34,17,17,1,1,0,0,0,0,41,23,18
MARTIN COUNTY,317,2 Years,88,47,41,38,22,16,3,2,1,0,0,0,47,23,24
MARTIN COUNTY,317,3 Years,82,42,40,32,16,16,4,3,1,2,2,0,44,21,23
MARTIN COUNTY,317,4 Years,75,37,38,29,15,14,3,2,1,1,1,0,42,19,23
MARTIN COUNTY,317,5 Years,78,45,33,32,18,14,2,0,2,2,1,1,42,26,16
MARTIN COUNTY,317,6 Years,78,43,35,30,16,14,2,1,1,1,1,0,45,25,20
MARTIN COUNTY,317,7 Years,81,48,33,34,18,16,2,2,0,0,0,0,45,28,17
MARTIN COUNTY,317,8 Years,81,45,36,35,17,18,3,2,1,0,0,0,43,26,17
MARTIN COUNTY,317,9 Years,82,40,42,36,18,18,1,0,1,1,1,0,44,21,23
MARTIN COUNTY,317,10 Years,71,37,34,31,19,12,0,0,0,3,1,2,37,17,20
MARTIN COUNTY,317,11 Years,84,43,41,37,20,17,1,1,0,1,0,1,45,22,23
MARTIN COUNTY,317,12 Years,83,41,42,39,20,19,1,1,0,2,1,1,41,19,22
MARTIN COUNTY,317,13 Years,82,40,42,35,22,13,2,0,2,4,1,3,41,17,24
MARTIN COUNTY,317,14 Years,85,45,40,42,22,20,1,0,1,1,1,0,41,22,19
MARTIN COUNTY,317,15 Years,84,41,43,46,21,25,0,0,0,0,0,0,38,20,18
MARTIN COUNTY,317,16 Years,83,47,36,43,25,18,0,0,0,1,0,1,39,22,17
MARTIN COUNTY,317,17 Years,82,43,39,42,21,21,0,0,0,1,1,0,39,21,18
MARTIN COUNTY,317,18 Years,81,44,37,36,21,15,0,0,0,2,2,0,43,21,22
MARTIN COUNTY,317,19 Years,99,51,48,50,27,23,1,0,1,1,1,0,47,23,24
MARTIN COUNTY,317,20 Years,81,41,40,32,17,15,0,0,0,4,3,1,45,21,24
MARTIN COUNTY,317,21 Years,61,31,30,29,15,14,2,0,2,1,1,0,29,15,14
MARTIN COUNTY,317,22 Years,64,34,30,22,12,10,3,0,3,1,0,1,38,22,16
MARTIN COUNTY,317,23 Years,57,29,28,20,11,9,1,0,1,1,0,1,35,18,17
MARTIN COUNTY,317,24 Years,49,24,25,23,12,11,1,0,1,0,0,0,25,12,13
MARTIN COUNTY,317,25 Years,62,26,36,23,10,13,2,2,0,0,0,0,37,14,23
MARTIN COUNTY,317,26 Years,61,26,35,25,12,13,3,1,2,0,0,0,33,13,20
MARTIN COUNTY,317,27 Years,69,31,38,30,15,15,2,1,1,0,0,0,37,15,22
MARTIN COUNTY,317,28 Years,68,36,32,33,20,13,1,1,0,1,0,1,33,15,18
MARTIN COUNTY,317,29 Years,60,35,25,33,20,13,1,1,0,1,1,0,25,13,12
MARTIN COUNTY,317,30 Years,53,28,25,32,16,16,0,0,0,0,0,0,21,12,9
MARTIN COUNTY,317,31 Years,39,17,22,24,8,16,0,0,0,0,0,0,15,9,6
MARTIN COUNTY,317,32 Years,54,28,26,29,14,15,1,1,0,0,0,0,24,13,11
MARTIN COUNTY,317,33 Years,59,33,26,26,12,14,0,0,0,0,0,0,33,21,12
MARTIN COUNTY,317,34 Years,52,24,28,25,12,13,0,0,0,0,0,0,27,12,15
MARTIN COUNTY,317,35 Years,50,26,24,22,12,10,0,0,0,0,0,0,28,14,14
MARTIN COUNTY,317,36 Years,52,30,22,24,13,11,0,0,0,0,0,0,28,17,11
MARTIN COUNTY,317,37 Years,52,24,28,29,13,16,1,1,0,0,0,0,22,10,12
MARTIN COUNTY,317,38 Years,59,27,32,27,12,15,1,0,1,0,0,0,31,15,16
MARTIN COUNTY,317,39 Years,64,32,32,33,14,19,1,0,1,0,0,0,30,18,12
MARTIN COUNTY,317,40 Years,69,31,38,33,15,18,1,1,0,1,0,1,34,15,19
MARTIN COUNTY,317,41 Years,64,33,31,36,15,21,2,1,1,0,0,0,26,17,9
MARTIN COUNTY,317,42 Years,59,30,29,39,19,20,0,0,0,1,0,1,19,11,8
MARTIN COUNTY,317,43 Years,62,28,34,30,15,15,0,0,0,1,0,1,31,13,18
MARTIN COUNTY,317,44 Years,67,29,38,30,12,18,0,0,0,0,0,0,37,17,20
MARTIN COUNTY,317,45 Years,55,25,30,22,10,12,0,0,0,0,0,0,33,15,18
MARTIN COUNTY,317,46 Years,66,35,31,29,18,11,0,0,0,3,1,2,34,16,18
MARTIN COUNTY,317,47 Years,62,35,27,36,20,16,0,0,0,1,0,1,25,15,10
MARTIN COUNTY,317,48 Years,77,44,33,45,26,19,0,0,0,1,1,0,31,17,14
MARTIN COUNTY,317,49 Years,71,39,32,36,20,16,0,0,0,2,2,0,33,17,16
MARTIN COUNTY,317,50 Years,73,39,34,45,24,21,2,2,0,1,1,0,25,12,13
MARTIN COUNTY,317,51 Years,66,32,34,46,24,22,1,1,0,2,1,1,17,6,11
MARTIN COUNTY,317,52 Years,76,35,41,45,18,27,0,0,0,1,0,1,30,17,13
MARTIN COUNTY,317,53 Years,57,24,33,38,15,23,0,0,0,0,0,0,19,9,10
MARTIN COUNTY,317,54 Years,67,28,39,46,18,28,0,0,0,0,0,0,21,10,11
MARTIN COUNTY,317,55 Years,70,31,39,47,22,25,1,0,1,0,0,0,22,9,13
MARTIN COUNTY,317,56 Years,62,31,31,39,21,18,1,1,0,1,1,0,21,8,13
MARTIN COUNTY,317,57 Years,62,35,27,37,21,16,0,0,0,3,2,1,22,12,10
MARTIN COUNTY,317,58 Years,62,33,29,44,23,21,0,0,0,1,1,0,17,9,8
MARTIN COUNTY,317,59 Years,57,28,29,41,18,23,0,0,0,2,2,0,14,8,6
MARTIN COUNTY,317,60 Years,51,24,27,34,15,19,1,0,1,2,1,1,14,8,6
MARTIN COUNTY,317,61 Years,47,23,24,28,13,15,1,0,1,2,0,2,16,10,6
MARTIN COUNTY,317,62 Years,54,31,23,37,22,15,0,0,0,1,0,1,16,9,7
MARTIN COUNTY,317,63 Years,51,26,25,33,18,15,1,0,1,1,1,0,16,7,9
MARTIN COUNTY,317,64 Years,49,24,25,31,17,14,0,0,0,2,1,1,16,6,10
MARTIN COUNTY,317,65 Years,49,24,25,31,16,15,2,2,0,2,2,0,14,4,10
MARTIN COUNTY,317,66 Years,43,15,28,23,8,15,1,1,0,0,0,0,19,6,13
MARTIN COUNTY,317,67 Years,49,23,26,31,13,18,0,0,0,0,0,0,18,10,8
MARTIN COUNTY,317,68 Years,50,27,23,31,16,15,2,2,0,2,1,1,15,8,7
MARTIN COUNTY,317,69 Years,40,16,24,23,7,16,1,0,1,0,0,0,16,9,7
MARTIN COUNTY,317,70 Years,31,11,20,22,7,15,0,0,0,0,0,0,9,4,5
MARTIN COUNTY,317,71 Years,28,11,17,18,7,11,1,0,1,0,0,0,9,4,5
MARTIN COUNTY,317,72 Years,27,11,16,19,7,12,0,0,0,1,0,1,7,4,3
MARTIN COUNTY,317,73 Years,30,13,17,22,10,12,0,0,0,0,0,0,8,3,5
MARTIN COUNTY,317,74 Years,25,13,12,18,9,9,0,0,0,0,0,0,7,4,3
MARTIN COUNTY,317,75 Years,27,11,16,17,5,12,0,0,0,0,0,0,10,6,4
MARTIN COUNTY,317,76 Years,27,15,12,18,11,7,0,0,0,0,0,0,9,4,5
MARTIN COUNTY,317,77 Years,26,15,11,18,11,7,0,0,0,0,0,0,8,4,4
MARTIN COUNTY,317,78 Years,24,11,13,20,10,10,0,0,0,0,0,0,4,1,3
MARTIN COUNTY,317,79 Years,20,13,7,16,10,6,0,0,0,0,0,0,4,3,1
MARTIN COUNTY,317,80 Years,14,8,6,12,6,6,0,0,0,0,0,0,2,2,0
MARTIN COUNTY,317,81 Years,16,5,11,13,3,10,0,0,0,1,0,1,2,2,0
MARTIN COUNTY,317,82 Years,20,8,12,17,6,11,1,1,0,0,0,0,2,1,1
MARTIN COUNTY,317,83 Years,18,6,12,15,5,10,0,0,0,0,0,0,3,1,2
MARTIN COUNTY,317,84 Years,18,9,9,15,8,7,1,0,1,0,0,0,2,1,1
MARTIN COUNTY,317,85 Years +,68,34,34,53,24,29,1,0,1,1,0,1,13,10,3
MASON COUNTY,319,All Ages,4130,2033,2097,3172,1531,1641,12,6,6,40,18,22,906,478,428
MASON COUNTY,319,< 1 Year,40,20,20,27,13,14,0,0,0,1,0,1,12,7,5
MASON COUNTY,319,1 Years,36,20,16,24,13,11,0,0,0,0,0,0,12,7,5
MASON COUNTY,319,2 Years,33,17,16,21,10,11,0,0,0,0,0,0,12,7,5
MASON COUNTY,319,3 Years,36,19,17,26,13,13,0,0,0,0,0,0,10,6,4
MASON COUNTY,319,4 Years,48,23,25,29,15,14,0,0,0,1,0,1,18,8,10
MASON COUNTY,319,5 Years,45,25,20,31,16,15,0,0,0,1,0,1,13,9,4
MASON COUNTY,319,6 Years,42,24,18,27,15,12,0,0,0,0,0,0,15,9,6
MASON COUNTY,319,7 Years,42,20,22,25,12,13,0,0,0,1,0,1,16,8,8
MASON COUNTY,319,8 Years,43,23,20,33,16,17,1,1,0,0,0,0,9,6,3
MASON COUNTY,319,9 Years,45,23,22,27,15,12,1,0,1,0,0,0,17,8,9
MASON COUNTY,319,10 Years,58,29,29,45,21,24,0,0,0,0,0,0,13,8,5
MASON COUNTY,319,11 Years,41,19,22,30,15,15,0,0,0,1,1,0,10,3,7
MASON COUNTY,319,12 Years,52,28,24,34,19,15,0,0,0,1,1,0,17,8,9
MASON COUNTY,319,13 Years,69,30,39,49,22,27,0,0,0,1,1,0,19,7,12
MASON COUNTY,319,14 Years,55,26,29,41,17,24,0,0,0,2,1,1,12,8,4
MASON COUNTY,319,15 Years,50,23,27,29,11,18,0,0,0,1,1,0,20,11,9
MASON COUNTY,319,16 Years,57,28,29,33,16,17,0,0,0,1,0,1,23,12,11
MASON COUNTY,319,17 Years,56,33,23,34,20,14,0,0,0,1,0,1,21,13,8
MASON COUNTY,319,18 Years,52,26,26,33,18,15,0,0,0,0,0,0,19,8,11
MASON COUNTY,319,19 Years,48,29,19,29,17,12,0,0,0,1,1,0,18,11,7
MASON COUNTY,319,20 Years,45,26,19,28,14,14,2,2,0,0,0,0,15,10,5
MASON COUNTY,319,21 Years,36,21,15,20,10,10,1,1,0,0,0,0,15,10,5
MASON COUNTY,319,22 Years,20,14,6,13,8,5,0,0,0,1,1,0,6,5,1
MASON COUNTY,319,23 Years,26,15,11,13,8,5,1,0,1,1,1,0,11,6,5
MASON COUNTY,319,24 Years,29,17,12,17,11,6,0,0,0,0,0,0,12,6,6
MASON COUNTY,319,25 Years,35,22,13,17,8,9,0,0,0,0,0,0,18,14,4
MASON COUNTY,319,26 Years,23,14,9,14,7,7,0,0,0,0,0,0,9,7,2
MASON COUNTY,319,27 Years,27,12,15,15,6,9,0,0,0,0,0,0,12,6,6
MASON COUNTY,319,28 Years,24,13,11,16,9,7,0,0,0,0,0,0,8,4,4
MASON COUNTY,319,29 Years,19,8,11,11,4,7,1,0,1,0,0,0,7,4,3
MASON COUNTY,319,30 Years,28,12,16,20,9,11,1,0,1,0,0,0,7,3,4
MASON COUNTY,319,31 Years,36,15,21,26,11,15,0,0,0,1,0,1,9,4,5
MASON COUNTY,319,32 Years,30,14,16,22,9,13,0,0,0,1,0,1,7,5,2
MASON COUNTY,319,33 Years,30,13,17,23,10,13,0,0,0,0,0,0,7,3,4
MASON COUNTY,319,34 Years,34,10,24,29,8,21,0,0,0,0,0,0,5,2,3
MASON COUNTY,319,35 Years,42,16,26,32,13,19,0,0,0,0,0,0,10,3,7
MASON COUNTY,319,36 Years,50,25,25,35,20,15,0,0,0,1,0,1,14,5,9
MASON COUNTY,319,37 Years,33,21,12,21,16,5,0,0,0,0,0,0,12,5,7
MASON COUNTY,319,38 Years,32,17,15,23,12,11,0,0,0,0,0,0,9,5,4
MASON COUNTY,319,39 Years,38,20,18,28,14,14,0,0,0,1,1,0,9,5,4
MASON COUNTY,319,40 Years,43,21,22,37,18,19,1,1,0,0,0,0,5,2,3
MASON COUNTY,319,41 Years,42,19,23,28,13,15,0,0,0,1,0,1,13,6,7
MASON COUNTY,319,42 Years,50,26,24,34,18,16,0,0,0,2,2,0,14,6,8
MASON COUNTY,319,43 Years,44,22,22,30,15,15,0,0,0,1,1,0,13,6,7
MASON COUNTY,319,44 Years,39,18,21,28,12,16,0,0,0,0,0,0,11,6,5
MASON COUNTY,319,45 Years,46,20,26,28,14,14,1,0,1,1,0,1,16,6,10
MASON COUNTY,319,46 Years,50,26,24,31,16,15,0,0,0,0,0,0,19,10,9
MASON COUNTY,319,47 Years,43,18,25,27,11,16,0,0,0,0,0,0,16,7,9
MASON COUNTY,319,48 Years,44,19,25,32,14,18,0,0,0,0,0,0,12,5,7
MASON COUNTY,319,49 Years,60,25,35,41,16,25,0,0,0,1,0,1,18,9,9
MASON COUNTY,319,50 Years,65,30,35,48,22,26,1,1,0,1,0,1,15,7,8
MASON COUNTY,319,51 Years,68,37,31,48,25,23,0,0,0,1,0,1,19,12,7
MASON COUNTY,319,52 Years,62,39,23,48,33,15,0,0,0,0,0,0,14,6,8
MASON COUNTY,319,53 Years,53,32,21,44,26,18,0,0,0,0,0,0,9,6,3
MASON COUNTY,319,54 Years,67,33,34,54,28,26,0,0,0,0,0,0,13,5,8
MASON COUNTY,319,55 Years,71,36,35,62,32,30,0,0,0,0,0,0,9,4,5
MASON COUNTY,319,56 Years,62,29,33,43,18,25,0,0,0,0,0,0,19,11,8
MASON COUNTY,319,57 Years,55,28,27,45,21,24,0,0,0,1,1,0,9,6,3
MASON COUNTY,319,58 Years,66,34,32,55,27,28,0,0,0,0,0,0,11,7,4
MASON COUNTY,319,59 Years,68,33,35,57,27,30,0,0,0,0,0,0,11,6,5
MASON COUNTY,319,60 Years,66,32,34,60,28,32,0,0,0,0,0,0,6,4,2
MASON COUNTY,319,61 Years,65,31,34,58,26,32,0,0,0,0,0,0,7,5,2
MASON COUNTY,319,62 Years,69,34,35,65,31,34,0,0,0,0,0,0,4,3,1
MASON COUNTY,319,63 Years,78,33,45,71,28,43,0,0,0,1,1,0,6,4,2
MASON COUNTY,319,64 Years,68,33,35,61,29,32,0,0,0,1,0,1,6,4,2
MASON COUNTY,319,65 Years,89,46,43,79,42,37,0,0,0,0,0,0,10,4,6
MASON COUNTY,319,66 Years,74,35,39,63,33,30,0,0,0,0,0,0,11,2,9
MASON COUNTY,319,67 Years,68,32,36,61,30,31,0,0,0,0,0,0,7,2,5
MASON COUNTY,319,68 Years,70,32,38,62,29,33,0,0,0,1,0,1,7,3,4
MASON COUNTY,319,69 Years,60,24,36,54,22,32,0,0,0,1,0,1,5,2,3
MASON COUNTY,319,70 Years,71,34,37,63,28,35,0,0,0,1,1,0,7,5,2
MASON COUNTY,319,71 Years,61,33,28,55,29,26,0,0,0,1,1,0,5,3,2
MASON COUNTY,319,72 Years,63,30,33,56,24,32,0,0,0,0,0,0,7,6,1
MASON COUNTY,319,73 Years,48,25,23,45,22,23,0,0,0,0,0,0,3,3,0
MASON COUNTY,319,74 Years,43,20,23,39,18,21,0,0,0,0,0,0,4,2,2
MASON COUNTY,319,75 Years,48,25,23,44,23,21,0,0,0,0,0,0,4,2,2
MASON COUNTY,319,76 Years,40,24,16,31,18,13,0,0,0,0,0,0,9,6,3
MASON COUNTY,319,77 Years,43,19,24,38,15,23,0,0,0,1,1,0,4,3,1
MASON COUNTY,319,78 Years,37,21,16,35,19,16,0,0,0,1,1,0,1,1,0
MASON COUNTY,319,79 Years,30,14,16,27,12,15,0,0,0,0,0,0,3,2,1
MASON COUNTY,319,80 Years,32,12,20,29,11,18,0,0,0,0,0,0,3,1,2
MASON COUNTY,319,81 Years,24,12,12,22,12,10,0,0,0,0,0,0,2,0,2
MASON COUNTY,319,82 Years,28,12,16,25,12,13,0,0,0,1,0,1,2,0,2
MASON COUNTY,319,83 Years,21,7,14,18,7,11,0,0,0,2,0,2,1,0,1
MASON COUNTY,319,84 Years,28,10,18,25,9,16,0,0,0,1,0,1,2,1,1
MASON COUNTY,319,85 Years +,123,48,75,116,47,69,1,0,1,0,0,0,6,1,5
MATAGORDA COUNTY,321,All Ages,37132,18596,18536,17243,8554,8689,4084,1946,2138,1195,612,583,14610,7484,7126
MATAGORDA COUNTY,321,< 1 Year,511,248,263,182,90,92,47,21,26,13,7,6,269,130,139
MATAGORDA COUNTY,321,1 Years,522,262,260,180,90,90,49,25,24,13,7,6,280,140,140
MATAGORDA COUNTY,321,2 Years,511,246,265,151,80,71,59,24,35,8,3,5,293,139,154
MATAGORDA COUNTY,321,3 Years,495,269,226,141,73,68,48,25,23,22,11,11,284,160,124
MATAGORDA COUNTY,321,4 Years,511,257,254,162,77,85,47,24,23,15,7,8,287,149,138
MATAGORDA COUNTY,321,5 Years,539,281,258,153,75,78,66,36,30,17,10,7,303,160,143
MATAGORDA COUNTY,321,6 Years,516,268,248,149,82,67,49,23,26,19,8,11,299,155,144
MATAGORDA COUNTY,321,7 Years,517,268,249,159,78,81,47,23,24,20,12,8,291,155,136
MATAGORDA COUNTY,321,8 Years,488,251,237,154,73,81,40,22,18,19,10,9,275,146,129
MATAGORDA COUNTY,321,9 Years,541,293,248,190,107,83,48,24,24,23,12,11,280,150,130
MATAGORDA COUNTY,321,10 Years,510,279,231,180,95,85,54,32,22,20,8,12,256,144,112
MATAGORDA COUNTY,321,11 Years,542,289,253,186,95,91,50,32,18,24,13,11,282,149,133
MATAGORDA COUNTY,321,12 Years,553,294,259,178,91,87,53,34,19,25,14,11,297,155,142
MATAGORDA COUNTY,321,13 Years,537,279,258,176,94,82,65,32,33,29,16,13,267,137,130
MATAGORDA COUNTY,321,14 Years,555,295,260,186,95,91,66,39,27,20,11,9,283,150,133
MATAGORDA COUNTY,321,15 Years,536,273,263,183,97,86,69,32,37,18,8,10,266,136,130
MATAGORDA COUNTY,321,16 Years,554,278,276,182,91,91,68,30,38,26,15,11,278,142,136
MATAGORDA COUNTY,321,17 Years,552,298,254,204,109,95,67,31,36,21,13,8,260,145,115
MATAGORDA COUNTY,321,18 Years,558,285,273,196,98,98,73,38,35,22,10,12,267,139,128
MATAGORDA COUNTY,321,19 Years,602,312,290,215,112,103,78,43,35,25,13,12,284,144,140
MATAGORDA COUNTY,321,20 Years,531,276,255,185,89,96,59,36,23,20,11,9,267,140,127
MATAGORDA COUNTY,321,21 Years,466,257,209,153,86,67,55,31,24,17,10,7,241,130,111
MATAGORDA COUNTY,321,22 Years,458,236,222,155,76,79,62,34,28,12,8,4,229,118,111
MATAGORDA COUNTY,321,23 Years,443,214,229,146,76,70,62,26,36,7,5,2,228,107,121
MATAGORDA COUNTY,321,24 Years,452,215,237,158,80,78,51,19,32,14,6,8,229,110,119
MATAGORDA COUNTY,321,25 Years,425,212,213,156,73,83,35,17,18,14,5,9,220,117,103
MATAGORDA COUNTY,321,26 Years,425,217,208,154,77,77,50,25,25,9,4,5,212,111,101
MATAGORDA COUNTY,321,27 Years,444,221,223,191,80,111,40,24,16,11,6,5,202,111,91
MATAGORDA COUNTY,321,28 Years,424,203,221,166,77,89,51,26,25,16,7,9,191,93,98
MATAGORDA COUNTY,321,29 Years,410,204,206,149,69,80,44,19,25,10,5,5,207,111,96
MATAGORDA COUNTY,321,30 Years,419,218,201,170,94,76,34,12,22,9,4,5,206,108,98
MATAGORDA COUNTY,321,31 Years,418,215,203,172,88,84,36,15,21,9,3,6,201,109,92
MATAGORDA COUNTY,321,32 Years,455,240,215,181,98,83,39,13,26,10,5,5,225,124,101
MATAGORDA COUNTY,321,33 Years,407,199,208,146,71,75,35,18,17,12,7,5,214,103,111
MATAGORDA COUNTY,321,34 Years,396,192,204,151,69,82,30,15,15,10,5,5,205,103,102
MATAGORDA COUNTY,321,35 Years,401,198,203,157,77,80,33,15,18,10,4,6,201,102,99
MATAGORDA COUNTY,321,36 Years,392,192,200,154,71,83,41,22,19,10,6,4,187,93,94
MATAGORDA COUNTY,321,37 Years,386,183,203,152,65,87,42,21,21,12,6,6,180,91,89
MATAGORDA COUNTY,321,38 Years,356,163,193,143,62,81,37,14,23,12,6,6,164,81,83
MATAGORDA COUNTY,321,39 Years,380,168,212,151,65,86,31,11,20,13,5,8,185,87,98
MATAGORDA COUNTY,321,40 Years,405,204,201,171,87,84,38,18,20,18,9,9,178,90,88
MATAGORDA COUNTY,321,41 Years,410,202,208,178,91,87,31,17,14,24,12,12,177,82,95
MATAGORDA COUNTY,321,42 Years,412,194,218,193,86,107,33,17,16,13,7,6,173,84,89
MATAGORDA COUNTY,321,43 Years,429,204,225,208,100,108,42,17,25,18,7,11,161,80,81
MATAGORDA COUNTY,321,44 Years,401,196,205,187,92,95,46,18,28,14,6,8,154,80,74
MATAGORDA COUNTY,321,45 Years,431,217,214,179,92,87,55,22,33,17,8,9,180,95,85
MATAGORDA COUNTY,321,46 Years,440,215,225,182,85,97,63,29,34,16,10,6,179,91,88
MATAGORDA COUNTY,321,47 Years,485,249,236,231,114,117,52,24,28,18,10,8,184,101,83
MATAGORDA COUNTY,321,48 Years,545,292,253,261,131,130,61,34,27,24,11,13,199,116,83
MATAGORDA COUNTY,321,49 Years,548,272,276,273,133,140,72,37,35,20,10,10,183,92,91
MATAGORDA COUNTY,321,50 Years,586,272,314,316,156,160,68,23,45,20,12,8,182,81,101
MATAGORDA COUNTY,321,51 Years,548,272,276,299,150,149,66,26,40,17,8,9,166,88,78
MATAGORDA COUNTY,321,52 Years,576,288,288,320,165,155,71,27,44,22,13,9,163,83,80
MATAGORDA COUNTY,321,53 Years,560,289,271,311,163,148,66,29,37,23,12,11,160,85,75
MATAGORDA COUNTY,321,54 Years,563,291,272,326,165,161,70,33,37,26,11,15,141,82,59
MATAGORDA COUNTY,321,55 Years,597,314,283,336,183,153,92,41,51,17,9,8,152,81,71
MATAGORDA COUNTY,321,56 Years,551,285,266,335,175,160,72,31,41,14,8,6,130,71,59
MATAGORDA COUNTY,321,57 Years,540,286,254,313,162,151,64,38,26,18,9,9,145,77,68
MATAGORDA COUNTY,321,58 Years,543,281,262,333,182,151,59,27,32,17,9,8,134,63,71
MATAGORDA COUNTY,321,59 Years,525,254,271,330,162,168,54,20,34,13,7,6,128,65,63
MATAGORDA COUNTY,321,60 Years,490,231,259,295,136,159,57,29,28,15,8,7,123,58,65
MATAGORDA COUNTY,321,61 Years,454,240,214,271,143,128,48,27,21,17,9,8,118,61,57
MATAGORDA COUNTY,321,62 Years,485,275,210,311,174,137,50,30,20,16,9,7,108,62,46
MATAGORDA COUNTY,321,63 Years,442,239,203,278,144,134,46,28,18,15,7,8,103,60,43
MATAGORDA COUNTY,321,64 Years,430,209,221,287,137,150,42,22,20,13,8,5,88,42,46
MATAGORDA COUNTY,321,65 Years,399,196,203,265,137,128,44,18,26,11,7,4,79,34,45
MATAGORDA COUNTY,321,66 Years,357,174,183,230,115,115,44,23,21,7,4,3,76,32,44
MATAGORDA COUNTY,321,67 Years,337,176,161,231,121,110,32,20,12,5,3,2,69,32,37
MATAGORDA COUNTY,321,68 Years,339,165,174,232,111,121,36,18,18,7,6,1,64,30,34
MATAGORDA COUNTY,321,69 Years,332,158,174,227,104,123,36,20,16,7,5,2,62,29,33
MATAGORDA COUNTY,321,70 Years,319,154,165,214,102,112,31,16,15,6,1,5,68,35,33
MATAGORDA COUNTY,321,71 Years,289,145,144,201,103,98,26,14,12,7,5,2,55,23,32
MATAGORDA COUNTY,321,72 Years,270,137,133,189,106,83,23,11,12,4,1,3,54,19,35
MATAGORDA COUNTY,321,73 Years,271,134,137,199,105,94,23,11,12,3,1,2,46,17,29
MATAGORDA COUNTY,321,74 Years,268,141,127,186,105,81,21,11,10,6,2,4,55,23,32
MATAGORDA COUNTY,321,75 Years,255,120,135,176,81,95,31,14,17,4,2,2,44,23,21
MATAGORDA COUNTY,321,76 Years,214,102,112,133,65,68,31,10,21,6,3,3,44,24,20
MATAGORDA COUNTY,321,77 Years,203,91,112,130,62,68,26,9,17,7,2,5,40,18,22
MATAGORDA COUNTY,321,78 Years,186,73,113,124,52,72,25,7,18,7,2,5,30,12,18
MATAGORDA COUNTY,321,79 Years,167,75,92,112,55,57,23,8,15,4,2,2,28,10,18
MATAGORDA COUNTY,321,80 Years,159,73,86,112,54,58,19,6,13,3,2,1,25,11,14
MATAGORDA COUNTY,321,81 Years,151,64,87,104,47,57,23,7,16,4,2,2,20,8,12
MATAGORDA COUNTY,321,82 Years,155,75,80,108,52,56,19,8,11,3,2,1,25,13,12
MATAGORDA COUNTY,321,83 Years,140,62,78,95,44,51,20,7,13,3,1,2,22,10,12
MATAGORDA COUNTY,321,84 Years,122,47,75,90,34,56,15,6,9,1,1,0,16,6,10
MATAGORDA COUNTY,321,85 Years +,665,215,450,464,146,318,108,35,73,9,3,6,84,31,53
MAVERICK COUNTY,323,All Ages,55892,27301,28591,1572,852,720,76,44,32,746,373,373,53498,26032,27466
MAVERICK COUNTY,323,< 1 Year,1064,547,517,16,11,5,0,0,0,11,3,8,1037,533,504
MAVERICK COUNTY,323,1 Years,960,498,462,19,10,9,0,0,0,14,7,7,927,481,446
MAVERICK COUNTY,323,2 Years,965,492,473,23,12,11,0,0,0,14,3,11,928,477,451
MAVERICK COUNTY,323,3 Years,911,474,437,25,14,11,2,2,0,11,7,4,873,451,422
MAVERICK COUNTY,323,4 Years,927,478,449,20,12,8,1,1,0,19,10,9,887,455,432
MAVERICK COUNTY,323,5 Years,952,477,475,24,14,10,1,1,0,19,13,6,908,449,459
MAVERICK COUNTY,323,6 Years,999,502,497,30,16,14,0,0,0,22,14,8,947,472,475
MAVERICK COUNTY,323,7 Years,1016,510,506,26,14,12,1,0,1,25,15,10,964,481,483
MAVERICK COUNTY,323,8 Years,991,494,497,30,12,18,2,0,2,21,12,9,938,470,468
MAVERICK COUNTY,323,9 Years,976,495,481,29,15,14,0,0,0,18,13,5,929,467,462
MAVERICK COUNTY,323,10 Years,1060,542,518,23,10,13,2,0,2,21,11,10,1014,521,493
MAVERICK COUNTY,323,11 Years,1024,536,488,21,9,12,2,0,2,17,7,10,984,520,464
MAVERICK COUNTY,323,12 Years,1025,544,481,14,4,10,1,0,1,11,7,4,999,533,466
MAVERICK COUNTY,323,13 Years,1063,548,515,19,8,11,2,1,1,8,3,5,1034,536,498
MAVERICK COUNTY,323,14 Years,1029,533,496,15,7,8,0,0,0,13,4,9,1001,522,479
MAVERICK COUNTY,323,15 Years,1035,532,503,12,7,5,1,0,1,17,9,8,1005,516,489
MAVERICK COUNTY,323,16 Years,1095,564,531,15,9,6,2,0,2,9,8,1,1069,547,522
MAVERICK COUNTY,323,17 Years,1078,544,534,22,13,9,1,0,1,11,7,4,1044,524,520
MAVERICK COUNTY,323,18 Years,1093,555,538,22,16,6,0,0,0,15,7,8,1056,532,524
MAVERICK COUNTY,323,19 Years,1114,569,545,21,12,9,0,0,0,10,7,3,1083,550,533
MAVERICK COUNTY,323,20 Years,974,508,466,15,9,6,1,0,1,12,7,5,946,492,454
MAVERICK COUNTY,323,21 Years,880,460,420,17,11,6,1,0,1,10,5,5,852,444,408
MAVERICK COUNTY,323,22 Years,781,400,381,14,8,6,2,1,1,10,7,3,755,384,371
MAVERICK COUNTY,323,23 Years,739,366,373,9,4,5,1,0,1,11,7,4,718,355,363
MAVERICK COUNTY,323,24 Years,751,390,361,15,7,8,0,0,0,15,7,8,721,376,345
MAVERICK COUNTY,323,25 Years,737,421,316,25,17,8,2,1,1,13,7,6,697,396,301
MAVERICK COUNTY,323,26 Years,706,405,301,34,23,11,2,2,0,14,9,5,656,371,285
MAVERICK COUNTY,323,27 Years,664,361,303,37,23,14,2,2,0,13,9,4,612,327,285
MAVERICK COUNTY,323,28 Years,651,338,313,33,16,17,1,0,1,13,7,6,604,315,289
MAVERICK COUNTY,323,29 Years,643,318,325,28,16,12,3,2,1,14,5,9,598,295,303
MAVERICK COUNTY,323,30 Years,616,299,317,29,17,12,3,3,0,13,6,7,571,273,298
MAVERICK COUNTY,323,31 Years,652,312,340,27,16,11,1,1,0,11,6,5,613,289,324
MAVERICK COUNTY,323,32 Years,655,315,340,23,13,10,1,1,0,11,4,7,620,297,323
MAVERICK COUNTY,323,33 Years,627,313,314,25,17,8,1,1,0,10,5,5,591,290,301
MAVERICK COUNTY,323,34 Years,622,303,319,18,10,8,1,1,0,9,5,4,594,287,307
MAVERICK COUNTY,323,35 Years,625,274,351,16,8,8,3,1,2,10,4,6,596,261,335
MAVERICK COUNTY,323,36 Years,669,314,355,22,10,12,1,1,0,11,7,4,635,296,339
MAVERICK COUNTY,323,37 Years,704,317,387,19,8,11,0,0,0,7,3,4,678,306,372
MAVERICK COUNTY,323,38 Years,705,326,379,25,12,13,1,1,0,6,3,3,673,310,363
MAVERICK COUNTY,323,39 Years,725,345,380,18,14,4,1,1,0,8,3,5,698,327,371
MAVERICK COUNTY,323,40 Years,714,321,393,18,9,9,1,1,0,10,5,5,685,306,379
MAVERICK COUNTY,323,41 Years,696,310,386,19,10,9,0,0,0,7,4,3,670,296,374
MAVERICK COUNTY,323,42 Years,683,320,363,17,10,7,1,1,0,7,3,4,658,306,352
MAVERICK COUNTY,323,43 Years,712,347,365,13,6,7,1,1,0,14,4,10,684,336,348
MAVERICK COUNTY,323,44 Years,686,331,355,13,5,8,0,0,0,13,5,8,660,321,339
MAVERICK COUNTY,323,45 Years,656,306,350,16,7,9,1,1,0,12,5,7,627,293,334
MAVERICK COUNTY,323,46 Years,645,299,346,27,14,13,1,1,0,8,4,4,609,280,329
MAVERICK COUNTY,323,47 Years,646,320,326,22,13,9,3,1,2,8,3,5,613,303,310
MAVERICK COUNTY,323,48 Years,657,323,334,19,10,9,1,1,0,9,3,6,628,309,319
MAVERICK COUNTY,323,49 Years,633,298,335,13,7,6,1,1,0,10,7,3,609,283,326
MAVERICK COUNTY,323,50 Years,598,280,318,18,11,7,0,0,0,8,4,4,572,265,307
MAVERICK COUNTY,323,51 Years,614,301,313,18,9,9,0,0,0,11,4,7,585,288,297
MAVERICK COUNTY,323,52 Years,622,308,314,14,7,7,1,1,0,8,4,4,599,296,303
MAVERICK COUNTY,323,53 Years,610,284,326,16,9,7,0,0,0,8,2,6,586,273,313
MAVERICK COUNTY,323,54 Years,580,266,314,13,7,6,2,2,0,6,4,2,559,253,306
MAVERICK COUNTY,323,55 Years,587,248,339,17,6,11,1,1,0,3,1,2,566,240,326
MAVERICK COUNTY,323,56 Years,581,275,306,22,11,11,1,1,0,7,1,6,551,262,289
MAVERICK COUNTY,323,57 Years,610,278,332,23,10,13,2,2,0,5,1,4,580,265,315
MAVERICK COUNTY,323,58 Years,583,257,326,23,11,12,3,2,1,3,1,2,554,243,311
MAVERICK COUNTY,323,59 Years,570,261,309,20,11,9,1,1,0,2,2,0,547,247,300
MAVERICK COUNTY,323,60 Years,536,252,284,20,9,11,1,0,1,5,1,4,510,242,268
MAVERICK COUNTY,323,61 Years,542,254,288,20,8,12,0,0,0,2,1,1,520,245,275
MAVERICK COUNTY,323,62 Years,527,246,281,20,7,13,0,0,0,1,1,0,506,238,268
MAVERICK COUNTY,323,63 Years,454,208,246,23,13,10,0,0,0,4,2,2,427,193,234
MAVERICK COUNTY,323,64 Years,444,189,255,17,8,9,0,0,0,4,2,2,423,179,244
MAVERICK COUNTY,323,65 Years,438,195,243,17,11,6,0,0,0,1,0,1,420,184,236
MAVERICK COUNTY,323,66 Years,416,193,223,16,13,3,0,0,0,7,2,5,393,178,215
MAVERICK COUNTY,323,67 Years,404,180,224,18,10,8,0,0,0,5,2,3,381,168,213
MAVERICK COUNTY,323,68 Years,361,163,198,16,8,8,0,0,0,4,2,2,341,153,188
MAVERICK COUNTY,323,69 Years,352,160,192,18,11,7,1,1,0,2,0,2,331,148,183
MAVERICK COUNTY,323,70 Years,329,127,202,16,10,6,0,0,0,1,0,1,312,117,195
MAVERICK COUNTY,323,71 Years,326,144,182,15,10,5,0,0,0,3,2,1,308,132,176
MAVERICK COUNTY,323,72 Years,301,139,162,12,7,5,1,0,1,1,0,1,287,132,155
MAVERICK COUNTY,323,73 Years,271,116,155,11,7,4,0,0,0,1,0,1,259,109,150
MAVERICK COUNTY,323,74 Years,284,124,160,7,2,5,1,0,1,4,0,4,272,122,150
MAVERICK COUNTY,323,75 Years,278,125,153,8,6,2,1,0,1,2,0,2,267,119,148
MAVERICK COUNTY,323,76 Years,256,119,137,7,5,2,0,0,0,2,1,1,247,113,134
MAVERICK COUNTY,323,77 Years,250,117,133,8,7,1,0,0,0,1,1,0,241,109,132
MAVERICK COUNTY,323,78 Years,238,100,138,8,4,4,0,0,0,0,0,0,230,96,134
MAVERICK COUNTY,323,79 Years,192,82,110,11,4,7,0,0,0,0,0,0,181,78,103
MAVERICK COUNTY,323,80 Years,169,69,100,7,4,3,1,0,1,0,0,0,161,65,96
MAVERICK COUNTY,323,81 Years,181,79,102,7,3,4,1,0,1,0,0,0,173,76,97
MAVERICK COUNTY,323,82 Years,196,83,113,4,2,2,1,0,1,3,2,1,188,79,109
MAVERICK COUNTY,323,83 Years,175,81,94,6,4,2,0,0,0,1,1,0,168,76,92
MAVERICK COUNTY,323,84 Years,150,64,86,3,3,0,0,0,0,2,1,1,145,60,85
MAVERICK COUNTY,323,85 Years +,636,240,396,21,9,12,1,1,0,4,2,2,610,228,382
MEDINA COUNTY,325,All Ages,47087,24231,22856,21648,10849,10799,911,783,128,843,448,395,23685,12151,11534
MEDINA COUNTY,325,< 1 Year,503,274,229,190,100,90,1,0,1,12,6,6,300,168,132
MEDINA COUNTY,325,1 Years,534,275,259,198,100,98,1,1,0,9,5,4,326,169,157
MEDINA COUNTY,325,2 Years,561,296,265,199,104,95,1,0,1,11,6,5,350,186,164
MEDINA COUNTY,325,3 Years,599,299,300,205,116,89,3,0,3,12,3,9,379,180,199
MEDINA COUNTY,325,4 Years,558,268,290,189,100,89,1,1,0,11,5,6,357,162,195
MEDINA COUNTY,325,5 Years,607,302,305,206,100,106,4,1,3,10,6,4,387,195,192
MEDINA COUNTY,325,6 Years,644,339,305,221,115,106,3,1,2,10,4,6,410,219,191
MEDINA COUNTY,325,7 Years,621,308,313,214,107,107,2,1,1,10,4,6,395,196,199
MEDINA COUNTY,325,8 Years,630,305,325,218,109,109,5,2,3,14,10,4,393,184,209
MEDINA COUNTY,325,9 Years,696,342,354,240,115,125,9,4,5,17,8,9,430,215,215
MEDINA COUNTY,325,10 Years,687,363,324,263,135,128,6,4,2,17,12,5,401,212,189
MEDINA COUNTY,325,11 Years,694,353,341,266,135,131,4,2,2,17,11,6,407,205,202
MEDINA COUNTY,325,12 Years,713,372,341,264,137,127,4,1,3,14,8,6,431,226,205
MEDINA COUNTY,325,13 Years,708,367,341,266,127,139,4,0,4,12,7,5,426,233,193
MEDINA COUNTY,325,14 Years,709,363,346,266,134,132,4,1,3,13,6,7,426,222,204
MEDINA COUNTY,325,15 Years,711,370,341,271,153,118,5,3,2,12,5,7,423,209,214
MEDINA COUNTY,325,16 Years,746,390,356,287,162,125,6,3,3,17,8,9,436,217,219
MEDINA COUNTY,325,17 Years,727,374,353,260,131,129,10,7,3,13,5,8,444,231,213
MEDINA COUNTY,325,18 Years,740,413,327,282,149,133,13,12,1,9,7,2,436,245,191
MEDINA COUNTY,325,19 Years,801,472,329,278,161,117,32,30,2,10,6,4,481,275,206
MEDINA COUNTY,325,20 Years,752,450,302,238,136,102,53,53,0,13,9,4,448,252,196
MEDINA COUNTY,325,21 Years,653,413,240,192,113,79,58,57,1,15,10,5,388,233,155
MEDINA COUNTY,325,22 Years,608,387,221,168,104,64,39,37,2,9,6,3,392,240,152
MEDINA COUNTY,325,23 Years,565,358,207,158,94,64,35,34,1,16,13,3,356,217,139
MEDINA COUNTY,325,24 Years,542,323,219,183,101,82,33,32,1,14,13,1,312,177,135
MEDINA COUNTY,325,25 Years,575,345,230,149,77,72,45,44,1,27,24,3,354,200,154
MEDINA COUNTY,325,26 Years,574,367,207,175,105,70,38,38,0,20,16,4,341,208,133
MEDINA COUNTY,325,27 Years,535,320,215,187,104,83,25,24,1,22,19,3,301,173,128
MEDINA COUNTY,325,28 Years,533,297,236,217,114,103,30,29,1,15,9,6,271,145,126
MEDINA COUNTY,325,29 Years,486,241,245,198,87,111,20,19,1,12,6,6,256,129,127
MEDINA COUNTY,325,30 Years,571,318,253,214,103,111,39,39,0,8,4,4,310,172,138
MEDINA COUNTY,325,31 Years,484,263,221,199,100,99,23,23,0,8,4,4,254,136,118
MEDINA COUNTY,325,32 Years,552,303,249,213,111,102,13,13,0,7,3,4,319,176,143
MEDINA COUNTY,325,33 Years,458,226,232,202,101,101,6,5,1,7,3,4,243,117,126
MEDINA COUNTY,325,34 Years,462,214,248,216,105,111,4,2,2,7,3,4,235,104,131
MEDINA COUNTY,325,35 Years,455,223,232,204,107,97,8,7,1,9,4,5,234,105,129
MEDINA COUNTY,325,36 Years,483,240,243,216,114,102,7,6,1,4,1,3,256,119,137
MEDINA COUNTY,325,37 Years,493,257,236,219,109,110,12,12,0,4,2,2,258,134,124
MEDINA COUNTY,325,38 Years,497,226,271,222,91,131,5,4,1,7,3,4,263,128,135
MEDINA COUNTY,325,39 Years,550,252,298,249,105,144,10,10,0,12,4,8,279,133,146
MEDINA COUNTY,325,40 Years,546,267,279,253,111,142,9,7,2,8,3,5,276,146,130
MEDINA COUNTY,325,41 Years,624,336,288,271,140,131,21,20,1,8,4,4,324,172,152
MEDINA COUNTY,325,42 Years,640,309,331,275,128,147,15,14,1,15,4,11,335,163,172
MEDINA COUNTY,325,43 Years,640,303,337,281,122,159,11,10,1,10,6,4,338,165,173
MEDINA COUNTY,325,44 Years,598,294,304,271,132,139,12,12,0,12,3,9,303,147,156
MEDINA COUNTY,325,45 Years,569,282,287,263,127,136,5,5,0,10,6,4,291,144,147
MEDINA COUNTY,325,46 Years,671,359,312,311,159,152,24,22,2,10,5,5,326,173,153
MEDINA COUNTY,325,47 Years,690,359,331,319,162,157,23,19,4,12,4,8,336,174,162
MEDINA COUNTY,325,48 Years,716,388,328,337,179,158,20,17,3,11,5,6,348,187,161
MEDINA COUNTY,325,49 Years,737,407,330,361,183,178,14,11,3,11,5,6,351,208,143
MEDINA COUNTY,325,50 Years,716,367,349,363,174,189,9,5,4,15,8,7,329,180,149
MEDINA COUNTY,325,51 Years,741,374,367,395,202,193,4,2,2,15,5,10,327,165,162
MEDINA COUNTY,325,52 Years,771,366,405,428,210,218,11,6,5,14,5,9,318,145,173
MEDINA COUNTY,325,53 Years,678,344,334,377,187,190,6,3,3,10,5,5,285,149,136
MEDINA COUNTY,325,54 Years,677,313,364,370,173,197,7,2,5,13,3,10,287,135,152
MEDINA COUNTY,325,55 Years,705,352,353,395,190,205,10,6,4,14,5,9,286,151,135
MEDINA COUNTY,325,56 Years,690,337,353,408,200,208,8,6,2,8,2,6,266,129,137
MEDINA COUNTY,325,57 Years,639,323,316,376,195,181,8,7,1,9,4,5,246,117,129
MEDINA COUNTY,325,58 Years,596,302,294,343,178,165,7,6,1,8,3,5,238,115,123
MEDINA COUNTY,325,59 Years,611,306,305,350,175,175,7,4,3,8,4,4,246,123,123
MEDINA COUNTY,325,60 Years,604,292,312,338,165,173,11,8,3,11,7,4,244,112,132
MEDINA COUNTY,325,61 Years,577,282,295,326,162,164,6,4,2,7,3,4,238,113,125
MEDINA COUNTY,325,62 Years,551,268,283,323,161,162,7,3,4,6,3,3,215,101,114
MEDINA COUNTY,325,63 Years,594,298,296,357,180,177,3,0,3,9,5,4,225,113,112
MEDINA COUNTY,325,64 Years,617,306,311,365,176,189,4,2,2,9,5,4,239,123,116
MEDINA COUNTY,325,65 Years,596,290,306,361,181,180,2,1,1,9,3,6,224,105,119
MEDINA COUNTY,325,66 Years,467,238,229,292,155,137,1,0,1,4,2,2,170,81,89
MEDINA COUNTY,325,67 Years,446,229,217,279,147,132,1,0,1,5,5,0,161,77,84
MEDINA COUNTY,325,68 Years,437,207,230,267,129,138,0,0,0,8,5,3,162,73,89
MEDINA COUNTY,325,69 Years,427,201,226,270,127,143,2,2,0,5,1,4,150,71,79
MEDINA COUNTY,325,70 Years,377,180,197,230,113,117,1,1,0,6,3,3,140,63,77
MEDINA COUNTY,325,71 Years,329,161,168,213,106,107,2,1,1,6,3,3,108,51,57
MEDINA COUNTY,325,72 Years,321,179,142,195,98,97,7,7,0,3,2,1,116,72,44
MEDINA COUNTY,325,73 Years,303,153,150,185,100,85,2,2,0,8,2,6,108,49,59
MEDINA COUNTY,325,74 Years,291,136,155,183,93,90,0,0,0,7,1,6,101,42,59
MEDINA COUNTY,325,75 Years,258,111,147,165,78,87,1,0,1,5,2,3,87,31,56
MEDINA COUNTY,325,76 Years,277,134,143,177,89,88,2,1,1,6,4,2,92,40,52
MEDINA COUNTY,325,77 Years,239,113,126,159,78,81,2,0,2,3,3,0,75,32,43
MEDINA COUNTY,325,78 Years,228,106,122,151,72,79,0,0,0,3,1,2,74,33,41
MEDINA COUNTY,325,79 Years,219,110,109,137,68,69,0,0,0,2,1,1,80,41,39
MEDINA COUNTY,325,80 Years,203,94,109,133,60,73,0,0,0,2,2,0,68,32,36
MEDINA COUNTY,325,81 Years,200,90,110,137,61,76,1,1,0,3,2,1,59,26,33
MEDINA COUNTY,325,82 Years,189,80,109,129,55,74,0,0,0,1,1,0,59,24,35
MEDINA COUNTY,325,83 Years,169,82,87,113,61,52,1,1,0,1,0,1,54,20,34
MEDINA COUNTY,325,84 Years,137,62,75,96,44,52,0,0,0,2,1,1,39,17,22
MEDINA COUNTY,325,85 Years +,759,273,486,518,192,326,3,3,0,5,4,1,233,74,159
MENARD COUNTY,327,All Ages,2310,1176,1134,1461,745,716,8,5,3,17,4,13,824,422,402
MENARD COUNTY,327,< 1 Year,18,8,10,10,4,6,0,0,0,0,0,0,8,4,4
MENARD COUNTY,327,1 Years,19,9,10,9,4,5,0,0,0,0,0,0,10,5,5
MENARD COUNTY,327,2 Years,20,12,8,7,5,2,0,0,0,0,0,0,13,7,6
MENARD COUNTY,327,3 Years,29,17,12,16,9,7,0,0,0,0,0,0,13,8,5
MENARD COUNTY,327,4 Years,29,13,16,15,8,7,0,0,0,0,0,0,14,5,9
MENARD COUNTY,327,5 Years,24,9,15,11,5,6,0,0,0,0,0,0,13,4,9
MENARD COUNTY,327,6 Years,29,17,12,14,11,3,0,0,0,0,0,0,15,6,9
MENARD COUNTY,327,7 Years,32,23,9,20,16,4,0,0,0,0,0,0,12,7,5
MENARD COUNTY,327,8 Years,22,16,6,9,8,1,0,0,0,0,0,0,13,8,5
MENARD COUNTY,327,9 Years,22,13,9,11,6,5,0,0,0,0,0,0,11,7,4
MENARD COUNTY,327,10 Years,19,9,10,9,4,5,0,0,0,0,0,0,10,5,5
MENARD COUNTY,327,11 Years,19,9,10,8,3,5,0,0,0,0,0,0,11,6,5
MENARD COUNTY,327,12 Years,24,16,8,11,9,2,0,0,0,0,0,0,13,7,6
MENARD COUNTY,327,13 Years,28,13,15,12,7,5,0,0,0,0,0,0,16,6,10
MENARD COUNTY,327,14 Years,29,20,9,17,10,7,0,0,0,0,0,0,12,10,2
MENARD COUNTY,327,15 Years,21,16,5,9,6,3,0,0,0,0,0,0,12,10,2
MENARD COUNTY,327,16 Years,29,15,14,14,9,5,0,0,0,0,0,0,15,6,9
MENARD COUNTY,327,17 Years,29,15,14,11,8,3,0,0,0,0,0,0,18,7,11
MENARD COUNTY,327,18 Years,20,11,9,12,6,6,1,1,0,0,0,0,7,4,3
MENARD COUNTY,327,19 Years,27,15,12,9,5,4,1,1,0,0,0,0,17,9,8
MENARD COUNTY,327,20 Years,26,14,12,10,7,3,0,0,0,1,0,1,15,7,8
MENARD COUNTY,327,21 Years,20,11,9,7,4,3,1,1,0,0,0,0,12,6,6
MENARD COUNTY,327,22 Years,17,11,6,6,4,2,1,0,1,0,0,0,10,7,3
MENARD COUNTY,327,23 Years,17,10,7,3,3,0,1,0,1,0,0,0,13,7,6
MENARD COUNTY,327,24 Years,14,9,5,5,2,3,0,0,0,0,0,0,9,7,2
MENARD COUNTY,327,25 Years,22,11,11,13,7,6,0,0,0,0,0,0,9,4,5
MENARD COUNTY,327,26 Years,19,14,5,11,8,3,0,0,0,0,0,0,8,6,2
MENARD COUNTY,327,27 Years,20,16,4,11,8,3,0,0,0,0,0,0,9,8,1
MENARD COUNTY,327,28 Years,23,12,11,14,6,8,0,0,0,0,0,0,9,6,3
MENARD COUNTY,327,29 Years,22,10,12,11,4,7,0,0,0,1,0,1,10,6,4
MENARD COUNTY,327,30 Years,23,10,13,11,5,6,0,0,0,1,0,1,11,5,6
MENARD COUNTY,327,31 Years,25,11,14,14,5,9,0,0,0,0,0,0,11,6,5
MENARD COUNTY,327,32 Years,21,8,13,10,3,7,0,0,0,0,0,0,11,5,6
MENARD COUNTY,327,33 Years,14,5,9,8,3,5,0,0,0,0,0,0,6,2,4
MENARD COUNTY,327,34 Years,15,9,6,7,4,3,0,0,0,0,0,0,8,5,3
MENARD COUNTY,327,35 Years,15,8,7,7,4,3,0,0,0,0,0,0,8,4,4
MENARD COUNTY,327,36 Years,20,7,13,12,3,9,0,0,0,1,1,0,7,3,4
MENARD COUNTY,327,37 Years,24,12,12,16,7,9,0,0,0,0,0,0,8,5,3
MENARD COUNTY,327,38 Years,15,7,8,11,6,5,0,0,0,0,0,0,4,1,3
MENARD COUNTY,327,39 Years,18,6,12,15,6,9,0,0,0,0,0,0,3,0,3
MENARD COUNTY,327,40 Years,15,5,10,13,4,9,0,0,0,0,0,0,2,1,1
MENARD COUNTY,327,41 Years,15,5,10,10,3,7,0,0,0,0,0,0,5,2,3
MENARD COUNTY,327,42 Years,19,8,11,7,2,5,0,0,0,0,0,0,12,6,6
MENARD COUNTY,327,43 Years,23,9,14,11,5,6,0,0,0,0,0,0,12,4,8
MENARD COUNTY,327,44 Years,25,13,12,14,7,7,0,0,0,0,0,0,11,6,5
MENARD COUNTY,327,45 Years,24,11,13,17,8,9,0,0,0,0,0,0,7,3,4
MENARD COUNTY,327,46 Years,21,9,12,12,5,7,0,0,0,0,0,0,9,4,5
MENARD COUNTY,327,47 Years,18,8,10,8,2,6,0,0,0,0,0,0,10,6,4
MENARD COUNTY,327,48 Years,26,15,11,14,7,7,0,0,0,0,0,0,12,8,4
MENARD COUNTY,327,49 Years,34,11,23,22,7,15,0,0,0,0,0,0,12,4,8
MENARD COUNTY,327,50 Years,40,18,22,26,11,15,0,0,0,0,0,0,14,7,7
MENARD COUNTY,327,51 Years,40,20,20,27,14,13,0,0,0,1,0,1,12,6,6
MENARD COUNTY,327,52 Years,37,19,18,29,15,14,0,0,0,1,0,1,7,4,3
MENARD COUNTY,327,53 Years,45,23,22,30,16,14,0,0,0,0,0,0,15,7,8
MENARD COUNTY,327,54 Years,34,15,19,21,10,11,1,0,1,0,0,0,12,5,7
MENARD COUNTY,327,55 Years,33,14,19,25,10,15,0,0,0,0,0,0,8,4,4
MENARD COUNTY,327,56 Years,37,20,17,23,15,8,0,0,0,0,0,0,14,5,9
MENARD COUNTY,327,57 Years,36,19,17,25,14,11,0,0,0,0,0,0,11,5,6
MENARD COUNTY,327,58 Years,36,17,19,23,9,14,1,1,0,2,1,1,10,6,4
MENARD COUNTY,327,59 Years,35,14,21,25,10,15,0,0,0,3,0,3,7,4,3
MENARD COUNTY,327,60 Years,28,16,12,20,12,8,0,0,0,1,0,1,7,4,3
MENARD COUNTY,327,61 Years,36,17,19,26,12,14,0,0,0,0,0,0,10,5,5
MENARD COUNTY,327,62 Years,38,14,24,28,11,17,0,0,0,0,0,0,10,3,7
MENARD COUNTY,327,63 Years,44,20,24,28,10,18,1,1,0,0,0,0,15,9,6
MENARD COUNTY,327,64 Years,38,22,16,26,14,12,0,0,0,0,0,0,12,8,4
MENARD COUNTY,327,65 Years,37,18,19,27,12,15,0,0,0,0,0,0,10,6,4
MENARD COUNTY,327,66 Years,31,16,15,24,13,11,0,0,0,0,0,0,7,3,4
MENARD COUNTY,327,67 Years,41,24,17,32,20,12,0,0,0,1,0,1,8,4,4
MENARD COUNTY,327,68 Years,51,31,20,39,24,15,0,0,0,1,0,1,11,7,4
MENARD COUNTY,327,69 Years,49,28,21,40,24,16,0,0,0,1,1,0,8,3,5
MENARD COUNTY,327,70 Years,36,22,14,26,17,9,0,0,0,1,1,0,9,4,5
MENARD COUNTY,327,71 Years,29,15,14,19,9,10,0,0,0,0,0,0,10,6,4
MENARD COUNTY,327,72 Years,35,18,17,30,15,15,0,0,0,0,0,0,5,3,2
MENARD COUNTY,327,73 Years,30,16,14,27,13,14,0,0,0,0,0,0,3,3,0
MENARD COUNTY,327,74 Years,24,14,10,17,11,6,0,0,0,0,0,0,7,3,4
MENARD COUNTY,327,75 Years,24,10,14,17,8,9,0,0,0,0,0,0,7,2,5
MENARD COUNTY,327,76 Years,20,8,12,15,7,8,0,0,0,0,0,0,5,1,4
MENARD COUNTY,327,77 Years,12,5,7,9,5,4,0,0,0,0,0,0,3,0,3
MENARD COUNTY,327,78 Years,24,9,15,18,7,11,0,0,0,0,0,0,6,2,4
MENARD COUNTY,327,79 Years,19,9,10,13,6,7,0,0,0,0,0,0,6,3,3
MENARD COUNTY,327,80 Years,21,12,9,19,10,9,0,0,0,0,0,0,2,2,0
MENARD COUNTY,327,81 Years,17,8,9,14,7,7,0,0,0,0,0,0,3,1,2
MENARD COUNTY,327,82 Years,18,11,7,15,10,5,0,0,0,1,0,1,2,1,1
MENARD COUNTY,327,83 Years,21,11,10,18,9,9,0,0,0,0,0,0,3,2,1
MENARD COUNTY,327,84 Years,18,6,12,14,5,9,0,0,0,0,0,0,4,1,3
MENARD COUNTY,327,85 Years +,97,46,51,82,38,44,0,0,0,0,0,0,15,8,7
MIDLAND COUNTY,329,All Ages,145822,71773,74049,75722,37082,38640,9116,4424,4692,4195,2100,2095,56789,28167,28622
MIDLAND COUNTY,329,< 1 Year,2459,1267,1192,1029,523,506,129,64,65,92,51,41,1209,629,580
MIDLAND COUNTY,329,1 Years,2348,1203,1145,946,485,461,136,68,68,66,37,29,1200,613,587
MIDLAND COUNTY,329,2 Years,2324,1200,1124,903,476,427,139,65,74,75,38,37,1207,621,586
MIDLAND COUNTY,329,3 Years,2284,1190,1094,870,459,411,145,82,63,85,44,41,1184,605,579
MIDLAND COUNTY,329,4 Years,2329,1192,1137,892,473,419,148,71,77,80,34,46,1209,614,595
MIDLAND COUNTY,329,5 Years,2299,1183,1116,840,434,406,163,78,85,79,37,42,1217,634,583
MIDLAND COUNTY,329,6 Years,2218,1149,1069,831,437,394,159,93,66,76,35,41,1152,584,568
MIDLAND COUNTY,329,7 Years,2195,1130,1065,829,446,383,149,80,69,77,40,37,1140,564,576
MIDLAND COUNTY,329,8 Years,2179,1130,1049,821,431,390,146,74,72,85,48,37,1127,577,550
MIDLAND COUNTY,329,9 Years,2118,1085,1033,801,406,395,148,77,71,59,33,26,1110,569,541
MIDLAND COUNTY,329,10 Years,2117,1085,1032,799,419,380,143,75,68,72,40,32,1103,551,552
MIDLAND COUNTY,329,11 Years,2163,1086,1077,833,414,419,142,65,77,83,45,38,1105,562,543
MIDLAND COUNTY,329,12 Years,2175,1093,1082,858,433,425,153,73,80,71,39,32,1093,548,545
MIDLAND COUNTY,329,13 Years,2133,1106,1027,855,442,413,141,71,70,65,35,30,1072,558,514
MIDLAND COUNTY,329,14 Years,2083,1076,1007,827,438,389,118,56,62,63,35,28,1075,547,528
MIDLAND COUNTY,329,15 Years,2069,1078,991,851,449,402,139,71,68,61,29,32,1018,529,489
MIDLAND COUNTY,329,16 Years,2054,1064,990,872,441,431,119,59,60,63,33,30,1000,531,469
MIDLAND COUNTY,329,17 Years,2112,1064,1048,920,470,450,126,66,60,53,32,21,1013,496,517
MIDLAND COUNTY,329,18 Years,2146,1087,1059,946,486,460,126,71,55,68,44,24,1006,486,520
MIDLAND COUNTY,329,19 Years,2112,1071,1041,910,475,435,144,81,63,57,35,22,1001,480,521
MIDLAND COUNTY,329,20 Years,2071,1037,1034,865,453,412,153,74,79,61,34,27,992,476,516
MIDLAND COUNTY,329,21 Years,2108,1054,1054,839,437,402,184,82,102,67,33,34,1018,502,516
MIDLAND COUNTY,329,22 Years,1953,949,1004,779,390,389,161,84,77,51,20,31,962,455,507
MIDLAND COUNTY,329,23 Years,1869,894,975,765,364,401,119,67,52,49,25,24,936,438,498
MIDLAND COUNTY,329,24 Years,1904,932,972,787,382,405,120,70,50,55,24,31,942,456,486
MIDLAND COUNTY,329,25 Years,2112,1040,1072,926,450,476,144,73,71,63,30,33,979,487,492
MIDLAND COUNTY,329,26 Years,2239,1094,1145,1052,523,529,163,76,87,57,25,32,967,470,497
MIDLAND COUNTY,329,27 Years,2271,1139,1132,1091,555,536,139,74,65,65,29,36,976,481,495
MIDLAND COUNTY,329,28 Years,2268,1171,1097,1086,550,536,133,72,61,80,33,47,969,516,453
MIDLAND COUNTY,329,29 Years,2318,1169,1149,1128,579,549,125,68,57,84,39,45,981,483,498
MIDLAND COUNTY,329,30 Years,2260,1122,1138,1077,545,532,128,64,64,73,34,39,982,479,503
MIDLAND COUNTY,329,31 Years,2151,1084,1067,1046,532,514,113,51,62,68,35,33,924,466,458
MIDLAND COUNTY,329,32 Years,2170,1125,1045,1077,580,497,133,60,73,59,34,25,901,451,450
MIDLAND COUNTY,329,33 Years,1981,1016,965,983,532,451,114,54,60,55,23,32,829,407,422
MIDLAND COUNTY,329,34 Years,1931,957,974,928,473,455,99,51,48,58,19,39,846,414,432
MIDLAND COUNTY,329,35 Years,1815,929,886,851,418,433,105,55,50,55,31,24,804,425,379
MIDLAND COUNTY,329,36 Years,1709,886,823,788,400,388,109,54,55,70,37,33,742,395,347
MIDLAND COUNTY,329,37 Years,1779,893,886,842,411,431,103,46,57,56,31,25,778,405,373
MIDLAND COUNTY,329,38 Years,1701,855,846,798,405,393,84,40,44,58,34,24,761,376,385
MIDLAND COUNTY,329,39 Years,1696,865,831,798,405,393,107,58,49,43,18,25,748,384,364
MIDLAND COUNTY,329,40 Years,1750,879,871,858,431,427,102,54,48,44,18,26,746,376,370
MIDLAND COUNTY,329,41 Years,1738,817,921,871,410,461,103,40,63,66,30,36,698,337,361
MIDLAND COUNTY,329,42 Years,1705,847,858,857,444,413,108,46,62,76,34,42,664,323,341
MIDLAND COUNTY,329,43 Years,1715,836,879,867,424,443,110,53,57,59,24,35,679,335,344
MIDLAND COUNTY,329,44 Years,1625,788,837,803,384,419,110,55,55,44,23,21,668,326,342
MIDLAND COUNTY,329,45 Years,1588,767,821,811,377,434,106,53,53,42,26,16,629,311,318
MIDLAND COUNTY,329,46 Years,1630,807,823,829,405,424,105,54,51,44,29,15,652,319,333
MIDLAND COUNTY,329,47 Years,1705,850,855,873,427,446,116,60,56,45,27,18,671,336,335
MIDLAND COUNTY,329,48 Years,1827,867,960,987,455,532,136,64,72,51,27,24,653,321,332
MIDLAND COUNTY,329,49 Years,1972,950,1022,1121,541,580,138,63,75,49,18,31,664,328,336
MIDLAND COUNTY,329,50 Years,2030,965,1065,1234,594,640,124,56,68,40,18,22,632,297,335
MIDLAND COUNTY,329,51 Years,2073,945,1128,1286,579,707,135,61,74,49,23,26,603,282,321
MIDLAND COUNTY,329,52 Years,2160,1040,1120,1368,657,711,129,61,68,62,27,35,601,295,306
MIDLAND COUNTY,329,53 Years,2123,1022,1101,1395,666,729,126,60,66,50,23,27,552,273,279
MIDLAND COUNTY,329,54 Years,2115,1038,1077,1414,683,731,124,61,63,45,26,19,532,268,264
MIDLAND COUNTY,329,55 Years,2138,1067,1071,1411,705,706,130,61,69,53,30,23,544,271,273
MIDLAND COUNTY,329,56 Years,2107,1014,1093,1392,677,715,125,57,68,46,21,25,544,259,285
MIDLAND COUNTY,329,57 Years,2025,988,1037,1406,687,719,109,46,63,44,21,23,466,234,232
MIDLAND COUNTY,329,58 Years,1925,950,975,1309,647,662,126,64,62,50,27,23,440,212,228
MIDLAND COUNTY,329,59 Years,1806,884,922,1242,626,616,107,53,54,55,29,26,402,176,226
MIDLAND COUNTY,329,60 Years,1664,825,839,1161,582,579,110,51,59,37,19,18,356,173,183
MIDLAND COUNTY,329,61 Years,1567,752,815,1084,532,552,100,46,54,46,21,25,337,153,184
MIDLAND COUNTY,329,62 Years,1483,717,766,1000,495,505,83,36,47,46,22,24,354,164,190
MIDLAND COUNTY,329,63 Years,1339,667,672,922,468,454,70,37,33,43,23,20,304,139,165
MIDLAND COUNTY,329,64 Years,1261,622,639,879,450,429,69,25,44,35,15,20,278,132,146
MIDLAND COUNTY,329,65 Years,1258,618,640,903,450,453,65,28,37,37,15,22,253,125,128
MIDLAND COUNTY,329,66 Years,1013,520,493,698,362,336,66,36,30,30,17,13,219,105,114
MIDLAND COUNTY,329,67 Years,909,421,488,633,299,334,56,22,34,25,14,11,195,86,109
MIDLAND COUNTY,329,68 Years,915,433,482,651,312,339,55,24,31,17,10,7,192,87,105
MIDLAND COUNTY,329,69 Years,888,420,468,630,307,323,61,31,30,16,7,9,181,75,106
MIDLAND COUNTY,329,70 Years,815,367,448,584,262,322,56,28,28,20,13,7,155,64,91
MIDLAND COUNTY,329,71 Years,722,324,398,498,222,276,51,20,31,16,10,6,157,72,85
MIDLAND COUNTY,329,72 Years,695,292,403,505,212,293,50,20,30,18,10,8,122,50,72
MIDLAND COUNTY,329,73 Years,664,281,383,480,205,275,42,21,21,18,8,10,124,47,77
MIDLAND COUNTY,329,74 Years,697,294,403,521,214,307,41,20,21,13,4,9,122,56,66
MIDLAND COUNTY,329,75 Years,667,289,378,499,213,286,45,16,29,12,4,8,111,56,55
MIDLAND COUNTY,329,76 Years,655,300,355,487,216,271,43,21,22,8,3,5,117,60,57
MIDLAND COUNTY,329,77 Years,657,295,362,489,217,272,40,16,24,10,6,4,118,56,62
MIDLAND COUNTY,329,78 Years,597,263,334,465,211,254,33,11,22,4,2,2,95,39,56
MIDLAND COUNTY,329,79 Years,572,232,340,455,194,261,29,9,20,5,2,3,83,27,56
MIDLAND COUNTY,329,80 Years,554,215,339,437,166,271,33,12,21,6,2,4,78,35,43
MIDLAND COUNTY,329,81 Years,530,206,324,419,156,263,33,12,21,10,4,6,68,34,34
MIDLAND COUNTY,329,82 Years,487,204,283,378,154,224,24,9,15,7,2,5,78,39,39
MIDLAND COUNTY,329,83 Years,481,173,308,378,135,243,23,5,18,7,4,3,73,29,44
MIDLAND COUNTY,329,84 Years,453,174,279,373,147,226,17,5,12,6,2,4,57,20,37
MIDLAND COUNTY,329,85 Years +,2299,798,1501,1920,661,1259,103,28,75,32,8,24,244,101,143
MILAM COUNTY,331,All Ages,25240,12477,12763,16298,7997,8301,2430,1157,1273,393,206,187,6119,3117,3002
MILAM COUNTY,331,< 1 Year,310,155,155,156,82,74,28,10,18,6,4,2,120,59,61
MILAM COUNTY,331,1 Years,323,166,157,165,86,79,27,13,14,5,3,2,126,64,62
MILAM COUNTY,331,2 Years,325,168,157,138,80,58,30,15,15,10,6,4,147,67,80
MILAM COUNTY,331,3 Years,343,179,164,151,83,68,30,16,14,10,5,5,152,75,77
MILAM COUNTY,331,4 Years,359,189,170,171,92,79,38,19,19,11,7,4,139,71,68
MILAM COUNTY,331,5 Years,365,179,186,173,86,87,40,20,20,9,7,2,143,66,77
MILAM COUNTY,331,6 Years,330,172,158,171,84,87,33,20,13,9,5,4,117,63,54
MILAM COUNTY,331,7 Years,364,182,182,185,91,94,34,19,15,10,5,5,135,67,68
MILAM COUNTY,331,8 Years,361,183,178,183,95,88,30,15,15,8,5,3,140,68,72
MILAM COUNTY,331,9 Years,336,175,161,164,87,77,34,16,18,7,6,1,131,66,65
MILAM COUNTY,331,10 Years,369,194,175,187,98,89,33,16,17,8,4,4,141,76,65
MILAM COUNTY,331,11 Years,380,191,189,184,94,90,47,25,22,6,2,4,143,70,73
MILAM COUNTY,331,12 Years,371,200,171,182,102,80,45,25,20,6,3,3,138,70,68
MILAM COUNTY,331,13 Years,343,186,157,181,102,79,31,14,17,7,3,4,124,67,57
MILAM COUNTY,331,14 Years,342,180,162,181,103,78,40,16,24,6,5,1,115,56,59
MILAM COUNTY,331,15 Years,385,201,184,211,117,94,43,22,21,8,5,3,123,57,66
MILAM COUNTY,331,16 Years,394,216,178,216,119,97,44,26,18,9,4,5,125,67,58
MILAM COUNTY,331,17 Years,416,227,189,219,115,104,56,32,24,10,6,4,131,74,57
MILAM COUNTY,331,18 Years,428,221,207,216,108,108,59,34,25,11,7,4,142,72,70
MILAM COUNTY,331,19 Years,405,222,183,209,114,95,56,36,20,8,2,6,132,70,62
MILAM COUNTY,331,20 Years,353,184,169,195,101,94,41,20,21,6,3,3,111,60,51
MILAM COUNTY,331,21 Years,275,131,144,145,68,77,29,14,15,4,2,2,97,47,50
MILAM COUNTY,331,22 Years,234,119,115,117,59,58,30,17,13,4,3,1,83,40,43
MILAM COUNTY,331,23 Years,236,114,122,117,51,66,27,16,11,3,1,2,89,46,43
MILAM COUNTY,331,24 Years,236,126,110,139,68,71,22,13,9,2,2,0,73,43,30
MILAM COUNTY,331,25 Years,230,121,109,135,71,64,25,15,10,4,2,2,66,33,33
MILAM COUNTY,331,26 Years,237,122,115,135,63,72,23,14,9,2,2,0,77,43,34
MILAM COUNTY,331,27 Years,247,120,127,135,62,73,23,13,10,4,2,2,85,43,42
MILAM COUNTY,331,28 Years,245,130,115,131,79,52,21,7,14,2,1,1,91,43,48
MILAM COUNTY,331,29 Years,270,139,131,155,83,72,22,9,13,7,3,4,86,44,42
MILAM COUNTY,331,30 Years,246,124,122,143,68,75,23,9,14,3,2,1,77,45,32
MILAM COUNTY,331,31 Years,241,115,126,148,69,79,18,6,12,2,1,1,73,39,34
MILAM COUNTY,331,32 Years,253,118,135,151,68,83,25,10,15,4,2,2,73,38,35
MILAM COUNTY,331,33 Years,246,102,144,155,58,97,19,6,13,3,2,1,69,36,33
MILAM COUNTY,331,34 Years,256,114,142,156,67,89,19,4,15,3,3,0,78,40,38
MILAM COUNTY,331,35 Years,253,119,134,149,71,78,24,8,16,1,1,0,79,39,40
MILAM COUNTY,331,36 Years,286,141,145,159,82,77,33,13,20,4,3,1,90,43,47
MILAM COUNTY,331,37 Years,252,119,133,152,69,83,23,10,13,4,1,3,73,39,34
MILAM COUNTY,331,38 Years,264,121,143,153,71,82,28,9,19,3,1,2,80,40,40
MILAM COUNTY,331,39 Years,255,124,131,166,82,84,21,7,14,2,1,1,66,34,32
MILAM COUNTY,331,40 Years,284,143,141,191,91,100,28,16,12,5,3,2,60,33,27
MILAM COUNTY,331,41 Years,301,166,135,194,110,84,25,13,12,3,1,2,79,42,37
MILAM COUNTY,331,42 Years,295,147,148,184,94,90,27,9,18,6,2,4,78,42,36
MILAM COUNTY,331,43 Years,281,127,154,179,83,96,24,8,16,7,4,3,71,32,39
MILAM COUNTY,331,44 Years,280,140,140,192,97,95,19,9,10,4,3,1,65,31,34
MILAM COUNTY,331,45 Years,299,150,149,198,101,97,34,15,19,4,3,1,63,31,32
MILAM COUNTY,331,46 Years,319,150,169,204,98,106,36,16,20,7,4,3,72,32,40
MILAM COUNTY,331,47 Years,321,167,154,214,110,104,32,17,15,3,0,3,72,40,32
MILAM COUNTY,331,48 Years,333,164,169,230,113,117,34,17,17,1,0,1,68,34,34
MILAM COUNTY,331,49 Years,372,179,193,259,126,133,35,16,19,7,4,3,71,33,38
MILAM COUNTY,331,50 Years,341,164,177,236,110,126,38,17,21,8,3,5,59,34,25
MILAM COUNTY,331,51 Years,359,185,174,246,125,121,43,26,17,5,2,3,65,32,33
MILAM COUNTY,331,52 Years,377,182,195,263,129,134,47,22,25,4,3,1,63,28,35
MILAM COUNTY,331,53 Years,340,174,166,245,118,127,41,22,19,5,4,1,49,30,19
MILAM COUNTY,331,54 Years,355,176,179,251,117,134,31,18,13,6,4,2,67,37,30
MILAM COUNTY,331,55 Years,360,174,186,270,128,142,31,16,15,4,4,0,55,26,29
MILAM COUNTY,331,56 Years,368,188,180,274,134,140,31,17,14,6,3,3,57,34,23
MILAM COUNTY,331,57 Years,350,163,187,262,126,136,33,12,21,6,1,5,49,24,25
MILAM COUNTY,331,58 Years,357,174,183,278,140,138,33,16,17,2,0,2,44,18,26
MILAM COUNTY,331,59 Years,333,157,176,265,121,144,24,10,14,1,1,0,43,25,18
MILAM COUNTY,331,60 Years,332,157,175,264,126,138,22,7,15,4,2,2,42,22,20
MILAM COUNTY,331,61 Years,353,165,188,280,127,153,28,16,12,4,2,2,41,20,21
MILAM COUNTY,331,62 Years,321,158,163,251,126,125,30,16,14,4,1,3,36,15,21
MILAM COUNTY,331,63 Years,304,153,151,233,118,115,28,14,14,5,0,5,38,21,17
MILAM COUNTY,331,64 Years,310,164,146,238,123,115,32,17,15,4,2,2,36,22,14
MILAM COUNTY,331,65 Years,353,177,176,283,139,144,25,13,12,3,1,2,42,24,18
MILAM COUNTY,331,66 Years,278,147,131,225,123,102,21,10,11,2,0,2,30,14,16
MILAM COUNTY,331,67 Years,283,149,134,226,120,106,17,7,10,3,2,1,37,20,17
MILAM COUNTY,331,68 Years,259,129,130,208,104,104,18,8,10,6,3,3,27,14,13
MILAM COUNTY,331,69 Years,255,131,124,214,111,103,19,9,10,4,2,2,18,9,9
MILAM COUNTY,331,70 Years,232,120,112,195,103,92,18,8,10,3,1,2,16,8,8
MILAM COUNTY,331,71 Years,213,108,105,175,93,82,16,6,10,3,1,2,19,8,11
MILAM COUNTY,331,72 Years,200,98,102,163,82,81,14,3,11,2,1,1,21,12,9
MILAM COUNTY,331,73 Years,192,90,102,157,74,83,18,6,12,1,0,1,16,10,6
MILAM COUNTY,331,74 Years,204,94,110,166,78,88,14,7,7,3,0,3,21,9,12
MILAM COUNTY,331,75 Years,203,85,118,165,72,93,18,7,11,3,1,2,17,5,12
MILAM COUNTY,331,76 Years,189,91,98,154,72,82,16,8,8,1,0,1,18,11,7
MILAM COUNTY,331,77 Years,163,79,84,131,58,73,16,10,6,0,0,0,16,11,5
MILAM COUNTY,331,78 Years,167,73,94,138,62,76,18,6,12,1,1,0,10,4,6
MILAM COUNTY,331,79 Years,154,72,82,130,60,70,12,6,6,3,1,2,9,5,4
MILAM COUNTY,331,80 Years,138,56,82,120,49,71,8,4,4,1,0,1,9,3,6
MILAM COUNTY,331,81 Years,141,57,84,115,49,66,16,5,11,1,0,1,9,3,6
MILAM COUNTY,331,82 Years,127,54,73,107,47,60,14,3,11,0,0,0,6,4,2
MILAM COUNTY,331,83 Years,140,59,81,116,51,65,14,5,9,1,0,1,9,3,6
MILAM COUNTY,331,84 Years,116,42,74,96,33,63,10,5,5,1,1,0,9,3,6
MILAM COUNTY,331,85 Years +,624,210,414,534,178,356,48,10,38,5,3,2,37,19,18
MILLS COUNTY,333,All Ages,5038,2500,2538,4079,1993,2086,27,14,13,70,40,30,862,453,409
MILLS COUNTY,333,< 1 Year,41,21,20,31,16,15,0,0,0,1,0,1,9,5,4
MILLS COUNTY,333,1 Years,47,24,23,33,17,16,0,0,0,0,0,0,14,7,7
MILLS COUNTY,333,2 Years,51,27,24,31,13,18,0,0,0,1,1,0,19,13,6
MILLS COUNTY,333,3 Years,56,33,23,37,21,16,0,0,0,2,2,0,17,10,7
MILLS COUNTY,333,4 Years,62,29,33,41,20,21,0,0,0,1,1,0,20,8,12
MILLS COUNTY,333,5 Years,67,30,37,46,24,22,0,0,0,2,1,1,19,5,14
MILLS COUNTY,333,6 Years,66,37,29,49,30,19,1,1,0,0,0,0,16,6,10
MILLS COUNTY,333,7 Years,56,25,31,39,18,21,0,0,0,2,1,1,15,6,9
MILLS COUNTY,333,8 Years,58,32,26,40,22,18,0,0,0,2,2,0,16,8,8
MILLS COUNTY,333,9 Years,54,29,25,39,19,20,1,1,0,2,2,0,12,7,5
MILLS COUNTY,333,10 Years,57,33,24,44,24,20,0,0,0,2,2,0,11,7,4
MILLS COUNTY,333,11 Years,72,40,32,58,32,26,2,0,2,1,1,0,11,7,4
MILLS COUNTY,333,12 Years,78,41,37,61,34,27,4,2,2,0,0,0,13,5,8
MILLS COUNTY,333,13 Years,77,35,42,56,25,31,4,3,1,0,0,0,17,7,10
MILLS COUNTY,333,14 Years,73,30,43,55,25,30,5,1,4,0,0,0,13,4,9
MILLS COUNTY,333,15 Years,79,41,38,59,30,29,3,2,1,0,0,0,17,9,8
MILLS COUNTY,333,16 Years,80,46,34,53,29,24,1,1,0,0,0,0,26,16,10
MILLS COUNTY,333,17 Years,76,40,36,54,27,27,1,1,0,1,0,1,20,12,8
MILLS COUNTY,333,18 Years,85,42,43,59,29,30,1,0,1,3,3,0,22,10,12
MILLS COUNTY,333,19 Years,84,53,31,62,37,25,0,0,0,1,1,0,21,15,6
MILLS COUNTY,333,20 Years,71,42,29,54,30,24,0,0,0,0,0,0,17,12,5
MILLS COUNTY,333,21 Years,42,21,21,31,14,17,0,0,0,0,0,0,11,7,4
MILLS COUNTY,333,22 Years,37,21,16,21,12,9,0,0,0,1,0,1,15,9,6
MILLS COUNTY,333,23 Years,33,18,15,22,11,11,0,0,0,1,0,1,10,7,3
MILLS COUNTY,333,24 Years,36,17,19,21,9,12,0,0,0,0,0,0,15,8,7
MILLS COUNTY,333,25 Years,42,22,20,28,18,10,0,0,0,1,0,1,13,4,9
MILLS COUNTY,333,26 Years,34,20,14,27,17,10,0,0,0,0,0,0,7,3,4
MILLS COUNTY,333,27 Years,37,21,16,30,17,13,0,0,0,0,0,0,7,4,3
MILLS COUNTY,333,28 Years,38,22,16,27,15,12,0,0,0,0,0,0,11,7,4
MILLS COUNTY,333,29 Years,40,17,23,28,10,18,0,0,0,1,0,1,11,7,4
MILLS COUNTY,333,30 Years,42,16,26,34,13,21,0,0,0,0,0,0,8,3,5
MILLS COUNTY,333,31 Years,39,17,22,30,13,17,0,0,0,0,0,0,9,4,5
MILLS COUNTY,333,32 Years,46,26,20,36,20,16,0,0,0,2,2,0,8,4,4
MILLS COUNTY,333,33 Years,47,25,22,32,15,17,0,0,0,1,1,0,14,9,5
MILLS COUNTY,333,34 Years,42,22,20,32,16,16,0,0,0,1,1,0,9,5,4
MILLS COUNTY,333,35 Years,45,24,21,36,19,17,0,0,0,2,2,0,7,3,4
MILLS COUNTY,333,36 Years,46,20,26,35,16,19,1,0,1,2,1,1,8,3,5
MILLS COUNTY,333,37 Years,33,15,18,24,11,13,0,0,0,1,0,1,8,4,4
MILLS COUNTY,333,38 Years,41,22,19,30,17,13,0,0,0,1,1,0,10,4,6
MILLS COUNTY,333,39 Years,45,23,22,35,17,18,0,0,0,0,0,0,10,6,4
MILLS COUNTY,333,40 Years,45,17,28,31,13,18,0,0,0,1,0,1,13,4,9
MILLS COUNTY,333,41 Years,58,21,37,43,16,27,0,0,0,2,1,1,13,4,9
MILLS COUNTY,333,42 Years,65,33,32,51,25,26,0,0,0,1,1,0,13,7,6
MILLS COUNTY,333,43 Years,64,37,27,52,31,21,0,0,0,1,0,1,11,6,5
MILLS COUNTY,333,44 Years,55,27,28,46,21,25,0,0,0,0,0,0,9,6,3
MILLS COUNTY,333,45 Years,64,33,31,55,28,27,0,0,0,0,0,0,9,5,4
MILLS COUNTY,333,46 Years,63,33,30,48,26,22,0,0,0,0,0,0,15,7,8
MILLS COUNTY,333,47 Years,74,41,33,54,26,28,0,0,0,2,2,0,18,13,5
MILLS COUNTY,333,48 Years,61,31,30,49,23,26,0,0,0,1,1,0,11,7,4
MILLS COUNTY,333,49 Years,62,30,32,48,21,27,1,1,0,1,0,1,12,8,4
MILLS COUNTY,333,50 Years,65,33,32,54,25,29,1,1,0,1,0,1,9,7,2
MILLS COUNTY,333,51 Years,76,35,41,61,28,33,1,0,1,1,0,1,13,7,6
MILLS COUNTY,333,52 Years,60,32,28,54,29,25,0,0,0,0,0,0,6,3,3
MILLS COUNTY,333,53 Years,52,25,27,46,23,23,0,0,0,0,0,0,6,2,4
MILLS COUNTY,333,54 Years,65,31,34,57,28,29,0,0,0,2,0,2,6,3,3
MILLS COUNTY,333,55 Years,68,33,35,56,27,29,0,0,0,5,2,3,7,4,3
MILLS COUNTY,333,56 Years,79,37,42,67,30,37,0,0,0,2,1,1,10,6,4
MILLS COUNTY,333,57 Years,78,44,34,66,37,29,0,0,0,1,0,1,11,7,4
MILLS COUNTY,333,58 Years,70,37,33,61,31,30,0,0,0,1,1,0,8,5,3
MILLS COUNTY,333,59 Years,72,35,37,62,30,32,0,0,0,1,0,1,9,5,4
MILLS COUNTY,333,60 Years,69,31,38,59,27,32,0,0,0,0,0,0,10,4,6
MILLS COUNTY,333,61 Years,74,42,32,65,38,27,0,0,0,2,1,1,7,3,4
MILLS COUNTY,333,62 Years,78,37,41,68,33,35,0,0,0,1,1,0,9,3,6
MILLS COUNTY,333,63 Years,80,33,47,70,30,40,0,0,0,1,0,1,9,3,6
MILLS COUNTY,333,64 Years,68,36,32,63,33,30,0,0,0,0,0,0,5,3,2
MILLS COUNTY,333,65 Years,69,35,34,65,32,33,0,0,0,0,0,0,4,3,1
MILLS COUNTY,333,66 Years,68,32,36,65,31,34,0,0,0,1,0,1,2,1,1
MILLS COUNTY,333,67 Years,75,33,42,69,30,39,0,0,0,1,0,1,5,3,2
MILLS COUNTY,333,68 Years,79,42,37,75,40,35,0,0,0,1,1,0,3,1,2
MILLS COUNTY,333,69 Years,77,40,37,71,36,35,0,0,0,1,1,0,5,3,2
MILLS COUNTY,333,70 Years,69,33,36,67,32,35,0,0,0,0,0,0,2,1,1
MILLS COUNTY,333,71 Years,62,35,27,57,33,24,0,0,0,0,0,0,5,2,3
MILLS COUNTY,333,72 Years,50,26,24,45,22,23,0,0,0,1,1,0,4,3,1
MILLS COUNTY,333,73 Years,61,23,38,53,19,34,0,0,0,0,0,0,8,4,4
MILLS COUNTY,333,74 Years,48,22,26,46,21,25,0,0,0,0,0,0,2,1,1
MILLS COUNTY,333,75 Years,44,22,22,43,21,22,0,0,0,1,1,0,0,0,0
MILLS COUNTY,333,76 Years,43,22,21,39,20,19,0,0,0,0,0,0,4,2,2
MILLS COUNTY,333,77 Years,33,17,16,30,15,15,0,0,0,0,0,0,3,2,1
MILLS COUNTY,333,78 Years,41,16,25,37,15,22,0,0,0,0,0,0,4,1,3
MILLS COUNTY,333,79 Years,44,21,23,38,18,20,0,0,0,0,0,0,6,3,3
MILLS COUNTY,333,80 Years,41,20,21,38,19,19,0,0,0,0,0,0,3,1,2
MILLS COUNTY,333,81 Years,39,15,24,37,15,22,0,0,0,0,0,0,2,0,2
MILLS COUNTY,333,82 Years,33,13,20,32,12,20,0,0,0,0,0,0,1,1,0
MILLS COUNTY,333,83 Years,25,9,16,23,8,15,0,0,0,1,0,1,1,1,0
MILLS COUNTY,333,84 Years,32,12,20,29,9,20,0,0,0,0,0,0,3,3,0
MILLS COUNTY,333,85 Years +,185,69,116,174,64,110,0,0,0,1,0,1,10,5,5
MITCHELL COUNTY,335,All Ages,9484,5789,3695,4738,2511,2227,1049,923,126,129,72,57,3568,2283,1285
MITCHELL COUNTY,335,< 1 Year,104,56,48,54,32,22,2,0,2,3,1,2,45,23,22
MITCHELL COUNTY,335,1 Years,95,51,44,48,26,22,3,1,2,2,2,0,42,22,20
MITCHELL COUNTY,335,2 Years,95,50,45,41,16,25,2,1,1,2,1,1,50,32,18
MITCHELL COUNTY,335,3 Years,99,46,53,47,19,28,3,1,2,1,0,1,48,26,22
MITCHELL COUNTY,335,4 Years,100,50,50,45,23,22,3,1,2,4,2,2,48,24,24
MITCHELL COUNTY,335,5 Years,102,54,48,46,25,21,4,1,3,2,2,0,50,26,24
MITCHELL COUNTY,335,6 Years,96,46,50,45,23,22,3,1,2,1,0,1,47,22,25
MITCHELL COUNTY,335,7 Years,80,47,33,31,19,12,4,3,1,2,1,1,43,24,19
MITCHELL COUNTY,335,8 Years,102,52,50,48,24,24,7,3,4,1,1,0,46,24,22
MITCHELL COUNTY,335,9 Years,97,49,48,41,20,21,7,3,4,2,1,1,47,25,22
MITCHELL COUNTY,335,10 Years,97,48,49,46,23,23,8,6,2,1,0,1,42,19,23
MITCHELL COUNTY,335,11 Years,107,50,57,53,25,28,5,4,1,0,0,0,49,21,28
MITCHELL COUNTY,335,12 Years,109,56,53,53,25,28,3,2,1,1,0,1,52,29,23
MITCHELL COUNTY,335,13 Years,111,59,52,55,33,22,5,2,3,1,1,0,50,23,27
MITCHELL COUNTY,335,14 Years,117,63,54,61,35,26,6,4,2,0,0,0,50,24,26
MITCHELL COUNTY,335,15 Years,92,45,47,52,24,28,4,3,1,1,0,1,35,18,17
MITCHELL COUNTY,335,16 Years,93,44,49,44,20,24,3,3,0,3,1,2,43,20,23
MITCHELL COUNTY,335,17 Years,111,51,60,51,18,33,3,2,1,3,2,1,54,29,25
MITCHELL COUNTY,335,18 Years,131,75,56,55,26,29,9,6,3,0,0,0,67,43,24
MITCHELL COUNTY,335,19 Years,167,121,46,51,30,21,31,27,4,2,2,0,83,62,21
MITCHELL COUNTY,335,20 Years,187,141,46,48,28,20,35,32,3,5,2,3,99,79,20
MITCHELL COUNTY,335,21 Years,208,171,37,61,43,18,59,57,2,1,0,1,87,71,16
MITCHELL COUNTY,335,22 Years,195,158,37,51,37,14,61,58,3,0,0,0,83,63,20
MITCHELL COUNTY,335,23 Years,173,139,34,45,29,16,49,46,3,1,0,1,78,64,14
MITCHELL COUNTY,335,24 Years,189,158,31,52,40,12,44,42,2,2,2,0,91,74,17
MITCHELL COUNTY,335,25 Years,192,156,36,61,43,18,59,58,1,2,1,1,70,54,16
MITCHELL COUNTY,335,26 Years,186,153,33,54,35,19,44,44,0,3,2,1,85,72,13
MITCHELL COUNTY,335,27 Years,165,124,41,52,33,19,31,30,1,3,1,2,79,60,19
MITCHELL COUNTY,335,28 Years,176,139,37,53,36,17,38,38,0,3,1,2,82,64,18
MITCHELL COUNTY,335,29 Years,164,124,40,55,32,23,28,28,0,2,2,0,79,62,17
MITCHELL COUNTY,335,30 Years,170,133,37,69,47,22,33,32,1,0,0,0,68,54,14
MITCHELL COUNTY,335,31 Years,153,107,46,74,45,29,25,25,0,2,2,0,52,35,17
MITCHELL COUNTY,335,32 Years,151,102,49,68,36,32,22,21,1,3,2,1,58,43,15
MITCHELL COUNTY,335,33 Years,164,121,43,68,41,27,26,24,2,3,1,2,67,55,12
MITCHELL COUNTY,335,34 Years,140,104,36,63,38,25,26,24,2,1,0,1,50,42,8
MITCHELL COUNTY,335,35 Years,135,94,41,64,33,31,19,19,0,2,2,0,50,40,10
MITCHELL COUNTY,335,36 Years,126,96,30,47,30,17,20,20,0,0,0,0,59,46,13
MITCHELL COUNTY,335,37 Years,137,103,34,57,36,21,24,24,0,4,4,0,52,39,13
MITCHELL COUNTY,335,38 Years,138,102,36,70,44,26,22,20,2,2,2,0,44,36,8
MITCHELL COUNTY,335,39 Years,106,66,40,53,28,25,11,10,1,1,1,0,41,27,14
MITCHELL COUNTY,335,40 Years,93,55,38,48,28,20,8,8,0,2,2,0,35,17,18
MITCHELL COUNTY,335,41 Years,132,81,51,59,30,29,18,17,1,1,1,0,54,33,21
MITCHELL COUNTY,335,42 Years,140,85,55,58,29,29,19,18,1,1,1,0,62,37,25
MITCHELL COUNTY,335,43 Years,118,79,39,56,32,24,21,19,2,1,1,0,40,27,13
MITCHELL COUNTY,335,44 Years,107,76,31,55,39,16,10,9,1,4,2,2,38,26,12
MITCHELL COUNTY,335,45 Years,133,88,45,62,39,23,14,12,2,3,1,2,54,36,18
MITCHELL COUNTY,335,46 Years,138,95,43,63,38,25,17,14,3,1,1,0,57,42,15
MITCHELL COUNTY,335,47 Years,119,71,48,57,30,27,12,9,3,1,0,1,49,32,17
MITCHELL COUNTY,335,48 Years,97,54,43,48,24,24,15,13,2,1,0,1,33,17,16
MITCHELL COUNTY,335,49 Years,128,83,45,71,42,29,6,6,0,1,1,0,50,34,16
MITCHELL COUNTY,335,50 Years,113,64,49,68,35,33,6,3,3,1,0,1,38,26,12
MITCHELL COUNTY,335,51 Years,102,60,42,60,35,25,6,5,1,0,0,0,36,20,16
MITCHELL COUNTY,335,52 Years,132,81,51,84,48,36,14,13,1,2,2,0,32,18,14
MITCHELL COUNTY,335,53 Years,127,76,51,77,44,33,11,9,2,3,1,2,36,22,14
MITCHELL COUNTY,335,54 Years,122,65,57,73,36,37,8,7,1,1,1,0,40,21,19
MITCHELL COUNTY,335,55 Years,93,44,49,58,22,36,4,3,1,3,2,1,28,17,11
MITCHELL COUNTY,335,56 Years,96,49,47,64,32,32,5,2,3,1,1,0,26,14,12
MITCHELL COUNTY,335,57 Years,112,62,50,76,41,35,5,4,1,3,2,1,28,15,13
MITCHELL COUNTY,335,58 Years,110,52,58,82,39,43,3,2,1,2,1,1,23,10,13
MITCHELL COUNTY,335,59 Years,107,54,53,72,36,36,4,3,1,0,0,0,31,15,16
MITCHELL COUNTY,335,60 Years,119,64,55,79,42,37,6,3,3,2,1,1,32,18,14
MITCHELL COUNTY,335,61 Years,106,42,64,72,34,38,2,0,2,2,0,2,30,8,22
MITCHELL COUNTY,335,62 Years,97,46,51,66,32,34,2,0,2,1,0,1,28,14,14
MITCHELL COUNTY,335,63 Years,84,41,43,56,26,30,1,0,1,1,1,0,26,14,12
MITCHELL COUNTY,335,64 Years,92,48,44,63,32,31,1,1,0,0,0,0,28,15,13
MITCHELL COUNTY,335,65 Years,102,55,47,77,40,37,1,1,0,0,0,0,24,14,10
MITCHELL COUNTY,335,66 Years,83,38,45,60,23,37,1,0,1,2,1,1,20,14,6
MITCHELL COUNTY,335,67 Years,75,33,42,56,26,30,1,0,1,2,0,2,16,7,9
MITCHELL COUNTY,335,68 Years,71,29,42,47,19,28,4,1,3,2,1,1,18,8,10
MITCHELL COUNTY,335,69 Years,71,30,41,49,19,30,3,2,1,1,1,0,18,8,10
MITCHELL COUNTY,335,70 Years,69,39,30,50,32,18,2,1,1,0,0,0,17,6,11
MITCHELL COUNTY,335,71 Years,68,28,40,47,19,28,2,1,1,3,2,1,16,6,10
MITCHELL COUNTY,335,72 Years,45,17,28,31,10,21,1,1,0,1,0,1,12,6,6
MITCHELL COUNTY,335,73 Years,54,25,29,39,18,21,3,2,1,0,0,0,12,5,7
MITCHELL COUNTY,335,74 Years,58,24,34,45,19,26,1,1,0,0,0,0,12,4,8
MITCHELL COUNTY,335,75 Years,59,28,31,45,23,22,2,1,1,0,0,0,12,4,8
MITCHELL COUNTY,335,76 Years,52,28,24,33,18,15,3,2,1,1,1,0,15,7,8
MITCHELL COUNTY,335,77 Years,48,19,29,35,13,22,2,1,1,1,0,1,10,5,5
MITCHELL COUNTY,335,78 Years,35,13,22,27,9,18,0,0,0,0,0,0,8,4,4
MITCHELL COUNTY,335,79 Years,40,16,24,27,14,13,3,1,2,0,0,0,10,1,9
MITCHELL COUNTY,335,80 Years,40,21,19,30,17,13,1,0,1,3,1,2,6,3,3
MITCHELL COUNTY,335,81 Years,48,18,30,37,14,23,2,0,2,3,1,2,6,3,3
MITCHELL COUNTY,335,82 Years,34,12,22,30,10,20,1,0,1,0,0,0,3,2,1
MITCHELL COUNTY,335,83 Years,30,13,17,26,11,15,0,0,0,0,0,0,4,2,2
MITCHELL COUNTY,335,84 Years,41,23,18,34,20,14,0,0,0,0,0,0,7,3,4
MITCHELL COUNTY,335,85 Years +,184,61,123,154,52,102,7,2,5,0,0,0,23,7,16
MONTAGUE COUNTY,337,All Ages,20000,9811,10189,17471,8566,8905,39,29,10,424,184,240,2066,1032,1034
MONTAGUE COUNTY,337,< 1 Year,227,116,111,186,96,90,0,0,0,6,3,3,35,17,18
MONTAGUE COUNTY,337,1 Years,236,122,114,192,99,93,0,0,0,6,3,3,38,20,18
MONTAGUE COUNTY,337,2 Years,260,135,125,202,110,92,1,0,1,4,2,2,53,23,30
MONTAGUE COUNTY,337,3 Years,253,128,125,195,100,95,2,1,1,4,2,2,52,25,27
MONTAGUE COUNTY,337,4 Years,263,136,127,208,104,104,0,0,0,8,4,4,47,28,19
MONTAGUE COUNTY,337,5 Years,256,139,117,204,109,95,1,1,0,7,3,4,44,26,18
MONTAGUE COUNTY,337,6 Years,231,124,107,175,94,81,1,0,1,8,5,3,47,25,22
MONTAGUE COUNTY,337,7 Years,249,133,116,191,101,90,1,1,0,8,5,3,49,26,23
MONTAGUE COUNTY,337,8 Years,265,132,133,204,100,104,1,0,1,10,4,6,50,28,22
MONTAGUE COUNTY,337,9 Years,246,130,116,192,101,91,0,0,0,8,3,5,46,26,20
MONTAGUE COUNTY,337,10 Years,263,146,117,201,111,90,1,1,0,10,3,7,51,31,20
MONTAGUE COUNTY,337,11 Years,271,129,142,217,103,114,1,0,1,8,4,4,45,22,23
MONTAGUE COUNTY,337,12 Years,243,107,136,187,89,98,2,1,1,4,2,2,50,15,35
MONTAGUE COUNTY,337,13 Years,264,131,133,207,104,103,0,0,0,9,6,3,48,21,27
MONTAGUE COUNTY,337,14 Years,275,129,146,226,107,119,1,0,1,6,3,3,42,19,23
MONTAGUE COUNTY,337,15 Years,258,114,144,210,96,114,2,1,1,7,4,3,39,13,26
MONTAGUE COUNTY,337,16 Years,245,110,135,198,94,104,1,1,0,8,2,6,38,13,25
MONTAGUE COUNTY,337,17 Years,243,115,128,191,90,101,1,1,0,8,4,4,43,20,23
MONTAGUE COUNTY,337,18 Years,248,125,123,194,99,95,2,2,0,4,2,2,48,22,26
MONTAGUE COUNTY,337,19 Years,255,133,122,201,104,97,1,1,0,11,5,6,42,23,19
MONTAGUE COUNTY,337,20 Years,238,120,118,191,99,92,3,3,0,7,3,4,37,15,22
MONTAGUE COUNTY,337,21 Years,191,102,89,142,82,60,1,1,0,4,2,2,44,17,27
MONTAGUE COUNTY,337,22 Years,205,105,100,169,86,83,0,0,0,1,1,0,35,18,17
MONTAGUE COUNTY,337,23 Years,209,101,108,174,86,88,0,0,0,2,1,1,33,14,19
MONTAGUE COUNTY,337,24 Years,194,85,109,161,69,92,0,0,0,3,1,2,30,15,15
MONTAGUE COUNTY,337,25 Years,187,84,103,152,68,84,0,0,0,4,2,2,31,14,17
MONTAGUE COUNTY,337,26 Years,202,116,86,173,99,74,0,0,0,4,2,2,25,15,10
MONTAGUE COUNTY,337,27 Years,188,104,84,152,83,69,0,0,0,1,0,1,35,21,14
MONTAGUE COUNTY,337,28 Years,196,96,100,155,73,82,1,1,0,2,0,2,38,22,16
MONTAGUE COUNTY,337,29 Years,202,105,97,163,82,81,1,1,0,9,7,2,29,15,14
MONTAGUE COUNTY,337,30 Years,197,98,99,161,78,83,0,0,0,6,5,1,30,15,15
MONTAGUE COUNTY,337,31 Years,208,100,108,180,87,93,0,0,0,6,2,4,22,11,11
MONTAGUE COUNTY,337,32 Years,212,110,102,178,95,83,0,0,0,7,1,6,27,14,13
MONTAGUE COUNTY,337,33 Years,182,96,86,155,82,73,0,0,0,3,0,3,24,14,10
MONTAGUE COUNTY,337,34 Years,199,104,95,169,86,83,0,0,0,6,3,3,24,15,9
MONTAGUE COUNTY,337,35 Years,195,90,105,163,74,89,0,0,0,6,1,5,26,15,11
MONTAGUE COUNTY,337,36 Years,197,95,102,166,80,86,0,0,0,6,2,4,25,13,12
MONTAGUE COUNTY,337,37 Years,211,97,114,176,80,96,0,0,0,2,1,1,33,16,17
MONTAGUE COUNTY,337,38 Years,216,102,114,177,88,89,1,1,0,6,2,4,32,11,21
MONTAGUE COUNTY,337,39 Years,234,133,101,195,116,79,1,1,0,5,1,4,33,15,18
MONTAGUE COUNTY,337,40 Years,216,113,103,189,100,89,1,1,0,3,2,1,23,10,13
MONTAGUE COUNTY,337,41 Years,241,124,117,213,112,101,0,0,0,5,0,5,23,12,11
MONTAGUE COUNTY,337,42 Years,227,113,114,200,99,101,0,0,0,2,0,2,25,14,11
MONTAGUE COUNTY,337,43 Years,246,115,131,205,98,107,1,1,0,9,3,6,31,13,18
MONTAGUE COUNTY,337,44 Years,221,104,117,187,89,98,1,1,0,6,1,5,27,13,14
MONTAGUE COUNTY,337,45 Years,249,130,119,222,116,106,0,0,0,4,2,2,23,12,11
MONTAGUE COUNTY,337,46 Years,282,146,136,250,130,120,0,0,0,6,3,3,26,13,13
MONTAGUE COUNTY,337,47 Years,271,135,136,236,121,115,0,0,0,4,0,4,31,14,17
MONTAGUE COUNTY,337,48 Years,249,119,130,222,111,111,0,0,0,3,0,3,24,8,16
MONTAGUE COUNTY,337,49 Years,272,136,136,242,121,121,0,0,0,6,3,3,24,12,12
MONTAGUE COUNTY,337,50 Years,300,157,143,261,136,125,1,1,0,11,5,6,27,15,12
MONTAGUE COUNTY,337,51 Years,312,152,160,275,132,143,1,1,0,9,3,6,27,16,11
MONTAGUE COUNTY,337,52 Years,320,159,161,288,143,145,0,0,0,7,3,4,25,13,12
MONTAGUE COUNTY,337,53 Years,280,135,145,255,121,134,0,0,0,9,3,6,16,11,5
MONTAGUE COUNTY,337,54 Years,291,144,147,270,132,138,1,0,1,3,2,1,17,10,7
MONTAGUE COUNTY,337,55 Years,303,147,156,274,134,140,1,0,1,9,3,6,19,10,9
MONTAGUE COUNTY,337,56 Years,275,139,136,252,123,129,0,0,0,8,5,3,15,11,4
MONTAGUE COUNTY,337,57 Years,283,136,147,264,126,138,0,0,0,6,2,4,13,8,5
MONTAGUE COUNTY,337,58 Years,276,132,144,260,122,138,1,1,0,5,3,2,10,6,4
MONTAGUE COUNTY,337,59 Years,249,120,129,240,115,125,0,0,0,3,2,1,6,3,3
MONTAGUE COUNTY,337,60 Years,259,131,128,250,126,124,0,0,0,4,2,2,5,3,2
MONTAGUE COUNTY,337,61 Years,259,133,126,249,127,122,1,1,0,2,2,0,7,3,4
MONTAGUE COUNTY,337,62 Years,272,128,144,263,123,140,1,1,0,2,2,0,6,2,4
MONTAGUE COUNTY,337,63 Years,293,131,162,281,127,154,0,0,0,4,2,2,8,2,6
MONTAGUE COUNTY,337,64 Years,300,144,156,286,139,147,0,0,0,5,2,3,9,3,6
MONTAGUE COUNTY,337,65 Years,292,154,138,275,143,132,1,1,0,8,5,3,8,5,3
MONTAGUE COUNTY,337,66 Years,272,137,135,257,129,128,1,1,0,6,3,3,8,4,4
MONTAGUE COUNTY,337,67 Years,245,111,134,237,107,130,0,0,0,3,1,2,5,3,2
MONTAGUE COUNTY,337,68 Years,254,127,127,245,121,124,0,0,0,2,1,1,7,5,2
MONTAGUE COUNTY,337,69 Years,250,122,128,241,115,126,0,0,0,3,2,1,6,5,1
MONTAGUE COUNTY,337,70 Years,234,113,121,224,106,118,0,0,0,3,1,2,7,6,1
MONTAGUE COUNTY,337,71 Years,200,109,91,193,104,89,0,0,0,3,3,0,4,2,2
MONTAGUE COUNTY,337,72 Years,169,88,81,161,83,78,0,0,0,3,2,1,5,3,2
MONTAGUE COUNTY,337,73 Years,183,93,90,179,90,89,0,0,0,1,1,0,3,2,1
MONTAGUE COUNTY,337,74 Years,205,92,113,202,91,111,0,0,0,2,1,1,1,0,1
MONTAGUE COUNTY,337,75 Years,198,91,107,194,89,105,0,0,0,2,0,2,2,2,0
MONTAGUE COUNTY,337,76 Years,178,77,101,169,73,96,0,0,0,4,1,3,5,3,2
MONTAGUE COUNTY,337,77 Years,151,66,85,144,63,81,0,0,0,4,1,3,3,2,1
MONTAGUE COUNTY,337,78 Years,143,69,74,140,69,71,0,0,0,1,0,1,2,0,2
MONTAGUE COUNTY,337,79 Years,148,69,79,144,68,76,0,0,0,2,0,2,2,1,1
MONTAGUE COUNTY,337,80 Years,134,60,74,129,60,69,0,0,0,2,0,2,3,0,3
MONTAGUE COUNTY,337,81 Years,119,55,64,115,53,62,0,0,0,2,1,1,2,1,1
MONTAGUE COUNTY,337,82 Years,97,37,60,94,36,58,0,0,0,0,0,0,3,1,2
MONTAGUE COUNTY,337,83 Years,97,44,53,96,44,52,0,0,0,0,0,0,1,0,1
MONTAGUE COUNTY,337,84 Years,84,36,48,83,35,48,0,0,0,0,0,0,1,1,0
MONTAGUE COUNTY,337,85 Years +,487,161,326,482,160,322,0,0,0,4,0,4,1,1,0
MONTGOMERY COUNTY,339,All Ages,482744,239629,243115,338152,166455,171697,19887,9591,10296,19592,9285,10307,105113,54298,50815
MONTGOMERY COUNTY,339,< 1 Year,6436,3277,3159,4018,2019,1999,263,143,120,298,152,146,1857,963,894
MONTGOMERY COUNTY,339,1 Years,6341,3306,3035,3677,1933,1744,271,141,130,281,143,138,2112,1089,1023
MONTGOMERY COUNTY,339,2 Years,6395,3341,3054,3696,1944,1752,261,127,134,302,158,144,2136,1112,1024
MONTGOMERY COUNTY,339,3 Years,6556,3406,3150,3768,1979,1789,268,131,137,362,186,176,2158,1110,1048
MONTGOMERY COUNTY,339,4 Years,6861,3534,3327,3974,2078,1896,305,149,156,374,187,187,2208,1120,1088
MONTGOMERY COUNTY,339,5 Years,7028,3584,3444,4087,2088,1999,303,158,145,377,199,178,2261,1139,1122
MONTGOMERY COUNTY,339,6 Years,7125,3675,3450,4153,2166,1987,322,149,173,388,197,191,2262,1163,1099
MONTGOMERY COUNTY,339,7 Years,7215,3660,3555,4240,2150,2090,290,148,142,400,198,202,2285,1164,1121
MONTGOMERY COUNTY,339,8 Years,7361,3783,3578,4407,2264,2143,312,161,151,414,213,201,2228,1145,1083
MONTGOMERY COUNTY,339,9 Years,7508,3859,3649,4552,2340,2212,345,173,172,381,192,189,2230,1154,1076
MONTGOMERY COUNTY,339,10 Years,7556,3844,3712,4570,2336,2234,348,176,172,389,200,189,2249,1132,1117
MONTGOMERY COUNTY,339,11 Years,7693,3906,3787,4636,2352,2284,354,196,158,402,194,208,2301,1164,1137
MONTGOMERY COUNTY,339,12 Years,7715,3917,3798,4753,2439,2314,344,173,171,391,189,202,2227,1116,1111
MONTGOMERY COUNTY,339,13 Years,7575,3893,3682,4700,2415,2285,363,177,186,347,170,177,2165,1131,1034
MONTGOMERY COUNTY,339,14 Years,7441,3808,3633,4688,2389,2299,360,180,180,343,173,170,2050,1066,984
MONTGOMERY COUNTY,339,15 Years,7490,3856,3634,4690,2435,2255,348,173,175,361,179,182,2091,1069,1022
MONTGOMERY COUNTY,339,16 Years,7514,3824,3690,4715,2409,2306,363,179,184,375,194,181,2061,1042,1019
MONTGOMERY COUNTY,339,17 Years,7450,3771,3679,4791,2434,2357,336,168,168,354,172,182,1969,997,972
MONTGOMERY COUNTY,339,18 Years,7356,3729,3627,4717,2368,2349,350,176,174,341,160,181,1948,1025,923
MONTGOMERY COUNTY,339,19 Years,7031,3630,3401,4483,2287,2196,343,182,161,309,150,159,1896,1011,885
MONTGOMERY COUNTY,339,20 Years,6127,3192,2935,3848,2001,1847,299,152,147,232,120,112,1748,919,829
MONTGOMERY COUNTY,339,21 Years,5262,2768,2494,3131,1628,1503,263,140,123,207,115,92,1661,885,776
MONTGOMERY COUNTY,339,22 Years,5003,2660,2343,2996,1567,1429,248,123,125,188,90,98,1571,880,691
MONTGOMERY COUNTY,339,23 Years,4902,2574,2328,2961,1528,1433,237,114,123,172,78,94,1532,854,678
MONTGOMERY COUNTY,339,24 Years,4930,2526,2404,3059,1526,1533,218,106,112,199,94,105,1454,800,654
MONTGOMERY COUNTY,339,25 Years,5297,2659,2638,3408,1639,1769,228,102,126,199,96,103,1462,822,640
MONTGOMERY COUNTY,339,26 Years,5430,2721,2709,3455,1672,1783,252,120,132,174,91,83,1549,838,711
MONTGOMERY COUNTY,339,27 Years,5623,2886,2737,3501,1747,1754,282,149,133,194,97,97,1646,893,753
MONTGOMERY COUNTY,339,28 Years,5677,2847,2830,3669,1789,1880,256,125,131,213,98,115,1539,835,704
MONTGOMERY COUNTY,339,29 Years,5961,2978,2983,3820,1869,1951,265,125,140,222,106,116,1654,878,776
MONTGOMERY COUNTY,339,30 Years,6287,3141,3146,4015,1944,2071,271,140,131,239,113,126,1762,944,818
MONTGOMERY COUNTY,339,31 Years,6368,3158,3210,4079,1973,2106,314,164,150,251,105,146,1724,916,808
MONTGOMERY COUNTY,339,32 Years,6506,3234,3272,4205,2042,2163,334,156,178,260,117,143,1707,919,788
MONTGOMERY COUNTY,339,33 Years,6373,3146,3227,4080,1982,2098,299,140,159,266,130,136,1728,894,834
MONTGOMERY COUNTY,339,34 Years,6309,3030,3279,4019,1918,2101,302,148,154,257,103,154,1731,861,870
MONTGOMERY COUNTY,339,35 Years,6400,3156,3244,4085,2022,2063,299,139,160,294,137,157,1722,858,864
MONTGOMERY COUNTY,339,36 Years,6464,3228,3236,4093,2046,2047,295,136,159,274,124,150,1802,922,880
MONTGOMERY COUNTY,339,37 Years,6640,3312,3328,4288,2147,2141,275,134,141,277,111,166,1800,920,880
MONTGOMERY COUNTY,339,38 Years,6535,3192,3343,4206,2071,2135,302,142,160,303,113,190,1724,866,858
MONTGOMERY COUNTY,339,39 Years,6638,3232,3406,4219,2071,2148,317,144,173,317,141,176,1785,876,909
MONTGOMERY COUNTY,339,40 Years,7003,3433,3570,4675,2287,2388,315,158,157,331,141,190,1682,847,835
MONTGOMERY COUNTY,339,41 Years,7379,3652,3727,5072,2509,2563,323,152,171,331,144,187,1653,847,806
MONTGOMERY COUNTY,339,42 Years,7410,3668,3742,5140,2533,2607,315,157,158,344,150,194,1611,828,783
MONTGOMERY COUNTY,339,43 Years,7109,3527,3582,4934,2433,2501,287,138,149,335,154,181,1553,802,751
MONTGOMERY COUNTY,339,44 Years,6896,3441,3455,4783,2375,2408,286,136,150,322,146,176,1505,784,721
MONTGOMERY COUNTY,339,45 Years,6818,3455,3363,4804,2400,2404,269,138,131,292,143,149,1453,774,679
MONTGOMERY COUNTY,339,46 Years,6789,3383,3406,4864,2371,2493,277,130,147,295,139,156,1353,743,610
MONTGOMERY COUNTY,339,47 Years,7072,3482,3590,5130,2506,2624,282,128,154,303,134,169,1357,714,643
MONTGOMERY COUNTY,339,48 Years,7204,3580,3624,5325,2632,2693,282,132,150,296,134,162,1301,682,619
MONTGOMERY COUNTY,339,49 Years,7203,3547,3656,5441,2695,2746,295,120,175,268,115,153,1199,617,582
MONTGOMERY COUNTY,339,50 Years,7231,3582,3649,5552,2754,2798,273,119,154,271,114,157,1135,595,540
MONTGOMERY COUNTY,339,51 Years,7275,3582,3693,5647,2778,2869,272,129,143,266,121,145,1090,554,536
MONTGOMERY COUNTY,339,52 Years,7234,3607,3627,5724,2855,2869,257,120,137,261,133,128,992,499,493
MONTGOMERY COUNTY,339,53 Years,7064,3471,3593,5677,2786,2891,245,112,133,251,129,122,891,444,447
MONTGOMERY COUNTY,339,54 Years,7169,3566,3603,5798,2875,2923,254,112,142,243,120,123,874,459,415
MONTGOMERY COUNTY,339,55 Years,6877,3454,3423,5560,2787,2773,269,126,143,239,109,130,809,432,377
MONTGOMERY COUNTY,339,56 Years,6689,3284,3405,5408,2664,2744,280,134,146,236,105,131,765,381,384
MONTGOMERY COUNTY,339,57 Years,6461,3118,3343,5274,2538,2736,257,121,136,204,98,106,726,361,365
MONTGOMERY COUNTY,339,58 Years,6082,2979,3103,5041,2467,2574,218,101,117,197,93,104,626,318,308
MONTGOMERY COUNTY,339,59 Years,5904,2888,3016,4886,2394,2492,215,97,118,219,96,123,584,301,283
MONTGOMERY COUNTY,339,60 Years,5751,2782,2969,4828,2337,2491,207,90,117,195,88,107,521,267,254
MONTGOMERY COUNTY,339,61 Years,5363,2573,2790,4505,2164,2341,189,80,109,177,82,95,492,247,245
MONTGOMERY COUNTY,339,62 Years,5193,2530,2663,4371,2122,2249,183,87,96,166,80,86,473,241,232
MONTGOMERY COUNTY,339,63 Years,5082,2449,2633,4350,2081,2269,153,74,79,144,74,70,435,220,215
MONTGOMERY COUNTY,339,64 Years,5270,2544,2726,4551,2190,2361,168,95,73,148,67,81,403,192,211
MONTGOMERY COUNTY,339,65 Years,5106,2528,2578,4444,2193,2251,157,81,76,140,75,65,365,179,186
MONTGOMERY COUNTY,339,66 Years,4028,1962,2066,3501,1708,1793,111,54,57,120,57,63,296,143,153
MONTGOMERY COUNTY,339,67 Years,3838,1833,2005,3328,1594,1734,110,57,53,101,39,62,299,143,156
MONTGOMERY COUNTY,339,68 Years,3775,1798,1977,3296,1582,1714,108,47,61,96,45,51,275,124,151
MONTGOMERY COUNTY,339,69 Years,3669,1731,1938,3226,1529,1697,99,44,55,91,43,48,253,115,138
MONTGOMERY COUNTY,339,70 Years,3398,1573,1825,3003,1397,1606,91,40,51,77,34,43,227,102,125
MONTGOMERY COUNTY,339,71 Years,3007,1442,1565,2656,1271,1385,81,38,43,65,32,33,205,101,104
MONTGOMERY COUNTY,339,72 Years,2672,1286,1386,2344,1127,1217,62,26,36,69,34,35,197,99,98
MONTGOMERY COUNTY,339,73 Years,2531,1213,1318,2186,1055,1131,64,31,33,77,35,42,204,92,112
MONTGOMERY COUNTY,339,74 Years,2341,1097,1244,2072,978,1094,54,26,28,50,21,29,165,72,93
MONTGOMERY COUNTY,339,75 Years,2156,1000,1156,1918,896,1022,46,15,31,52,24,28,140,65,75
MONTGOMERY COUNTY,339,76 Years,1908,877,1031,1683,785,898,38,10,28,47,24,23,140,58,82
MONTGOMERY COUNTY,339,77 Years,1828,833,995,1625,744,881,45,21,24,37,19,18,121,49,72
MONTGOMERY COUNTY,339,78 Years,1694,752,942,1499,681,818,54,19,35,45,10,35,96,42,54
MONTGOMERY COUNTY,339,79 Years,1500,636,864,1342,569,773,51,19,32,35,15,20,72,33,39
MONTGOMERY COUNTY,339,80 Years,1427,637,790,1277,567,710,37,17,20,33,18,15,80,35,45
MONTGOMERY COUNTY,339,81 Years,1310,568,742,1170,507,663,30,14,16,32,13,19,78,34,44
MONTGOMERY COUNTY,339,82 Years,1262,501,761,1121,445,676,37,16,21,28,12,16,76,28,48
MONTGOMERY COUNTY,339,83 Years,1108,452,656,980,395,585,42,16,26,20,11,9,66,30,36
MONTGOMERY COUNTY,339,84 Years,1020,406,614,913,366,547,33,11,22,21,5,16,53,24,29
MONTGOMERY COUNTY,339,85 Years +,5259,1684,3575,4776,1526,3250,161,44,117,95,25,70,227,89,138
MOORE COUNTY,341,All Ages,22117,11436,10681,8154,3981,4173,288,202,86,1842,1079,763,11833,6174,5659
MOORE COUNTY,341,< 1 Year,401,201,200,93,46,47,6,3,3,58,31,27,244,121,123
MOORE COUNTY,341,1 Years,390,197,193,106,53,53,4,2,2,46,23,23,234,119,115
MOORE COUNTY,341,2 Years,398,209,189,95,52,43,7,2,5,43,31,12,253,124,129
MOORE COUNTY,341,3 Years,382,200,182,85,39,46,5,2,3,40,24,16,252,135,117
MOORE COUNTY,341,4 Years,409,204,205,75,36,39,4,2,2,50,29,21,280,137,143
MOORE COUNTY,341,5 Years,399,216,183,99,50,49,3,2,1,46,26,20,251,138,113
MOORE COUNTY,341,6 Years,396,207,189,100,51,49,2,1,1,40,22,18,254,133,121
MOORE COUNTY,341,7 Years,405,203,202,98,48,50,3,1,2,37,24,13,267,130,137
MOORE COUNTY,341,8 Years,388,200,188,88,43,45,4,2,2,35,21,14,261,134,127
MOORE COUNTY,341,9 Years,392,202,190,89,45,44,3,3,0,34,20,14,266,134,132
MOORE COUNTY,341,10 Years,382,203,179,95,51,44,4,4,0,39,19,20,244,129,115
MOORE COUNTY,341,11 Years,385,213,172,98,52,46,4,2,2,39,18,21,244,141,103
MOORE COUNTY,341,12 Years,359,196,163,96,58,38,1,0,1,32,16,16,230,122,108
MOORE COUNTY,341,13 Years,368,206,162,106,61,45,1,0,1,35,19,16,226,126,100
MOORE COUNTY,341,14 Years,370,206,164,103,52,51,2,1,1,32,19,13,233,134,99
MOORE COUNTY,341,15 Years,372,198,174,94,49,45,6,2,4,38,22,16,234,125,109
MOORE COUNTY,341,16 Years,369,206,163,91,54,37,3,2,1,30,19,11,245,131,114
MOORE COUNTY,341,17 Years,388,212,176,97,52,45,5,3,2,34,19,15,252,138,114
MOORE COUNTY,341,18 Years,357,184,173,90,43,47,3,3,0,36,21,15,228,117,111
MOORE COUNTY,341,19 Years,360,189,171,97,48,49,5,5,0,25,13,12,233,123,110
MOORE COUNTY,341,20 Years,333,171,162,89,43,46,3,2,1,28,17,11,213,109,104
MOORE COUNTY,341,21 Years,309,161,148,75,34,41,5,3,2,34,24,10,195,100,95
MOORE COUNTY,341,22 Years,314,165,149,63,35,28,4,3,1,41,26,15,206,101,105
MOORE COUNTY,341,23 Years,308,171,137,65,32,33,3,3,0,38,27,11,202,109,93
MOORE COUNTY,341,24 Years,285,172,113,66,35,31,5,5,0,44,35,9,170,97,73
MOORE COUNTY,341,25 Years,289,159,130,71,34,37,5,3,2,40,24,16,173,98,75
MOORE COUNTY,341,26 Years,283,155,128,68,33,35,8,4,4,29,19,10,178,99,79
MOORE COUNTY,341,27 Years,278,156,122,73,36,37,6,5,1,31,21,10,168,94,74
MOORE COUNTY,341,28 Years,310,165,145,84,40,44,7,6,1,31,20,11,188,99,89
MOORE COUNTY,341,29 Years,324,160,164,96,42,54,10,7,3,34,21,13,184,90,94
MOORE COUNTY,341,30 Years,338,167,171,108,54,54,16,13,3,35,21,14,179,79,100
MOORE COUNTY,341,31 Years,299,153,146,90,38,52,18,16,2,29,18,11,162,81,81
MOORE COUNTY,341,32 Years,292,152,140,94,42,52,11,11,0,36,23,13,151,76,75
MOORE COUNTY,341,33 Years,289,154,135,100,49,51,10,10,0,33,16,17,146,79,67
MOORE COUNTY,341,34 Years,311,158,153,99,46,53,12,10,2,35,20,15,165,82,83
MOORE COUNTY,341,35 Years,277,147,130,87,37,50,6,5,1,31,20,11,153,85,68
MOORE COUNTY,341,36 Years,281,146,135,95,51,44,3,1,2,34,17,17,149,77,72
MOORE COUNTY,341,37 Years,296,148,148,89,45,44,3,1,2,32,17,15,172,85,87
MOORE COUNTY,341,38 Years,268,137,131,86,45,41,3,3,0,23,13,10,156,76,80
MOORE COUNTY,341,39 Years,275,146,129,83,43,40,5,4,1,25,15,10,162,84,78
MOORE COUNTY,341,40 Years,260,137,123,92,48,44,3,2,1,25,15,10,140,72,68
MOORE COUNTY,341,41 Years,279,148,131,101,51,50,4,3,1,23,12,11,151,82,69
MOORE COUNTY,341,42 Years,299,157,142,115,58,57,3,2,1,19,11,8,162,86,76
MOORE COUNTY,341,43 Years,286,141,145,112,49,63,3,1,2,15,8,7,156,83,73
MOORE COUNTY,341,44 Years,268,129,139,93,38,55,3,2,1,19,11,8,153,78,75
MOORE COUNTY,341,45 Years,258,132,126,89,45,44,4,2,2,16,10,6,149,75,74
MOORE COUNTY,341,46 Years,263,153,110,98,58,40,4,2,2,12,7,5,149,86,63
MOORE COUNTY,341,47 Years,267,150,117,100,56,44,2,2,0,17,10,7,148,82,66
MOORE COUNTY,341,48 Years,279,142,137,123,62,61,3,1,2,24,13,11,129,66,63
MOORE COUNTY,341,49 Years,298,152,146,122,63,59,3,2,1,14,7,7,159,80,79
MOORE COUNTY,341,50 Years,267,137,130,120,68,52,4,3,1,16,7,9,127,59,68
MOORE COUNTY,341,51 Years,257,136,121,129,66,63,3,3,0,17,8,9,108,59,49
MOORE COUNTY,341,52 Years,272,139,133,138,68,70,5,3,2,19,13,6,110,55,55
MOORE COUNTY,341,53 Years,250,120,130,127,60,67,4,1,3,16,11,5,103,48,55
MOORE COUNTY,341,54 Years,268,140,128,144,72,72,4,3,1,12,7,5,108,58,50
MOORE COUNTY,341,55 Years,257,131,126,137,67,70,2,1,1,10,5,5,108,58,50
MOORE COUNTY,341,56 Years,261,126,135,133,60,73,1,0,1,12,7,5,115,59,56
MOORE COUNTY,341,57 Years,281,149,132,148,74,74,4,3,1,12,7,5,117,65,52
MOORE COUNTY,341,58 Years,248,133,115,140,69,71,2,2,0,11,8,3,95,54,41
MOORE COUNTY,341,59 Years,221,114,107,135,68,67,0,0,0,6,2,4,80,44,36
MOORE COUNTY,341,60 Years,221,106,115,134,66,68,0,0,0,8,2,6,79,38,41
MOORE COUNTY,341,61 Years,204,103,101,127,64,63,0,0,0,8,3,5,69,36,33
MOORE COUNTY,341,62 Years,196,103,93,109,52,57,1,1,0,7,6,1,79,44,35
MOORE COUNTY,341,63 Years,179,89,90,111,50,61,2,2,0,4,3,1,62,34,28
MOORE COUNTY,341,64 Years,170,80,90,104,43,61,0,0,0,7,5,2,59,32,27
MOORE COUNTY,341,65 Years,155,71,84,97,45,52,0,0,0,9,6,3,49,20,29
MOORE COUNTY,341,66 Years,128,64,64,75,39,36,0,0,0,6,2,4,47,23,24
MOORE COUNTY,341,67 Years,121,62,59,79,41,38,2,2,0,3,1,2,37,18,19
MOORE COUNTY,341,68 Years,127,62,65,94,48,46,0,0,0,2,1,1,31,13,18
MOORE COUNTY,341,69 Years,109,53,56,73,34,39,0,0,0,2,2,0,34,17,17
MOORE COUNTY,341,70 Years,110,50,60,78,35,43,1,0,1,2,1,1,29,14,15
MOORE COUNTY,341,71 Years,111,53,58,77,33,44,1,1,0,4,3,1,29,16,13
MOORE COUNTY,341,72 Years,107,58,49,69,34,35,1,1,0,4,3,1,33,20,13
MOORE COUNTY,341,73 Years,99,46,53,74,33,41,0,0,0,1,1,0,24,12,12
MOORE COUNTY,341,74 Years,93,40,53,70,28,42,0,0,0,0,0,0,23,12,11
MOORE COUNTY,341,75 Years,85,35,50,66,29,37,1,0,1,1,0,1,17,6,11
MOORE COUNTY,341,76 Years,86,37,49,63,25,38,0,0,0,1,0,1,22,12,10
MOORE COUNTY,341,77 Years,94,41,53,72,32,40,0,0,0,5,1,4,17,8,9
MOORE COUNTY,341,78 Years,70,36,34,54,27,27,0,0,0,2,0,2,14,9,5
MOORE COUNTY,341,79 Years,74,35,39,58,26,32,0,0,0,0,0,0,16,9,7
MOORE COUNTY,341,80 Years,80,40,40,63,29,34,0,0,0,3,0,3,14,11,3
MOORE COUNTY,341,81 Years,68,29,39,50,20,30,0,0,0,3,1,2,15,8,7
MOORE COUNTY,341,82 Years,69,33,36,53,26,27,0,0,0,3,1,2,13,6,7
MOORE COUNTY,341,83 Years,58,21,37,51,20,31,0,0,0,1,0,1,6,1,5
MOORE COUNTY,341,84 Years,65,23,42,53,21,32,0,0,0,0,0,0,12,2,10
MOORE COUNTY,341,85 Years +,270,105,165,228,84,144,0,0,0,9,8,1,33,13,20
MORRIS COUNTY,343,All Ages,13133,6352,6781,8691,4207,4484,3006,1392,1614,353,181,172,1083,572,511
MORRIS COUNTY,343,< 1 Year,164,91,73,104,56,48,35,22,13,3,2,1,22,11,11
MORRIS COUNTY,343,1 Years,164,87,77,104,54,50,37,21,16,2,1,1,21,11,10
MORRIS COUNTY,343,2 Years,173,87,86,101,51,50,38,20,18,10,6,4,24,10,14
MORRIS COUNTY,343,3 Years,164,90,74,88,46,42,33,20,13,14,8,6,29,16,13
MORRIS COUNTY,343,4 Years,154,86,68,84,46,38,34,20,14,11,5,6,25,15,10
MORRIS COUNTY,343,5 Years,173,91,82,99,52,47,33,17,16,11,5,6,30,17,13
MORRIS COUNTY,343,6 Years,178,90,88,108,57,51,27,11,16,8,3,5,35,19,16
MORRIS COUNTY,343,7 Years,145,68,77,80,41,39,36,16,20,4,1,3,25,10,15
MORRIS COUNTY,343,8 Years,180,93,87,106,56,50,38,17,21,10,7,3,26,13,13
MORRIS COUNTY,343,9 Years,163,96,67,87,49,38,42,26,16,7,5,2,27,16,11
MORRIS COUNTY,343,10 Years,137,74,63,80,44,36,27,15,12,10,4,6,20,11,9
MORRIS COUNTY,343,11 Years,151,87,64,93,52,41,38,25,13,5,2,3,15,8,7
MORRIS COUNTY,343,12 Years,161,82,79,91,48,43,36,16,20,11,4,7,23,14,9
MORRIS COUNTY,343,13 Years,170,88,82,90,48,42,35,16,19,13,6,7,32,18,14
MORRIS COUNTY,343,14 Years,185,97,88,111,57,54,42,23,19,7,5,2,25,12,13
MORRIS COUNTY,343,15 Years,176,82,94,98,45,53,45,22,23,8,4,4,25,11,14
MORRIS COUNTY,343,16 Years,193,100,93,102,53,49,60,28,32,8,4,4,23,15,8
MORRIS COUNTY,343,17 Years,192,99,93,105,56,49,64,31,33,3,1,2,20,11,9
MORRIS COUNTY,343,18 Years,180,87,93,89,43,46,59,28,31,4,2,2,28,14,14
MORRIS COUNTY,343,19 Years,179,92,87,89,47,42,57,30,27,6,4,2,27,11,16
MORRIS COUNTY,343,20 Years,182,93,89,98,50,48,54,29,25,4,1,3,26,13,13
MORRIS COUNTY,343,21 Years,152,74,78,82,40,42,43,20,23,6,3,3,21,11,10
MORRIS COUNTY,343,22 Years,134,64,70,75,35,40,45,22,23,1,1,0,13,6,7
MORRIS COUNTY,343,23 Years,144,68,76,80,35,45,41,20,21,5,3,2,18,10,8
MORRIS COUNTY,343,24 Years,136,73,63,83,47,36,34,18,16,5,3,2,14,5,9
MORRIS COUNTY,343,25 Years,121,67,54,77,44,33,31,17,14,3,2,1,10,4,6
MORRIS COUNTY,343,26 Years,123,53,70,78,35,43,31,12,19,2,2,0,12,4,8
MORRIS COUNTY,343,27 Years,126,59,67,84,37,47,26,14,12,2,2,0,14,6,8
MORRIS COUNTY,343,28 Years,135,64,71,93,40,53,23,14,9,2,2,0,17,8,9
MORRIS COUNTY,343,29 Years,151,70,81,100,42,58,29,14,15,5,4,1,17,10,7
MORRIS COUNTY,343,30 Years,152,78,74,96,48,48,38,19,19,5,2,3,13,9,4
MORRIS COUNTY,343,31 Years,157,78,79,99,48,51,40,19,21,5,3,2,13,8,5
MORRIS COUNTY,343,32 Years,142,70,72,94,45,49,32,15,17,3,2,1,13,8,5
MORRIS COUNTY,343,33 Years,146,74,72,94,49,45,39,17,22,2,1,1,11,7,4
MORRIS COUNTY,343,34 Years,139,63,76,89,39,50,36,16,20,2,1,1,12,7,5
MORRIS COUNTY,343,35 Years,119,56,63,79,35,44,25,13,12,1,1,0,14,7,7
MORRIS COUNTY,343,36 Years,133,60,73,83,38,45,34,13,21,1,1,0,15,8,7
MORRIS COUNTY,343,37 Years,161,77,84,95,44,51,40,18,22,5,3,2,21,12,9
MORRIS COUNTY,343,38 Years,147,64,83,98,45,53,30,10,20,2,1,1,17,8,9
MORRIS COUNTY,343,39 Years,150,69,81,97,47,50,31,12,19,3,3,0,19,7,12
MORRIS COUNTY,343,40 Years,148,69,79,97,42,55,35,18,17,3,1,2,13,8,5
MORRIS COUNTY,343,41 Years,151,82,69,98,54,44,37,20,17,3,2,1,13,6,7
MORRIS COUNTY,343,42 Years,163,76,87,105,45,60,36,20,16,4,2,2,18,9,9
MORRIS COUNTY,343,43 Years,137,60,77,84,37,47,34,15,19,1,0,1,18,8,10
MORRIS COUNTY,343,44 Years,130,57,73,80,39,41,30,10,20,7,3,4,13,5,8
MORRIS COUNTY,343,45 Years,125,63,62,74,37,37,30,11,19,7,6,1,14,9,5
MORRIS COUNTY,343,46 Years,134,67,67,90,48,42,27,9,18,5,2,3,12,8,4
MORRIS COUNTY,343,47 Years,154,78,76,107,60,47,37,12,25,3,1,2,7,5,2
MORRIS COUNTY,343,48 Years,162,88,74,114,63,51,35,17,18,5,3,2,8,5,3
MORRIS COUNTY,343,49 Years,166,86,80,116,62,54,34,16,18,2,1,1,14,7,7
MORRIS COUNTY,343,50 Years,173,81,92,117,56,61,45,18,27,4,2,2,7,5,2
MORRIS COUNTY,343,51 Years,195,91,104,132,63,69,50,20,30,5,3,2,8,5,3
MORRIS COUNTY,343,52 Years,199,96,103,139,71,68,52,22,30,2,1,1,6,2,4
MORRIS COUNTY,343,53 Years,218,105,113,139,69,70,62,29,33,3,0,3,14,7,7
MORRIS COUNTY,343,54 Years,197,93,104,127,64,63,62,26,36,2,0,2,6,3,3
MORRIS COUNTY,343,55 Years,194,86,108,136,58,78,49,23,26,3,1,2,6,4,2
MORRIS COUNTY,343,56 Years,206,93,113,144,63,81,44,20,24,5,1,4,13,9,4
MORRIS COUNTY,343,57 Years,198,88,110,150,69,81,38,14,24,2,1,1,8,4,4
MORRIS COUNTY,343,58 Years,180,87,93,136,65,71,36,16,20,2,1,1,6,5,1
MORRIS COUNTY,343,59 Years,192,102,90,135,77,58,43,18,25,3,1,2,11,6,5
MORRIS COUNTY,343,60 Years,189,87,102,134,67,67,46,15,31,3,1,2,6,4,2
MORRIS COUNTY,343,61 Years,166,80,86,120,57,63,37,18,19,2,2,0,7,3,4
MORRIS COUNTY,343,62 Years,155,77,78,116,59,57,33,16,17,1,0,1,5,2,3
MORRIS COUNTY,343,63 Years,182,78,104,135,59,76,36,14,22,7,3,4,4,2,2
MORRIS COUNTY,343,64 Years,179,81,98,128,57,71,44,21,23,5,2,3,2,1,1
MORRIS COUNTY,343,65 Years,162,81,81,120,60,60,33,18,15,5,1,4,4,2,2
MORRIS COUNTY,343,66 Years,139,67,72,104,51,53,29,13,16,2,1,1,4,2,2
MORRIS COUNTY,343,67 Years,143,66,77,117,53,64,21,11,10,2,1,1,3,1,2
MORRIS COUNTY,343,68 Years,140,60,80,112,50,62,25,10,15,2,0,2,1,0,1
MORRIS COUNTY,343,69 Years,138,71,67,111,55,56,25,15,10,1,0,1,1,1,0
MORRIS COUNTY,343,70 Years,140,75,65,111,54,57,24,16,8,3,3,0,2,2,0
MORRIS COUNTY,343,71 Years,140,71,69,114,55,59,19,11,8,3,2,1,4,3,1
MORRIS COUNTY,343,72 Years,119,55,64,92,44,48,22,9,13,4,1,3,1,1,0
MORRIS COUNTY,343,73 Years,116,51,65,95,41,54,19,9,10,2,1,1,0,0,0
MORRIS COUNTY,343,74 Years,124,50,74,99,40,59,22,7,15,3,3,0,0,0,0
MORRIS COUNTY,343,75 Years,132,60,72,114,52,62,15,6,9,1,1,0,2,1,1
MORRIS COUNTY,343,76 Years,118,60,58,102,53,49,15,6,9,0,0,0,1,1,0
MORRIS COUNTY,343,77 Years,112,55,57,87,42,45,20,11,9,4,1,3,1,1,0
MORRIS COUNTY,343,78 Years,98,43,55,75,35,40,19,6,13,2,1,1,2,1,1
MORRIS COUNTY,343,79 Years,89,39,50,71,31,40,16,7,9,1,0,1,1,1,0
MORRIS COUNTY,343,80 Years,84,34,50,70,30,40,13,4,9,1,0,1,0,0,0
MORRIS COUNTY,343,81 Years,73,32,41,62,29,33,10,3,7,1,0,1,0,0,0
MORRIS COUNTY,343,82 Years,73,28,45,59,22,37,12,5,7,2,1,1,0,0,0
MORRIS COUNTY,343,83 Years,65,33,32,45,24,21,17,8,9,1,1,0,2,0,2
MORRIS COUNTY,343,84 Years,73,35,38,59,28,31,12,6,6,0,0,0,2,1,1
MORRIS COUNTY,343,85 Years +,330,94,236,236,73,163,88,17,71,5,3,2,1,1,0
MOTLEY COUNTY,345,All Ages,1227,615,612,1013,509,504,28,15,13,10,4,6,176,87,89
MOTLEY COUNTY,345,< 1 Year,9,4,5,7,3,4,0,0,0,0,0,0,2,1,1
MOTLEY COUNTY,345,1 Years,10,6,4,6,4,2,0,0,0,0,0,0,4,2,2
MOTLEY COUNTY,345,2 Years,8,6,2,5,4,1,0,0,0,0,0,0,3,2,1
MOTLEY COUNTY,345,3 Years,7,3,4,3,1,2,0,0,0,0,0,0,4,2,2
MOTLEY COUNTY,345,4 Years,16,5,11,9,4,5,0,0,0,0,0,0,7,1,6
MOTLEY COUNTY,345,5 Years,20,6,14,15,5,10,0,0,0,0,0,0,5,1,4
MOTLEY COUNTY,345,6 Years,12,6,6,10,5,5,0,0,0,0,0,0,2,1,1
MOTLEY COUNTY,345,7 Years,15,9,6,9,7,2,2,1,1,0,0,0,4,1,3
MOTLEY COUNTY,345,8 Years,11,7,4,7,5,2,1,0,1,0,0,0,3,2,1
MOTLEY COUNTY,345,9 Years,20,9,11,14,7,7,0,0,0,0,0,0,6,2,4
MOTLEY COUNTY,345,10 Years,17,8,9,14,6,8,0,0,0,1,0,1,2,2,0
MOTLEY COUNTY,345,11 Years,14,7,7,9,5,4,0,0,0,0,0,0,5,2,3
MOTLEY COUNTY,345,12 Years,13,6,7,10,5,5,0,0,0,0,0,0,3,1,2
MOTLEY COUNTY,345,13 Years,17,6,11,13,5,8,0,0,0,0,0,0,4,1,3
MOTLEY COUNTY,345,14 Years,17,9,8,14,8,6,0,0,0,0,0,0,3,1,2
MOTLEY COUNTY,345,15 Years,19,10,9,12,7,5,0,0,0,2,1,1,5,2,3
MOTLEY COUNTY,345,16 Years,16,10,6,11,7,4,0,0,0,0,0,0,5,3,2
MOTLEY COUNTY,345,17 Years,11,7,4,8,5,3,0,0,0,0,0,0,3,2,1
MOTLEY COUNTY,345,18 Years,18,14,4,12,9,3,1,1,0,0,0,0,5,4,1
MOTLEY COUNTY,345,19 Years,17,9,8,13,6,7,1,1,0,0,0,0,3,2,1
MOTLEY COUNTY,345,20 Years,12,7,5,7,4,3,1,1,0,0,0,0,4,2,2
MOTLEY COUNTY,345,21 Years,12,4,8,7,2,5,0,0,0,0,0,0,5,2,3
MOTLEY COUNTY,345,22 Years,8,5,3,5,3,2,0,0,0,0,0,0,3,2,1
MOTLEY COUNTY,345,23 Years,6,4,2,4,3,1,0,0,0,0,0,0,2,1,1
MOTLEY COUNTY,345,24 Years,7,5,2,5,3,2,1,1,0,0,0,0,1,1,0
MOTLEY COUNTY,345,25 Years,15,7,8,13,6,7,1,1,0,0,0,0,1,0,1
MOTLEY COUNTY,345,26 Years,10,4,6,9,4,5,0,0,0,0,0,0,1,0,1
MOTLEY COUNTY,345,27 Years,11,5,6,6,2,4,1,1,0,0,0,0,4,2,2
MOTLEY COUNTY,345,28 Years,8,7,1,5,4,1,0,0,0,0,0,0,3,3,0
MOTLEY COUNTY,345,29 Years,7,6,1,5,4,1,1,1,0,0,0,0,1,1,0
MOTLEY COUNTY,345,30 Years,8,4,4,4,2,2,2,2,0,0,0,0,2,0,2
MOTLEY COUNTY,345,31 Years,12,8,4,10,7,3,0,0,0,0,0,0,2,1,1
MOTLEY COUNTY,345,32 Years,13,8,5,12,7,5,0,0,0,0,0,0,1,1,0
MOTLEY COUNTY,345,33 Years,13,6,7,10,5,5,0,0,0,0,0,0,3,1,2
MOTLEY COUNTY,345,34 Years,13,8,5,11,6,5,0,0,0,0,0,0,2,2,0
MOTLEY COUNTY,345,35 Years,11,3,8,9,3,6,0,0,0,0,0,0,2,0,2
MOTLEY COUNTY,345,36 Years,12,9,3,11,8,3,0,0,0,0,0,0,1,1,0
MOTLEY COUNTY,345,37 Years,16,7,9,12,5,7,0,0,0,1,1,0,3,1,2
MOTLEY COUNTY,345,38 Years,12,5,7,9,4,5,0,0,0,0,0,0,3,1,2
MOTLEY COUNTY,345,39 Years,8,4,4,7,3,4,0,0,0,0,0,0,1,1,0
MOTLEY COUNTY,345,40 Years,12,9,3,11,8,3,0,0,0,0,0,0,1,1,0
MOTLEY COUNTY,345,41 Years,13,7,6,11,6,5,0,0,0,0,0,0,2,1,1
MOTLEY COUNTY,345,42 Years,9,3,6,8,3,5,0,0,0,0,0,0,1,0,1
MOTLEY COUNTY,345,43 Years,9,5,4,6,5,1,0,0,0,0,0,0,3,0,3
MOTLEY COUNTY,345,44 Years,4,3,1,4,3,1,0,0,0,0,0,0,0,0,0
MOTLEY COUNTY,345,45 Years,8,3,5,5,2,3,1,0,1,1,1,0,1,0,1
MOTLEY COUNTY,345,46 Years,12,6,6,8,5,3,0,0,0,4,1,3,0,0,0
MOTLEY COUNTY,345,47 Years,14,6,8,13,5,8,1,1,0,0,0,0,0,0,0
MOTLEY COUNTY,345,48 Years,14,9,5,11,6,5,0,0,0,0,0,0,3,3,0
MOTLEY COUNTY,345,49 Years,18,8,10,15,6,9,0,0,0,0,0,0,3,2,1
MOTLEY COUNTY,345,50 Years,21,10,11,17,9,8,0,0,0,0,0,0,4,1,3
MOTLEY COUNTY,345,51 Years,17,9,8,15,8,7,0,0,0,0,0,0,2,1,1
MOTLEY COUNTY,345,52 Years,15,9,6,15,9,6,0,0,0,0,0,0,0,0,0
MOTLEY COUNTY,345,53 Years,17,11,6,17,11,6,0,0,0,0,0,0,0,0,0
MOTLEY COUNTY,345,54 Years,15,6,9,14,6,8,0,0,0,0,0,0,1,0,1
MOTLEY COUNTY,345,55 Years,14,8,6,13,8,5,0,0,0,0,0,0,1,0,1
MOTLEY COUNTY,345,56 Years,19,9,10,17,7,10,0,0,0,0,0,0,2,2,0
MOTLEY COUNTY,345,57 Years,17,9,8,16,8,8,0,0,0,0,0,0,1,1,0
MOTLEY COUNTY,345,58 Years,13,8,5,12,8,4,0,0,0,0,0,0,1,0,1
MOTLEY COUNTY,345,59 Years,19,10,9,17,10,7,1,0,1,0,0,0,1,0,1
MOTLEY COUNTY,345,60 Years,27,12,15,22,10,12,1,0,1,0,0,0,4,2,2
MOTLEY COUNTY,345,61 Years,19,8,11,16,6,10,0,0,0,0,0,0,3,2,1
MOTLEY COUNTY,345,62 Years,18,11,7,15,8,7,1,1,0,0,0,0,2,2,0
MOTLEY COUNTY,345,63 Years,22,13,9,18,10,8,1,1,0,0,0,0,3,2,1
MOTLEY COUNTY,345,64 Years,15,7,8,13,5,8,0,0,0,0,0,0,2,2,0
MOTLEY COUNTY,345,65 Years,14,6,8,13,6,7,0,0,0,0,0,0,1,0,1
MOTLEY COUNTY,345,66 Years,19,11,8,17,9,8,1,1,0,0,0,0,1,1,0
MOTLEY COUNTY,345,67 Years,21,11,10,19,10,9,0,0,0,0,0,0,2,1,1
MOTLEY COUNTY,345,68 Years,25,12,13,23,11,12,0,0,0,0,0,0,2,1,1
MOTLEY COUNTY,345,69 Years,22,12,10,22,12,10,0,0,0,0,0,0,0,0,0
MOTLEY COUNTY,345,70 Years,23,7,16,21,7,14,2,0,2,0,0,0,0,0,0
MOTLEY COUNTY,345,71 Years,16,6,10,15,6,9,1,0,1,0,0,0,0,0,0
MOTLEY COUNTY,345,72 Years,17,7,10,15,6,9,0,0,0,0,0,0,2,1,1
MOTLEY COUNTY,345,73 Years,14,6,8,13,5,8,0,0,0,0,0,0,1,1,0
MOTLEY COUNTY,345,74 Years,15,7,8,14,7,7,0,0,0,1,0,1,0,0,0
MOTLEY COUNTY,345,75 Years,18,11,7,18,11,7,0,0,0,0,0,0,0,0,0
MOTLEY COUNTY,345,76 Years,13,7,6,13,7,6,0,0,0,0,0,0,0,0,0
MOTLEY COUNTY,345,77 Years,13,5,8,12,4,8,0,0,0,0,0,0,1,1,0
MOTLEY COUNTY,345,78 Years,13,5,8,13,5,8,0,0,0,0,0,0,0,0,0
MOTLEY COUNTY,345,79 Years,12,4,8,12,4,8,0,0,0,0,0,0,0,0,0
MOTLEY COUNTY,345,80 Years,9,4,5,8,4,4,1,0,1,0,0,0,0,0,0
MOTLEY COUNTY,345,81 Years,8,3,5,7,3,4,1,0,1,0,0,0,0,0,0
MOTLEY COUNTY,345,82 Years,12,2,10,12,2,10,0,0,0,0,0,0,0,0,0
MOTLEY COUNTY,345,83 Years,16,6,10,15,6,9,1,0,1,0,0,0,0,0,0
MOTLEY COUNTY,345,84 Years,9,3,6,7,2,5,1,0,1,0,0,0,1,1,0
MOTLEY COUNTY,345,85 Years +,36,18,18,33,17,16,2,1,1,0,0,0,1,0,1
NACOGDOCHES COUNTY,347,All Ages,65753,31470,34283,39778,18990,20788,11827,5253,6574,2002,956,1046,12146,6271,5875
NACOGDOCHES COUNTY,347,< 1 Year,905,455,450,412,193,219,183,97,86,31,19,12,279,146,133
NACOGDOCHES COUNTY,347,1 Years,909,461,448,394,198,196,217,109,108,30,17,13,268,137,131
NACOGDOCHES COUNTY,347,2 Years,959,481,478,433,220,213,208,103,105,43,23,20,275,135,140
NACOGDOCHES COUNTY,347,3 Years,892,443,449,380,178,202,180,93,87,51,31,20,281,141,140
NACOGDOCHES COUNTY,347,4 Years,926,481,445,398,206,192,185,89,96,35,20,15,308,166,142
NACOGDOCHES COUNTY,347,5 Years,868,448,420,400,209,191,157,79,78,35,15,20,276,145,131
NACOGDOCHES COUNTY,347,6 Years,878,461,417,388,203,185,167,89,78,37,18,19,286,151,135
NACOGDOCHES COUNTY,347,7 Years,888,475,413,394,220,174,161,85,76,39,24,15,294,146,148
NACOGDOCHES COUNTY,347,8 Years,871,472,399,421,243,178,142,70,72,45,24,21,263,135,128
NACOGDOCHES COUNTY,347,9 Years,863,447,416,409,211,198,162,90,72,39,19,20,253,127,126
NACOGDOCHES COUNTY,347,10 Years,807,400,407,396,187,209,141,76,65,36,16,20,234,121,113
NACOGDOCHES COUNTY,347,11 Years,836,452,384,408,232,176,149,77,72,30,16,14,249,127,122
NACOGDOCHES COUNTY,347,12 Years,822,425,397,386,199,187,156,80,76,28,13,15,252,133,119
NACOGDOCHES COUNTY,347,13 Years,811,401,410,401,194,207,135,71,64,29,12,17,246,124,122
NACOGDOCHES COUNTY,347,14 Years,830,417,413,436,209,227,136,73,63,26,16,10,232,119,113
NACOGDOCHES COUNTY,347,15 Years,817,411,406,424,213,211,138,71,67,29,15,14,226,112,114
NACOGDOCHES COUNTY,347,16 Years,885,468,417,481,261,220,158,80,78,32,19,13,214,108,106
NACOGDOCHES COUNTY,347,17 Years,905,440,465,449,221,228,205,86,119,31,19,12,220,114,106
NACOGDOCHES COUNTY,347,18 Years,1691,669,1022,846,320,526,480,182,298,58,23,35,307,144,163
NACOGDOCHES COUNTY,347,19 Years,2526,1012,1514,1313,516,797,699,271,428,92,33,59,422,192,230
NACOGDOCHES COUNTY,347,20 Years,2173,903,1270,1200,492,708,551,228,323,67,26,41,355,157,198
NACOGDOCHES COUNTY,347,21 Years,2189,988,1201,1279,565,714,470,203,267,75,42,33,365,178,187
NACOGDOCHES COUNTY,347,22 Years,1919,936,983,1168,561,607,382,179,203,65,32,33,304,164,140
NACOGDOCHES COUNTY,347,23 Years,1434,728,706,891,456,435,260,121,139,45,21,24,238,130,108
NACOGDOCHES COUNTY,347,24 Years,1132,569,563,668,317,351,205,97,108,53,33,20,206,122,84
NACOGDOCHES COUNTY,347,25 Years,925,460,465,512,251,261,172,77,95,46,23,23,195,109,86
NACOGDOCHES COUNTY,347,26 Years,833,417,416,435,207,228,158,68,90,31,14,17,209,128,81
NACOGDOCHES COUNTY,347,27 Years,864,426,438,493,260,233,157,67,90,24,10,14,190,89,101
NACOGDOCHES COUNTY,347,28 Years,758,380,378,412,220,192,135,53,82,28,14,14,183,93,90
NACOGDOCHES COUNTY,347,29 Years,760,387,373,427,216,211,124,56,68,23,10,13,186,105,81
NACOGDOCHES COUNTY,347,30 Years,807,394,413,453,219,234,146,64,82,22,6,16,186,105,81
NACOGDOCHES COUNTY,347,31 Years,775,395,380,433,220,213,132,59,73,19,8,11,191,108,83
NACOGDOCHES COUNTY,347,32 Years,765,384,381,450,228,222,122,54,68,12,6,6,181,96,85
NACOGDOCHES COUNTY,347,33 Years,741,362,379,420,213,207,134,56,78,18,8,10,169,85,84
NACOGDOCHES COUNTY,347,34 Years,720,348,372,382,195,187,135,56,79,25,10,15,178,87,91
NACOGDOCHES COUNTY,347,35 Years,662,312,350,357,179,178,107,40,67,19,9,10,179,84,95
NACOGDOCHES COUNTY,347,36 Years,683,333,350,398,195,203,107,45,62,17,8,9,161,85,76
NACOGDOCHES COUNTY,347,37 Years,683,347,336,404,208,196,99,53,46,17,6,11,163,80,83
NACOGDOCHES COUNTY,347,38 Years,600,294,306,336,165,171,96,47,49,20,9,11,148,73,75
NACOGDOCHES COUNTY,347,39 Years,628,306,322,368,181,187,99,45,54,22,9,13,139,71,68
NACOGDOCHES COUNTY,347,40 Years,651,328,323,393,199,194,96,46,50,25,12,13,137,71,66
NACOGDOCHES COUNTY,347,41 Years,694,344,350,429,213,216,114,50,64,20,10,10,131,71,60
NACOGDOCHES COUNTY,347,42 Years,679,328,351,403,192,211,114,53,61,15,6,9,147,77,70
NACOGDOCHES COUNTY,347,43 Years,678,320,358,413,197,216,99,38,61,20,6,14,146,79,67
NACOGDOCHES COUNTY,347,44 Years,646,335,311,394,211,183,106,49,57,19,10,9,127,65,62
NACOGDOCHES COUNTY,347,45 Years,660,325,335,405,203,202,118,53,65,14,9,5,123,60,63
NACOGDOCHES COUNTY,347,46 Years,654,309,345,403,186,217,113,47,66,15,6,9,123,70,53
NACOGDOCHES COUNTY,347,47 Years,716,327,389,441,195,246,126,53,73,20,10,10,129,69,60
NACOGDOCHES COUNTY,347,48 Years,725,332,393,472,218,254,131,50,81,25,12,13,97,52,45
NACOGDOCHES COUNTY,347,49 Years,748,346,402,500,231,269,118,47,71,18,6,12,112,62,50
NACOGDOCHES COUNTY,347,50 Years,755,376,379,502,259,243,123,48,75,19,8,11,111,61,50
NACOGDOCHES COUNTY,347,51 Years,780,372,408,537,259,278,123,48,75,19,7,12,101,58,43
NACOGDOCHES COUNTY,347,52 Years,748,356,392,505,237,268,141,64,77,15,6,9,87,49,38
NACOGDOCHES COUNTY,347,53 Years,739,355,384,509,254,255,126,46,80,19,12,7,85,43,42
NACOGDOCHES COUNTY,347,54 Years,786,374,412,547,262,285,124,46,78,21,11,10,94,55,39
NACOGDOCHES COUNTY,347,55 Years,772,382,390,553,269,284,124,62,62,20,11,9,75,40,35
NACOGDOCHES COUNTY,347,56 Years,719,367,352,507,260,247,131,64,67,22,10,12,59,33,26
NACOGDOCHES COUNTY,347,57 Years,736,361,375,524,258,266,132,61,71,18,2,16,62,40,22
NACOGDOCHES COUNTY,347,58 Years,743,356,387,539,261,278,123,52,71,19,6,13,62,37,25
NACOGDOCHES COUNTY,347,59 Years,740,363,377,551,274,277,117,54,63,19,9,10,53,26,27
NACOGDOCHES COUNTY,347,60 Years,723,349,374,541,261,280,109,50,59,18,8,10,55,30,25
NACOGDOCHES COUNTY,347,61 Years,689,331,358,523,261,262,108,41,67,13,5,8,45,24,21
NACOGDOCHES COUNTY,347,62 Years,682,332,350,523,258,265,103,42,61,9,4,5,47,28,19
NACOGDOCHES COUNTY,347,63 Years,629,304,325,490,239,251,93,39,54,9,4,5,37,22,15
NACOGDOCHES COUNTY,347,64 Years,629,315,314,476,239,237,97,43,54,15,11,4,41,22,19
NACOGDOCHES COUNTY,347,65 Years,629,314,315,500,255,245,86,39,47,14,10,4,29,10,19
NACOGDOCHES COUNTY,347,66 Years,515,236,279,418,194,224,67,31,36,9,5,4,21,6,15
NACOGDOCHES COUNTY,347,67 Years,518,243,275,416,194,222,68,30,38,8,4,4,26,15,11
NACOGDOCHES COUNTY,347,68 Years,511,238,273,411,195,216,70,27,43,9,4,5,21,12,9
NACOGDOCHES COUNTY,347,69 Years,480,223,257,389,184,205,56,23,33,8,4,4,27,12,15
NACOGDOCHES COUNTY,347,70 Years,429,205,224,352,171,181,46,19,27,7,5,2,24,10,14
NACOGDOCHES COUNTY,347,71 Years,398,193,205,317,160,157,53,20,33,4,1,3,24,12,12
NACOGDOCHES COUNTY,347,72 Years,354,157,197,293,132,161,41,16,25,3,1,2,17,8,9
NACOGDOCHES COUNTY,347,73 Years,334,141,193,272,114,158,42,17,25,3,1,2,17,9,8
NACOGDOCHES COUNTY,347,74 Years,362,157,205,290,128,162,40,16,24,7,2,5,25,11,14
NACOGDOCHES COUNTY,347,75 Years,323,140,183,266,118,148,38,14,24,4,1,3,15,7,8
NACOGDOCHES COUNTY,347,76 Years,291,119,172,241,101,140,33,14,19,6,1,5,11,3,8
NACOGDOCHES COUNTY,347,77 Years,300,134,166,252,110,142,30,14,16,8,3,5,10,7,3
NACOGDOCHES COUNTY,347,78 Years,276,109,167,232,95,137,29,8,21,5,2,3,10,4,6
NACOGDOCHES COUNTY,347,79 Years,254,113,141,208,99,109,34,11,23,4,2,2,8,1,7
NACOGDOCHES COUNTY,347,80 Years,254,113,141,212,97,115,33,12,21,3,1,2,6,3,3
NACOGDOCHES COUNTY,347,81 Years,238,97,141,199,83,116,29,9,20,1,0,1,9,5,4
NACOGDOCHES COUNTY,347,82 Years,207,82,125,181,73,108,16,5,11,3,1,2,7,3,4
NACOGDOCHES COUNTY,347,83 Years,190,77,113,164,70,94,19,5,14,2,0,2,5,2,3
NACOGDOCHES COUNTY,347,84 Years,184,67,117,156,57,99,19,6,13,5,2,3,4,2,2
NACOGDOCHES COUNTY,347,85 Years +,1045,337,708,874,283,591,119,32,87,19,9,10,33,13,20
NAVARRO COUNTY,349,All Ages,48510,24090,24420,28503,13958,14545,6518,3159,3359,1395,697,698,12094,6276,5818
NAVARRO COUNTY,349,< 1 Year,686,341,345,307,152,155,99,46,53,24,13,11,256,130,126
NAVARRO COUNTY,349,1 Years,687,346,341,311,154,157,91,45,46,22,12,10,263,135,128
NAVARRO COUNTY,349,2 Years,679,348,331,300,160,140,85,36,49,33,16,17,261,136,125
NAVARRO COUNTY,349,3 Years,680,341,339,283,140,143,99,53,46,42,15,27,256,133,123
NAVARRO COUNTY,349,4 Years,704,352,352,287,143,144,91,45,46,40,15,25,286,149,137
NAVARRO COUNTY,349,5 Years,741,387,354,295,144,151,113,63,50,38,21,17,295,159,136
NAVARRO COUNTY,349,6 Years,699,356,343,284,141,143,100,58,42,32,14,18,283,143,140
NAVARRO COUNTY,349,7 Years,674,346,328,265,137,128,98,56,42,30,15,15,281,138,143
NAVARRO COUNTY,349,8 Years,686,355,331,294,157,137,89,46,43,31,17,14,272,135,137
NAVARRO COUNTY,349,9 Years,709,357,352,308,165,143,84,36,48,26,16,10,291,140,151
NAVARRO COUNTY,349,10 Years,715,365,350,333,166,167,80,38,42,24,14,10,278,147,131
NAVARRO COUNTY,349,11 Years,749,400,349,342,176,166,83,48,35,34,18,16,290,158,132
NAVARRO COUNTY,349,12 Years,750,409,341,341,191,150,96,54,42,35,21,14,278,143,135
NAVARRO COUNTY,349,13 Years,764,413,351,349,188,161,108,58,50,32,12,20,275,155,120
NAVARRO COUNTY,349,14 Years,725,394,331,355,196,159,95,47,48,25,11,14,250,140,110
NAVARRO COUNTY,349,15 Years,753,411,342,364,205,159,92,49,43,24,13,11,273,144,129
NAVARRO COUNTY,349,16 Years,773,390,383,386,209,177,120,60,60,18,8,10,249,113,136
NAVARRO COUNTY,349,17 Years,723,378,345,375,202,173,107,60,47,16,9,7,225,107,118
NAVARRO COUNTY,349,18 Years,740,393,347,369,198,171,116,67,49,24,17,7,231,111,120
NAVARRO COUNTY,349,19 Years,745,422,323,370,206,164,118,72,46,22,12,10,235,132,103
NAVARRO COUNTY,349,20 Years,665,357,308,311,164,147,106,59,47,15,9,6,233,125,108
NAVARRO COUNTY,349,21 Years,687,376,311,318,167,151,128,76,52,24,12,12,217,121,96
NAVARRO COUNTY,349,22 Years,671,361,310,304,161,143,136,71,65,27,14,13,204,115,89
NAVARRO COUNTY,349,23 Years,565,299,266,283,150,133,94,43,51,22,14,8,166,92,74
NAVARRO COUNTY,349,24 Years,563,279,284,294,146,148,94,41,53,13,6,7,162,86,76
NAVARRO COUNTY,349,25 Years,568,277,291,293,148,145,86,40,46,14,5,9,175,84,91
NAVARRO COUNTY,349,26 Years,566,272,294,283,131,152,97,50,47,16,7,9,170,84,86
NAVARRO COUNTY,349,27 Years,531,257,274,254,124,130,98,43,55,16,8,8,163,82,81
NAVARRO COUNTY,349,28 Years,528,266,262,273,137,136,72,32,40,21,11,10,162,86,76
NAVARRO COUNTY,349,29 Years,522,264,258,265,126,139,64,33,31,17,7,10,176,98,78
NAVARRO COUNTY,349,30 Years,537,265,272,282,137,145,65,34,31,22,9,13,168,85,83
NAVARRO COUNTY,349,31 Years,554,268,286,288,144,144,67,30,37,18,7,11,181,87,94
NAVARRO COUNTY,349,32 Years,580,277,303,295,141,154,76,35,41,26,15,11,183,86,97
NAVARRO COUNTY,349,33 Years,543,277,266,280,142,138,73,34,39,17,11,6,173,90,83
NAVARRO COUNTY,349,34 Years,541,274,267,277,142,135,67,27,40,22,11,11,175,94,81
NAVARRO COUNTY,349,35 Years,536,271,265,266,134,132,66,33,33,18,10,8,186,94,92
NAVARRO COUNTY,349,36 Years,536,259,277,273,129,144,58,26,32,16,8,8,189,96,93
NAVARRO COUNTY,349,37 Years,574,275,299,308,146,162,59,22,37,13,7,6,194,100,94
NAVARRO COUNTY,349,38 Years,578,290,288,315,150,165,70,34,36,12,6,6,181,100,81
NAVARRO COUNTY,349,39 Years,614,282,332,330,153,177,80,39,41,22,8,14,182,82,100
NAVARRO COUNTY,349,40 Years,573,278,295,316,158,158,67,29,38,18,8,10,172,83,89
NAVARRO COUNTY,349,41 Years,590,311,279,339,171,168,68,33,35,16,9,7,167,98,69
NAVARRO COUNTY,349,42 Years,615,313,302,357,179,178,73,36,37,12,5,7,173,93,80
NAVARRO COUNTY,349,43 Years,628,311,317,349,168,181,82,45,37,18,8,10,179,90,89
NAVARRO COUNTY,349,44 Years,619,315,304,353,178,175,85,42,43,21,12,9,160,83,77
NAVARRO COUNTY,349,45 Years,556,282,274,322,159,163,81,38,43,17,10,7,136,75,61
NAVARRO COUNTY,349,46 Years,550,270,280,326,154,172,83,39,44,18,11,7,123,66,57
NAVARRO COUNTY,349,47 Years,628,298,330,395,184,211,94,38,56,12,6,6,127,70,57
NAVARRO COUNTY,349,48 Years,642,316,326,416,208,208,88,34,54,17,8,9,121,66,55
NAVARRO COUNTY,349,49 Years,670,328,342,423,217,206,96,39,57,22,9,13,129,63,66
NAVARRO COUNTY,349,50 Years,669,317,352,427,196,231,98,50,48,22,11,11,122,60,62
NAVARRO COUNTY,349,51 Years,678,331,347,443,210,233,99,51,48,14,7,7,122,63,59
NAVARRO COUNTY,349,52 Years,700,359,341,460,231,229,112,53,59,12,6,6,116,69,47
NAVARRO COUNTY,349,53 Years,639,316,323,429,208,221,89,39,50,14,6,8,107,63,44
NAVARRO COUNTY,349,54 Years,657,325,332,451,215,236,90,50,40,18,8,10,98,52,46
NAVARRO COUNTY,349,55 Years,636,320,316,444,228,216,91,39,52,15,8,7,86,45,41
NAVARRO COUNTY,349,56 Years,651,322,329,471,231,240,88,40,48,17,8,9,75,43,32
NAVARRO COUNTY,349,57 Years,613,300,313,441,217,224,97,45,52,6,3,3,69,35,34
NAVARRO COUNTY,349,58 Years,600,292,308,437,211,226,84,42,42,5,1,4,74,38,36
NAVARRO COUNTY,349,59 Years,628,305,323,470,223,247,81,40,41,10,5,5,67,37,30
NAVARRO COUNTY,349,60 Years,563,265,298,417,194,223,86,39,47,10,4,6,50,28,22
NAVARRO COUNTY,349,61 Years,527,256,271,403,194,209,78,41,37,9,4,5,37,17,20
NAVARRO COUNTY,349,62 Years,573,281,292,443,214,229,74,38,36,9,6,3,47,23,24
NAVARRO COUNTY,349,63 Years,583,279,304,447,214,233,67,32,35,17,9,8,52,24,28
NAVARRO COUNTY,349,64 Years,587,287,300,466,225,241,64,30,34,10,6,4,47,26,21
NAVARRO COUNTY,349,65 Years,558,280,278,434,218,216,72,30,42,7,6,1,45,26,19
NAVARRO COUNTY,349,66 Years,464,229,235,367,181,186,59,27,32,6,5,1,32,16,16
NAVARRO COUNTY,349,67 Years,467,223,244,367,173,194,51,25,26,7,3,4,42,22,20
NAVARRO COUNTY,349,68 Years,459,207,252,372,170,202,51,21,30,3,1,2,33,15,18
NAVARRO COUNTY,349,69 Years,446,207,239,369,170,199,41,17,24,3,1,2,33,19,14
NAVARRO COUNTY,349,70 Years,403,190,213,332,157,175,31,14,17,8,4,4,32,15,17
NAVARRO COUNTY,349,71 Years,406,195,211,333,162,171,40,16,24,5,2,3,28,15,13
NAVARRO COUNTY,349,72 Years,383,185,198,325,157,168,33,15,18,4,3,1,21,10,11
NAVARRO COUNTY,349,73 Years,344,164,180,298,140,158,27,17,10,2,1,1,17,6,11
NAVARRO COUNTY,349,74 Years,291,128,163,248,112,136,22,10,12,4,1,3,17,5,12
NAVARRO COUNTY,349,75 Years,283,139,144,240,123,117,25,9,16,2,0,2,16,7,9
NAVARRO COUNTY,349,76 Years,262,120,142,213,95,118,24,10,14,4,2,2,21,13,8
NAVARRO COUNTY,349,77 Years,282,134,148,227,104,123,33,15,18,3,2,1,19,13,6
NAVARRO COUNTY,349,78 Years,250,127,123,200,103,97,30,12,18,1,1,0,19,11,8
NAVARRO COUNTY,349,79 Years,189,87,102,148,72,76,23,7,16,4,1,3,14,7,7
NAVARRO COUNTY,349,80 Years,197,77,120,155,65,90,23,6,17,4,1,3,15,5,10
NAVARRO COUNTY,349,81 Years,211,82,129,173,68,105,20,6,14,9,5,4,9,3,6
NAVARRO COUNTY,349,82 Years,194,72,122,167,62,105,17,5,12,3,2,1,7,3,4
NAVARRO COUNTY,349,83 Years,175,75,100,141,59,82,25,12,13,0,0,0,9,4,5
NAVARRO COUNTY,349,84 Years,149,61,88,118,46,72,19,10,9,3,1,2,9,4,5
NAVARRO COUNTY,349,85 Years +,881,281,600,721,232,489,117,34,83,11,3,8,32,12,20
NEWTON COUNTY,351,All Ages,14595,7517,7078,10865,5518,5347,2954,1580,1374,357,173,184,419,246,173
NEWTON COUNTY,351,< 1 Year,143,73,70,103,54,49,26,11,15,10,5,5,4,3,1
NEWTON COUNTY,351,1 Years,144,74,70,100,52,48,30,14,16,8,5,3,6,3,3
NEWTON COUNTY,351,2 Years,160,82,78,113,59,54,33,15,18,9,6,3,5,2,3
NEWTON COUNTY,351,3 Years,164,87,77,109,60,49,35,18,17,15,8,7,5,1,4
NEWTON COUNTY,351,4 Years,175,93,82,131,70,61,25,13,12,11,5,6,8,5,3
NEWTON COUNTY,351,5 Years,183,100,83,137,74,63,31,17,14,5,3,2,10,6,4
NEWTON COUNTY,351,6 Years,166,83,83,128,65,63,28,14,14,3,0,3,7,4,3
NEWTON COUNTY,351,7 Years,162,79,83,109,53,56,43,21,22,5,2,3,5,3,2
NEWTON COUNTY,351,8 Years,157,76,81,109,51,58,37,21,16,4,2,2,7,2,5
NEWTON COUNTY,351,9 Years,176,81,95,119,58,61,38,17,21,9,3,6,10,3,7
NEWTON COUNTY,351,10 Years,195,99,96,125,69,56,49,19,30,10,6,4,11,5,6
NEWTON COUNTY,351,11 Years,202,105,97,136,77,59,45,20,25,8,2,6,13,6,7
NEWTON COUNTY,351,12 Years,176,92,84,119,62,57,41,22,19,8,4,4,8,4,4
NEWTON COUNTY,351,13 Years,192,99,93,133,69,64,41,20,21,5,4,1,13,6,7
NEWTON COUNTY,351,14 Years,209,108,101,150,76,74,47,27,20,3,2,1,9,3,6
NEWTON COUNTY,351,15 Years,206,105,101,148,78,70,42,19,23,6,4,2,10,4,6
NEWTON COUNTY,351,16 Years,208,108,100,153,78,75,40,20,20,6,4,2,9,6,3
NEWTON COUNTY,351,17 Years,191,97,94,130,70,60,46,19,27,7,2,5,8,6,2
NEWTON COUNTY,351,18 Years,222,115,107,155,85,70,48,23,25,9,4,5,10,3,7
NEWTON COUNTY,351,19 Years,222,124,98,157,83,74,44,30,14,7,4,3,14,7,7
NEWTON COUNTY,351,20 Years,215,119,96,133,65,68,63,42,21,6,3,3,13,9,4
NEWTON COUNTY,351,21 Years,210,133,77,145,85,60,51,38,13,6,4,2,8,6,2
NEWTON COUNTY,351,22 Years,180,105,75,121,64,57,47,34,13,4,2,2,8,5,3
NEWTON COUNTY,351,23 Years,171,104,67,121,70,51,36,24,12,4,2,2,10,8,2
NEWTON COUNTY,351,24 Years,166,96,70,113,66,47,39,23,16,4,2,2,10,5,5
NEWTON COUNTY,351,25 Years,169,103,66,125,74,51,32,22,10,5,3,2,7,4,3
NEWTON COUNTY,351,26 Years,156,94,62,113,64,49,32,22,10,3,2,1,8,6,2
NEWTON COUNTY,351,27 Years,162,90,72,112,58,54,43,26,17,2,1,1,5,5,0
NEWTON COUNTY,351,28 Years,156,92,64,108,61,47,38,25,13,5,1,4,5,5,0
NEWTON COUNTY,351,29 Years,158,79,79,112,58,54,37,17,20,6,2,4,3,2,1
NEWTON COUNTY,351,30 Years,149,90,59,98,59,39,43,27,16,6,2,4,2,2,0
NEWTON COUNTY,351,31 Years,171,97,74,113,61,52,41,28,13,6,3,3,11,5,6
NEWTON COUNTY,351,32 Years,166,86,80,114,55,59,40,24,16,4,2,2,8,5,3
NEWTON COUNTY,351,33 Years,161,93,68,126,70,56,26,17,9,3,2,1,6,4,2
NEWTON COUNTY,351,34 Years,155,90,65,121,68,53,27,18,9,3,2,1,4,2,2
NEWTON COUNTY,351,35 Years,147,72,75,99,47,52,38,20,18,4,1,3,6,4,2
NEWTON COUNTY,351,36 Years,159,82,77,112,53,59,36,21,15,5,3,2,6,5,1
NEWTON COUNTY,351,37 Years,180,94,86,137,67,70,33,21,12,2,1,1,8,5,3
NEWTON COUNTY,351,38 Years,160,74,86,120,51,69,33,19,14,2,0,2,5,4,1
NEWTON COUNTY,351,39 Years,165,79,86,122,55,67,36,20,16,2,1,1,5,3,2
NEWTON COUNTY,351,40 Years,175,93,82,128,60,68,36,25,11,5,4,1,6,4,2
NEWTON COUNTY,351,41 Years,188,98,90,137,72,65,41,22,19,5,1,4,5,3,2
NEWTON COUNTY,351,42 Years,198,108,90,139,76,63,50,29,21,4,0,4,5,3,2
NEWTON COUNTY,351,43 Years,197,96,101,137,59,78,50,32,18,5,2,3,5,3,2
NEWTON COUNTY,351,44 Years,178,99,79,129,69,60,41,23,18,3,2,1,5,5,0
NEWTON COUNTY,351,45 Years,195,107,88,144,73,71,39,25,14,5,3,2,7,6,1
NEWTON COUNTY,351,46 Years,194,103,91,141,74,67,43,26,17,7,1,6,3,2,1
NEWTON COUNTY,351,47 Years,203,105,98,155,81,74,42,21,21,2,0,2,4,3,1
NEWTON COUNTY,351,48 Years,221,115,106,170,82,88,42,26,16,4,3,1,5,4,1
NEWTON COUNTY,351,49 Years,209,102,107,156,77,79,45,21,24,5,2,3,3,2,1
NEWTON COUNTY,351,50 Years,210,112,98,161,87,74,40,20,20,5,2,3,4,3,1
NEWTON COUNTY,351,51 Years,204,104,100,155,79,76,42,20,22,3,2,1,4,3,1
NEWTON COUNTY,351,52 Years,224,118,106,173,92,81,43,21,22,3,2,1,5,3,2
NEWTON COUNTY,351,53 Years,204,104,100,154,78,76,44,23,21,4,1,3,2,2,0
NEWTON COUNTY,351,54 Years,226,115,111,183,95,88,36,17,19,4,1,3,3,2,1
NEWTON COUNTY,351,55 Years,220,112,108,180,94,86,34,16,18,3,1,2,3,1,2
NEWTON COUNTY,351,56 Years,210,103,107,166,81,85,39,19,20,2,1,1,3,2,1
NEWTON COUNTY,351,57 Years,213,116,97,161,90,71,44,21,23,4,3,1,4,2,2
NEWTON COUNTY,351,58 Years,216,109,107,167,85,82,43,21,22,2,2,0,4,1,3
NEWTON COUNTY,351,59 Years,197,99,98,156,82,74,35,13,22,2,1,1,4,3,1
NEWTON COUNTY,351,60 Years,193,88,105,161,74,87,28,12,16,2,1,1,2,1,1
NEWTON COUNTY,351,61 Years,183,81,102,145,61,84,33,16,17,4,3,1,1,1,0
NEWTON COUNTY,351,62 Years,189,94,95,141,67,74,45,25,20,2,1,1,1,1,0
NEWTON COUNTY,351,63 Years,210,105,105,169,84,85,38,21,17,3,0,3,0,0,0
NEWTON COUNTY,351,64 Years,191,90,101,157,75,82,29,15,14,4,0,4,1,0,1
NEWTON COUNTY,351,65 Years,194,88,106,158,75,83,30,13,17,4,0,4,2,0,2
NEWTON COUNTY,351,66 Years,161,81,80,133,66,67,23,12,11,3,2,1,2,1,1
NEWTON COUNTY,351,67 Years,169,77,92,132,60,72,29,11,18,4,4,0,4,2,2
NEWTON COUNTY,351,68 Years,157,72,85,128,57,71,24,11,13,3,2,1,2,2,0
NEWTON COUNTY,351,69 Years,160,80,80,133,65,68,24,13,11,2,1,1,1,1,0
NEWTON COUNTY,351,70 Years,154,88,66,125,70,55,26,16,10,2,2,0,1,0,1
NEWTON COUNTY,351,71 Years,137,68,69,113,58,55,21,8,13,2,1,1,1,1,0
NEWTON COUNTY,351,72 Years,134,73,61,108,60,48,22,10,12,1,1,0,3,2,1
NEWTON COUNTY,351,73 Years,126,62,64,100,50,50,22,10,12,2,1,1,2,1,1
NEWTON COUNTY,351,74 Years,120,57,63,102,50,52,16,6,10,2,1,1,0,0,0
NEWTON COUNTY,351,75 Years,102,45,57,84,39,45,17,6,11,1,0,1,0,0,0
NEWTON COUNTY,351,76 Years,97,48,49,78,41,37,18,7,11,1,0,1,0,0,0
NEWTON COUNTY,351,77 Years,101,54,47,84,45,39,16,8,8,1,1,0,0,0,0
NEWTON COUNTY,351,78 Years,85,43,42,70,36,34,13,6,7,2,1,1,0,0,0
NEWTON COUNTY,351,79 Years,87,36,51,67,27,40,18,8,10,1,1,0,1,0,1
NEWTON COUNTY,351,80 Years,86,33,53,71,27,44,13,6,7,1,0,1,1,0,1
NEWTON COUNTY,351,81 Years,68,29,39,59,25,34,9,4,5,0,0,0,0,0,0
NEWTON COUNTY,351,82 Years,59,26,33,50,21,29,9,5,4,0,0,0,0,0,0
NEWTON COUNTY,351,83 Years,57,27,30,47,22,25,9,5,4,1,0,1,0,0,0
NEWTON COUNTY,351,84 Years,45,22,23,35,18,17,9,3,6,1,1,0,0,0,0
NEWTON COUNTY,351,85 Years +,239,80,159,194,65,129,44,14,30,1,1,0,0,0,0
NOLAN COUNTY,353,All Ages,15327,7616,7711,9112,4541,4571,675,341,334,264,128,136,5276,2606,2670
NOLAN COUNTY,353,< 1 Year,187,94,93,99,51,48,9,5,4,4,2,2,75,36,39
NOLAN COUNTY,353,1 Years,198,103,95,99,52,47,8,5,3,4,2,2,87,44,43
NOLAN COUNTY,353,2 Years,208,116,92,96,50,46,9,5,4,4,3,1,99,58,41
NOLAN COUNTY,353,3 Years,204,100,104,87,39,48,7,2,5,5,2,3,105,57,48
NOLAN COUNTY,353,4 Years,242,117,125,104,50,54,10,6,4,8,5,3,120,56,64
NOLAN COUNTY,353,5 Years,241,126,115,107,56,51,14,8,6,9,3,6,111,59,52
NOLAN COUNTY,353,6 Years,234,121,113,103,54,49,15,8,7,8,4,4,108,55,53
NOLAN COUNTY,353,7 Years,234,121,113,100,48,52,13,7,6,5,1,4,116,65,51
NOLAN COUNTY,353,8 Years,241,119,122,112,63,49,11,5,6,3,0,3,115,51,64
NOLAN COUNTY,353,9 Years,236,122,114,103,56,47,8,4,4,10,7,3,115,55,60
NOLAN COUNTY,353,10 Years,220,110,110,96,50,46,12,6,6,7,4,3,105,50,55
NOLAN COUNTY,353,11 Years,210,106,104,90,49,41,12,5,7,8,3,5,100,49,51
NOLAN COUNTY,353,12 Years,212,112,100,83,45,38,14,7,7,7,2,5,108,58,50
NOLAN COUNTY,353,13 Years,217,108,109,93,43,50,13,8,5,5,3,2,106,54,52
NOLAN COUNTY,353,14 Years,203,111,92,94,50,44,14,9,5,2,1,1,93,51,42
NOLAN COUNTY,353,15 Years,210,109,101,109,54,55,16,10,6,3,0,3,82,45,37
NOLAN COUNTY,353,16 Years,219,114,105,117,62,55,13,8,5,5,3,2,84,41,43
NOLAN COUNTY,353,17 Years,217,113,104,114,62,52,8,4,4,3,1,2,92,46,46
NOLAN COUNTY,353,18 Years,219,108,111,115,54,61,11,5,6,6,2,4,87,47,40
NOLAN COUNTY,353,19 Years,193,99,94,106,50,56,11,8,3,4,2,2,72,39,33
NOLAN COUNTY,353,20 Years,211,113,98,116,63,53,13,8,5,3,2,1,79,40,39
NOLAN COUNTY,353,21 Years,232,146,86,119,77,42,12,7,5,6,5,1,95,57,38
NOLAN COUNTY,353,22 Years,208,127,81,113,70,43,6,4,2,3,2,1,86,51,35
NOLAN COUNTY,353,23 Years,169,92,77,87,50,37,8,4,4,3,2,1,71,36,35
NOLAN COUNTY,353,24 Years,162,88,74,86,45,41,10,5,5,3,2,1,63,36,27
NOLAN COUNTY,353,25 Years,181,98,83,99,50,49,11,8,3,3,2,1,68,38,30
NOLAN COUNTY,353,26 Years,163,89,74,91,52,39,8,4,4,1,0,1,63,33,30
NOLAN COUNTY,353,27 Years,158,74,84,92,44,48,4,2,2,4,2,2,58,26,32
NOLAN COUNTY,353,28 Years,150,72,78,83,40,43,3,1,2,1,1,0,63,30,33
NOLAN COUNTY,353,29 Years,160,87,73,92,55,37,9,1,8,4,2,2,55,29,26
NOLAN COUNTY,353,30 Years,162,84,78,100,58,42,8,2,6,1,1,0,53,23,30
NOLAN COUNTY,353,31 Years,184,94,90,102,53,49,7,5,2,3,1,2,72,35,37
NOLAN COUNTY,353,32 Years,170,95,75,97,56,41,10,8,2,2,1,1,61,30,31
NOLAN COUNTY,353,33 Years,158,87,71,90,54,36,5,3,2,2,1,1,61,29,32
NOLAN COUNTY,353,34 Years,166,74,92,83,41,42,7,3,4,6,1,5,70,29,41
NOLAN COUNTY,353,35 Years,174,83,91,93,42,51,9,5,4,3,1,2,69,35,34
NOLAN COUNTY,353,36 Years,161,80,81,81,41,40,10,6,4,1,1,0,69,32,37
NOLAN COUNTY,353,37 Years,169,77,92,95,44,51,8,6,2,1,1,0,65,26,39
NOLAN COUNTY,353,38 Years,163,78,85,93,47,46,5,2,3,4,3,1,61,26,35
NOLAN COUNTY,353,39 Years,174,74,100,101,49,52,6,1,5,2,1,1,65,23,42
NOLAN COUNTY,353,40 Years,171,82,89,94,45,49,8,4,4,1,1,0,68,32,36
NOLAN COUNTY,353,41 Years,189,92,97,104,52,52,11,5,6,1,0,1,73,35,38
NOLAN COUNTY,353,42 Years,198,109,89,117,69,48,8,3,5,3,2,1,70,35,35
NOLAN COUNTY,353,43 Years,183,93,90,107,55,52,11,5,6,2,1,1,63,32,31
NOLAN COUNTY,353,44 Years,174,83,91,95,50,45,10,3,7,3,2,1,66,28,38
NOLAN COUNTY,353,45 Years,185,91,94,113,54,59,8,3,5,4,3,1,60,31,29
NOLAN COUNTY,353,46 Years,172,91,81,106,52,54,6,2,4,3,2,1,57,35,22
NOLAN COUNTY,353,47 Years,183,89,94,113,54,59,5,2,3,7,3,4,58,30,28
NOLAN COUNTY,353,48 Years,168,77,91,106,48,58,8,5,3,3,1,2,51,23,28
NOLAN COUNTY,353,49 Years,196,93,103,130,64,66,12,7,5,4,2,2,50,20,30
NOLAN COUNTY,353,50 Years,198,95,103,135,68,67,10,6,4,3,1,2,50,20,30
NOLAN COUNTY,353,51 Years,199,104,95,130,71,59,7,3,4,1,1,0,61,29,32
NOLAN COUNTY,353,52 Years,212,98,114,145,68,77,12,5,7,2,1,1,53,24,29
NOLAN COUNTY,353,53 Years,210,98,112,140,67,73,11,6,5,2,1,1,57,24,33
NOLAN COUNTY,353,54 Years,190,97,93,129,68,61,5,3,2,2,1,1,54,25,29
NOLAN COUNTY,353,55 Years,198,89,109,132,59,73,7,2,5,4,2,2,55,26,29
NOLAN COUNTY,353,56 Years,225,117,108,151,76,75,12,7,5,2,1,1,60,33,27
NOLAN COUNTY,353,57 Years,227,122,105,146,77,69,8,5,3,4,1,3,69,39,30
NOLAN COUNTY,353,58 Years,215,105,110,145,68,77,8,4,4,3,1,2,59,32,27
NOLAN COUNTY,353,59 Years,209,95,114,134,66,68,9,1,8,4,1,3,62,27,35
NOLAN COUNTY,353,60 Years,208,107,101,135,70,65,12,6,6,1,1,0,60,30,30
NOLAN COUNTY,353,61 Years,190,86,104,125,60,65,11,5,6,3,0,3,51,21,30
NOLAN COUNTY,353,62 Years,209,105,104,150,81,69,6,3,3,3,1,2,50,20,30
NOLAN COUNTY,353,63 Years,196,102,94,142,75,67,6,3,3,4,3,1,44,21,23
NOLAN COUNTY,353,64 Years,185,98,87,140,77,63,4,2,2,3,3,0,38,16,22
NOLAN COUNTY,353,65 Years,185,82,103,140,61,79,9,4,5,2,2,0,34,15,19
NOLAN COUNTY,353,66 Years,151,69,82,110,50,60,5,2,3,1,0,1,35,17,18
NOLAN COUNTY,353,67 Years,156,82,74,112,57,55,6,4,2,1,0,1,37,21,16
NOLAN COUNTY,353,68 Years,169,77,92,120,52,68,5,3,2,2,1,1,42,21,21
NOLAN COUNTY,353,69 Years,152,72,80,99,44,55,4,1,3,2,1,1,47,26,21
NOLAN COUNTY,353,70 Years,135,62,73,96,43,53,3,2,1,2,1,1,34,16,18
NOLAN COUNTY,353,71 Years,127,60,67,101,51,50,3,1,2,1,0,1,22,8,14
NOLAN COUNTY,353,72 Years,131,67,64,105,57,48,2,0,2,1,1,0,23,9,14
NOLAN COUNTY,353,73 Years,125,62,63,99,52,47,3,2,1,0,0,0,23,8,15
NOLAN COUNTY,353,74 Years,98,47,51,79,37,42,5,3,2,0,0,0,14,7,7
NOLAN COUNTY,353,75 Years,109,53,56,87,42,45,5,1,4,1,1,0,16,9,7
NOLAN COUNTY,353,76 Years,111,44,67,85,32,53,4,2,2,1,0,1,21,10,11
NOLAN COUNTY,353,77 Years,106,40,66,81,32,49,4,2,2,0,0,0,21,6,15
NOLAN COUNTY,353,78 Years,96,42,54,70,31,39,1,0,1,2,1,1,23,10,13
NOLAN COUNTY,353,79 Years,82,43,39,65,31,34,1,0,1,0,0,0,16,12,4
NOLAN COUNTY,353,80 Years,75,33,42,58,22,36,1,0,1,1,0,1,15,11,4
NOLAN COUNTY,353,81 Years,74,29,45,56,20,36,0,0,0,1,0,1,17,9,8
NOLAN COUNTY,353,82 Years,75,36,39,62,30,32,0,0,0,0,0,0,13,6,7
NOLAN COUNTY,353,83 Years,66,33,33,52,26,26,0,0,0,1,1,0,13,6,7
NOLAN COUNTY,353,84 Years,60,23,37,51,21,30,1,0,1,2,0,2,6,2,4
NOLAN COUNTY,353,85 Years +,334,101,233,280,87,193,11,4,7,5,1,4,38,9,29
NUECES COUNTY,355,All Ages,348513,171146,177367,111721,55709,56012,12323,6305,6018,10502,4841,5661,213967,104291,109676
NUECES COUNTY,355,< 1 Year,4704,2415,2289,1233,646,587,134,66,68,131,69,62,3206,1634,1572
NUECES COUNTY,355,1 Years,4888,2498,2390,1186,610,576,145,74,71,155,79,76,3402,1735,1667
NUECES COUNTY,355,2 Years,4788,2417,2371,1070,541,529,147,74,73,155,75,80,3416,1727,1689
NUECES COUNTY,355,3 Years,4771,2382,2389,997,503,494,155,76,79,156,86,70,3463,1717,1746
NUECES COUNTY,355,4 Years,4858,2473,2385,1010,509,501,175,95,80,150,72,78,3523,1797,1726
NUECES COUNTY,355,5 Years,4806,2504,2302,959,500,459,152,85,67,148,69,79,3547,1850,1697
NUECES COUNTY,355,6 Years,4933,2578,2355,986,529,457,144,81,63,167,86,81,3636,1882,1754
NUECES COUNTY,355,7 Years,4918,2536,2382,974,525,449,156,80,76,166,86,80,3622,1845,1777
NUECES COUNTY,355,8 Years,4855,2437,2418,1046,532,514,143,72,71,151,79,72,3515,1754,1761
NUECES COUNTY,355,9 Years,4854,2449,2405,1017,494,523,135,74,61,136,62,74,3566,1819,1747
NUECES COUNTY,355,10 Years,4967,2557,2410,1016,523,493,159,77,82,143,60,83,3649,1897,1752
NUECES COUNTY,355,11 Years,5127,2651,2476,1105,589,516,156,77,79,150,71,79,3716,1914,1802
NUECES COUNTY,355,12 Years,5197,2611,2586,1108,542,566,169,80,89,165,91,74,3755,1898,1857
NUECES COUNTY,355,13 Years,5037,2563,2474,1081,532,549,169,86,83,157,91,66,3630,1854,1776
NUECES COUNTY,355,14 Years,4951,2529,2422,1074,548,526,169,89,80,153,76,77,3555,1816,1739
NUECES COUNTY,355,15 Years,4839,2421,2418,1067,545,522,179,91,88,151,70,81,3442,1715,1727
NUECES COUNTY,355,16 Years,4930,2499,2431,1107,565,542,200,99,101,148,74,74,3475,1761,1714
NUECES COUNTY,355,17 Years,5055,2592,2463,1147,574,573,199,100,99,151,73,78,3558,1845,1713
NUECES COUNTY,355,18 Years,5254,2705,2549,1326,667,659,204,94,110,161,73,88,3563,1871,1692
NUECES COUNTY,355,19 Years,5711,2855,2856,1584,752,832,255,119,136,180,76,104,3692,1908,1784
NUECES COUNTY,355,20 Years,5355,2733,2622,1395,703,692,210,116,94,152,74,78,3598,1840,1758
NUECES COUNTY,355,21 Years,5052,2544,2508,1298,668,630,197,108,89,179,87,92,3378,1681,1697
NUECES COUNTY,355,22 Years,5155,2533,2622,1434,710,724,217,112,105,194,89,105,3310,1622,1688
NUECES COUNTY,355,23 Years,4913,2434,2479,1384,673,711,208,109,99,175,89,86,3146,1563,1583
NUECES COUNTY,355,24 Years,5013,2576,2437,1587,851,736,181,95,86,178,88,90,3067,1542,1525
NUECES COUNTY,355,25 Years,5007,2523,2484,1555,787,768,176,90,86,164,77,87,3112,1569,1543
NUECES COUNTY,355,26 Years,4811,2391,2420,1480,764,716,188,99,89,163,73,90,2980,1455,1525
NUECES COUNTY,355,27 Years,4932,2494,2438,1555,801,754,193,115,78,163,73,90,3021,1505,1516
NUECES COUNTY,355,28 Years,4815,2452,2363,1506,793,713,193,116,77,146,61,85,2970,1482,1488
NUECES COUNTY,355,29 Years,4987,2502,2485,1496,796,700,183,99,84,145,71,74,3163,1536,1627
NUECES COUNTY,355,30 Years,4935,2507,2428,1432,748,684,176,103,73,148,77,71,3179,1579,1600
NUECES COUNTY,355,31 Years,4870,2429,2441,1428,730,698,167,96,71,152,62,90,3123,1541,1582
NUECES COUNTY,355,32 Years,4737,2386,2351,1426,745,681,154,91,63,146,68,78,3011,1482,1529
NUECES COUNTY,355,33 Years,4448,2227,2221,1348,705,643,165,91,74,132,59,73,2803,1372,1431
NUECES COUNTY,355,34 Years,4265,2095,2170,1236,629,607,156,83,73,135,64,71,2738,1319,1419
NUECES COUNTY,355,35 Years,4199,2050,2149,1156,583,573,145,77,68,144,62,82,2754,1328,1426
NUECES COUNTY,355,36 Years,4164,2013,2151,1111,568,543,147,73,74,160,71,89,2746,1301,1445
NUECES COUNTY,355,37 Years,4128,2041,2087,1110,577,533,146,83,63,163,81,82,2709,1300,1409
NUECES COUNTY,355,38 Years,4036,2010,2026,1100,575,525,144,83,61,168,81,87,2624,1271,1353
NUECES COUNTY,355,39 Years,4121,2050,2071,1148,607,541,156,75,81,149,71,78,2668,1297,1371
NUECES COUNTY,355,40 Years,4307,2075,2232,1215,597,618,139,75,64,185,74,111,2768,1329,1439
NUECES COUNTY,355,41 Years,4439,2169,2270,1310,677,633,144,81,63,188,85,103,2797,1326,1471
NUECES COUNTY,355,42 Years,4412,2192,2220,1353,686,667,146,80,66,151,68,83,2762,1358,1404
NUECES COUNTY,355,43 Years,4063,2006,2057,1297,674,623,132,64,68,134,59,75,2500,1209,1291
NUECES COUNTY,355,44 Years,4059,1965,2094,1260,632,628,132,63,69,145,66,79,2522,1204,1318
NUECES COUNTY,355,45 Years,4108,2017,2091,1289,662,627,134,67,67,122,50,72,2563,1238,1325
NUECES COUNTY,355,46 Years,3992,1989,2003,1312,670,642,127,66,61,108,45,63,2445,1208,1237
NUECES COUNTY,355,47 Years,4485,2216,2269,1474,726,748,183,103,80,142,66,76,2686,1321,1365
NUECES COUNTY,355,48 Years,4720,2283,2437,1696,858,838,172,90,82,140,60,80,2712,1275,1437
NUECES COUNTY,355,49 Years,4981,2380,2601,1807,897,910,183,95,88,131,55,76,2860,1333,1527
NUECES COUNTY,355,50 Years,4813,2380,2433,1787,894,893,180,97,83,126,57,69,2720,1332,1388
NUECES COUNTY,355,51 Years,4835,2366,2469,1881,954,927,172,93,79,146,77,69,2636,1242,1394
NUECES COUNTY,355,52 Years,5020,2463,2557,1941,991,950,187,93,94,147,62,85,2745,1317,1428
NUECES COUNTY,355,53 Years,4811,2359,2452,1919,948,971,177,83,94,123,50,73,2592,1278,1314
NUECES COUNTY,355,54 Years,4775,2340,2435,1904,945,959,168,86,82,122,54,68,2581,1255,1326
NUECES COUNTY,355,55 Years,4833,2339,2494,1940,975,965,194,96,98,134,64,70,2565,1204,1361
NUECES COUNTY,355,56 Years,4894,2405,2489,1980,1017,963,200,110,90,131,56,75,2583,1222,1361
NUECES COUNTY,355,57 Years,4852,2379,2473,2103,1057,1046,188,105,83,142,72,70,2419,1145,1274
NUECES COUNTY,355,58 Years,4677,2286,2391,2072,1036,1036,181,87,94,128,53,75,2296,1110,1186
NUECES COUNTY,355,59 Years,4354,2162,2192,1899,968,931,167,91,76,110,39,71,2178,1064,1114
NUECES COUNTY,355,60 Years,4082,2032,2050,1804,917,887,141,77,64,107,48,59,2030,990,1040
NUECES COUNTY,355,61 Years,3895,1901,1994,1656,827,829,126,66,60,105,44,61,2008,964,1044
NUECES COUNTY,355,62 Years,3774,1833,1941,1580,804,776,144,70,74,107,47,60,1943,912,1031
NUECES COUNTY,355,63 Years,3701,1805,1896,1538,792,746,135,61,74,102,46,56,1926,906,1020
NUECES COUNTY,355,64 Years,3743,1842,1901,1617,849,768,134,67,67,105,43,62,1887,883,1004
NUECES COUNTY,355,65 Years,3576,1731,1845,1608,818,790,99,45,54,106,42,64,1763,826,937
NUECES COUNTY,355,66 Years,3038,1450,1588,1315,645,670,110,61,49,89,36,53,1524,708,816
NUECES COUNTY,355,67 Years,2904,1400,1504,1231,617,614,99,48,51,77,35,42,1497,700,797
NUECES COUNTY,355,68 Years,2707,1295,1412,1215,600,615,91,47,44,65,26,39,1336,622,714
NUECES COUNTY,355,69 Years,2490,1176,1314,1160,570,590,84,39,45,54,22,32,1192,545,647
NUECES COUNTY,355,70 Years,2328,1114,1214,1037,543,494,90,45,45,51,22,29,1150,504,646
NUECES COUNTY,355,71 Years,2136,1005,1131,964,488,476,70,32,38,52,20,32,1050,465,585
NUECES COUNTY,355,72 Years,1925,892,1033,872,422,450,65,33,32,53,25,28,935,412,523
NUECES COUNTY,355,73 Years,1866,834,1032,858,412,446,67,31,36,38,17,21,903,374,529
NUECES COUNTY,355,74 Years,1788,757,1031,791,367,424,61,24,37,35,18,17,901,348,553
NUECES COUNTY,355,75 Years,1735,759,976,795,372,423,59,21,38,37,16,21,844,350,494
NUECES COUNTY,355,76 Years,1627,687,940,728,325,403,53,22,31,33,15,18,813,325,488
NUECES COUNTY,355,77 Years,1664,680,984,763,331,432,62,29,33,26,10,16,813,310,503
NUECES COUNTY,355,78 Years,1485,611,874,693,295,398,47,16,31,30,10,20,715,290,425
NUECES COUNTY,355,79 Years,1356,551,805,635,278,357,48,19,29,32,12,20,641,242,399
NUECES COUNTY,355,80 Years,1349,535,814,643,271,372,44,20,24,30,12,18,632,232,400
NUECES COUNTY,355,81 Years,1335,520,815,649,257,392,33,15,18,40,14,26,613,234,379
NUECES COUNTY,355,82 Years,1235,491,744,625,270,355,39,11,28,26,8,18,545,202,343
NUECES COUNTY,355,83 Years,1082,422,660,552,230,322,32,10,22,16,6,10,482,176,306
NUECES COUNTY,355,84 Years,1033,375,658,531,208,323,36,12,24,12,4,8,454,151,303
NUECES COUNTY,355,85 Years +,5843,2015,3828,3144,1098,2046,201,56,145,89,35,54,2409,826,1583
OCHILTREE COUNTY,357,All Ages,10635,5472,5163,5091,2515,2576,19,9,10,164,84,80,5361,2864,2497
OCHILTREE COUNTY,357,< 1 Year,179,92,87,70,36,34,1,1,0,2,2,0,106,53,53
OCHILTREE COUNTY,357,1 Years,180,94,86,65,35,30,0,0,0,3,2,1,112,57,55
OCHILTREE COUNTY,357,2 Years,184,93,91,53,32,21,0,0,0,2,2,0,129,59,70
OCHILTREE COUNTY,357,3 Years,185,106,79,57,40,17,0,0,0,1,1,0,127,65,62
OCHILTREE COUNTY,357,4 Years,192,111,81,53,30,23,1,1,0,3,2,1,135,78,57
OCHILTREE COUNTY,357,5 Years,193,101,92,57,24,33,1,1,0,2,0,2,133,76,57
OCHILTREE COUNTY,357,6 Years,206,106,100,66,36,30,1,0,1,1,0,1,138,70,68
OCHILTREE COUNTY,357,7 Years,210,100,110,59,30,29,1,0,1,1,0,1,149,70,79
OCHILTREE COUNTY,357,8 Years,221,100,121,72,29,43,1,0,1,2,1,1,146,70,76
OCHILTREE COUNTY,357,9 Years,194,100,94,59,28,31,1,0,1,5,3,2,129,69,60
OCHILTREE COUNTY,357,10 Years,176,89,87,55,29,26,0,0,0,2,2,0,119,58,61
OCHILTREE COUNTY,357,11 Years,192,105,87,64,40,24,0,0,0,6,4,2,122,61,61
OCHILTREE COUNTY,357,12 Years,180,103,77,57,32,25,1,0,1,5,4,1,117,67,50
OCHILTREE COUNTY,357,13 Years,186,94,92,62,28,34,0,0,0,4,1,3,120,65,55
OCHILTREE COUNTY,357,14 Years,163,92,71,58,30,28,0,0,0,1,0,1,104,62,42
OCHILTREE COUNTY,357,15 Years,168,90,78,69,35,34,0,0,0,2,1,1,97,54,43
OCHILTREE COUNTY,357,16 Years,174,102,72,75,41,34,0,0,0,5,4,1,94,57,37
OCHILTREE COUNTY,357,17 Years,167,98,69,70,36,34,0,0,0,3,1,2,94,61,33
OCHILTREE COUNTY,357,18 Years,163,83,80,64,33,31,0,0,0,4,0,4,95,50,45
OCHILTREE COUNTY,357,19 Years,149,84,65,62,35,27,1,1,0,3,2,1,83,46,37
OCHILTREE COUNTY,357,20 Years,157,87,70,62,33,29,1,0,1,3,1,2,91,53,38
OCHILTREE COUNTY,357,21 Years,123,58,65,44,20,24,0,0,0,2,1,1,77,37,40
OCHILTREE COUNTY,357,22 Years,126,59,67,50,23,27,0,0,0,1,1,0,75,35,40
OCHILTREE COUNTY,357,23 Years,122,62,60,47,23,24,0,0,0,2,1,1,73,38,35
OCHILTREE COUNTY,357,24 Years,133,70,63,51,26,25,0,0,0,3,1,2,79,43,36
OCHILTREE COUNTY,357,25 Years,139,70,69,46,23,23,0,0,0,2,1,1,91,46,45
OCHILTREE COUNTY,357,26 Years,125,62,63,48,18,30,1,1,0,0,0,0,76,43,33
OCHILTREE COUNTY,357,27 Years,164,85,79,68,33,35,0,0,0,4,1,3,92,51,41
OCHILTREE COUNTY,357,28 Years,135,74,61,57,29,28,0,0,0,3,1,2,75,44,31
OCHILTREE COUNTY,357,29 Years,137,74,63,58,28,30,0,0,0,2,2,0,77,44,33
OCHILTREE COUNTY,357,30 Years,156,85,71,68,38,30,1,1,0,1,1,0,86,45,41
OCHILTREE COUNTY,357,31 Years,138,68,70,54,30,24,1,0,1,2,2,0,81,36,45
OCHILTREE COUNTY,357,32 Years,130,77,53,46,28,18,0,0,0,3,1,2,81,48,33
OCHILTREE COUNTY,357,33 Years,157,82,75,57,27,30,1,1,0,2,2,0,97,52,45
OCHILTREE COUNTY,357,34 Years,161,80,81,59,28,31,0,0,0,2,1,1,100,51,49
OCHILTREE COUNTY,357,35 Years,146,78,68,46,21,25,0,0,0,3,2,1,97,55,42
OCHILTREE COUNTY,357,36 Years,142,77,65,48,19,29,0,0,0,3,3,0,91,55,36
OCHILTREE COUNTY,357,37 Years,154,82,72,60,28,32,0,0,0,1,1,0,93,53,40
OCHILTREE COUNTY,357,38 Years,151,85,66,62,36,26,0,0,0,0,0,0,89,49,40
OCHILTREE COUNTY,357,39 Years,129,72,57,50,27,23,0,0,0,0,0,0,79,45,34
OCHILTREE COUNTY,357,40 Years,134,79,55,49,29,20,2,0,2,2,1,1,81,49,32
OCHILTREE COUNTY,357,41 Years,127,64,63,54,25,29,0,0,0,1,0,1,72,39,33
OCHILTREE COUNTY,357,42 Years,124,62,62,56,25,31,0,0,0,0,0,0,68,37,31
OCHILTREE COUNTY,357,43 Years,116,59,57,50,23,27,0,0,0,2,2,0,64,34,30
OCHILTREE COUNTY,357,44 Years,120,60,60,50,23,27,1,1,0,3,1,2,66,35,31
OCHILTREE COUNTY,357,45 Years,114,59,55,58,29,29,0,0,0,2,0,2,54,30,24
OCHILTREE COUNTY,357,46 Years,130,62,68,57,28,29,0,0,0,2,1,1,71,33,38
OCHILTREE COUNTY,357,47 Years,131,63,68,66,33,33,0,0,0,7,3,4,58,27,31
OCHILTREE COUNTY,357,48 Years,131,69,62,75,33,42,0,0,0,2,0,2,54,36,18
OCHILTREE COUNTY,357,49 Years,140,68,72,89,40,49,1,0,1,2,1,1,48,27,21
OCHILTREE COUNTY,357,50 Years,142,69,73,89,47,42,1,1,0,3,2,1,49,19,30
OCHILTREE COUNTY,357,51 Years,152,80,72,92,48,44,0,0,0,2,2,0,58,30,28
OCHILTREE COUNTY,357,52 Years,147,76,71,89,45,44,0,0,0,4,3,1,54,28,26
OCHILTREE COUNTY,357,53 Years,129,64,65,75,40,35,0,0,0,6,3,3,48,21,27
OCHILTREE COUNTY,357,54 Years,123,58,65,75,34,41,0,0,0,4,1,3,44,23,21
OCHILTREE COUNTY,357,55 Years,128,69,59,89,47,42,0,0,0,2,1,1,37,21,16
OCHILTREE COUNTY,357,56 Years,125,62,63,86,43,43,0,0,0,2,1,1,37,18,19
OCHILTREE COUNTY,357,57 Years,131,71,60,90,48,42,0,0,0,1,1,0,40,22,18
OCHILTREE COUNTY,357,58 Years,112,57,55,79,40,39,0,0,0,2,1,1,31,16,15
OCHILTREE COUNTY,357,59 Years,106,47,59,79,34,45,0,0,0,1,0,1,26,13,13
OCHILTREE COUNTY,357,60 Years,108,53,55,87,40,47,0,0,0,0,0,0,21,13,8
OCHILTREE COUNTY,357,61 Years,90,48,42,72,36,36,0,0,0,0,0,0,18,12,6
OCHILTREE COUNTY,357,62 Years,85,46,39,64,34,30,0,0,0,0,0,0,21,12,9
OCHILTREE COUNTY,357,63 Years,88,43,45,69,33,36,0,0,0,1,0,1,18,10,8
OCHILTREE COUNTY,357,64 Years,92,53,39,81,45,36,0,0,0,1,0,1,10,8,2
OCHILTREE COUNTY,357,65 Years,88,52,36,73,42,31,0,0,0,1,0,1,14,10,4
OCHILTREE COUNTY,357,66 Years,72,37,35,53,27,26,0,0,0,2,0,2,17,10,7
OCHILTREE COUNTY,357,67 Years,72,31,41,54,25,29,0,0,0,1,0,1,17,6,11
OCHILTREE COUNTY,357,68 Years,65,31,34,53,25,28,0,0,0,1,0,1,11,6,5
OCHILTREE COUNTY,357,69 Years,66,33,33,54,26,28,0,0,0,0,0,0,12,7,5
OCHILTREE COUNTY,357,70 Years,57,24,33,47,19,28,0,0,0,1,0,1,9,5,4
OCHILTREE COUNTY,357,71 Years,63,23,40,57,21,36,0,0,0,2,1,1,4,1,3
OCHILTREE COUNTY,357,72 Years,55,23,32,49,20,29,0,0,0,0,0,0,6,3,3
OCHILTREE COUNTY,357,73 Years,48,17,31,40,15,25,0,0,0,1,0,1,7,2,5
OCHILTREE COUNTY,357,74 Years,43,24,19,37,21,16,0,0,0,0,0,0,6,3,3
OCHILTREE COUNTY,357,75 Years,39,23,16,26,17,9,0,0,0,1,0,1,12,6,6
OCHILTREE COUNTY,357,76 Years,40,17,23,29,12,17,0,0,0,0,0,0,11,5,6
OCHILTREE COUNTY,357,77 Years,46,19,27,39,16,23,0,0,0,1,0,1,6,3,3
OCHILTREE COUNTY,357,78 Years,39,15,24,33,13,20,0,0,0,0,0,0,6,2,4
OCHILTREE COUNTY,357,79 Years,39,19,20,32,17,15,0,0,0,0,0,0,7,2,5
OCHILTREE COUNTY,357,80 Years,38,17,21,33,13,20,0,0,0,1,1,0,4,3,1
OCHILTREE COUNTY,357,81 Years,45,15,30,40,12,28,0,0,0,1,1,0,4,2,2
OCHILTREE COUNTY,357,82 Years,31,13,18,27,12,15,0,0,0,1,0,1,3,1,2
OCHILTREE COUNTY,357,83 Years,31,11,20,29,10,19,0,0,0,0,0,0,2,1,1
OCHILTREE COUNTY,357,84 Years,26,8,18,25,8,17,0,0,0,0,0,0,1,0,1
OCHILTREE COUNTY,357,85 Years +,120,49,71,113,45,68,0,0,0,2,2,0,5,2,3
OLDHAM COUNTY,359,All Ages,2147,1082,1065,1781,911,870,55,26,29,57,20,37,254,125,129
OLDHAM COUNTY,359,< 1 Year,20,9,11,19,9,10,0,0,0,1,0,1,0,0,0
OLDHAM COUNTY,359,1 Years,21,12,9,17,10,7,0,0,0,0,0,0,4,2,2
OLDHAM COUNTY,359,2 Years,20,13,7,16,10,6,1,1,0,0,0,0,3,2,1
OLDHAM COUNTY,359,3 Years,22,9,13,16,9,7,1,0,1,1,0,1,4,0,4
OLDHAM COUNTY,359,4 Years,21,11,10,14,9,5,1,1,0,2,0,2,4,1,3
OLDHAM COUNTY,359,5 Years,21,10,11,17,8,9,1,0,1,0,0,0,3,2,1
OLDHAM COUNTY,359,6 Years,20,12,8,17,10,7,1,0,1,0,0,0,2,2,0
OLDHAM COUNTY,359,7 Years,27,15,12,24,15,9,1,0,1,0,0,0,2,0,2
OLDHAM COUNTY,359,8 Years,33,14,19,27,13,14,1,0,1,2,0,2,3,1,2
OLDHAM COUNTY,359,9 Years,32,15,17,26,12,14,0,0,0,1,0,1,5,3,2
OLDHAM COUNTY,359,10 Years,34,17,17,30,16,14,2,0,2,0,0,0,2,1,1
OLDHAM COUNTY,359,11 Years,37,19,18,31,17,14,1,0,1,0,0,0,5,2,3
OLDHAM COUNTY,359,12 Years,34,19,15,30,18,12,1,0,1,0,0,0,3,1,2
OLDHAM COUNTY,359,13 Years,45,32,13,37,26,11,2,2,0,0,0,0,6,4,2
OLDHAM COUNTY,359,14 Years,44,26,18,37,21,16,1,1,0,0,0,0,6,4,2
OLDHAM COUNTY,359,15 Years,57,36,21,40,25,15,5,3,2,1,0,1,11,8,3
OLDHAM COUNTY,359,16 Years,71,46,25,43,29,14,5,3,2,4,1,3,19,13,6
OLDHAM COUNTY,359,17 Years,73,49,24,48,32,16,7,5,2,4,2,2,14,10,4
OLDHAM COUNTY,359,18 Years,72,48,24,53,36,17,8,5,3,1,1,0,10,6,4
OLDHAM COUNTY,359,19 Years,55,34,21,37,24,13,4,2,2,3,2,1,11,6,5
OLDHAM COUNTY,359,20 Years,46,29,17,33,22,11,3,2,1,1,1,0,9,4,5
OLDHAM COUNTY,359,21 Years,22,9,13,17,9,8,1,0,1,1,0,1,3,0,3
OLDHAM COUNTY,359,22 Years,11,5,6,7,4,3,2,0,2,0,0,0,2,1,1
OLDHAM COUNTY,359,23 Years,12,7,5,8,5,3,0,0,0,1,1,0,3,1,2
OLDHAM COUNTY,359,24 Years,13,8,5,10,6,4,0,0,0,0,0,0,3,2,1
OLDHAM COUNTY,359,25 Years,6,4,2,5,3,2,0,0,0,0,0,0,1,1,0
OLDHAM COUNTY,359,26 Years,16,6,10,13,5,8,0,0,0,0,0,0,3,1,2
OLDHAM COUNTY,359,27 Years,22,8,14,17,6,11,0,0,0,0,0,0,5,2,3
OLDHAM COUNTY,359,28 Years,19,7,12,17,6,11,0,0,0,0,0,0,2,1,1
OLDHAM COUNTY,359,29 Years,16,6,10,13,5,8,0,0,0,0,0,0,3,1,2
OLDHAM COUNTY,359,30 Years,21,10,11,18,8,10,0,0,0,0,0,0,3,2,1
OLDHAM COUNTY,359,31 Years,22,3,19,19,2,17,0,0,0,0,0,0,3,1,2
OLDHAM COUNTY,359,32 Years,28,10,18,26,10,16,0,0,0,1,0,1,1,0,1
OLDHAM COUNTY,359,33 Years,32,14,18,31,14,17,1,0,1,0,0,0,0,0,0
OLDHAM COUNTY,359,34 Years,24,12,12,22,11,11,0,0,0,0,0,0,2,1,1
OLDHAM COUNTY,359,35 Years,23,13,10,19,11,8,0,0,0,2,1,1,2,1,1
OLDHAM COUNTY,359,36 Years,21,11,10,17,9,8,0,0,0,2,1,1,2,1,1
OLDHAM COUNTY,359,37 Years,21,10,11,18,8,10,1,1,0,0,0,0,2,1,1
OLDHAM COUNTY,359,38 Years,25,12,13,25,12,13,0,0,0,0,0,0,0,0,0
OLDHAM COUNTY,359,39 Years,23,11,12,20,10,10,1,0,1,0,0,0,2,1,1
OLDHAM COUNTY,359,40 Years,28,15,13,23,13,10,0,0,0,3,1,2,2,1,1
OLDHAM COUNTY,359,41 Years,23,10,13,18,9,9,0,0,0,3,0,3,2,1,1
OLDHAM COUNTY,359,42 Years,26,14,12,22,13,9,0,0,0,1,0,1,3,1,2
OLDHAM COUNTY,359,43 Years,31,12,19,28,11,17,0,0,0,0,0,0,3,1,2
OLDHAM COUNTY,359,44 Years,24,8,16,21,7,14,1,0,1,0,0,0,2,1,1
OLDHAM COUNTY,359,45 Years,13,4,9,12,4,8,0,0,0,0,0,0,1,0,1
OLDHAM COUNTY,359,46 Years,14,6,8,12,5,7,0,0,0,0,0,0,2,1,1
OLDHAM COUNTY,359,47 Years,24,10,14,21,7,14,0,0,0,2,2,0,1,1,0
OLDHAM COUNTY,359,48 Years,34,15,19,31,13,18,0,0,0,0,0,0,3,2,1
OLDHAM COUNTY,359,49 Years,33,21,12,29,18,11,0,0,0,1,1,0,3,2,1
OLDHAM COUNTY,359,50 Years,23,13,10,19,11,8,0,0,0,1,1,0,3,1,2
OLDHAM COUNTY,359,51 Years,28,10,18,24,9,15,0,0,0,0,0,0,4,1,3
OLDHAM COUNTY,359,52 Years,26,11,15,22,10,12,0,0,0,0,0,0,4,1,3
OLDHAM COUNTY,359,53 Years,28,13,15,22,11,11,0,0,0,2,0,2,4,2,2
OLDHAM COUNTY,359,54 Years,34,17,17,29,15,14,0,0,0,1,0,1,4,2,2
OLDHAM COUNTY,359,55 Years,36,14,22,32,14,18,1,0,1,1,0,1,2,0,2
OLDHAM COUNTY,359,56 Years,29,12,17,25,11,14,0,0,0,1,0,1,3,1,2
OLDHAM COUNTY,359,57 Years,39,20,19,33,17,16,0,0,0,1,0,1,5,3,2
OLDHAM COUNTY,359,58 Years,26,12,14,21,10,11,0,0,0,1,0,1,4,2,2
OLDHAM COUNTY,359,59 Years,20,9,11,16,8,8,0,0,0,2,0,2,2,1,1
OLDHAM COUNTY,359,60 Years,25,12,13,24,12,12,1,0,1,0,0,0,0,0,0
OLDHAM COUNTY,359,61 Years,22,8,14,20,7,13,0,0,0,0,0,0,2,1,1
OLDHAM COUNTY,359,62 Years,23,12,11,22,12,10,0,0,0,0,0,0,1,0,1
OLDHAM COUNTY,359,63 Years,29,17,12,26,17,9,0,0,0,1,0,1,2,0,2
OLDHAM COUNTY,359,64 Years,31,14,17,28,14,14,0,0,0,1,0,1,2,0,2
OLDHAM COUNTY,359,65 Years,22,12,10,19,11,8,0,0,0,1,0,1,2,1,1
OLDHAM COUNTY,359,66 Years,22,12,10,18,11,7,0,0,0,1,0,1,3,1,2
OLDHAM COUNTY,359,67 Years,18,9,9,14,7,7,0,0,0,1,1,0,3,1,2
OLDHAM COUNTY,359,68 Years,22,11,11,20,9,11,0,0,0,0,0,0,2,2,0
OLDHAM COUNTY,359,69 Years,17,7,10,15,6,9,0,0,0,1,1,0,1,0,1
OLDHAM COUNTY,359,70 Years,11,4,7,10,3,7,0,0,0,1,1,0,0,0,0
OLDHAM COUNTY,359,71 Years,12,6,6,11,5,6,0,0,0,1,1,0,0,0,0
OLDHAM COUNTY,359,72 Years,15,5,10,15,5,10,0,0,0,0,0,0,0,0,0
OLDHAM COUNTY,359,73 Years,15,4,11,14,4,10,0,0,0,0,0,0,1,0,1
OLDHAM COUNTY,359,74 Years,10,5,5,9,5,4,0,0,0,0,0,0,1,0,1
OLDHAM COUNTY,359,75 Years,16,9,7,13,8,5,0,0,0,0,0,0,3,1,2
OLDHAM COUNTY,359,76 Years,14,9,5,12,7,5,0,0,0,1,1,0,1,1,0
OLDHAM COUNTY,359,77 Years,12,5,7,11,4,7,0,0,0,0,0,0,1,1,0
OLDHAM COUNTY,359,78 Years,11,4,7,11,4,7,0,0,0,0,0,0,0,0,0
OLDHAM COUNTY,359,79 Years,6,3,3,5,2,3,0,0,0,0,0,0,1,1,0
OLDHAM COUNTY,359,80 Years,6,2,4,6,2,4,0,0,0,0,0,0,0,0,0
OLDHAM COUNTY,359,81 Years,9,4,5,9,4,5,0,0,0,0,0,0,0,0,0
OLDHAM COUNTY,359,82 Years,7,4,3,7,4,3,0,0,0,0,0,0,0,0,0
OLDHAM COUNTY,359,83 Years,10,5,5,10,5,5,0,0,0,0,0,0,0,0,0
OLDHAM COUNTY,359,84 Years,5,2,3,5,2,3,0,0,0,0,0,0,0,0,0
OLDHAM COUNTY,359,85 Years +,36,10,26,33,10,23,0,0,0,0,0,0,3,0,3
ORANGE COUNTY,361,All Ages,82765,41197,41568,68146,33814,34332,7099,3422,3677,2402,1199,1203,5118,2762,2356
ORANGE COUNTY,361,< 1 Year,1060,542,518,821,426,395,111,49,62,42,21,21,86,46,40
ORANGE COUNTY,361,1 Years,1068,546,522,845,434,411,94,47,47,42,19,23,87,46,41
ORANGE COUNTY,361,2 Years,1057,534,523,813,411,402,93,50,43,46,21,25,105,52,53
ORANGE COUNTY,361,3 Years,1078,547,531,822,411,411,87,46,41,49,27,22,120,63,57
ORANGE COUNTY,361,4 Years,1104,569,535,819,413,406,119,63,56,54,32,22,112,61,51
ORANGE COUNTY,361,5 Years,1101,565,536,833,441,392,112,51,61,49,24,25,107,49,58
ORANGE COUNTY,361,6 Years,1096,572,524,819,426,393,106,60,46,57,33,24,114,53,61
ORANGE COUNTY,361,7 Years,1096,568,528,837,428,409,108,57,51,39,23,16,112,60,52
ORANGE COUNTY,361,8 Years,1142,605,537,871,453,418,123,68,55,41,24,17,107,60,47
ORANGE COUNTY,361,9 Years,1167,608,559,877,451,426,117,60,57,50,24,26,123,73,50
ORANGE COUNTY,361,10 Years,1120,587,533,852,448,404,104,51,53,47,24,23,117,64,53
ORANGE COUNTY,361,11 Years,1121,589,532,863,454,409,111,56,55,49,27,22,98,52,46
ORANGE COUNTY,361,12 Years,1137,585,552,878,445,433,110,59,51,50,25,25,99,56,43
ORANGE COUNTY,361,13 Years,1167,579,588,912,457,455,111,55,56,45,22,23,99,45,54
ORANGE COUNTY,361,14 Years,1137,593,544,876,461,415,112,52,60,40,22,18,109,58,51
ORANGE COUNTY,361,15 Years,1199,626,573,940,479,461,126,73,53,38,17,21,95,57,38
ORANGE COUNTY,361,16 Years,1220,623,597,930,468,462,145,77,68,39,19,20,106,59,47
ORANGE COUNTY,361,17 Years,1230,667,563,938,504,434,149,85,64,51,27,24,92,51,41
ORANGE COUNTY,361,18 Years,1274,660,614,959,501,458,159,77,82,49,27,22,107,55,52
ORANGE COUNTY,361,19 Years,1239,658,581,939,490,449,158,92,66,48,24,24,94,52,42
ORANGE COUNTY,361,20 Years,1084,595,489,818,442,376,132,75,57,39,21,18,95,57,38
ORANGE COUNTY,361,21 Years,1052,555,497,826,434,392,111,60,51,28,14,14,87,47,40
ORANGE COUNTY,361,22 Years,997,538,459,801,434,367,95,50,45,32,17,15,69,37,32
ORANGE COUNTY,361,23 Years,968,501,467,770,390,380,94,50,44,24,13,11,80,48,32
ORANGE COUNTY,361,24 Years,942,463,479,752,363,389,83,43,40,21,7,14,86,50,36
ORANGE COUNTY,361,25 Years,962,470,492,776,378,398,88,37,51,23,10,13,75,45,30
ORANGE COUNTY,361,26 Years,978,499,479,788,401,387,90,44,46,29,16,13,71,38,33
ORANGE COUNTY,361,27 Years,987,488,499,797,390,407,99,50,49,22,9,13,69,39,30
ORANGE COUNTY,361,28 Years,969,476,493,776,376,400,81,39,42,27,13,14,85,48,37
ORANGE COUNTY,361,29 Years,979,499,480,804,405,399,77,40,37,17,9,8,81,45,36
ORANGE COUNTY,361,30 Years,955,480,475,781,392,389,70,34,36,20,13,7,84,41,43
ORANGE COUNTY,361,31 Years,982,485,497,813,401,412,66,33,33,23,12,11,80,39,41
ORANGE COUNTY,361,32 Years,985,484,501,801,396,405,81,35,46,23,12,11,80,41,39
ORANGE COUNTY,361,33 Years,987,489,498,809,399,410,90,41,49,25,12,13,63,37,26
ORANGE COUNTY,361,34 Years,970,496,474,797,405,392,76,31,45,23,15,8,74,45,29
ORANGE COUNTY,361,35 Years,979,500,479,800,409,391,79,31,48,24,14,10,76,46,30
ORANGE COUNTY,361,36 Years,912,462,450,729,365,364,85,38,47,31,15,16,67,44,23
ORANGE COUNTY,361,37 Years,960,454,506,773,359,414,80,39,41,33,12,21,74,44,30
ORANGE COUNTY,361,38 Years,996,476,520,823,387,436,67,35,32,30,13,17,76,41,35
ORANGE COUNTY,361,39 Years,1002,490,512,832,401,431,77,36,41,30,17,13,63,36,27
ORANGE COUNTY,361,40 Years,1059,539,520,879,455,424,83,34,49,30,12,18,67,38,29
ORANGE COUNTY,361,41 Years,1134,580,554,941,497,444,95,40,55,34,12,22,64,31,33
ORANGE COUNTY,361,42 Years,1071,551,520,888,458,430,81,39,42,30,15,15,72,39,33
ORANGE COUNTY,361,43 Years,1007,525,482,835,433,402,81,37,44,33,22,11,58,33,25
ORANGE COUNTY,361,44 Years,1027,528,499,852,443,409,92,41,51,32,20,12,51,24,27
ORANGE COUNTY,361,45 Years,1091,554,537,926,477,449,82,38,44,33,17,16,50,22,28
ORANGE COUNTY,361,46 Years,1107,554,553,921,462,459,99,45,54,31,17,14,56,30,26
ORANGE COUNTY,361,47 Years,1152,560,592,969,469,500,103,46,57,29,15,14,51,30,21
ORANGE COUNTY,361,48 Years,1268,589,679,1087,505,582,90,42,48,30,14,16,61,28,33
ORANGE COUNTY,361,49 Years,1251,627,624,1081,542,539,82,44,38,33,14,19,55,27,28
ORANGE COUNTY,361,50 Years,1255,645,610,1079,559,520,97,49,48,29,11,18,50,26,24
ORANGE COUNTY,361,51 Years,1258,632,626,1076,539,537,96,47,49,36,19,17,50,27,23
ORANGE COUNTY,361,52 Years,1277,648,629,1096,560,536,92,38,54,36,19,17,53,31,22
ORANGE COUNTY,361,53 Years,1280,629,651,1096,543,553,105,48,57,30,12,18,49,26,23
ORANGE COUNTY,361,54 Years,1317,659,658,1132,577,555,108,49,59,29,10,19,48,23,25
ORANGE COUNTY,361,55 Years,1253,618,635,1079,539,540,102,44,58,30,13,17,42,22,20
ORANGE COUNTY,361,56 Years,1159,579,580,995,502,493,98,41,57,34,14,20,32,22,10
ORANGE COUNTY,361,57 Years,1181,569,612,1019,490,529,94,36,58,32,17,15,36,26,10
ORANGE COUNTY,361,58 Years,1152,558,594,995,479,516,89,45,44,31,13,18,37,21,16
ORANGE COUNTY,361,59 Years,1056,527,529,920,454,466,78,41,37,24,12,12,34,20,14
ORANGE COUNTY,361,60 Years,1052,515,537,917,452,465,74,34,40,27,12,15,34,17,17
ORANGE COUNTY,361,61 Years,1020,503,517,886,436,450,75,35,40,25,13,12,34,19,15
ORANGE COUNTY,361,62 Years,981,471,510,869,415,454,60,29,31,21,10,11,31,17,14
ORANGE COUNTY,361,63 Years,920,451,469,807,400,407,69,29,40,24,12,12,20,10,10
ORANGE COUNTY,361,64 Years,938,468,470,820,410,410,71,35,36,23,10,13,24,13,11
ORANGE COUNTY,361,65 Years,893,427,466,782,375,407,72,34,38,12,2,10,27,16,11
ORANGE COUNTY,361,66 Years,737,358,379,645,312,333,62,32,30,12,5,7,18,9,9
ORANGE COUNTY,361,67 Years,715,338,377,628,299,329,53,24,29,12,4,8,22,11,11
ORANGE COUNTY,361,68 Years,742,349,393,667,314,353,47,21,26,12,7,5,16,7,9
ORANGE COUNTY,361,69 Years,715,348,367,634,306,328,53,27,26,14,8,6,14,7,7
ORANGE COUNTY,361,70 Years,689,350,339,610,309,301,45,26,19,14,7,7,20,8,12
ORANGE COUNTY,361,71 Years,625,277,348,560,252,308,40,16,24,9,1,8,16,8,8
ORANGE COUNTY,361,72 Years,545,242,303,484,220,264,37,12,25,8,4,4,16,6,10
ORANGE COUNTY,361,73 Years,568,259,309,504,226,278,39,18,21,9,8,1,16,7,9
ORANGE COUNTY,361,74 Years,528,221,307,464,193,271,39,15,24,11,8,3,14,5,9
ORANGE COUNTY,361,75 Years,495,235,260,435,211,224,39,15,24,10,6,4,11,3,8
ORANGE COUNTY,361,76 Years,498,223,275,447,201,246,29,11,18,7,3,4,15,8,7
ORANGE COUNTY,361,77 Years,479,226,253,428,207,221,27,9,18,6,2,4,18,8,10
ORANGE COUNTY,361,78 Years,414,192,222,371,177,194,25,6,19,5,1,4,13,8,5
ORANGE COUNTY,361,79 Years,390,183,207,342,158,184,26,13,13,8,4,4,14,8,6
ORANGE COUNTY,361,80 Years,365,152,213,322,132,190,27,11,16,7,4,3,9,5,4
ORANGE COUNTY,361,81 Years,357,152,205,320,135,185,21,7,14,6,3,3,10,7,3
ORANGE COUNTY,361,82 Years,329,134,195,298,120,178,15,6,9,7,4,3,9,4,5
ORANGE COUNTY,361,83 Years,308,117,191,275,104,171,16,6,10,6,2,4,11,5,6
ORANGE COUNTY,361,84 Years,274,120,154,242,107,135,19,7,12,4,1,3,9,5,4
ORANGE COUNTY,361,85 Years +,1374,492,882,1213,432,781,96,31,65,28,14,14,37,15,22
PALO PINTO COUNTY,363,All Ages,28430,14022,14408,21994,10738,11256,591,309,282,588,294,294,5257,2681,2576
PALO PINTO COUNTY,363,< 1 Year,372,207,165,250,139,111,4,2,2,9,7,2,109,59,50
PALO PINTO COUNTY,363,1 Years,369,192,177,258,136,122,4,2,2,6,3,3,101,51,50
PALO PINTO COUNTY,363,2 Years,385,203,182,245,126,119,10,7,3,5,5,0,125,65,60
PALO PINTO COUNTY,363,3 Years,363,190,173,225,120,105,14,8,6,7,5,2,117,57,60
PALO PINTO COUNTY,363,4 Years,376,195,181,244,131,113,15,6,9,9,3,6,108,55,53
PALO PINTO COUNTY,363,5 Years,405,206,199,265,135,130,10,6,4,13,5,8,117,60,57
PALO PINTO COUNTY,363,6 Years,391,201,190,250,137,113,9,2,7,13,8,5,119,54,65
PALO PINTO COUNTY,363,7 Years,393,201,192,248,129,119,11,6,5,14,6,8,120,60,60
PALO PINTO COUNTY,363,8 Years,357,187,170,228,125,103,10,6,4,10,4,6,109,52,57
PALO PINTO COUNTY,363,9 Years,377,192,185,250,136,114,8,4,4,6,4,2,113,48,65
PALO PINTO COUNTY,363,10 Years,369,180,189,246,123,123,7,4,3,9,4,5,107,49,58
PALO PINTO COUNTY,363,11 Years,393,197,196,254,136,118,12,5,7,13,8,5,114,48,66
PALO PINTO COUNTY,363,12 Years,432,214,218,277,138,139,15,7,8,13,7,6,127,62,65
PALO PINTO COUNTY,363,13 Years,401,200,201,257,126,131,9,6,3,13,7,6,122,61,61
PALO PINTO COUNTY,363,14 Years,405,216,189,257,143,114,12,5,7,11,5,6,125,63,62
PALO PINTO COUNTY,363,15 Years,395,210,185,259,137,122,11,8,3,11,8,3,114,57,57
PALO PINTO COUNTY,363,16 Years,408,220,188,266,136,130,11,8,3,13,8,5,118,68,50
PALO PINTO COUNTY,363,17 Years,397,205,192,254,130,124,10,5,5,10,6,4,123,64,59
PALO PINTO COUNTY,363,18 Years,387,199,188,264,132,132,10,6,4,7,5,2,106,56,50
PALO PINTO COUNTY,363,19 Years,411,223,188,291,157,134,7,5,2,9,4,5,104,57,47
PALO PINTO COUNTY,363,20 Years,354,185,169,249,132,117,8,4,4,7,3,4,90,46,44
PALO PINTO COUNTY,363,21 Years,326,154,172,230,111,119,8,4,4,5,2,3,83,37,46
PALO PINTO COUNTY,363,22 Years,313,152,161,220,105,115,8,6,2,5,2,3,80,39,41
PALO PINTO COUNTY,363,23 Years,294,145,149,209,98,111,6,4,2,5,4,1,74,39,35
PALO PINTO COUNTY,363,24 Years,317,155,162,219,100,119,6,4,2,4,4,0,88,47,41
PALO PINTO COUNTY,363,25 Years,308,161,147,228,118,110,5,3,2,3,3,0,72,37,35
PALO PINTO COUNTY,363,26 Years,309,166,143,229,121,108,9,6,3,2,1,1,69,38,31
PALO PINTO COUNTY,363,27 Years,291,141,150,213,101,112,5,2,3,6,2,4,67,36,31
PALO PINTO COUNTY,363,28 Years,307,170,137,223,123,100,7,4,3,10,5,5,67,38,29
PALO PINTO COUNTY,363,29 Years,313,153,160,222,102,120,7,3,4,9,4,5,75,44,31
PALO PINTO COUNTY,363,30 Years,304,143,161,223,101,122,8,4,4,7,4,3,66,34,32
PALO PINTO COUNTY,363,31 Years,309,152,157,215,100,115,6,3,3,5,3,2,83,46,37
PALO PINTO COUNTY,363,32 Years,303,144,159,227,100,127,8,6,2,7,6,1,61,32,29
PALO PINTO COUNTY,363,33 Years,304,145,159,220,102,118,8,5,3,9,4,5,67,34,33
PALO PINTO COUNTY,363,34 Years,300,144,156,217,102,115,8,4,4,9,4,5,66,34,32
PALO PINTO COUNTY,363,35 Years,304,157,147,225,117,108,7,4,3,6,3,3,66,33,33
PALO PINTO COUNTY,363,36 Years,304,145,159,219,106,113,6,4,2,3,2,1,76,33,43
PALO PINTO COUNTY,363,37 Years,306,140,166,223,104,119,3,1,2,4,3,1,76,32,44
PALO PINTO COUNTY,363,38 Years,324,154,170,234,108,126,7,5,2,10,4,6,73,37,36
PALO PINTO COUNTY,363,39 Years,317,148,169,230,102,128,6,5,1,10,4,6,71,37,34
PALO PINTO COUNTY,363,40 Years,312,152,160,237,113,124,4,3,1,5,1,4,66,35,31
PALO PINTO COUNTY,363,41 Years,330,156,174,252,127,125,4,1,3,7,1,6,67,27,40
PALO PINTO COUNTY,363,42 Years,367,183,184,286,140,146,5,2,3,6,3,3,70,38,32
PALO PINTO COUNTY,363,43 Years,316,164,152,236,116,120,4,3,1,4,3,1,72,42,30
PALO PINTO COUNTY,363,44 Years,330,166,164,263,135,128,7,3,4,2,1,1,58,27,31
PALO PINTO COUNTY,363,45 Years,357,175,182,281,137,144,7,5,2,4,2,2,65,31,34
PALO PINTO COUNTY,363,46 Years,316,156,160,241,123,118,7,5,2,6,2,4,62,26,36
PALO PINTO COUNTY,363,47 Years,381,181,200,302,142,160,8,4,4,8,3,5,63,32,31
PALO PINTO COUNTY,363,48 Years,404,196,208,328,157,171,6,2,4,10,4,6,60,33,27
PALO PINTO COUNTY,363,49 Years,403,186,217,336,151,185,8,2,6,5,2,3,54,31,23
PALO PINTO COUNTY,363,50 Years,422,217,205,344,170,174,13,8,5,7,4,3,58,35,23
PALO PINTO COUNTY,363,51 Years,426,217,209,357,176,181,10,5,5,4,2,2,55,34,21
PALO PINTO COUNTY,363,52 Years,440,207,233,374,174,200,11,5,6,7,3,4,48,25,23
PALO PINTO COUNTY,363,53 Years,403,198,205,340,165,175,6,4,2,7,2,5,50,27,23
PALO PINTO COUNTY,363,54 Years,408,198,210,342,160,182,10,6,4,6,4,2,50,28,22
PALO PINTO COUNTY,363,55 Years,426,204,222,373,176,197,9,3,6,10,6,4,34,19,15
PALO PINTO COUNTY,363,56 Years,448,219,229,390,186,204,14,7,7,10,4,6,34,22,12
PALO PINTO COUNTY,363,57 Years,417,198,219,370,174,196,12,4,8,7,3,4,28,17,11
PALO PINTO COUNTY,363,58 Years,390,196,194,340,170,170,9,1,8,5,3,2,36,22,14
PALO PINTO COUNTY,363,59 Years,376,191,185,325,167,158,5,2,3,8,3,5,38,19,19
PALO PINTO COUNTY,363,60 Years,345,168,177,300,145,155,7,5,2,6,4,2,32,14,18
PALO PINTO COUNTY,363,61 Years,345,175,170,304,153,151,4,3,1,6,3,3,31,16,15
PALO PINTO COUNTY,363,62 Years,383,186,197,334,160,174,7,3,4,8,2,6,34,21,13
PALO PINTO COUNTY,363,63 Years,338,164,174,289,136,153,6,3,3,10,2,8,33,23,10
PALO PINTO COUNTY,363,64 Years,386,186,200,341,163,178,6,3,3,8,4,4,31,16,15
PALO PINTO COUNTY,363,65 Years,403,192,211,368,178,190,10,5,5,6,1,5,19,8,11
PALO PINTO COUNTY,363,66 Years,333,164,169,301,150,151,6,3,3,3,1,2,23,10,13
PALO PINTO COUNTY,363,67 Years,324,164,160,292,147,145,3,3,0,7,4,3,22,10,12
PALO PINTO COUNTY,363,68 Years,332,173,159,303,160,143,2,1,1,10,5,5,17,7,10
PALO PINTO COUNTY,363,69 Years,294,152,142,271,140,131,3,2,1,6,3,3,14,7,7
PALO PINTO COUNTY,363,70 Years,270,133,137,246,120,126,1,1,0,7,3,4,16,9,7
PALO PINTO COUNTY,363,71 Years,266,124,142,243,112,131,2,1,1,5,4,1,16,7,9
PALO PINTO COUNTY,363,72 Years,250,114,136,226,101,125,3,1,2,4,3,1,17,9,8
PALO PINTO COUNTY,363,73 Years,233,129,104,215,120,95,3,1,2,3,2,1,12,6,6
PALO PINTO COUNTY,363,74 Years,228,115,113,211,108,103,3,2,1,4,2,2,10,3,7
PALO PINTO COUNTY,363,75 Years,209,93,116,189,84,105,3,1,2,4,2,2,13,6,7
PALO PINTO COUNTY,363,76 Years,201,86,115,185,78,107,3,0,3,2,1,1,11,7,4
PALO PINTO COUNTY,363,77 Years,188,84,104,177,79,98,3,1,2,3,1,2,5,3,2
PALO PINTO COUNTY,363,78 Years,164,73,91,151,69,82,3,1,2,4,1,3,6,2,4
PALO PINTO COUNTY,363,79 Years,155,68,87,143,65,78,2,1,1,3,0,3,7,2,5
PALO PINTO COUNTY,363,80 Years,152,72,80,135,64,71,2,1,1,4,2,2,11,5,6
PALO PINTO COUNTY,363,81 Years,138,58,80,126,53,73,3,1,2,3,1,2,6,3,3
PALO PINTO COUNTY,363,82 Years,126,53,73,112,49,63,2,0,2,3,1,2,9,3,6
PALO PINTO COUNTY,363,83 Years,123,51,72,115,47,68,1,0,1,1,1,0,6,3,3
PALO PINTO COUNTY,363,84 Years,87,32,55,81,29,52,1,0,1,0,0,0,5,3,2
PALO PINTO COUNTY,363,85 Years +,492,161,331,456,144,312,8,2,6,13,6,7,15,9,6
PANOLA COUNTY,365,All Ages,24140,12008,12132,17611,8735,8876,3905,1872,2033,498,245,253,2126,1156,970
PANOLA COUNTY,365,< 1 Year,307,156,151,190,101,89,41,20,21,28,12,16,48,23,25
PANOLA COUNTY,365,1 Years,290,149,141,183,95,88,46,23,23,17,8,9,44,23,21
PANOLA COUNTY,365,2 Years,284,147,137,172,87,85,57,27,30,9,5,4,46,28,18
PANOLA COUNTY,365,3 Years,297,146,151,177,88,89,48,21,27,13,6,7,59,31,28
PANOLA COUNTY,365,4 Years,316,166,150,198,105,93,51,31,20,8,2,6,59,28,31
PANOLA COUNTY,365,5 Years,311,168,143,186,109,77,58,27,31,8,5,3,59,27,32
PANOLA COUNTY,365,6 Years,336,178,158,206,114,92,58,27,31,15,10,5,57,27,30
PANOLA COUNTY,365,7 Years,347,175,172,211,106,105,56,29,27,13,7,6,67,33,34
PANOLA COUNTY,365,8 Years,350,167,183,220,98,122,51,32,19,13,6,7,66,31,35
PANOLA COUNTY,365,9 Years,356,189,167,247,129,118,50,29,21,10,5,5,49,26,23
PANOLA COUNTY,365,10 Years,344,195,149,227,128,99,66,38,28,8,5,3,43,24,19
PANOLA COUNTY,365,11 Years,350,185,165,225,119,106,65,31,34,9,5,4,51,30,21
PANOLA COUNTY,365,12 Years,334,173,161,233,120,113,57,29,28,9,4,5,35,20,15
PANOLA COUNTY,365,13 Years,334,166,168,236,112,124,48,26,22,8,4,4,42,24,18
PANOLA COUNTY,365,14 Years,341,176,165,233,124,109,50,26,24,10,5,5,48,21,27
PANOLA COUNTY,365,15 Years,326,168,158,222,118,104,56,29,27,10,5,5,38,16,22
PANOLA COUNTY,365,16 Years,300,151,149,209,102,107,45,27,18,4,2,2,42,20,22
PANOLA COUNTY,365,17 Years,310,167,143,210,119,91,57,27,30,6,2,4,37,19,18
PANOLA COUNTY,365,18 Years,341,185,156,236,133,103,57,28,29,5,1,4,43,23,20
PANOLA COUNTY,365,19 Years,345,183,162,232,122,110,68,39,29,11,6,5,34,16,18
PANOLA COUNTY,365,20 Years,304,148,156,187,91,96,72,38,34,14,7,7,31,12,19
PANOLA COUNTY,365,21 Years,350,178,172,227,122,105,71,33,38,8,4,4,44,19,25
PANOLA COUNTY,365,22 Years,304,161,143,193,103,90,71,35,36,5,2,3,35,21,14
PANOLA COUNTY,365,23 Years,274,158,116,178,98,80,53,31,22,5,3,2,38,26,12
PANOLA COUNTY,365,24 Years,274,146,128,182,96,86,51,25,26,4,3,1,37,22,15
PANOLA COUNTY,365,25 Years,260,131,129,167,89,78,52,20,32,4,1,3,37,21,16
PANOLA COUNTY,365,26 Years,279,137,142,191,94,97,43,19,24,3,1,2,42,23,19
PANOLA COUNTY,365,27 Years,278,147,131,188,96,92,42,22,20,6,2,4,42,27,15
PANOLA COUNTY,365,28 Years,254,134,120,184,99,85,28,12,16,6,3,3,36,20,16
PANOLA COUNTY,365,29 Years,294,151,143,209,101,108,45,28,17,2,1,1,38,21,17
PANOLA COUNTY,365,30 Years,301,152,149,221,108,113,45,23,22,2,1,1,33,20,13
PANOLA COUNTY,365,31 Years,311,164,147,221,116,105,51,23,28,4,3,1,35,22,13
PANOLA COUNTY,365,32 Years,318,154,164,226,107,119,48,22,26,5,4,1,39,21,18
PANOLA COUNTY,365,33 Years,289,140,149,194,89,105,53,27,26,3,1,2,39,23,16
PANOLA COUNTY,365,34 Years,290,139,151,214,100,114,41,22,19,5,2,3,30,15,15
PANOLA COUNTY,365,35 Years,278,141,137,198,99,99,40,18,22,5,3,2,35,21,14
PANOLA COUNTY,365,36 Years,299,144,155,207,99,108,46,18,28,9,5,4,37,22,15
PANOLA COUNTY,365,37 Years,304,148,156,220,106,114,47,21,26,4,2,2,33,19,14
PANOLA COUNTY,365,38 Years,258,131,127,194,98,96,32,14,18,1,1,0,31,18,13
PANOLA COUNTY,365,39 Years,266,132,134,197,95,102,36,18,18,4,2,2,29,17,12
PANOLA COUNTY,365,40 Years,290,146,144,214,106,108,42,21,21,6,3,3,28,16,12
PANOLA COUNTY,365,41 Years,278,139,139,211,108,103,43,17,26,5,3,2,19,11,8
PANOLA COUNTY,365,42 Years,275,132,143,203,100,103,44,17,27,4,1,3,24,14,10
PANOLA COUNTY,365,43 Years,275,128,147,198,97,101,45,14,31,6,3,3,26,14,12
PANOLA COUNTY,365,44 Years,278,142,136,204,108,96,45,17,28,5,3,2,24,14,10
PANOLA COUNTY,365,45 Years,258,129,129,182,89,93,45,21,24,4,1,3,27,18,9
PANOLA COUNTY,365,46 Years,245,113,132,172,79,93,48,22,26,6,2,4,19,10,9
PANOLA COUNTY,365,47 Years,287,137,150,210,99,111,55,28,27,7,3,4,15,7,8
PANOLA COUNTY,365,48 Years,329,168,161,253,128,125,55,27,28,5,2,3,16,11,5
PANOLA COUNTY,365,49 Years,331,167,164,254,132,122,50,20,30,5,2,3,22,13,9
PANOLA COUNTY,365,50 Years,315,163,152,232,121,111,52,24,28,8,4,4,23,14,9
PANOLA COUNTY,365,51 Years,338,180,158,243,133,110,76,36,40,5,3,2,14,8,6
PANOLA COUNTY,365,52 Years,349,157,192,248,116,132,79,31,48,7,3,4,15,7,8
PANOLA COUNTY,365,53 Years,342,156,186,255,123,132,65,24,41,8,2,6,14,7,7
PANOLA COUNTY,365,54 Years,346,169,177,267,127,140,58,31,27,7,4,3,14,7,7
PANOLA COUNTY,365,55 Years,370,183,187,297,141,156,55,30,25,5,4,1,13,8,5
PANOLA COUNTY,365,56 Years,350,182,168,285,145,140,54,29,25,5,4,1,6,4,2
PANOLA COUNTY,365,57 Years,356,176,180,293,147,146,50,20,30,3,2,1,10,7,3
PANOLA COUNTY,365,58 Years,346,169,177,275,134,141,52,25,27,6,2,4,13,8,5
PANOLA COUNTY,365,59 Years,356,177,179,283,134,149,55,32,23,6,2,4,12,9,3
PANOLA COUNTY,365,60 Years,370,187,183,300,154,146,57,26,31,6,3,3,7,4,3
PANOLA COUNTY,365,61 Years,339,166,173,277,134,143,45,21,24,9,4,5,8,7,1
PANOLA COUNTY,365,62 Years,302,161,141,250,134,116,41,22,19,5,2,3,6,3,3
PANOLA COUNTY,365,63 Years,277,144,133,227,120,107,43,21,22,2,2,0,5,1,4
PANOLA COUNTY,365,64 Years,276,131,145,236,111,125,33,16,17,2,1,1,5,3,2
PANOLA COUNTY,365,65 Years,302,149,153,253,126,127,40,19,21,4,2,2,5,2,3
PANOLA COUNTY,365,66 Years,264,135,129,205,105,100,47,24,23,4,2,2,8,4,4
PANOLA COUNTY,365,67 Years,262,130,132,208,106,102,41,19,22,7,3,4,6,2,4
PANOLA COUNTY,365,68 Years,234,115,119,189,90,99,34,20,14,7,3,4,4,2,2
PANOLA COUNTY,365,69 Years,232,110,122,190,86,104,33,18,15,4,2,2,5,4,1
PANOLA COUNTY,365,70 Years,219,96,123,180,78,102,32,14,18,2,0,2,5,4,1
PANOLA COUNTY,365,71 Years,181,82,99,147,64,83,28,12,16,1,1,0,5,5,0
PANOLA COUNTY,365,72 Years,188,81,107,154,66,88,28,11,17,3,2,1,3,2,1
PANOLA COUNTY,365,73 Years,188,84,104,165,75,90,21,8,13,2,1,1,0,0,0
PANOLA COUNTY,365,74 Years,187,88,99,167,82,85,18,5,13,2,1,1,0,0,0
PANOLA COUNTY,365,75 Years,183,79,104,148,65,83,32,12,20,2,1,1,1,1,0
PANOLA COUNTY,365,76 Years,158,73,85,127,57,70,27,13,14,3,2,1,1,1,0
PANOLA COUNTY,365,77 Years,142,64,78,116,50,66,23,13,10,1,0,1,2,1,1
PANOLA COUNTY,365,78 Years,134,57,77,114,49,65,19,8,11,0,0,0,1,0,1
PANOLA COUNTY,365,79 Years,133,56,77,112,47,65,19,8,11,1,1,0,1,0,1
PANOLA COUNTY,365,80 Years,117,50,67,99,41,58,16,8,8,1,1,0,1,0,1
PANOLA COUNTY,365,81 Years,116,51,65,98,44,54,16,6,10,1,1,0,1,0,1
PANOLA COUNTY,365,82 Years,107,50,57,92,45,47,14,4,10,1,1,0,0,0,0
PANOLA COUNTY,365,83 Years,94,38,56,81,33,48,13,5,8,0,0,0,0,0,0
PANOLA COUNTY,365,84 Years,83,36,47,73,33,40,10,3,7,0,0,0,0,0,0
PANOLA COUNTY,365,85 Years +,434,156,278,373,138,235,55,15,40,2,0,2,4,3,1
PARKER COUNTY,367,All Ages,121234,61356,59878,102449,51000,51449,1918,1391,527,3190,1541,1649,13677,7424,6253
PARKER COUNTY,367,< 1 Year,1326,677,649,1101,563,538,11,7,4,26,13,13,188,94,94
PARKER COUNTY,367,1 Years,1405,719,686,1067,540,527,9,5,4,52,28,24,277,146,131
PARKER COUNTY,367,2 Years,1336,701,635,1010,529,481,12,6,6,44,20,24,270,146,124
PARKER COUNTY,367,3 Years,1435,725,710,1097,548,549,17,9,8,46,18,28,275,150,125
PARKER COUNTY,367,4 Years,1523,782,741,1165,596,569,15,8,7,59,31,28,284,147,137
PARKER COUNTY,367,5 Years,1579,815,764,1210,622,588,14,9,5,59,32,27,296,152,144
PARKER COUNTY,367,6 Years,1574,805,769,1222,622,600,17,9,8,59,29,30,276,145,131
PARKER COUNTY,367,7 Years,1633,828,805,1290,654,636,20,10,10,61,30,31,262,134,128
PARKER COUNTY,367,8 Years,1643,826,817,1296,645,651,23,17,6,58,26,32,266,138,128
PARKER COUNTY,367,9 Years,1707,893,814,1350,702,648,18,13,5,48,22,26,291,156,135
PARKER COUNTY,367,10 Years,1736,931,805,1385,734,651,23,13,10,56,29,27,272,155,117
PARKER COUNTY,367,11 Years,1809,935,874,1440,729,711,28,18,10,55,31,24,286,157,129
PARKER COUNTY,367,12 Years,1791,899,892,1425,717,708,23,12,11,54,29,25,289,141,148
PARKER COUNTY,367,13 Years,1854,930,924,1468,731,737,23,9,14,71,39,32,292,151,141
PARKER COUNTY,367,14 Years,1865,949,916,1480,741,739,27,15,12,72,38,34,286,155,131
PARKER COUNTY,367,15 Years,1869,954,915,1489,751,738,20,9,11,68,38,30,292,156,136
PARKER COUNTY,367,16 Years,1913,991,922,1544,806,738,18,8,10,72,33,39,279,144,135
PARKER COUNTY,367,17 Years,1820,952,868,1460,765,695,20,10,10,71,39,32,269,138,131
PARKER COUNTY,367,18 Years,1927,1022,905,1524,791,733,28,16,12,71,43,28,304,172,132
PARKER COUNTY,367,19 Years,1920,1073,847,1490,811,679,56,46,10,60,33,27,314,183,131
PARKER COUNTY,367,20 Years,1711,933,778,1287,677,610,50,38,12,59,27,32,315,191,124
PARKER COUNTY,367,21 Years,1637,882,755,1233,633,600,82,62,20,48,30,18,274,157,117
PARKER COUNTY,367,22 Years,1417,765,652,1082,553,529,66,50,16,35,19,16,234,143,91
PARKER COUNTY,367,23 Years,1282,712,570,976,512,464,57,50,7,36,21,15,213,129,84
PARKER COUNTY,367,24 Years,1273,713,560,973,513,460,54,52,2,31,17,14,215,131,84
PARKER COUNTY,367,25 Years,1279,723,556,963,524,439,41,36,5,35,17,18,240,146,94
PARKER COUNTY,367,26 Years,1256,685,571,946,489,457,38,34,4,27,15,12,245,147,98
PARKER COUNTY,367,27 Years,1302,707,595,1010,510,500,42,38,4,20,12,8,230,147,83
PARKER COUNTY,367,28 Years,1223,665,558,965,493,472,48,44,4,26,14,12,184,114,70
PARKER COUNTY,367,29 Years,1258,667,591,966,489,477,42,39,3,30,10,20,220,129,91
PARKER COUNTY,367,30 Years,1307,688,619,1010,511,499,43,39,4,40,16,24,214,122,92
PARKER COUNTY,367,31 Years,1324,674,650,1032,504,528,43,38,5,35,16,19,214,116,98
PARKER COUNTY,367,32 Years,1401,719,682,1122,558,564,44,37,7,26,12,14,209,112,97
PARKER COUNTY,367,33 Years,1412,719,693,1145,574,571,36,28,8,23,7,16,208,110,98
PARKER COUNTY,367,34 Years,1341,642,699,1101,514,587,33,26,7,23,7,16,184,95,89
PARKER COUNTY,367,35 Years,1337,661,676,1096,524,572,31,24,7,32,14,18,178,99,79
PARKER COUNTY,367,36 Years,1350,683,667,1109,553,556,23,16,7,40,18,22,178,96,82
PARKER COUNTY,367,37 Years,1445,723,722,1192,580,612,17,14,3,36,18,18,200,111,89
PARKER COUNTY,367,38 Years,1506,754,752,1259,618,641,23,21,2,32,13,19,192,102,90
PARKER COUNTY,367,39 Years,1577,794,783,1320,651,669,34,29,5,38,20,18,185,94,91
PARKER COUNTY,367,40 Years,1682,833,849,1408,681,727,26,19,7,40,17,23,208,116,92
PARKER COUNTY,367,41 Years,1742,850,892,1472,711,761,30,21,9,39,16,23,201,102,99
PARKER COUNTY,367,42 Years,1785,856,929,1515,725,790,36,26,10,37,11,26,197,94,103
PARKER COUNTY,367,43 Years,1709,824,885,1450,692,758,31,23,8,43,14,29,185,95,90
PARKER COUNTY,367,44 Years,1676,819,857,1440,695,745,40,33,7,42,16,26,154,75,79
PARKER COUNTY,367,45 Years,1757,889,868,1501,748,753,46,34,12,41,19,22,169,88,81
PARKER COUNTY,367,46 Years,1785,910,875,1520,766,754,24,18,6,47,22,25,194,104,90
PARKER COUNTY,367,47 Years,1805,896,909,1567,778,789,22,16,6,46,21,25,170,81,89
PARKER COUNTY,367,48 Years,2030,1036,994,1767,896,871,31,23,8,64,28,36,168,89,79
PARKER COUNTY,367,49 Years,2056,1031,1025,1794,885,909,27,17,10,57,27,30,178,102,76
PARKER COUNTY,367,50 Years,2076,1070,1006,1846,942,904,21,14,7,57,30,27,152,84,68
PARKER COUNTY,367,51 Years,2011,1073,938,1797,955,842,20,10,10,47,24,23,147,84,63
PARKER COUNTY,367,52 Years,2024,1025,999,1803,906,897,23,16,7,54,27,27,144,76,68
PARKER COUNTY,367,53 Years,1933,958,975,1737,861,876,27,17,10,52,24,28,117,56,61
PARKER COUNTY,367,54 Years,1881,931,950,1708,844,864,21,10,11,48,28,20,104,49,55
PARKER COUNTY,367,55 Years,1835,916,919,1681,845,836,16,9,7,43,15,28,95,47,48
PARKER COUNTY,367,56 Years,1733,857,876,1569,772,797,18,9,9,48,22,26,98,54,44
PARKER COUNTY,367,57 Years,1764,889,875,1615,804,811,18,13,5,41,20,21,90,52,38
PARKER COUNTY,367,58 Years,1677,842,835,1539,765,774,14,9,5,45,23,22,79,45,34
PARKER COUNTY,367,59 Years,1618,789,829,1496,727,769,8,5,3,44,21,23,70,36,34
PARKER COUNTY,367,60 Years,1546,743,803,1434,684,750,9,6,3,31,16,15,72,37,35
PARKER COUNTY,367,61 Years,1495,729,766,1369,658,711,19,13,6,31,14,17,76,44,32
PARKER COUNTY,367,62 Years,1429,703,726,1313,636,677,12,9,3,27,12,15,77,46,31
PARKER COUNTY,367,63 Years,1399,681,718,1295,625,670,9,6,3,31,14,17,64,36,28
PARKER COUNTY,367,64 Years,1497,739,758,1397,695,702,9,5,4,30,10,20,61,29,32
PARKER COUNTY,367,65 Years,1444,712,732,1347,664,683,11,5,6,27,10,17,59,33,26
PARKER COUNTY,367,66 Years,1105,554,551,1033,514,519,9,5,4,20,11,9,43,24,19
PARKER COUNTY,367,67 Years,1114,560,554,1043,519,524,6,5,1,24,11,13,41,25,16
PARKER COUNTY,367,68 Years,1116,558,558,1057,531,526,5,3,2,17,7,10,37,17,20
PARKER COUNTY,367,69 Years,1081,541,540,1019,515,504,5,2,3,19,9,10,38,15,23
PARKER COUNTY,367,70 Years,982,477,505,926,451,475,6,3,3,16,6,10,34,17,17
PARKER COUNTY,367,71 Years,840,419,421,787,397,390,4,1,3,17,8,9,32,13,19
PARKER COUNTY,367,72 Years,779,399,380,727,373,354,4,2,2,20,14,6,28,10,18
PARKER COUNTY,367,73 Years,769,388,381,727,365,362,4,3,1,13,7,6,25,13,12
PARKER COUNTY,367,74 Years,694,333,361,657,317,340,5,3,2,13,4,9,19,9,10
PARKER COUNTY,367,75 Years,636,294,342,604,281,323,4,2,2,13,4,9,15,7,8
PARKER COUNTY,367,76 Years,605,290,315,572,275,297,4,1,3,12,6,6,17,8,9
PARKER COUNTY,367,77 Years,553,282,271,521,267,254,3,2,1,7,3,4,22,10,12
PARKER COUNTY,367,78 Years,508,239,269,484,226,258,1,1,0,7,3,4,16,9,7
PARKER COUNTY,367,79 Years,482,227,255,460,213,247,1,1,0,7,4,3,14,9,5
PARKER COUNTY,367,80 Years,464,204,260,443,194,249,1,0,1,7,3,4,13,7,6
PARKER COUNTY,367,81 Years,389,168,221,372,160,212,2,1,1,7,3,4,8,4,4
PARKER COUNTY,367,82 Years,334,141,193,318,133,185,3,2,1,6,4,2,7,2,5
PARKER COUNTY,367,83 Years,318,138,180,305,130,175,4,3,1,1,0,1,8,5,3
PARKER COUNTY,367,84 Years,294,121,173,283,116,167,1,0,1,3,2,1,7,3,4
PARKER COUNTY,367,85 Years +,1479,506,973,1431,486,945,9,1,8,15,7,8,24,12,12
PARMER COUNTY,369,All Ages,10406,5336,5070,3851,1917,1934,86,47,39,69,31,38,6400,3341,3059
PARMER COUNTY,369,< 1 Year,157,76,81,40,20,20,0,0,0,1,0,1,116,56,60
PARMER COUNTY,369,1 Years,149,76,73,35,17,18,1,1,0,0,0,0,113,58,55
PARMER COUNTY,369,2 Years,177,83,94,40,21,19,2,1,1,0,0,0,135,61,74
PARMER COUNTY,369,3 Years,189,98,91,44,22,22,3,1,2,1,0,1,141,75,66
PARMER COUNTY,369,4 Years,173,98,75,37,23,14,2,0,2,0,0,0,134,75,59
PARMER COUNTY,369,5 Years,198,105,93,56,28,28,1,1,0,2,0,2,139,76,63
PARMER COUNTY,369,6 Years,187,101,86,51,27,24,1,0,1,1,0,1,134,74,60
PARMER COUNTY,369,7 Years,181,87,94,45,23,22,1,1,0,1,0,1,134,63,71
PARMER COUNTY,369,8 Years,164,83,81,39,26,13,2,1,1,1,0,1,122,56,66
PARMER COUNTY,369,9 Years,172,93,79,43,26,17,1,0,1,2,1,1,126,66,60
PARMER COUNTY,369,10 Years,183,95,88,42,26,16,0,0,0,0,0,0,141,69,72
PARMER COUNTY,369,11 Years,174,88,86,36,19,17,0,0,0,1,0,1,137,69,68
PARMER COUNTY,369,12 Years,167,81,86,42,24,18,0,0,0,1,0,1,124,57,67
PARMER COUNTY,369,13 Years,168,86,82,45,23,22,1,1,0,0,0,0,122,62,60
PARMER COUNTY,369,14 Years,172,86,86,43,19,24,1,1,0,1,1,0,127,65,62
PARMER COUNTY,369,15 Years,174,84,90,52,24,28,1,1,0,0,0,0,121,59,62
PARMER COUNTY,369,16 Years,172,86,86,54,25,29,1,0,1,1,0,1,116,61,55
PARMER COUNTY,369,17 Years,194,106,88,57,31,26,0,0,0,2,1,1,135,74,61
PARMER COUNTY,369,18 Years,179,92,87,54,27,27,1,1,0,1,0,1,123,64,59
PARMER COUNTY,369,19 Years,187,100,87,52,32,20,1,1,0,1,1,0,133,66,67
PARMER COUNTY,369,20 Years,165,91,74,44,26,18,2,1,1,1,1,0,118,63,55
PARMER COUNTY,369,21 Years,145,75,70,28,17,11,0,0,0,1,0,1,116,58,58
PARMER COUNTY,369,22 Years,136,71,65,27,12,15,2,0,2,2,1,1,105,58,47
PARMER COUNTY,369,23 Years,137,76,61,36,17,19,1,1,0,2,1,1,98,57,41
PARMER COUNTY,369,24 Years,120,68,52,31,16,15,1,0,1,0,0,0,88,52,36
PARMER COUNTY,369,25 Years,143,81,62,31,18,13,1,1,0,1,0,1,110,62,48
PARMER COUNTY,369,26 Years,129,77,52,32,20,12,1,1,0,2,1,1,94,55,39
PARMER COUNTY,369,27 Years,144,79,65,31,17,14,0,0,0,1,0,1,112,62,50
PARMER COUNTY,369,28 Years,142,73,69,40,17,23,2,2,0,1,0,1,99,54,45
PARMER COUNTY,369,29 Years,136,71,65,41,20,21,2,1,1,1,0,1,92,50,42
PARMER COUNTY,369,30 Years,128,66,62,39,19,20,0,0,0,1,1,0,88,46,42
PARMER COUNTY,369,31 Years,129,68,61,37,19,18,1,1,0,1,1,0,90,47,43
PARMER COUNTY,369,32 Years,139,71,68,31,16,15,0,0,0,1,1,0,107,54,53
PARMER COUNTY,369,33 Years,134,74,60,33,14,19,0,0,0,3,2,1,98,58,40
PARMER COUNTY,369,34 Years,112,54,58,36,16,20,0,0,0,1,0,1,75,38,37
PARMER COUNTY,369,35 Years,127,65,62,40,23,17,0,0,0,1,1,0,86,41,45
PARMER COUNTY,369,36 Years,112,62,50,33,17,16,0,0,0,0,0,0,79,45,34
PARMER COUNTY,369,37 Years,126,67,59,32,19,13,1,0,1,1,1,0,92,47,45
PARMER COUNTY,369,38 Years,129,65,64,39,19,20,1,1,0,2,1,1,87,44,43
PARMER COUNTY,369,39 Years,114,65,49,33,17,16,1,1,0,1,1,0,79,46,33
PARMER COUNTY,369,40 Years,118,58,60,38,16,22,0,0,0,1,0,1,79,42,37
PARMER COUNTY,369,41 Years,114,58,56,40,22,18,0,0,0,2,2,0,72,34,38
PARMER COUNTY,369,42 Years,130,73,57,39,23,16,2,0,2,2,1,1,87,49,38
PARMER COUNTY,369,43 Years,120,57,63,38,21,17,0,0,0,1,0,1,81,36,45
PARMER COUNTY,369,44 Years,107,51,56,31,11,20,2,1,1,0,0,0,74,39,35
PARMER COUNTY,369,45 Years,124,69,55,38,18,20,1,1,0,0,0,0,85,50,35
PARMER COUNTY,369,46 Years,137,70,67,49,22,27,0,0,0,2,1,1,86,47,39
PARMER COUNTY,369,47 Years,112,54,58,51,24,27,1,1,0,1,1,0,59,28,31
PARMER COUNTY,369,48 Years,138,65,73,59,23,36,3,1,2,2,2,0,74,39,35
PARMER COUNTY,369,49 Years,155,72,83,73,30,43,2,1,1,2,1,1,78,40,38
PARMER COUNTY,369,50 Years,139,68,71,62,30,32,2,2,0,1,1,0,74,35,39
PARMER COUNTY,369,51 Years,130,66,64,62,27,35,4,4,0,0,0,0,64,35,29
PARMER COUNTY,369,52 Years,133,69,64,72,39,33,1,1,0,1,0,1,59,29,30
PARMER COUNTY,369,53 Years,134,68,66,64,34,30,1,0,1,1,0,1,68,34,34
PARMER COUNTY,369,54 Years,126,66,60,64,32,32,2,1,1,0,0,0,60,33,27
PARMER COUNTY,369,55 Years,134,82,52,65,40,25,1,1,0,0,0,0,68,41,27
PARMER COUNTY,369,56 Years,125,69,56,58,33,25,1,0,1,0,0,0,66,36,30
PARMER COUNTY,369,57 Years,117,60,57,59,31,28,1,0,1,0,0,0,57,29,28
PARMER COUNTY,369,58 Years,106,54,52,51,29,22,1,0,1,0,0,0,54,25,29
PARMER COUNTY,369,59 Years,106,61,45,51,28,23,0,0,0,1,1,0,54,32,22
PARMER COUNTY,369,60 Years,104,49,55,60,25,35,0,0,0,1,0,1,43,24,19
PARMER COUNTY,369,61 Years,93,43,50,52,22,30,1,1,0,1,0,1,39,20,19
PARMER COUNTY,369,62 Years,97,46,51,60,30,30,1,1,0,2,1,1,34,14,20
PARMER COUNTY,369,63 Years,85,43,42,48,25,23,2,1,1,0,0,0,35,17,18
PARMER COUNTY,369,64 Years,96,52,44,54,32,22,2,0,2,1,0,1,39,20,19
PARMER COUNTY,369,65 Years,84,44,40,48,24,24,1,1,0,0,0,0,35,19,16
PARMER COUNTY,369,66 Years,74,39,35,44,22,22,0,0,0,0,0,0,30,17,13
PARMER COUNTY,369,67 Years,71,40,31,45,22,23,0,0,0,0,0,0,26,18,8
PARMER COUNTY,369,68 Years,68,35,33,45,24,21,0,0,0,0,0,0,23,11,12
PARMER COUNTY,369,69 Years,83,40,43,57,27,30,1,0,1,0,0,0,25,13,12
PARMER COUNTY,369,70 Years,63,30,33,45,21,24,1,1,0,1,0,1,16,8,8
PARMER COUNTY,369,71 Years,69,36,33,51,25,26,2,2,0,1,0,1,15,9,6
PARMER COUNTY,369,72 Years,59,28,31,44,20,24,3,3,0,1,1,0,11,4,7
PARMER COUNTY,369,73 Years,65,28,37,48,21,27,2,1,1,0,0,0,15,6,9
PARMER COUNTY,369,74 Years,48,25,23,34,18,16,3,1,2,1,0,1,10,6,4
PARMER COUNTY,369,75 Years,48,24,24,33,14,19,1,0,1,0,0,0,14,10,4
PARMER COUNTY,369,76 Years,59,27,32,41,21,20,0,0,0,0,0,0,18,6,12
PARMER COUNTY,369,77 Years,56,26,30,39,19,20,0,0,0,0,0,0,17,7,10
PARMER COUNTY,369,78 Years,51,22,29,34,15,19,1,0,1,0,0,0,16,7,9
PARMER COUNTY,369,79 Years,32,15,17,22,10,12,1,0,1,0,0,0,9,5,4
PARMER COUNTY,369,80 Years,38,15,23,33,13,20,1,0,1,0,0,0,4,2,2
PARMER COUNTY,369,81 Years,39,19,20,37,18,19,0,0,0,0,0,0,2,1,1
PARMER COUNTY,369,82 Years,29,11,18,23,8,15,0,0,0,0,0,0,6,3,3
PARMER COUNTY,369,83 Years,37,14,23,28,9,19,0,0,0,1,1,0,8,4,4
PARMER COUNTY,369,84 Years,34,15,19,28,11,17,0,0,0,0,0,0,6,4,2
PARMER COUNTY,369,85 Years +,155,57,98,133,46,87,2,0,2,1,1,0,19,10,9
PECOS COUNTY,371,All Ages,15597,8768,6829,4274,2526,1748,527,493,34,224,113,111,10572,5636,4936
PECOS COUNTY,371,< 1 Year,216,110,106,43,23,20,1,0,1,3,1,2,169,86,83
PECOS COUNTY,371,1 Years,232,118,114,39,20,19,0,0,0,5,3,2,188,95,93
PECOS COUNTY,371,2 Years,233,117,116,28,15,13,1,0,1,3,1,2,201,101,100
PECOS COUNTY,371,3 Years,240,117,123,33,17,16,2,2,0,3,1,2,202,97,105
PECOS COUNTY,371,4 Years,235,119,116,35,17,18,2,2,0,3,2,1,195,98,97
PECOS COUNTY,371,5 Years,230,132,98,36,22,14,1,0,1,3,0,3,190,110,80
PECOS COUNTY,371,6 Years,224,115,109,28,16,12,1,0,1,6,3,3,189,96,93
PECOS COUNTY,371,7 Years,226,111,115,29,16,13,1,0,1,4,2,2,192,93,99
PECOS COUNTY,371,8 Years,219,110,109,26,13,13,0,0,0,1,0,1,192,97,95
PECOS COUNTY,371,9 Years,185,90,95,24,10,14,1,0,1,0,0,0,160,80,80
PECOS COUNTY,371,10 Years,194,99,95,26,13,13,2,0,2,0,0,0,166,86,80
PECOS COUNTY,371,11 Years,200,106,94,33,17,16,3,3,0,1,0,1,163,86,77
PECOS COUNTY,371,12 Years,192,92,100,35,10,25,1,1,0,3,0,3,153,81,72
PECOS COUNTY,371,13 Years,208,111,97,32,17,15,1,1,0,2,1,1,173,92,81
PECOS COUNTY,371,14 Years,188,108,80,38,27,11,1,1,0,2,0,2,147,80,67
PECOS COUNTY,371,15 Years,191,96,95,33,17,16,1,0,1,2,0,2,155,79,76
PECOS COUNTY,371,16 Years,181,99,82,34,18,16,1,1,0,3,2,1,143,78,65
PECOS COUNTY,371,17 Years,210,94,116,42,19,23,1,1,0,2,1,1,165,73,92
PECOS COUNTY,371,18 Years,221,107,114,48,29,19,0,0,0,4,2,2,169,76,93
PECOS COUNTY,371,19 Years,226,120,106,37,17,20,4,2,2,1,0,1,184,101,83
PECOS COUNTY,371,20 Years,244,145,99,44,28,16,8,7,1,2,1,1,190,109,81
PECOS COUNTY,371,21 Years,192,112,80,42,26,16,7,7,0,1,1,0,142,78,64
PECOS COUNTY,371,22 Years,171,102,69,33,21,12,10,9,1,2,2,0,126,70,56
PECOS COUNTY,371,23 Years,201,114,87,42,31,11,7,7,0,1,1,0,151,75,76
PECOS COUNTY,371,24 Years,183,98,85,32,22,10,16,15,1,1,1,0,134,60,74
PECOS COUNTY,371,25 Years,180,109,71,30,22,8,14,14,0,6,4,2,130,69,61
PECOS COUNTY,371,26 Years,225,124,101,55,34,21,10,10,0,5,3,2,155,77,78
PECOS COUNTY,371,27 Years,207,123,84,41,24,17,16,15,1,3,1,2,147,83,64
PECOS COUNTY,371,28 Years,239,156,83,57,41,16,18,18,0,4,1,3,160,96,64
PECOS COUNTY,371,29 Years,239,155,84,58,42,16,8,8,0,1,0,1,172,105,67
PECOS COUNTY,371,30 Years,243,154,89,72,54,18,11,11,0,3,0,3,157,89,68
PECOS COUNTY,371,31 Years,248,160,88,67,48,19,15,15,0,5,4,1,161,93,68
PECOS COUNTY,371,32 Years,194,113,81,36,20,16,6,6,0,3,2,1,149,85,64
PECOS COUNTY,371,33 Years,221,144,77,53,38,15,13,12,1,1,1,0,154,93,61
PECOS COUNTY,371,34 Years,211,139,72,48,32,16,15,14,1,2,1,1,146,92,54
PECOS COUNTY,371,35 Years,201,129,72,47,33,14,13,12,1,3,1,2,138,83,55
PECOS COUNTY,371,36 Years,205,132,73,45,30,15,15,15,0,3,1,2,142,86,56
PECOS COUNTY,371,37 Years,216,137,79,46,32,14,15,14,1,6,3,3,149,88,61
PECOS COUNTY,371,38 Years,217,132,85,58,42,16,14,13,1,2,0,2,143,77,66
PECOS COUNTY,371,39 Years,261,167,94,70,50,20,17,17,0,1,0,1,173,100,73
PECOS COUNTY,371,40 Years,235,150,85,75,54,21,21,21,0,1,1,0,138,74,64
PECOS COUNTY,371,41 Years,216,131,85,74,52,22,17,16,1,2,1,1,123,62,61
PECOS COUNTY,371,42 Years,195,115,80,55,41,14,11,10,1,9,7,2,120,57,63
PECOS COUNTY,371,43 Years,202,120,82,55,36,19,11,11,0,6,4,2,130,69,61
PECOS COUNTY,371,44 Years,211,138,73,64,47,17,15,14,1,4,2,2,128,75,53
PECOS COUNTY,371,45 Years,186,117,69,51,37,14,7,6,1,3,3,0,125,71,54
PECOS COUNTY,371,46 Years,232,148,84,70,48,22,17,17,0,4,2,2,141,81,60
PECOS COUNTY,371,47 Years,235,151,84,78,54,24,15,13,2,3,2,1,139,82,57
PECOS COUNTY,371,48 Years,255,153,102,85,52,33,17,17,0,2,2,0,151,82,69
PECOS COUNTY,371,49 Years,217,120,97,96,54,42,12,12,0,2,1,1,107,53,54
PECOS COUNTY,371,50 Years,217,134,83,90,56,34,21,20,1,5,1,4,101,57,44
PECOS COUNTY,371,51 Years,232,141,91,94,56,38,10,10,0,5,1,4,123,74,49
PECOS COUNTY,371,52 Years,229,138,91,98,54,44,8,8,0,4,1,3,119,75,44
PECOS COUNTY,371,53 Years,224,123,101,85,47,38,7,7,0,3,2,1,129,67,62
PECOS COUNTY,371,54 Years,214,130,84,78,49,29,8,7,1,1,1,0,127,73,54
PECOS COUNTY,371,55 Years,219,132,87,82,51,31,6,5,1,3,2,1,128,74,54
PECOS COUNTY,371,56 Years,227,133,94,88,57,31,7,6,1,1,1,0,131,69,62
PECOS COUNTY,371,57 Years,204,102,102,89,51,38,7,7,0,0,0,0,108,44,64
PECOS COUNTY,371,58 Years,186,98,88,72,40,32,6,5,1,1,1,0,107,52,55
PECOS COUNTY,371,59 Years,177,92,85,64,33,31,6,6,0,4,3,1,103,50,53
PECOS COUNTY,371,60 Years,174,92,82,67,35,32,2,1,1,8,5,3,97,51,46
PECOS COUNTY,371,61 Years,172,98,74,62,36,26,2,1,1,4,3,1,104,58,46
PECOS COUNTY,371,62 Years,158,84,74,65,35,30,3,2,1,3,2,1,87,45,42
PECOS COUNTY,371,63 Years,140,73,67,55,32,23,4,4,0,3,1,2,78,36,42
PECOS COUNTY,371,64 Years,151,90,61,54,28,26,5,5,0,3,2,1,89,55,34
PECOS COUNTY,371,65 Years,160,88,72,65,34,31,1,1,0,2,1,1,92,52,40
PECOS COUNTY,371,66 Years,128,60,68,50,21,29,1,1,0,1,1,0,76,37,39
PECOS COUNTY,371,67 Years,123,66,57,43,25,18,1,1,0,1,0,1,78,40,38
PECOS COUNTY,371,68 Years,110,51,59,40,16,24,1,1,0,3,2,1,66,32,34
PECOS COUNTY,371,69 Years,103,49,54,40,20,20,1,1,0,2,2,0,60,26,34
PECOS COUNTY,371,70 Years,109,49,60,42,18,24,1,1,0,6,3,3,60,27,33
PECOS COUNTY,371,71 Years,104,48,56,37,16,21,0,0,0,3,1,2,64,31,33
PECOS COUNTY,371,72 Years,99,49,50,32,17,15,1,1,0,2,0,2,64,31,33
PECOS COUNTY,371,73 Years,91,38,53,28,10,18,1,1,0,2,1,1,60,26,34
PECOS COUNTY,371,74 Years,87,52,35,36,20,16,1,1,0,2,2,0,48,29,19
PECOS COUNTY,371,75 Years,84,52,32,35,22,13,0,0,0,0,0,0,49,30,19
PECOS COUNTY,371,76 Years,85,46,39,33,15,18,0,0,0,0,0,0,52,31,21
PECOS COUNTY,371,77 Years,70,34,36,29,13,16,0,0,0,0,0,0,41,21,20
PECOS COUNTY,371,78 Years,65,29,36,31,14,17,0,0,0,1,0,1,33,15,18
PECOS COUNTY,371,79 Years,69,33,36,30,16,14,0,0,0,2,0,2,37,17,20
PECOS COUNTY,371,80 Years,64,32,32,31,17,14,0,0,0,1,0,1,32,15,17
PECOS COUNTY,371,81 Years,53,21,32,22,9,13,0,0,0,0,0,0,31,12,19
PECOS COUNTY,371,82 Years,50,21,29,20,7,13,0,0,0,0,0,0,30,14,16
PECOS COUNTY,371,83 Years,49,24,25,18,6,12,0,0,0,1,0,1,30,18,12
PECOS COUNTY,371,84 Years,45,24,21,21,13,8,0,0,0,1,0,1,23,11,12
PECOS COUNTY,371,85 Years +,192,83,109,90,39,51,0,0,0,4,2,2,98,42,56
POLK COUNTY,373,All Ages,45985,24573,21412,32946,16839,16107,5220,3232,1988,1522,717,805,6297,3785,2512
POLK COUNTY,373,< 1 Year,487,240,247,327,162,165,46,21,25,22,10,12,92,47,45
POLK COUNTY,373,1 Years,501,257,244,334,171,163,44,22,22,21,11,10,102,53,49
POLK COUNTY,373,2 Years,515,263,252,313,163,150,67,36,31,27,12,15,108,52,56
POLK COUNTY,373,3 Years,498,254,244,291,148,143,53,30,23,29,11,18,125,65,60
POLK COUNTY,373,4 Years,546,279,267,335,182,153,55,24,31,34,13,21,122,60,62
POLK COUNTY,373,5 Years,550,305,245,343,195,148,53,29,24,27,16,11,127,65,62
POLK COUNTY,373,6 Years,527,273,254,333,170,163,59,34,25,28,13,15,107,56,51
POLK COUNTY,373,7 Years,491,251,240,313,154,159,56,31,25,21,11,10,101,55,46
POLK COUNTY,373,8 Years,519,284,235,341,185,156,51,23,28,23,14,9,104,62,42
POLK COUNTY,373,9 Years,513,270,243,327,173,154,56,29,27,33,17,16,97,51,46
POLK COUNTY,373,10 Years,530,251,279,340,156,184,57,33,24,34,15,19,99,47,52
POLK COUNTY,373,11 Years,545,282,263,349,183,166,71,32,39,28,15,13,97,52,45
POLK COUNTY,373,12 Years,556,284,272,349,182,167,72,35,37,30,17,13,105,50,55
POLK COUNTY,373,13 Years,556,292,264,365,193,172,61,34,27,24,10,14,106,55,51
POLK COUNTY,373,14 Years,553,283,270,353,177,176,63,34,29,32,14,18,105,58,47
POLK COUNTY,373,15 Years,548,270,278,344,165,179,70,35,35,28,12,16,106,58,48
POLK COUNTY,373,16 Years,569,294,275,357,177,180,64,37,27,34,16,18,114,64,50
POLK COUNTY,373,17 Years,560,299,261,361,186,175,65,36,29,30,14,16,104,63,41
POLK COUNTY,373,18 Years,576,297,279,377,188,189,69,44,25,25,14,11,105,51,54
POLK COUNTY,373,19 Years,535,278,257,348,172,176,60,35,25,23,13,10,104,58,46
POLK COUNTY,373,20 Years,553,305,248,340,185,155,62,38,24,26,12,14,125,70,55
POLK COUNTY,373,21 Years,545,306,239,329,179,150,84,53,31,19,9,10,113,65,48
POLK COUNTY,373,22 Years,487,295,192,302,170,132,66,47,19,10,6,4,109,72,37
POLK COUNTY,373,23 Years,484,289,195,281,153,128,74,50,24,17,12,5,112,74,38
POLK COUNTY,373,24 Years,506,298,208,316,166,150,68,50,18,17,8,9,105,74,31
POLK COUNTY,373,25 Years,536,308,228,337,181,156,74,47,27,18,11,7,107,69,38
POLK COUNTY,373,26 Years,506,300,206,304,175,129,78,50,28,18,7,11,106,68,38
POLK COUNTY,373,27 Years,516,313,203,322,182,140,69,50,19,13,8,5,112,73,39
POLK COUNTY,373,28 Years,524,318,206,333,187,146,78,61,17,11,4,7,102,66,36
POLK COUNTY,373,29 Years,513,322,191,314,188,126,79,55,24,13,6,7,107,73,34
POLK COUNTY,373,30 Years,520,310,210,302,163,139,77,54,23,14,8,6,127,85,42
POLK COUNTY,373,31 Years,545,346,199,322,187,135,93,72,21,17,10,7,113,77,36
POLK COUNTY,373,32 Years,554,343,211,339,191,148,92,65,27,16,10,6,107,77,30
POLK COUNTY,373,33 Years,510,297,213,325,171,154,81,58,23,12,5,7,92,63,29
POLK COUNTY,373,34 Years,492,292,200,283,149,134,92,65,27,18,9,9,99,69,30
POLK COUNTY,373,35 Years,502,301,201,302,169,133,87,56,31,19,10,9,94,66,28
POLK COUNTY,373,36 Years,541,334,207,342,194,148,80,59,21,11,5,6,108,76,32
POLK COUNTY,373,37 Years,562,331,231,348,182,166,92,65,27,16,7,9,106,77,29
POLK COUNTY,373,38 Years,539,332,207,312,170,142,94,73,21,17,9,8,116,80,36
POLK COUNTY,373,39 Years,543,344,199,314,176,138,97,75,22,13,6,7,119,87,32
POLK COUNTY,373,40 Years,565,328,237,365,195,170,80,63,17,15,8,7,105,62,43
POLK COUNTY,373,41 Years,597,344,253,395,221,174,85,62,23,18,7,11,99,54,45
POLK COUNTY,373,42 Years,584,363,221,384,221,163,82,64,18,18,8,10,100,70,30
POLK COUNTY,373,43 Years,564,345,219,376,209,167,80,64,16,17,7,10,91,65,26
POLK COUNTY,373,44 Years,566,325,241,386,207,179,90,67,23,15,6,9,75,45,30
POLK COUNTY,373,45 Years,573,322,251,389,201,188,87,66,21,22,10,12,75,45,30
POLK COUNTY,373,46 Years,606,344,262,395,213,182,87,61,26,16,6,10,108,64,44
POLK COUNTY,373,47 Years,647,369,278,465,244,221,70,47,23,16,8,8,96,70,26
POLK COUNTY,373,48 Years,651,360,291,469,242,227,89,60,29,22,9,13,71,49,22
POLK COUNTY,373,49 Years,633,342,291,443,224,219,108,72,36,22,12,10,60,34,26
POLK COUNTY,373,50 Years,626,330,296,463,236,227,88,53,35,18,10,8,57,31,26
POLK COUNTY,373,51 Years,659,348,311,486,250,236,87,53,34,18,6,12,68,39,29
POLK COUNTY,373,52 Years,652,339,313,477,235,242,76,46,30,19,6,13,80,52,28
POLK COUNTY,373,53 Years,653,330,323,486,241,245,75,36,39,18,8,10,74,45,29
POLK COUNTY,373,54 Years,670,353,317,514,261,253,86,51,35,14,7,7,56,34,22
POLK COUNTY,373,55 Years,685,371,314,535,279,256,81,53,28,22,8,14,47,31,16
POLK COUNTY,373,56 Years,677,358,319,513,259,254,81,50,31,24,11,13,59,38,21
POLK COUNTY,373,57 Years,685,355,330,529,264,265,86,53,33,21,9,12,49,29,20
POLK COUNTY,373,58 Years,654,337,317,517,259,258,67,35,32,15,9,6,55,34,21
POLK COUNTY,373,59 Years,617,314,303,496,251,245,49,21,28,18,9,9,54,33,21
POLK COUNTY,373,60 Years,627,312,315,507,252,255,58,29,29,18,8,10,44,23,21
POLK COUNTY,373,61 Years,613,304,309,496,239,257,62,34,28,13,8,5,42,23,19
POLK COUNTY,373,62 Years,601,283,318,497,231,266,54,24,30,16,5,11,34,23,11
POLK COUNTY,373,63 Years,619,313,306,526,259,267,43,23,20,14,8,6,36,23,13
POLK COUNTY,373,64 Years,629,324,305,541,277,264,42,25,17,18,7,11,28,15,13
POLK COUNTY,373,65 Years,625,293,332,545,254,291,36,19,17,16,4,12,28,16,12
POLK COUNTY,373,66 Years,585,272,313,500,232,268,40,19,21,14,6,8,31,15,16
POLK COUNTY,373,67 Years,590,264,326,510,226,284,36,18,18,14,5,9,30,15,15
POLK COUNTY,373,68 Years,588,294,294,519,257,262,26,13,13,14,7,7,29,17,12
POLK COUNTY,373,69 Years,573,292,281,504,257,247,27,12,15,15,8,7,27,15,12
POLK COUNTY,373,70 Years,548,272,276,480,237,243,33,17,16,14,8,6,21,10,11
POLK COUNTY,373,71 Years,504,246,258,440,214,226,30,13,17,14,7,7,20,12,8
POLK COUNTY,373,72 Years,482,235,247,431,210,221,25,12,13,11,5,6,15,8,7
POLK COUNTY,373,73 Years,457,218,239,407,190,217,25,15,10,9,4,5,16,9,7
POLK COUNTY,373,74 Years,439,225,214,391,198,193,26,14,12,11,7,4,11,6,5
POLK COUNTY,373,75 Years,402,190,212,359,172,187,22,11,11,8,3,5,13,4,9
POLK COUNTY,373,76 Years,374,179,195,338,164,174,20,10,10,6,2,4,10,3,7
POLK COUNTY,373,77 Years,351,173,178,327,163,164,15,7,8,2,1,1,7,2,5
POLK COUNTY,373,78 Years,308,150,158,279,137,142,14,5,9,8,4,4,7,4,3
POLK COUNTY,373,79 Years,315,158,157,274,135,139,25,12,13,4,2,2,12,9,3
POLK COUNTY,373,80 Years,272,143,129,239,126,113,16,8,8,8,2,6,9,7,2
POLK COUNTY,373,81 Years,255,116,139,234,106,128,9,5,4,4,0,4,8,5,3
POLK COUNTY,373,82 Years,231,101,130,212,94,118,12,4,8,4,2,2,3,1,2
POLK COUNTY,373,83 Years,203,93,110,180,83,97,16,6,10,4,2,2,3,2,1
POLK COUNTY,373,84 Years,208,101,107,187,91,96,9,6,3,6,2,4,6,2,4
POLK COUNTY,373,85 Years +,869,355,514,773,323,450,56,17,39,21,6,15,19,9,10
POTTER COUNTY,375,All Ages,123179,63036,60143,58564,28927,29637,12045,6959,5086,7750,3936,3814,44820,23214,21606
POTTER COUNTY,375,< 1 Year,2039,1050,989,740,392,348,216,111,105,173,91,82,910,456,454
POTTER COUNTY,375,1 Years,2044,1044,1000,789,405,384,166,84,82,130,67,63,959,488,471
POTTER COUNTY,375,2 Years,2074,1071,1003,723,385,338,189,82,107,144,72,72,1018,532,486
POTTER COUNTY,375,3 Years,2019,1002,1017,673,350,323,184,89,95,163,78,85,999,485,514
POTTER COUNTY,375,4 Years,2065,1056,1009,679,349,330,204,118,86,177,96,81,1005,493,512
POTTER COUNTY,375,5 Years,2068,1092,976,680,356,324,198,113,85,157,88,69,1033,535,498
POTTER COUNTY,375,6 Years,2038,1016,1022,646,345,301,189,90,99,162,75,87,1041,506,535
POTTER COUNTY,375,7 Years,1998,1023,975,663,341,322,198,98,100,150,73,77,987,511,476
POTTER COUNTY,375,8 Years,1994,1033,961,636,331,305,194,110,84,166,73,93,998,519,479
POTTER COUNTY,375,9 Years,1879,948,931,626,313,313,183,100,83,161,71,90,909,464,445
POTTER COUNTY,375,10 Years,1879,955,924,632,318,314,187,104,83,143,68,75,917,465,452
POTTER COUNTY,375,11 Years,1839,916,923,604,292,312,172,94,78,147,74,73,916,456,460
POTTER COUNTY,375,12 Years,1787,886,901,611,290,321,162,84,78,155,86,69,859,426,433
POTTER COUNTY,375,13 Years,1768,910,858,608,314,294,156,87,69,157,81,76,847,428,419
POTTER COUNTY,375,14 Years,1719,896,823,581,305,276,174,93,81,136,60,76,828,438,390
POTTER COUNTY,375,15 Years,1700,841,859,576,282,294,182,92,90,130,60,70,812,407,405
POTTER COUNTY,375,16 Years,1710,885,825,585,299,286,176,88,88,125,75,50,824,423,401
POTTER COUNTY,375,17 Years,1672,848,824,601,312,289,170,92,78,122,59,63,779,385,394
POTTER COUNTY,375,18 Years,1685,866,819,581,296,285,198,105,93,126,61,65,780,404,376
POTTER COUNTY,375,19 Years,1679,873,806,590,293,297,206,107,99,120,62,58,763,411,352
POTTER COUNTY,375,20 Years,1631,821,810,557,285,272,180,90,90,108,53,55,786,393,393
POTTER COUNTY,375,21 Years,1690,859,831,590,294,296,165,90,75,120,68,52,815,407,408
POTTER COUNTY,375,22 Years,1722,882,840,631,310,321,189,107,82,121,60,61,781,405,376
POTTER COUNTY,375,23 Years,1772,913,859,710,366,344,193,111,82,106,54,52,763,382,381
POTTER COUNTY,375,24 Years,1847,952,895,738,367,371,210,125,85,112,54,58,787,406,381
POTTER COUNTY,375,25 Years,1817,946,871,770,380,390,202,122,80,103,52,51,742,392,350
POTTER COUNTY,375,26 Years,1935,976,959,876,403,473,185,118,67,117,59,58,757,396,361
POTTER COUNTY,375,27 Years,1964,990,974,873,399,474,186,115,71,119,61,58,786,415,371
POTTER COUNTY,375,28 Years,1939,1025,914,846,416,430,207,132,75,110,60,50,776,417,359
POTTER COUNTY,375,29 Years,1974,1079,895,872,452,420,212,137,75,115,63,52,775,427,348
POTTER COUNTY,375,30 Years,1980,1068,912,890,475,415,206,134,72,115,57,58,769,402,367
POTTER COUNTY,375,31 Years,1873,955,918,860,420,440,191,123,68,115,54,61,707,358,349
POTTER COUNTY,375,32 Years,1813,954,859,792,394,398,194,127,67,116,54,62,711,379,332
POTTER COUNTY,375,33 Years,1686,921,765,723,367,356,205,143,62,93,40,53,665,371,294
POTTER COUNTY,375,34 Years,1652,877,775,753,376,377,167,119,48,105,52,53,627,330,297
POTTER COUNTY,375,35 Years,1609,895,714,729,400,329,165,112,53,104,51,53,611,332,279
POTTER COUNTY,375,36 Years,1582,860,722,706,374,332,161,105,56,115,65,50,600,316,284
POTTER COUNTY,375,37 Years,1550,834,716,649,332,317,176,119,57,106,54,52,619,329,290
POTTER COUNTY,375,38 Years,1502,835,667,644,327,317,161,110,51,114,60,54,583,338,245
POTTER COUNTY,375,39 Years,1485,803,682,662,332,330,147,106,41,112,64,48,564,301,263
POTTER COUNTY,375,40 Years,1555,847,708,682,349,333,182,124,58,123,72,51,568,302,266
POTTER COUNTY,375,41 Years,1564,860,704,721,388,333,188,130,58,111,59,52,544,283,261
POTTER COUNTY,375,42 Years,1623,876,747,772,403,369,168,115,53,100,45,55,583,313,270
POTTER COUNTY,375,43 Years,1536,821,715,706,354,352,177,122,55,86,42,44,567,303,264
POTTER COUNTY,375,44 Years,1485,794,691,681,339,342,154,102,52,101,54,47,549,299,250
POTTER COUNTY,375,45 Years,1455,818,637,671,367,304,161,108,53,101,53,48,522,290,232
POTTER COUNTY,375,46 Years,1527,858,669,726,376,350,180,126,54,89,47,42,532,309,223
POTTER COUNTY,375,47 Years,1649,910,739,798,420,378,207,135,72,90,48,42,554,307,247
POTTER COUNTY,375,48 Years,1635,894,741,862,475,387,179,106,73,100,52,48,494,261,233
POTTER COUNTY,375,49 Years,1595,851,744,879,473,406,171,90,81,85,46,39,460,242,218
POTTER COUNTY,375,50 Years,1617,836,781,904,456,448,177,107,70,77,37,40,459,236,223
POTTER COUNTY,375,51 Years,1615,851,764,922,476,446,172,104,68,80,40,40,441,231,210
POTTER COUNTY,375,52 Years,1663,883,780,988,510,478,159,87,72,84,47,37,432,239,193
POTTER COUNTY,375,53 Years,1629,876,753,951,497,454,165,105,60,86,43,43,427,231,196
POTTER COUNTY,375,54 Years,1580,821,759,948,469,479,154,99,55,73,38,35,405,215,190
POTTER COUNTY,375,55 Years,1557,783,774,943,460,483,157,89,68,75,40,35,382,194,188
POTTER COUNTY,375,56 Years,1614,861,753,1015,536,479,151,88,63,69,36,33,379,201,178
POTTER COUNTY,375,57 Years,1541,793,748,981,500,481,144,83,61,76,37,39,340,173,167
POTTER COUNTY,375,58 Years,1381,717,664,887,450,437,121,68,53,76,41,35,297,158,139
POTTER COUNTY,375,59 Years,1348,690,658,875,436,439,115,62,53,76,40,36,282,152,130
POTTER COUNTY,375,60 Years,1264,640,624,841,419,422,105,50,55,64,31,33,254,140,114
POTTER COUNTY,375,61 Years,1210,618,592,796,393,403,107,58,49,57,33,24,250,134,116
POTTER COUNTY,375,62 Years,1139,592,547,721,360,361,95,51,44,64,39,25,259,142,117
POTTER COUNTY,375,63 Years,1090,541,549,698,347,351,101,46,55,71,37,34,220,111,109
POTTER COUNTY,375,64 Years,1058,509,549,723,357,366,86,40,46,52,26,26,197,86,111
POTTER COUNTY,375,65 Years,1025,497,528,723,339,384,74,37,37,46,27,19,182,94,88
POTTER COUNTY,375,66 Years,865,399,466,567,256,311,61,31,30,51,29,22,186,83,103
POTTER COUNTY,375,67 Years,794,383,411,525,249,276,66,34,32,49,24,25,154,76,78
POTTER COUNTY,375,68 Years,797,389,408,562,276,286,51,24,27,46,20,26,138,69,69
POTTER COUNTY,375,69 Years,716,337,379,515,246,269,55,21,34,36,18,18,110,52,58
POTTER COUNTY,375,70 Years,687,334,353,504,236,268,52,24,28,29,17,12,102,57,45
POTTER COUNTY,375,71 Years,679,326,353,485,235,250,41,20,21,26,11,15,127,60,67
POTTER COUNTY,375,72 Years,628,280,348,469,211,258,33,14,19,24,12,12,102,43,59
POTTER COUNTY,375,73 Years,578,253,325,438,187,251,31,15,16,23,11,12,86,40,46
POTTER COUNTY,375,74 Years,547,246,301,414,180,234,28,13,15,24,13,11,81,40,41
POTTER COUNTY,375,75 Years,526,211,315,404,159,245,31,13,18,20,8,12,71,31,40
POTTER COUNTY,375,76 Years,489,206,283,362,158,204,33,13,20,18,4,14,76,31,45
POTTER COUNTY,375,77 Years,492,210,282,379,164,215,31,12,19,13,5,8,69,29,40
POTTER COUNTY,375,78 Years,463,194,269,356,153,203,32,10,22,12,6,6,63,25,38
POTTER COUNTY,375,79 Years,436,183,253,348,143,205,24,9,15,11,7,4,53,24,29
POTTER COUNTY,375,80 Years,436,181,255,339,136,203,28,13,15,14,5,9,55,27,28
POTTER COUNTY,375,81 Years,380,145,235,293,110,183,24,8,16,10,3,7,53,24,29
POTTER COUNTY,375,82 Years,371,157,214,288,123,165,19,8,11,11,4,7,53,22,31
POTTER COUNTY,375,83 Years,338,135,203,267,101,166,21,11,10,8,5,3,42,18,24
POTTER COUNTY,375,84 Years,317,127,190,252,95,157,17,7,10,6,4,2,42,21,21
POTTER COUNTY,375,85 Years +,2006,647,1359,1688,523,1165,111,41,70,37,15,22,170,68,102
PRESIDIO COUNTY,377,All Ages,7949,3887,4062,1139,601,538,31,22,9,129,69,60,6650,3195,3455
PRESIDIO COUNTY,377,< 1 Year,107,54,53,8,4,4,0,0,0,1,1,0,98,49,49
PRESIDIO COUNTY,377,1 Years,119,60,59,11,5,6,0,0,0,1,1,0,107,54,53
PRESIDIO COUNTY,377,2 Years,111,58,53,12,5,7,1,1,0,2,1,1,96,51,45
PRESIDIO COUNTY,377,3 Years,108,57,51,13,7,6,1,0,1,3,1,2,91,49,42
PRESIDIO COUNTY,377,4 Years,122,66,56,19,12,7,1,0,1,4,3,1,98,51,47
PRESIDIO COUNTY,377,5 Years,112,56,56,7,5,2,1,1,0,2,1,1,102,49,53
PRESIDIO COUNTY,377,6 Years,112,56,56,14,8,6,0,0,0,1,0,1,97,48,49
PRESIDIO COUNTY,377,7 Years,115,62,53,11,7,4,1,1,0,0,0,0,103,54,49
PRESIDIO COUNTY,377,8 Years,113,66,47,9,5,4,1,1,0,5,2,3,98,58,40
PRESIDIO COUNTY,377,9 Years,119,64,55,14,11,3,0,0,0,6,4,2,99,49,50
PRESIDIO COUNTY,377,10 Years,102,58,44,9,6,3,1,1,0,3,3,0,89,48,41
PRESIDIO COUNTY,377,11 Years,126,72,54,7,5,2,1,1,0,1,1,0,117,65,52
PRESIDIO COUNTY,377,12 Years,127,65,62,4,2,2,1,1,0,3,1,2,119,61,58
PRESIDIO COUNTY,377,13 Years,137,75,62,7,4,3,1,1,0,4,3,1,125,67,58
PRESIDIO COUNTY,377,14 Years,146,79,67,12,5,7,1,1,0,3,2,1,130,71,59
PRESIDIO COUNTY,377,15 Years,132,68,64,9,3,6,1,0,1,3,2,1,119,63,56
PRESIDIO COUNTY,377,16 Years,139,63,76,8,2,6,1,1,0,3,2,1,127,58,69
PRESIDIO COUNTY,377,17 Years,154,78,76,5,4,1,1,1,0,1,1,0,147,72,75
PRESIDIO COUNTY,377,18 Years,142,80,62,3,2,1,0,0,0,4,1,3,135,77,58
PRESIDIO COUNTY,377,19 Years,137,79,58,8,2,6,1,0,1,4,3,1,124,74,50
PRESIDIO COUNTY,377,20 Years,118,69,49,6,4,2,0,0,0,1,0,1,111,65,46
PRESIDIO COUNTY,377,21 Years,103,55,48,1,1,0,0,0,0,1,1,0,101,53,48
PRESIDIO COUNTY,377,22 Years,81,38,43,2,1,1,1,0,1,1,1,0,77,36,41
PRESIDIO COUNTY,377,23 Years,61,34,27,6,3,3,1,0,1,0,0,0,54,31,23
PRESIDIO COUNTY,377,24 Years,62,33,29,10,7,3,0,0,0,0,0,0,52,26,26
PRESIDIO COUNTY,377,25 Years,75,43,32,14,11,3,2,2,0,0,0,0,59,30,29
PRESIDIO COUNTY,377,26 Years,87,37,50,12,6,6,1,1,0,0,0,0,74,30,44
PRESIDIO COUNTY,377,27 Years,78,34,44,22,11,11,0,0,0,0,0,0,56,23,33
PRESIDIO COUNTY,377,28 Years,74,29,45,18,8,10,0,0,0,0,0,0,56,21,35
PRESIDIO COUNTY,377,29 Years,64,24,40,13,6,7,0,0,0,0,0,0,51,18,33
PRESIDIO COUNTY,377,30 Years,68,28,40,15,7,8,1,0,1,1,0,1,51,21,30
PRESIDIO COUNTY,377,31 Years,78,34,44,16,8,8,1,1,0,0,0,0,61,25,36
PRESIDIO COUNTY,377,32 Years,78,36,42,15,9,6,0,0,0,0,0,0,63,27,36
PRESIDIO COUNTY,377,33 Years,70,29,41,10,5,5,0,0,0,3,2,1,57,22,35
PRESIDIO COUNTY,377,34 Years,63,29,34,11,8,3,0,0,0,3,1,2,49,20,29
PRESIDIO COUNTY,377,35 Years,71,32,39,11,6,5,2,2,0,2,0,2,56,24,32
PRESIDIO COUNTY,377,36 Years,85,39,46,11,5,6,1,1,0,3,2,1,70,31,39
PRESIDIO COUNTY,377,37 Years,87,36,51,9,4,5,0,0,0,6,2,4,72,30,42
PRESIDIO COUNTY,377,38 Years,84,31,53,10,6,4,0,0,0,5,1,4,69,24,45
PRESIDIO COUNTY,377,39 Years,86,38,48,17,7,10,0,0,0,2,1,1,67,30,37
PRESIDIO COUNTY,377,40 Years,105,55,50,21,10,11,0,0,0,4,4,0,80,41,39
PRESIDIO COUNTY,377,41 Years,105,44,61,18,8,10,0,0,0,1,1,0,86,35,51
PRESIDIO COUNTY,377,42 Years,103,44,59,19,11,8,0,0,0,4,1,3,80,32,48
PRESIDIO COUNTY,377,43 Years,101,45,56,19,11,8,0,0,0,2,1,1,80,33,47
PRESIDIO COUNTY,377,44 Years,100,46,54,17,9,8,0,0,0,4,2,2,79,35,44
PRESIDIO COUNTY,377,45 Years,87,41,46,10,6,4,1,1,0,1,0,1,75,34,41
PRESIDIO COUNTY,377,46 Years,94,43,51,15,9,6,0,0,0,0,0,0,79,34,45
PRESIDIO COUNTY,377,47 Years,91,44,47,9,5,4,0,0,0,2,2,0,80,37,43
PRESIDIO COUNTY,377,48 Years,101,53,48,9,6,3,0,0,0,0,0,0,92,47,45
PRESIDIO COUNTY,377,49 Years,98,47,51,15,7,8,0,0,0,0,0,0,83,40,43
PRESIDIO COUNTY,377,50 Years,98,44,54,16,8,8,0,0,0,1,0,1,81,36,45
PRESIDIO COUNTY,377,51 Years,99,45,54,12,5,7,0,0,0,2,0,2,85,40,45
PRESIDIO COUNTY,377,52 Years,87,42,45,12,8,4,1,1,0,1,0,1,73,33,40
PRESIDIO COUNTY,377,53 Years,76,36,40,12,6,6,1,1,0,1,1,0,62,28,34
PRESIDIO COUNTY,377,54 Years,83,39,44,17,7,10,0,0,0,1,1,0,65,31,34
PRESIDIO COUNTY,377,55 Years,109,56,53,28,15,13,0,0,0,1,1,0,80,40,40
PRESIDIO COUNTY,377,56 Years,94,41,53,16,9,7,0,0,0,2,0,2,76,32,44
PRESIDIO COUNTY,377,57 Years,85,38,47,20,12,8,1,1,0,1,0,1,63,25,38
PRESIDIO COUNTY,377,58 Years,93,42,51,17,11,6,0,0,0,0,0,0,76,31,45
PRESIDIO COUNTY,377,59 Years,97,46,51,20,10,10,0,0,0,1,1,0,76,35,41
PRESIDIO COUNTY,377,60 Years,99,37,62,19,7,12,0,0,0,1,1,0,79,29,50
PRESIDIO COUNTY,377,61 Years,92,45,47,18,7,11,0,0,0,4,4,0,70,34,36
PRESIDIO COUNTY,377,62 Years,94,49,45,20,10,10,1,0,1,1,1,0,72,38,34
PRESIDIO COUNTY,377,63 Years,101,52,49,28,14,14,1,0,1,1,0,1,71,38,33
PRESIDIO COUNTY,377,64 Years,102,54,48,31,18,13,0,0,0,3,2,1,68,34,34
PRESIDIO COUNTY,377,65 Years,110,56,54,25,15,10,0,0,0,3,1,2,82,40,42
PRESIDIO COUNTY,377,66 Years,77,37,40,22,14,8,0,0,0,0,0,0,55,23,32
PRESIDIO COUNTY,377,67 Years,75,36,39,16,10,6,0,0,0,1,0,1,58,26,32
PRESIDIO COUNTY,377,68 Years,72,40,32,12,7,5,0,0,0,1,0,1,59,33,26
PRESIDIO COUNTY,377,69 Years,89,44,45,19,6,13,0,0,0,1,0,1,69,38,31
PRESIDIO COUNTY,377,70 Years,80,37,43,17,9,8,0,0,0,0,0,0,63,28,35
PRESIDIO COUNTY,377,71 Years,77,27,50,7,4,3,0,0,0,0,0,0,70,23,47
PRESIDIO COUNTY,377,72 Years,64,27,37,8,4,4,0,0,0,1,0,1,55,23,32
PRESIDIO COUNTY,377,73 Years,70,34,36,12,6,6,0,0,0,0,0,0,58,28,30
PRESIDIO COUNTY,377,74 Years,71,39,32,11,7,4,0,0,0,0,0,0,60,32,28
PRESIDIO COUNTY,377,75 Years,62,34,28,11,7,4,0,0,0,0,0,0,51,27,24
PRESIDIO COUNTY,377,76 Years,62,27,35,9,4,5,0,0,0,0,0,0,53,23,30
PRESIDIO COUNTY,377,77 Years,66,37,29,11,6,5,0,0,0,0,0,0,55,31,24
PRESIDIO COUNTY,377,78 Years,59,34,25,14,8,6,0,0,0,0,0,0,45,26,19
PRESIDIO COUNTY,377,79 Years,45,20,25,11,4,7,0,0,0,0,0,0,34,16,18
PRESIDIO COUNTY,377,80 Years,39,18,21,7,3,4,0,0,0,0,0,0,32,15,17
PRESIDIO COUNTY,377,81 Years,46,21,25,6,1,5,0,0,0,1,1,0,39,19,20
PRESIDIO COUNTY,377,82 Years,47,25,22,5,1,4,0,0,0,0,0,0,42,24,18
PRESIDIO COUNTY,377,83 Years,41,18,23,8,2,6,0,0,0,0,0,0,33,16,17
PRESIDIO COUNTY,377,84 Years,43,16,27,9,5,4,0,0,0,0,0,0,34,11,23
PRESIDIO COUNTY,377,85 Years +,207,88,119,42,22,20,0,0,0,0,0,0,165,66,99
RAINS COUNTY,379,All Ages,11259,5651,5608,9823,4900,4923,254,136,118,287,142,145,895,473,422
RAINS COUNTY,379,< 1 Year,107,60,47,85,46,39,2,1,1,4,3,1,16,10,6
RAINS COUNTY,379,1 Years,112,59,53,90,47,43,2,1,1,4,3,1,16,8,8
RAINS COUNTY,379,2 Years,112,60,52,90,46,44,1,0,1,5,2,3,16,12,4
RAINS COUNTY,379,3 Years,112,63,49,87,47,40,4,4,0,6,3,3,15,9,6
RAINS COUNTY,379,4 Years,109,66,43,87,50,37,2,2,0,3,2,1,17,12,5
RAINS COUNTY,379,5 Years,126,63,63,99,48,51,0,0,0,2,0,2,25,15,10
RAINS COUNTY,379,6 Years,120,58,62,95,44,51,1,1,0,3,2,1,21,11,10
RAINS COUNTY,379,7 Years,112,59,53,94,51,43,5,2,3,1,1,0,12,5,7
RAINS COUNTY,379,8 Years,114,63,51,96,52,44,2,2,0,3,2,1,13,7,6
RAINS COUNTY,379,9 Years,117,65,52,87,46,41,1,1,0,7,6,1,22,12,10
RAINS COUNTY,379,10 Years,116,54,62,95,44,51,1,0,1,4,3,1,16,7,9
RAINS COUNTY,379,11 Years,131,64,67,109,53,56,1,1,0,5,3,2,16,7,9
RAINS COUNTY,379,12 Years,136,64,72,100,46,54,4,2,2,7,4,3,25,12,13
RAINS COUNTY,379,13 Years,145,73,72,109,54,55,5,2,3,7,4,3,24,13,11
RAINS COUNTY,379,14 Years,177,91,86,140,72,68,6,3,3,6,3,3,25,13,12
RAINS COUNTY,379,15 Years,166,95,71,137,80,57,5,3,2,6,3,3,18,9,9
RAINS COUNTY,379,16 Years,165,95,70,131,79,52,3,1,2,4,3,1,27,12,15
RAINS COUNTY,379,17 Years,159,93,66,123,74,49,3,1,2,7,4,3,26,14,12
RAINS COUNTY,379,18 Years,154,76,78,121,58,63,4,1,3,8,4,4,21,13,8
RAINS COUNTY,379,19 Years,151,82,69,115,61,54,4,1,3,8,3,5,24,17,7
RAINS COUNTY,379,20 Years,146,82,64,116,66,50,3,1,2,7,4,3,20,11,9
RAINS COUNTY,379,21 Years,113,60,53,92,48,44,2,2,0,3,2,1,16,8,8
RAINS COUNTY,379,22 Years,101,53,48,82,41,41,2,1,1,2,1,1,15,10,5
RAINS COUNTY,379,23 Years,98,57,41,83,50,33,1,0,1,3,1,2,11,6,5
RAINS COUNTY,379,24 Years,95,53,42,78,44,34,2,0,2,2,1,1,13,8,5
RAINS COUNTY,379,25 Years,89,42,47,76,33,43,0,0,0,1,0,1,12,9,3
RAINS COUNTY,379,26 Years,98,47,51,79,35,44,0,0,0,2,0,2,17,12,5
RAINS COUNTY,379,27 Years,102,50,52,81,40,41,0,0,0,4,2,2,17,8,9
RAINS COUNTY,379,28 Years,89,46,43,72,40,32,4,3,1,3,1,2,10,2,8
RAINS COUNTY,379,29 Years,97,42,55,82,34,48,1,1,0,2,1,1,12,6,6
RAINS COUNTY,379,30 Years,107,53,54,88,42,46,2,1,1,2,1,1,15,9,6
RAINS COUNTY,379,31 Years,98,51,47,83,43,40,0,0,0,3,1,2,12,7,5
RAINS COUNTY,379,32 Years,91,48,43,69,35,34,4,4,0,2,1,1,16,8,8
RAINS COUNTY,379,33 Years,100,51,49,88,48,40,3,1,2,0,0,0,9,2,7
RAINS COUNTY,379,34 Years,93,50,43,80,43,37,2,1,1,1,0,1,10,6,4
RAINS COUNTY,379,35 Years,118,59,59,102,51,51,2,2,0,3,1,2,11,5,6
RAINS COUNTY,379,36 Years,117,50,67,98,45,53,5,2,3,4,1,3,10,2,8
RAINS COUNTY,379,37 Years,112,51,61,89,40,49,4,3,1,4,1,3,15,7,8
RAINS COUNTY,379,38 Years,106,52,54,93,46,47,2,1,1,2,1,1,9,4,5
RAINS COUNTY,379,39 Years,114,56,58,97,49,48,4,3,1,2,1,1,11,3,8
RAINS COUNTY,379,40 Years,123,58,65,100,46,54,6,3,3,2,2,0,15,7,8
RAINS COUNTY,379,41 Years,148,69,79,127,58,69,5,1,4,2,1,1,14,9,5
RAINS COUNTY,379,42 Years,137,69,68,121,61,60,2,0,2,4,2,2,10,6,4
RAINS COUNTY,379,43 Years,125,66,59,111,58,53,1,0,1,5,3,2,8,5,3
RAINS COUNTY,379,44 Years,125,60,65,108,52,56,3,2,1,5,1,4,9,5,4
RAINS COUNTY,379,45 Years,150,73,77,129,65,64,4,3,1,4,0,4,13,5,8
RAINS COUNTY,379,46 Years,146,69,77,126,58,68,2,1,1,4,1,3,14,9,5
RAINS COUNTY,379,47 Years,139,68,71,118,56,62,2,1,1,4,3,1,15,8,7
RAINS COUNTY,379,48 Years,145,69,76,131,63,68,2,2,0,1,1,0,11,3,8
RAINS COUNTY,379,49 Years,162,80,82,147,71,76,7,5,2,2,1,1,6,3,3
RAINS COUNTY,379,50 Years,161,85,76,145,79,66,2,2,0,6,2,4,8,2,6
RAINS COUNTY,379,51 Years,164,80,84,151,75,76,3,0,3,4,1,3,6,4,2
RAINS COUNTY,379,52 Years,169,87,82,157,82,75,1,0,1,4,1,3,7,4,3
RAINS COUNTY,379,53 Years,190,95,95,178,86,92,2,2,0,3,1,2,7,6,1
RAINS COUNTY,379,54 Years,187,90,97,167,81,86,6,2,4,6,3,3,8,4,4
RAINS COUNTY,379,55 Years,191,94,97,167,81,86,5,3,2,9,6,3,10,4,6
RAINS COUNTY,379,56 Years,171,81,90,153,72,81,5,3,2,6,4,2,7,2,5
RAINS COUNTY,379,57 Years,143,68,75,129,61,68,4,2,2,4,2,2,6,3,3
RAINS COUNTY,379,58 Years,158,71,87,146,66,80,6,2,4,2,1,1,4,2,2
RAINS COUNTY,379,59 Years,173,83,90,158,75,83,8,4,4,4,3,1,3,1,2
RAINS COUNTY,379,60 Years,171,84,87,156,73,83,6,4,2,5,3,2,4,4,0
RAINS COUNTY,379,61 Years,168,77,91,156,69,87,5,4,1,5,2,3,2,2,0
RAINS COUNTY,379,62 Years,173,87,86,165,81,84,4,4,0,2,1,1,2,1,1
RAINS COUNTY,379,63 Years,190,90,100,177,86,91,6,3,3,2,0,2,5,1,4
RAINS COUNTY,379,64 Years,201,89,112,192,87,105,3,0,3,1,0,1,5,2,3
RAINS COUNTY,379,65 Years,218,111,107,203,101,102,6,5,1,7,3,4,2,2,0
RAINS COUNTY,379,66 Years,161,79,82,148,74,74,6,4,2,4,1,3,3,0,3
RAINS COUNTY,379,67 Years,168,87,81,162,84,78,4,2,2,1,1,0,1,0,1
RAINS COUNTY,379,68 Years,173,89,84,169,88,81,2,1,1,1,0,1,1,0,1
RAINS COUNTY,379,69 Years,170,83,87,165,82,83,1,0,1,1,0,1,3,1,2
RAINS COUNTY,379,70 Years,169,84,85,158,81,77,3,1,2,4,2,2,4,0,4
RAINS COUNTY,379,71 Years,145,80,65,133,72,61,3,0,3,4,4,0,5,4,1
RAINS COUNTY,379,72 Years,127,65,62,121,60,61,3,2,1,1,1,0,2,2,0
RAINS COUNTY,379,73 Years,127,58,69,125,56,69,1,1,0,1,1,0,0,0,0
RAINS COUNTY,379,74 Years,120,51,69,115,48,67,3,2,1,1,0,1,1,1,0
RAINS COUNTY,379,75 Years,108,52,56,101,49,52,4,2,2,1,0,1,2,1,1
RAINS COUNTY,379,76 Years,111,63,48,106,59,47,2,1,1,2,2,0,1,1,0
RAINS COUNTY,379,77 Years,100,58,42,97,55,42,2,2,0,0,0,0,1,1,0
RAINS COUNTY,379,78 Years,81,44,37,78,42,36,1,0,1,0,0,0,2,2,0
RAINS COUNTY,379,79 Years,69,35,34,60,31,29,3,1,2,2,1,1,4,2,2
RAINS COUNTY,379,80 Years,66,32,34,63,32,31,2,0,2,0,0,0,1,0,1
RAINS COUNTY,379,81 Years,62,35,27,60,35,25,1,0,1,0,0,0,1,0,1
RAINS COUNTY,379,82 Years,57,24,33,53,24,29,0,0,0,3,0,3,1,0,1
RAINS COUNTY,379,83 Years,50,22,28,45,19,26,1,1,0,2,1,1,2,1,1
RAINS COUNTY,379,84 Years,45,22,23,43,21,22,1,1,0,0,0,0,1,0,1
RAINS COUNTY,379,85 Years +,197,79,118,185,74,111,6,2,4,4,1,3,2,2,0
RANDALL COUNTY,381,All Ages,126397,61646,64751,97400,47000,50400,2927,1640,1287,4236,2155,2081,21834,10851,10983
RANDALL COUNTY,381,< 1 Year,1649,846,803,1178,610,568,45,20,25,63,33,30,363,183,180
RANDALL COUNTY,381,1 Years,1646,840,806,1153,587,566,38,19,19,54,30,24,401,204,197
RANDALL COUNTY,381,2 Years,1626,839,787,1076,554,522,36,16,20,78,46,32,436,223,213
RANDALL COUNTY,381,3 Years,1711,893,818,1119,588,531,43,19,24,89,49,40,460,237,223
RANDALL COUNTY,381,4 Years,1689,859,830,1088,547,541,43,21,22,104,53,51,454,238,216
RANDALL COUNTY,381,5 Years,1749,884,865,1138,577,561,50,21,29,88,47,41,473,239,234
RANDALL COUNTY,381,6 Years,1754,895,859,1118,567,551,53,28,25,86,39,47,497,261,236
RANDALL COUNTY,381,7 Years,1778,903,875,1153,577,576,49,27,22,85,46,39,491,253,238
RANDALL COUNTY,381,8 Years,1774,881,893,1187,600,587,40,20,20,78,35,43,469,226,243
RANDALL COUNTY,381,9 Years,1764,906,858,1196,625,571,48,23,25,80,41,39,440,217,223
RANDALL COUNTY,381,10 Years,1731,893,838,1173,610,563,46,23,23,70,36,34,442,224,218
RANDALL COUNTY,381,11 Years,1767,911,856,1202,617,585,54,33,21,71,37,34,440,224,216
RANDALL COUNTY,381,12 Years,1765,900,865,1190,593,597,55,29,26,67,32,35,453,246,207
RANDALL COUNTY,381,13 Years,1789,911,878,1193,593,600,62,28,34,65,33,32,469,257,212
RANDALL COUNTY,381,14 Years,1762,885,877,1194,595,599,49,23,26,76,37,39,443,230,213
RANDALL COUNTY,381,15 Years,1789,923,866,1224,636,588,48,23,25,70,34,36,447,230,217
RANDALL COUNTY,381,16 Years,1778,919,859,1219,634,585,49,27,22,84,43,41,426,215,211
RANDALL COUNTY,381,17 Years,1763,927,836,1223,650,573,54,33,21,69,38,31,417,206,211
RANDALL COUNTY,381,18 Years,1950,983,967,1327,658,669,68,38,30,69,35,34,486,252,234
RANDALL COUNTY,381,19 Years,2264,1105,1159,1599,764,835,90,51,39,87,52,35,488,238,250
RANDALL COUNTY,381,20 Years,2125,1037,1088,1479,707,772,82,47,35,69,33,36,495,250,245
RANDALL COUNTY,381,21 Years,2078,1031,1047,1451,709,742,76,42,34,67,37,30,484,243,241
RANDALL COUNTY,381,22 Years,1919,914,1005,1345,627,718,63,35,28,76,41,35,435,211,224
RANDALL COUNTY,381,23 Years,1778,861,917,1260,594,666,57,33,24,83,55,28,378,179,199
RANDALL COUNTY,381,24 Years,1607,823,784,1142,580,562,49,29,20,57,34,23,359,180,179
RANDALL COUNTY,381,25 Years,1600,840,760,1116,595,521,44,20,24,68,37,31,372,188,184
RANDALL COUNTY,381,26 Years,1674,849,825,1201,597,604,43,29,14,70,40,30,360,183,177
RANDALL COUNTY,381,27 Years,1729,875,854,1224,604,620,54,37,17,69,37,32,382,197,185
RANDALL COUNTY,381,28 Years,1717,854,863,1231,616,615,57,34,23,58,30,28,371,174,197
RANDALL COUNTY,381,29 Years,1738,847,891,1258,621,637,59,35,24,53,22,31,368,169,199
RANDALL COUNTY,381,30 Years,1684,800,884,1226,574,652,46,27,19,56,26,30,356,173,183
RANDALL COUNTY,381,31 Years,1768,835,933,1298,595,703,54,32,22,63,28,35,353,180,173
RANDALL COUNTY,381,32 Years,1807,898,909,1349,672,677,52,28,24,58,28,30,348,170,178
RANDALL COUNTY,381,33 Years,1697,864,833,1272,640,632,46,33,13,47,25,22,332,166,166
RANDALL COUNTY,381,34 Years,1670,831,839,1238,611,627,46,32,14,56,28,28,330,160,170
RANDALL COUNTY,381,35 Years,1619,821,798,1199,606,593,40,24,16,54,33,21,326,158,168
RANDALL COUNTY,381,36 Years,1615,814,801,1204,591,613,42,28,14,60,37,23,309,158,151
RANDALL COUNTY,381,37 Years,1658,846,812,1246,625,621,39,26,13,61,31,30,312,164,148
RANDALL COUNTY,381,38 Years,1472,727,745,1107,541,566,34,15,19,52,21,31,279,150,129
RANDALL COUNTY,381,39 Years,1414,690,724,1058,505,553,33,21,12,48,27,21,275,137,138
RANDALL COUNTY,381,40 Years,1516,725,791,1138,535,603,38,27,11,48,26,22,292,137,155
RANDALL COUNTY,381,41 Years,1615,789,826,1250,606,644,42,31,11,53,23,30,270,129,141
RANDALL COUNTY,381,42 Years,1674,809,865,1303,630,673,45,27,18,53,24,29,273,128,145
RANDALL COUNTY,381,43 Years,1519,744,775,1170,566,604,37,22,15,43,19,24,269,137,132
RANDALL COUNTY,381,44 Years,1474,706,768,1133,535,598,44,28,16,48,20,28,249,123,126
RANDALL COUNTY,381,45 Years,1446,704,742,1135,553,582,30,18,12,42,20,22,239,113,126
RANDALL COUNTY,381,46 Years,1448,714,734,1126,552,574,28,18,10,47,20,27,247,124,123
RANDALL COUNTY,381,47 Years,1593,775,818,1249,598,651,43,28,15,54,29,25,247,120,127
RANDALL COUNTY,381,48 Years,1637,806,831,1308,642,666,39,25,14,55,31,24,235,108,127
RANDALL COUNTY,381,49 Years,1708,807,901,1380,651,729,42,25,17,57,33,24,229,98,131
RANDALL COUNTY,381,50 Years,1747,866,881,1427,704,723,42,28,14,52,29,23,226,105,121
RANDALL COUNTY,381,51 Years,1750,871,879,1476,739,737,35,21,14,44,21,23,195,90,105
RANDALL COUNTY,381,52 Years,1780,858,922,1481,712,769,46,26,20,51,22,29,202,98,104
RANDALL COUNTY,381,53 Years,1764,847,917,1483,705,778,36,20,16,59,32,27,186,90,96
RANDALL COUNTY,381,54 Years,1776,838,938,1508,706,802,32,15,17,46,24,22,190,93,97
RANDALL COUNTY,381,55 Years,1753,805,948,1503,682,821,22,14,8,47,19,28,181,90,91
RANDALL COUNTY,381,56 Years,1713,813,900,1482,698,784,30,20,10,46,20,26,155,75,80
RANDALL COUNTY,381,57 Years,1719,823,896,1489,711,778,29,15,14,48,25,23,153,72,81
RANDALL COUNTY,381,58 Years,1646,781,865,1438,692,746,22,9,13,40,13,27,146,67,79
RANDALL COUNTY,381,59 Years,1629,767,862,1434,673,761,20,9,11,49,22,27,126,63,63
RANDALL COUNTY,381,60 Years,1551,748,803,1381,666,715,21,12,9,34,18,16,115,52,63
RANDALL COUNTY,381,61 Years,1435,680,755,1261,594,667,20,10,10,39,22,17,115,54,61
RANDALL COUNTY,381,62 Years,1399,664,735,1232,585,647,19,5,14,39,22,17,109,52,57
RANDALL COUNTY,381,63 Years,1338,644,694,1195,574,621,15,5,10,33,14,19,95,51,44
RANDALL COUNTY,381,64 Years,1353,690,663,1224,619,605,14,10,4,36,17,19,79,44,35
RANDALL COUNTY,381,65 Years,1339,639,700,1212,583,629,11,6,5,38,16,22,78,34,44
RANDALL COUNTY,381,66 Years,1027,476,551,923,428,495,8,3,5,30,15,15,66,30,36
RANDALL COUNTY,381,67 Years,932,430,502,842,385,457,3,1,2,23,11,12,64,33,31
RANDALL COUNTY,381,68 Years,1004,468,536,909,421,488,9,5,4,22,12,10,64,30,34
RANDALL COUNTY,381,69 Years,1001,469,532,913,429,484,11,5,6,18,10,8,59,25,34
RANDALL COUNTY,381,70 Years,897,403,494,824,369,455,9,4,5,18,10,8,46,20,26
RANDALL COUNTY,381,71 Years,815,370,445,755,346,409,5,3,2,17,8,9,38,13,25
RANDALL COUNTY,381,72 Years,812,358,454,747,334,413,1,0,1,17,7,10,47,17,30
RANDALL COUNTY,381,73 Years,749,312,437,695,291,404,5,1,4,15,7,8,34,13,21
RANDALL COUNTY,381,74 Years,738,312,426,694,290,404,2,1,1,13,7,6,29,14,15
RANDALL COUNTY,381,75 Years,669,282,387,630,265,365,2,1,1,8,3,5,29,13,16
RANDALL COUNTY,381,76 Years,639,296,343,603,277,326,3,1,2,8,5,3,25,13,12
RANDALL COUNTY,381,77 Years,659,292,367,622,268,354,3,2,1,10,8,2,24,14,10
RANDALL COUNTY,381,78 Years,608,267,341,571,251,320,3,1,2,6,3,3,28,12,16
RANDALL COUNTY,381,79 Years,555,243,312,520,230,290,4,1,3,8,4,4,23,8,15
RANDALL COUNTY,381,80 Years,509,221,288,485,213,272,2,0,2,8,1,7,14,7,7
RANDALL COUNTY,381,81 Years,536,235,301,510,226,284,3,1,2,4,2,2,19,6,13
RANDALL COUNTY,381,82 Years,484,208,276,457,193,264,1,0,1,6,2,4,20,13,7
RANDALL COUNTY,381,83 Years,413,167,246,384,156,228,2,2,0,8,2,6,19,7,12
RANDALL COUNTY,381,84 Years,370,150,220,348,140,208,1,1,0,7,1,6,14,8,6
RANDALL COUNTY,381,85 Years +,1791,614,1177,1696,585,1111,12,4,8,31,10,21,52,15,37
REAGAN COUNTY,383,All Ages,3568,1840,1728,1267,617,650,68,41,27,34,17,17,2199,1165,1034
REAGAN COUNTY,383,< 1 Year,52,20,32,15,4,11,1,0,1,0,0,0,36,16,20
REAGAN COUNTY,383,1 Years,51,25,26,13,6,7,0,0,0,0,0,0,38,19,19
REAGAN COUNTY,383,2 Years,55,28,27,12,6,6,2,0,2,0,0,0,41,22,19
REAGAN COUNTY,383,3 Years,55,25,30,8,5,3,0,0,0,2,0,2,45,20,25
REAGAN COUNTY,383,4 Years,57,33,24,8,4,4,0,0,0,1,1,0,48,28,20
REAGAN COUNTY,383,5 Years,62,38,24,13,9,4,1,1,0,2,2,0,46,26,20
REAGAN COUNTY,383,6 Years,57,32,25,13,8,5,1,1,0,1,1,0,42,22,20
REAGAN COUNTY,383,7 Years,49,25,24,8,4,4,0,0,0,0,0,0,41,21,20
REAGAN COUNTY,383,8 Years,55,27,28,9,7,2,1,0,1,2,0,2,43,20,23
REAGAN COUNTY,383,9 Years,69,30,39,10,6,4,0,0,0,1,0,1,58,24,34
REAGAN COUNTY,383,10 Years,56,30,26,9,5,4,0,0,0,2,2,0,45,23,22
REAGAN COUNTY,383,11 Years,55,29,26,10,6,4,3,2,1,0,0,0,42,21,21
REAGAN COUNTY,383,12 Years,56,25,31,11,4,7,0,0,0,1,1,0,44,20,24
REAGAN COUNTY,383,13 Years,53,27,26,11,6,5,0,0,0,1,1,0,41,20,21
REAGAN COUNTY,383,14 Years,57,27,30,13,7,6,1,0,1,0,0,0,43,20,23
REAGAN COUNTY,383,15 Years,72,37,35,16,12,4,1,0,1,0,0,0,55,25,30
REAGAN COUNTY,383,16 Years,68,33,35,14,9,5,2,2,0,2,0,2,50,22,28
REAGAN COUNTY,383,17 Years,62,33,29,18,7,11,1,0,1,0,0,0,43,26,17
REAGAN COUNTY,383,18 Years,53,23,30,14,3,11,0,0,0,1,0,1,38,20,18
REAGAN COUNTY,383,19 Years,55,31,24,17,7,10,1,1,0,1,0,1,36,23,13
REAGAN COUNTY,383,20 Years,57,30,27,20,9,11,0,0,0,1,1,0,36,20,16
REAGAN COUNTY,383,21 Years,39,22,17,10,5,5,2,1,1,0,0,0,27,16,11
REAGAN COUNTY,383,22 Years,40,23,17,8,3,5,1,0,1,0,0,0,31,20,11
REAGAN COUNTY,383,23 Years,37,18,19,9,4,5,0,0,0,0,0,0,28,14,14
REAGAN COUNTY,383,24 Years,42,23,19,12,5,7,1,1,0,0,0,0,29,17,12
REAGAN COUNTY,383,25 Years,35,22,13,13,7,6,0,0,0,0,0,0,22,15,7
REAGAN COUNTY,383,26 Years,43,21,22,13,7,6,1,1,0,0,0,0,29,13,16
REAGAN COUNTY,383,27 Years,43,24,19,19,12,7,1,1,0,0,0,0,23,11,12
REAGAN COUNTY,383,28 Years,50,26,24,14,8,6,1,1,0,0,0,0,35,17,18
REAGAN COUNTY,383,29 Years,50,27,23,15,8,7,2,2,0,0,0,0,33,17,16
REAGAN COUNTY,383,30 Years,52,30,22,14,8,6,2,2,0,0,0,0,36,20,16
REAGAN COUNTY,383,31 Years,46,29,17,12,7,5,2,2,0,0,0,0,32,20,12
REAGAN COUNTY,383,32 Years,43,23,20,13,8,5,1,1,0,0,0,0,29,14,15
REAGAN COUNTY,383,33 Years,43,21,22,11,4,7,0,0,0,2,2,0,30,15,15
REAGAN COUNTY,383,34 Years,47,28,19,11,5,6,1,1,0,0,0,0,35,22,13
REAGAN COUNTY,383,35 Years,50,28,22,14,6,8,1,0,1,1,1,0,34,21,13
REAGAN COUNTY,383,36 Years,43,25,18,9,4,5,0,0,0,0,0,0,34,21,13
REAGAN COUNTY,383,37 Years,43,25,18,12,5,7,0,0,0,0,0,0,31,20,11
REAGAN COUNTY,383,38 Years,34,14,20,8,2,6,0,0,0,0,0,0,26,12,14
REAGAN COUNTY,383,39 Years,38,18,20,9,3,6,0,0,0,0,0,0,29,15,14
REAGAN COUNTY,383,40 Years,40,18,22,9,5,4,1,0,1,0,0,0,30,13,17
REAGAN COUNTY,383,41 Years,42,25,17,12,9,3,1,1,0,0,0,0,29,15,14
REAGAN COUNTY,383,42 Years,48,27,21,19,10,9,3,3,0,2,1,1,24,13,11
REAGAN COUNTY,383,43 Years,50,23,27,21,8,13,1,1,0,0,0,0,28,14,14
REAGAN COUNTY,383,44 Years,46,23,23,21,7,14,0,0,0,0,0,0,25,16,9
REAGAN COUNTY,383,45 Years,44,19,25,19,9,10,0,0,0,1,1,0,24,9,15
REAGAN COUNTY,383,46 Years,45,20,25,17,8,9,1,0,1,0,0,0,27,12,15
REAGAN COUNTY,383,47 Years,42,25,17,17,10,7,1,0,1,0,0,0,24,15,9
REAGAN COUNTY,383,48 Years,46,30,16,19,10,9,0,0,0,0,0,0,27,20,7
REAGAN COUNTY,383,49 Years,49,26,23,23,9,14,2,1,1,0,0,0,24,16,8
REAGAN COUNTY,383,50 Years,54,28,26,27,12,15,2,1,1,0,0,0,25,15,10
REAGAN COUNTY,383,51 Years,58,28,30,31,14,17,1,1,0,0,0,0,26,13,13
REAGAN COUNTY,383,52 Years,50,21,29,24,10,14,1,1,0,0,0,0,25,10,15
REAGAN COUNTY,383,53 Years,46,20,26,24,9,15,1,1,0,0,0,0,21,10,11
REAGAN COUNTY,383,54 Years,51,26,25,25,12,13,2,2,0,0,0,0,24,12,12
REAGAN COUNTY,383,55 Years,56,23,33,28,10,18,1,0,1,3,0,3,24,13,11
REAGAN COUNTY,383,56 Years,53,28,25,21,9,12,0,0,0,0,0,0,32,19,13
REAGAN COUNTY,383,57 Years,57,31,26,32,15,17,1,1,0,1,1,0,23,14,9
REAGAN COUNTY,383,58 Years,46,28,18,30,18,12,1,1,0,0,0,0,15,9,6
REAGAN COUNTY,383,59 Years,38,24,14,19,13,6,0,0,0,0,0,0,19,11,8
REAGAN COUNTY,383,60 Years,33,16,17,18,8,10,1,1,0,0,0,0,14,7,7
REAGAN COUNTY,383,61 Years,47,25,22,29,17,12,1,0,1,1,0,1,16,8,8
REAGAN COUNTY,383,62 Years,35,18,17,18,9,9,0,0,0,0,0,0,17,9,8
REAGAN COUNTY,383,63 Years,24,14,10,10,7,3,1,1,0,0,0,0,13,6,7
REAGAN COUNTY,383,64 Years,32,15,17,15,5,10,0,0,0,0,0,0,17,10,7
REAGAN COUNTY,383,65 Years,36,14,22,16,6,10,1,1,0,0,0,0,19,7,12
REAGAN COUNTY,383,66 Years,32,12,20,20,7,13,1,0,1,0,0,0,11,5,6
REAGAN COUNTY,383,67 Years,24,16,8,13,7,6,0,0,0,0,0,0,11,9,2
REAGAN COUNTY,383,68 Years,19,11,8,11,7,4,0,0,0,0,0,0,8,4,4
REAGAN COUNTY,383,69 Years,20,9,11,14,7,7,0,0,0,0,0,0,6,2,4
REAGAN COUNTY,383,70 Years,18,11,7,12,6,6,0,0,0,0,0,0,6,5,1
REAGAN COUNTY,383,71 Years,18,9,9,10,6,4,0,0,0,0,0,0,8,3,5
REAGAN COUNTY,383,72 Years,21,11,10,15,9,6,0,0,0,0,0,0,6,2,4
REAGAN COUNTY,383,73 Years,16,7,9,10,6,4,2,0,2,0,0,0,4,1,3
REAGAN COUNTY,383,74 Years,21,13,8,7,3,4,1,1,0,2,2,0,11,7,4
REAGAN COUNTY,383,75 Years,21,12,9,14,6,8,1,1,0,0,0,0,6,5,1
REAGAN COUNTY,383,76 Years,19,11,8,12,6,6,2,1,1,0,0,0,5,4,1
REAGAN COUNTY,383,77 Years,14,8,6,9,5,4,1,0,1,0,0,0,4,3,1
REAGAN COUNTY,383,78 Years,16,6,10,10,4,6,1,0,1,0,0,0,5,2,3
REAGAN COUNTY,383,79 Years,12,5,7,6,3,3,0,0,0,1,0,1,5,2,3
REAGAN COUNTY,383,80 Years,17,8,9,12,6,6,0,0,0,2,0,2,3,2,1
REAGAN COUNTY,383,81 Years,13,6,7,9,5,4,1,0,1,0,0,0,3,1,2
REAGAN COUNTY,383,82 Years,18,8,10,13,6,7,0,0,0,0,0,0,5,2,3
REAGAN COUNTY,383,83 Years,7,2,5,5,1,4,0,0,0,0,0,0,2,1,1
REAGAN COUNTY,383,84 Years,7,5,2,6,4,2,0,0,0,0,0,0,1,1,0
REAGAN COUNTY,383,85 Years +,43,20,23,27,9,18,3,1,2,0,0,0,13,10,3
REAL COUNTY,385,All Ages,3425,1693,1732,2464,1207,1257,23,10,13,78,36,42,860,440,420
REAL COUNTY,385,< 1 Year,33,19,14,22,14,8,0,0,0,0,0,0,11,5,6
REAL COUNTY,385,1 Years,32,18,14,19,11,8,0,0,0,0,0,0,13,7,6
REAL COUNTY,385,2 Years,33,20,13,21,15,6,0,0,0,0,0,0,12,5,7
REAL COUNTY,385,3 Years,35,20,15,16,10,6,0,0,0,0,0,0,19,10,9
REAL COUNTY,385,4 Years,32,17,15,18,9,9,0,0,0,1,0,1,13,8,5
REAL COUNTY,385,5 Years,32,12,20,18,7,11,0,0,0,2,0,2,12,5,7
REAL COUNTY,385,6 Years,34,16,18,19,9,10,0,0,0,1,0,1,14,7,7
REAL COUNTY,385,7 Years,27,12,15,13,6,7,2,0,2,2,1,1,10,5,5
REAL COUNTY,385,8 Years,35,20,15,18,12,6,0,0,0,2,1,1,15,7,8
REAL COUNTY,385,9 Years,34,20,14,19,14,5,0,0,0,1,0,1,14,6,8
REAL COUNTY,385,10 Years,29,14,15,18,9,9,0,0,0,0,0,0,11,5,6
REAL COUNTY,385,11 Years,30,15,15,19,8,11,1,0,1,0,0,0,10,7,3
REAL COUNTY,385,12 Years,28,14,14,18,8,10,1,0,1,0,0,0,9,6,3
REAL COUNTY,385,13 Years,32,16,16,17,6,11,0,0,0,0,0,0,15,10,5
REAL COUNTY,385,14 Years,37,17,20,20,10,10,1,0,1,2,1,1,14,6,8
REAL COUNTY,385,15 Years,51,25,26,24,13,11,0,0,0,1,1,0,26,11,15
REAL COUNTY,385,16 Years,42,17,25,20,10,10,1,0,1,1,0,1,20,7,13
REAL COUNTY,385,17 Years,44,22,22,25,13,12,2,1,1,3,2,1,14,6,8
REAL COUNTY,385,18 Years,65,35,30,40,25,15,6,3,3,1,0,1,18,7,11
REAL COUNTY,385,19 Years,60,30,30,33,16,17,2,0,2,2,2,0,23,12,11
REAL COUNTY,385,20 Years,43,21,22,22,8,14,1,1,0,7,5,2,13,7,6
REAL COUNTY,385,21 Years,37,23,14,23,14,9,1,1,0,2,1,1,11,7,4
REAL COUNTY,385,22 Years,28,16,12,21,12,9,0,0,0,0,0,0,7,4,3
REAL COUNTY,385,23 Years,19,9,10,12,5,7,0,0,0,0,0,0,7,4,3
REAL COUNTY,385,24 Years,22,12,10,13,7,6,0,0,0,1,1,0,8,4,4
REAL COUNTY,385,25 Years,23,12,11,13,7,6,0,0,0,0,0,0,10,5,5
REAL COUNTY,385,26 Years,18,9,9,12,7,5,0,0,0,0,0,0,6,2,4
REAL COUNTY,385,27 Years,23,13,10,13,10,3,0,0,0,0,0,0,10,3,7
REAL COUNTY,385,28 Years,27,8,19,14,5,9,0,0,0,0,0,0,13,3,10
REAL COUNTY,385,29 Years,28,13,15,15,6,9,0,0,0,1,0,1,12,7,5
REAL COUNTY,385,30 Years,28,15,13,17,9,8,0,0,0,1,0,1,10,6,4
REAL COUNTY,385,31 Years,21,12,9,12,6,6,0,0,0,0,0,0,9,6,3
REAL COUNTY,385,32 Years,21,11,10,15,6,9,0,0,0,0,0,0,6,5,1
REAL COUNTY,385,33 Years,22,14,8,14,9,5,0,0,0,0,0,0,8,5,3
REAL COUNTY,385,34 Years,23,12,11,17,9,8,0,0,0,1,0,1,5,3,2
REAL COUNTY,385,35 Years,26,13,13,15,7,8,0,0,0,1,0,1,10,6,4
REAL COUNTY,385,36 Years,28,13,15,19,10,9,0,0,0,1,0,1,8,3,5
REAL COUNTY,385,37 Years,35,17,18,22,11,11,0,0,0,1,0,1,12,6,6
REAL COUNTY,385,38 Years,25,13,12,17,9,8,0,0,0,0,0,0,8,4,4
REAL COUNTY,385,39 Years,31,9,22,21,7,14,0,0,0,0,0,0,10,2,8
REAL COUNTY,385,40 Years,27,13,14,21,10,11,0,0,0,1,1,0,5,2,3
REAL COUNTY,385,41 Years,30,18,12,21,12,9,0,0,0,0,0,0,9,6,3
REAL COUNTY,385,42 Years,37,16,21,25,11,14,0,0,0,3,0,3,9,5,4
REAL COUNTY,385,43 Years,29,17,12,20,12,8,0,0,0,2,1,1,7,4,3
REAL COUNTY,385,44 Years,43,23,20,35,16,19,0,0,0,1,1,0,7,6,1
REAL COUNTY,385,45 Years,41,19,22,29,12,17,0,0,0,1,1,0,11,6,5
REAL COUNTY,385,46 Years,30,11,19,21,6,15,1,1,0,0,0,0,8,4,4
REAL COUNTY,385,47 Years,34,13,21,26,10,16,0,0,0,1,0,1,7,3,4
REAL COUNTY,385,48 Years,42,21,21,27,14,13,0,0,0,1,0,1,14,7,7
REAL COUNTY,385,49 Years,61,27,34,45,16,29,0,0,0,3,3,0,13,8,5
REAL COUNTY,385,50 Years,52,30,22,36,19,17,0,0,0,2,1,1,14,10,4
REAL COUNTY,385,51 Years,44,20,24,36,16,20,0,0,0,1,0,1,7,4,3
REAL COUNTY,385,52 Years,53,25,28,42,20,22,0,0,0,1,1,0,10,4,6
REAL COUNTY,385,53 Years,47,20,27,34,13,21,1,0,1,1,1,0,11,6,5
REAL COUNTY,385,54 Years,49,26,23,37,20,17,0,0,0,3,1,2,9,5,4
REAL COUNTY,385,55 Years,47,32,15,40,27,13,0,0,0,1,0,1,6,5,1
REAL COUNTY,385,56 Years,58,33,25,50,27,23,0,0,0,1,1,0,7,5,2
REAL COUNTY,385,57 Years,67,35,32,56,30,26,0,0,0,0,0,0,11,5,6
REAL COUNTY,385,58 Years,57,24,33,47,20,27,0,0,0,0,0,0,10,4,6
REAL COUNTY,385,59 Years,51,21,30,45,18,27,1,1,0,0,0,0,5,2,3
REAL COUNTY,385,60 Years,45,20,25,39,18,21,0,0,0,0,0,0,6,2,4
REAL COUNTY,385,61 Years,56,23,33,49,20,29,0,0,0,0,0,0,7,3,4
REAL COUNTY,385,62 Years,59,23,36,47,15,32,0,0,0,0,0,0,12,8,4
REAL COUNTY,385,63 Years,68,31,37,52,22,30,0,0,0,2,2,0,14,7,7
REAL COUNTY,385,64 Years,67,27,40,49,20,29,0,0,0,1,0,1,17,7,10
REAL COUNTY,385,65 Years,68,36,32,58,30,28,0,0,0,0,0,0,10,6,4
REAL COUNTY,385,66 Years,58,26,32,50,20,30,1,1,0,1,1,0,6,4,2
REAL COUNTY,385,67 Years,69,37,32,51,27,24,0,0,0,1,1,0,17,9,8
REAL COUNTY,385,68 Years,65,33,32,50,26,24,0,0,0,0,0,0,15,7,8
REAL COUNTY,385,69 Years,57,24,33,48,22,26,0,0,0,3,0,3,6,2,4
REAL COUNTY,385,70 Years,49,25,24,41,23,18,0,0,0,1,0,1,7,2,5
REAL COUNTY,385,71 Years,51,26,25,46,25,21,0,0,0,0,0,0,5,1,4
REAL COUNTY,385,72 Years,49,22,27,41,20,21,0,0,0,0,0,0,8,2,6
REAL COUNTY,385,73 Years,45,22,23,37,18,19,0,0,0,2,1,1,6,3,3
REAL COUNTY,385,74 Years,52,28,24,40,19,21,0,0,0,3,2,1,9,7,2
REAL COUNTY,385,75 Years,45,26,19,36,22,14,0,0,0,1,0,1,8,4,4
REAL COUNTY,385,76 Years,52,31,21,43,25,18,0,0,0,2,1,1,7,5,2
REAL COUNTY,385,77 Years,46,27,19,40,22,18,0,0,0,0,0,0,6,5,1
REAL COUNTY,385,78 Years,35,15,20,29,13,16,0,0,0,0,0,0,6,2,4
REAL COUNTY,385,79 Years,29,15,14,25,13,12,0,0,0,0,0,0,4,2,2
REAL COUNTY,385,80 Years,26,17,9,23,15,8,0,0,0,0,0,0,3,2,1
REAL COUNTY,385,81 Years,23,12,11,18,9,9,0,0,0,0,0,0,5,3,2
REAL COUNTY,385,82 Years,25,11,14,18,6,12,0,0,0,0,0,0,7,5,2
REAL COUNTY,385,83 Years,24,14,10,19,11,8,0,0,0,0,0,0,5,3,2
REAL COUNTY,385,84 Years,15,7,8,13,6,7,0,0,0,0,0,0,2,1,1
REAL COUNTY,385,85 Years +,75,27,48,65,22,43,1,1,0,3,1,2,6,3,3
RED RIVER COUNTY,387,All Ages,12850,6258,6592,9429,4622,4807,2233,1025,1208,293,140,153,895,471,424
RED RIVER COUNTY,387,< 1 Year,126,66,60,84,47,37,25,11,14,3,2,1,14,6,8
RED RIVER COUNTY,387,1 Years,143,73,70,97,51,46,25,12,13,3,1,2,18,9,9
RED RIVER COUNTY,387,2 Years,134,69,65,92,48,44,23,11,12,8,2,6,11,8,3
RED RIVER COUNTY,387,3 Years,141,75,66,85,48,37,29,13,16,11,6,5,16,8,8
RED RIVER COUNTY,387,4 Years,153,80,73,93,50,43,29,15,14,10,6,4,21,9,12
RED RIVER COUNTY,387,5 Years,147,81,66,89,51,38,27,14,13,8,5,3,23,11,12
RED RIVER COUNTY,387,6 Years,150,86,64,95,54,41,27,15,12,5,3,2,23,14,9
RED RIVER COUNTY,387,7 Years,132,73,59,84,48,36,19,9,10,7,4,3,22,12,10
RED RIVER COUNTY,387,8 Years,138,76,62,92,53,39,24,14,10,3,2,1,19,7,12
RED RIVER COUNTY,387,9 Years,153,82,71,93,54,39,34,16,18,3,1,2,23,11,12
RED RIVER COUNTY,387,10 Years,145,81,64,91,52,39,28,16,12,4,2,2,22,11,11
RED RIVER COUNTY,387,11 Years,151,84,67,94,53,41,30,17,13,5,3,2,22,11,11
RED RIVER COUNTY,387,12 Years,156,85,71,100,57,43,33,15,18,8,4,4,15,9,6
RED RIVER COUNTY,387,13 Years,158,90,68,105,56,49,31,20,11,7,3,4,15,11,4
RED RIVER COUNTY,387,14 Years,157,81,76,101,54,47,28,11,17,7,3,4,21,13,8
RED RIVER COUNTY,387,15 Years,156,75,81,105,52,53,28,12,16,6,3,3,17,8,9
RED RIVER COUNTY,387,16 Years,174,89,85,110,57,53,46,24,22,2,0,2,16,8,8
RED RIVER COUNTY,387,17 Years,170,95,75,111,64,47,39,20,19,3,1,2,17,10,7
RED RIVER COUNTY,387,18 Years,172,95,77,106,56,50,37,21,16,6,4,2,23,14,9
RED RIVER COUNTY,387,19 Years,166,88,78,100,56,44,35,16,19,6,3,3,25,13,12
RED RIVER COUNTY,387,20 Years,162,76,86,97,48,49,40,16,24,5,3,2,20,9,11
RED RIVER COUNTY,387,21 Years,132,59,73,86,39,47,24,12,12,6,3,3,16,5,11
RED RIVER COUNTY,387,22 Years,124,60,64,82,41,41,26,11,15,4,3,1,12,5,7
RED RIVER COUNTY,387,23 Years,121,59,62,76,37,39,32,15,17,4,3,1,9,4,5
RED RIVER COUNTY,387,24 Years,124,58,66,78,34,44,29,16,13,3,1,2,14,7,7
RED RIVER COUNTY,387,25 Years,119,59,60,76,38,38,28,13,15,3,1,2,12,7,5
RED RIVER COUNTY,387,26 Years,120,65,55,80,44,36,24,12,12,2,1,1,14,8,6
RED RIVER COUNTY,387,27 Years,120,52,68,81,32,49,21,8,13,4,3,1,14,9,5
RED RIVER COUNTY,387,28 Years,119,62,57,81,41,40,19,10,9,4,4,0,15,7,8
RED RIVER COUNTY,387,29 Years,129,66,63,90,49,41,17,7,10,4,2,2,18,8,10
RED RIVER COUNTY,387,30 Years,129,52,77,92,37,55,19,6,13,2,1,1,16,8,8
RED RIVER COUNTY,387,31 Years,137,66,71,97,49,48,28,10,18,1,1,0,11,6,5
RED RIVER COUNTY,387,32 Years,133,61,72,101,47,54,21,9,12,1,0,1,10,5,5
RED RIVER COUNTY,387,33 Years,113,54,59,82,35,47,20,13,7,4,2,2,7,4,3
RED RIVER COUNTY,387,34 Years,132,57,75,99,43,56,19,7,12,2,0,2,12,7,5
RED RIVER COUNTY,387,35 Years,132,63,69,104,49,55,13,5,8,1,0,1,14,9,5
RED RIVER COUNTY,387,36 Years,116,67,49,86,51,35,16,7,9,3,2,1,11,7,4
RED RIVER COUNTY,387,37 Years,123,60,63,92,45,47,21,10,11,1,0,1,9,5,4
RED RIVER COUNTY,387,38 Years,116,54,62,88,41,47,15,8,7,0,0,0,13,5,8
RED RIVER COUNTY,387,39 Years,131,65,66,94,45,49,25,16,9,1,0,1,11,4,7
RED RIVER COUNTY,387,40 Years,156,76,80,116,55,61,27,13,14,2,1,1,11,7,4
RED RIVER COUNTY,387,41 Years,171,83,88,128,64,64,33,15,18,3,0,3,7,4,3
RED RIVER COUNTY,387,42 Years,150,67,83,99,46,53,31,12,19,3,2,1,17,7,10
RED RIVER COUNTY,387,43 Years,140,76,64,99,60,39,21,5,16,5,3,2,15,8,7
RED RIVER COUNTY,387,44 Years,160,76,84,109,56,53,29,9,20,6,2,4,16,9,7
RED RIVER COUNTY,387,45 Years,161,68,93,112,51,61,33,11,22,4,0,4,12,6,6
RED RIVER COUNTY,387,46 Years,161,73,88,108,51,57,42,17,25,3,0,3,8,5,3
RED RIVER COUNTY,387,47 Years,155,73,82,115,57,58,29,12,17,3,1,2,8,3,5
RED RIVER COUNTY,387,48 Years,166,84,82,126,62,64,29,13,16,3,3,0,8,6,2
RED RIVER COUNTY,387,49 Years,195,94,101,139,70,69,41,15,26,4,2,2,11,7,4
RED RIVER COUNTY,387,50 Years,180,85,95,126,58,68,36,18,18,6,2,4,12,7,5
RED RIVER COUNTY,387,51 Years,175,83,92,127,61,66,33,14,19,5,2,3,10,6,4
RED RIVER COUNTY,387,52 Years,192,96,96,140,75,65,38,14,24,4,1,3,10,6,4
RED RIVER COUNTY,387,53 Years,209,94,115,146,70,76,48,18,30,5,2,3,10,4,6
RED RIVER COUNTY,387,54 Years,205,90,115,145,68,77,48,17,31,4,1,3,8,4,4
RED RIVER COUNTY,387,55 Years,184,85,99,140,66,74,38,16,22,3,1,2,3,2,1
RED RIVER COUNTY,387,56 Years,186,91,95,146,71,75,32,16,16,4,2,2,4,2,2
RED RIVER COUNTY,387,57 Years,195,107,88,158,83,75,30,19,11,1,1,0,6,4,2
RED RIVER COUNTY,387,58 Years,205,109,96,166,92,74,29,14,15,2,0,2,8,3,5
RED RIVER COUNTY,387,59 Years,195,92,103,152,72,80,32,14,18,2,0,2,9,6,3
RED RIVER COUNTY,387,60 Years,178,81,97,141,64,77,28,10,18,2,2,0,7,5,2
RED RIVER COUNTY,387,61 Years,197,101,96,151,79,72,37,17,20,5,4,1,4,1,3
RED RIVER COUNTY,387,62 Years,173,88,85,142,69,73,24,14,10,3,2,1,4,3,1
RED RIVER COUNTY,387,63 Years,170,90,80,135,69,66,29,18,11,2,1,1,4,2,2
RED RIVER COUNTY,387,64 Years,180,78,102,147,63,84,29,12,17,2,2,0,2,1,1
RED RIVER COUNTY,387,65 Years,200,91,109,164,73,91,30,15,15,4,1,3,2,2,0
RED RIVER COUNTY,387,66 Years,175,77,98,147,63,84,22,11,11,2,1,1,4,2,2
RED RIVER COUNTY,387,67 Years,170,84,86,139,66,73,23,12,11,2,2,0,6,4,2
RED RIVER COUNTY,387,68 Years,187,97,90,160,84,76,22,11,11,3,1,2,2,1,1
RED RIVER COUNTY,387,69 Years,166,84,82,136,72,64,24,10,14,5,2,3,1,0,1
RED RIVER COUNTY,387,70 Years,141,70,71,122,61,61,14,6,8,3,2,1,2,1,1
RED RIVER COUNTY,387,71 Years,165,80,85,141,69,72,20,9,11,2,1,1,2,1,1
RED RIVER COUNTY,387,72 Years,138,67,71,115,56,59,19,10,9,1,0,1,3,1,2
RED RIVER COUNTY,387,73 Years,136,62,74,118,55,63,15,6,9,2,0,2,1,1,0
RED RIVER COUNTY,387,74 Years,135,68,67,119,60,59,13,7,6,1,0,1,2,1,1
RED RIVER COUNTY,387,75 Years,120,55,65,106,46,60,12,8,4,1,1,0,1,0,1
RED RIVER COUNTY,387,76 Years,117,51,66,102,44,58,13,7,6,2,0,2,0,0,0
RED RIVER COUNTY,387,77 Years,105,47,58,87,39,48,15,7,8,1,0,1,2,1,1
RED RIVER COUNTY,387,78 Years,98,46,52,84,39,45,12,5,7,1,1,0,1,1,0
RED RIVER COUNTY,387,79 Years,96,40,56,88,36,52,5,1,4,1,1,0,2,2,0
RED RIVER COUNTY,387,80 Years,84,34,50,74,31,43,9,2,7,0,0,0,1,1,0
RED RIVER COUNTY,387,81 Years,72,30,42,62,28,34,9,2,7,1,0,1,0,0,0
RED RIVER COUNTY,387,82 Years,72,23,49,64,20,44,6,3,3,1,0,1,1,0,1
RED RIVER COUNTY,387,83 Years,63,22,41,54,19,35,8,3,5,0,0,0,1,0,1
RED RIVER COUNTY,387,84 Years,69,25,44,59,23,36,9,2,7,0,0,0,1,0,1
RED RIVER COUNTY,387,85 Years +,348,126,222,286,100,186,53,22,31,4,2,2,5,2,3
REEVES COUNTY,389,All Ages,13888,8339,5549,2659,1764,895,668,575,93,192,115,77,10369,5885,4484
REEVES COUNTY,389,< 1 Year,157,80,77,17,7,10,0,0,0,3,2,1,137,71,66
REEVES COUNTY,389,1 Years,167,85,82,16,8,8,2,1,1,2,1,1,147,75,72
REEVES COUNTY,389,2 Years,165,86,79,14,8,6,2,1,1,2,2,0,147,75,72
REEVES COUNTY,389,3 Years,180,96,84,14,7,7,2,1,1,2,1,1,162,87,75
REEVES COUNTY,389,4 Years,205,101,104,19,6,13,3,1,2,2,1,1,181,93,88
REEVES COUNTY,389,5 Years,194,95,99,20,9,11,3,2,1,4,2,2,167,82,85
REEVES COUNTY,389,6 Years,163,86,77,17,9,8,1,1,0,4,3,1,141,73,68
REEVES COUNTY,389,7 Years,143,78,65,16,6,10,0,0,0,2,2,0,125,70,55
REEVES COUNTY,389,8 Years,168,94,74,17,6,11,2,2,0,1,1,0,148,85,63
REEVES COUNTY,389,9 Years,170,97,73,16,7,9,2,1,1,3,2,1,149,87,62
REEVES COUNTY,389,10 Years,175,99,76,19,10,9,2,0,2,7,6,1,147,83,64
REEVES COUNTY,389,11 Years,171,93,78,20,10,10,2,1,1,4,3,1,145,79,66
REEVES COUNTY,389,12 Years,165,88,77,10,5,5,3,2,1,2,2,0,150,79,71
REEVES COUNTY,389,13 Years,161,80,81,16,5,11,3,2,1,3,1,2,139,72,67
REEVES COUNTY,389,14 Years,158,84,74,13,7,6,5,3,2,3,2,1,137,72,65
REEVES COUNTY,389,15 Years,165,79,86,13,7,6,4,0,4,2,1,1,146,71,75
REEVES COUNTY,389,16 Years,166,75,91,16,9,7,3,0,3,1,1,0,146,65,81
REEVES COUNTY,389,17 Years,181,85,96,21,13,8,4,2,2,1,1,0,155,69,86
REEVES COUNTY,389,18 Years,198,95,103,22,10,12,2,2,0,1,0,1,173,83,90
REEVES COUNTY,389,19 Years,176,103,73,18,10,8,3,2,1,3,1,2,152,90,62
REEVES COUNTY,389,20 Years,164,94,70,11,6,5,2,1,1,3,1,2,148,86,62
REEVES COUNTY,389,21 Years,186,114,72,25,19,6,11,9,2,3,1,2,147,85,62
REEVES COUNTY,389,22 Years,254,179,75,49,44,5,21,20,1,5,3,2,179,112,67
REEVES COUNTY,389,23 Years,211,142,69,32,28,4,15,15,0,5,4,1,159,95,64
REEVES COUNTY,389,24 Years,162,106,56,24,19,5,6,6,0,2,2,0,130,79,51
REEVES COUNTY,389,25 Years,227,174,53,47,41,6,30,30,0,3,2,1,147,101,46
REEVES COUNTY,389,26 Years,324,267,57,80,72,8,43,42,1,3,3,0,198,150,48
REEVES COUNTY,389,27 Years,262,198,64,63,53,10,23,21,2,8,6,2,168,118,50
REEVES COUNTY,389,28 Years,213,147,66,49,40,9,18,16,2,4,2,2,142,89,53
REEVES COUNTY,389,29 Years,188,118,70,37,26,11,14,13,1,1,1,0,136,78,58
REEVES COUNTY,389,30 Years,203,137,66,42,33,9,12,10,2,0,0,0,149,94,55
REEVES COUNTY,389,31 Years,171,109,62,31,18,13,11,10,1,0,0,0,129,81,48
REEVES COUNTY,389,32 Years,133,77,56,20,11,9,5,4,1,1,1,0,107,61,46
REEVES COUNTY,389,33 Years,337,268,69,89,78,11,41,38,3,7,7,0,200,145,55
REEVES COUNTY,389,34 Years,222,156,66,45,37,8,20,20,0,4,3,1,153,96,57
REEVES COUNTY,389,35 Years,269,207,62,59,50,9,34,31,3,4,3,1,172,123,49
REEVES COUNTY,389,36 Years,166,104,62,27,21,6,11,10,1,1,1,0,127,72,55
REEVES COUNTY,389,37 Years,142,95,47,24,20,4,10,9,1,0,0,0,108,66,42
REEVES COUNTY,389,38 Years,197,136,61,39,32,7,16,14,2,3,1,2,139,89,50
REEVES COUNTY,389,39 Years,257,202,55,56,53,3,24,22,2,2,0,2,175,127,48
REEVES COUNTY,389,40 Years,310,241,69,68,65,3,27,26,1,5,3,2,210,147,63
REEVES COUNTY,389,41 Years,193,134,59,36,32,4,15,13,2,5,3,2,137,86,51
REEVES COUNTY,389,42 Years,162,95,67,22,17,5,10,8,2,2,1,1,128,69,59
REEVES COUNTY,389,43 Years,204,142,62,45,35,10,13,13,0,3,0,3,143,94,49
REEVES COUNTY,389,44 Years,209,149,60,53,39,14,15,15,0,1,1,0,140,94,46
REEVES COUNTY,389,45 Years,171,115,56,34,25,9,9,8,1,1,1,0,127,81,46
REEVES COUNTY,389,46 Years,165,102,63,36,25,11,8,7,1,4,2,2,117,68,49
REEVES COUNTY,389,47 Years,139,65,74,28,15,13,5,3,2,3,2,1,103,45,58
REEVES COUNTY,389,48 Years,219,130,89,47,36,11,12,11,1,3,0,3,157,83,74
REEVES COUNTY,389,49 Years,203,130,73,39,30,9,10,10,0,3,1,2,151,89,62
REEVES COUNTY,389,50 Years,210,149,61,57,43,14,12,12,0,1,1,0,140,93,47
REEVES COUNTY,389,51 Years,265,194,71,70,57,13,23,21,2,3,2,1,169,114,55
REEVES COUNTY,389,52 Years,178,108,70,38,22,16,9,7,2,2,1,1,129,78,51
REEVES COUNTY,389,53 Years,175,112,63,47,31,16,9,8,1,2,1,1,117,72,45
REEVES COUNTY,389,54 Years,192,127,65,52,36,16,10,9,1,3,2,1,127,80,47
REEVES COUNTY,389,55 Years,188,110,78,49,31,18,12,10,2,4,1,3,123,68,55
REEVES COUNTY,389,56 Years,170,88,82,36,22,14,6,4,2,3,1,2,125,61,64
REEVES COUNTY,389,57 Years,150,63,87,36,16,20,5,2,3,3,2,1,106,43,63
REEVES COUNTY,389,58 Years,163,96,67,45,27,18,6,5,1,2,2,0,110,62,48
REEVES COUNTY,389,59 Years,146,83,63,34,22,12,1,1,0,2,2,0,109,58,51
REEVES COUNTY,389,60 Years,135,76,59,32,19,13,3,3,0,1,1,0,99,53,46
REEVES COUNTY,389,61 Years,126,70,56,25,14,11,2,2,0,1,1,0,98,53,45
REEVES COUNTY,389,62 Years,126,71,55,25,15,10,3,2,1,2,1,1,96,53,43
REEVES COUNTY,389,63 Years,122,65,57,27,16,11,1,1,0,1,1,0,93,47,46
REEVES COUNTY,389,64 Years,118,53,65,25,15,10,0,0,0,2,0,2,91,38,53
REEVES COUNTY,389,65 Years,112,48,64,27,11,16,2,1,1,0,0,0,83,36,47
REEVES COUNTY,389,66 Years,99,43,56,24,12,12,1,1,0,0,0,0,74,30,44
REEVES COUNTY,389,67 Years,84,37,47,18,7,11,1,1,0,1,1,0,64,28,36
REEVES COUNTY,389,68 Years,113,55,58,28,15,13,0,0,0,4,1,3,81,39,42
REEVES COUNTY,389,69 Years,107,56,51,24,14,10,0,0,0,2,0,2,81,42,39
REEVES COUNTY,389,70 Years,77,38,39,23,10,13,1,0,1,0,0,0,53,28,25
REEVES COUNTY,389,71 Years,98,38,60,28,8,20,1,0,1,0,0,0,69,30,39
REEVES COUNTY,389,72 Years,90,38,52,22,8,14,1,0,1,3,0,3,64,30,34
REEVES COUNTY,389,73 Years,70,31,39,23,12,11,0,0,0,1,0,1,46,19,27
REEVES COUNTY,389,74 Years,76,33,43,19,8,11,0,0,0,2,2,0,55,23,32
REEVES COUNTY,389,75 Years,71,33,38,21,8,13,1,0,1,1,1,0,48,24,24
REEVES COUNTY,389,76 Years,76,35,41,21,10,11,2,1,1,0,0,0,53,24,29
REEVES COUNTY,389,77 Years,67,24,43,17,3,14,2,0,2,0,0,0,48,21,27
REEVES COUNTY,389,78 Years,64,25,39,13,4,9,2,0,2,1,0,1,48,21,27
REEVES COUNTY,389,79 Years,64,32,32,15,7,8,2,1,1,0,0,0,47,24,23
REEVES COUNTY,389,80 Years,60,25,35,16,7,9,1,0,1,1,0,1,42,18,24
REEVES COUNTY,389,81 Years,57,29,28,17,10,7,0,0,0,1,0,1,39,19,20
REEVES COUNTY,389,82 Years,54,20,34,13,7,6,1,1,0,0,0,0,40,12,28
REEVES COUNTY,389,83 Years,41,17,24,11,3,8,1,0,1,0,0,0,29,14,15
REEVES COUNTY,389,84 Years,36,16,20,13,7,6,2,0,2,0,0,0,21,9,12
REEVES COUNTY,389,85 Years +,217,89,128,77,28,49,6,3,3,2,1,1,132,57,75
REFUGIO COUNTY,391,All Ages,7433,3685,3748,3304,1631,1673,452,243,209,112,64,48,3565,1747,1818
REFUGIO COUNTY,391,< 1 Year,90,41,49,37,15,22,3,2,1,1,1,0,49,23,26
REFUGIO COUNTY,391,1 Years,94,47,47,31,15,16,5,3,2,0,0,0,58,29,29
REFUGIO COUNTY,391,2 Years,84,43,41,28,12,16,3,2,1,1,1,0,52,28,24
REFUGIO COUNTY,391,3 Years,69,36,33,19,11,8,4,3,1,0,0,0,46,22,24
REFUGIO COUNTY,391,4 Years,95,42,53,23,9,14,6,4,2,2,0,2,64,29,35
REFUGIO COUNTY,391,5 Years,107,54,53,31,17,14,4,2,2,4,3,1,68,32,36
REFUGIO COUNTY,391,6 Years,93,48,45,27,13,14,6,4,2,2,2,0,58,29,29
REFUGIO COUNTY,391,7 Years,92,43,49,33,17,16,6,4,2,2,2,0,51,20,31
REFUGIO COUNTY,391,8 Years,90,45,45,31,17,14,5,4,1,4,2,2,50,22,28
REFUGIO COUNTY,391,9 Years,87,43,44,26,15,11,3,1,2,3,1,2,55,26,29
REFUGIO COUNTY,391,10 Years,87,45,42,30,18,12,5,3,2,2,0,2,50,24,26
REFUGIO COUNTY,391,11 Years,124,60,64,42,20,22,3,2,1,3,2,1,76,36,40
REFUGIO COUNTY,391,12 Years,107,45,62,28,12,16,3,2,1,1,1,0,75,30,45
REFUGIO COUNTY,391,13 Years,105,53,52,30,17,13,7,3,4,1,1,0,67,32,35
REFUGIO COUNTY,391,14 Years,103,57,46,38,21,17,12,7,5,1,1,0,52,28,24
REFUGIO COUNTY,391,15 Years,101,58,43,41,20,21,10,5,5,1,1,0,49,32,17
REFUGIO COUNTY,391,16 Years,100,56,44,36,20,16,9,4,5,2,2,0,53,30,23
REFUGIO COUNTY,391,17 Years,106,55,51,40,23,17,8,4,4,1,1,0,57,27,30
REFUGIO COUNTY,391,18 Years,104,56,48,42,21,21,10,5,5,2,1,1,50,29,21
REFUGIO COUNTY,391,19 Years,119,63,56,42,22,20,8,3,5,2,1,1,67,37,30
REFUGIO COUNTY,391,20 Years,111,60,51,42,22,20,5,3,2,1,1,0,63,34,29
REFUGIO COUNTY,391,21 Years,93,57,36,27,15,12,8,5,3,0,0,0,58,37,21
REFUGIO COUNTY,391,22 Years,102,55,47,30,15,15,8,6,2,3,2,1,61,32,29
REFUGIO COUNTY,391,23 Years,73,34,39,23,12,11,7,3,4,2,1,1,41,18,23
REFUGIO COUNTY,391,24 Years,62,35,27,16,12,4,8,4,4,1,1,0,37,18,19
REFUGIO COUNTY,391,25 Years,74,46,28,31,19,12,7,3,4,1,1,0,35,23,12
REFUGIO COUNTY,391,26 Years,65,28,37,28,14,14,3,0,3,2,2,0,32,12,20
REFUGIO COUNTY,391,27 Years,56,26,30,19,9,10,2,1,1,1,1,0,34,15,19
REFUGIO COUNTY,391,28 Years,58,28,30,21,13,8,3,2,1,1,0,1,33,13,20
REFUGIO COUNTY,391,29 Years,75,42,33,27,15,12,3,3,0,1,1,0,44,23,21
REFUGIO COUNTY,391,30 Years,73,34,39,27,14,13,4,3,1,1,0,1,41,17,24
REFUGIO COUNTY,391,31 Years,73,37,36,23,12,11,7,4,3,0,0,0,43,21,22
REFUGIO COUNTY,391,32 Years,67,33,34,23,12,11,3,2,1,1,1,0,40,18,22
REFUGIO COUNTY,391,33 Years,69,36,33,26,12,14,6,3,3,2,1,1,35,20,15
REFUGIO COUNTY,391,34 Years,75,34,41,31,12,19,6,2,4,1,1,0,37,19,18
REFUGIO COUNTY,391,35 Years,54,25,29,24,13,11,2,0,2,0,0,0,28,12,16
REFUGIO COUNTY,391,36 Years,60,30,30,28,17,11,4,3,1,0,0,0,28,10,18
REFUGIO COUNTY,391,37 Years,62,27,35,23,11,12,4,1,3,1,0,1,34,15,19
REFUGIO COUNTY,391,38 Years,76,33,43,30,12,18,6,3,3,1,1,0,39,17,22
REFUGIO COUNTY,391,39 Years,94,50,44,40,20,20,6,3,3,1,0,1,47,27,20
REFUGIO COUNTY,391,40 Years,78,38,40,30,15,15,2,1,1,1,0,1,45,22,23
REFUGIO COUNTY,391,41 Years,92,48,44,42,23,19,4,3,1,1,0,1,45,22,23
REFUGIO COUNTY,391,42 Years,90,47,43,38,22,16,4,2,2,2,1,1,46,22,24
REFUGIO COUNTY,391,43 Years,89,42,47,34,15,19,4,3,1,2,1,1,49,23,26
REFUGIO COUNTY,391,44 Years,91,39,52,39,19,20,4,2,2,2,1,1,46,17,29
REFUGIO COUNTY,391,45 Years,94,42,52,44,20,24,4,3,1,0,0,0,46,19,27
REFUGIO COUNTY,391,46 Years,87,42,45,38,16,22,5,3,2,1,1,0,43,22,21
REFUGIO COUNTY,391,47 Years,94,48,46,40,21,19,8,6,2,1,0,1,45,21,24
REFUGIO COUNTY,391,48 Years,104,53,51,49,25,24,7,6,1,0,0,0,48,22,26
REFUGIO COUNTY,391,49 Years,109,56,53,54,28,26,7,4,3,2,1,1,46,23,23
REFUGIO COUNTY,391,50 Years,109,54,55,54,25,29,7,3,4,1,0,1,47,26,21
REFUGIO COUNTY,391,51 Years,107,57,50,54,27,27,6,3,3,3,3,0,44,24,20
REFUGIO COUNTY,391,52 Years,105,57,48,49,29,20,11,3,8,4,2,2,41,23,18
REFUGIO COUNTY,391,53 Years,105,57,48,49,27,22,8,4,4,2,1,1,46,25,21
REFUGIO COUNTY,391,54 Years,110,54,56,54,26,28,6,4,2,3,1,2,47,23,24
REFUGIO COUNTY,391,55 Years,109,57,52,67,33,34,4,3,1,0,0,0,38,21,17
REFUGIO COUNTY,391,56 Years,121,60,61,63,29,34,5,2,3,3,1,2,50,28,22
REFUGIO COUNTY,391,57 Years,117,60,57,58,30,28,6,3,3,2,1,1,51,26,25
REFUGIO COUNTY,391,58 Years,100,49,51,53,24,29,7,4,3,1,0,1,39,21,18
REFUGIO COUNTY,391,59 Years,103,62,41,57,33,24,6,4,2,2,2,0,38,23,15
REFUGIO COUNTY,391,60 Years,94,53,41,45,24,21,5,4,1,2,2,0,42,23,19
REFUGIO COUNTY,391,61 Years,85,44,41,43,19,24,4,4,0,2,1,1,36,20,16
REFUGIO COUNTY,391,62 Years,89,42,47,48,21,27,2,1,1,1,0,1,38,20,18
REFUGIO COUNTY,391,63 Years,92,47,45,54,26,28,6,3,3,1,1,0,31,17,14
REFUGIO COUNTY,391,64 Years,111,48,63,59,24,35,7,2,5,2,0,2,43,22,21
REFUGIO COUNTY,391,65 Years,93,37,56,48,17,31,8,3,5,1,0,1,36,17,19
REFUGIO COUNTY,391,66 Years,99,44,55,50,25,25,5,1,4,2,0,2,42,18,24
REFUGIO COUNTY,391,67 Years,90,43,47,45,26,19,8,3,5,1,0,1,36,14,22
REFUGIO COUNTY,391,68 Years,101,52,49,58,26,32,8,5,3,3,2,1,32,19,13
REFUGIO COUNTY,391,69 Years,89,38,51,59,24,35,6,2,4,1,1,0,23,11,12
REFUGIO COUNTY,391,70 Years,71,31,40,38,19,19,5,2,3,1,0,1,27,10,17
REFUGIO COUNTY,391,71 Years,70,36,34,38,20,18,6,3,3,0,0,0,26,13,13
REFUGIO COUNTY,391,72 Years,68,36,32,43,22,21,3,3,0,0,0,0,22,11,11
REFUGIO COUNTY,391,73 Years,82,41,41,51,27,24,3,2,1,0,0,0,28,12,16
REFUGIO COUNTY,391,74 Years,69,35,34,42,22,20,3,0,3,0,0,0,24,13,11
REFUGIO COUNTY,391,75 Years,74,42,32,47,29,18,2,1,1,0,0,0,25,12,13
REFUGIO COUNTY,391,76 Years,67,39,28,43,27,16,2,1,1,0,0,0,22,11,11
REFUGIO COUNTY,391,77 Years,62,26,36,39,17,22,2,0,2,2,1,1,19,8,11
REFUGIO COUNTY,391,78 Years,49,22,27,28,12,16,2,2,0,1,0,1,18,8,10
REFUGIO COUNTY,391,79 Years,45,19,26,25,11,14,4,2,2,1,1,0,15,5,10
REFUGIO COUNTY,391,80 Years,45,13,32,28,8,20,1,0,1,0,0,0,16,5,11
REFUGIO COUNTY,391,81 Years,43,17,26,26,8,18,2,2,0,0,0,0,15,7,8
REFUGIO COUNTY,391,82 Years,36,16,20,23,10,13,4,2,2,1,1,0,8,3,5
REFUGIO COUNTY,391,83 Years,38,15,23,22,9,13,2,1,1,1,1,0,13,4,9
REFUGIO COUNTY,391,84 Years,34,14,20,17,6,11,1,1,0,0,0,0,16,7,9
REFUGIO COUNTY,391,85 Years +,194,73,121,125,49,76,14,6,8,0,0,0,55,18,37
ROBERTS COUNTY,393,All Ages,953,490,463,865,438,427,0,0,0,15,10,5,73,42,31
ROBERTS COUNTY,393,< 1 Year,10,8,2,9,7,2,0,0,0,1,1,0,0,0,0
ROBERTS COUNTY,393,1 Years,10,7,3,9,6,3,0,0,0,0,0,0,1,1,0
ROBERTS COUNTY,393,2 Years,12,7,5,11,6,5,0,0,0,0,0,0,1,1,0
ROBERTS COUNTY,393,3 Years,8,3,5,7,2,5,0,0,0,0,0,0,1,1,0
ROBERTS COUNTY,393,4 Years,17,12,5,13,9,4,0,0,0,0,0,0,4,3,1
ROBERTS COUNTY,393,5 Years,25,17,8,23,15,8,0,0,0,0,0,0,2,2,0
ROBERTS COUNTY,393,6 Years,14,9,5,10,7,3,0,0,0,1,1,0,3,1,2
ROBERTS COUNTY,393,7 Years,12,5,7,9,4,5,0,0,0,0,0,0,3,1,2
ROBERTS COUNTY,393,8 Years,10,5,5,9,4,5,0,0,0,0,0,0,1,1,0
ROBERTS COUNTY,393,9 Years,9,5,4,9,5,4,0,0,0,0,0,0,0,0,0
ROBERTS COUNTY,393,10 Years,10,5,5,10,5,5,0,0,0,0,0,0,0,0,0
ROBERTS COUNTY,393,11 Years,17,8,9,16,8,8,0,0,0,0,0,0,1,0,1
ROBERTS COUNTY,393,12 Years,15,8,7,14,8,6,0,0,0,0,0,0,1,0,1
ROBERTS COUNTY,393,13 Years,16,10,6,14,9,5,0,0,0,0,0,0,2,1,1
ROBERTS COUNTY,393,14 Years,19,11,8,17,10,7,0,0,0,0,0,0,2,1,1
ROBERTS COUNTY,393,15 Years,15,8,7,15,8,7,0,0,0,0,0,0,0,0,0
ROBERTS COUNTY,393,16 Years,13,6,7,13,6,7,0,0,0,0,0,0,0,0,0
ROBERTS COUNTY,393,17 Years,9,2,7,8,2,6,0,0,0,0,0,0,1,0,1
ROBERTS COUNTY,393,18 Years,11,4,7,10,4,6,0,0,0,0,0,0,1,0,1
ROBERTS COUNTY,393,19 Years,9,4,5,6,2,4,0,0,0,1,1,0,2,1,1
ROBERTS COUNTY,393,20 Years,12,5,7,10,3,7,0,0,0,1,1,0,1,1,0
ROBERTS COUNTY,393,21 Years,4,2,2,3,1,2,0,0,0,0,0,0,1,1,0
ROBERTS COUNTY,393,22 Years,7,5,2,7,5,2,0,0,0,0,0,0,0,0,0
ROBERTS COUNTY,393,23 Years,11,4,7,9,4,5,0,0,0,0,0,0,2,0,2
ROBERTS COUNTY,393,24 Years,8,4,4,7,4,3,0,0,0,0,0,0,1,0,1
ROBERTS COUNTY,393,25 Years,10,5,5,9,4,5,0,0,0,0,0,0,1,1,0
ROBERTS COUNTY,393,26 Years,8,2,6,5,1,4,0,0,0,0,0,0,3,1,2
ROBERTS COUNTY,393,27 Years,10,4,6,8,4,4,0,0,0,1,0,1,1,0,1
ROBERTS COUNTY,393,28 Years,11,5,6,9,5,4,0,0,0,1,0,1,1,0,1
ROBERTS COUNTY,393,29 Years,13,7,6,13,7,6,0,0,0,0,0,0,0,0,0
ROBERTS COUNTY,393,30 Years,15,8,7,14,7,7,0,0,0,0,0,0,1,1,0
ROBERTS COUNTY,393,31 Years,17,8,9,15,6,9,0,0,0,0,0,0,2,2,0
ROBERTS COUNTY,393,32 Years,11,4,7,11,4,7,0,0,0,0,0,0,0,0,0
ROBERTS COUNTY,393,33 Years,12,9,3,11,8,3,0,0,0,0,0,0,1,1,0
ROBERTS COUNTY,393,34 Years,11,7,4,11,7,4,0,0,0,0,0,0,0,0,0
ROBERTS COUNTY,393,35 Years,7,5,2,7,5,2,0,0,0,0,0,0,0,0,0
ROBERTS COUNTY,393,36 Years,7,2,5,6,2,4,0,0,0,0,0,0,1,0,1
ROBERTS COUNTY,393,37 Years,8,2,6,7,1,6,0,0,0,0,0,0,1,1,0
ROBERTS COUNTY,393,38 Years,5,1,4,5,1,4,0,0,0,0,0,0,0,0,0
ROBERTS COUNTY,393,39 Years,7,4,3,6,3,3,0,0,0,0,0,0,1,1,0
ROBERTS COUNTY,393,40 Years,7,3,4,6,3,3,0,0,0,0,0,0,1,0,1
ROBERTS COUNTY,393,41 Years,10,3,7,9,3,6,0,0,0,0,0,0,1,0,1
ROBERTS COUNTY,393,42 Years,13,5,8,12,4,8,0,0,0,0,0,0,1,1,0
ROBERTS COUNTY,393,43 Years,15,6,9,13,4,9,0,0,0,0,0,0,2,2,0
ROBERTS COUNTY,393,44 Years,12,7,5,10,6,4,0,0,0,0,0,0,2,1,1
ROBERTS COUNTY,393,45 Years,14,10,4,13,9,4,0,0,0,0,0,0,1,1,0
ROBERTS COUNTY,393,46 Years,13,9,4,13,9,4,0,0,0,0,0,0,0,0,0
ROBERTS COUNTY,393,47 Years,12,9,3,11,8,3,0,0,0,0,0,0,1,1,0
ROBERTS COUNTY,393,48 Years,14,6,8,12,6,6,0,0,0,0,0,0,2,0,2
ROBERTS COUNTY,393,49 Years,13,7,6,11,6,5,0,0,0,0,0,0,2,1,1
ROBERTS COUNTY,393,50 Years,16,10,6,15,9,6,0,0,0,1,1,0,0,0,0
ROBERTS COUNTY,393,51 Years,15,11,4,12,8,4,0,0,0,1,1,0,2,2,0
ROBERTS COUNTY,393,52 Years,17,5,12,15,5,10,0,0,0,0,0,0,2,0,2
ROBERTS COUNTY,393,53 Years,17,8,9,16,8,8,0,0,0,1,0,1,0,0,0
ROBERTS COUNTY,393,54 Years,10,5,5,10,5,5,0,0,0,0,0,0,0,0,0
ROBERTS COUNTY,393,55 Years,15,7,8,14,6,8,0,0,0,0,0,0,1,1,0
ROBERTS COUNTY,393,56 Years,10,4,6,10,4,6,0,0,0,0,0,0,0,0,0
ROBERTS COUNTY,393,57 Years,12,6,6,11,5,6,0,0,0,0,0,0,1,1,0
ROBERTS COUNTY,393,58 Years,17,7,10,16,7,9,0,0,0,0,0,0,1,0,1
ROBERTS COUNTY,393,59 Years,15,9,6,14,9,5,0,0,0,1,0,1,0,0,0
ROBERTS COUNTY,393,60 Years,14,8,6,12,7,5,0,0,0,0,0,0,2,1,1
ROBERTS COUNTY,393,61 Years,12,6,6,11,5,6,0,0,0,0,0,0,1,1,0
ROBERTS COUNTY,393,62 Years,11,7,4,9,5,4,0,0,0,2,2,0,0,0,0
ROBERTS COUNTY,393,63 Years,10,6,4,9,5,4,0,0,0,1,1,0,0,0,0
ROBERTS COUNTY,393,64 Years,15,9,6,15,9,6,0,0,0,0,0,0,0,0,0
ROBERTS COUNTY,393,65 Years,14,10,4,13,9,4,0,0,0,0,0,0,1,1,0
ROBERTS COUNTY,393,66 Years,10,5,5,9,4,5,0,0,0,0,0,0,1,1,0
ROBERTS COUNTY,393,67 Years,12,6,6,11,5,6,0,0,0,0,0,0,1,1,0
ROBERTS COUNTY,393,68 Years,17,9,8,16,8,8,0,0,0,1,1,0,0,0,0
ROBERTS COUNTY,393,69 Years,13,6,7,12,5,7,0,0,0,0,0,0,1,1,0
ROBERTS COUNTY,393,70 Years,11,6,5,10,5,5,0,0,0,0,0,0,1,1,0
ROBERTS COUNTY,393,71 Years,10,7,3,10,7,3,0,0,0,0,0,0,0,0,0
ROBERTS COUNTY,393,72 Years,6,3,3,6,3,3,0,0,0,0,0,0,0,0,0
ROBERTS COUNTY,393,73 Years,6,1,5,6,1,5,0,0,0,0,0,0,0,0,0
ROBERTS COUNTY,393,74 Years,11,4,7,11,4,7,0,0,0,0,0,0,0,0,0
ROBERTS COUNTY,393,75 Years,6,2,4,6,2,4,0,0,0,0,0,0,0,0,0
ROBERTS COUNTY,393,76 Years,5,2,3,5,2,3,0,0,0,0,0,0,0,0,0
ROBERTS COUNTY,393,77 Years,7,5,2,7,5,2,0,0,0,0,0,0,0,0,0
ROBERTS COUNTY,393,78 Years,5,3,2,5,3,2,0,0,0,0,0,0,0,0,0
ROBERTS COUNTY,393,79 Years,3,2,1,2,2,0,0,0,0,1,0,1,0,0,0
ROBERTS COUNTY,393,80 Years,2,1,1,2,1,1,0,0,0,0,0,0,0,0,0
ROBERTS COUNTY,393,81 Years,5,2,3,5,2,3,0,0,0,0,0,0,0,0,0
ROBERTS COUNTY,393,82 Years,5,1,4,5,1,4,0,0,0,0,0,0,0,0,0
ROBERTS COUNTY,393,83 Years,4,1,3,4,1,3,0,0,0,0,0,0,0,0,0
ROBERTS COUNTY,393,84 Years,4,1,3,4,1,3,0,0,0,0,0,0,0,0,0
ROBERTS COUNTY,393,85 Years +,13,3,10,12,3,9,0,0,0,0,0,0,1,0,1
ROBERTSON COUNTY,395,All Ages,17209,8518,8691,10029,5005,5024,3662,1712,1950,307,157,150,3211,1644,1567
ROBERTSON COUNTY,395,< 1 Year,206,103,103,101,43,58,49,28,21,3,2,1,53,30,23
ROBERTSON COUNTY,395,1 Years,208,108,100,101,50,51,48,26,22,4,3,1,55,29,26
ROBERTSON COUNTY,395,2 Years,217,111,106,91,48,43,47,25,22,5,3,2,74,35,39
ROBERTSON COUNTY,395,3 Years,213,101,112,87,40,47,46,21,25,8,5,3,72,35,37
ROBERTSON COUNTY,395,4 Years,251,129,122,110,62,48,55,23,32,10,6,4,76,38,38
ROBERTSON COUNTY,395,5 Years,243,116,127,120,57,63,54,24,30,5,3,2,64,32,32
ROBERTSON COUNTY,395,6 Years,252,135,117,117,67,50,55,25,30,3,2,1,77,41,36
ROBERTSON COUNTY,395,7 Years,227,122,105,101,55,46,52,28,24,7,3,4,67,36,31
ROBERTSON COUNTY,395,8 Years,222,115,107,104,61,43,54,27,27,4,0,4,60,27,33
ROBERTSON COUNTY,395,9 Years,214,111,103,99,60,39,44,18,26,3,0,3,68,33,35
ROBERTSON COUNTY,395,10 Years,217,105,112,96,48,48,51,24,27,5,2,3,65,31,34
ROBERTSON COUNTY,395,11 Years,246,117,129,117,53,64,60,32,28,9,4,5,60,28,32
ROBERTSON COUNTY,395,12 Years,266,139,127,136,72,64,57,29,28,10,5,5,63,33,30
ROBERTSON COUNTY,395,13 Years,235,130,105,118,67,51,54,31,23,6,2,4,57,30,27
ROBERTSON COUNTY,395,14 Years,236,112,124,105,54,51,61,29,32,8,3,5,62,26,36
ROBERTSON COUNTY,395,15 Years,241,128,113,116,67,49,58,32,26,7,2,5,60,27,33
ROBERTSON COUNTY,395,16 Years,239,135,104,120,73,47,63,34,29,4,2,2,52,26,26
ROBERTSON COUNTY,395,17 Years,255,148,107,115,67,48,74,45,29,5,4,1,61,32,29
ROBERTSON COUNTY,395,18 Years,276,151,125,124,67,57,82,46,36,8,4,4,62,34,28
ROBERTSON COUNTY,395,19 Years,265,140,125,126,70,56,78,36,42,5,3,2,56,31,25
ROBERTSON COUNTY,395,20 Years,236,126,110,108,61,47,73,39,34,5,4,1,50,22,28
ROBERTSON COUNTY,395,21 Years,207,105,102,89,46,43,65,31,34,2,1,1,51,27,24
ROBERTSON COUNTY,395,22 Years,197,93,104,72,38,34,66,26,40,2,2,0,57,27,30
ROBERTSON COUNTY,395,23 Years,178,85,93,77,39,38,56,22,34,3,2,1,42,22,20
ROBERTSON COUNTY,395,24 Years,177,86,91,82,38,44,43,18,25,2,1,1,50,29,21
ROBERTSON COUNTY,395,25 Years,174,90,84,79,41,38,49,25,24,3,3,0,43,21,22
ROBERTSON COUNTY,395,26 Years,169,75,94,83,42,41,43,19,24,4,1,3,39,13,26
ROBERTSON COUNTY,395,27 Years,193,98,95,97,52,45,39,19,20,5,1,4,52,26,26
ROBERTSON COUNTY,395,28 Years,184,93,91,90,50,40,40,19,21,2,1,1,52,23,29
ROBERTSON COUNTY,395,29 Years,195,90,105,88,41,47,49,24,25,2,1,1,56,24,32
ROBERTSON COUNTY,395,30 Years,189,97,92,107,53,54,35,21,14,3,2,1,44,21,23
ROBERTSON COUNTY,395,31 Years,174,95,79,95,51,44,31,18,13,3,2,1,45,24,21
ROBERTSON COUNTY,395,32 Years,206,113,93,112,60,52,41,20,21,2,1,1,51,32,19
ROBERTSON COUNTY,395,33 Years,197,108,89,101,57,44,35,18,17,4,2,2,57,31,26
ROBERTSON COUNTY,395,34 Years,191,90,101,99,46,53,40,18,22,3,2,1,49,24,25
ROBERTSON COUNTY,395,35 Years,181,92,89,98,51,47,35,17,18,4,2,2,44,22,22
ROBERTSON COUNTY,395,36 Years,170,85,85,83,43,40,43,20,23,3,1,2,41,21,20
ROBERTSON COUNTY,395,37 Years,188,82,106,94,39,55,54,24,30,2,1,1,38,18,20
ROBERTSON COUNTY,395,38 Years,167,82,85,85,42,43,38,15,23,3,3,0,41,22,19
ROBERTSON COUNTY,395,39 Years,168,88,80,94,56,38,34,10,24,2,2,0,38,20,18
ROBERTSON COUNTY,395,40 Years,193,94,99,115,54,61,37,16,21,3,2,1,38,22,16
ROBERTSON COUNTY,395,41 Years,207,83,124,122,47,75,40,13,27,5,2,3,40,21,19
ROBERTSON COUNTY,395,42 Years,190,88,102,112,55,57,39,9,30,6,3,3,33,21,12
ROBERTSON COUNTY,395,43 Years,204,96,108,119,60,59,44,16,28,3,2,1,38,18,20
ROBERTSON COUNTY,395,44 Years,212,96,116,127,59,68,42,18,24,3,1,2,40,18,22
ROBERTSON COUNTY,395,45 Years,222,106,116,124,52,72,54,30,24,5,3,2,39,21,18
ROBERTSON COUNTY,395,46 Years,226,107,119,137,60,77,50,27,23,4,2,2,35,18,17
ROBERTSON COUNTY,395,47 Years,231,122,109,138,74,64,51,28,23,3,1,2,39,19,20
ROBERTSON COUNTY,395,48 Years,236,125,111,145,75,70,51,28,23,5,3,2,35,19,16
ROBERTSON COUNTY,395,49 Years,228,123,105,155,81,74,47,29,18,2,1,1,24,12,12
ROBERTSON COUNTY,395,50 Years,231,109,122,151,72,79,47,18,29,4,2,2,29,17,12
ROBERTSON COUNTY,395,51 Years,218,113,105,132,66,66,44,19,25,6,3,3,36,25,11
ROBERTSON COUNTY,395,52 Years,261,139,122,160,89,71,57,22,35,5,2,3,39,26,13
ROBERTSON COUNTY,395,53 Years,264,128,136,179,87,92,48,20,28,4,2,2,33,19,14
ROBERTSON COUNTY,395,54 Years,252,120,132,159,78,81,58,25,33,6,1,5,29,16,13
ROBERTSON COUNTY,395,55 Years,259,132,127,166,89,77,58,27,31,4,0,4,31,16,15
ROBERTSON COUNTY,395,56 Years,243,133,110,161,89,72,48,25,23,6,4,2,28,15,13
ROBERTSON COUNTY,395,57 Years,236,115,121,171,84,87,37,16,21,7,5,2,21,10,11
ROBERTSON COUNTY,395,58 Years,260,129,131,182,90,92,38,15,23,6,3,3,34,21,13
ROBERTSON COUNTY,395,59 Years,247,114,133,168,75,93,43,18,25,4,2,2,32,19,13
ROBERTSON COUNTY,395,60 Years,208,103,105,142,68,74,43,24,19,2,0,2,21,11,10
ROBERTSON COUNTY,395,61 Years,213,108,105,152,72,80,41,24,17,2,0,2,18,12,6
ROBERTSON COUNTY,395,62 Years,220,106,114,156,75,81,39,19,20,3,1,2,22,11,11
ROBERTSON COUNTY,395,63 Years,234,112,122,168,78,90,41,20,21,2,1,1,23,13,10
ROBERTSON COUNTY,395,64 Years,225,117,108,162,85,77,40,19,21,3,3,0,20,10,10
ROBERTSON COUNTY,395,65 Years,229,122,107,169,93,76,37,15,22,2,2,0,21,12,9
ROBERTSON COUNTY,395,66 Years,198,102,96,140,73,67,37,16,21,2,2,0,19,11,8
ROBERTSON COUNTY,395,67 Years,155,68,87,117,54,63,20,5,15,2,1,1,16,8,8
ROBERTSON COUNTY,395,68 Years,176,87,89,133,72,61,29,9,20,0,0,0,14,6,8
ROBERTSON COUNTY,395,69 Years,170,78,92,128,60,68,25,11,14,3,1,2,14,6,8
ROBERTSON COUNTY,395,70 Years,171,79,92,121,56,65,30,13,17,1,0,1,19,10,9
ROBERTSON COUNTY,395,71 Years,149,66,83,114,49,65,21,8,13,3,2,1,11,7,4
ROBERTSON COUNTY,395,72 Years,143,61,82,117,51,66,16,7,9,2,1,1,8,2,6
ROBERTSON COUNTY,395,73 Years,145,68,77,116,54,62,22,10,12,0,0,0,7,4,3
ROBERTSON COUNTY,395,74 Years,139,71,68,101,50,51,23,12,11,2,1,1,13,8,5
ROBERTSON COUNTY,395,75 Years,138,73,65,101,53,48,19,12,7,1,0,1,17,8,9
ROBERTSON COUNTY,395,76 Years,122,52,70,96,42,54,14,5,9,1,1,0,11,4,7
ROBERTSON COUNTY,395,77 Years,106,47,59,82,35,47,20,10,10,0,0,0,4,2,2
ROBERTSON COUNTY,395,78 Years,98,49,49,74,42,32,21,6,15,0,0,0,3,1,2
ROBERTSON COUNTY,395,79 Years,99,49,50,77,41,36,12,5,7,1,1,0,9,2,7
ROBERTSON COUNTY,395,80 Years,78,31,47,64,25,39,7,3,4,1,1,0,6,2,4
ROBERTSON COUNTY,395,81 Years,75,31,44,59,24,35,9,4,5,0,0,0,7,3,4
ROBERTSON COUNTY,395,82 Years,76,26,50,58,21,37,13,2,11,0,0,0,5,3,2
ROBERTSON COUNTY,395,83 Years,76,32,44,59,27,32,12,3,9,0,0,0,5,2,3
ROBERTSON COUNTY,395,84 Years,73,38,35,59,29,30,9,5,4,0,0,0,5,4,1
ROBERTSON COUNTY,395,85 Years +,403,141,262,304,113,191,78,20,58,5,2,3,16,6,10
ROCKWALL COUNTY,397,All Ages,82980,40911,42069,60828,29792,31036,4734,2333,2401,3724,1777,1947,13694,7009,6685
ROCKWALL COUNTY,397,< 1 Year,973,489,484,667,336,331,48,24,24,47,25,22,211,104,107
ROCKWALL COUNTY,397,1 Years,967,496,471,667,341,326,47,24,23,45,23,22,208,108,100
ROCKWALL COUNTY,397,2 Years,997,498,499,651,324,327,56,30,26,48,21,27,242,123,119
ROCKWALL COUNTY,397,3 Years,1119,574,545,727,377,350,63,29,34,68,39,29,261,129,132
ROCKWALL COUNTY,397,4 Years,1201,611,590,775,402,373,66,33,33,74,40,34,286,136,150
ROCKWALL COUNTY,397,5 Years,1248,629,619,797,404,393,70,39,31,77,38,39,304,148,156
ROCKWALL COUNTY,397,6 Years,1289,663,626,839,434,405,75,41,34,73,38,35,302,150,152
ROCKWALL COUNTY,397,7 Years,1349,679,670,892,451,441,79,36,43,74,37,37,304,155,149
ROCKWALL COUNTY,397,8 Years,1416,718,698,936,469,467,86,39,47,82,40,42,312,170,142
ROCKWALL COUNTY,397,9 Years,1412,712,700,950,470,480,92,45,47,77,38,39,293,159,134
ROCKWALL COUNTY,397,10 Years,1432,745,687,942,474,468,96,50,46,79,47,32,315,174,141
ROCKWALL COUNTY,397,11 Years,1482,765,717,981,500,481,91,48,43,85,42,43,325,175,150
ROCKWALL COUNTY,397,12 Years,1488,750,738,980,488,492,89,41,48,78,42,36,341,179,162
ROCKWALL COUNTY,397,13 Years,1507,750,757,990,485,505,89,43,46,82,38,44,346,184,162
ROCKWALL COUNTY,397,14 Years,1531,790,741,1010,524,486,92,51,41,89,40,49,340,175,165
ROCKWALL COUNTY,397,15 Years,1463,758,705,984,513,471,104,54,50,68,31,37,307,160,147
ROCKWALL COUNTY,397,16 Years,1522,781,741,1024,524,500,117,59,58,81,43,38,300,155,145
ROCKWALL COUNTY,397,17 Years,1507,775,732,998,506,492,117,58,59,76,44,32,316,167,149
ROCKWALL COUNTY,397,18 Years,1395,732,663,937,475,462,106,58,48,68,42,26,284,157,127
ROCKWALL COUNTY,397,19 Years,1308,680,628,877,446,431,106,57,49,61,38,23,264,139,125
ROCKWALL COUNTY,397,20 Years,1073,574,499,701,379,322,74,39,35,61,30,31,237,126,111
ROCKWALL COUNTY,397,21 Years,795,430,365,483,253,230,62,35,27,39,19,20,211,123,88
ROCKWALL COUNTY,397,22 Years,731,395,336,438,244,194,65,31,34,35,20,15,193,100,93
ROCKWALL COUNTY,397,23 Years,655,352,303,414,220,194,43,22,21,34,20,14,164,90,74
ROCKWALL COUNTY,397,24 Years,615,327,288,392,207,185,38,20,18,35,19,16,150,81,69
ROCKWALL COUNTY,397,25 Years,632,327,305,423,212,211,32,18,14,31,13,18,146,84,62
ROCKWALL COUNTY,397,26 Years,686,333,353,462,209,253,27,15,12,34,17,17,163,92,71
ROCKWALL COUNTY,397,27 Years,760,373,387,531,253,278,37,18,19,31,17,14,161,85,76
ROCKWALL COUNTY,397,28 Years,800,398,402,555,281,274,37,12,25,38,19,19,170,86,84
ROCKWALL COUNTY,397,29 Years,879,403,476,613,280,333,39,17,22,42,19,23,185,87,98
ROCKWALL COUNTY,397,30 Years,942,454,488,676,329,347,42,21,21,38,15,23,186,89,97
ROCKWALL COUNTY,397,31 Years,1011,500,511,713,360,353,39,19,20,42,18,24,217,103,114
ROCKWALL COUNTY,397,32 Years,1055,509,546,747,356,391,56,30,26,36,16,20,216,107,109
ROCKWALL COUNTY,397,33 Years,1099,542,557,758,367,391,65,33,32,33,17,16,243,125,118
ROCKWALL COUNTY,397,34 Years,1134,521,613,782,359,423,64,26,38,42,19,23,246,117,129
ROCKWALL COUNTY,397,35 Years,1104,517,587,753,350,403,66,32,34,53,22,31,232,113,119
ROCKWALL COUNTY,397,36 Years,1172,543,629,804,367,437,80,31,49,53,22,31,235,123,112
ROCKWALL COUNTY,397,37 Years,1190,557,633,824,384,440,72,31,41,63,27,36,231,115,116
ROCKWALL COUNTY,397,38 Years,1228,578,650,860,408,452,71,32,39,62,20,42,235,118,117
ROCKWALL COUNTY,397,39 Years,1205,589,616,859,421,438,72,36,36,52,23,29,222,109,113
ROCKWALL COUNTY,397,40 Years,1279,608,671,906,430,476,87,39,48,56,28,28,230,111,119
ROCKWALL COUNTY,397,41 Years,1419,681,738,1015,490,525,106,49,57,66,33,33,232,109,123
ROCKWALL COUNTY,397,42 Years,1392,680,712,1020,502,518,89,44,45,59,30,29,224,104,120
ROCKWALL COUNTY,397,43 Years,1318,626,692,936,447,489,95,43,52,64,28,36,223,108,115
ROCKWALL COUNTY,397,44 Years,1337,664,673,971,481,490,86,43,43,61,29,32,219,111,108
ROCKWALL COUNTY,397,45 Years,1281,667,614,940,488,452,89,49,40,63,26,37,189,104,85
ROCKWALL COUNTY,397,46 Years,1264,671,593,926,496,430,99,50,49,58,28,30,181,97,84
ROCKWALL COUNTY,397,47 Years,1337,685,652,1019,525,494,100,45,55,45,24,21,173,91,82
ROCKWALL COUNTY,397,48 Years,1390,682,708,1073,514,559,91,49,42,54,25,29,172,94,78
ROCKWALL COUNTY,397,49 Years,1355,660,695,1061,514,547,85,41,44,41,17,24,168,88,80
ROCKWALL COUNTY,397,50 Years,1310,644,666,1041,511,530,77,40,37,46,20,26,146,73,73
ROCKWALL COUNTY,397,51 Years,1366,677,689,1071,529,542,96,56,40,41,19,22,158,73,85
ROCKWALL COUNTY,397,52 Years,1310,646,664,1044,512,532,73,38,35,41,19,22,152,77,75
ROCKWALL COUNTY,397,53 Years,1185,583,602,951,465,486,66,35,31,46,17,29,122,66,56
ROCKWALL COUNTY,397,54 Years,1149,562,587,947,466,481,58,28,30,47,18,29,97,50,47
ROCKWALL COUNTY,397,55 Years,1132,522,610,920,425,495,60,32,28,40,18,22,112,47,65
ROCKWALL COUNTY,397,56 Years,1110,547,563,918,441,477,60,32,28,37,21,16,95,53,42
ROCKWALL COUNTY,397,57 Years,1068,511,557,899,426,473,46,20,26,42,18,24,81,47,34
ROCKWALL COUNTY,397,58 Years,966,471,495,819,406,413,42,17,25,36,10,26,69,38,31
ROCKWALL COUNTY,397,59 Years,930,448,482,788,388,400,40,22,18,42,16,26,60,22,38
ROCKWALL COUNTY,397,60 Years,918,473,445,774,404,370,41,18,23,37,16,21,66,35,31
ROCKWALL COUNTY,397,61 Years,836,417,419,710,355,355,38,19,19,34,13,21,54,30,24
ROCKWALL COUNTY,397,62 Years,796,389,407,683,327,356,32,19,13,31,12,19,50,31,19
ROCKWALL COUNTY,397,63 Years,782,378,404,676,319,357,27,14,13,33,19,14,46,26,20
ROCKWALL COUNTY,397,64 Years,761,364,397,649,309,340,31,17,14,37,17,20,44,21,23
ROCKWALL COUNTY,397,65 Years,775,373,402,673,328,345,25,10,15,32,11,21,45,24,21
ROCKWALL COUNTY,397,66 Years,607,300,307,524,261,263,17,10,7,19,6,13,47,23,24
ROCKWALL COUNTY,397,67 Years,574,258,316,498,230,268,25,9,16,11,2,9,40,17,23
ROCKWALL COUNTY,397,68 Years,600,267,333,534,243,291,22,9,13,19,5,14,25,10,15
ROCKWALL COUNTY,397,69 Years,607,277,330,543,250,293,13,6,7,20,8,12,31,13,18
ROCKWALL COUNTY,397,70 Years,522,257,265,461,227,234,13,6,7,20,11,9,28,13,15
ROCKWALL COUNTY,397,71 Years,483,249,234,424,223,201,20,6,14,15,9,6,24,11,13
ROCKWALL COUNTY,397,72 Years,449,218,231,398,195,203,17,7,10,15,8,7,19,8,11
ROCKWALL COUNTY,397,73 Years,409,189,220,369,171,198,8,4,4,17,8,9,15,6,9
ROCKWALL COUNTY,397,74 Years,346,156,190,312,144,168,6,2,4,13,5,8,15,5,10
ROCKWALL COUNTY,397,75 Years,303,144,159,269,130,139,9,4,5,12,5,7,13,5,8
ROCKWALL COUNTY,397,76 Years,303,150,153,268,131,137,7,3,4,11,7,4,17,9,8
ROCKWALL COUNTY,397,77 Years,286,127,159,264,118,146,6,3,3,6,3,3,10,3,7
ROCKWALL COUNTY,397,78 Years,264,101,163,238,92,146,6,3,3,8,3,5,12,3,9
ROCKWALL COUNTY,397,79 Years,260,115,145,233,107,126,5,0,5,9,4,5,13,4,9
ROCKWALL COUNTY,397,80 Years,221,92,129,192,84,108,5,1,4,12,4,8,12,3,9
ROCKWALL COUNTY,397,81 Years,218,80,138,198,71,127,5,0,5,6,4,2,9,5,4
ROCKWALL COUNTY,397,82 Years,200,76,124,177,68,109,7,3,4,7,2,5,9,3,6
ROCKWALL COUNTY,397,83 Years,173,71,102,156,64,92,6,3,3,5,3,2,6,1,5
ROCKWALL COUNTY,397,84 Years,153,61,92,140,57,83,3,1,2,6,2,4,4,1,3
ROCKWALL COUNTY,397,85 Years +,864,277,587,788,246,542,25,7,18,18,8,10,33,16,17
RUNNELS COUNTY,399,All Ages,10670,5294,5376,6872,3363,3509,162,88,74,136,62,74,3500,1781,1719
RUNNELS COUNTY,399,< 1 Year,114,54,60,63,29,34,1,0,1,2,1,1,48,24,24
RUNNELS COUNTY,399,1 Years,125,64,61,64,33,31,2,1,1,1,1,0,58,29,29
RUNNELS COUNTY,399,2 Years,125,68,57,61,33,28,1,0,1,1,1,0,62,34,28
RUNNELS COUNTY,399,3 Years,132,69,63,69,37,32,0,0,0,2,0,2,61,32,29
RUNNELS COUNTY,399,4 Years,155,80,75,77,39,38,2,2,0,3,0,3,73,39,34
RUNNELS COUNTY,399,5 Years,151,71,80,67,30,37,4,3,1,3,2,1,77,36,41
RUNNELS COUNTY,399,6 Years,145,83,62,67,36,31,5,4,1,1,1,0,72,42,30
RUNNELS COUNTY,399,7 Years,147,80,67,64,33,31,2,1,1,1,1,0,80,45,35
RUNNELS COUNTY,399,8 Years,149,76,73,74,38,36,3,2,1,1,0,1,71,36,35
RUNNELS COUNTY,399,9 Years,147,78,69,75,41,34,1,1,0,0,0,0,71,36,35
RUNNELS COUNTY,399,10 Years,137,69,68,61,24,37,2,1,1,1,0,1,73,44,29
RUNNELS COUNTY,399,11 Years,139,72,67,76,40,36,2,1,1,1,0,1,60,31,29
RUNNELS COUNTY,399,12 Years,148,76,72,82,43,39,3,2,1,3,3,0,60,28,32
RUNNELS COUNTY,399,13 Years,136,69,67,67,36,31,3,2,1,2,1,1,64,30,34
RUNNELS COUNTY,399,14 Years,171,82,89,87,41,46,3,1,2,3,1,2,78,39,39
RUNNELS COUNTY,399,15 Years,180,90,90,94,47,47,1,0,1,2,0,2,83,43,40
RUNNELS COUNTY,399,16 Years,165,92,73,84,47,37,3,3,0,3,2,1,75,40,35
RUNNELS COUNTY,399,17 Years,151,91,60,73,44,29,2,2,0,2,2,0,74,43,31
RUNNELS COUNTY,399,18 Years,150,79,71,78,36,42,2,1,1,2,2,0,68,40,28
RUNNELS COUNTY,399,19 Years,143,80,63,81,44,37,2,1,1,3,2,1,57,33,24
RUNNELS COUNTY,399,20 Years,135,84,51,75,47,28,4,3,1,3,2,1,53,32,21
RUNNELS COUNTY,399,21 Years,115,60,55,60,30,30,1,1,0,3,2,1,51,27,24
RUNNELS COUNTY,399,22 Years,109,55,54,53,29,24,3,1,2,3,2,1,50,23,27
RUNNELS COUNTY,399,23 Years,111,59,52,53,28,25,4,2,2,4,3,1,50,26,24
RUNNELS COUNTY,399,24 Years,106,51,55,59,26,33,3,3,0,2,1,1,42,21,21
RUNNELS COUNTY,399,25 Years,93,47,46,59,30,29,1,1,0,2,1,1,31,15,16
RUNNELS COUNTY,399,26 Years,97,45,52,56,29,27,5,1,4,1,0,1,35,15,20
RUNNELS COUNTY,399,27 Years,117,60,57,70,39,31,5,2,3,2,1,1,40,18,22
RUNNELS COUNTY,399,28 Years,115,60,55,69,40,29,2,1,1,2,1,1,42,18,24
RUNNELS COUNTY,399,29 Years,117,63,54,64,36,28,1,1,0,2,1,1,50,25,25
RUNNELS COUNTY,399,30 Years,99,41,58,57,22,35,1,1,0,1,0,1,40,18,22
RUNNELS COUNTY,399,31 Years,102,51,51,57,30,27,1,1,0,1,0,1,43,20,23
RUNNELS COUNTY,399,32 Years,107,58,49,67,40,27,1,1,0,1,0,1,38,17,21
RUNNELS COUNTY,399,33 Years,104,62,42,68,42,26,2,2,0,2,1,1,32,17,15
RUNNELS COUNTY,399,34 Years,101,61,40,60,37,23,0,0,0,2,1,1,39,23,16
RUNNELS COUNTY,399,35 Years,88,38,50,48,21,27,1,0,1,3,2,1,36,15,21
RUNNELS COUNTY,399,36 Years,85,39,46,50,22,28,1,0,1,0,0,0,34,17,17
RUNNELS COUNTY,399,37 Years,96,44,52,58,24,34,0,0,0,0,0,0,38,20,18
RUNNELS COUNTY,399,38 Years,109,47,62,65,30,35,1,1,0,3,1,2,40,15,25
RUNNELS COUNTY,399,39 Years,101,49,52,62,32,30,1,1,0,1,0,1,37,16,21
RUNNELS COUNTY,399,40 Years,115,55,60,78,37,41,1,1,0,0,0,0,36,17,19
RUNNELS COUNTY,399,41 Years,121,55,66,76,33,43,2,1,1,0,0,0,43,21,22
RUNNELS COUNTY,399,42 Years,135,61,74,89,40,49,2,0,2,1,0,1,43,21,22
RUNNELS COUNTY,399,43 Years,134,60,74,78,42,36,2,0,2,1,1,0,53,17,36
RUNNELS COUNTY,399,44 Years,113,52,61,73,38,35,1,0,1,1,1,0,38,13,25
RUNNELS COUNTY,399,45 Years,123,57,66,77,36,41,1,1,0,0,0,0,45,20,25
RUNNELS COUNTY,399,46 Years,130,65,65,85,39,46,1,0,1,1,1,0,43,25,18
RUNNELS COUNTY,399,47 Years,144,72,72,92,46,46,1,1,0,2,1,1,49,24,25
RUNNELS COUNTY,399,48 Years,140,71,69,96,48,48,3,2,1,1,0,1,40,21,19
RUNNELS COUNTY,399,49 Years,153,77,76,108,53,55,3,3,0,1,0,1,41,21,20
RUNNELS COUNTY,399,50 Years,162,78,84,109,50,59,3,2,1,1,0,1,49,26,23
RUNNELS COUNTY,399,51 Years,134,74,60,91,49,42,3,2,1,2,0,2,38,23,15
RUNNELS COUNTY,399,52 Years,147,75,72,98,49,49,2,0,2,2,1,1,45,25,20
RUNNELS COUNTY,399,53 Years,150,68,82,107,44,63,2,0,2,0,0,0,41,24,17
RUNNELS COUNTY,399,54 Years,131,61,70,90,40,50,2,0,2,1,0,1,38,21,17
RUNNELS COUNTY,399,55 Years,149,81,68,108,58,50,5,3,2,1,0,1,35,20,15
RUNNELS COUNTY,399,56 Years,170,82,88,123,58,65,3,2,1,4,1,3,40,21,19
RUNNELS COUNTY,399,57 Years,159,80,79,116,58,58,2,1,1,3,1,2,38,20,18
RUNNELS COUNTY,399,58 Years,147,75,72,108,52,56,5,3,2,1,0,1,33,20,13
RUNNELS COUNTY,399,59 Years,137,71,66,106,54,52,3,2,1,2,2,0,26,13,13
RUNNELS COUNTY,399,60 Years,172,97,75,133,74,59,2,1,1,3,3,0,34,19,15
RUNNELS COUNTY,399,61 Years,146,81,65,116,64,52,4,2,2,2,1,1,24,14,10
RUNNELS COUNTY,399,62 Years,140,68,72,101,49,52,2,0,2,2,1,1,35,18,17
RUNNELS COUNTY,399,63 Years,128,62,66,91,42,49,1,0,1,1,1,0,35,19,16
RUNNELS COUNTY,399,64 Years,128,50,78,99,36,63,1,0,1,1,0,1,27,14,13
RUNNELS COUNTY,399,65 Years,144,70,74,117,54,63,2,1,1,0,0,0,25,15,10
RUNNELS COUNTY,399,66 Years,122,61,61,95,47,48,3,1,2,0,0,0,24,13,11
RUNNELS COUNTY,399,67 Years,129,62,67,98,47,51,2,0,2,0,0,0,29,15,14
RUNNELS COUNTY,399,68 Years,126,58,68,98,47,51,2,1,1,1,1,0,25,9,16
RUNNELS COUNTY,399,69 Years,121,55,66,93,41,52,1,1,0,2,2,0,25,11,14
RUNNELS COUNTY,399,70 Years,104,44,60,74,33,41,2,1,1,1,0,1,27,10,17
RUNNELS COUNTY,399,71 Years,107,49,58,84,39,45,2,1,1,1,0,1,20,9,11
RUNNELS COUNTY,399,72 Years,89,46,43,67,31,36,1,1,0,0,0,0,21,14,7
RUNNELS COUNTY,399,73 Years,99,49,50,79,39,40,0,0,0,1,0,1,19,10,9
RUNNELS COUNTY,399,74 Years,100,44,56,80,35,45,0,0,0,6,2,4,14,7,7
RUNNELS COUNTY,399,75 Years,77,33,44,63,30,33,0,0,0,2,0,2,12,3,9
RUNNELS COUNTY,399,76 Years,81,38,43,67,33,34,1,1,0,1,0,1,12,4,8
RUNNELS COUNTY,399,77 Years,70,33,37,56,25,31,1,1,0,2,2,0,11,5,6
RUNNELS COUNTY,399,78 Years,70,30,40,59,25,34,0,0,0,0,0,0,11,5,6
RUNNELS COUNTY,399,79 Years,80,36,44,72,34,38,2,0,2,0,0,0,6,2,4
RUNNELS COUNTY,399,80 Years,68,34,34,61,33,28,1,0,1,0,0,0,6,1,5
RUNNELS COUNTY,399,81 Years,75,26,49,65,23,42,1,0,1,1,0,1,8,3,5
RUNNELS COUNTY,399,82 Years,67,31,36,57,26,31,1,0,1,1,0,1,8,5,3
RUNNELS COUNTY,399,83 Years,57,29,28,47,22,25,1,1,0,0,0,0,9,6,3
RUNNELS COUNTY,399,84 Years,53,22,31,47,18,29,0,0,0,0,0,0,6,4,2
RUNNELS COUNTY,399,85 Years +,306,119,187,271,107,164,0,0,0,8,1,7,27,11,16
RUSK COUNTY,401,All Ages,54224,28583,25641,35366,18031,17335,9455,5311,4144,1186,584,602,8217,4657,3560
RUSK COUNTY,401,< 1 Year,680,355,325,404,216,188,86,43,43,14,6,8,176,90,86
RUSK COUNTY,401,1 Years,649,333,316,403,205,198,84,43,41,15,8,7,147,77,70
RUSK COUNTY,401,2 Years,656,329,327,365,181,184,91,50,41,24,14,10,176,84,92
RUSK COUNTY,401,3 Years,680,347,333,376,196,180,94,52,42,34,20,14,176,79,97
RUSK COUNTY,401,4 Years,704,350,354,401,206,195,95,46,49,33,13,20,175,85,90
RUSK COUNTY,401,5 Years,706,351,355,405,211,194,93,43,50,30,12,18,178,85,93
RUSK COUNTY,401,6 Years,701,350,351,402,204,198,95,48,47,32,15,17,172,83,89
RUSK COUNTY,401,7 Years,710,366,344,387,204,183,109,64,45,26,14,12,188,84,104
RUSK COUNTY,401,8 Years,652,336,316,356,181,175,104,62,42,23,13,10,169,80,89
RUSK COUNTY,401,9 Years,667,324,343,378,182,196,111,61,50,29,11,18,149,70,79
RUSK COUNTY,401,10 Years,686,337,349,411,203,208,103,49,54,28,13,15,144,72,72
RUSK COUNTY,401,11 Years,744,367,377,429,218,211,124,56,68,23,12,11,168,81,87
RUSK COUNTY,401,12 Years,736,364,372,420,210,210,124,61,63,25,13,12,167,80,87
RUSK COUNTY,401,13 Years,683,341,342,403,200,203,91,45,46,27,16,11,162,80,82
RUSK COUNTY,401,14 Years,687,348,339,393,204,189,112,53,59,23,11,12,159,80,79
RUSK COUNTY,401,15 Years,667,331,336,388,191,197,111,55,56,22,11,11,146,74,72
RUSK COUNTY,401,16 Years,666,340,326,410,207,203,94,47,47,22,10,12,140,76,64
RUSK COUNTY,401,17 Years,703,364,339,416,217,199,115,52,63,24,11,13,148,84,64
RUSK COUNTY,401,18 Years,756,412,344,445,235,210,132,69,63,20,14,6,159,94,65
RUSK COUNTY,401,19 Years,739,409,330,427,221,206,144,89,55,22,13,9,146,86,60
RUSK COUNTY,401,20 Years,694,399,295,398,220,178,150,95,55,18,10,8,128,74,54
RUSK COUNTY,401,21 Years,675,389,286,378,210,168,150,92,58,14,9,5,133,78,55
RUSK COUNTY,401,22 Years,687,396,291,374,191,183,147,99,48,14,9,5,152,97,55
RUSK COUNTY,401,23 Years,702,413,289,386,208,178,161,112,49,14,7,7,141,86,55
RUSK COUNTY,401,24 Years,718,441,277,401,228,173,151,106,45,11,5,6,155,102,53
RUSK COUNTY,401,25 Years,720,428,292,402,223,179,141,100,41,20,10,10,157,95,62
RUSK COUNTY,401,26 Years,717,437,280,406,224,182,129,94,35,19,12,7,163,107,56
RUSK COUNTY,401,27 Years,719,429,290,420,235,185,123,84,39,12,4,8,164,106,58
RUSK COUNTY,401,28 Years,678,401,277,393,215,178,134,93,41,9,3,6,142,90,52
RUSK COUNTY,401,29 Years,691,391,300,405,218,187,154,93,61,10,5,5,122,75,47
RUSK COUNTY,401,30 Years,752,428,324,440,232,208,150,102,48,14,6,8,148,88,60
RUSK COUNTY,401,31 Years,767,431,336,457,237,220,144,101,43,15,9,6,151,84,67
RUSK COUNTY,401,32 Years,755,431,324,442,243,199,139,87,52,15,6,9,159,95,64
RUSK COUNTY,401,33 Years,711,397,314,438,233,205,127,85,42,15,4,11,131,75,56
RUSK COUNTY,401,34 Years,686,389,297,417,229,188,126,77,49,16,6,10,127,77,50
RUSK COUNTY,401,35 Years,678,399,279,420,236,184,125,79,46,17,7,10,116,77,39
RUSK COUNTY,401,36 Years,696,384,312,417,218,199,132,75,57,15,7,8,132,84,48
RUSK COUNTY,401,37 Years,696,374,322,432,221,211,114,63,51,12,7,5,138,83,55
RUSK COUNTY,401,38 Years,677,389,288,416,238,178,110,64,46,11,3,8,140,84,56
RUSK COUNTY,401,39 Years,642,367,275,395,226,169,105,63,42,14,6,8,128,72,56
RUSK COUNTY,401,40 Years,655,367,288,407,236,171,115,60,55,14,6,8,119,65,54
RUSK COUNTY,401,41 Years,732,400,332,465,251,214,140,76,64,12,5,7,115,68,47
RUSK COUNTY,401,42 Years,775,428,347,512,268,244,128,82,46,12,5,7,123,73,50
RUSK COUNTY,401,43 Years,698,390,308,462,243,219,116,76,40,15,6,9,105,65,40
RUSK COUNTY,401,44 Years,701,394,307,432,226,206,152,92,60,10,3,7,107,73,34
RUSK COUNTY,401,45 Years,727,410,317,446,233,213,151,93,58,12,8,4,118,76,42
RUSK COUNTY,401,46 Years,710,394,316,446,241,205,155,88,67,11,5,6,98,60,38
RUSK COUNTY,401,47 Years,741,418,323,473,263,210,166,89,77,14,6,8,88,60,28
RUSK COUNTY,401,48 Years,790,456,334,526,285,241,163,99,64,11,7,4,90,65,25
RUSK COUNTY,401,49 Years,789,446,343,520,280,240,168,96,72,10,6,4,91,64,27
RUSK COUNTY,401,50 Years,785,410,375,538,265,273,156,91,65,11,7,4,80,47,33
RUSK COUNTY,401,51 Years,809,420,389,578,294,284,143,72,71,12,6,6,76,48,28
RUSK COUNTY,401,52 Years,862,453,409,582,291,291,168,97,71,15,6,9,97,59,38
RUSK COUNTY,401,53 Years,790,439,351,537,287,250,158,97,61,14,6,8,81,49,32
RUSK COUNTY,401,54 Years,807,458,349,572,316,256,153,98,55,16,9,7,66,35,31
RUSK COUNTY,401,55 Years,810,440,370,555,296,259,167,93,74,13,7,6,75,44,31
RUSK COUNTY,401,56 Years,772,392,380,548,276,272,148,76,72,15,7,8,61,33,28
RUSK COUNTY,401,57 Years,752,403,349,535,279,256,151,85,66,12,4,8,54,35,19
RUSK COUNTY,401,58 Years,729,381,348,527,266,261,137,68,69,13,10,3,52,37,15
RUSK COUNTY,401,59 Years,761,385,376,561,275,286,135,73,62,11,4,7,54,33,21
RUSK COUNTY,401,60 Years,693,343,350,520,259,261,121,56,65,10,3,7,42,25,17
RUSK COUNTY,401,61 Years,627,322,305,474,238,236,109,60,49,11,7,4,33,17,16
RUSK COUNTY,401,62 Years,619,320,299,455,225,230,123,68,55,11,6,5,30,21,9
RUSK COUNTY,401,63 Years,601,306,295,461,236,225,107,51,56,9,6,3,24,13,11
RUSK COUNTY,401,64 Years,626,319,307,491,252,239,90,42,48,10,7,3,35,18,17
RUSK COUNTY,401,65 Years,641,311,330,507,244,263,96,46,50,9,4,5,29,17,12
RUSK COUNTY,401,66 Years,533,253,280,415,197,218,90,39,51,7,5,2,21,12,9
RUSK COUNTY,401,67 Years,512,250,262,421,210,211,64,27,37,6,2,4,21,11,10
RUSK COUNTY,401,68 Years,470,227,243,378,183,195,67,31,36,6,2,4,19,11,8
RUSK COUNTY,401,69 Years,458,225,233,364,175,189,72,37,35,6,3,3,16,10,6
RUSK COUNTY,401,70 Years,417,192,225,341,155,186,59,28,31,7,4,3,10,5,5
RUSK COUNTY,401,71 Years,396,176,220,341,150,191,46,22,24,4,3,1,5,1,4
RUSK COUNTY,401,72 Years,395,191,204,329,156,173,49,26,23,4,3,1,13,6,7
RUSK COUNTY,401,73 Years,344,162,182,284,132,152,46,24,22,4,2,2,10,4,6
RUSK COUNTY,401,74 Years,332,162,170,277,134,143,41,20,21,7,3,4,7,5,2
RUSK COUNTY,401,75 Years,290,125,165,233,102,131,42,18,24,5,2,3,10,3,7
RUSK COUNTY,401,76 Years,294,135,159,240,106,134,39,19,20,3,3,0,12,7,5
RUSK COUNTY,401,77 Years,290,134,156,240,111,129,41,19,22,1,1,0,8,3,5
RUSK COUNTY,401,78 Years,254,116,138,211,99,112,33,13,20,4,1,3,6,3,3
RUSK COUNTY,401,79 Years,245,110,135,195,87,108,37,16,21,4,1,3,9,6,3
RUSK COUNTY,401,80 Years,218,95,123,176,79,97,37,13,24,1,1,0,4,2,2
RUSK COUNTY,401,81 Years,226,81,145,177,67,110,42,12,30,4,1,3,3,1,2
RUSK COUNTY,401,82 Years,226,89,137,193,77,116,27,9,18,3,1,2,3,2,1
RUSK COUNTY,401,83 Years,198,82,116,174,72,102,19,9,10,2,0,2,3,1,2
RUSK COUNTY,401,84 Years,172,64,108,149,57,92,16,4,12,2,0,2,5,3,2
RUSK COUNTY,401,85 Years +,1019,342,677,842,280,562,148,49,99,12,5,7,17,8,9
SABINE COUNTY,403,All Ages,11001,5395,5606,9613,4694,4919,796,404,392,236,118,118,356,179,177
SABINE COUNTY,403,< 1 Year,88,46,42,70,36,34,11,7,4,3,2,1,4,1,3
SABINE COUNTY,403,1 Years,102,54,48,84,44,40,11,6,5,1,1,0,6,3,3
SABINE COUNTY,403,2 Years,96,41,55,71,28,43,8,4,4,4,3,1,13,6,7
SABINE COUNTY,403,3 Years,100,48,52,76,35,41,8,4,4,7,4,3,9,5,4
SABINE COUNTY,403,4 Years,109,53,56,83,40,43,9,4,5,9,5,4,8,4,4
SABINE COUNTY,403,5 Years,116,61,55,92,51,41,11,5,6,4,2,2,9,3,6
SABINE COUNTY,403,6 Years,121,61,60,93,45,48,13,8,5,4,2,2,11,6,5
SABINE COUNTY,403,7 Years,114,64,50,87,47,40,11,7,4,6,4,2,10,6,4
SABINE COUNTY,403,8 Years,93,49,44,76,40,36,5,3,2,4,2,2,8,4,4
SABINE COUNTY,403,9 Years,99,51,48,79,40,39,7,5,2,5,3,2,8,3,5
SABINE COUNTY,403,10 Years,108,57,51,89,49,40,7,3,4,5,2,3,7,3,4
SABINE COUNTY,403,11 Years,121,63,58,99,53,46,11,5,6,2,0,2,9,5,4
SABINE COUNTY,403,12 Years,133,72,61,108,59,49,10,4,6,6,3,3,9,6,3
SABINE COUNTY,403,13 Years,133,61,72,110,49,61,11,5,6,7,4,3,5,3,2
SABINE COUNTY,403,14 Years,123,53,70,101,43,58,13,5,8,5,3,2,4,2,2
SABINE COUNTY,403,15 Years,125,53,72,102,42,60,14,6,8,3,3,0,6,2,4
SABINE COUNTY,403,16 Years,132,64,68,116,56,60,8,3,5,6,4,2,2,1,1
SABINE COUNTY,403,17 Years,132,62,70,116,55,61,8,4,4,5,2,3,3,1,2
SABINE COUNTY,403,18 Years,142,72,70,122,60,62,10,7,3,4,2,2,6,3,3
SABINE COUNTY,403,19 Years,137,73,64,112,57,55,19,13,6,3,2,1,3,1,2
SABINE COUNTY,403,20 Years,120,66,54,95,51,44,20,11,9,1,1,0,4,3,1
SABINE COUNTY,403,21 Years,91,47,44,74,40,34,10,3,7,3,2,1,4,2,2
SABINE COUNTY,403,22 Years,90,41,49,73,34,39,11,4,7,2,2,0,4,1,3
SABINE COUNTY,403,23 Years,92,41,51,74,36,38,13,4,9,0,0,0,5,1,4
SABINE COUNTY,403,24 Years,87,41,46,72,35,37,10,5,5,1,0,1,4,1,3
SABINE COUNTY,403,25 Years,91,41,50,73,32,41,7,5,2,2,1,1,9,3,6
SABINE COUNTY,403,26 Years,90,51,39,77,42,35,6,5,1,2,1,1,5,3,2
SABINE COUNTY,403,27 Years,79,40,39,66,29,37,7,6,1,2,1,1,4,4,0
SABINE COUNTY,403,28 Years,74,39,35,67,34,33,3,2,1,1,1,0,3,2,1
SABINE COUNTY,403,29 Years,80,43,37,67,36,31,7,3,4,1,1,0,5,3,2
SABINE COUNTY,403,30 Years,80,41,39,65,29,36,5,3,2,1,1,0,9,8,1
SABINE COUNTY,403,31 Years,84,30,54,65,20,45,10,6,4,1,1,0,8,3,5
SABINE COUNTY,403,32 Years,89,34,55,75,29,46,9,3,6,1,0,1,4,2,2
SABINE COUNTY,403,33 Years,88,38,50,76,32,44,6,3,3,3,2,1,3,1,2
SABINE COUNTY,403,34 Years,88,46,42,74,37,37,8,6,2,3,1,2,3,2,1
SABINE COUNTY,403,35 Years,85,43,42,73,35,38,8,5,3,1,0,1,3,3,0
SABINE COUNTY,403,36 Years,80,43,37,71,38,33,4,3,1,1,0,1,4,2,2
SABINE COUNTY,403,37 Years,77,38,39,67,35,32,4,1,3,2,1,1,4,1,3
SABINE COUNTY,403,38 Years,87,43,44,74,34,40,7,5,2,3,1,2,3,3,0
SABINE COUNTY,403,39 Years,90,44,46,73,36,37,12,5,7,1,1,0,4,2,2
SABINE COUNTY,403,40 Years,97,44,53,83,37,46,9,5,4,1,0,1,4,2,2
SABINE COUNTY,403,41 Years,94,47,47,85,41,44,6,4,2,1,1,0,2,1,1
SABINE COUNTY,403,42 Years,114,56,58,97,50,47,8,2,6,4,3,1,5,1,4
SABINE COUNTY,403,43 Years,118,51,67,103,45,58,9,4,5,2,1,1,4,1,3
SABINE COUNTY,403,44 Years,120,55,65,100,48,52,14,4,10,2,1,1,4,2,2
SABINE COUNTY,403,45 Years,109,46,63,85,34,51,18,8,10,3,1,2,3,3,0
SABINE COUNTY,403,46 Years,109,60,49,92,49,43,11,5,6,1,1,0,5,5,0
SABINE COUNTY,403,47 Years,135,69,66,111,57,54,17,8,9,3,2,1,4,2,2
SABINE COUNTY,403,48 Years,135,75,60,118,67,51,10,4,6,4,2,2,3,2,1
SABINE COUNTY,403,49 Years,131,60,71,116,52,64,9,5,4,2,0,2,4,3,1
SABINE COUNTY,403,50 Years,166,83,83,152,76,76,9,5,4,2,0,2,3,2,1
SABINE COUNTY,403,51 Years,171,87,84,154,78,76,12,7,5,2,0,2,3,2,1
SABINE COUNTY,403,52 Years,160,84,76,144,73,71,11,8,3,3,1,2,2,2,0
SABINE COUNTY,403,53 Years,165,80,85,146,70,76,13,7,6,3,1,2,3,2,1
SABINE COUNTY,403,54 Years,171,74,97,144,63,81,21,10,11,3,1,2,3,0,3
SABINE COUNTY,403,55 Years,177,89,88,157,77,80,17,11,6,2,1,1,1,0,1
SABINE COUNTY,403,56 Years,196,100,96,172,86,86,16,9,7,4,2,2,4,3,1
SABINE COUNTY,403,57 Years,162,80,82,145,71,74,12,7,5,3,1,2,2,1,1
SABINE COUNTY,403,58 Years,164,77,87,152,70,82,9,4,5,2,2,0,1,1,0
SABINE COUNTY,403,59 Years,166,74,92,157,70,87,8,4,4,1,0,1,0,0,0
SABINE COUNTY,403,60 Years,165,77,88,153,71,82,10,5,5,0,0,0,2,1,1
SABINE COUNTY,403,61 Years,169,83,86,152,75,77,9,6,3,1,0,1,7,2,5
SABINE COUNTY,403,62 Years,190,89,101,169,78,91,9,7,2,6,2,4,6,2,4
SABINE COUNTY,403,63 Years,184,94,90,165,85,80,10,6,4,3,1,2,6,2,4
SABINE COUNTY,403,64 Years,202,91,111,185,85,100,9,4,5,4,0,4,4,2,2
SABINE COUNTY,403,65 Years,225,112,113,211,104,107,8,5,3,4,2,2,2,1,1
SABINE COUNTY,403,66 Years,207,101,106,189,89,100,11,6,5,6,5,1,1,1,0
SABINE COUNTY,403,67 Years,205,97,108,191,91,100,9,4,5,3,1,2,2,1,1
SABINE COUNTY,403,68 Years,228,109,119,218,106,112,4,1,3,5,1,4,1,1,0
SABINE COUNTY,403,69 Years,205,105,100,192,98,94,9,6,3,2,0,2,2,1,1
SABINE COUNTY,403,70 Years,188,106,82,176,101,75,7,3,4,2,0,2,3,2,1
SABINE COUNTY,403,71 Years,186,101,85,175,96,79,6,3,3,3,1,2,2,1,1
SABINE COUNTY,403,72 Years,174,98,76,160,90,70,5,3,2,4,1,3,5,4,1
SABINE COUNTY,403,73 Years,146,78,68,137,74,63,6,2,4,3,2,1,0,0,0
SABINE COUNTY,403,74 Years,141,71,70,131,66,65,7,4,3,2,1,1,1,0,1
SABINE COUNTY,403,75 Years,120,57,63,111,51,60,7,4,3,1,1,0,1,1,0
SABINE COUNTY,403,76 Years,130,61,69,119,57,62,7,2,5,1,1,0,3,1,2
SABINE COUNTY,403,77 Years,120,60,60,109,55,54,4,2,2,3,2,1,4,1,3
SABINE COUNTY,403,78 Years,100,53,47,96,50,46,1,0,1,2,2,0,1,1,0
SABINE COUNTY,403,79 Years,95,50,45,90,49,41,3,1,2,1,0,1,1,0,1
SABINE COUNTY,403,80 Years,77,42,35,73,41,32,3,1,2,1,0,1,0,0,0
SABINE COUNTY,403,81 Years,74,34,40,68,33,35,3,1,2,0,0,0,3,0,3
SABINE COUNTY,403,82 Years,81,34,47,75,30,45,4,3,1,1,1,0,1,0,1
SABINE COUNTY,403,83 Years,84,32,52,75,29,46,4,1,3,2,1,1,3,1,2
SABINE COUNTY,403,84 Years,63,26,37,57,24,33,5,2,3,1,0,1,0,0,0
SABINE COUNTY,403,85 Years +,316,135,181,286,129,157,25,5,20,2,1,1,3,0,3
SAN AUGUSTINE COUNTY,405,All Ages,9050,4464,4586,6256,3118,3138,2081,988,1093,145,65,80,568,293,275
SAN AUGUSTINE COUNTY,405,< 1 Year,114,53,61,63,27,36,30,14,16,3,1,2,18,11,7
SAN AUGUSTINE COUNTY,405,1 Years,100,51,49,58,29,29,26,14,12,2,1,1,14,7,7
SAN AUGUSTINE COUNTY,405,2 Years,81,45,36,47,29,18,22,12,10,1,0,1,11,4,7
SAN AUGUSTINE COUNTY,405,3 Years,99,52,47,52,31,21,32,15,17,2,2,0,13,4,9
SAN AUGUSTINE COUNTY,405,4 Years,101,53,48,55,27,28,31,19,12,1,1,0,14,6,8
SAN AUGUSTINE COUNTY,405,5 Years,103,59,44,58,33,25,28,18,10,3,2,1,14,6,8
SAN AUGUSTINE COUNTY,405,6 Years,98,50,48,53,30,23,23,10,13,3,1,2,19,9,10
SAN AUGUSTINE COUNTY,405,7 Years,104,59,45,54,31,23,31,17,14,4,4,0,15,7,8
SAN AUGUSTINE COUNTY,405,8 Years,99,58,41,53,33,20,30,16,14,4,4,0,12,5,7
SAN AUGUSTINE COUNTY,405,9 Years,103,50,53,59,33,26,26,8,18,4,2,2,14,7,7
SAN AUGUSTINE COUNTY,405,10 Years,105,55,50,59,36,23,35,14,21,1,0,1,10,5,5
SAN AUGUSTINE COUNTY,405,11 Years,112,60,52,60,35,25,32,15,17,3,0,3,17,10,7
SAN AUGUSTINE COUNTY,405,12 Years,101,60,41,58,34,24,25,18,7,3,0,3,15,8,7
SAN AUGUSTINE COUNTY,405,13 Years,119,64,55,77,41,36,27,15,12,2,2,0,13,6,7
SAN AUGUSTINE COUNTY,405,14 Years,117,60,57,72,39,33,32,15,17,2,1,1,11,5,6
SAN AUGUSTINE COUNTY,405,15 Years,103,51,52,64,32,32,30,17,13,3,0,3,6,2,4
SAN AUGUSTINE COUNTY,405,16 Years,101,51,50,57,33,24,29,11,18,2,1,1,13,6,7
SAN AUGUSTINE COUNTY,405,17 Years,118,64,54,76,41,35,30,16,14,3,2,1,9,5,4
SAN AUGUSTINE COUNTY,405,18 Years,106,52,54,72,35,37,26,15,11,1,0,1,7,2,5
SAN AUGUSTINE COUNTY,405,19 Years,114,54,60,72,36,36,27,13,14,8,3,5,7,2,5
SAN AUGUSTINE COUNTY,405,20 Years,100,52,48,62,34,28,24,14,10,5,2,3,9,2,7
SAN AUGUSTINE COUNTY,405,21 Years,97,53,44,65,36,29,25,15,10,1,0,1,6,2,4
SAN AUGUSTINE COUNTY,405,22 Years,93,48,45,51,28,23,34,15,19,2,1,1,6,4,2
SAN AUGUSTINE COUNTY,405,23 Years,84,45,39,53,27,26,24,14,10,2,0,2,5,4,1
SAN AUGUSTINE COUNTY,405,24 Years,96,47,49,64,27,37,27,16,11,1,0,1,4,4,0
SAN AUGUSTINE COUNTY,405,25 Years,86,41,45,49,24,25,28,12,16,1,1,0,8,4,4
SAN AUGUSTINE COUNTY,405,26 Years,95,45,50,58,25,33,22,11,11,4,1,3,11,8,3
SAN AUGUSTINE COUNTY,405,27 Years,88,46,42,50,25,25,21,12,9,2,1,1,15,8,7
SAN AUGUSTINE COUNTY,405,28 Years,71,40,31,40,22,18,19,10,9,0,0,0,12,8,4
SAN AUGUSTINE COUNTY,405,29 Years,77,38,39,47,22,25,16,8,8,2,1,1,12,7,5
SAN AUGUSTINE COUNTY,405,30 Years,72,30,42,40,17,23,24,9,15,2,0,2,6,4,2
SAN AUGUSTINE COUNTY,405,31 Years,62,24,38,36,15,21,18,7,11,2,0,2,6,2,4
SAN AUGUSTINE COUNTY,405,32 Years,80,36,44,46,20,26,21,11,10,0,0,0,13,5,8
SAN AUGUSTINE COUNTY,405,33 Years,83,40,43,53,27,26,21,8,13,0,0,0,9,5,4
SAN AUGUSTINE COUNTY,405,34 Years,94,44,50,57,26,31,20,8,12,1,1,0,16,9,7
SAN AUGUSTINE COUNTY,405,35 Years,72,37,35,36,18,18,23,12,11,2,1,1,11,6,5
SAN AUGUSTINE COUNTY,405,36 Years,78,41,37,47,27,20,25,11,14,1,1,0,5,2,3
SAN AUGUSTINE COUNTY,405,37 Years,73,41,32,46,22,24,17,13,4,1,1,0,9,5,4
SAN AUGUSTINE COUNTY,405,38 Years,74,38,36,56,29,27,11,6,5,0,0,0,7,3,4
SAN AUGUSTINE COUNTY,405,39 Years,87,42,45,67,29,38,14,9,5,1,0,1,5,4,1
SAN AUGUSTINE COUNTY,405,40 Years,93,50,43,69,39,30,19,8,11,3,1,2,2,2,0
SAN AUGUSTINE COUNTY,405,41 Years,101,47,54,74,37,37,19,7,12,2,0,2,6,3,3
SAN AUGUSTINE COUNTY,405,42 Years,96,40,56,66,29,37,25,9,16,0,0,0,5,2,3
SAN AUGUSTINE COUNTY,405,43 Years,85,41,44,55,26,29,27,13,14,0,0,0,3,2,1
SAN AUGUSTINE COUNTY,405,44 Years,90,47,43,53,24,29,28,16,12,2,2,0,7,5,2
SAN AUGUSTINE COUNTY,405,45 Years,104,54,50,64,36,28,31,12,19,4,3,1,5,3,2
SAN AUGUSTINE COUNTY,405,46 Years,112,63,49,67,40,27,35,17,18,3,1,2,7,5,2
SAN AUGUSTINE COUNTY,405,47 Years,120,52,68,80,34,46,30,13,17,4,2,2,6,3,3
SAN AUGUSTINE COUNTY,405,48 Years,122,57,65,83,43,40,30,10,20,1,0,1,8,4,4
SAN AUGUSTINE COUNTY,405,49 Years,147,72,75,101,53,48,39,16,23,2,0,2,5,3,2
SAN AUGUSTINE COUNTY,405,50 Years,127,54,73,83,37,46,34,14,20,3,1,2,7,2,5
SAN AUGUSTINE COUNTY,405,51 Years,140,68,72,103,50,53,29,15,14,1,0,1,7,3,4
SAN AUGUSTINE COUNTY,405,52 Years,129,71,58,95,53,42,29,14,15,1,1,0,4,3,1
SAN AUGUSTINE COUNTY,405,53 Years,148,81,67,104,56,48,36,21,15,3,2,1,5,2,3
SAN AUGUSTINE COUNTY,405,54 Years,155,87,68,105,62,43,41,21,20,4,2,2,5,2,3
SAN AUGUSTINE COUNTY,405,55 Years,144,61,83,110,46,64,31,15,16,1,0,1,2,0,2
SAN AUGUSTINE COUNTY,405,56 Years,124,59,65,89,44,45,33,15,18,1,0,1,1,0,1
SAN AUGUSTINE COUNTY,405,57 Years,116,59,57,87,45,42,24,9,15,0,0,0,5,5,0
SAN AUGUSTINE COUNTY,405,58 Years,124,64,60,91,47,44,23,12,11,1,0,1,9,5,4
SAN AUGUSTINE COUNTY,405,59 Years,139,69,70,101,51,50,32,16,16,2,1,1,4,1,3
SAN AUGUSTINE COUNTY,405,60 Years,142,69,73,104,49,55,34,18,16,2,1,1,2,1,1
SAN AUGUSTINE COUNTY,405,61 Years,132,69,63,103,52,51,24,15,9,2,0,2,3,2,1
SAN AUGUSTINE COUNTY,405,62 Years,135,75,60,106,58,48,23,14,9,1,0,1,5,3,2
SAN AUGUSTINE COUNTY,405,63 Years,125,55,70,100,45,55,23,9,14,0,0,0,2,1,1
SAN AUGUSTINE COUNTY,405,64 Years,133,70,63,102,56,46,29,12,17,0,0,0,2,2,0
SAN AUGUSTINE COUNTY,405,65 Years,164,73,91,132,59,73,29,12,17,2,1,1,1,1,0
SAN AUGUSTINE COUNTY,405,66 Years,128,62,66,107,54,53,19,7,12,1,0,1,1,1,0
SAN AUGUSTINE COUNTY,405,67 Years,131,70,61,111,60,51,17,8,9,1,0,1,2,2,0
SAN AUGUSTINE COUNTY,405,68 Years,133,62,71,114,53,61,17,7,10,0,0,0,2,2,0
SAN AUGUSTINE COUNTY,405,69 Years,143,71,72,124,60,64,17,9,8,0,0,0,2,2,0
SAN AUGUSTINE COUNTY,405,70 Years,122,65,57,104,58,46,17,6,11,0,0,0,1,1,0
SAN AUGUSTINE COUNTY,405,71 Years,108,50,58,89,43,46,16,6,10,1,0,1,2,1,1
SAN AUGUSTINE COUNTY,405,72 Years,114,56,58,93,47,46,19,8,11,0,0,0,2,1,1
SAN AUGUSTINE COUNTY,405,73 Years,110,51,59,93,45,48,16,6,10,1,0,1,0,0,0
SAN AUGUSTINE COUNTY,405,74 Years,94,44,50,82,37,45,8,4,4,4,3,1,0,0,0
SAN AUGUSTINE COUNTY,405,75 Years,69,39,30,60,35,25,8,3,5,1,1,0,0,0,0
SAN AUGUSTINE COUNTY,405,76 Years,88,46,42,72,39,33,16,7,9,0,0,0,0,0,0
SAN AUGUSTINE COUNTY,405,77 Years,82,36,46,71,30,41,9,4,5,0,0,0,2,2,0
SAN AUGUSTINE COUNTY,405,78 Years,71,31,40,58,25,33,12,6,6,0,0,0,1,0,1
SAN AUGUSTINE COUNTY,405,79 Years,68,31,37,55,25,30,11,5,6,1,1,0,1,0,1
SAN AUGUSTINE COUNTY,405,80 Years,58,24,34,47,18,29,10,5,5,0,0,0,1,1,0
SAN AUGUSTINE COUNTY,405,81 Years,68,27,41,55,24,31,11,3,8,1,0,1,1,0,1
SAN AUGUSTINE COUNTY,405,82 Years,65,32,33,52,27,25,10,3,7,2,2,0,1,0,1
SAN AUGUSTINE COUNTY,405,83 Years,57,20,37,44,15,29,13,5,8,0,0,0,0,0,0
SAN AUGUSTINE COUNTY,405,84 Years,51,14,37,42,10,32,8,3,5,1,1,0,0,0,0
SAN AUGUSTINE COUNTY,405,85 Years +,283,97,186,214,77,137,64,17,47,1,1,0,4,2,2
SAN JACINTO COUNTY,407,All Ages,27151,13566,13585,20611,10247,10364,2773,1391,1382,660,347,313,3107,1581,1526
SAN JACINTO COUNTY,407,< 1 Year,269,146,123,193,111,82,25,11,14,7,4,3,44,20,24
SAN JACINTO COUNTY,407,1 Years,270,141,129,197,104,93,28,14,14,6,3,3,39,20,19
SAN JACINTO COUNTY,407,2 Years,320,161,159,220,104,116,30,20,10,6,5,1,64,32,32
SAN JACINTO COUNTY,407,3 Years,300,160,140,200,105,95,31,20,11,12,6,6,57,29,28
SAN JACINTO COUNTY,407,4 Years,331,181,150,217,113,104,31,22,9,11,5,6,72,41,31
SAN JACINTO COUNTY,407,5 Years,343,182,161,230,116,114,30,20,10,14,10,4,69,36,33
SAN JACINTO COUNTY,407,6 Years,330,167,163,218,109,109,34,17,17,13,11,2,65,30,35
SAN JACINTO COUNTY,407,7 Years,334,163,171,226,106,120,38,20,18,12,7,5,58,30,28
SAN JACINTO COUNTY,407,8 Years,341,168,173,232,115,117,32,17,15,14,5,9,63,31,32
SAN JACINTO COUNTY,407,9 Years,345,175,170,226,118,108,29,15,14,16,8,8,74,34,40
SAN JACINTO COUNTY,407,10 Years,350,169,181,227,112,115,30,17,13,15,6,9,78,34,44
SAN JACINTO COUNTY,407,11 Years,376,180,196,250,122,128,33,17,16,12,5,7,81,36,45
SAN JACINTO COUNTY,407,12 Years,378,193,185,261,136,125,36,15,21,6,4,2,75,38,37
SAN JACINTO COUNTY,407,13 Years,368,194,174,254,136,118,43,23,20,11,6,5,60,29,31
SAN JACINTO COUNTY,407,14 Years,397,222,175,263,149,114,42,26,16,12,7,5,80,40,40
SAN JACINTO COUNTY,407,15 Years,382,204,178,247,130,117,39,22,17,12,7,5,84,45,39
SAN JACINTO COUNTY,407,16 Years,409,192,217,268,121,147,54,32,22,13,6,7,74,33,41
SAN JACINTO COUNTY,407,17 Years,403,207,196,272,142,130,49,26,23,13,7,6,69,32,37
SAN JACINTO COUNTY,407,18 Years,382,194,188,263,141,122,43,17,26,13,8,5,63,28,35
SAN JACINTO COUNTY,407,19 Years,385,189,196,258,127,131,47,20,27,18,9,9,62,33,29
SAN JACINTO COUNTY,407,20 Years,339,174,165,238,119,119,40,24,16,13,7,6,48,24,24
SAN JACINTO COUNTY,407,21 Years,318,162,156,220,110,110,35,18,17,8,4,4,55,30,25
SAN JACINTO COUNTY,407,22 Years,289,144,145,191,93,98,33,17,16,10,5,5,55,29,26
SAN JACINTO COUNTY,407,23 Years,272,147,125,187,98,89,27,12,15,4,2,2,54,35,19
SAN JACINTO COUNTY,407,24 Years,281,156,125,187,103,84,28,15,13,5,3,2,61,35,26
SAN JACINTO COUNTY,407,25 Years,267,149,118,173,96,77,32,18,14,9,5,4,53,30,23
SAN JACINTO COUNTY,407,26 Years,236,129,107,170,93,77,32,17,15,3,1,2,31,18,13
SAN JACINTO COUNTY,407,27 Years,240,120,120,175,85,90,29,17,12,3,3,0,33,15,18
SAN JACINTO COUNTY,407,28 Years,262,134,128,193,95,98,25,15,10,5,4,1,39,20,19
SAN JACINTO COUNTY,407,29 Years,256,130,126,172,87,85,34,16,18,7,6,1,43,21,22
SAN JACINTO COUNTY,407,30 Years,249,119,130,179,80,99,24,13,11,5,4,1,41,22,19
SAN JACINTO COUNTY,407,31 Years,249,115,134,176,76,100,21,13,8,7,4,3,45,22,23
SAN JACINTO COUNTY,407,32 Years,274,138,136,197,98,99,27,12,15,9,5,4,41,23,18
SAN JACINTO COUNTY,407,33 Years,264,138,126,192,99,93,29,18,11,3,1,2,40,20,20
SAN JACINTO COUNTY,407,34 Years,278,127,151,205,88,117,32,17,15,5,4,1,36,18,18
SAN JACINTO COUNTY,407,35 Years,251,121,130,185,84,101,24,11,13,7,5,2,35,21,14
SAN JACINTO COUNTY,407,36 Years,275,140,135,198,103,95,24,11,13,2,1,1,51,25,26
SAN JACINTO COUNTY,407,37 Years,270,127,143,206,98,108,21,11,10,4,1,3,39,17,22
SAN JACINTO COUNTY,407,38 Years,287,138,149,220,105,115,27,14,13,3,1,2,37,18,19
SAN JACINTO COUNTY,407,39 Years,315,165,150,240,128,112,32,13,19,5,3,2,38,21,17
SAN JACINTO COUNTY,407,40 Years,327,159,168,249,126,123,31,11,20,3,2,1,44,20,24
SAN JACINTO COUNTY,407,41 Years,296,138,158,228,109,119,34,16,18,6,2,4,28,11,17
SAN JACINTO COUNTY,407,42 Years,325,158,167,243,123,120,40,16,24,7,4,3,35,15,20
SAN JACINTO COUNTY,407,43 Years,317,164,153,238,125,113,30,16,14,6,2,4,43,21,22
SAN JACINTO COUNTY,407,44 Years,291,148,143,213,111,102,31,13,18,7,2,5,40,22,18
SAN JACINTO COUNTY,407,45 Years,279,135,144,218,106,112,24,8,16,6,3,3,31,18,13
SAN JACINTO COUNTY,407,46 Years,318,155,163,250,123,127,33,13,20,8,4,4,27,15,12
SAN JACINTO COUNTY,407,47 Years,327,152,175,241,115,126,40,16,24,8,3,5,38,18,20
SAN JACINTO COUNTY,407,48 Years,369,184,185,277,135,142,44,20,24,10,4,6,38,25,13
SAN JACINTO COUNTY,407,49 Years,406,214,192,313,161,152,48,24,24,10,5,5,35,24,11
SAN JACINTO COUNTY,407,50 Years,409,206,203,319,164,155,41,19,22,17,7,10,32,16,16
SAN JACINTO COUNTY,407,51 Years,403,190,213,314,151,163,46,22,24,12,5,7,31,12,19
SAN JACINTO COUNTY,407,52 Years,445,223,222,352,174,178,53,26,27,13,9,4,27,14,13
SAN JACINTO COUNTY,407,53 Years,452,221,231,359,175,184,53,23,30,14,7,7,26,16,10
SAN JACINTO COUNTY,407,54 Years,435,213,222,345,171,174,50,23,27,11,5,6,29,14,15
SAN JACINTO COUNTY,407,55 Years,462,231,231,374,186,188,46,23,23,7,2,5,35,20,15
SAN JACINTO COUNTY,407,56 Years,456,228,228,377,190,187,43,21,22,8,3,5,28,14,14
SAN JACINTO COUNTY,407,57 Years,443,219,224,352,176,176,60,29,31,8,2,6,23,12,11
SAN JACINTO COUNTY,407,58 Years,400,195,205,319,152,167,52,27,25,8,4,4,21,12,9
SAN JACINTO COUNTY,407,59 Years,403,195,208,334,161,173,38,20,18,7,3,4,24,11,13
SAN JACINTO COUNTY,407,60 Years,406,185,221,332,151,181,37,20,17,9,3,6,28,11,17
SAN JACINTO COUNTY,407,61 Years,391,193,198,311,153,158,45,19,26,12,6,6,23,15,8
SAN JACINTO COUNTY,407,62 Years,435,209,226,362,175,187,45,20,25,13,6,7,15,8,7
SAN JACINTO COUNTY,407,63 Years,417,204,213,357,169,188,34,20,14,12,10,2,14,5,9
SAN JACINTO COUNTY,407,64 Years,388,190,198,336,162,174,32,16,16,8,5,3,12,7,5
SAN JACINTO COUNTY,407,65 Years,400,190,210,339,156,183,34,17,17,9,6,3,18,11,7
SAN JACINTO COUNTY,407,66 Years,340,160,180,282,129,153,30,17,13,9,4,5,19,10,9
SAN JACINTO COUNTY,407,67 Years,344,177,167,292,153,139,33,16,17,6,2,4,13,6,7
SAN JACINTO COUNTY,407,68 Years,341,177,164,292,154,138,32,16,16,5,2,3,12,5,7
SAN JACINTO COUNTY,407,69 Years,349,182,167,303,160,143,31,18,13,5,0,5,10,4,6
SAN JACINTO COUNTY,407,70 Years,333,166,167,292,143,149,29,17,12,3,2,1,9,4,5
SAN JACINTO COUNTY,407,71 Years,297,149,148,265,131,134,21,10,11,3,3,0,8,5,3
SAN JACINTO COUNTY,407,72 Years,285,144,141,253,127,126,22,11,11,3,2,1,7,4,3
SAN JACINTO COUNTY,407,73 Years,247,135,112,216,119,97,20,9,11,4,3,1,7,4,3
SAN JACINTO COUNTY,407,74 Years,221,114,107,191,97,94,19,10,9,3,2,1,8,5,3
SAN JACINTO COUNTY,407,75 Years,204,97,107,175,85,90,20,8,12,3,2,1,6,2,4
SAN JACINTO COUNTY,407,76 Years,211,102,109,184,89,95,17,7,10,5,3,2,5,3,2
SAN JACINTO COUNTY,407,77 Years,209,94,115,185,84,101,15,7,8,2,1,1,7,2,5
SAN JACINTO COUNTY,407,78 Years,182,92,90,161,81,80,14,7,7,1,1,0,6,3,3
SAN JACINTO COUNTY,407,79 Years,159,89,70,135,75,60,12,6,6,2,2,0,10,6,4
SAN JACINTO COUNTY,407,80 Years,139,70,69,122,62,60,9,5,4,2,0,2,6,3,3
SAN JACINTO COUNTY,407,81 Years,114,52,62,98,43,55,10,6,4,2,1,1,4,2,2
SAN JACINTO COUNTY,407,82 Years,110,60,50,99,55,44,8,4,4,0,0,0,3,1,2
SAN JACINTO COUNTY,407,83 Years,93,42,51,83,35,48,8,5,3,0,0,0,2,2,0
SAN JACINTO COUNTY,407,84 Years,105,41,64,90,33,57,8,3,5,1,0,1,6,5,1
SAN JACINTO COUNTY,407,85 Years +,383,163,220,315,137,178,51,18,33,9,5,4,8,3,5
SAN PATRICIO COUNTY,409,All Ages,65236,32437,32799,27021,13531,13490,903,493,410,1368,630,738,35944,17783,18161
SAN PATRICIO COUNTY,409,< 1 Year,906,478,428,313,165,148,8,4,4,15,5,10,570,304,266
SAN PATRICIO COUNTY,409,1 Years,992,512,480,316,164,152,8,4,4,17,8,9,651,336,315
SAN PATRICIO COUNTY,409,2 Years,999,509,490,294,140,154,11,6,5,18,9,9,676,354,322
SAN PATRICIO COUNTY,409,3 Years,959,479,480,268,130,138,12,4,8,22,10,12,657,335,322
SAN PATRICIO COUNTY,409,4 Years,928,467,461,272,148,124,8,1,7,17,7,10,631,311,320
SAN PATRICIO COUNTY,409,5 Years,942,476,466,280,152,128,8,2,6,20,7,13,634,315,319
SAN PATRICIO COUNTY,409,6 Years,930,458,472,260,130,130,8,3,5,24,10,14,638,315,323
SAN PATRICIO COUNTY,409,7 Years,1022,520,502,273,146,127,12,8,4,32,16,16,705,350,355
SAN PATRICIO COUNTY,409,8 Years,1009,521,488,294,162,132,14,9,5,27,16,11,674,334,340
SAN PATRICIO COUNTY,409,9 Years,958,495,463,311,163,148,19,11,8,24,16,8,604,305,299
SAN PATRICIO COUNTY,409,10 Years,997,499,498,327,160,167,14,7,7,28,17,11,628,315,313
SAN PATRICIO COUNTY,409,11 Years,1067,563,504,339,192,147,13,6,7,23,13,10,692,352,340
SAN PATRICIO COUNTY,409,12 Years,1048,551,497,320,171,149,12,5,7,22,11,11,694,364,330
SAN PATRICIO COUNTY,409,13 Years,1011,500,511,326,172,154,15,5,10,26,10,16,644,313,331
SAN PATRICIO COUNTY,409,14 Years,983,516,467,323,178,145,13,7,6,21,9,12,626,322,304
SAN PATRICIO COUNTY,409,15 Years,1015,544,471,335,182,153,11,9,2,30,13,17,639,340,299
SAN PATRICIO COUNTY,409,16 Years,1043,535,508,339,172,167,10,6,4,24,12,12,670,345,325
SAN PATRICIO COUNTY,409,17 Years,1090,580,510,377,201,176,20,10,10,23,12,11,670,357,313
SAN PATRICIO COUNTY,409,18 Years,1101,592,509,386,202,184,16,10,6,32,20,12,667,360,307
SAN PATRICIO COUNTY,409,19 Years,1035,543,492,348,177,171,17,9,8,29,17,12,641,340,301
SAN PATRICIO COUNTY,409,20 Years,958,519,439,301,168,133,14,8,6,18,11,7,625,332,293
SAN PATRICIO COUNTY,409,21 Years,849,449,400,266,144,122,10,7,3,18,9,9,555,289,266
SAN PATRICIO COUNTY,409,22 Years,814,432,382,254,142,112,9,5,4,15,10,5,536,275,261
SAN PATRICIO COUNTY,409,23 Years,753,392,361,241,121,120,11,5,6,12,8,4,489,258,231
SAN PATRICIO COUNTY,409,24 Years,729,372,357,270,139,131,11,8,3,11,5,6,437,220,217
SAN PATRICIO COUNTY,409,25 Years,761,380,381,284,143,141,13,9,4,18,8,10,446,220,226
SAN PATRICIO COUNTY,409,26 Years,711,349,362,263,138,125,7,5,2,18,7,11,423,199,224
SAN PATRICIO COUNTY,409,27 Years,723,378,345,279,158,121,12,8,4,11,5,6,421,207,214
SAN PATRICIO COUNTY,409,28 Years,733,374,359,265,143,122,13,8,5,15,7,8,440,216,224
SAN PATRICIO COUNTY,409,29 Years,771,369,402,303,150,153,15,10,5,14,7,7,439,202,237
SAN PATRICIO COUNTY,409,30 Years,762,369,393,283,133,150,15,7,8,11,7,4,453,222,231
SAN PATRICIO COUNTY,409,31 Years,756,375,381,289,144,145,11,6,5,17,10,7,439,215,224
SAN PATRICIO COUNTY,409,32 Years,793,385,408,300,142,158,10,6,4,14,5,9,469,232,237
SAN PATRICIO COUNTY,409,33 Years,785,395,390,298,146,152,12,9,3,12,7,5,463,233,230
SAN PATRICIO COUNTY,409,34 Years,735,365,370,289,147,142,13,6,7,14,9,5,419,203,216
SAN PATRICIO COUNTY,409,35 Years,736,359,377,294,144,150,11,5,6,21,9,12,410,201,209
SAN PATRICIO COUNTY,409,36 Years,741,378,363,278,145,133,13,9,4,20,10,10,430,214,216
SAN PATRICIO COUNTY,409,37 Years,717,358,359,277,137,140,8,4,4,22,10,12,410,207,203
SAN PATRICIO COUNTY,409,38 Years,690,332,358,272,131,141,7,3,4,18,9,9,393,189,204
SAN PATRICIO COUNTY,409,39 Years,750,359,391,307,149,158,9,5,4,13,7,6,421,198,223
SAN PATRICIO COUNTY,409,40 Years,789,376,413,329,163,166,14,7,7,16,6,10,430,200,230
SAN PATRICIO COUNTY,409,41 Years,840,405,435,343,167,176,17,12,5,14,5,9,466,221,245
SAN PATRICIO COUNTY,409,42 Years,860,406,454,369,166,203,15,9,6,14,7,7,462,224,238
SAN PATRICIO COUNTY,409,43 Years,806,420,386,333,170,163,13,7,6,18,11,7,442,232,210
SAN PATRICIO COUNTY,409,44 Years,789,387,402,311,163,148,10,6,4,25,11,14,443,207,236
SAN PATRICIO COUNTY,409,45 Years,787,391,396,321,168,153,14,8,6,19,7,12,433,208,225
SAN PATRICIO COUNTY,409,46 Years,861,422,439,379,198,181,12,7,5,13,4,9,457,213,244
SAN PATRICIO COUNTY,409,47 Years,922,439,483,415,206,209,14,7,7,19,8,11,474,218,256
SAN PATRICIO COUNTY,409,48 Years,914,447,467,410,205,205,17,10,7,18,6,12,469,226,243
SAN PATRICIO COUNTY,409,49 Years,922,467,455,415,200,215,14,8,6,26,11,15,467,248,219
SAN PATRICIO COUNTY,409,50 Years,942,453,489,439,210,229,16,9,7,26,11,15,461,223,238
SAN PATRICIO COUNTY,409,51 Years,951,478,473,477,247,230,17,10,7,21,9,12,436,212,224
SAN PATRICIO COUNTY,409,52 Years,949,459,490,465,222,243,11,5,6,23,11,12,450,221,229
SAN PATRICIO COUNTY,409,53 Years,906,451,455,462,232,230,10,5,5,23,8,15,411,206,205
SAN PATRICIO COUNTY,409,54 Years,865,421,444,443,218,225,15,8,7,25,9,16,382,186,196
SAN PATRICIO COUNTY,409,55 Years,839,417,422,421,211,210,12,6,6,23,9,14,383,191,192
SAN PATRICIO COUNTY,409,56 Years,845,415,430,411,207,204,13,6,7,18,6,12,403,196,207
SAN PATRICIO COUNTY,409,57 Years,856,444,412,405,212,193,15,8,7,15,6,9,421,218,203
SAN PATRICIO COUNTY,409,58 Years,879,442,437,443,222,221,17,11,6,19,7,12,400,202,198
SAN PATRICIO COUNTY,409,59 Years,831,422,409,417,219,198,11,8,3,17,7,10,386,188,198
SAN PATRICIO COUNTY,409,60 Years,752,382,370,410,210,200,9,5,4,12,5,7,321,162,159
SAN PATRICIO COUNTY,409,61 Years,728,350,378,381,183,198,6,3,3,16,8,8,325,156,169
SAN PATRICIO COUNTY,409,62 Years,724,359,365,379,185,194,7,5,2,12,5,7,326,164,162
SAN PATRICIO COUNTY,409,63 Years,708,343,365,363,173,190,7,4,3,13,7,6,325,159,166
SAN PATRICIO COUNTY,409,64 Years,732,365,367,386,194,192,6,4,2,16,6,10,324,161,163
SAN PATRICIO COUNTY,409,65 Years,734,352,382,401,193,208,10,6,4,11,6,5,312,147,165
SAN PATRICIO COUNTY,409,66 Years,600,292,308,297,145,152,5,2,3,15,4,11,283,141,142
SAN PATRICIO COUNTY,409,67 Years,594,284,310,312,145,167,6,4,2,11,1,10,265,134,131
SAN PATRICIO COUNTY,409,68 Years,588,274,314,318,146,172,5,4,1,12,2,10,253,122,131
SAN PATRICIO COUNTY,409,69 Years,532,237,295,300,137,163,6,3,3,9,2,7,217,95,122
SAN PATRICIO COUNTY,409,70 Years,456,208,248,274,133,141,4,1,3,9,3,6,169,71,98
SAN PATRICIO COUNTY,409,71 Years,453,210,243,274,140,134,4,2,2,5,2,3,170,66,104
SAN PATRICIO COUNTY,409,72 Years,419,203,216,235,116,119,5,1,4,4,1,3,175,85,90
SAN PATRICIO COUNTY,409,73 Years,378,174,204,228,105,123,2,1,1,6,3,3,142,65,77
SAN PATRICIO COUNTY,409,74 Years,411,187,224,249,113,136,7,3,4,5,3,2,150,68,82
SAN PATRICIO COUNTY,409,75 Years,348,173,175,215,108,107,7,3,4,2,2,0,124,60,64
SAN PATRICIO COUNTY,409,76 Years,335,161,174,212,109,103,6,3,3,1,1,0,116,48,68
SAN PATRICIO COUNTY,409,77 Years,361,166,195,217,101,116,6,3,3,3,1,2,135,61,74
SAN PATRICIO COUNTY,409,78 Years,328,157,171,203,102,101,5,3,2,3,3,0,117,49,68
SAN PATRICIO COUNTY,409,79 Years,290,143,147,177,91,86,5,4,1,3,2,1,105,46,59
SAN PATRICIO COUNTY,409,80 Years,284,119,165,167,73,94,3,2,1,4,0,4,110,44,66
SAN PATRICIO COUNTY,409,81 Years,258,100,158,153,61,92,2,0,2,3,1,2,100,38,62
SAN PATRICIO COUNTY,409,82 Years,214,89,125,126,56,70,6,2,4,2,1,1,80,30,50
SAN PATRICIO COUNTY,409,83 Years,194,91,103,122,60,62,6,4,2,1,1,0,65,26,39
SAN PATRICIO COUNTY,409,84 Years,205,86,119,127,59,68,3,2,1,4,1,3,71,24,47
SAN PATRICIO COUNTY,409,85 Years +,955,343,612,573,216,357,15,3,12,8,2,6,359,122,237
SAN SABA COUNTY,411,All Ages,6285,3436,2849,4183,2166,2017,196,183,13,97,40,57,1809,1047,762
SAN SABA COUNTY,411,< 1 Year,74,33,41,39,21,18,0,0,0,1,1,0,34,11,23
SAN SABA COUNTY,411,1 Years,62,31,31,32,16,16,0,0,0,1,1,0,29,14,15
SAN SABA COUNTY,411,2 Years,68,36,32,36,15,21,0,0,0,0,0,0,32,21,11
SAN SABA COUNTY,411,3 Years,73,33,40,36,15,21,1,1,0,0,0,0,36,17,19
SAN SABA COUNTY,411,4 Years,79,32,47,37,14,23,1,1,0,0,0,0,41,17,24
SAN SABA COUNTY,411,5 Years,71,34,37,41,20,21,0,0,0,0,0,0,30,14,16
SAN SABA COUNTY,411,6 Years,67,30,37,37,16,21,0,0,0,2,2,0,28,12,16
SAN SABA COUNTY,411,7 Years,58,27,31,29,14,15,0,0,0,0,0,0,29,13,16
SAN SABA COUNTY,411,8 Years,70,33,37,38,19,19,0,0,0,1,1,0,31,13,18
SAN SABA COUNTY,411,9 Years,66,37,29,39,22,17,0,0,0,1,0,1,26,15,11
SAN SABA COUNTY,411,10 Years,68,36,32,32,18,14,0,0,0,5,0,5,31,18,13
SAN SABA COUNTY,411,11 Years,66,36,30,34,17,17,2,1,1,1,0,1,29,18,11
SAN SABA COUNTY,411,12 Years,65,35,30,41,24,17,1,0,1,0,0,0,23,11,12
SAN SABA COUNTY,411,13 Years,60,27,33,42,19,23,0,0,0,1,0,1,17,8,9
SAN SABA COUNTY,411,14 Years,59,31,28,37,19,18,0,0,0,1,0,1,21,12,9
SAN SABA COUNTY,411,15 Years,90,49,41,48,24,24,1,1,0,3,0,3,38,24,14
SAN SABA COUNTY,411,16 Years,92,56,36,52,32,20,0,0,0,2,1,1,38,23,15
SAN SABA COUNTY,411,17 Years,84,50,34,52,34,18,1,1,0,2,0,2,29,15,14
SAN SABA COUNTY,411,18 Years,86,51,35,50,31,19,4,2,2,0,0,0,32,18,14
SAN SABA COUNTY,411,19 Years,106,65,41,46,24,22,7,4,3,1,1,0,52,36,16
SAN SABA COUNTY,411,20 Years,101,66,35,49,32,17,9,7,2,1,0,1,42,27,15
SAN SABA COUNTY,411,21 Years,95,68,27,39,25,14,12,11,1,1,0,1,43,32,11
SAN SABA COUNTY,411,22 Years,92,63,29,45,29,16,7,7,0,1,0,1,39,27,12
SAN SABA COUNTY,411,23 Years,101,74,27,43,30,13,9,9,0,0,0,0,49,35,14
SAN SABA COUNTY,411,24 Years,101,77,24,33,25,8,21,21,0,0,0,0,47,31,16
SAN SABA COUNTY,411,25 Years,104,81,23,45,33,12,12,12,0,1,0,1,46,36,10
SAN SABA COUNTY,411,26 Years,104,79,25,46,34,12,13,13,0,1,0,1,44,32,12
SAN SABA COUNTY,411,27 Years,105,88,17,50,41,9,8,8,0,0,0,0,47,39,8
SAN SABA COUNTY,411,28 Years,92,66,26,50,31,19,9,9,0,1,1,0,32,25,7
SAN SABA COUNTY,411,29 Years,89,66,23,45,32,13,10,10,0,4,3,1,30,21,9
SAN SABA COUNTY,411,30 Years,94,71,23,46,35,11,13,13,0,2,1,1,33,22,11
SAN SABA COUNTY,411,31 Years,97,67,30,49,31,18,15,15,0,1,1,0,32,20,12
SAN SABA COUNTY,411,32 Years,80,60,20,44,30,14,9,9,0,0,0,0,27,21,6
SAN SABA COUNTY,411,33 Years,57,38,19,30,18,12,7,7,0,1,1,0,19,12,7
SAN SABA COUNTY,411,34 Years,63,41,22,42,24,18,6,6,0,2,2,0,13,9,4
SAN SABA COUNTY,411,35 Years,57,29,28,33,16,17,5,5,0,3,1,2,16,7,9
SAN SABA COUNTY,411,36 Years,38,16,22,24,8,16,3,3,0,0,0,0,11,5,6
SAN SABA COUNTY,411,37 Years,58,30,28,35,15,20,4,4,0,0,0,0,19,11,8
SAN SABA COUNTY,411,38 Years,55,30,25,34,18,16,1,1,0,0,0,0,20,11,9
SAN SABA COUNTY,411,39 Years,53,27,26,31,19,12,1,0,1,0,0,0,21,8,13
SAN SABA COUNTY,411,40 Years,59,26,33,35,18,17,0,0,0,4,1,3,20,7,13
SAN SABA COUNTY,411,41 Years,57,30,27,39,21,18,0,0,0,3,1,2,15,8,7
SAN SABA COUNTY,411,42 Years,67,29,38,45,21,24,0,0,0,1,0,1,21,8,13
SAN SABA COUNTY,411,43 Years,74,38,36,47,23,24,0,0,0,1,1,0,26,14,12
SAN SABA COUNTY,411,44 Years,59,31,28,36,18,18,0,0,0,0,0,0,23,13,10
SAN SABA COUNTY,411,45 Years,51,23,28,31,12,19,0,0,0,0,0,0,20,11,9
SAN SABA COUNTY,411,46 Years,66,42,24,41,27,14,0,0,0,1,1,0,24,14,10
SAN SABA COUNTY,411,47 Years,74,44,30,49,30,19,0,0,0,1,1,0,24,13,11
SAN SABA COUNTY,411,48 Years,77,39,38,61,29,32,0,0,0,1,1,0,15,9,6
SAN SABA COUNTY,411,49 Years,71,35,36,55,24,31,0,0,0,0,0,0,16,11,5
SAN SABA COUNTY,411,50 Years,70,33,37,42,18,24,0,0,0,5,3,2,23,12,11
SAN SABA COUNTY,411,51 Years,76,34,42,49,20,29,0,0,0,3,1,2,24,13,11
SAN SABA COUNTY,411,52 Years,77,41,36,53,26,27,0,0,0,3,1,2,21,14,7
SAN SABA COUNTY,411,53 Years,86,44,42,69,35,34,0,0,0,1,0,1,16,9,7
SAN SABA COUNTY,411,54 Years,83,43,40,65,31,34,0,0,0,2,1,1,16,11,5
SAN SABA COUNTY,411,55 Years,70,29,41,53,21,32,0,0,0,2,0,2,15,8,7
SAN SABA COUNTY,411,56 Years,77,30,47,61,27,34,0,0,0,2,0,2,14,3,11
SAN SABA COUNTY,411,57 Years,73,34,39,59,27,32,1,1,0,2,1,1,11,5,6
SAN SABA COUNTY,411,58 Years,96,50,46,79,42,37,0,0,0,1,0,1,16,8,8
SAN SABA COUNTY,411,59 Years,87,43,44,74,35,39,0,0,0,0,0,0,13,8,5
SAN SABA COUNTY,411,60 Years,88,42,46,74,32,42,1,1,0,1,1,0,12,8,4
SAN SABA COUNTY,411,61 Years,96,50,46,84,44,40,0,0,0,1,1,0,11,5,6
SAN SABA COUNTY,411,62 Years,84,47,37,76,43,33,0,0,0,0,0,0,8,4,4
SAN SABA COUNTY,411,63 Years,77,38,39,67,33,34,0,0,0,3,2,1,7,3,4
SAN SABA COUNTY,411,64 Years,91,38,53,80,35,45,0,0,0,3,0,3,8,3,5
SAN SABA COUNTY,411,65 Years,105,54,51,87,45,42,0,0,0,2,1,1,16,8,8
SAN SABA COUNTY,411,66 Years,91,43,48,74,35,39,0,0,0,1,1,0,16,7,9
SAN SABA COUNTY,411,67 Years,78,43,35,66,36,30,0,0,0,1,1,0,11,6,5
SAN SABA COUNTY,411,68 Years,81,39,42,67,32,35,0,0,0,3,1,2,11,6,5
SAN SABA COUNTY,411,69 Years,72,37,35,62,31,31,0,0,0,2,1,1,8,5,3
SAN SABA COUNTY,411,70 Years,64,33,31,57,29,28,0,0,0,1,0,1,6,4,2
SAN SABA COUNTY,411,71 Years,68,36,32,62,33,29,0,0,0,1,0,1,5,3,2
SAN SABA COUNTY,411,72 Years,57,31,26,50,26,24,0,0,0,0,0,0,7,5,2
SAN SABA COUNTY,411,73 Years,53,29,24,44,24,20,0,0,0,1,0,1,8,5,3
SAN SABA COUNTY,411,74 Years,52,24,28,47,23,24,0,0,0,1,0,1,4,1,3
SAN SABA COUNTY,411,75 Years,48,22,26,43,21,22,0,0,0,1,0,1,4,1,3
SAN SABA COUNTY,411,76 Years,43,24,19,37,21,16,0,0,0,0,0,0,6,3,3
SAN SABA COUNTY,411,77 Years,48,20,28,46,19,27,0,0,0,0,0,0,2,1,1
SAN SABA COUNTY,411,78 Years,44,20,24,40,17,23,0,0,0,0,0,0,4,3,1
SAN SABA COUNTY,411,79 Years,40,16,24,38,16,22,1,0,1,0,0,0,1,0,1
SAN SABA COUNTY,411,80 Years,46,21,25,43,20,23,0,0,0,1,1,0,2,0,2
SAN SABA COUNTY,411,81 Years,37,11,26,33,11,22,0,0,0,0,0,0,4,0,4
SAN SABA COUNTY,411,82 Years,40,17,23,37,17,20,0,0,0,0,0,0,3,0,3
SAN SABA COUNTY,411,83 Years,36,16,20,35,15,20,0,0,0,0,0,0,1,1,0
SAN SABA COUNTY,411,84 Years,24,11,13,24,11,13,0,0,0,0,0,0,0,0,0
SAN SABA COUNTY,411,85 Years +,172,57,115,156,52,104,1,0,1,0,0,0,15,5,10
SCHLEICHER COUNTY,413,All Ages,3523,1759,1764,1885,940,945,32,17,15,18,5,13,1588,797,791
SCHLEICHER COUNTY,413,< 1 Year,37,18,19,12,6,6,0,0,0,0,0,0,25,12,13
SCHLEICHER COUNTY,413,1 Years,45,23,22,20,10,10,0,0,0,0,0,0,25,13,12
SCHLEICHER COUNTY,413,2 Years,62,35,27,36,21,15,0,0,0,0,0,0,26,14,12
SCHLEICHER COUNTY,413,3 Years,71,38,33,43,24,19,0,0,0,0,0,0,28,14,14
SCHLEICHER COUNTY,413,4 Years,64,29,35,35,15,20,0,0,0,0,0,0,29,14,15
SCHLEICHER COUNTY,413,5 Years,73,40,33,37,23,14,2,2,0,0,0,0,34,15,19
SCHLEICHER COUNTY,413,6 Years,71,45,26,36,24,12,2,1,1,0,0,0,33,20,13
SCHLEICHER COUNTY,413,7 Years,68,43,25,35,25,10,1,0,1,0,0,0,32,18,14
SCHLEICHER COUNTY,413,8 Years,60,34,26,36,22,14,1,1,0,0,0,0,23,11,12
SCHLEICHER COUNTY,413,9 Years,58,32,26,32,17,15,1,1,0,1,1,0,24,13,11
SCHLEICHER COUNTY,413,10 Years,66,29,37,37,17,20,1,1,0,0,0,0,28,11,17
SCHLEICHER COUNTY,413,11 Years,73,34,39,35,18,17,2,1,1,1,0,1,35,15,20
SCHLEICHER COUNTY,413,12 Years,58,30,28,28,15,13,2,1,1,0,0,0,28,14,14
SCHLEICHER COUNTY,413,13 Years,65,29,36,36,19,17,1,0,1,0,0,0,28,10,18
SCHLEICHER COUNTY,413,14 Years,66,35,31,35,19,16,0,0,0,1,0,1,30,16,14
SCHLEICHER COUNTY,413,15 Years,50,21,29,26,12,14,1,0,1,0,0,0,23,9,14
SCHLEICHER COUNTY,413,16 Years,44,20,24,21,11,10,0,0,0,0,0,0,23,9,14
SCHLEICHER COUNTY,413,17 Years,59,32,27,22,10,12,0,0,0,0,0,0,37,22,15
SCHLEICHER COUNTY,413,18 Years,47,25,22,19,9,10,0,0,0,0,0,0,28,16,12
SCHLEICHER COUNTY,413,19 Years,52,27,25,18,11,7,1,1,0,1,1,0,32,14,18
SCHLEICHER COUNTY,413,20 Years,47,24,23,17,10,7,0,0,0,2,1,1,28,13,15
SCHLEICHER COUNTY,413,21 Years,36,17,19,14,7,7,0,0,0,0,0,0,22,10,12
SCHLEICHER COUNTY,413,22 Years,40,18,22,11,4,7,0,0,0,0,0,0,29,14,15
SCHLEICHER COUNTY,413,23 Years,33,14,19,10,4,6,0,0,0,0,0,0,23,10,13
SCHLEICHER COUNTY,413,24 Years,36,14,22,16,4,12,2,1,1,0,0,0,18,9,9
SCHLEICHER COUNTY,413,25 Years,33,17,16,15,7,8,1,0,1,0,0,0,17,10,7
SCHLEICHER COUNTY,413,26 Years,42,21,21,23,11,12,0,0,0,0,0,0,19,10,9
SCHLEICHER COUNTY,413,27 Years,48,25,23,23,11,12,0,0,0,1,0,1,24,14,10
SCHLEICHER COUNTY,413,28 Years,47,21,26,23,10,13,0,0,0,1,0,1,23,11,12
SCHLEICHER COUNTY,413,29 Years,32,15,17,13,7,6,0,0,0,1,0,1,18,8,10
SCHLEICHER COUNTY,413,30 Years,43,23,20,22,11,11,0,0,0,1,0,1,20,12,8
SCHLEICHER COUNTY,413,31 Years,46,24,22,20,9,11,0,0,0,0,0,0,26,15,11
SCHLEICHER COUNTY,413,32 Years,47,20,27,23,8,15,0,0,0,0,0,0,24,12,12
SCHLEICHER COUNTY,413,33 Years,42,22,20,19,10,9,0,0,0,0,0,0,23,12,11
SCHLEICHER COUNTY,413,34 Years,38,20,18,16,8,8,0,0,0,0,0,0,22,12,10
SCHLEICHER COUNTY,413,35 Years,31,14,17,15,7,8,0,0,0,0,0,0,16,7,9
SCHLEICHER COUNTY,413,36 Years,38,18,20,20,8,12,0,0,0,0,0,0,18,10,8
SCHLEICHER COUNTY,413,37 Years,26,12,14,15,6,9,0,0,0,0,0,0,11,6,5
SCHLEICHER COUNTY,413,38 Years,37,19,18,18,9,9,0,0,0,0,0,0,19,10,9
SCHLEICHER COUNTY,413,39 Years,36,16,20,17,8,9,0,0,0,0,0,0,19,8,11
SCHLEICHER COUNTY,413,40 Years,49,25,24,27,14,13,0,0,0,0,0,0,22,11,11
SCHLEICHER COUNTY,413,41 Years,54,30,24,29,16,13,0,0,0,0,0,0,25,14,11
SCHLEICHER COUNTY,413,42 Years,44,19,25,23,9,14,0,0,0,0,0,0,21,10,11
SCHLEICHER COUNTY,413,43 Years,40,14,26,18,7,11,0,0,0,1,0,1,21,7,14
SCHLEICHER COUNTY,413,44 Years,34,18,16,19,12,7,0,0,0,1,0,1,14,6,8
SCHLEICHER COUNTY,413,45 Years,34,15,19,14,4,10,0,0,0,1,0,1,19,11,8
SCHLEICHER COUNTY,413,46 Years,42,22,20,16,6,10,1,0,1,0,0,0,25,16,9
SCHLEICHER COUNTY,413,47 Years,38,20,18,17,8,9,0,0,0,1,1,0,20,11,9
SCHLEICHER COUNTY,413,48 Years,44,20,24,22,11,11,2,1,1,0,0,0,20,8,12
SCHLEICHER COUNTY,413,49 Years,44,19,25,23,11,12,2,1,1,0,0,0,19,7,12
SCHLEICHER COUNTY,413,50 Years,49,25,24,22,11,11,2,1,1,0,0,0,25,13,12
SCHLEICHER COUNTY,413,51 Years,32,16,16,16,8,8,0,0,0,0,0,0,16,8,8
SCHLEICHER COUNTY,413,52 Years,40,19,21,23,9,14,0,0,0,0,0,0,17,10,7
SCHLEICHER COUNTY,413,53 Years,39,20,19,22,10,12,1,1,0,0,0,0,16,9,7
SCHLEICHER COUNTY,413,54 Years,35,20,15,18,10,8,1,1,0,0,0,0,16,9,7
SCHLEICHER COUNTY,413,55 Years,41,21,20,23,12,11,0,0,0,0,0,0,18,9,9
SCHLEICHER COUNTY,413,56 Years,46,23,23,27,14,13,0,0,0,0,0,0,19,9,10
SCHLEICHER COUNTY,413,57 Years,42,19,23,30,14,16,0,0,0,0,0,0,12,5,7
SCHLEICHER COUNTY,413,58 Years,42,22,20,24,13,11,0,0,0,0,0,0,18,9,9
SCHLEICHER COUNTY,413,59 Years,51,29,22,35,21,14,0,0,0,0,0,0,16,8,8
SCHLEICHER COUNTY,413,60 Years,46,24,22,33,16,17,0,0,0,0,0,0,13,8,5
SCHLEICHER COUNTY,413,61 Years,47,28,19,30,17,13,0,0,0,1,0,1,16,11,5
SCHLEICHER COUNTY,413,62 Years,46,25,21,23,13,10,1,1,0,0,0,0,22,11,11
SCHLEICHER COUNTY,413,63 Years,45,20,25,26,12,14,1,0,1,0,0,0,18,8,10
SCHLEICHER COUNTY,413,64 Years,35,19,16,21,10,11,0,0,0,0,0,0,14,9,5
SCHLEICHER COUNTY,413,65 Years,44,21,23,30,15,15,0,0,0,0,0,0,14,6,8
SCHLEICHER COUNTY,413,66 Years,34,16,18,22,12,10,1,0,1,0,0,0,11,4,7
SCHLEICHER COUNTY,413,67 Years,26,12,14,17,8,9,0,0,0,1,0,1,8,4,4
SCHLEICHER COUNTY,413,68 Years,29,15,14,23,11,12,0,0,0,0,0,0,6,4,2
SCHLEICHER COUNTY,413,69 Years,32,15,17,23,9,14,0,0,0,1,0,1,8,6,2
SCHLEICHER COUNTY,413,70 Years,28,16,12,18,11,7,0,0,0,1,1,0,9,4,5
SCHLEICHER COUNTY,413,71 Years,28,11,17,21,9,12,0,0,0,0,0,0,7,2,5
SCHLEICHER COUNTY,413,72 Years,29,14,15,19,8,11,0,0,0,0,0,0,10,6,4
SCHLEICHER COUNTY,413,73 Years,20,10,10,14,6,8,1,1,0,0,0,0,5,3,2
SCHLEICHER COUNTY,413,74 Years,17,4,13,14,3,11,1,0,1,0,0,0,2,1,1
SCHLEICHER COUNTY,413,75 Years,22,11,11,17,9,8,0,0,0,0,0,0,5,2,3
SCHLEICHER COUNTY,413,76 Years,25,12,13,21,11,10,0,0,0,0,0,0,4,1,3
SCHLEICHER COUNTY,413,77 Years,16,9,7,12,7,5,0,0,0,0,0,0,4,2,2
SCHLEICHER COUNTY,413,78 Years,21,8,13,15,5,10,0,0,0,0,0,0,6,3,3
SCHLEICHER COUNTY,413,79 Years,15,6,9,10,4,6,0,0,0,0,0,0,5,2,3
SCHLEICHER COUNTY,413,80 Years,20,11,9,13,6,7,0,0,0,0,0,0,7,5,2
SCHLEICHER COUNTY,413,81 Years,21,12,9,15,9,6,0,0,0,0,0,0,6,3,3
SCHLEICHER COUNTY,413,82 Years,10,8,2,7,6,1,0,0,0,0,0,0,3,2,1
SCHLEICHER COUNTY,413,83 Years,15,5,10,12,4,8,0,0,0,0,0,0,3,1,2
SCHLEICHER COUNTY,413,84 Years,10,6,4,5,3,2,0,0,0,0,0,0,5,3,2
SCHLEICHER COUNTY,413,85 Years +,35,12,23,27,9,18,0,0,0,0,0,0,8,3,5
SCURRY COUNTY,415,All Ages,17271,9216,8055,9798,5006,4792,772,566,206,233,107,126,6468,3537,2931
SCURRY COUNTY,415,< 1 Year,261,140,121,121,62,59,6,4,2,3,2,1,131,72,59
SCURRY COUNTY,415,1 Years,255,135,120,114,60,54,6,4,2,3,2,1,132,69,63
SCURRY COUNTY,415,2 Years,247,127,120,97,53,44,4,1,3,4,1,3,142,72,70
SCURRY COUNTY,415,3 Years,250,136,114,98,53,45,4,1,3,6,4,2,142,78,64
SCURRY COUNTY,415,4 Years,265,140,125,108,59,49,5,1,4,5,2,3,147,78,69
SCURRY COUNTY,415,5 Years,253,139,114,113,65,48,5,4,1,4,2,2,131,68,63
SCURRY COUNTY,415,6 Years,269,143,126,104,52,52,6,4,2,5,2,3,154,85,69
SCURRY COUNTY,415,7 Years,255,140,115,98,50,48,7,5,2,5,3,2,145,82,63
SCURRY COUNTY,415,8 Years,235,123,112,91,52,39,5,4,1,7,3,4,132,64,68
SCURRY COUNTY,415,9 Years,226,109,117,84,40,44,3,3,0,8,2,6,131,64,67
SCURRY COUNTY,415,10 Years,222,109,113,95,45,50,5,3,2,6,1,5,116,60,56
SCURRY COUNTY,415,11 Years,234,117,117,107,56,51,2,2,0,6,2,4,119,57,62
SCURRY COUNTY,415,12 Years,225,108,117,101,47,54,4,2,2,5,2,3,115,57,58
SCURRY COUNTY,415,13 Years,219,110,109,103,55,48,5,2,3,7,2,5,104,51,53
SCURRY COUNTY,415,14 Years,222,119,103,111,64,47,5,1,4,8,4,4,98,50,48
SCURRY COUNTY,415,15 Years,255,128,127,128,70,58,5,1,4,6,4,2,116,53,63
SCURRY COUNTY,415,16 Years,223,114,109,100,50,50,8,5,3,3,2,1,112,57,55
SCURRY COUNTY,415,17 Years,220,115,105,99,57,42,9,6,3,4,2,2,108,50,58
SCURRY COUNTY,415,18 Years,229,117,112,110,50,60,10,6,4,6,2,4,103,59,44
SCURRY COUNTY,415,19 Years,263,149,114,126,68,58,15,12,3,4,2,2,118,67,51
SCURRY COUNTY,415,20 Years,275,155,120,129,77,52,11,10,1,4,1,3,131,67,64
SCURRY COUNTY,415,21 Years,283,166,117,121,70,51,24,19,5,3,0,3,135,77,58
SCURRY COUNTY,415,22 Years,275,172,103,135,74,61,38,30,8,1,0,1,101,68,33
SCURRY COUNTY,415,23 Years,229,131,98,107,56,51,28,22,6,1,0,1,93,53,40
SCURRY COUNTY,415,24 Years,203,119,84,103,57,46,15,12,3,1,1,0,84,49,35
SCURRY COUNTY,415,25 Years,209,121,88,108,61,47,12,9,3,1,1,0,88,50,38
SCURRY COUNTY,415,26 Years,226,129,97,115,65,50,18,13,5,2,2,0,91,49,42
SCURRY COUNTY,415,27 Years,231,146,85,101,57,44,23,22,1,3,1,2,104,66,38
SCURRY COUNTY,415,28 Years,222,123,99,118,58,60,14,14,0,3,2,1,87,49,38
SCURRY COUNTY,415,29 Years,218,113,105,111,53,58,10,9,1,2,2,0,95,49,46
SCURRY COUNTY,415,30 Years,251,144,107,118,62,56,13,11,2,4,2,2,116,69,47
SCURRY COUNTY,415,31 Years,252,147,105,115,63,52,19,17,2,3,1,2,115,66,49
SCURRY COUNTY,415,32 Years,235,136,99,121,66,55,16,13,3,6,3,3,92,54,38
SCURRY COUNTY,415,33 Years,218,118,100,118,65,53,9,8,1,4,1,3,87,44,43
SCURRY COUNTY,415,34 Years,209,122,87,112,62,50,14,12,2,5,2,3,78,46,32
SCURRY COUNTY,415,35 Years,207,127,80,109,65,44,14,12,2,3,1,2,81,49,32
SCURRY COUNTY,415,36 Years,194,109,85,107,60,47,9,7,2,2,1,1,76,41,35
SCURRY COUNTY,415,37 Years,174,93,81,89,43,46,8,7,1,2,1,1,75,42,33
SCURRY COUNTY,415,38 Years,193,111,82,100,54,46,12,10,2,2,1,1,79,46,33
SCURRY COUNTY,415,39 Years,202,123,79,106,62,44,14,11,3,4,4,0,78,46,32
SCURRY COUNTY,415,40 Years,222,132,90,113,68,45,15,13,2,3,2,1,91,49,42
SCURRY COUNTY,415,41 Years,244,147,97,136,79,57,13,11,2,6,1,5,89,56,33
SCURRY COUNTY,415,42 Years,211,122,89,117,64,53,9,8,1,4,1,3,81,49,32
SCURRY COUNTY,415,43 Years,188,104,84,110,56,54,8,6,2,1,0,1,69,42,27
SCURRY COUNTY,415,44 Years,206,119,87,118,67,51,7,6,1,2,0,2,79,46,33
SCURRY COUNTY,415,45 Years,202,122,80,107,64,43,11,8,3,0,0,0,84,50,34
SCURRY COUNTY,415,46 Years,210,119,91,117,67,50,10,7,3,1,1,0,82,44,38
SCURRY COUNTY,415,47 Years,213,117,96,124,61,63,19,17,2,3,2,1,67,37,30
SCURRY COUNTY,415,48 Years,224,133,91,128,71,57,14,11,3,2,1,1,80,50,30
SCURRY COUNTY,415,49 Years,264,153,111,165,88,77,8,7,1,2,1,1,89,57,32
SCURRY COUNTY,415,50 Years,228,131,97,149,78,71,8,8,0,2,2,0,69,43,26
SCURRY COUNTY,415,51 Years,240,132,108,165,91,74,12,9,3,3,1,2,60,31,29
SCURRY COUNTY,415,52 Years,244,125,119,166,82,84,15,12,3,3,2,1,60,29,31
SCURRY COUNTY,415,53 Years,232,119,113,150,70,80,8,6,2,2,1,1,72,42,30
SCURRY COUNTY,415,54 Years,248,143,105,159,86,73,13,11,2,3,3,0,73,43,30
SCURRY COUNTY,415,55 Years,233,123,110,153,79,74,16,11,5,3,2,1,61,31,30
SCURRY COUNTY,415,56 Years,223,123,100,148,80,68,8,4,4,2,2,0,65,37,28
SCURRY COUNTY,415,57 Years,245,146,99,166,94,72,11,6,5,0,0,0,68,46,22
SCURRY COUNTY,415,58 Years,241,124,117,160,78,82,15,10,5,1,0,1,65,36,29
SCURRY COUNTY,415,59 Years,201,103,98,135,69,66,10,8,2,2,0,2,54,26,28
SCURRY COUNTY,415,60 Years,210,113,97,145,78,67,12,8,4,4,3,1,49,24,25
SCURRY COUNTY,415,61 Years,217,115,102,160,82,78,8,5,3,2,1,1,47,27,20
SCURRY COUNTY,415,62 Years,175,85,90,124,55,69,7,3,4,3,1,2,41,26,15
SCURRY COUNTY,415,63 Years,173,94,79,127,63,64,3,2,1,1,0,1,42,29,13
SCURRY COUNTY,415,64 Years,171,88,83,136,71,65,2,0,2,1,0,1,32,17,15
SCURRY COUNTY,415,65 Years,181,83,98,142,63,79,6,3,3,1,1,0,32,16,16
SCURRY COUNTY,415,66 Years,130,66,64,96,48,48,2,1,1,1,0,1,31,17,14
SCURRY COUNTY,415,67 Years,122,59,63,90,44,46,1,0,1,1,0,1,30,15,15
SCURRY COUNTY,415,68 Years,133,65,68,93,48,45,4,4,0,1,0,1,35,13,22
SCURRY COUNTY,415,69 Years,146,71,75,110,53,57,4,3,1,1,1,0,31,14,17
SCURRY COUNTY,415,70 Years,111,52,59,83,40,43,4,1,3,0,0,0,24,11,13
SCURRY COUNTY,415,71 Years,110,47,63,88,38,50,2,0,2,0,0,0,20,9,11
SCURRY COUNTY,415,72 Years,112,46,66,89,35,54,4,3,1,1,1,0,18,7,11
SCURRY COUNTY,415,73 Years,119,54,65,95,39,56,4,4,0,1,1,0,19,10,9
SCURRY COUNTY,415,74 Years,114,50,64,89,36,53,4,1,3,0,0,0,21,13,8
SCURRY COUNTY,415,75 Years,107,42,65,87,33,54,5,1,4,1,0,1,14,8,6
SCURRY COUNTY,415,76 Years,99,39,60,84,35,49,2,0,2,1,0,1,12,4,8
SCURRY COUNTY,415,77 Years,99,47,52,73,41,32,4,0,4,0,0,0,22,6,16
SCURRY COUNTY,415,78 Years,98,43,55,71,35,36,4,1,3,0,0,0,23,7,16
SCURRY COUNTY,415,79 Years,79,35,44,65,29,36,2,0,2,0,0,0,12,6,6
SCURRY COUNTY,415,80 Years,81,41,40,61,28,33,7,3,4,0,0,0,13,10,3
SCURRY COUNTY,415,81 Years,80,30,50,66,23,43,2,1,1,1,1,0,11,5,6
SCURRY COUNTY,415,82 Years,82,28,54,72,23,49,1,1,0,2,1,1,7,3,4
SCURRY COUNTY,415,83 Years,64,19,45,55,15,40,3,1,2,1,0,1,5,3,2
SCURRY COUNTY,415,84 Years,71,23,48,63,20,43,1,0,1,1,0,1,6,3,3
SCURRY COUNTY,415,85 Years +,334,121,213,297,101,196,4,2,2,2,1,1,31,17,14
SHACKELFORD COUNTY,417,All Ages,3411,1660,1751,2984,1441,1543,15,10,5,64,27,37,348,182,166
SHACKELFORD COUNTY,417,< 1 Year,36,19,17,30,17,13,0,0,0,0,0,0,6,2,4
SHACKELFORD COUNTY,417,1 Years,33,17,16,28,15,13,0,0,0,0,0,0,5,2,3
SHACKELFORD COUNTY,417,2 Years,39,21,18,34,18,16,0,0,0,0,0,0,5,3,2
SHACKELFORD COUNTY,417,3 Years,38,14,24,30,10,20,0,0,0,2,1,1,6,3,3
SHACKELFORD COUNTY,417,4 Years,36,19,17,31,17,14,0,0,0,0,0,0,5,2,3
SHACKELFORD COUNTY,417,5 Years,53,26,27,44,21,23,0,0,0,2,1,1,7,4,3
SHACKELFORD COUNTY,417,6 Years,51,29,22,37,21,16,1,0,1,4,1,3,9,7,2
SHACKELFORD COUNTY,417,7 Years,46,23,23,34,16,18,1,1,0,4,2,2,7,4,3
SHACKELFORD COUNTY,417,8 Years,37,17,20,31,16,15,0,0,0,1,0,1,5,1,4
SHACKELFORD COUNTY,417,9 Years,36,19,17,31,17,14,0,0,0,0,0,0,5,2,3
SHACKELFORD COUNTY,417,10 Years,52,26,26,42,21,21,2,2,0,1,1,0,7,2,5
SHACKELFORD COUNTY,417,11 Years,51,27,24,43,22,21,1,1,0,1,1,0,6,3,3
SHACKELFORD COUNTY,417,12 Years,42,21,21,36,18,18,1,0,1,1,1,0,4,2,2
SHACKELFORD COUNTY,417,13 Years,54,22,32,43,17,26,0,0,0,1,1,0,10,4,6
SHACKELFORD COUNTY,417,14 Years,51,29,22,41,23,18,0,0,0,1,1,0,9,5,4
SHACKELFORD COUNTY,417,15 Years,40,21,19,32,17,15,0,0,0,2,1,1,6,3,3
SHACKELFORD COUNTY,417,16 Years,42,14,28,38,12,26,0,0,0,0,0,0,4,2,2
SHACKELFORD COUNTY,417,17 Years,57,26,31,48,20,28,0,0,0,0,0,0,9,6,3
SHACKELFORD COUNTY,417,18 Years,58,28,30,42,22,20,0,0,0,3,1,2,13,5,8
SHACKELFORD COUNTY,417,19 Years,51,23,28,39,18,21,0,0,0,2,0,2,10,5,5
SHACKELFORD COUNTY,417,20 Years,54,24,30,46,20,26,1,1,0,1,0,1,6,3,3
SHACKELFORD COUNTY,417,21 Years,41,22,19,35,18,17,0,0,0,1,0,1,5,4,1
SHACKELFORD COUNTY,417,22 Years,35,23,12,28,16,12,0,0,0,0,0,0,7,7,0
SHACKELFORD COUNTY,417,23 Years,25,14,11,18,10,8,0,0,0,0,0,0,7,4,3
SHACKELFORD COUNTY,417,24 Years,23,12,11,18,9,9,0,0,0,0,0,0,5,3,2
SHACKELFORD COUNTY,417,25 Years,30,18,12,24,13,11,0,0,0,0,0,0,6,5,1
SHACKELFORD COUNTY,417,26 Years,34,20,14,28,16,12,1,1,0,0,0,0,5,3,2
SHACKELFORD COUNTY,417,27 Years,43,23,20,37,20,17,1,1,0,0,0,0,5,2,3
SHACKELFORD COUNTY,417,28 Years,31,16,15,28,15,13,0,0,0,1,0,1,2,1,1
SHACKELFORD COUNTY,417,29 Years,24,9,15,22,8,14,0,0,0,1,1,0,1,0,1
SHACKELFORD COUNTY,417,30 Years,26,14,12,22,11,11,0,0,0,1,1,0,3,2,1
SHACKELFORD COUNTY,417,31 Years,29,16,13,25,13,12,0,0,0,1,1,0,3,2,1
SHACKELFORD COUNTY,417,32 Years,34,15,19,30,13,17,0,0,0,1,1,0,3,1,2
SHACKELFORD COUNTY,417,33 Years,30,18,12,28,17,11,0,0,0,0,0,0,2,1,1
SHACKELFORD COUNTY,417,34 Years,24,14,10,22,13,9,0,0,0,0,0,0,2,1,1
SHACKELFORD COUNTY,417,35 Years,26,14,12,25,14,11,0,0,0,0,0,0,1,0,1
SHACKELFORD COUNTY,417,36 Years,35,13,22,31,13,18,0,0,0,0,0,0,4,0,4
SHACKELFORD COUNTY,417,37 Years,44,20,24,38,18,20,0,0,0,0,0,0,6,2,4
SHACKELFORD COUNTY,417,38 Years,39,20,19,33,19,14,0,0,0,0,0,0,6,1,5
SHACKELFORD COUNTY,417,39 Years,36,16,20,31,14,17,0,0,0,0,0,0,5,2,3
SHACKELFORD COUNTY,417,40 Years,35,19,16,30,15,15,0,0,0,0,0,0,5,4,1
SHACKELFORD COUNTY,417,41 Years,43,17,26,39,16,23,0,0,0,1,0,1,3,1,2
SHACKELFORD COUNTY,417,42 Years,41,20,21,36,17,19,0,0,0,0,0,0,5,3,2
SHACKELFORD COUNTY,417,43 Years,36,21,15,29,18,11,0,0,0,0,0,0,7,3,4
SHACKELFORD COUNTY,417,44 Years,39,21,18,32,17,15,0,0,0,2,2,0,5,2,3
SHACKELFORD COUNTY,417,45 Years,44,22,22,36,16,20,1,1,0,0,0,0,7,5,2
SHACKELFORD COUNTY,417,46 Years,45,20,25,41,17,24,1,1,0,0,0,0,3,2,1
SHACKELFORD COUNTY,417,47 Years,45,25,20,39,22,17,0,0,0,1,1,0,5,2,3
SHACKELFORD COUNTY,417,48 Years,41,17,24,33,13,20,0,0,0,0,0,0,8,4,4
SHACKELFORD COUNTY,417,49 Years,51,19,32,41,14,27,0,0,0,1,0,1,9,5,4
SHACKELFORD COUNTY,417,50 Years,57,25,32,51,22,29,0,0,0,1,0,1,5,3,2
SHACKELFORD COUNTY,417,51 Years,68,40,28,62,36,26,0,0,0,1,1,0,5,3,2
SHACKELFORD COUNTY,417,52 Years,53,29,24,48,25,23,0,0,0,0,0,0,5,4,1
SHACKELFORD COUNTY,417,53 Years,55,27,28,52,26,26,0,0,0,1,0,1,2,1,1
SHACKELFORD COUNTY,417,54 Years,63,37,26,57,33,24,0,0,0,2,1,1,4,3,1
SHACKELFORD COUNTY,417,55 Years,47,24,23,43,21,22,0,0,0,1,1,0,3,2,1
SHACKELFORD COUNTY,417,56 Years,59,28,31,55,26,29,0,0,0,1,0,1,3,2,1
SHACKELFORD COUNTY,417,57 Years,58,28,30,55,28,27,0,0,0,1,0,1,2,0,2
SHACKELFORD COUNTY,417,58 Years,61,30,31,58,28,30,0,0,0,0,0,0,3,2,1
SHACKELFORD COUNTY,417,59 Years,49,23,26,46,21,25,0,0,0,1,1,0,2,1,1
SHACKELFORD COUNTY,417,60 Years,40,16,24,37,15,22,0,0,0,1,0,1,2,1,1
SHACKELFORD COUNTY,417,61 Years,39,12,27,36,12,24,0,0,0,1,0,1,2,0,2
SHACKELFORD COUNTY,417,62 Years,49,20,29,46,20,26,0,0,0,0,0,0,3,0,3
SHACKELFORD COUNTY,417,63 Years,48,23,25,45,21,24,0,0,0,0,0,0,3,2,1
SHACKELFORD COUNTY,417,64 Years,48,24,24,44,21,23,0,0,0,0,0,0,4,3,1
SHACKELFORD COUNTY,417,65 Years,46,26,20,43,24,19,0,0,0,0,0,0,3,2,1
SHACKELFORD COUNTY,417,66 Years,37,19,18,35,18,17,0,0,0,1,0,1,1,1,0
SHACKELFORD COUNTY,417,67 Years,28,17,11,25,16,9,0,0,0,2,1,1,1,0,1
SHACKELFORD COUNTY,417,68 Years,32,21,11,30,20,10,0,0,0,1,1,0,1,0,1
SHACKELFORD COUNTY,417,69 Years,34,18,16,29,16,13,0,0,0,2,0,2,3,2,1
SHACKELFORD COUNTY,417,70 Years,43,15,28,39,14,25,0,0,0,1,0,1,3,1,2
SHACKELFORD COUNTY,417,71 Years,28,11,17,27,10,17,0,0,0,0,0,0,1,1,0
SHACKELFORD COUNTY,417,72 Years,27,15,12,27,15,12,0,0,0,0,0,0,0,0,0
SHACKELFORD COUNTY,417,73 Years,25,16,9,22,13,9,0,0,0,0,0,0,3,3,0
SHACKELFORD COUNTY,417,74 Years,31,15,16,29,13,16,0,0,0,0,0,0,2,2,0
SHACKELFORD COUNTY,417,75 Years,24,11,13,23,10,13,1,1,0,0,0,0,0,0,0
SHACKELFORD COUNTY,417,76 Years,26,13,13,26,13,13,0,0,0,0,0,0,0,0,0
SHACKELFORD COUNTY,417,77 Years,27,12,15,27,12,15,0,0,0,0,0,0,0,0,0
SHACKELFORD COUNTY,417,78 Years,31,12,19,29,12,17,1,0,1,0,0,0,1,0,1
SHACKELFORD COUNTY,417,79 Years,25,11,14,22,10,12,1,0,1,2,1,1,0,0,0
SHACKELFORD COUNTY,417,80 Years,17,8,9,16,8,8,1,0,1,0,0,0,0,0,0
SHACKELFORD COUNTY,417,81 Years,15,5,10,15,5,10,0,0,0,0,0,0,0,0,0
SHACKELFORD COUNTY,417,82 Years,17,5,12,17,5,12,0,0,0,0,0,0,0,0,0
SHACKELFORD COUNTY,417,83 Years,22,5,17,21,5,16,0,0,0,0,0,0,1,0,1
SHACKELFORD COUNTY,417,84 Years,12,5,7,11,5,6,0,0,0,1,0,1,0,0,0
SHACKELFORD COUNTY,417,85 Years +,84,31,53,77,29,48,0,0,0,6,1,5,1,1,0
SHELBY COUNTY,419,All Ages,25858,12812,13046,16526,8114,8412,4491,2116,2375,385,184,201,4456,2398,2058
SHELBY COUNTY,419,< 1 Year,352,173,179,165,81,84,54,25,29,33,17,16,100,50,50
SHELBY COUNTY,419,1 Years,363,184,179,179,90,89,68,35,33,15,8,7,101,51,50
SHELBY COUNTY,419,2 Years,378,182,196,180,93,87,65,29,36,7,2,5,126,58,68
SHELBY COUNTY,419,3 Years,387,204,183,183,97,86,68,35,33,11,5,6,125,67,58
SHELBY COUNTY,419,4 Years,384,188,196,187,84,103,74,40,34,10,5,5,113,59,54
SHELBY COUNTY,419,5 Years,380,193,187,196,92,104,75,44,31,8,5,3,101,52,49
SHELBY COUNTY,419,6 Years,392,210,182,206,110,96,68,38,30,10,4,6,108,58,50
SHELBY COUNTY,419,7 Years,392,204,188,212,117,95,67,29,38,10,4,6,103,54,49
SHELBY COUNTY,419,8 Years,392,204,188,211,109,102,69,38,31,5,3,2,107,54,53
SHELBY COUNTY,419,9 Years,387,204,183,198,101,97,75,39,36,6,3,3,108,61,47
SHELBY COUNTY,419,10 Years,367,196,171,194,110,84,60,30,30,6,3,3,107,53,54
SHELBY COUNTY,419,11 Years,398,206,192,217,111,106,69,34,35,4,3,1,108,58,50
SHELBY COUNTY,419,12 Years,381,197,184,199,109,90,75,37,38,6,4,2,101,47,54
SHELBY COUNTY,419,13 Years,362,185,177,204,109,95,66,31,35,5,3,2,87,42,45
SHELBY COUNTY,419,14 Years,362,177,185,212,107,105,55,25,30,5,1,4,90,44,46
SHELBY COUNTY,419,15 Years,350,183,167,204,104,100,62,38,24,7,5,2,77,36,41
SHELBY COUNTY,419,16 Years,340,169,171,195,97,98,70,37,33,6,4,2,69,31,38
SHELBY COUNTY,419,17 Years,348,176,172,202,104,98,68,36,32,5,4,1,73,32,41
SHELBY COUNTY,419,18 Years,360,168,192,213,99,114,66,36,30,4,1,3,77,32,45
SHELBY COUNTY,419,19 Years,377,208,169,217,113,104,76,48,28,8,3,5,76,44,32
SHELBY COUNTY,419,20 Years,355,169,186,186,82,104,82,39,43,7,4,3,80,44,36
SHELBY COUNTY,419,21 Years,335,164,171,180,92,88,76,28,48,7,2,5,72,42,30
SHELBY COUNTY,419,22 Years,313,154,159,179,93,86,66,26,40,5,1,4,63,34,29
SHELBY COUNTY,419,23 Years,310,144,166,172,81,91,54,21,33,8,4,4,76,38,38
SHELBY COUNTY,419,24 Years,323,168,155,180,92,88,58,29,29,5,3,2,80,44,36
SHELBY COUNTY,419,25 Years,312,157,155,170,85,85,58,24,34,3,2,1,81,46,35
SHELBY COUNTY,419,26 Years,308,158,150,170,88,82,58,27,31,2,1,1,78,42,36
SHELBY COUNTY,419,27 Years,302,160,142,167,87,80,52,27,25,5,2,3,78,44,34
SHELBY COUNTY,419,28 Years,305,160,145,169,84,85,49,21,28,5,2,3,82,53,29
SHELBY COUNTY,419,29 Years,298,156,142,172,88,84,50,24,26,7,4,3,69,40,29
SHELBY COUNTY,419,30 Years,273,143,130,149,77,72,51,23,28,3,1,2,70,42,28
SHELBY COUNTY,419,31 Years,303,161,142,176,87,89,46,23,23,1,0,1,80,51,29
SHELBY COUNTY,419,32 Years,294,145,149,183,82,101,46,24,22,2,0,2,63,39,24
SHELBY COUNTY,419,33 Years,295,147,148,175,87,88,44,19,25,5,1,4,71,40,31
SHELBY COUNTY,419,34 Years,306,146,160,179,91,88,48,19,29,3,1,2,76,35,41
SHELBY COUNTY,419,35 Years,280,144,136,151,76,75,46,21,25,3,1,2,80,46,34
SHELBY COUNTY,419,36 Years,294,131,163,164,75,89,40,13,27,3,1,2,87,42,45
SHELBY COUNTY,419,37 Years,316,157,159,183,91,92,49,23,26,4,3,1,80,40,40
SHELBY COUNTY,419,38 Years,320,151,169,186,81,105,49,21,28,2,2,0,83,47,36
SHELBY COUNTY,419,39 Years,279,141,138,166,86,80,43,15,28,2,1,1,68,39,29
SHELBY COUNTY,419,40 Years,301,139,162,189,85,104,49,17,32,2,1,1,61,36,25
SHELBY COUNTY,419,41 Years,330,160,170,212,101,111,58,25,33,3,0,3,57,34,23
SHELBY COUNTY,419,42 Years,338,177,161,210,109,101,60,26,34,4,2,2,64,40,24
SHELBY COUNTY,419,43 Years,349,173,176,235,120,115,58,22,36,1,1,0,55,30,25
SHELBY COUNTY,419,44 Years,297,157,140,183,98,85,64,27,37,0,0,0,50,32,18
SHELBY COUNTY,419,45 Years,309,145,164,203,93,110,61,28,33,4,3,1,41,21,20
SHELBY COUNTY,419,46 Years,295,143,152,181,80,101,58,34,24,3,1,2,53,28,25
SHELBY COUNTY,419,47 Years,327,159,168,199,92,107,75,39,36,3,2,1,50,26,24
SHELBY COUNTY,419,48 Years,329,169,160,204,104,100,82,39,43,3,2,1,40,24,16
SHELBY COUNTY,419,49 Years,334,180,154,217,113,104,75,42,33,6,3,3,36,22,14
SHELBY COUNTY,419,50 Years,335,176,159,235,129,106,64,28,36,5,3,2,31,16,15
SHELBY COUNTY,419,51 Years,334,164,170,233,118,115,68,28,40,2,1,1,31,17,14
SHELBY COUNTY,419,52 Years,368,191,177,261,130,131,69,34,35,2,0,2,36,27,9
SHELBY COUNTY,419,53 Years,352,170,182,251,110,141,60,35,25,4,1,3,37,24,13
SHELBY COUNTY,419,54 Years,359,176,183,257,123,134,63,33,30,4,3,1,35,17,18
SHELBY COUNTY,419,55 Years,336,162,174,248,118,130,59,24,35,2,1,1,27,19,8
SHELBY COUNTY,419,56 Years,341,174,167,251,126,125,63,33,30,4,1,3,23,14,9
SHELBY COUNTY,419,57 Years,333,173,160,243,131,112,66,30,36,6,2,4,18,10,8
SHELBY COUNTY,419,58 Years,294,146,148,199,104,95,72,33,39,3,2,1,20,7,13
SHELBY COUNTY,419,59 Years,308,146,162,234,114,120,48,19,29,3,2,1,23,11,12
SHELBY COUNTY,419,60 Years,302,141,161,238,111,127,43,17,26,4,2,2,17,11,6
SHELBY COUNTY,419,61 Years,318,167,151,241,124,117,58,33,25,4,1,3,15,9,6
SHELBY COUNTY,419,62 Years,321,159,162,238,116,122,61,30,31,4,1,3,18,12,6
SHELBY COUNTY,419,63 Years,285,149,136,220,116,104,49,24,25,2,1,1,14,8,6
SHELBY COUNTY,419,64 Years,296,150,146,249,123,126,34,17,17,3,2,1,10,8,2
SHELBY COUNTY,419,65 Years,294,150,144,241,128,113,37,15,22,3,0,3,13,7,6
SHELBY COUNTY,419,66 Years,245,120,125,201,98,103,27,13,14,4,1,3,13,8,5
SHELBY COUNTY,419,67 Years,233,110,123,192,87,105,27,18,9,2,1,1,12,4,8
SHELBY COUNTY,419,68 Years,259,126,133,214,102,112,32,15,17,2,1,1,11,8,3
SHELBY COUNTY,419,69 Years,236,113,123,196,92,104,28,13,15,3,3,0,9,5,4
SHELBY COUNTY,419,70 Years,234,107,127,197,90,107,28,12,16,3,2,1,6,3,3
SHELBY COUNTY,419,71 Years,245,121,124,202,99,103,35,16,19,4,3,1,4,3,1
SHELBY COUNTY,419,72 Years,219,99,120,182,86,96,33,10,23,2,1,1,2,2,0
SHELBY COUNTY,419,73 Years,188,75,113,152,63,89,31,9,22,2,1,1,3,2,1
SHELBY COUNTY,419,74 Years,206,91,115,171,77,94,31,12,19,2,1,1,2,1,1
SHELBY COUNTY,419,75 Years,189,95,94,157,80,77,24,12,12,2,1,1,6,2,4
SHELBY COUNTY,419,76 Years,172,93,79,140,77,63,22,12,10,3,1,2,7,3,4
SHELBY COUNTY,419,77 Years,174,87,87,137,72,65,28,12,16,4,2,2,5,1,4
SHELBY COUNTY,419,78 Years,165,71,94,133,62,71,26,7,19,2,1,1,4,1,3
SHELBY COUNTY,419,79 Years,144,57,87,120,47,73,23,10,13,0,0,0,1,0,1
SHELBY COUNTY,419,80 Years,116,51,65,98,41,57,15,8,7,0,0,0,3,2,1
SHELBY COUNTY,419,81 Years,106,51,55,94,46,48,7,3,4,2,1,1,3,1,2
SHELBY COUNTY,419,82 Years,115,44,71,98,38,60,13,4,9,2,1,1,2,1,1
SHELBY COUNTY,419,83 Years,106,37,69,84,30,54,17,5,12,3,0,3,2,2,0
SHELBY COUNTY,419,84 Years,91,37,54,80,34,46,8,1,7,2,1,1,1,1,0
SHELBY COUNTY,419,85 Years +,457,164,293,375,135,240,67,21,46,4,1,3,11,7,4
SHERMAN COUNTY,421,All Ages,3098,1595,1503,1761,893,868,9,7,2,41,25,16,1287,670,617
SHERMAN COUNTY,421,< 1 Year,42,22,20,19,10,9,0,0,0,3,2,1,20,10,10
SHERMAN COUNTY,421,1 Years,38,19,19,16,8,8,0,0,0,1,1,0,21,10,11
SHERMAN COUNTY,421,2 Years,32,15,17,12,4,8,0,0,0,0,0,0,20,11,9
SHERMAN COUNTY,421,3 Years,43,17,26,21,8,13,0,0,0,0,0,0,22,9,13
SHERMAN COUNTY,421,4 Years,49,24,25,17,8,9,0,0,0,0,0,0,32,16,16
SHERMAN COUNTY,421,5 Years,43,26,17,14,7,7,0,0,0,1,1,0,28,18,10
SHERMAN COUNTY,421,6 Years,47,29,18,15,8,7,0,0,0,0,0,0,32,21,11
SHERMAN COUNTY,421,7 Years,53,25,28,23,12,11,0,0,0,0,0,0,30,13,17
SHERMAN COUNTY,421,8 Years,55,25,30,27,11,16,0,0,0,1,0,1,27,14,13
SHERMAN COUNTY,421,9 Years,53,25,28,24,10,14,0,0,0,1,1,0,28,14,14
SHERMAN COUNTY,421,10 Years,51,28,23,20,11,9,0,0,0,1,0,1,30,17,13
SHERMAN COUNTY,421,11 Years,52,29,23,18,13,5,0,0,0,2,1,1,32,15,17
SHERMAN COUNTY,421,12 Years,43,22,21,18,11,7,0,0,0,2,1,1,23,10,13
SHERMAN COUNTY,421,13 Years,38,16,22,20,11,9,0,0,0,1,0,1,17,5,12
SHERMAN COUNTY,421,14 Years,54,30,24,24,12,12,1,1,0,0,0,0,29,17,12
SHERMAN COUNTY,421,15 Years,52,31,21,21,14,7,0,0,0,1,1,0,30,16,14
SHERMAN COUNTY,421,16 Years,61,31,30,26,16,10,0,0,0,1,1,0,34,14,20
SHERMAN COUNTY,421,17 Years,63,30,33,26,15,11,1,0,1,1,1,0,35,14,21
SHERMAN COUNTY,421,18 Years,64,31,33,29,17,12,0,0,0,0,0,0,35,14,21
SHERMAN COUNTY,421,19 Years,65,40,25,33,22,11,0,0,0,0,0,0,32,18,14
SHERMAN COUNTY,421,20 Years,48,29,19,23,16,7,0,0,0,0,0,0,25,13,12
SHERMAN COUNTY,421,21 Years,39,22,17,14,8,6,0,0,0,0,0,0,25,14,11
SHERMAN COUNTY,421,22 Years,27,15,12,9,4,5,0,0,0,0,0,0,18,11,7
SHERMAN COUNTY,421,23 Years,24,13,11,9,5,4,0,0,0,0,0,0,15,8,7
SHERMAN COUNTY,421,24 Years,22,14,8,8,6,2,0,0,0,0,0,0,14,8,6
SHERMAN COUNTY,421,25 Years,33,19,14,15,7,8,0,0,0,0,0,0,18,12,6
SHERMAN COUNTY,421,26 Years,26,18,8,13,7,6,0,0,0,0,0,0,13,11,2
SHERMAN COUNTY,421,27 Years,25,14,11,12,6,6,0,0,0,0,0,0,13,8,5
SHERMAN COUNTY,421,28 Years,31,11,20,18,7,11,0,0,0,0,0,0,13,4,9
SHERMAN COUNTY,421,29 Years,37,16,21,20,8,12,0,0,0,0,0,0,17,8,9
SHERMAN COUNTY,421,30 Years,30,14,16,18,9,9,0,0,0,0,0,0,12,5,7
SHERMAN COUNTY,421,31 Years,30,16,14,16,8,8,0,0,0,0,0,0,14,8,6
SHERMAN COUNTY,421,32 Years,28,18,10,16,9,7,0,0,0,0,0,0,12,9,3
SHERMAN COUNTY,421,33 Years,29,15,14,13,6,7,0,0,0,1,1,0,15,8,7
SHERMAN COUNTY,421,34 Years,32,17,15,16,7,9,0,0,0,1,1,0,15,9,6
SHERMAN COUNTY,421,35 Years,30,18,12,11,8,3,0,0,0,1,1,0,18,9,9
SHERMAN COUNTY,421,36 Years,41,25,16,18,10,8,0,0,0,2,2,0,21,13,8
SHERMAN COUNTY,421,37 Years,50,24,26,22,12,10,0,0,0,1,0,1,27,12,15
SHERMAN COUNTY,421,38 Years,34,16,18,14,7,7,0,0,0,1,0,1,19,9,10
SHERMAN COUNTY,421,39 Years,37,16,21,20,9,11,0,0,0,1,1,0,16,6,10
SHERMAN COUNTY,421,40 Years,50,27,23,30,15,15,0,0,0,1,1,0,19,11,8
SHERMAN COUNTY,421,41 Years,47,20,27,30,12,18,0,0,0,0,0,0,17,8,9
SHERMAN COUNTY,421,42 Years,44,22,22,23,11,12,0,0,0,1,1,0,20,10,10
SHERMAN COUNTY,421,43 Years,44,21,23,22,11,11,0,0,0,1,1,0,21,9,12
SHERMAN COUNTY,421,44 Years,36,13,23,17,6,11,0,0,0,0,0,0,19,7,12
SHERMAN COUNTY,421,45 Years,40,19,21,25,9,16,1,1,0,0,0,0,14,9,5
SHERMAN COUNTY,421,46 Years,52,20,32,23,9,14,1,0,1,1,1,0,27,10,17
SHERMAN COUNTY,421,47 Years,53,29,24,27,16,11,0,0,0,1,1,0,25,12,13
SHERMAN COUNTY,421,48 Years,52,31,21,35,21,14,0,0,0,1,0,1,16,10,6
SHERMAN COUNTY,421,49 Years,42,26,16,27,14,13,0,0,0,0,0,0,15,12,3
SHERMAN COUNTY,421,50 Years,47,24,23,28,16,12,0,0,0,1,0,1,18,8,10
SHERMAN COUNTY,421,51 Years,45,22,23,29,12,17,0,0,0,1,1,0,15,9,6
SHERMAN COUNTY,421,52 Years,38,24,14,24,13,11,0,0,0,1,1,0,13,10,3
SHERMAN COUNTY,421,53 Years,43,20,23,29,13,16,0,0,0,1,1,0,13,6,7
SHERMAN COUNTY,421,54 Years,50,25,25,33,16,17,0,0,0,1,1,0,16,8,8
SHERMAN COUNTY,421,55 Years,37,20,17,26,15,11,0,0,0,0,0,0,11,5,6
SHERMAN COUNTY,421,56 Years,41,28,13,26,18,8,1,1,0,0,0,0,14,9,5
SHERMAN COUNTY,421,57 Years,47,26,21,30,17,13,0,0,0,1,0,1,16,9,7
SHERMAN COUNTY,421,58 Years,27,13,14,17,7,10,0,0,0,0,0,0,10,6,4
SHERMAN COUNTY,421,59 Years,23,13,10,18,9,9,0,0,0,0,0,0,5,4,1
SHERMAN COUNTY,421,60 Years,31,17,14,26,14,12,1,1,0,0,0,0,4,2,2
SHERMAN COUNTY,421,61 Years,33,19,14,25,13,12,1,1,0,1,0,1,6,5,1
SHERMAN COUNTY,421,62 Years,29,15,14,22,11,11,0,0,0,1,0,1,6,4,2
SHERMAN COUNTY,421,63 Years,24,14,10,22,12,10,1,1,0,0,0,0,1,1,0
SHERMAN COUNTY,421,64 Years,26,14,12,21,10,11,0,0,0,0,0,0,5,4,1
SHERMAN COUNTY,421,65 Years,42,21,21,39,20,19,0,0,0,0,0,0,3,1,2
SHERMAN COUNTY,421,66 Years,29,13,16,27,13,14,0,0,0,0,0,0,2,0,2
SHERMAN COUNTY,421,67 Years,20,11,9,19,10,9,0,0,0,0,0,0,1,1,0
SHERMAN COUNTY,421,68 Years,23,14,9,19,11,8,0,0,0,0,0,0,4,3,1
SHERMAN COUNTY,421,69 Years,21,9,12,17,6,11,0,0,0,0,0,0,4,3,1
SHERMAN COUNTY,421,70 Years,25,13,12,20,11,9,0,0,0,1,0,1,4,2,2
SHERMAN COUNTY,421,71 Years,32,19,13,29,19,10,0,0,0,1,0,1,2,0,2
SHERMAN COUNTY,421,72 Years,20,10,10,18,10,8,0,0,0,0,0,0,2,0,2
SHERMAN COUNTY,421,73 Years,16,8,8,15,7,8,0,0,0,0,0,0,1,1,0
SHERMAN COUNTY,421,74 Years,16,9,7,15,8,7,0,0,0,0,0,0,1,1,0
SHERMAN COUNTY,421,75 Years,10,5,5,8,3,5,0,0,0,0,0,0,2,2,0
SHERMAN COUNTY,421,76 Years,13,9,4,10,6,4,1,1,0,0,0,0,2,2,0
SHERMAN COUNTY,421,77 Years,17,7,10,15,7,8,0,0,0,0,0,0,2,0,2
SHERMAN COUNTY,421,78 Years,17,7,10,15,6,9,0,0,0,0,0,0,2,1,1
SHERMAN COUNTY,421,79 Years,18,5,13,15,4,11,0,0,0,0,0,0,3,1,2
SHERMAN COUNTY,421,80 Years,14,6,8,12,6,6,0,0,0,0,0,0,2,0,2
SHERMAN COUNTY,421,81 Years,12,8,4,11,7,4,0,0,0,0,0,0,1,1,0
SHERMAN COUNTY,421,82 Years,17,9,8,15,8,7,0,0,0,0,0,0,2,1,1
SHERMAN COUNTY,421,83 Years,8,4,4,8,4,4,0,0,0,0,0,0,0,0,0
SHERMAN COUNTY,421,84 Years,13,3,10,12,3,9,0,0,0,1,0,1,0,0,0
SHERMAN COUNTY,421,85 Years +,63,18,45,59,17,42,0,0,0,0,0,0,4,1,3
SMITH COUNTY,423,All Ages,216097,104751,111346,131728,63452,68276,38252,17716,20536,6735,3197,3538,39382,20386,18996
SMITH COUNTY,423,< 1 Year,2976,1499,1477,1485,732,753,509,260,249,103,50,53,879,457,422
SMITH COUNTY,423,1 Years,3145,1598,1547,1499,757,742,633,322,311,117,58,59,896,461,435
SMITH COUNTY,423,2 Years,2960,1503,1457,1373,702,671,569,280,289,129,65,64,889,456,433
SMITH COUNTY,423,3 Years,2950,1511,1439,1367,697,670,562,302,260,150,74,76,871,438,433
SMITH COUNTY,423,4 Years,2988,1563,1425,1381,725,656,550,292,258,166,78,88,891,468,423
SMITH COUNTY,423,5 Years,3159,1634,1525,1486,802,684,562,287,275,135,63,72,976,482,494
SMITH COUNTY,423,6 Years,3120,1593,1527,1534,792,742,551,276,275,132,70,62,903,455,448
SMITH COUNTY,423,7 Years,3019,1554,1465,1475,756,719,569,288,281,135,69,66,840,441,399
SMITH COUNTY,423,8 Years,3122,1623,1499,1503,779,724,556,294,262,158,79,79,905,471,434
SMITH COUNTY,423,9 Years,3107,1554,1553,1494,735,759,565,294,271,148,69,79,900,456,444
SMITH COUNTY,423,10 Years,3058,1552,1506,1512,762,750,522,272,250,133,61,72,891,457,434
SMITH COUNTY,423,11 Years,3119,1591,1528,1572,810,762,537,269,268,142,63,79,868,449,419
SMITH COUNTY,423,12 Years,3071,1607,1464,1532,801,731,552,291,261,146,73,73,841,442,399
SMITH COUNTY,423,13 Years,2999,1529,1470,1509,777,732,552,275,277,140,76,64,798,401,397
SMITH COUNTY,423,14 Years,3002,1515,1487,1521,756,765,590,309,281,129,62,67,762,388,374
SMITH COUNTY,423,15 Years,2983,1538,1445,1517,800,717,567,293,274,132,61,71,767,384,383
SMITH COUNTY,423,16 Years,3019,1592,1427,1579,853,726,557,284,273,138,69,69,745,386,359
SMITH COUNTY,423,17 Years,3038,1576,1462,1576,822,754,591,297,294,112,58,54,759,399,360
SMITH COUNTY,423,18 Years,3005,1539,1466,1555,809,746,592,290,302,118,58,60,740,382,358
SMITH COUNTY,423,19 Years,2991,1529,1462,1490,778,712,639,300,339,117,61,56,745,390,355
SMITH COUNTY,423,20 Years,3165,1599,1566,1512,749,763,791,385,406,111,60,51,751,405,346
SMITH COUNTY,423,21 Years,3708,1836,1872,1844,895,949,972,468,504,114,56,58,778,417,361
SMITH COUNTY,423,22 Years,3530,1739,1791,1817,890,927,851,404,447,119,61,58,743,384,359
SMITH COUNTY,423,23 Years,3339,1637,1702,1773,841,932,761,367,394,98,50,48,707,379,328
SMITH COUNTY,423,24 Years,3247,1560,1687,1805,855,950,646,295,351,96,46,50,700,364,336
SMITH COUNTY,423,25 Years,3191,1518,1673,1794,835,959,603,266,337,107,54,53,687,363,324
SMITH COUNTY,423,26 Years,3089,1482,1607,1706,779,927,583,271,312,92,52,40,708,380,328
SMITH COUNTY,423,27 Years,3068,1480,1588,1689,795,894,570,253,317,92,45,47,717,387,330
SMITH COUNTY,423,28 Years,2995,1449,1546,1661,795,866,539,247,292,107,54,53,688,353,335
SMITH COUNTY,423,29 Years,2929,1463,1466,1613,814,799,518,230,288,96,48,48,702,371,331
SMITH COUNTY,423,30 Years,2756,1356,1400,1561,772,789,479,210,269,79,41,38,637,333,304
SMITH COUNTY,423,31 Years,2727,1367,1360,1500,756,744,512,236,276,90,46,44,625,329,296
SMITH COUNTY,423,32 Years,2751,1394,1357,1530,786,744,510,238,272,97,46,51,614,324,290
SMITH COUNTY,423,33 Years,2626,1247,1379,1488,722,766,440,193,247,83,33,50,615,299,316
SMITH COUNTY,423,34 Years,2546,1239,1307,1437,711,726,411,180,231,74,27,47,624,321,303
SMITH COUNTY,423,35 Years,2477,1220,1257,1410,695,715,381,169,212,71,31,40,615,325,290
SMITH COUNTY,423,36 Years,2528,1244,1284,1409,688,721,410,183,227,88,43,45,621,330,291
SMITH COUNTY,423,37 Years,2500,1191,1309,1417,687,730,417,170,247,83,37,46,583,297,286
SMITH COUNTY,423,38 Years,2433,1160,1273,1341,646,695,438,186,252,85,33,52,569,295,274
SMITH COUNTY,423,39 Years,2541,1236,1305,1408,699,709,491,215,276,86,34,52,556,288,268
SMITH COUNTY,423,40 Years,2626,1249,1377,1509,730,779,498,220,278,88,35,53,531,264,267
SMITH COUNTY,423,41 Years,2826,1340,1486,1678,793,885,513,231,282,98,40,58,537,276,261
SMITH COUNTY,423,42 Years,2699,1297,1402,1614,784,830,474,214,260,96,39,57,515,260,255
SMITH COUNTY,423,43 Years,2597,1284,1313,1623,821,802,425,187,238,72,38,34,477,238,239
SMITH COUNTY,423,44 Years,2568,1244,1324,1579,776,803,447,195,252,80,35,45,462,238,224
SMITH COUNTY,423,45 Years,2539,1219,1320,1577,778,799,457,202,255,80,40,40,425,199,226
SMITH COUNTY,423,46 Years,2504,1244,1260,1524,760,764,479,214,265,70,36,34,431,234,197
SMITH COUNTY,423,47 Years,2597,1266,1331,1604,782,822,496,225,271,69,35,34,428,224,204
SMITH COUNTY,423,48 Years,2747,1325,1422,1784,854,930,494,225,269,82,34,48,387,212,175
SMITH COUNTY,423,49 Years,2757,1314,1443,1880,901,979,474,206,268,73,26,47,330,181,149
SMITH COUNTY,423,50 Years,2724,1291,1433,1810,864,946,515,223,292,69,32,37,330,172,158
SMITH COUNTY,423,51 Years,2789,1319,1470,1922,898,1024,469,210,259,77,43,34,321,168,153
SMITH COUNTY,423,52 Years,2848,1384,1464,1931,933,998,511,233,278,74,38,36,332,180,152
SMITH COUNTY,423,53 Years,2747,1327,1420,1882,919,963,482,209,273,67,33,34,316,166,150
SMITH COUNTY,423,54 Years,2777,1310,1467,1923,926,997,490,204,286,60,31,29,304,149,155
SMITH COUNTY,423,55 Years,2749,1318,1431,1900,927,973,505,218,287,65,30,35,279,143,136
SMITH COUNTY,423,56 Years,2775,1337,1438,1943,944,999,499,224,275,61,24,37,272,145,127
SMITH COUNTY,423,57 Years,2741,1271,1470,1931,889,1042,515,230,285,58,24,34,237,128,109
SMITH COUNTY,423,58 Years,2646,1252,1394,1909,903,1006,481,214,267,47,18,29,209,117,92
SMITH COUNTY,423,59 Years,2437,1166,1271,1764,847,917,436,193,243,55,25,30,182,101,81
SMITH COUNTY,423,60 Years,2411,1199,1212,1784,884,900,412,199,213,54,26,28,161,90,71
SMITH COUNTY,423,61 Years,2349,1121,1228,1716,817,899,417,203,214,52,25,27,164,76,88
SMITH COUNTY,423,62 Years,2404,1124,1280,1807,849,958,391,176,215,50,21,29,156,78,78
SMITH COUNTY,423,63 Years,2223,1027,1196,1685,777,908,362,165,197,49,20,29,127,65,62
SMITH COUNTY,423,64 Years,2275,1077,1198,1758,835,923,354,163,191,49,19,30,114,60,54
SMITH COUNTY,423,65 Years,2346,1077,1269,1850,866,984,331,140,191,49,16,33,116,55,61
SMITH COUNTY,423,66 Years,1896,879,1017,1491,699,792,253,104,149,40,19,21,112,57,55
SMITH COUNTY,423,67 Years,1894,861,1033,1488,681,807,258,109,149,36,15,21,112,56,56
SMITH COUNTY,423,68 Years,1827,835,992,1454,665,789,232,97,135,34,17,17,107,56,51
SMITH COUNTY,423,69 Years,1773,820,953,1424,651,773,241,113,128,27,13,14,81,43,38
SMITH COUNTY,423,70 Years,1646,768,878,1352,618,734,194,91,103,28,16,12,72,43,29
SMITH COUNTY,423,71 Years,1591,711,880,1300,572,728,202,93,109,29,15,14,60,31,29
SMITH COUNTY,423,72 Years,1566,711,855,1280,583,697,195,80,115,28,14,14,63,34,29
SMITH COUNTY,423,73 Years,1407,651,756,1166,537,629,160,73,87,20,9,11,61,32,29
SMITH COUNTY,423,74 Years,1354,642,712,1110,534,576,160,65,95,22,11,11,62,32,30
SMITH COUNTY,423,75 Years,1297,606,691,1076,504,572,151,65,86,18,10,8,52,27,25
SMITH COUNTY,423,76 Years,1271,574,697,1055,477,578,145,63,82,18,8,10,53,26,27
SMITH COUNTY,423,77 Years,1256,511,745,1043,433,610,162,55,107,13,5,8,38,18,20
SMITH COUNTY,423,78 Years,1124,478,646,936,406,530,142,52,90,16,7,9,30,13,17
SMITH COUNTY,423,79 Years,1038,444,594,853,377,476,140,49,91,15,6,9,30,12,18
SMITH COUNTY,423,80 Years,982,391,591,818,333,485,124,48,76,12,2,10,28,8,20
SMITH COUNTY,423,81 Years,974,417,557,817,357,460,119,47,72,15,5,10,23,8,15
SMITH COUNTY,423,82 Years,863,354,509,736,299,437,94,41,53,11,3,8,22,11,11
SMITH COUNTY,423,83 Years,799,333,466,684,290,394,86,30,56,13,4,9,16,9,7
SMITH COUNTY,423,84 Years,728,306,422,621,272,349,83,24,59,9,4,5,15,6,9
SMITH COUNTY,423,85 Years +,4133,1460,2673,3462,1252,2210,536,153,383,39,17,22,96,38,58
SOMERVELL COUNTY,425,All Ages,8789,4322,4467,6795,3333,3462,60,33,27,225,99,126,1709,857,852
SOMERVELL COUNTY,425,< 1 Year,84,44,40,60,30,30,1,0,1,2,2,0,21,12,9
SOMERVELL COUNTY,425,1 Years,91,46,45,63,31,32,1,0,1,2,2,0,25,13,12
SOMERVELL COUNTY,425,2 Years,97,48,49,56,28,28,0,0,0,2,1,1,39,19,20
SOMERVELL COUNTY,425,3 Years,84,39,45,56,27,29,1,0,1,1,1,0,26,11,15
SOMERVELL COUNTY,425,4 Years,107,52,55,74,40,34,2,0,2,2,2,0,29,10,19
SOMERVELL COUNTY,425,5 Years,105,53,52,70,38,32,1,1,0,3,1,2,31,13,18
SOMERVELL COUNTY,425,6 Years,107,53,54,70,38,32,1,0,1,8,1,7,28,14,14
SOMERVELL COUNTY,425,7 Years,104,55,49,66,39,27,3,0,3,7,2,5,28,14,14
SOMERVELL COUNTY,425,8 Years,106,47,59,69,33,36,2,0,2,5,3,2,30,11,19
SOMERVELL COUNTY,425,9 Years,126,52,74,77,34,43,1,0,1,5,3,2,43,15,28
SOMERVELL COUNTY,425,10 Years,126,61,65,87,45,42,0,0,0,5,2,3,34,14,20
SOMERVELL COUNTY,425,11 Years,133,60,73,84,38,46,0,0,0,7,1,6,42,21,21
SOMERVELL COUNTY,425,12 Years,134,67,67,79,39,40,3,2,1,6,1,5,46,25,21
SOMERVELL COUNTY,425,13 Years,130,72,58,84,45,39,5,3,2,8,5,3,33,19,14
SOMERVELL COUNTY,425,14 Years,146,80,66,98,52,46,4,3,1,4,2,2,40,23,17
SOMERVELL COUNTY,425,15 Years,166,100,66,113,68,45,3,2,1,3,2,1,47,28,19
SOMERVELL COUNTY,425,16 Years,158,88,70,116,66,50,2,1,1,3,2,1,37,19,18
SOMERVELL COUNTY,425,17 Years,151,83,68,98,56,42,3,2,1,3,1,2,47,24,23
SOMERVELL COUNTY,425,18 Years,147,80,67,102,59,43,6,4,2,4,1,3,35,16,19
SOMERVELL COUNTY,425,19 Years,165,73,92,113,49,64,4,2,2,4,0,4,44,22,22
SOMERVELL COUNTY,425,20 Years,136,64,72,87,39,48,2,0,2,4,3,1,43,22,21
SOMERVELL COUNTY,425,21 Years,101,50,51,62,30,32,1,1,0,5,2,3,33,17,16
SOMERVELL COUNTY,425,22 Years,92,47,45,48,26,22,0,0,0,8,3,5,36,18,18
SOMERVELL COUNTY,425,23 Years,86,47,39,56,31,25,0,0,0,2,1,1,28,15,13
SOMERVELL COUNTY,425,24 Years,82,43,39,63,32,31,0,0,0,1,1,0,18,10,8
SOMERVELL COUNTY,425,25 Years,77,39,38,57,28,29,0,0,0,1,1,0,19,10,9
SOMERVELL COUNTY,425,26 Years,84,43,41,62,30,32,0,0,0,1,0,1,21,13,8
SOMERVELL COUNTY,425,27 Years,76,37,39,53,23,30,0,0,0,1,0,1,22,14,8
SOMERVELL COUNTY,425,28 Years,73,36,37,55,26,29,1,0,1,0,0,0,17,10,7
SOMERVELL COUNTY,425,29 Years,71,38,33,53,29,24,1,0,1,1,0,1,16,9,7
SOMERVELL COUNTY,425,30 Years,85,43,42,52,26,26,1,1,0,4,4,0,28,12,16
SOMERVELL COUNTY,425,31 Years,80,46,34,53,28,25,0,0,0,1,1,0,26,17,9
SOMERVELL COUNTY,425,32 Years,80,46,34,50,24,26,1,1,0,3,1,2,26,20,6
SOMERVELL COUNTY,425,33 Years,97,45,52,60,26,34,1,1,0,1,0,1,35,18,17
SOMERVELL COUNTY,425,34 Years,93,42,51,65,28,37,0,0,0,3,0,3,25,14,11
SOMERVELL COUNTY,425,35 Years,95,42,53,69,30,39,0,0,0,3,1,2,23,11,12
SOMERVELL COUNTY,425,36 Years,102,46,56,68,30,38,0,0,0,2,2,0,32,14,18
SOMERVELL COUNTY,425,37 Years,103,50,53,76,36,40,0,0,0,2,1,1,25,13,12
SOMERVELL COUNTY,425,38 Years,99,42,57,69,32,37,1,1,0,4,2,2,25,7,18
SOMERVELL COUNTY,425,39 Years,105,49,56,77,41,36,1,1,0,4,1,3,23,6,17
SOMERVELL COUNTY,425,40 Years,96,43,53,68,31,37,0,0,0,4,1,3,24,11,13
SOMERVELL COUNTY,425,41 Years,113,57,56,88,43,45,1,1,0,2,1,1,22,12,10
SOMERVELL COUNTY,425,42 Years,126,60,66,104,48,56,0,0,0,1,1,0,21,11,10
SOMERVELL COUNTY,425,43 Years,128,54,74,100,46,54,0,0,0,6,2,4,22,6,16
SOMERVELL COUNTY,425,44 Years,101,44,57,78,36,42,0,0,0,2,1,1,21,7,14
SOMERVELL COUNTY,425,45 Years,119,56,63,89,40,49,0,0,0,2,1,1,28,15,13
SOMERVELL COUNTY,425,46 Years,128,61,67,100,46,54,1,1,0,2,1,1,25,13,12
SOMERVELL COUNTY,425,47 Years,135,71,64,107,53,54,2,2,0,2,1,1,24,15,9
SOMERVELL COUNTY,425,48 Years,145,71,74,118,55,63,0,0,0,2,0,2,25,16,9
SOMERVELL COUNTY,425,49 Years,131,68,63,106,52,54,0,0,0,4,3,1,21,13,8
SOMERVELL COUNTY,425,50 Years,132,72,60,116,66,50,0,0,0,2,1,1,14,5,9
SOMERVELL COUNTY,425,51 Years,148,80,68,126,70,56,1,1,0,4,2,2,17,7,10
SOMERVELL COUNTY,425,52 Years,128,59,69,113,52,61,1,1,0,2,1,1,12,5,7
SOMERVELL COUNTY,425,53 Years,134,60,74,118,52,66,0,0,0,2,1,1,14,7,7
SOMERVELL COUNTY,425,54 Years,130,68,62,114,60,54,0,0,0,1,0,1,15,8,7
SOMERVELL COUNTY,425,55 Years,125,62,63,108,55,53,0,0,0,3,2,1,14,5,9
SOMERVELL COUNTY,425,56 Years,115,64,51,101,56,45,0,0,0,5,3,2,9,5,4
SOMERVELL COUNTY,425,57 Years,113,52,61,101,45,56,0,0,0,4,2,2,8,5,3
SOMERVELL COUNTY,425,58 Years,120,50,70,107,43,64,0,0,0,2,1,1,11,6,5
SOMERVELL COUNTY,425,59 Years,127,54,73,110,45,65,0,0,0,2,1,1,15,8,7
SOMERVELL COUNTY,425,60 Years,126,61,65,111,52,59,0,0,0,2,2,0,13,7,6
SOMERVELL COUNTY,425,61 Years,121,68,53,107,57,50,1,1,0,3,2,1,10,8,2
SOMERVELL COUNTY,425,62 Years,128,64,64,115,59,56,0,0,0,3,0,3,10,5,5
SOMERVELL COUNTY,425,63 Years,132,73,59,118,66,52,0,0,0,3,1,2,11,6,5
SOMERVELL COUNTY,425,64 Years,129,73,56,119,68,51,0,0,0,2,1,1,8,4,4
SOMERVELL COUNTY,425,65 Years,103,47,56,95,45,50,0,0,0,2,0,2,6,2,4
SOMERVELL COUNTY,425,66 Years,88,38,50,81,35,46,0,0,0,1,0,1,6,3,3
SOMERVELL COUNTY,425,67 Years,82,35,47,76,33,43,0,0,0,1,0,1,5,2,3
SOMERVELL COUNTY,425,68 Years,90,45,45,84,42,42,0,0,0,2,0,2,4,3,1
SOMERVELL COUNTY,425,69 Years,83,45,38,74,41,33,0,0,0,4,3,1,5,1,4
SOMERVELL COUNTY,425,70 Years,82,46,36,77,43,34,0,0,0,1,1,0,4,2,2
SOMERVELL COUNTY,425,71 Years,70,34,36,66,32,34,0,0,0,1,1,0,3,1,2
SOMERVELL COUNTY,425,72 Years,61,29,32,58,29,29,0,0,0,1,0,1,2,0,2
SOMERVELL COUNTY,425,73 Years,57,27,30,52,25,27,0,0,0,3,1,2,2,1,1
SOMERVELL COUNTY,425,74 Years,64,25,39,59,23,36,0,0,0,2,0,2,3,2,1
SOMERVELL COUNTY,425,75 Years,70,31,39,63,27,36,0,0,0,0,0,0,7,4,3
SOMERVELL COUNTY,425,76 Years,50,24,26,47,23,24,0,0,0,0,0,0,3,1,2
SOMERVELL COUNTY,425,77 Years,39,22,17,37,21,16,0,0,0,1,0,1,1,1,0
SOMERVELL COUNTY,425,78 Years,55,24,31,51,22,29,0,0,0,0,0,0,4,2,2
SOMERVELL COUNTY,425,79 Years,47,18,29,46,18,28,0,0,0,0,0,0,1,0,1
SOMERVELL COUNTY,425,80 Years,35,18,17,34,18,16,0,0,0,0,0,0,1,0,1
SOMERVELL COUNTY,425,81 Years,28,13,15,24,10,14,0,0,0,1,0,1,3,3,0
SOMERVELL COUNTY,425,82 Years,33,16,17,30,13,17,0,0,0,0,0,0,3,3,0
SOMERVELL COUNTY,425,83 Years,34,19,15,32,17,15,0,0,0,1,1,0,1,1,0
SOMERVELL COUNTY,425,84 Years,32,15,17,30,13,17,0,0,0,1,1,0,1,1,0
SOMERVELL COUNTY,425,85 Years +,172,58,114,167,57,110,0,0,0,1,0,1,4,1,3
STARR COUNTY,427,All Ages,62466,30189,32277,2465,1214,1251,15,13,2,171,87,84,59815,28875,30940
STARR COUNTY,427,< 1 Year,1332,678,654,6,3,3,0,0,0,2,1,1,1324,674,650
STARR COUNTY,427,1 Years,1407,708,699,26,13,13,0,0,0,2,1,1,1379,694,685
STARR COUNTY,427,2 Years,1177,599,578,45,20,25,0,0,0,0,0,0,1132,579,553
STARR COUNTY,427,3 Years,1043,513,530,36,17,19,0,0,0,3,3,0,1004,493,511
STARR COUNTY,427,4 Years,1014,508,506,47,22,25,0,0,0,4,1,3,963,485,478
STARR COUNTY,427,5 Years,1070,549,521,50,25,25,0,0,0,3,0,3,1017,524,493
STARR COUNTY,427,6 Years,1095,542,553,48,19,29,0,0,0,3,0,3,1044,523,521
STARR COUNTY,427,7 Years,1080,538,542,43,23,20,0,0,0,5,2,3,1032,513,519
STARR COUNTY,427,8 Years,1056,512,544,29,15,14,0,0,0,4,2,2,1023,495,528
STARR COUNTY,427,9 Years,1077,544,533,36,20,16,0,0,0,2,1,1,1039,523,516
STARR COUNTY,427,10 Years,1131,563,568,50,27,23,0,0,0,3,3,0,1078,533,545
STARR COUNTY,427,11 Years,1164,578,586,43,22,21,0,0,0,2,1,1,1119,555,564
STARR COUNTY,427,12 Years,1209,636,573,48,27,21,0,0,0,3,2,1,1158,607,551
STARR COUNTY,427,13 Years,1146,571,575,48,22,26,0,0,0,1,1,0,1097,548,549
STARR COUNTY,427,14 Years,1164,587,577,50,27,23,1,1,0,3,2,1,1110,557,553
STARR COUNTY,427,15 Years,1137,589,548,36,14,22,1,1,0,2,2,0,1098,572,526
STARR COUNTY,427,16 Years,1230,613,617,47,24,23,1,1,0,2,2,0,1180,586,594
STARR COUNTY,427,17 Years,1177,584,593,36,21,15,2,1,1,4,2,2,1135,560,575
STARR COUNTY,427,18 Years,1172,578,594,37,16,21,2,1,1,2,2,0,1131,559,572
STARR COUNTY,427,19 Years,1163,583,580,42,22,20,0,0,0,3,2,1,1118,559,559
STARR COUNTY,427,20 Years,1097,542,555,36,17,19,0,0,0,4,3,1,1057,522,535
STARR COUNTY,427,21 Years,1030,524,506,45,25,20,1,1,0,0,0,0,984,498,486
STARR COUNTY,427,22 Years,1004,520,484,40,23,17,1,1,0,0,0,0,963,496,467
STARR COUNTY,427,23 Years,896,462,434,42,30,12,0,0,0,0,0,0,854,432,422
STARR COUNTY,427,24 Years,861,439,422,37,21,16,0,0,0,3,2,1,821,416,405
STARR COUNTY,427,25 Years,803,402,401,36,17,19,0,0,0,1,1,0,766,384,382
STARR COUNTY,427,26 Years,815,392,423,26,14,12,1,1,0,0,0,0,788,377,411
STARR COUNTY,427,27 Years,824,400,424,29,14,15,0,0,0,3,1,2,792,385,407
STARR COUNTY,427,28 Years,756,392,364,30,18,12,0,0,0,3,3,0,723,371,352
STARR COUNTY,427,29 Years,749,380,369,36,19,17,1,1,0,3,2,1,709,358,351
STARR COUNTY,427,30 Years,790,394,396,32,17,15,1,1,0,3,1,2,754,375,379
STARR COUNTY,427,31 Years,790,380,410,36,16,20,0,0,0,2,1,1,752,363,389
STARR COUNTY,427,32 Years,808,393,415,28,12,16,1,1,0,1,1,0,778,379,399
STARR COUNTY,427,33 Years,731,353,378,20,8,12,0,0,0,1,1,0,710,344,366
STARR COUNTY,427,34 Years,727,321,406,27,10,17,0,0,0,4,2,2,696,309,387
STARR COUNTY,427,35 Years,708,336,372,26,9,17,0,0,0,4,2,2,678,325,353
STARR COUNTY,427,36 Years,780,361,419,27,11,16,0,0,0,3,1,2,750,349,401
STARR COUNTY,427,37 Years,830,399,431,25,13,12,0,0,0,5,1,4,800,385,415
STARR COUNTY,427,38 Years,778,371,407,19,12,7,1,1,0,4,1,3,754,357,397
STARR COUNTY,427,39 Years,771,376,395,21,9,12,0,0,0,4,1,3,746,366,380
STARR COUNTY,427,40 Years,825,385,440,28,15,13,0,0,0,1,0,1,796,370,426
STARR COUNTY,427,41 Years,818,398,420,38,20,18,0,0,0,4,1,3,776,377,399
STARR COUNTY,427,42 Years,817,400,417,29,15,14,0,0,0,2,1,1,786,384,402
STARR COUNTY,427,43 Years,806,385,421,31,17,14,0,0,0,3,2,1,772,366,406
STARR COUNTY,427,44 Years,781,360,421,31,16,15,0,0,0,3,2,1,747,342,405
STARR COUNTY,427,45 Years,758,326,432,36,16,20,0,0,0,3,2,1,719,308,411
STARR COUNTY,427,46 Years,725,327,398,27,11,16,0,0,0,4,2,2,694,314,380
STARR COUNTY,427,47 Years,682,327,355,32,14,18,0,0,0,5,2,3,645,311,334
STARR COUNTY,427,48 Years,689,329,360,33,16,17,0,0,0,3,1,2,653,312,341
STARR COUNTY,427,49 Years,679,331,348,21,11,10,0,0,0,3,1,2,655,319,336
STARR COUNTY,427,50 Years,638,301,337,24,10,14,0,0,0,1,0,1,613,291,322
STARR COUNTY,427,51 Years,675,322,353,32,11,21,0,0,0,2,1,1,641,310,331
STARR COUNTY,427,52 Years,716,332,384,28,15,13,0,0,0,2,1,1,686,316,370
STARR COUNTY,427,53 Years,636,286,350,22,13,9,0,0,0,2,1,1,612,272,340
STARR COUNTY,427,54 Years,609,282,327,30,17,13,0,0,0,3,2,1,576,263,313
STARR COUNTY,427,55 Years,588,288,300,21,11,10,0,0,0,3,1,2,564,276,288
STARR COUNTY,427,56 Years,573,272,301,22,10,12,0,0,0,3,2,1,548,260,288
STARR COUNTY,427,57 Years,537,248,289,20,10,10,0,0,0,1,0,1,516,238,278
STARR COUNTY,427,58 Years,533,240,293,20,12,8,0,0,0,3,2,1,510,226,284
STARR COUNTY,427,59 Years,508,225,283,28,16,12,0,0,0,3,2,1,477,207,270
STARR COUNTY,427,60 Years,487,211,276,20,7,13,1,1,0,0,0,0,466,203,263
STARR COUNTY,427,61 Years,505,224,281,23,12,11,0,0,0,0,0,0,482,212,270
STARR COUNTY,427,62 Years,535,249,286,17,9,8,0,0,0,1,0,1,517,240,277
STARR COUNTY,427,63 Years,514,221,293,11,6,5,0,0,0,4,2,2,499,213,286
STARR COUNTY,427,64 Years,494,209,285,15,8,7,0,0,0,2,2,0,477,199,278
STARR COUNTY,427,65 Years,480,208,272,21,7,14,0,0,0,3,1,2,456,200,256
STARR COUNTY,427,66 Years,436,194,242,17,4,13,0,0,0,2,0,2,417,190,227
STARR COUNTY,427,67 Years,427,197,230,18,7,11,0,0,0,0,0,0,409,190,219
STARR COUNTY,427,68 Years,379,173,206,17,6,11,0,0,0,0,0,0,362,167,195
STARR COUNTY,427,69 Years,383,185,198,19,8,11,0,0,0,1,0,1,363,177,186
STARR COUNTY,427,70 Years,334,164,170,15,7,8,0,0,0,1,0,1,318,157,161
STARR COUNTY,427,71 Years,369,167,202,15,7,8,0,0,0,0,0,0,354,160,194
STARR COUNTY,427,72 Years,363,168,195,19,9,10,0,0,0,0,0,0,344,159,185
STARR COUNTY,427,73 Years,348,153,195,20,9,11,0,0,0,0,0,0,328,144,184
STARR COUNTY,427,74 Years,316,144,172,17,9,8,0,0,0,2,2,0,297,133,164
STARR COUNTY,427,75 Years,290,123,167,12,6,6,0,0,0,0,0,0,278,117,161
STARR COUNTY,427,76 Years,297,130,167,13,6,7,0,0,0,0,0,0,284,124,160
STARR COUNTY,427,77 Years,279,132,147,16,11,5,0,0,0,0,0,0,263,121,142
STARR COUNTY,427,78 Years,221,107,114,20,11,9,0,0,0,0,0,0,201,96,105
STARR COUNTY,427,79 Years,183,80,103,13,5,8,0,0,0,0,0,0,170,75,95
STARR COUNTY,427,80 Years,197,102,95,15,9,6,0,0,0,0,0,0,182,93,89
STARR COUNTY,427,81 Years,184,83,101,15,6,9,0,0,0,0,0,0,169,77,92
STARR COUNTY,427,82 Years,187,76,111,16,7,9,0,0,0,0,0,0,171,69,102
STARR COUNTY,427,83 Years,152,71,81,13,10,3,0,0,0,0,0,0,139,61,78
STARR COUNTY,427,84 Years,136,53,83,8,5,3,0,0,0,0,0,0,128,48,80
STARR COUNTY,427,85 Years +,785,291,494,86,33,53,0,0,0,0,0,0,699,258,441
STEPHENS COUNTY,429,All Ages,9693,5000,4693,7257,3630,3627,200,134,66,135,80,55,2101,1156,945
STEPHENS COUNTY,429,< 1 Year,97,48,49,65,34,31,0,0,0,3,1,2,29,13,16
STEPHENS COUNTY,429,1 Years,108,55,53,72,36,36,0,0,0,1,1,0,35,18,17
STEPHENS COUNTY,429,2 Years,114,64,50,68,37,31,1,0,1,1,1,0,44,26,18
STEPHENS COUNTY,429,3 Years,117,62,55,67,33,34,3,3,0,3,2,1,44,24,20
STEPHENS COUNTY,429,4 Years,117,60,57,72,37,35,1,1,0,2,1,1,42,21,21
STEPHENS COUNTY,429,5 Years,146,75,71,93,44,49,2,1,1,3,1,2,48,29,19
STEPHENS COUNTY,429,6 Years,136,62,74,87,38,49,1,0,1,1,0,1,47,24,23
STEPHENS COUNTY,429,7 Years,123,60,63,76,36,40,1,0,1,2,1,1,44,23,21
STEPHENS COUNTY,429,8 Years,146,71,75,87,39,48,3,0,3,5,5,0,51,27,24
STEPHENS COUNTY,429,9 Years,123,54,69,76,33,43,2,0,2,2,2,0,43,19,24
STEPHENS COUNTY,429,10 Years,122,65,57,75,43,32,3,1,2,5,3,2,39,18,21
STEPHENS COUNTY,429,11 Years,124,65,59,75,42,33,4,3,1,3,2,1,42,18,24
STEPHENS COUNTY,429,12 Years,121,62,59,69,34,35,3,1,2,3,3,0,46,24,22
STEPHENS COUNTY,429,13 Years,135,73,62,90,45,45,2,1,1,5,5,0,38,22,16
STEPHENS COUNTY,429,14 Years,131,75,56,83,47,36,4,3,1,2,2,0,42,23,19
STEPHENS COUNTY,429,15 Years,128,68,60,87,42,45,4,2,2,3,2,1,34,22,12
STEPHENS COUNTY,429,16 Years,123,65,58,79,41,38,2,1,1,4,4,0,38,19,19
STEPHENS COUNTY,429,17 Years,139,63,76,93,43,50,1,1,0,3,2,1,42,17,25
STEPHENS COUNTY,429,18 Years,128,63,65,84,41,43,1,1,0,2,0,2,41,21,20
STEPHENS COUNTY,429,19 Years,146,85,61,95,52,43,3,3,0,1,0,1,47,30,17
STEPHENS COUNTY,429,20 Years,144,98,46,89,57,32,7,7,0,1,0,1,47,34,13
STEPHENS COUNTY,429,21 Years,136,87,49,79,47,32,4,4,0,2,2,0,51,34,17
STEPHENS COUNTY,429,22 Years,123,81,42,69,44,25,6,5,1,1,1,0,47,31,16
STEPHENS COUNTY,429,23 Years,110,68,42,64,42,22,3,2,1,0,0,0,43,24,19
STEPHENS COUNTY,429,24 Years,127,83,44,76,54,22,6,5,1,1,0,1,44,24,20
STEPHENS COUNTY,429,25 Years,115,66,49,72,42,30,4,4,0,1,1,0,38,19,19
STEPHENS COUNTY,429,26 Years,116,70,46,73,40,33,5,5,0,1,1,0,37,24,13
STEPHENS COUNTY,429,27 Years,118,75,43,70,40,30,3,3,0,1,0,1,44,32,12
STEPHENS COUNTY,429,28 Years,120,67,53,69,33,36,9,8,1,1,1,0,41,25,16
STEPHENS COUNTY,429,29 Years,117,63,54,82,46,36,3,2,1,2,1,1,30,14,16
STEPHENS COUNTY,429,30 Years,122,69,53,84,46,38,7,6,1,0,0,0,31,17,14
STEPHENS COUNTY,429,31 Years,111,64,47,75,47,28,2,2,0,3,0,3,31,15,16
STEPHENS COUNTY,429,32 Years,116,69,47,81,47,34,3,3,0,3,3,0,29,16,13
STEPHENS COUNTY,429,33 Years,101,57,44,70,38,32,0,0,0,2,1,1,29,18,11
STEPHENS COUNTY,429,34 Years,94,50,44,68,36,32,2,1,1,2,0,2,22,13,9
STEPHENS COUNTY,429,35 Years,111,46,65,78,32,46,4,2,2,4,1,3,25,11,14
STEPHENS COUNTY,429,36 Years,103,59,44,71,40,31,1,1,0,3,2,1,28,16,12
STEPHENS COUNTY,429,37 Years,95,54,41,69,39,30,3,1,2,0,0,0,23,14,9
STEPHENS COUNTY,429,38 Years,104,63,41,73,40,33,3,2,1,1,1,0,27,20,7
STEPHENS COUNTY,429,39 Years,107,52,55,73,35,38,2,2,0,0,0,0,32,15,17
STEPHENS COUNTY,429,40 Years,104,56,48,75,42,33,6,6,0,3,0,3,20,8,12
STEPHENS COUNTY,429,41 Years,113,57,56,83,41,42,3,3,0,2,2,0,25,11,14
STEPHENS COUNTY,429,42 Years,108,53,55,79,34,45,2,2,0,1,0,1,26,17,9
STEPHENS COUNTY,429,43 Years,108,60,48,83,46,37,2,2,0,0,0,0,23,12,11
STEPHENS COUNTY,429,44 Years,114,64,50,84,47,37,2,2,0,0,0,0,28,15,13
STEPHENS COUNTY,429,45 Years,111,63,48,78,42,36,1,1,0,1,1,0,31,19,12
STEPHENS COUNTY,429,46 Years,102,64,38,75,45,30,2,1,1,0,0,0,25,18,7
STEPHENS COUNTY,429,47 Years,100,51,49,75,36,39,1,0,1,0,0,0,24,15,9
STEPHENS COUNTY,429,48 Years,113,53,60,90,40,50,0,0,0,0,0,0,23,13,10
STEPHENS COUNTY,429,49 Years,123,67,56,99,56,43,2,1,1,0,0,0,22,10,12
STEPHENS COUNTY,429,50 Years,156,77,79,125,61,64,3,3,0,1,0,1,27,13,14
STEPHENS COUNTY,429,51 Years,158,85,73,120,63,57,2,2,0,2,1,1,34,19,15
STEPHENS COUNTY,429,52 Years,144,60,84,114,46,68,3,0,3,2,2,0,25,12,13
STEPHENS COUNTY,429,53 Years,127,67,60,105,56,49,7,4,3,1,1,0,14,6,8
STEPHENS COUNTY,429,54 Years,112,58,54,93,49,44,2,1,1,3,3,0,14,5,9
STEPHENS COUNTY,429,55 Years,117,51,66,97,41,56,1,0,1,2,2,0,17,8,9
STEPHENS COUNTY,429,56 Years,132,61,71,111,49,62,1,0,1,3,1,2,17,11,6
STEPHENS COUNTY,429,57 Years,133,64,69,110,52,58,4,1,3,2,1,1,17,10,7
STEPHENS COUNTY,429,58 Years,125,63,62,110,53,57,2,2,0,1,1,0,12,7,5
STEPHENS COUNTY,429,59 Years,142,72,70,128,66,62,3,1,2,2,1,1,9,4,5
STEPHENS COUNTY,429,60 Years,144,67,77,130,62,68,2,1,1,2,0,2,10,4,6
STEPHENS COUNTY,429,61 Years,121,52,69,108,49,59,3,1,2,2,0,2,8,2,6
STEPHENS COUNTY,429,62 Years,122,59,63,113,55,58,1,1,0,1,0,1,7,3,4
STEPHENS COUNTY,429,63 Years,120,62,58,105,55,50,2,2,0,1,0,1,12,5,7
STEPHENS COUNTY,429,64 Years,113,58,55,105,53,52,0,0,0,1,1,0,7,4,3
STEPHENS COUNTY,429,65 Years,115,47,68,108,45,63,1,0,1,3,1,2,3,1,2
STEPHENS COUNTY,429,66 Years,99,51,48,88,45,43,2,0,2,1,0,1,8,6,2
STEPHENS COUNTY,429,67 Years,100,51,49,89,42,47,1,1,0,1,1,0,9,7,2
STEPHENS COUNTY,429,68 Years,117,55,62,110,50,60,0,0,0,1,1,0,6,4,2
STEPHENS COUNTY,429,69 Years,100,52,48,92,46,46,2,2,0,3,2,1,3,2,1
STEPHENS COUNTY,429,70 Years,93,46,47,86,42,44,1,1,0,2,1,1,4,2,2
STEPHENS COUNTY,429,71 Years,100,52,48,94,48,46,1,1,0,1,1,0,4,2,2
STEPHENS COUNTY,429,72 Years,99,53,46,91,48,43,1,0,1,0,0,0,7,5,2
STEPHENS COUNTY,429,73 Years,85,40,45,77,35,42,3,2,1,0,0,0,5,3,2
STEPHENS COUNTY,429,74 Years,80,36,44,72,33,39,2,1,1,1,0,1,5,2,3
STEPHENS COUNTY,429,75 Years,78,36,42,72,34,38,2,1,1,1,1,0,3,0,3
STEPHENS COUNTY,429,76 Years,57,24,33,53,23,30,1,0,1,1,1,0,2,0,2
STEPHENS COUNTY,429,77 Years,71,32,39,66,29,37,1,0,1,0,0,0,4,3,1
STEPHENS COUNTY,429,78 Years,64,25,39,61,23,38,1,0,1,0,0,0,2,2,0
STEPHENS COUNTY,429,79 Years,61,22,39,53,20,33,2,0,2,0,0,0,6,2,4
STEPHENS COUNTY,429,80 Years,54,23,31,51,21,30,0,0,0,0,0,0,3,2,1
STEPHENS COUNTY,429,81 Years,56,24,32,54,22,32,0,0,0,0,0,0,2,2,0
STEPHENS COUNTY,429,82 Years,49,23,26,48,22,26,0,0,0,0,0,0,1,1,0
STEPHENS COUNTY,429,83 Years,55,28,27,52,26,26,0,0,0,0,0,0,3,2,1
STEPHENS COUNTY,429,84 Years,36,15,21,34,13,21,0,0,0,0,0,0,2,2,0
STEPHENS COUNTY,429,85 Years +,248,85,163,233,82,151,4,1,3,4,1,3,7,1,6
STERLING COUNTY,431,All Ages,1168,593,575,746,368,378,16,13,3,30,19,11,376,193,183
STERLING COUNTY,431,< 1 Year,10,5,5,6,3,3,0,0,0,0,0,0,4,2,2
STERLING COUNTY,431,1 Years,12,7,5,7,4,3,0,0,0,0,0,0,5,3,2
STERLING COUNTY,431,2 Years,14,7,7,8,4,4,1,1,0,1,1,0,4,1,3
STERLING COUNTY,431,3 Years,17,10,7,11,7,4,1,1,0,1,1,0,4,1,3
STERLING COUNTY,431,4 Years,21,11,10,15,8,7,1,1,0,0,0,0,5,2,3
STERLING COUNTY,431,5 Years,21,9,12,13,6,7,1,1,0,0,0,0,7,2,5
STERLING COUNTY,431,6 Years,16,6,10,10,4,6,0,0,0,1,0,1,5,2,3
STERLING COUNTY,431,7 Years,14,9,5,5,2,3,1,1,0,1,1,0,7,5,2
STERLING COUNTY,431,8 Years,16,12,4,7,5,2,1,1,0,1,1,0,7,5,2
STERLING COUNTY,431,9 Years,14,7,7,9,5,4,0,0,0,1,1,0,4,1,3
STERLING COUNTY,431,10 Years,18,8,10,10,6,4,0,0,0,1,0,1,7,2,5
STERLING COUNTY,431,11 Years,16,10,6,8,6,2,0,0,0,1,0,1,7,4,3
STERLING COUNTY,431,12 Years,15,8,7,8,4,4,0,0,0,1,1,0,6,3,3
STERLING COUNTY,431,13 Years,13,8,5,8,6,2,0,0,0,1,0,1,4,2,2
STERLING COUNTY,431,14 Years,14,9,5,9,6,3,0,0,0,0,0,0,5,3,2
STERLING COUNTY,431,15 Years,19,11,8,10,6,4,0,0,0,1,1,0,8,4,4
STERLING COUNTY,431,16 Years,11,4,7,6,2,4,0,0,0,0,0,0,5,2,3
STERLING COUNTY,431,17 Years,14,9,5,8,4,4,0,0,0,1,1,0,5,4,1
STERLING COUNTY,431,18 Years,12,8,4,4,2,2,0,0,0,1,0,1,7,6,1
STERLING COUNTY,431,19 Years,18,14,4,9,7,2,0,0,0,0,0,0,9,7,2
STERLING COUNTY,431,20 Years,15,8,7,5,2,3,0,0,0,0,0,0,10,6,4
STERLING COUNTY,431,21 Years,11,5,6,5,1,4,0,0,0,0,0,0,6,4,2
STERLING COUNTY,431,22 Years,11,6,5,8,4,4,0,0,0,0,0,0,3,2,1
STERLING COUNTY,431,23 Years,13,7,6,5,3,2,0,0,0,0,0,0,8,4,4
STERLING COUNTY,431,24 Years,12,7,5,7,4,3,0,0,0,0,0,0,5,3,2
STERLING COUNTY,431,25 Years,10,7,3,6,5,1,0,0,0,0,0,0,4,2,2
STERLING COUNTY,431,26 Years,17,9,8,11,6,5,0,0,0,1,0,1,5,3,2
STERLING COUNTY,431,27 Years,12,5,7,6,2,4,0,0,0,0,0,0,6,3,3
STERLING COUNTY,431,28 Years,10,6,4,6,4,2,1,1,0,0,0,0,3,1,2
STERLING COUNTY,431,29 Years,14,8,6,8,5,3,1,1,0,1,1,0,4,1,3
STERLING COUNTY,431,30 Years,20,7,13,14,4,10,0,0,0,1,0,1,5,3,2
STERLING COUNTY,431,31 Years,14,6,8,10,5,5,0,0,0,0,0,0,4,1,3
STERLING COUNTY,431,32 Years,15,7,8,10,4,6,0,0,0,0,0,0,5,3,2
STERLING COUNTY,431,33 Years,17,6,11,12,4,8,0,0,0,1,1,0,4,1,3
STERLING COUNTY,431,34 Years,14,4,10,9,2,7,0,0,0,1,1,0,4,1,3
STERLING COUNTY,431,35 Years,15,7,8,9,3,6,0,0,0,0,0,0,6,4,2
STERLING COUNTY,431,36 Years,13,8,5,7,4,3,0,0,0,0,0,0,6,4,2
STERLING COUNTY,431,37 Years,8,4,4,6,3,3,0,0,0,0,0,0,2,1,1
STERLING COUNTY,431,38 Years,6,4,2,5,3,2,0,0,0,0,0,0,1,1,0
STERLING COUNTY,431,39 Years,10,5,5,7,5,2,0,0,0,0,0,0,3,0,3
STERLING COUNTY,431,40 Years,9,4,5,5,2,3,0,0,0,0,0,0,4,2,2
STERLING COUNTY,431,41 Years,9,3,6,5,2,3,0,0,0,0,0,0,4,1,3
STERLING COUNTY,431,42 Years,13,7,6,9,5,4,0,0,0,0,0,0,4,2,2
STERLING COUNTY,431,43 Years,13,6,7,10,5,5,0,0,0,0,0,0,3,1,2
STERLING COUNTY,431,44 Years,15,6,9,8,3,5,2,1,1,0,0,0,5,2,3
STERLING COUNTY,431,45 Years,18,11,7,9,6,3,0,0,0,0,0,0,9,5,4
STERLING COUNTY,431,46 Years,16,5,11,10,3,7,0,0,0,0,0,0,6,2,4
STERLING COUNTY,431,47 Years,14,5,9,9,3,6,0,0,0,1,0,1,4,2,2
STERLING COUNTY,431,48 Years,21,9,12,14,5,9,0,0,0,0,0,0,7,4,3
STERLING COUNTY,431,49 Years,18,9,9,11,6,5,0,0,0,0,0,0,7,3,4
STERLING COUNTY,431,50 Years,17,9,8,10,6,4,0,0,0,1,1,0,6,2,4
STERLING COUNTY,431,51 Years,17,10,7,10,5,5,0,0,0,1,1,0,6,4,2
STERLING COUNTY,431,52 Years,18,12,6,10,8,2,1,1,0,0,0,0,7,3,4
STERLING COUNTY,431,53 Years,21,12,9,14,9,5,1,1,0,0,0,0,6,2,4
STERLING COUNTY,431,54 Years,23,13,10,18,10,8,0,0,0,0,0,0,5,3,2
STERLING COUNTY,431,55 Years,21,9,12,15,5,10,0,0,0,1,0,1,5,4,1
STERLING COUNTY,431,56 Years,16,7,9,12,5,7,0,0,0,1,0,1,3,2,1
STERLING COUNTY,431,57 Years,20,10,10,12,4,8,0,0,0,1,1,0,7,5,2
STERLING COUNTY,431,58 Years,18,7,11,11,4,7,0,0,0,0,0,0,7,3,4
STERLING COUNTY,431,59 Years,10,4,6,8,4,4,0,0,0,0,0,0,2,0,2
STERLING COUNTY,431,60 Years,13,8,5,9,5,4,0,0,0,1,1,0,3,2,1
STERLING COUNTY,431,61 Years,12,4,8,10,3,7,0,0,0,1,1,0,1,0,1
STERLING COUNTY,431,62 Years,16,10,6,13,8,5,0,0,0,0,0,0,3,2,1
STERLING COUNTY,431,63 Years,19,8,11,16,6,10,0,0,0,1,1,0,2,1,1
STERLING COUNTY,431,64 Years,17,11,6,13,8,5,0,0,0,0,0,0,4,3,1
STERLING COUNTY,431,65 Years,19,14,5,14,11,3,0,0,0,0,0,0,5,3,2
STERLING COUNTY,431,66 Years,11,8,3,7,5,2,0,0,0,0,0,0,4,3,1
STERLING COUNTY,431,67 Years,8,4,4,6,3,3,0,0,0,0,0,0,2,1,1
STERLING COUNTY,431,68 Years,13,8,5,11,6,5,0,0,0,1,1,0,1,1,0
STERLING COUNTY,431,69 Years,9,3,6,6,2,4,0,0,0,0,0,0,3,1,2
STERLING COUNTY,431,70 Years,8,3,5,6,2,4,0,0,0,0,0,0,2,1,1
STERLING COUNTY,431,71 Years,10,3,7,8,2,6,1,1,0,0,0,0,1,0,1
STERLING COUNTY,431,72 Years,9,5,4,7,4,3,0,0,0,0,0,0,2,1,1
STERLING COUNTY,431,73 Years,5,2,3,3,1,2,0,0,0,0,0,0,2,1,1
STERLING COUNTY,431,74 Years,5,1,4,3,1,2,0,0,0,0,0,0,2,0,2
STERLING COUNTY,431,75 Years,11,5,6,9,5,4,0,0,0,0,0,0,2,0,2
STERLING COUNTY,431,76 Years,6,2,4,5,2,3,0,0,0,0,0,0,1,0,1
STERLING COUNTY,431,77 Years,12,6,6,10,4,6,0,0,0,0,0,0,2,2,0
STERLING COUNTY,431,78 Years,11,5,6,9,3,6,0,0,0,0,0,0,2,2,0
STERLING COUNTY,431,79 Years,7,5,2,5,3,2,0,0,0,0,0,0,2,2,0
STERLING COUNTY,431,80 Years,8,3,5,6,2,4,1,0,1,0,0,0,1,1,0
STERLING COUNTY,431,81 Years,6,4,2,5,3,2,0,0,0,0,0,0,1,1,0
STERLING COUNTY,431,82 Years,8,2,6,6,1,5,0,0,0,0,0,0,2,1,1
STERLING COUNTY,431,83 Years,4,3,1,2,1,1,0,0,0,0,0,0,2,2,0
STERLING COUNTY,431,84 Years,5,1,4,3,1,2,0,0,0,0,0,0,2,0,2
STERLING COUNTY,431,85 Years +,27,9,18,17,6,11,2,1,1,2,1,1,6,1,5
STONEWALL COUNTY,433,All Ages,1512,729,783,1216,587,629,41,24,17,36,16,20,219,102,117
STONEWALL COUNTY,433,< 1 Year,12,6,6,7,4,3,0,0,0,1,1,0,4,1,3
STONEWALL COUNTY,433,1 Years,12,7,5,8,5,3,0,0,0,0,0,0,4,2,2
STONEWALL COUNTY,433,2 Years,12,4,8,8,2,6,0,0,0,0,0,0,4,2,2
STONEWALL COUNTY,433,3 Years,20,7,13,10,5,5,2,0,2,2,1,1,6,1,5
STONEWALL COUNTY,433,4 Years,12,6,6,7,4,3,0,0,0,1,0,1,4,2,2
STONEWALL COUNTY,433,5 Years,17,6,11,15,5,10,0,0,0,0,0,0,2,1,1
STONEWALL COUNTY,433,6 Years,21,11,10,14,7,7,0,0,0,0,0,0,7,4,3
STONEWALL COUNTY,433,7 Years,20,12,8,15,8,7,1,1,0,0,0,0,4,3,1
STONEWALL COUNTY,433,8 Years,22,10,12,10,4,6,1,0,1,3,3,0,8,3,5
STONEWALL COUNTY,433,9 Years,25,13,12,16,8,8,0,0,0,4,2,2,5,3,2
STONEWALL COUNTY,433,10 Years,22,12,10,15,7,8,1,0,1,1,0,1,5,5,0
STONEWALL COUNTY,433,11 Years,23,10,13,19,8,11,1,0,1,1,0,1,2,2,0
STONEWALL COUNTY,433,12 Years,16,10,6,12,8,4,0,0,0,0,0,0,4,2,2
STONEWALL COUNTY,433,13 Years,19,6,13,11,4,7,1,1,0,1,0,1,6,1,5
STONEWALL COUNTY,433,14 Years,21,10,11,15,7,8,2,2,0,1,0,1,3,1,2
STONEWALL COUNTY,433,15 Years,19,7,12,16,5,11,1,1,0,1,1,0,1,0,1
STONEWALL COUNTY,433,16 Years,14,4,10,12,4,8,1,0,1,0,0,0,1,0,1
STONEWALL COUNTY,433,17 Years,20,8,12,15,5,10,1,1,0,0,0,0,4,2,2
STONEWALL COUNTY,433,18 Years,21,11,10,13,7,6,0,0,0,0,0,0,8,4,4
STONEWALL COUNTY,433,19 Years,21,11,10,16,9,7,0,0,0,0,0,0,5,2,3
STONEWALL COUNTY,433,20 Years,15,8,7,10,6,4,0,0,0,1,0,1,4,2,2
STONEWALL COUNTY,433,21 Years,10,7,3,6,5,1,1,1,0,0,0,0,3,1,2
STONEWALL COUNTY,433,22 Years,16,10,6,10,7,3,4,2,2,1,1,0,1,0,1
STONEWALL COUNTY,433,23 Years,11,6,5,8,5,3,1,1,0,0,0,0,2,0,2
STONEWALL COUNTY,433,24 Years,7,4,3,5,3,2,0,0,0,0,0,0,2,1,1
STONEWALL COUNTY,433,25 Years,9,5,4,5,4,1,0,0,0,0,0,0,4,1,3
STONEWALL COUNTY,433,26 Years,12,6,6,8,4,4,0,0,0,0,0,0,4,2,2
STONEWALL COUNTY,433,27 Years,11,5,6,8,4,4,0,0,0,0,0,0,3,1,2
STONEWALL COUNTY,433,28 Years,10,4,6,9,4,5,0,0,0,0,0,0,1,0,1
STONEWALL COUNTY,433,29 Years,17,10,7,12,8,4,0,0,0,2,0,2,3,2,1
STONEWALL COUNTY,433,30 Years,18,8,10,14,7,7,0,0,0,1,0,1,3,1,2
STONEWALL COUNTY,433,31 Years,18,9,9,15,8,7,0,0,0,0,0,0,3,1,2
STONEWALL COUNTY,433,32 Years,17,7,10,13,6,7,0,0,0,1,1,0,3,0,3
STONEWALL COUNTY,433,33 Years,16,5,11,12,4,8,2,0,2,0,0,0,2,1,1
STONEWALL COUNTY,433,34 Years,13,4,9,9,3,6,1,0,1,1,0,1,2,1,1
STONEWALL COUNTY,433,35 Years,13,7,6,11,6,5,0,0,0,1,0,1,1,1,0
STONEWALL COUNTY,433,36 Years,13,9,4,11,7,4,1,1,0,0,0,0,1,1,0
STONEWALL COUNTY,433,37 Years,15,6,9,13,6,7,0,0,0,1,0,1,1,0,1
STONEWALL COUNTY,433,38 Years,16,10,6,12,8,4,0,0,0,1,0,1,3,2,1
STONEWALL COUNTY,433,39 Years,13,8,5,11,6,5,0,0,0,1,1,0,1,1,0
STONEWALL COUNTY,433,40 Years,17,6,11,11,4,7,0,0,0,0,0,0,6,2,4
STONEWALL COUNTY,433,41 Years,18,6,12,14,6,8,0,0,0,0,0,0,4,0,4
STONEWALL COUNTY,433,42 Years,14,7,7,12,6,6,0,0,0,0,0,0,2,1,1
STONEWALL COUNTY,433,43 Years,15,11,4,9,7,2,1,1,0,1,1,0,4,2,2
STONEWALL COUNTY,433,44 Years,13,9,4,8,6,2,1,1,0,0,0,0,4,2,2
STONEWALL COUNTY,433,45 Years,17,8,9,15,7,8,0,0,0,0,0,0,2,1,1
STONEWALL COUNTY,433,46 Years,21,10,11,21,10,11,0,0,0,0,0,0,0,0,0
STONEWALL COUNTY,433,47 Years,21,12,9,17,10,7,1,1,0,1,1,0,2,0,2
STONEWALL COUNTY,433,48 Years,24,9,15,21,8,13,1,1,0,0,0,0,2,0,2
STONEWALL COUNTY,433,49 Years,22,11,11,18,10,8,1,0,1,0,0,0,3,1,2
STONEWALL COUNTY,433,50 Years,24,13,11,19,10,9,0,0,0,0,0,0,5,3,2
STONEWALL COUNTY,433,51 Years,20,12,8,17,9,8,0,0,0,0,0,0,3,3,0
STONEWALL COUNTY,433,52 Years,17,10,7,14,7,7,1,1,0,0,0,0,2,2,0
STONEWALL COUNTY,433,53 Years,19,9,10,18,8,10,0,0,0,0,0,0,1,1,0
STONEWALL COUNTY,433,54 Years,23,15,8,20,12,8,0,0,0,0,0,0,3,3,0
STONEWALL COUNTY,433,55 Years,25,13,12,18,9,9,0,0,0,0,0,0,7,4,3
STONEWALL COUNTY,433,56 Years,24,13,11,19,10,9,1,0,1,1,1,0,3,2,1
STONEWALL COUNTY,433,57 Years,22,7,15,20,7,13,1,0,1,0,0,0,1,0,1
STONEWALL COUNTY,433,58 Years,19,11,8,17,10,7,0,0,0,1,1,0,1,0,1
STONEWALL COUNTY,433,59 Years,18,10,8,16,9,7,0,0,0,0,0,0,2,1,1
STONEWALL COUNTY,433,60 Years,22,13,9,20,12,8,0,0,0,1,1,0,1,0,1
STONEWALL COUNTY,433,61 Years,21,12,9,20,11,9,0,0,0,0,0,0,1,1,0
STONEWALL COUNTY,433,62 Years,20,11,9,19,11,8,0,0,0,0,0,0,1,0,1
STONEWALL COUNTY,433,63 Years,27,13,14,25,11,14,0,0,0,0,0,0,2,2,0
STONEWALL COUNTY,433,64 Years,19,9,10,17,8,9,0,0,0,1,0,1,1,1,0
STONEWALL COUNTY,433,65 Years,19,9,10,17,9,8,0,0,0,0,0,0,2,0,2
STONEWALL COUNTY,433,66 Years,20,8,12,19,8,11,0,0,0,0,0,0,1,0,1
STONEWALL COUNTY,433,67 Years,19,7,12,18,7,11,0,0,0,0,0,0,1,0,1
STONEWALL COUNTY,433,68 Years,28,13,15,25,12,13,1,0,1,1,0,1,1,1,0
STONEWALL COUNTY,433,69 Years,13,6,7,11,5,6,0,0,0,0,0,0,2,1,1
STONEWALL COUNTY,433,70 Years,11,5,6,9,3,6,0,0,0,0,0,0,2,2,0
STONEWALL COUNTY,433,71 Years,12,5,7,12,5,7,0,0,0,0,0,0,0,0,0
STONEWALL COUNTY,433,72 Years,13,8,5,12,7,5,1,1,0,0,0,0,0,0,0
STONEWALL COUNTY,433,73 Years,22,8,14,20,7,13,1,1,0,0,0,0,1,0,1
STONEWALL COUNTY,433,74 Years,16,7,9,14,6,8,2,1,1,0,0,0,0,0,0
STONEWALL COUNTY,433,75 Years,14,8,6,13,7,6,1,1,0,0,0,0,0,0,0
STONEWALL COUNTY,433,76 Years,15,6,9,13,5,8,2,1,1,0,0,0,0,0,0
STONEWALL COUNTY,433,77 Years,9,3,6,8,2,6,1,1,0,0,0,0,0,0,0
STONEWALL COUNTY,433,78 Years,15,4,11,14,3,11,0,0,0,0,0,0,1,1,0
STONEWALL COUNTY,433,79 Years,16,6,10,16,6,10,0,0,0,0,0,0,0,0,0
STONEWALL COUNTY,433,80 Years,19,12,7,15,9,6,2,2,0,1,0,1,1,1,0
STONEWALL COUNTY,433,81 Years,13,8,5,11,7,4,0,0,0,0,0,0,2,1,1
STONEWALL COUNTY,433,82 Years,16,7,9,13,6,7,0,0,0,0,0,0,3,1,2
STONEWALL COUNTY,433,83 Years,11,7,4,11,7,4,0,0,0,0,0,0,0,0,0
STONEWALL COUNTY,433,84 Years,9,3,6,9,3,6,0,0,0,0,0,0,0,0,0
STONEWALL COUNTY,433,85 Years +,61,20,41,55,18,37,0,0,0,1,0,1,5,2,3
SUTTON COUNTY,435,All Ages,4198,2077,2121,1652,804,848,6,6,0,28,17,11,2512,1250,1262
SUTTON COUNTY,435,< 1 Year,55,32,23,18,11,7,0,0,0,0,0,0,37,21,16
SUTTON COUNTY,435,1 Years,54,30,24,15,8,7,0,0,0,0,0,0,39,22,17
SUTTON COUNTY,435,2 Years,64,29,35,17,7,10,0,0,0,0,0,0,47,22,25
SUTTON COUNTY,435,3 Years,73,42,31,25,17,8,0,0,0,1,1,0,47,24,23
SUTTON COUNTY,435,4 Years,66,30,36,17,11,6,0,0,0,0,0,0,49,19,30
SUTTON COUNTY,435,5 Years,58,28,30,13,6,7,0,0,0,0,0,0,45,22,23
SUTTON COUNTY,435,6 Years,50,26,24,9,5,4,0,0,0,0,0,0,41,21,20
SUTTON COUNTY,435,7 Years,49,24,25,10,5,5,0,0,0,1,1,0,38,18,20
SUTTON COUNTY,435,8 Years,62,28,34,14,5,9,0,0,0,1,1,0,47,22,25
SUTTON COUNTY,435,9 Years,61,32,29,17,10,7,0,0,0,1,0,1,43,22,21
SUTTON COUNTY,435,10 Years,58,26,32,21,10,11,0,0,0,1,0,1,36,16,20
SUTTON COUNTY,435,11 Years,66,27,39,25,10,15,0,0,0,1,1,0,40,16,24
SUTTON COUNTY,435,12 Years,70,32,38,18,8,10,0,0,0,2,0,2,50,24,26
SUTTON COUNTY,435,13 Years,76,47,29,27,17,10,0,0,0,1,0,1,48,30,18
SUTTON COUNTY,435,14 Years,53,29,24,20,13,7,0,0,0,0,0,0,33,16,17
SUTTON COUNTY,435,15 Years,59,31,28,19,10,9,0,0,0,1,0,1,39,21,18
SUTTON COUNTY,435,16 Years,62,32,30,18,8,10,0,0,0,0,0,0,44,24,20
SUTTON COUNTY,435,17 Years,62,36,26,20,10,10,0,0,0,0,0,0,42,26,16
SUTTON COUNTY,435,18 Years,65,32,33,25,11,14,0,0,0,0,0,0,40,21,19
SUTTON COUNTY,435,19 Years,77,37,40,23,10,13,1,1,0,1,1,0,52,25,27
SUTTON COUNTY,435,20 Years,68,30,38,18,10,8,1,1,0,0,0,0,49,19,30
SUTTON COUNTY,435,21 Years,49,23,26,10,4,6,1,1,0,0,0,0,38,18,20
SUTTON COUNTY,435,22 Years,39,22,17,3,1,2,0,0,0,1,1,0,35,20,15
SUTTON COUNTY,435,23 Years,38,20,18,6,3,3,0,0,0,1,1,0,31,16,15
SUTTON COUNTY,435,24 Years,41,20,21,11,6,5,0,0,0,0,0,0,30,14,16
SUTTON COUNTY,435,25 Years,38,21,17,11,6,5,0,0,0,0,0,0,27,15,12
SUTTON COUNTY,435,26 Years,35,14,21,13,5,8,0,0,0,0,0,0,22,9,13
SUTTON COUNTY,435,27 Years,36,15,21,14,5,9,0,0,0,0,0,0,22,10,12
SUTTON COUNTY,435,28 Years,44,19,25,16,6,10,0,0,0,0,0,0,28,13,15
SUTTON COUNTY,435,29 Years,43,21,22,17,8,9,0,0,0,0,0,0,26,13,13
SUTTON COUNTY,435,30 Years,48,22,26,19,9,10,0,0,0,1,0,1,28,13,15
SUTTON COUNTY,435,31 Years,47,24,23,15,6,9,0,0,0,0,0,0,32,18,14
SUTTON COUNTY,435,32 Years,56,25,31,14,6,8,1,1,0,0,0,0,41,18,23
SUTTON COUNTY,435,33 Years,49,27,22,16,7,9,0,0,0,1,1,0,32,19,13
SUTTON COUNTY,435,34 Years,46,26,20,18,12,6,0,0,0,0,0,0,28,14,14
SUTTON COUNTY,435,35 Years,33,16,17,9,5,4,0,0,0,0,0,0,24,11,13
SUTTON COUNTY,435,36 Years,44,18,26,14,4,10,0,0,0,0,0,0,30,14,16
SUTTON COUNTY,435,37 Years,46,24,22,13,8,5,1,1,0,1,1,0,31,14,17
SUTTON COUNTY,435,38 Years,46,22,24,15,7,8,0,0,0,0,0,0,31,15,16
SUTTON COUNTY,435,39 Years,49,23,26,14,8,6,0,0,0,0,0,0,35,15,20
SUTTON COUNTY,435,40 Years,49,22,27,19,7,12,0,0,0,0,0,0,30,15,15
SUTTON COUNTY,435,41 Years,53,23,30,25,9,16,0,0,0,0,0,0,28,14,14
SUTTON COUNTY,435,42 Years,62,27,35,20,7,13,0,0,0,0,0,0,42,20,22
SUTTON COUNTY,435,43 Years,57,31,26,19,10,9,1,1,0,0,0,0,37,20,17
SUTTON COUNTY,435,44 Years,50,28,22,23,14,9,0,0,0,0,0,0,27,14,13
SUTTON COUNTY,435,45 Years,52,31,21,18,11,7,0,0,0,0,0,0,34,20,14
SUTTON COUNTY,435,46 Years,51,30,21,20,10,10,0,0,0,1,0,1,30,20,10
SUTTON COUNTY,435,47 Years,47,22,25,22,8,14,0,0,0,1,0,1,24,14,10
SUTTON COUNTY,435,48 Years,57,23,34,26,8,18,0,0,0,0,0,0,31,15,16
SUTTON COUNTY,435,49 Years,60,32,28,29,15,14,0,0,0,0,0,0,31,17,14
SUTTON COUNTY,435,50 Years,68,37,31,32,15,17,0,0,0,0,0,0,36,22,14
SUTTON COUNTY,435,51 Years,59,31,28,31,14,17,0,0,0,1,1,0,27,16,11
SUTTON COUNTY,435,52 Years,64,29,35,29,14,15,0,0,0,1,1,0,34,14,20
SUTTON COUNTY,435,53 Years,59,29,30,27,14,13,0,0,0,1,1,0,31,14,17
SUTTON COUNTY,435,54 Years,61,32,29,27,16,11,0,0,0,0,0,0,34,16,18
SUTTON COUNTY,435,55 Years,55,25,30,26,11,15,0,0,0,0,0,0,29,14,15
SUTTON COUNTY,435,56 Years,70,36,34,40,18,22,0,0,0,0,0,0,30,18,12
SUTTON COUNTY,435,57 Years,62,30,32,33,16,17,0,0,0,0,0,0,29,14,15
SUTTON COUNTY,435,58 Years,69,32,37,37,20,17,0,0,0,1,0,1,31,12,19
SUTTON COUNTY,435,59 Years,63,28,35,32,15,17,0,0,0,0,0,0,31,13,18
SUTTON COUNTY,435,60 Years,56,28,28,26,12,14,0,0,0,0,0,0,30,16,14
SUTTON COUNTY,435,61 Years,58,31,27,28,17,11,0,0,0,0,0,0,30,14,16
SUTTON COUNTY,435,62 Years,45,21,24,25,13,12,0,0,0,0,0,0,20,8,12
SUTTON COUNTY,435,63 Years,49,27,22,22,12,10,0,0,0,0,0,0,27,15,12
SUTTON COUNTY,435,64 Years,50,29,21,25,15,10,0,0,0,0,0,0,25,14,11
SUTTON COUNTY,435,65 Years,52,29,23,33,21,12,0,0,0,0,0,0,19,8,11
SUTTON COUNTY,435,66 Years,46,24,22,26,15,11,0,0,0,0,0,0,20,9,11
SUTTON COUNTY,435,67 Years,37,19,18,21,10,11,0,0,0,1,1,0,15,8,7
SUTTON COUNTY,435,68 Years,39,20,19,20,8,12,0,0,0,1,1,0,18,11,7
SUTTON COUNTY,435,69 Years,37,20,17,23,13,10,0,0,0,1,1,0,13,6,7
SUTTON COUNTY,435,70 Years,33,19,14,21,10,11,0,0,0,1,1,0,11,8,3
SUTTON COUNTY,435,71 Years,28,10,18,16,5,11,0,0,0,1,1,0,11,4,7
SUTTON COUNTY,435,72 Years,22,12,10,14,8,6,0,0,0,0,0,0,8,4,4
SUTTON COUNTY,435,73 Years,23,11,12,13,5,8,0,0,0,0,0,0,10,6,4
SUTTON COUNTY,435,74 Years,21,10,11,13,5,8,0,0,0,0,0,0,8,5,3
SUTTON COUNTY,435,75 Years,27,16,11,13,8,5,0,0,0,0,0,0,14,8,6
SUTTON COUNTY,435,76 Years,34,17,17,19,8,11,0,0,0,0,0,0,15,9,6
SUTTON COUNTY,435,77 Years,24,12,12,12,7,5,0,0,0,0,0,0,12,5,7
SUTTON COUNTY,435,78 Years,16,6,10,12,5,7,0,0,0,0,0,0,4,1,3
SUTTON COUNTY,435,79 Years,24,12,12,16,6,10,0,0,0,0,0,0,8,6,2
SUTTON COUNTY,435,80 Years,25,9,16,12,4,8,0,0,0,0,0,0,13,5,8
SUTTON COUNTY,435,81 Years,22,10,12,11,5,6,0,0,0,0,0,0,11,5,6
SUTTON COUNTY,435,82 Years,27,14,13,12,6,6,0,0,0,0,0,0,15,8,7
SUTTON COUNTY,435,83 Years,20,7,13,10,5,5,0,0,0,0,0,0,10,2,8
SUTTON COUNTY,435,84 Years,15,6,9,7,3,4,0,0,0,0,0,0,8,3,5
SUTTON COUNTY,435,85 Years +,65,18,47,30,8,22,0,0,0,1,0,1,34,10,24
SWISHER COUNTY,437,All Ages,7878,4155,3723,3937,1972,1965,548,380,168,131,60,71,3262,1743,1519
SWISHER COUNTY,437,< 1 Year,110,55,55,38,23,15,4,1,3,1,0,1,67,31,36
SWISHER COUNTY,437,1 Years,121,59,62,38,21,17,3,2,1,3,2,1,77,34,43
SWISHER COUNTY,437,2 Years,123,57,66,38,17,21,3,2,1,4,2,2,78,36,42
SWISHER COUNTY,437,3 Years,128,66,62,37,17,20,8,2,6,5,4,1,78,43,35
SWISHER COUNTY,437,4 Years,116,61,55,42,20,22,5,2,3,5,2,3,64,37,27
SWISHER COUNTY,437,5 Years,120,59,61,38,18,20,9,4,5,7,4,3,66,33,33
SWISHER COUNTY,437,6 Years,117,55,62,42,18,24,12,5,7,4,2,2,59,30,29
SWISHER COUNTY,437,7 Years,126,72,54,50,29,21,11,6,5,4,2,2,61,35,26
SWISHER COUNTY,437,8 Years,115,55,60,42,19,23,10,4,6,4,3,1,59,29,30
SWISHER COUNTY,437,9 Years,107,56,51,43,24,19,6,3,3,4,2,2,54,27,27
SWISHER COUNTY,437,10 Years,100,55,45,39,22,17,7,4,3,2,2,0,52,27,25
SWISHER COUNTY,437,11 Years,122,66,56,48,24,24,5,1,4,2,2,0,67,39,28
SWISHER COUNTY,437,12 Years,116,55,61,51,25,26,8,2,6,4,1,3,53,27,26
SWISHER COUNTY,437,13 Years,114,46,68,48,23,25,7,3,4,1,0,1,58,20,38
SWISHER COUNTY,437,14 Years,98,44,54,36,15,21,2,1,1,2,1,1,58,27,31
SWISHER COUNTY,437,15 Years,113,55,58,40,21,19,10,4,6,2,1,1,61,29,32
SWISHER COUNTY,437,16 Years,104,51,53,48,26,22,8,3,5,1,0,1,47,22,25
SWISHER COUNTY,437,17 Years,95,49,46,35,12,23,4,2,2,1,0,1,55,35,20
SWISHER COUNTY,437,18 Years,108,51,57,32,12,20,6,4,2,3,1,2,67,34,33
SWISHER COUNTY,437,19 Years,121,60,61,43,19,24,9,7,2,3,1,2,66,33,33
SWISHER COUNTY,437,20 Years,116,65,51,39,22,17,7,6,1,1,0,1,69,37,32
SWISHER COUNTY,437,21 Years,99,60,39,33,19,14,11,10,1,1,1,0,54,30,24
SWISHER COUNTY,437,22 Years,105,73,32,41,33,8,13,12,1,1,1,0,50,27,23
SWISHER COUNTY,437,23 Years,96,63,33,26,17,9,17,14,3,0,0,0,53,32,21
SWISHER COUNTY,437,24 Years,106,67,39,33,21,12,10,9,1,3,2,1,60,35,25
SWISHER COUNTY,437,25 Years,107,67,40,31,17,14,10,10,0,2,1,1,64,39,25
SWISHER COUNTY,437,26 Years,118,87,31,35,24,11,16,15,1,3,1,2,64,47,17
SWISHER COUNTY,437,27 Years,114,76,38,44,28,16,20,17,3,1,1,0,49,30,19
SWISHER COUNTY,437,28 Years,93,53,40,29,14,15,22,20,2,2,1,1,40,18,22
SWISHER COUNTY,437,29 Years,101,59,42,38,21,17,14,12,2,2,1,1,47,25,22
SWISHER COUNTY,437,30 Years,104,62,42,40,17,23,11,10,1,1,0,1,52,35,17
SWISHER COUNTY,437,31 Years,100,64,36,44,21,23,12,11,1,0,0,0,44,32,12
SWISHER COUNTY,437,32 Years,100,64,36,44,25,19,14,12,2,0,0,0,42,27,15
SWISHER COUNTY,437,33 Years,100,60,40,41,18,23,13,11,2,1,1,0,45,30,15
SWISHER COUNTY,437,34 Years,84,44,40,35,14,21,7,5,2,0,0,0,42,25,17
SWISHER COUNTY,437,35 Years,84,49,35,43,24,19,7,5,2,0,0,0,34,20,14
SWISHER COUNTY,437,36 Years,99,61,38,48,27,21,12,8,4,1,0,1,38,26,12
SWISHER COUNTY,437,37 Years,96,60,36,41,23,18,13,11,2,1,0,1,41,26,15
SWISHER COUNTY,437,38 Years,61,36,25,27,14,13,6,4,2,3,2,1,25,16,9
SWISHER COUNTY,437,39 Years,68,37,31,34,18,16,10,8,2,1,1,0,23,10,13
SWISHER COUNTY,437,40 Years,74,43,31,33,22,11,6,6,0,1,0,1,34,15,19
SWISHER COUNTY,437,41 Years,74,33,41,37,20,17,5,3,2,1,0,1,31,10,21
SWISHER COUNTY,437,42 Years,91,44,47,41,18,23,7,6,1,0,0,0,43,20,23
SWISHER COUNTY,437,43 Years,99,48,51,39,18,21,10,8,2,1,0,1,49,22,27
SWISHER COUNTY,437,44 Years,82,50,32,41,24,17,5,5,0,1,0,1,35,21,14
SWISHER COUNTY,437,45 Years,83,52,31,39,25,14,6,5,1,2,1,1,36,21,15
SWISHER COUNTY,437,46 Years,98,53,45,46,26,20,11,7,4,1,0,1,40,20,20
SWISHER COUNTY,437,47 Years,105,57,48,54,30,24,9,6,3,1,0,1,41,21,20
SWISHER COUNTY,437,48 Years,112,58,54,48,23,25,10,7,3,2,1,1,52,27,25
SWISHER COUNTY,437,49 Years,101,53,48,47,22,25,5,5,0,0,0,0,49,26,23
SWISHER COUNTY,437,50 Years,96,48,48,49,19,30,8,8,0,0,0,0,39,21,18
SWISHER COUNTY,437,51 Years,111,57,54,59,26,33,10,7,3,1,0,1,41,24,17
SWISHER COUNTY,437,52 Years,97,54,43,59,33,26,7,5,2,1,0,1,30,16,14
SWISHER COUNTY,437,53 Years,91,53,38,61,36,25,2,1,1,1,1,0,27,15,12
SWISHER COUNTY,437,54 Years,89,50,39,44,23,21,4,2,2,1,1,0,40,24,16
SWISHER COUNTY,437,55 Years,98,48,50,61,31,30,4,0,4,0,0,0,33,17,16
SWISHER COUNTY,437,56 Years,91,49,42,61,34,27,2,1,1,0,0,0,28,14,14
SWISHER COUNTY,437,57 Years,89,46,43,58,31,27,2,2,0,1,0,1,28,13,15
SWISHER COUNTY,437,58 Years,88,49,39,63,33,30,3,2,1,1,1,0,21,13,8
SWISHER COUNTY,437,59 Years,96,52,44,70,36,34,3,1,2,0,0,0,23,15,8
SWISHER COUNTY,437,60 Years,100,51,49,68,34,34,7,3,4,0,0,0,25,14,11
SWISHER COUNTY,437,61 Years,93,45,48,69,33,36,4,2,2,2,1,1,18,9,9
SWISHER COUNTY,437,62 Years,80,38,42,54,26,28,4,2,2,3,1,2,19,9,10
SWISHER COUNTY,437,63 Years,79,47,32,54,32,22,3,1,2,1,0,1,21,14,7
SWISHER COUNTY,437,64 Years,83,49,34,58,35,23,2,1,1,3,2,1,20,11,9
SWISHER COUNTY,437,65 Years,75,36,39,57,28,29,1,0,1,3,1,2,14,7,7
SWISHER COUNTY,437,66 Years,70,27,43,53,21,32,2,0,2,1,0,1,14,6,8
SWISHER COUNTY,437,67 Years,63,26,37,44,18,26,3,1,2,1,0,1,15,7,8
SWISHER COUNTY,437,68 Years,82,38,44,58,28,30,2,2,0,2,0,2,20,8,12
SWISHER COUNTY,437,69 Years,72,37,35,49,27,22,3,2,1,1,0,1,19,8,11
SWISHER COUNTY,437,70 Years,59,29,30,41,20,21,2,1,1,0,0,0,16,8,8
SWISHER COUNTY,437,71 Years,59,27,32,42,19,23,0,0,0,2,2,0,15,6,9
SWISHER COUNTY,437,72 Years,62,32,30,45,23,22,1,0,1,1,1,0,15,8,7
SWISHER COUNTY,437,73 Years,66,37,29,43,28,15,3,1,2,1,0,1,19,8,11
SWISHER COUNTY,437,74 Years,60,28,32,36,18,18,3,2,1,1,0,1,20,8,12
SWISHER COUNTY,437,75 Years,52,20,32,39,15,24,1,0,1,0,0,0,12,5,7
SWISHER COUNTY,437,76 Years,55,13,42,51,13,38,1,0,1,0,0,0,3,0,3
SWISHER COUNTY,437,77 Years,47,16,31,39,11,28,0,0,0,0,0,0,8,5,3
SWISHER COUNTY,437,78 Years,49,20,29,39,17,22,1,0,1,0,0,0,9,3,6
SWISHER COUNTY,437,79 Years,53,28,25,44,23,21,1,1,0,0,0,0,8,4,4
SWISHER COUNTY,437,80 Years,48,26,22,38,20,18,1,1,0,0,0,0,9,5,4
SWISHER COUNTY,437,81 Years,44,18,26,40,15,25,0,0,0,0,0,0,4,3,1
SWISHER COUNTY,437,82 Years,61,30,31,56,27,29,0,0,0,0,0,0,5,3,2
SWISHER COUNTY,437,83 Years,46,17,29,40,14,26,0,0,0,2,1,1,4,2,2
SWISHER COUNTY,437,84 Years,33,9,24,30,8,22,0,0,0,0,0,0,3,1,2
SWISHER COUNTY,437,85 Years +,197,80,117,166,67,99,2,1,1,5,1,4,24,11,13
TARRANT COUNTY,439,All Ages,1876624,921152,955472,947243,462147,485096,275431,129216,146215,135956,66262,69694,517994,263527,254467
TARRANT COUNTY,439,< 1 Year,27497,14034,13463,11426,5841,5585,4291,2203,2088,1891,950,941,9889,5040,4849
TARRANT COUNTY,439,1 Years,28568,14557,14011,12032,6130,5902,3979,2025,1954,2523,1285,1238,10034,5117,4917
TARRANT COUNTY,439,2 Years,27982,14125,13857,10768,5471,5297,4063,2044,2019,2136,1079,1057,11015,5531,5484
TARRANT COUNTY,439,3 Years,28313,14266,14047,10330,5250,5080,4369,2212,2157,2329,1170,1159,11285,5634,5651
TARRANT COUNTY,439,4 Years,29082,14897,14185,10500,5417,5083,4543,2296,2247,2551,1326,1225,11488,5858,5630
TARRANT COUNTY,439,5 Years,29408,15055,14353,10668,5477,5191,4566,2327,2239,2515,1303,1212,11659,5948,5711
TARRANT COUNTY,439,6 Years,29380,15020,14360,10778,5518,5260,4601,2322,2279,2499,1298,1201,11502,5882,5620
TARRANT COUNTY,439,7 Years,29496,15030,14466,10979,5643,5336,4670,2370,2300,2561,1274,1287,11286,5743,5543
TARRANT COUNTY,439,8 Years,29710,15150,14560,11058,5654,5404,4687,2386,2301,2699,1350,1349,11266,5760,5506
TARRANT COUNTY,439,9 Years,29274,14929,14345,11102,5685,5417,4627,2365,2262,2595,1295,1300,10950,5584,5366
TARRANT COUNTY,439,10 Years,29228,14940,14288,11044,5652,5392,4707,2384,2323,2508,1272,1236,10969,5632,5337
TARRANT COUNTY,439,11 Years,29509,14981,14528,11334,5716,5618,4796,2441,2355,2516,1299,1217,10863,5525,5338
TARRANT COUNTY,439,12 Years,29331,14968,14363,11412,5908,5504,4864,2497,2367,2405,1225,1180,10650,5338,5312
TARRANT COUNTY,439,13 Years,28634,14631,14003,11352,5851,5501,4668,2361,2307,2290,1174,1116,10324,5245,5079
TARRANT COUNTY,439,14 Years,28265,14507,13758,11291,5813,5478,4727,2384,2343,2315,1186,1129,9932,5124,4808
TARRANT COUNTY,439,15 Years,28073,14443,13630,11374,5866,5508,4674,2412,2262,2271,1169,1102,9754,4996,4758
TARRANT COUNTY,439,16 Years,28046,14247,13799,11451,5792,5659,4703,2423,2280,2257,1143,1114,9635,4889,4746
TARRANT COUNTY,439,17 Years,28048,14266,13782,11568,5872,5696,4738,2403,2335,2402,1236,1166,9340,4755,4585
TARRANT COUNTY,439,18 Years,28427,14480,13947,11910,6040,5870,4845,2444,2401,2335,1228,1107,9337,4768,4569
TARRANT COUNTY,439,19 Years,27960,14317,13643,11666,5975,5691,4874,2499,2375,2063,1059,1004,9357,4784,4573
TARRANT COUNTY,439,20 Years,25510,13094,12416,10533,5427,5106,4310,2170,2140,1815,918,897,8852,4579,4273
TARRANT COUNTY,439,21 Years,24611,12455,12156,10215,5147,5068,3987,1930,2057,1832,921,911,8577,4457,4120
TARRANT COUNTY,439,22 Years,24381,12291,12090,10358,5118,5240,3749,1788,1961,1836,937,899,8438,4448,3990
TARRANT COUNTY,439,23 Years,24709,12354,12355,10580,5165,5415,3736,1741,1995,1921,968,953,8472,4480,3992
TARRANT COUNTY,439,24 Years,25278,12541,12737,11075,5303,5772,3714,1672,2042,2050,1051,999,8439,4515,3924
TARRANT COUNTY,439,25 Years,26146,12925,13221,11845,5669,6176,3728,1639,2089,2002,1002,1000,8571,4615,3956
TARRANT COUNTY,439,26 Years,26874,13312,13562,12418,6028,6390,3858,1729,2129,1981,971,1010,8617,4584,4033
TARRANT COUNTY,439,27 Years,27567,13614,13953,12947,6332,6615,3896,1796,2100,1981,973,1008,8743,4513,4230
TARRANT COUNTY,439,28 Years,27361,13551,13810,12750,6305,6445,3897,1764,2133,1984,983,1001,8730,4499,4231
TARRANT COUNTY,439,29 Years,28219,13949,14270,13194,6531,6663,4110,1815,2295,2001,983,1018,8914,4620,4294
TARRANT COUNTY,439,30 Years,28313,13905,14408,13246,6526,6720,4145,1824,2321,2012,935,1077,8910,4620,4290
TARRANT COUNTY,439,31 Years,28244,13741,14503,13295,6572,6723,4140,1800,2340,1904,850,1054,8905,4519,4386
TARRANT COUNTY,439,32 Years,28165,13722,14443,13073,6430,6643,4341,1899,2442,1888,882,1006,8863,4511,4352
TARRANT COUNTY,439,33 Years,26610,12967,13643,12219,6018,6201,4195,1839,2356,1839,843,996,8357,4267,4090
TARRANT COUNTY,439,34 Years,26301,12794,13507,11905,5845,6060,4092,1805,2287,1805,835,970,8499,4309,4190
TARRANT COUNTY,439,35 Years,25804,12634,13170,11628,5766,5862,4040,1780,2260,1858,837,1021,8278,4251,4027
TARRANT COUNTY,439,36 Years,25692,12516,13176,11432,5622,5810,3986,1807,2179,2072,952,1120,8202,4135,4067
TARRANT COUNTY,439,37 Years,26125,12733,13392,11598,5722,5876,4067,1817,2250,2135,976,1159,8325,4218,4107
TARRANT COUNTY,439,38 Years,25591,12309,13282,11467,5565,5902,4123,1840,2283,2113,945,1168,7888,3959,3929
TARRANT COUNTY,439,39 Years,25976,12530,13446,11914,5828,6086,4097,1836,2261,2115,961,1154,7850,3905,3945
TARRANT COUNTY,439,40 Years,27061,13178,13883,12763,6420,6343,4218,1850,2368,2230,1027,1203,7850,3881,3969
TARRANT COUNTY,439,41 Years,28389,13881,14508,14132,7082,7050,4385,1994,2391,2278,1057,1221,7594,3748,3846
TARRANT COUNTY,439,42 Years,28606,14030,14576,14433,7184,7249,4373,1966,2407,2308,1074,1234,7492,3806,3686
TARRANT COUNTY,439,43 Years,27040,13193,13847,13737,6759,6978,4072,1867,2205,2135,996,1139,7096,3571,3525
TARRANT COUNTY,439,44 Years,25926,12829,13097,13148,6522,6626,3999,1852,2147,1940,927,1013,6839,3528,3311
TARRANT COUNTY,439,45 Years,25298,12476,12822,12950,6421,6529,3988,1822,2166,1844,853,991,6516,3380,3136
TARRANT COUNTY,439,46 Years,25539,12535,13004,13170,6427,6743,4111,1873,2238,1807,865,942,6451,3370,3081
TARRANT COUNTY,439,47 Years,26792,13179,13613,14344,7044,7300,4211,1938,2273,1841,901,940,6396,3296,3100
TARRANT COUNTY,439,48 Years,27058,13244,13814,15170,7389,7781,4166,1949,2217,1824,890,934,5898,3016,2882
TARRANT COUNTY,439,49 Years,26967,13386,13581,15592,7720,7872,4120,1957,2163,1806,890,916,5449,2819,2630
TARRANT COUNTY,439,50 Years,26660,13138,13522,15881,7813,8068,3976,1841,2135,1681,810,871,5122,2674,2448
TARRANT COUNTY,439,51 Years,26766,13202,13564,16289,8013,8276,3871,1810,2061,1694,811,883,4912,2568,2344
TARRANT COUNTY,439,52 Years,26663,13161,13502,16449,8158,8291,3795,1805,1990,1658,787,871,4761,2411,2350
TARRANT COUNTY,439,53 Years,25375,12654,12721,15858,7949,7909,3630,1748,1882,1558,753,805,4329,2204,2125
TARRANT COUNTY,439,54 Years,24890,12379,12511,15720,7796,7924,3552,1691,1861,1569,784,785,4049,2108,1941
TARRANT COUNTY,439,55 Years,23940,11753,12187,15315,7586,7729,3320,1507,1813,1529,741,788,3776,1919,1857
TARRANT COUNTY,439,56 Years,23081,11192,11889,14757,7248,7509,3247,1457,1790,1514,741,773,3563,1746,1817
TARRANT COUNTY,439,57 Years,22606,10991,11615,14712,7205,7507,3117,1421,1696,1364,678,686,3413,1687,1726
TARRANT COUNTY,439,58 Years,21040,10145,10895,13990,6823,7167,2788,1262,1526,1222,560,662,3040,1500,1540
TARRANT COUNTY,439,59 Years,19844,9522,10322,13407,6442,6965,2501,1141,1360,1207,561,646,2729,1378,1351
TARRANT COUNTY,439,60 Years,18800,8985,9815,12775,6150,6625,2363,1069,1294,1210,556,654,2452,1210,1242
TARRANT COUNTY,439,61 Years,17643,8386,9257,11841,5705,6136,2261,1005,1256,1129,504,625,2412,1172,1240
TARRANT COUNTY,439,62 Years,17283,8188,9095,11710,5580,6130,2110,908,1202,1131,535,596,2332,1165,1167
TARRANT COUNTY,439,63 Years,16641,7881,8760,11487,5467,6020,2023,858,1165,1040,513,527,2091,1043,1048
TARRANT COUNTY,439,64 Years,16635,7884,8751,11938,5713,6225,1847,803,1044,943,440,503,1907,928,979
TARRANT COUNTY,439,65 Years,16295,7772,8523,11921,5761,6160,1685,754,931,864,388,476,1825,869,956
TARRANT COUNTY,439,66 Years,13008,6182,6826,9254,4426,4828,1376,597,779,757,373,384,1621,786,835
TARRANT COUNTY,439,67 Years,11889,5600,6289,8397,3978,4419,1239,538,701,697,336,361,1556,748,808
TARRANT COUNTY,439,68 Years,11644,5418,6226,8383,3945,4438,1202,517,685,667,312,355,1392,644,748
TARRANT COUNTY,439,69 Years,11019,5081,5938,8058,3768,4290,1102,463,639,635,291,344,1224,559,665
TARRANT COUNTY,439,70 Years,9595,4450,5145,7016,3303,3713,983,386,597,543,269,274,1053,492,561
TARRANT COUNTY,439,71 Years,8871,4002,4869,6440,2954,3486,934,363,571,504,239,265,993,446,547
TARRANT COUNTY,439,72 Years,8108,3688,4420,5906,2720,3186,821,344,477,440,203,237,941,421,520
TARRANT COUNTY,439,73 Years,7534,3353,4181,5503,2472,3031,766,320,446,413,184,229,852,377,475
TARRANT COUNTY,439,74 Years,7185,3131,4054,5312,2337,2975,711,271,440,405,190,215,757,333,424
TARRANT COUNTY,439,75 Years,6635,2908,3727,4921,2170,2751,663,254,409,336,157,179,715,327,388
TARRANT COUNTY,439,76 Years,6378,2742,3636,4793,2090,2703,618,243,375,298,132,166,669,277,392
TARRANT COUNTY,439,77 Years,6291,2704,3587,4750,2069,2681,627,245,382,259,110,149,655,280,375
TARRANT COUNTY,439,78 Years,5546,2357,3189,4217,1810,2407,535,193,342,251,123,128,543,231,312
TARRANT COUNTY,439,79 Years,5383,2211,3172,4113,1716,2397,498,168,330,249,116,133,523,211,312
TARRANT COUNTY,439,80 Years,5065,2074,2991,3938,1634,2304,446,153,293,201,88,113,480,199,281
TARRANT COUNTY,439,81 Years,4755,1965,2790,3741,1569,2172,399,130,269,204,92,112,411,174,237
TARRANT COUNTY,439,82 Years,4299,1705,2594,3403,1345,2058,393,144,249,169,76,93,334,140,194
TARRANT COUNTY,439,83 Years,3910,1499,2411,3141,1214,1927,331,113,218,122,51,71,316,121,195
TARRANT COUNTY,439,84 Years,3642,1357,2285,2911,1096,1815,310,88,222,118,48,70,303,125,178
TARRANT COUNTY,439,85 Years +,21321,6781,14540,17822,5664,12158,1545,449,1096,557,186,371,1397,482,915
TAYLOR COUNTY,441,All Ages,133744,65210,68534,88149,42567,45582,9392,4849,4543,5557,2616,2941,30646,15178,15468
TAYLOR COUNTY,441,< 1 Year,2057,1052,1005,1260,654,606,159,79,80,78,42,36,560,277,283
TAYLOR COUNTY,441,1 Years,2079,1047,1032,1092,558,534,155,79,76,147,73,74,685,337,348
TAYLOR COUNTY,441,2 Years,2021,980,1041,1050,510,540,166,80,86,134,66,68,671,324,347
TAYLOR COUNTY,441,3 Years,1954,982,972,980,496,484,158,78,80,125,65,60,691,343,348
TAYLOR COUNTY,441,4 Years,1990,1043,947,1009,519,490,162,83,79,115,61,54,704,380,324
TAYLOR COUNTY,441,5 Years,2027,1073,954,1022,526,496,165,94,71,115,64,51,725,389,336
TAYLOR COUNTY,441,6 Years,1930,997,933,963,481,482,160,88,72,106,64,42,701,364,337
TAYLOR COUNTY,441,7 Years,1881,967,914,943,474,469,157,79,78,99,55,44,682,359,323
TAYLOR COUNTY,441,8 Years,1795,904,891,900,453,447,147,75,72,95,46,49,653,330,323
TAYLOR COUNTY,441,9 Years,1741,893,848,898,459,439,153,75,78,92,46,46,598,313,285
TAYLOR COUNTY,441,10 Years,1709,876,833,891,465,426,142,60,82,103,60,43,573,291,282
TAYLOR COUNTY,441,11 Years,1732,870,862,892,467,425,162,76,86,95,47,48,583,280,303
TAYLOR COUNTY,441,12 Years,1757,890,867,916,469,447,139,70,69,94,40,54,608,311,297
TAYLOR COUNTY,441,13 Years,1665,838,827,894,459,435,132,65,67,91,41,50,548,273,275
TAYLOR COUNTY,441,14 Years,1685,862,823,896,467,429,129,69,60,102,50,52,558,276,282
TAYLOR COUNTY,441,15 Years,1638,835,803,895,464,431,125,65,60,93,41,52,525,265,260
TAYLOR COUNTY,441,16 Years,1649,839,810,898,453,445,146,75,71,88,41,47,517,270,247
TAYLOR COUNTY,441,17 Years,1723,901,822,965,507,458,143,71,72,82,41,41,533,282,251
TAYLOR COUNTY,441,18 Years,1870,898,972,1088,500,588,173,94,79,76,33,43,533,271,262
TAYLOR COUNTY,441,19 Years,2272,1133,1139,1428,727,701,210,105,105,98,43,55,536,258,278
TAYLOR COUNTY,441,20 Years,2466,1250,1216,1540,803,737,236,127,109,105,46,59,585,274,311
TAYLOR COUNTY,441,21 Years,2750,1409,1341,1789,926,863,213,109,104,137,73,64,611,301,310
TAYLOR COUNTY,441,22 Years,2739,1314,1425,1705,789,916,231,126,105,154,76,78,649,323,326
TAYLOR COUNTY,441,23 Years,2715,1313,1402,1673,746,927,253,149,104,161,92,69,628,326,302
TAYLOR COUNTY,441,24 Years,2725,1386,1339,1763,869,894,227,137,90,132,75,57,603,305,298
TAYLOR COUNTY,441,25 Years,2594,1342,1252,1701,873,828,220,127,93,124,70,54,549,272,277
TAYLOR COUNTY,441,26 Years,2387,1224,1163,1547,802,745,188,106,82,111,53,58,541,263,278
TAYLOR COUNTY,441,27 Years,2282,1149,1133,1453,734,719,163,91,72,116,59,57,550,265,285
TAYLOR COUNTY,441,28 Years,2156,1083,1073,1359,681,678,161,86,75,94,56,38,542,260,282
TAYLOR COUNTY,441,29 Years,2025,1022,1003,1295,650,645,149,80,69,73,38,35,508,254,254
TAYLOR COUNTY,441,30 Years,1946,1007,939,1223,629,594,137,77,60,85,44,41,501,257,244
TAYLOR COUNTY,441,31 Years,1828,926,902,1118,564,554,141,81,60,74,36,38,495,245,250
TAYLOR COUNTY,441,32 Years,1650,816,834,1036,519,517,133,68,65,59,29,30,422,200,222
TAYLOR COUNTY,441,33 Years,1518,757,761,938,472,466,117,59,58,63,26,37,400,200,200
TAYLOR COUNTY,441,34 Years,1478,734,744,941,471,470,104,51,53,71,24,47,362,188,174
TAYLOR COUNTY,441,35 Years,1453,717,736,911,444,467,105,52,53,78,37,41,359,184,175
TAYLOR COUNTY,441,36 Years,1431,713,718,904,456,448,96,45,51,68,31,37,363,181,182
TAYLOR COUNTY,441,37 Years,1433,720,713,897,466,431,109,57,52,51,24,27,376,173,203
TAYLOR COUNTY,441,38 Years,1389,699,690,864,430,434,100,54,46,56,26,30,369,189,180
TAYLOR COUNTY,441,39 Years,1380,681,699,873,430,443,94,53,41,56,29,27,357,169,188
TAYLOR COUNTY,441,40 Years,1395,677,718,905,447,458,106,56,50,60,26,34,324,148,176
TAYLOR COUNTY,441,41 Years,1415,691,724,934,463,471,111,57,54,58,21,37,312,150,162
TAYLOR COUNTY,441,42 Years,1524,738,786,1021,494,527,115,63,52,52,23,29,336,158,178
TAYLOR COUNTY,441,43 Years,1476,724,752,990,494,496,101,46,55,71,29,42,314,155,159
TAYLOR COUNTY,441,44 Years,1376,677,699,923,453,470,83,39,44,59,24,35,311,161,150
TAYLOR COUNTY,441,45 Years,1407,676,731,933,443,490,99,47,52,59,25,34,316,161,155
TAYLOR COUNTY,441,46 Years,1440,678,762,986,460,526,100,57,43,47,18,29,307,143,164
TAYLOR COUNTY,441,47 Years,1506,751,755,1038,508,530,98,52,46,48,21,27,322,170,152
TAYLOR COUNTY,441,48 Years,1685,817,868,1180,571,609,110,54,56,57,22,35,338,170,168
TAYLOR COUNTY,441,49 Years,1736,844,892,1260,612,648,102,49,53,52,23,29,322,160,162
TAYLOR COUNTY,441,50 Years,1713,843,870,1234,596,638,113,60,53,52,28,24,314,159,155
TAYLOR COUNTY,441,51 Years,1768,869,899,1302,634,668,104,55,49,58,26,32,304,154,150
TAYLOR COUNTY,441,52 Years,1793,877,916,1305,639,666,106,54,52,56,18,38,326,166,160
TAYLOR COUNTY,441,53 Years,1697,800,897,1260,602,658,109,53,56,55,19,36,273,126,147
TAYLOR COUNTY,441,54 Years,1713,812,901,1265,599,666,118,55,63,48,22,26,282,136,146
TAYLOR COUNTY,441,55 Years,1698,833,865,1284,629,655,113,54,59,45,19,26,256,131,125
TAYLOR COUNTY,441,56 Years,1600,793,807,1192,589,603,98,52,46,52,23,29,258,129,129
TAYLOR COUNTY,441,57 Years,1661,804,857,1250,592,658,111,65,46,52,22,30,248,125,123
TAYLOR COUNTY,441,58 Years,1566,750,816,1194,567,627,106,55,51,46,19,27,220,109,111
TAYLOR COUNTY,441,59 Years,1399,656,743,1054,490,564,82,44,38,48,16,32,215,106,109
TAYLOR COUNTY,441,60 Years,1417,673,744,1050,494,556,82,46,36,43,14,29,242,119,123
TAYLOR COUNTY,441,61 Years,1357,643,714,1047,501,546,75,36,39,38,15,23,197,91,106
TAYLOR COUNTY,441,62 Years,1272,574,698,965,437,528,65,32,33,40,16,24,202,89,113
TAYLOR COUNTY,441,63 Years,1281,603,678,987,473,514,59,30,29,44,13,31,191,87,104
TAYLOR COUNTY,441,64 Years,1272,611,661,1002,478,524,58,32,26,38,13,25,174,88,86
TAYLOR COUNTY,441,65 Years,1282,605,677,999,473,526,54,28,26,40,16,24,189,88,101
TAYLOR COUNTY,441,66 Years,1012,470,542,778,363,415,44,18,26,27,13,14,163,76,87
TAYLOR COUNTY,441,67 Years,938,419,519,739,331,408,52,21,31,21,8,13,126,59,67
TAYLOR COUNTY,441,68 Years,1031,463,568,823,372,451,57,27,30,21,9,12,130,55,75
TAYLOR COUNTY,441,69 Years,1000,462,538,812,377,435,55,23,32,22,8,14,111,54,57
TAYLOR COUNTY,441,70 Years,873,393,480,705,315,390,45,23,22,16,5,11,107,50,57
TAYLOR COUNTY,441,71 Years,821,370,451,674,296,378,36,21,15,20,8,12,91,45,46
TAYLOR COUNTY,441,72 Years,829,350,479,686,292,394,39,18,21,21,9,12,83,31,52
TAYLOR COUNTY,441,73 Years,785,342,443,656,293,363,34,12,22,19,7,12,76,30,46
TAYLOR COUNTY,441,74 Years,765,352,413,645,297,348,27,13,14,18,8,10,75,34,41
TAYLOR COUNTY,441,75 Years,729,330,399,624,285,339,25,13,12,13,4,9,67,28,39
TAYLOR COUNTY,441,76 Years,757,327,430,645,285,360,28,12,16,19,4,15,65,26,39
TAYLOR COUNTY,441,77 Years,733,308,425,633,271,362,24,10,14,13,5,8,63,22,41
TAYLOR COUNTY,441,78 Years,700,280,420,608,247,361,22,8,14,13,8,5,57,17,40
TAYLOR COUNTY,441,79 Years,643,256,387,556,223,333,24,11,13,15,5,10,48,17,31
TAYLOR COUNTY,441,80 Years,594,265,329,521,234,287,14,8,6,11,4,7,48,19,29
TAYLOR COUNTY,441,81 Years,568,238,330,501,212,289,18,9,9,9,3,6,40,14,26
TAYLOR COUNTY,441,82 Years,534,211,323,477,195,282,15,6,9,9,1,8,33,9,24
TAYLOR COUNTY,441,83 Years,479,202,277,419,178,241,14,5,9,9,3,6,37,16,21
TAYLOR COUNTY,441,84 Years,447,170,277,393,149,244,9,2,7,11,2,9,34,17,17
TAYLOR COUNTY,441,85 Years +,2537,841,1696,2284,752,1532,72,23,49,36,8,28,145,58,87
TERRELL COUNTY,443,All Ages,990,521,469,491,258,233,8,7,1,17,11,6,474,245,229
TERRELL COUNTY,443,< 1 Year,13,6,7,7,3,4,0,0,0,1,1,0,5,2,3
TERRELL COUNTY,443,1 Years,11,5,6,4,1,3,0,0,0,0,0,0,7,4,3
TERRELL COUNTY,443,2 Years,13,5,8,5,1,4,0,0,0,1,0,1,7,4,3
TERRELL COUNTY,443,3 Years,11,5,6,2,0,2,0,0,0,1,0,1,8,5,3
TERRELL COUNTY,443,4 Years,13,4,9,6,2,4,0,0,0,1,0,1,6,2,4
TERRELL COUNTY,443,5 Years,16,8,8,7,4,3,0,0,0,0,0,0,9,4,5
TERRELL COUNTY,443,6 Years,12,7,5,4,3,1,0,0,0,0,0,0,8,4,4
TERRELL COUNTY,443,7 Years,13,5,8,4,2,2,0,0,0,0,0,0,9,3,6
TERRELL COUNTY,443,8 Years,11,6,5,6,3,3,0,0,0,0,0,0,5,3,2
TERRELL COUNTY,443,9 Years,9,6,3,5,2,3,0,0,0,0,0,0,4,4,0
TERRELL COUNTY,443,10 Years,13,8,5,6,4,2,0,0,0,0,0,0,7,4,3
TERRELL COUNTY,443,11 Years,15,9,6,6,3,3,0,0,0,0,0,0,9,6,3
TERRELL COUNTY,443,12 Years,11,7,4,4,2,2,0,0,0,0,0,0,7,5,2
TERRELL COUNTY,443,13 Years,8,5,3,4,3,1,0,0,0,0,0,0,4,2,2
TERRELL COUNTY,443,14 Years,10,6,4,5,3,2,0,0,0,0,0,0,5,3,2
TERRELL COUNTY,443,15 Years,13,7,6,5,2,3,0,0,0,0,0,0,8,5,3
TERRELL COUNTY,443,16 Years,8,6,2,3,3,0,0,0,0,0,0,0,5,3,2
TERRELL COUNTY,443,17 Years,9,8,1,5,5,0,0,0,0,0,0,0,4,3,1
TERRELL COUNTY,443,18 Years,15,11,4,3,3,0,1,1,0,2,2,0,9,5,4
TERRELL COUNTY,443,19 Years,17,8,9,6,3,3,0,0,0,1,1,0,10,4,6
TERRELL COUNTY,443,20 Years,11,7,4,5,4,1,0,0,0,0,0,0,6,3,3
TERRELL COUNTY,443,21 Years,11,5,6,5,1,4,0,0,0,0,0,0,6,4,2
TERRELL COUNTY,443,22 Years,9,5,4,5,3,2,0,0,0,0,0,0,4,2,2
TERRELL COUNTY,443,23 Years,7,3,4,1,1,0,0,0,0,0,0,0,6,2,4
TERRELL COUNTY,443,24 Years,4,2,2,1,1,0,0,0,0,0,0,0,3,1,2
TERRELL COUNTY,443,25 Years,4,2,2,4,2,2,0,0,0,0,0,0,0,0,0
TERRELL COUNTY,443,26 Years,10,6,4,2,1,1,0,0,0,0,0,0,8,5,3
TERRELL COUNTY,443,27 Years,8,5,3,3,2,1,0,0,0,0,0,0,5,3,2
TERRELL COUNTY,443,28 Years,12,3,9,2,0,2,0,0,0,0,0,0,10,3,7
TERRELL COUNTY,443,29 Years,9,5,4,5,4,1,0,0,0,0,0,0,4,1,3
TERRELL COUNTY,443,30 Years,10,6,4,6,3,3,0,0,0,0,0,0,4,3,1
TERRELL COUNTY,443,31 Years,12,4,8,5,2,3,0,0,0,0,0,0,7,2,5
TERRELL COUNTY,443,32 Years,9,5,4,3,1,2,1,1,0,0,0,0,5,3,2
TERRELL COUNTY,443,33 Years,11,6,5,8,4,4,1,1,0,0,0,0,2,1,1
TERRELL COUNTY,443,34 Years,15,11,4,10,6,4,0,0,0,1,1,0,4,4,0
TERRELL COUNTY,443,35 Years,8,5,3,4,2,2,0,0,0,1,1,0,3,2,1
TERRELL COUNTY,443,36 Years,7,3,4,3,1,2,0,0,0,0,0,0,4,2,2
TERRELL COUNTY,443,37 Years,14,8,6,10,6,4,0,0,0,0,0,0,4,2,2
TERRELL COUNTY,443,38 Years,11,5,6,6,2,4,0,0,0,0,0,0,5,3,2
TERRELL COUNTY,443,39 Years,10,7,3,6,4,2,0,0,0,0,0,0,4,3,1
TERRELL COUNTY,443,40 Years,12,5,7,6,3,3,1,0,1,0,0,0,5,2,3
TERRELL COUNTY,443,41 Years,11,7,4,3,2,1,0,0,0,0,0,0,8,5,3
TERRELL COUNTY,443,42 Years,14,7,7,6,2,4,0,0,0,0,0,0,8,5,3
TERRELL COUNTY,443,43 Years,12,6,6,7,4,3,0,0,0,0,0,0,5,2,3
TERRELL COUNTY,443,44 Years,14,8,6,9,5,4,0,0,0,0,0,0,5,3,2
TERRELL COUNTY,443,45 Years,13,6,7,5,2,3,0,0,0,0,0,0,8,4,4
TERRELL COUNTY,443,46 Years,11,3,8,4,1,3,0,0,0,0,0,0,7,2,5
TERRELL COUNTY,443,47 Years,11,6,5,4,2,2,2,2,0,0,0,0,5,2,3
TERRELL COUNTY,443,48 Years,14,11,3,6,4,2,2,2,0,0,0,0,6,5,1
TERRELL COUNTY,443,49 Years,12,7,5,6,3,3,0,0,0,0,0,0,6,4,2
TERRELL COUNTY,443,50 Years,11,7,4,6,5,1,0,0,0,1,1,0,4,1,3
TERRELL COUNTY,443,51 Years,8,4,4,4,3,1,0,0,0,0,0,0,4,1,3
TERRELL COUNTY,443,52 Years,13,7,6,5,2,3,0,0,0,1,1,0,7,4,3
TERRELL COUNTY,443,53 Years,11,3,8,6,2,4,0,0,0,0,0,0,5,1,4
TERRELL COUNTY,443,54 Years,14,8,6,8,5,3,0,0,0,1,1,0,5,2,3
TERRELL COUNTY,443,55 Years,14,5,9,5,2,3,0,0,0,0,0,0,9,3,6
TERRELL COUNTY,443,56 Years,20,10,10,10,5,5,0,0,0,0,0,0,10,5,5
TERRELL COUNTY,443,57 Years,13,7,6,8,5,3,0,0,0,1,0,1,4,2,2
TERRELL COUNTY,443,58 Years,11,6,5,7,3,4,0,0,0,0,0,0,4,3,1
TERRELL COUNTY,443,59 Years,15,10,5,10,6,4,0,0,0,0,0,0,5,4,1
TERRELL COUNTY,443,60 Years,14,5,9,7,2,5,0,0,0,0,0,0,7,3,4
TERRELL COUNTY,443,61 Years,12,5,7,9,3,6,0,0,0,0,0,0,3,2,1
TERRELL COUNTY,443,62 Years,19,10,9,14,8,6,0,0,0,0,0,0,5,2,3
TERRELL COUNTY,443,63 Years,19,10,9,12,6,6,0,0,0,0,0,0,7,4,3
TERRELL COUNTY,443,64 Years,18,9,9,10,6,4,0,0,0,0,0,0,8,3,5
TERRELL COUNTY,443,65 Years,16,10,6,8,6,2,0,0,0,1,0,1,7,4,3
TERRELL COUNTY,443,66 Years,16,7,9,8,3,5,0,0,0,0,0,0,8,4,4
TERRELL COUNTY,443,67 Years,11,6,5,8,4,4,0,0,0,0,0,0,3,2,1
TERRELL COUNTY,443,68 Years,10,5,5,6,2,4,0,0,0,0,0,0,4,3,1
TERRELL COUNTY,443,69 Years,12,6,6,7,3,4,0,0,0,0,0,0,5,3,2
TERRELL COUNTY,443,70 Years,8,5,3,6,4,2,0,0,0,0,0,0,2,1,1
TERRELL COUNTY,443,71 Years,10,5,5,6,3,3,0,0,0,0,0,0,4,2,2
TERRELL COUNTY,443,72 Years,13,6,7,7,4,3,0,0,0,0,0,0,6,2,4
TERRELL COUNTY,443,73 Years,14,11,3,8,6,2,0,0,0,0,0,0,6,5,1
TERRELL COUNTY,443,74 Years,10,6,4,5,3,2,0,0,0,0,0,0,5,3,2
TERRELL COUNTY,443,75 Years,10,6,4,4,4,0,0,0,0,0,0,0,6,2,4
TERRELL COUNTY,443,76 Years,11,6,5,6,5,1,0,0,0,1,0,1,4,1,3
TERRELL COUNTY,443,77 Years,5,2,3,3,1,2,0,0,0,0,0,0,2,1,1
TERRELL COUNTY,443,78 Years,4,1,3,2,0,2,0,0,0,0,0,0,2,1,1
TERRELL COUNTY,443,79 Years,6,4,2,1,0,1,0,0,0,1,1,0,4,3,1
TERRELL COUNTY,443,80 Years,7,3,4,3,2,1,0,0,0,1,1,0,3,0,3
TERRELL COUNTY,443,81 Years,9,5,4,4,2,2,0,0,0,0,0,0,5,3,2
TERRELL COUNTY,443,82 Years,9,3,6,6,2,4,0,0,0,0,0,0,3,1,2
TERRELL COUNTY,443,83 Years,12,4,8,8,3,5,0,0,0,0,0,0,4,1,3
TERRELL COUNTY,443,84 Years,5,1,4,3,1,2,0,0,0,0,0,0,2,0,2
TERRELL COUNTY,443,85 Years +,23,12,11,14,7,7,0,0,0,0,0,0,9,5,4
TERRY COUNTY,445,All Ages,12826,6819,6007,5695,2932,2763,560,375,185,137,76,61,6434,3436,2998
TERRY COUNTY,445,< 1 Year,193,96,97,60,32,28,2,1,1,3,1,2,128,62,66
TERRY COUNTY,445,1 Years,191,97,94,57,30,27,4,2,2,2,2,0,128,63,65
TERRY COUNTY,445,2 Years,194,104,90,62,34,28,3,2,1,1,1,0,128,67,61
TERRY COUNTY,445,3 Years,210,111,99,61,34,27,6,1,5,4,3,1,139,73,66
TERRY COUNTY,445,4 Years,202,94,108,65,31,34,4,1,3,5,3,2,128,59,69
TERRY COUNTY,445,5 Years,204,100,104,68,38,30,4,2,2,3,1,2,129,59,70
TERRY COUNTY,445,6 Years,193,111,82,56,32,24,6,5,1,2,2,0,129,72,57
TERRY COUNTY,445,7 Years,181,103,78,59,33,26,8,4,4,1,1,0,113,65,48
TERRY COUNTY,445,8 Years,185,87,98,48,24,24,7,1,6,2,2,0,128,60,68
TERRY COUNTY,445,9 Years,180,77,103,57,26,31,7,1,6,3,1,2,113,49,64
TERRY COUNTY,445,10 Years,164,79,85,54,31,23,7,1,6,3,1,2,100,46,54
TERRY COUNTY,445,11 Years,174,87,87,58,28,30,2,0,2,3,2,1,111,57,54
TERRY COUNTY,445,12 Years,197,103,94,75,41,34,7,3,4,3,2,1,112,57,55
TERRY COUNTY,445,13 Years,188,100,88,60,30,30,8,5,3,3,2,1,117,63,54
TERRY COUNTY,445,14 Years,176,92,84,58,28,30,5,4,1,3,2,1,110,58,52
TERRY COUNTY,445,15 Years,171,92,79,63,39,24,4,1,3,1,0,1,103,52,51
TERRY COUNTY,445,16 Years,171,94,77,64,38,26,6,5,1,2,1,1,99,50,49
TERRY COUNTY,445,17 Years,157,79,78,57,28,29,7,4,3,0,0,0,93,47,46
TERRY COUNTY,445,18 Years,173,91,82,53,25,28,11,7,4,1,1,0,108,58,50
TERRY COUNTY,445,19 Years,177,100,77,62,34,28,13,5,8,1,0,1,101,61,40
TERRY COUNTY,445,20 Years,195,106,89,56,29,27,21,15,6,2,1,1,116,61,55
TERRY COUNTY,445,21 Years,185,102,83,67,34,33,16,12,4,2,1,1,100,55,45
TERRY COUNTY,445,22 Years,194,110,84,62,30,32,18,15,3,5,3,2,109,62,47
TERRY COUNTY,445,23 Years,220,129,91,76,39,37,16,13,3,2,2,0,126,75,51
TERRY COUNTY,445,24 Years,202,127,75,72,42,30,14,13,1,2,0,2,114,72,42
TERRY COUNTY,445,25 Years,198,124,74,69,41,28,20,16,4,2,1,1,107,66,41
TERRY COUNTY,445,26 Years,204,130,74,63,39,24,19,16,3,6,2,4,116,73,43
TERRY COUNTY,445,27 Years,195,118,77,72,44,28,15,13,2,5,2,3,103,59,44
TERRY COUNTY,445,28 Years,186,117,69,77,46,31,10,9,1,4,3,1,95,59,36
TERRY COUNTY,445,29 Years,199,132,67,72,45,27,16,14,2,3,2,1,108,71,37
TERRY COUNTY,445,30 Years,181,104,77,55,32,23,18,11,7,2,1,1,106,60,46
TERRY COUNTY,445,31 Years,151,91,60,54,31,23,8,5,3,3,2,1,86,53,33
TERRY COUNTY,445,32 Years,145,83,62,54,31,23,6,4,2,2,1,1,83,47,36
TERRY COUNTY,445,33 Years,167,95,72,60,36,24,6,4,2,1,1,0,100,54,46
TERRY COUNTY,445,34 Years,156,103,53,68,47,21,7,7,0,0,0,0,81,49,32
TERRY COUNTY,445,35 Years,135,78,57,62,37,25,8,5,3,1,1,0,64,35,29
TERRY COUNTY,445,36 Years,134,82,52,62,35,27,11,10,1,1,1,0,60,36,24
TERRY COUNTY,445,37 Years,127,76,51,60,36,24,6,6,0,2,0,2,59,34,25
TERRY COUNTY,445,38 Years,118,58,60,48,19,29,5,5,0,2,1,1,63,33,30
TERRY COUNTY,445,39 Years,141,89,52,57,39,18,10,8,2,2,1,1,72,41,31
TERRY COUNTY,445,40 Years,144,92,52,73,46,27,6,6,0,0,0,0,65,40,25
TERRY COUNTY,445,41 Years,155,88,67,69,38,31,8,7,1,0,0,0,78,43,35
TERRY COUNTY,445,42 Years,147,83,64,57,35,22,6,4,2,3,2,1,81,42,39
TERRY COUNTY,445,43 Years,132,65,67,52,26,26,6,4,2,2,1,1,72,34,38
TERRY COUNTY,445,44 Years,146,78,68,63,33,30,5,5,0,0,0,0,78,40,38
TERRY COUNTY,445,45 Years,158,82,76,71,38,33,5,4,1,2,0,2,80,40,40
TERRY COUNTY,445,46 Years,140,71,69,61,28,33,6,5,1,1,0,1,72,38,34
TERRY COUNTY,445,47 Years,172,96,76,65,33,32,8,6,2,1,1,0,98,56,42
TERRY COUNTY,445,48 Years,178,98,80,68,34,34,7,4,3,1,1,0,102,59,43
TERRY COUNTY,445,49 Years,195,105,90,94,48,46,10,7,3,2,1,1,89,49,40
TERRY COUNTY,445,50 Years,174,92,82,98,51,47,7,4,3,0,0,0,69,37,32
TERRY COUNTY,445,51 Years,163,102,61,82,52,30,6,4,2,0,0,0,75,46,29
TERRY COUNTY,445,52 Years,172,94,78,90,48,42,7,5,2,1,1,0,74,40,34
TERRY COUNTY,445,53 Years,176,84,92,93,47,46,8,5,3,1,1,0,74,31,43
TERRY COUNTY,445,54 Years,185,102,83,98,54,44,10,5,5,2,2,0,75,41,34
TERRY COUNTY,445,55 Years,157,76,81,79,38,41,3,0,3,1,0,1,74,38,36
TERRY COUNTY,445,56 Years,154,81,73,81,41,40,5,4,1,1,1,0,67,35,32
TERRY COUNTY,445,57 Years,171,90,81,102,55,47,5,3,2,0,0,0,64,32,32
TERRY COUNTY,445,58 Years,135,68,67,79,39,40,2,2,0,4,1,3,50,26,24
TERRY COUNTY,445,59 Years,126,60,66,75,33,42,4,3,1,1,0,1,46,24,22
TERRY COUNTY,445,60 Years,139,74,65,82,45,37,4,2,2,1,0,1,52,27,25
TERRY COUNTY,445,61 Years,149,77,72,85,43,42,9,7,2,1,0,1,54,27,27
TERRY COUNTY,445,62 Years,127,66,61,81,39,42,1,0,1,0,0,0,45,27,18
TERRY COUNTY,445,63 Years,120,67,53,65,33,32,4,3,1,1,1,0,50,30,20
TERRY COUNTY,445,64 Years,117,55,62,76,37,39,2,0,2,1,0,1,38,18,20
TERRY COUNTY,445,65 Years,112,51,61,69,35,34,3,1,2,2,1,1,38,14,24
TERRY COUNTY,445,66 Years,103,49,54,60,31,29,3,2,1,1,1,0,39,15,24
TERRY COUNTY,445,67 Years,112,56,56,60,28,32,3,1,2,2,2,0,47,25,22
TERRY COUNTY,445,68 Years,118,58,60,72,33,39,4,2,2,2,2,0,40,21,19
TERRY COUNTY,445,69 Years,96,49,47,62,28,34,5,3,2,0,0,0,29,18,11
TERRY COUNTY,445,70 Years,103,48,55,68,29,39,5,1,4,2,2,0,28,16,12
TERRY COUNTY,445,71 Years,103,49,54,64,29,35,3,1,2,1,0,1,35,19,16
TERRY COUNTY,445,72 Years,82,37,45,56,27,29,1,1,0,1,0,1,24,9,15
TERRY COUNTY,445,73 Years,71,32,39,50,26,24,0,0,0,0,0,0,21,6,15
TERRY COUNTY,445,74 Years,82,39,43,59,28,31,2,2,0,0,0,0,21,9,12
TERRY COUNTY,445,75 Years,78,29,49,54,20,34,2,1,1,0,0,0,22,8,14
TERRY COUNTY,445,76 Years,90,39,51,61,25,36,1,0,1,1,1,0,27,13,14
TERRY COUNTY,445,77 Years,89,32,57,66,25,41,0,0,0,2,0,2,21,7,14
TERRY COUNTY,445,78 Years,73,32,41,50,20,30,2,2,0,0,0,0,21,10,11
TERRY COUNTY,445,79 Years,59,27,32,37,16,21,0,0,0,0,0,0,22,11,11
TERRY COUNTY,445,80 Years,60,25,35,47,19,28,0,0,0,0,0,0,13,6,7
TERRY COUNTY,445,81 Years,59,23,36,48,19,29,0,0,0,0,0,0,11,4,7
TERRY COUNTY,445,82 Years,58,22,36,42,15,27,2,1,1,0,0,0,14,6,8
TERRY COUNTY,445,83 Years,52,21,31,41,14,27,2,1,1,0,0,0,9,6,3
TERRY COUNTY,445,84 Years,42,21,21,35,16,19,0,0,0,0,0,0,7,5,2
TERRY COUNTY,445,85 Years +,238,83,155,192,67,125,7,1,6,1,0,1,38,15,23
THROCKMORTON COUNTY,447,All Ages,1657,820,837,1461,735,726,10,2,8,25,11,14,161,72,89
THROCKMORTON COUNTY,447,< 1 Year,14,7,7,14,7,7,0,0,0,0,0,0,0,0,0
THROCKMORTON COUNTY,447,1 Years,13,9,4,12,8,4,0,0,0,0,0,0,1,1,0
THROCKMORTON COUNTY,447,2 Years,14,9,5,11,7,4,0,0,0,0,0,0,3,2,1
THROCKMORTON COUNTY,447,3 Years,20,7,13,15,5,10,2,0,2,0,0,0,3,2,1
THROCKMORTON COUNTY,447,4 Years,18,8,10,13,6,7,0,0,0,0,0,0,5,2,3
THROCKMORTON COUNTY,447,5 Years,23,12,11,19,10,9,0,0,0,0,0,0,4,2,2
THROCKMORTON COUNTY,447,6 Years,18,10,8,16,9,7,0,0,0,0,0,0,2,1,1
THROCKMORTON COUNTY,447,7 Years,19,9,10,16,9,7,0,0,0,0,0,0,3,0,3
THROCKMORTON COUNTY,447,8 Years,14,6,8,11,6,5,1,0,1,0,0,0,2,0,2
THROCKMORTON COUNTY,447,9 Years,21,11,10,16,9,7,1,0,1,1,0,1,3,2,1
THROCKMORTON COUNTY,447,10 Years,14,6,8,11,5,6,0,0,0,0,0,0,3,1,2
THROCKMORTON COUNTY,447,11 Years,18,5,13,13,5,8,0,0,0,1,0,1,4,0,4
THROCKMORTON COUNTY,447,12 Years,20,10,10,16,9,7,0,0,0,0,0,0,4,1,3
THROCKMORTON COUNTY,447,13 Years,26,15,11,21,12,9,0,0,0,0,0,0,5,3,2
THROCKMORTON COUNTY,447,14 Years,14,7,7,11,6,5,0,0,0,0,0,0,3,1,2
THROCKMORTON COUNTY,447,15 Years,20,12,8,16,11,5,0,0,0,1,0,1,3,1,2
THROCKMORTON COUNTY,447,16 Years,27,20,7,20,13,7,0,0,0,1,1,0,6,6,0
THROCKMORTON COUNTY,447,17 Years,29,18,11,26,16,10,0,0,0,1,1,0,2,1,1
THROCKMORTON COUNTY,447,18 Years,26,15,11,23,12,11,1,1,0,1,1,0,1,1,0
THROCKMORTON COUNTY,447,19 Years,27,12,15,23,9,14,0,0,0,1,1,0,3,2,1
THROCKMORTON COUNTY,447,20 Years,20,9,11,16,8,8,1,0,1,0,0,0,3,1,2
THROCKMORTON COUNTY,447,21 Years,14,9,5,12,8,4,0,0,0,0,0,0,2,1,1
THROCKMORTON COUNTY,447,22 Years,10,6,4,9,5,4,0,0,0,0,0,0,1,1,0
THROCKMORTON COUNTY,447,23 Years,11,5,6,9,5,4,0,0,0,0,0,0,2,0,2
THROCKMORTON COUNTY,447,24 Years,15,6,9,13,6,7,0,0,0,0,0,0,2,0,2
THROCKMORTON COUNTY,447,25 Years,16,9,7,15,9,6,0,0,0,0,0,0,1,0,1
THROCKMORTON COUNTY,447,26 Years,11,7,4,11,7,4,0,0,0,0,0,0,0,0,0
THROCKMORTON COUNTY,447,27 Years,8,6,2,8,6,2,0,0,0,0,0,0,0,0,0
THROCKMORTON COUNTY,447,28 Years,16,9,7,14,9,5,0,0,0,0,0,0,2,0,2
THROCKMORTON COUNTY,447,29 Years,21,9,12,17,6,11,0,0,0,1,0,1,3,3,0
THROCKMORTON COUNTY,447,30 Years,21,8,13,17,7,10,0,0,0,0,0,0,4,1,3
THROCKMORTON COUNTY,447,31 Years,13,7,6,12,7,5,0,0,0,0,0,0,1,0,1
THROCKMORTON COUNTY,447,32 Years,16,8,8,13,5,8,0,0,0,0,0,0,3,3,0
THROCKMORTON COUNTY,447,33 Years,9,5,4,8,4,4,0,0,0,0,0,0,1,1,0
THROCKMORTON COUNTY,447,34 Years,17,6,11,14,6,8,0,0,0,0,0,0,3,0,3
THROCKMORTON COUNTY,447,35 Years,17,11,6,13,8,5,0,0,0,0,0,0,4,3,1
THROCKMORTON COUNTY,447,36 Years,15,9,6,12,7,5,0,0,0,0,0,0,3,2,1
THROCKMORTON COUNTY,447,37 Years,11,6,5,9,5,4,0,0,0,0,0,0,2,1,1
THROCKMORTON COUNTY,447,38 Years,16,6,10,14,5,9,0,0,0,0,0,0,2,1,1
THROCKMORTON COUNTY,447,39 Years,18,6,12,13,5,8,0,0,0,0,0,0,5,1,4
THROCKMORTON COUNTY,447,40 Years,18,9,9,14,8,6,1,0,1,1,0,1,2,1,1
THROCKMORTON COUNTY,447,41 Years,19,11,8,18,10,8,0,0,0,0,0,0,1,1,0
THROCKMORTON COUNTY,447,42 Years,16,8,8,15,8,7,0,0,0,0,0,0,1,0,1
THROCKMORTON COUNTY,447,43 Years,17,10,7,16,9,7,0,0,0,0,0,0,1,1,0
THROCKMORTON COUNTY,447,44 Years,19,11,8,16,10,6,1,0,1,0,0,0,2,1,1
THROCKMORTON COUNTY,447,45 Years,20,11,9,19,11,8,1,0,1,0,0,0,0,0,0
THROCKMORTON COUNTY,447,46 Years,14,8,6,13,8,5,0,0,0,0,0,0,1,0,1
THROCKMORTON COUNTY,447,47 Years,25,8,17,23,8,15,0,0,0,0,0,0,2,0,2
THROCKMORTON COUNTY,447,48 Years,25,11,14,22,10,12,0,0,0,0,0,0,3,1,2
THROCKMORTON COUNTY,447,49 Years,30,14,16,27,13,14,0,0,0,0,0,0,3,1,2
THROCKMORTON COUNTY,447,50 Years,30,17,13,25,14,11,0,0,0,1,0,1,4,3,1
THROCKMORTON COUNTY,447,51 Years,25,16,9,22,14,8,0,0,0,1,0,1,2,2,0
THROCKMORTON COUNTY,447,52 Years,21,9,12,19,9,10,0,0,0,0,0,0,2,0,2
THROCKMORTON COUNTY,447,53 Years,26,13,13,24,13,11,0,0,0,0,0,0,2,0,2
THROCKMORTON COUNTY,447,54 Years,28,13,15,25,12,13,0,0,0,0,0,0,3,1,2
THROCKMORTON COUNTY,447,55 Years,24,11,13,23,10,13,0,0,0,0,0,0,1,1,0
THROCKMORTON COUNTY,447,56 Years,15,7,8,14,6,8,0,0,0,1,1,0,0,0,0
THROCKMORTON COUNTY,447,57 Years,21,10,11,19,10,9,0,0,0,1,0,1,1,0,1
THROCKMORTON COUNTY,447,58 Years,24,12,12,23,11,12,0,0,0,1,1,0,0,0,0
THROCKMORTON COUNTY,447,59 Years,17,9,8,16,8,8,0,0,0,1,1,0,0,0,0
THROCKMORTON COUNTY,447,60 Years,19,13,6,17,12,5,0,0,0,0,0,0,2,1,1
THROCKMORTON COUNTY,447,61 Years,21,10,11,19,8,11,0,0,0,0,0,0,2,2,0
THROCKMORTON COUNTY,447,62 Years,23,8,15,22,8,14,0,0,0,0,0,0,1,0,1
THROCKMORTON COUNTY,447,63 Years,24,11,13,23,10,13,0,0,0,1,1,0,0,0,0
THROCKMORTON COUNTY,447,64 Years,23,12,11,22,11,11,0,0,0,0,0,0,1,1,0
THROCKMORTON COUNTY,447,65 Years,27,17,10,25,17,8,0,0,0,0,0,0,2,0,2
THROCKMORTON COUNTY,447,66 Years,16,8,8,15,8,7,0,0,0,0,0,0,1,0,1
THROCKMORTON COUNTY,447,67 Years,18,6,12,15,6,9,0,0,0,2,0,2,1,0,1
THROCKMORTON COUNTY,447,68 Years,25,11,14,23,10,13,0,0,0,1,0,1,1,1,0
THROCKMORTON COUNTY,447,69 Years,17,7,10,17,7,10,0,0,0,0,0,0,0,0,0
THROCKMORTON COUNTY,447,70 Years,17,7,10,17,7,10,0,0,0,0,0,0,0,0,0
THROCKMORTON COUNTY,447,71 Years,28,15,13,24,12,12,1,1,0,1,1,0,2,1,1
THROCKMORTON COUNTY,447,72 Years,24,9,15,20,9,11,0,0,0,1,0,1,3,0,3
THROCKMORTON COUNTY,447,73 Years,19,5,14,16,4,12,0,0,0,1,0,1,2,1,1
THROCKMORTON COUNTY,447,74 Years,23,9,14,20,7,13,0,0,0,0,0,0,3,2,1
THROCKMORTON COUNTY,447,75 Years,23,13,10,23,13,10,0,0,0,0,0,0,0,0,0
THROCKMORTON COUNTY,447,76 Years,19,12,7,19,12,7,0,0,0,0,0,0,0,0,0
THROCKMORTON COUNTY,447,77 Years,16,8,8,16,8,8,0,0,0,0,0,0,0,0,0
THROCKMORTON COUNTY,447,78 Years,21,9,12,19,8,11,0,0,0,1,1,0,1,0,1
THROCKMORTON COUNTY,447,79 Years,15,8,7,15,8,7,0,0,0,0,0,0,0,0,0
THROCKMORTON COUNTY,447,80 Years,12,5,7,12,5,7,0,0,0,0,0,0,0,0,0
THROCKMORTON COUNTY,447,81 Years,12,5,7,11,5,6,0,0,0,1,0,1,0,0,0
THROCKMORTON COUNTY,447,82 Years,13,5,8,12,5,7,0,0,0,0,0,0,1,0,1
THROCKMORTON COUNTY,447,83 Years,11,4,7,10,3,7,0,0,0,1,1,0,0,0,0
THROCKMORTON COUNTY,447,84 Years,8,3,5,8,3,5,0,0,0,0,0,0,0,0,0
THROCKMORTON COUNTY,447,85 Years +,59,27,32,56,25,31,0,0,0,0,0,0,3,2,1
TITUS COUNTY,449,All Ages,32922,16319,16603,15694,7592,8102,3021,1426,1595,666,308,358,13541,6993,6548
TITUS COUNTY,449,< 1 Year,495,253,242,157,84,73,37,18,19,12,6,6,289,145,144
TITUS COUNTY,449,1 Years,520,265,255,171,87,84,39,20,19,8,5,3,302,153,149
TITUS COUNTY,449,2 Years,570,291,279,172,88,84,38,24,14,16,8,8,344,171,173
TITUS COUNTY,449,3 Years,567,276,291,165,85,80,42,22,20,17,5,12,343,164,179
TITUS COUNTY,449,4 Years,605,289,316,182,91,91,43,22,21,18,3,15,362,173,189
TITUS COUNTY,449,5 Years,597,298,299,197,98,99,45,22,23,17,7,10,338,171,167
TITUS COUNTY,449,6 Years,579,286,293,178,88,90,41,22,19,15,7,8,345,169,176
TITUS COUNTY,449,7 Years,530,269,261,165,86,79,44,21,23,17,7,10,304,155,149
TITUS COUNTY,449,8 Years,545,266,279,175,84,91,47,26,21,16,7,9,307,149,158
TITUS COUNTY,449,9 Years,523,249,274,165,84,81,46,22,24,14,5,9,298,138,160
TITUS COUNTY,449,10 Years,533,280,253,175,94,81,45,22,23,14,7,7,299,157,142
TITUS COUNTY,449,11 Years,553,299,254,180,96,84,47,26,21,19,9,10,307,168,139
TITUS COUNTY,449,12 Years,508,260,248,175,91,84,35,19,16,16,6,10,282,144,138
TITUS COUNTY,449,13 Years,528,287,241,198,109,89,45,19,26,13,4,9,272,155,117
TITUS COUNTY,449,14 Years,521,277,244,192,107,85,45,22,23,11,5,6,273,143,130
TITUS COUNTY,449,15 Years,542,262,280,199,97,102,48,26,22,10,2,8,285,137,148
TITUS COUNTY,449,16 Years,567,284,283,211,107,104,61,27,34,11,6,5,284,144,140
TITUS COUNTY,449,17 Years,544,277,267,202,101,101,51,25,26,7,4,3,284,147,137
TITUS COUNTY,449,18 Years,547,275,272,187,92,95,41,22,19,15,7,8,304,154,150
TITUS COUNTY,449,19 Years,521,275,246,174,89,85,51,27,24,11,7,4,285,152,133
TITUS COUNTY,449,20 Years,462,249,213,155,77,78,51,31,20,4,3,1,252,138,114
TITUS COUNTY,449,21 Years,493,275,218,199,104,95,44,24,20,8,5,3,242,142,100
TITUS COUNTY,449,22 Years,483,252,231,198,99,99,43,25,18,10,3,7,232,125,107
TITUS COUNTY,449,23 Years,478,229,249,170,75,95,55,30,25,10,4,6,243,120,123
TITUS COUNTY,449,24 Years,443,208,235,169,76,93,41,20,21,6,1,5,227,111,116
TITUS COUNTY,449,25 Years,412,201,211,147,65,82,34,17,17,7,3,4,224,116,108
TITUS COUNTY,449,26 Years,419,206,213,169,76,93,34,18,16,4,3,1,212,109,103
TITUS COUNTY,449,27 Years,412,213,199,164,80,84,33,16,17,5,3,2,210,114,96
TITUS COUNTY,449,28 Years,388,201,187,145,73,72,40,20,20,5,1,4,198,107,91
TITUS COUNTY,449,29 Years,415,220,195,166,92,74,38,21,17,4,2,2,207,105,102
TITUS COUNTY,449,30 Years,426,227,199,180,93,87,40,23,17,6,2,4,200,109,91
TITUS COUNTY,449,31 Years,428,205,223,177,84,93,34,19,15,8,3,5,209,99,110
TITUS COUNTY,449,32 Years,419,194,225,173,74,99,33,16,17,13,4,9,200,100,100
TITUS COUNTY,449,33 Years,408,192,216,162,67,95,39,21,18,11,3,8,196,101,95
TITUS COUNTY,449,34 Years,418,208,210,154,71,83,40,19,21,10,6,4,214,112,102
TITUS COUNTY,449,35 Years,416,209,207,165,78,87,35,14,21,12,8,4,204,109,95
TITUS COUNTY,449,36 Years,390,193,197,157,83,74,36,17,19,7,4,3,190,89,101
TITUS COUNTY,449,37 Years,420,219,201,158,86,72,30,15,15,9,5,4,223,113,110
TITUS COUNTY,449,38 Years,405,203,202,157,85,72,40,21,19,5,2,3,203,95,108
TITUS COUNTY,449,39 Years,429,211,218,183,101,82,42,15,27,6,4,2,198,91,107
TITUS COUNTY,449,40 Years,409,199,210,168,83,85,30,8,22,6,5,1,205,103,102
TITUS COUNTY,449,41 Years,413,206,207,191,96,95,38,14,24,9,5,4,175,91,84
TITUS COUNTY,449,42 Years,433,220,213,184,91,93,42,18,24,11,5,6,196,106,90
TITUS COUNTY,449,43 Years,425,221,204,179,87,92,50,22,28,10,6,4,186,106,80
TITUS COUNTY,449,44 Years,398,202,196,167,84,83,47,21,26,7,4,3,177,93,84
TITUS COUNTY,449,45 Years,417,199,218,196,86,110,47,19,28,8,4,4,166,90,76
TITUS COUNTY,449,46 Years,418,206,212,205,90,115,43,20,23,5,4,1,165,92,73
TITUS COUNTY,449,47 Years,409,201,208,214,97,117,39,18,21,7,4,3,149,82,67
TITUS COUNTY,449,48 Years,437,226,211,227,115,112,44,18,26,7,2,5,159,91,68
TITUS COUNTY,449,49 Years,442,221,221,242,124,118,46,20,26,9,3,6,145,74,71
TITUS COUNTY,449,50 Years,410,197,213,234,115,119,45,19,26,8,2,6,123,61,62
TITUS COUNTY,449,51 Years,383,181,202,233,107,126,40,16,24,7,5,2,103,53,50
TITUS COUNTY,449,52 Years,401,195,206,245,120,125,48,22,26,7,2,5,101,51,50
TITUS COUNTY,449,53 Years,367,191,176,226,108,118,42,23,19,5,3,2,94,57,37
TITUS COUNTY,449,54 Years,372,188,184,236,112,124,34,17,17,8,6,2,94,53,41
TITUS COUNTY,449,55 Years,357,180,177,235,114,121,35,18,17,4,3,1,83,45,38
TITUS COUNTY,449,56 Years,348,149,199,231,95,136,40,14,26,8,4,4,69,36,33
TITUS COUNTY,449,57 Years,356,169,187,230,105,125,46,21,25,8,4,4,72,39,33
TITUS COUNTY,449,58 Years,347,179,168,231,119,112,37,16,21,9,4,5,70,40,30
TITUS COUNTY,449,59 Years,334,176,158,230,117,113,36,19,17,10,5,5,58,35,23
TITUS COUNTY,449,60 Years,342,168,174,249,121,128,33,16,17,8,5,3,52,26,26
TITUS COUNTY,449,61 Years,342,167,175,232,110,122,42,19,23,8,4,4,60,34,26
TITUS COUNTY,449,62 Years,324,151,173,248,115,133,33,15,18,5,2,3,38,19,19
TITUS COUNTY,449,63 Years,300,145,155,233,116,117,27,10,17,2,0,2,38,19,19
TITUS COUNTY,449,64 Years,324,155,169,246,116,130,27,9,18,4,0,4,47,30,17
TITUS COUNTY,449,65 Years,306,144,162,245,111,134,25,12,13,3,1,2,33,20,13
TITUS COUNTY,449,66 Years,258,123,135,196,97,99,29,11,18,4,1,3,29,14,15
TITUS COUNTY,449,67 Years,235,116,119,177,87,90,15,5,10,6,4,2,37,20,17
TITUS COUNTY,449,68 Years,249,114,135,196,89,107,23,12,11,4,3,1,26,10,16
TITUS COUNTY,449,69 Years,219,114,105,175,89,86,18,11,7,6,2,4,20,12,8
TITUS COUNTY,449,70 Years,222,107,115,174,85,89,19,8,11,8,4,4,21,10,11
TITUS COUNTY,449,71 Years,236,110,126,186,91,95,25,8,17,4,2,2,21,9,12
TITUS COUNTY,449,72 Years,189,92,97,152,77,75,18,6,12,2,1,1,17,8,9
TITUS COUNTY,449,73 Years,182,90,92,144,70,74,17,6,11,2,1,1,19,13,6
TITUS COUNTY,449,74 Years,168,78,90,138,62,76,13,5,8,2,1,1,15,10,5
TITUS COUNTY,449,75 Years,158,73,85,131,60,71,11,4,7,4,2,2,12,7,5
TITUS COUNTY,449,76 Years,146,68,78,119,56,63,14,5,9,3,2,1,10,5,5
TITUS COUNTY,449,77 Years,140,70,70,108,55,53,19,7,12,2,2,0,11,6,5
TITUS COUNTY,449,78 Years,118,53,65,98,45,53,15,5,10,1,1,0,4,2,2
TITUS COUNTY,449,79 Years,125,58,67,102,47,55,17,7,10,1,1,0,5,3,2
TITUS COUNTY,449,80 Years,112,48,64,96,39,57,9,3,6,1,1,0,6,5,1
TITUS COUNTY,449,81 Years,116,43,73,93,31,62,12,6,6,1,1,0,10,5,5
TITUS COUNTY,449,82 Years,112,52,60,95,45,50,9,4,5,0,0,0,8,3,5
TITUS COUNTY,449,83 Years,91,43,48,78,36,42,8,4,4,0,0,0,5,3,2
TITUS COUNTY,449,84 Years,85,39,46,76,34,42,5,3,2,0,0,0,4,2,2
TITUS COUNTY,449,85 Years +,488,159,329,435,146,289,36,6,30,5,1,4,12,6,6
TOM GREEN COUNTY,451,All Ages,111983,54883,57100,63788,31162,32626,4051,2153,1898,3252,1531,1721,40892,20037,20855
TOM GREEN COUNTY,451,< 1 Year,1512,755,757,793,400,393,42,19,23,30,15,15,647,321,326
TOM GREEN COUNTY,451,1 Years,1650,837,813,827,420,407,51,25,26,37,19,18,735,373,362
TOM GREEN COUNTY,451,2 Years,1545,777,768,664,328,336,43,21,22,47,24,23,791,404,387
TOM GREEN COUNTY,451,3 Years,1531,761,770,631,308,323,42,19,23,66,37,29,792,397,395
TOM GREEN COUNTY,451,4 Years,1591,824,767,683,359,324,61,33,28,53,27,26,794,405,389
TOM GREEN COUNTY,451,5 Years,1626,846,780,675,346,329,57,33,24,59,29,30,835,438,397
TOM GREEN COUNTY,451,6 Years,1502,764,738,620,317,303,43,22,21,54,28,26,785,397,388
TOM GREEN COUNTY,451,7 Years,1518,785,733,654,342,312,47,22,25,60,35,25,757,386,371
TOM GREEN COUNTY,451,8 Years,1487,757,730,627,325,302,42,23,19,59,31,28,759,378,381
TOM GREEN COUNTY,451,9 Years,1430,730,700,589,302,287,49,29,20,43,21,22,749,378,371
TOM GREEN COUNTY,451,10 Years,1395,717,678,606,311,295,53,30,23,48,23,25,688,353,335
TOM GREEN COUNTY,451,11 Years,1450,746,704,612,319,293,41,21,20,49,23,26,748,383,365
TOM GREEN COUNTY,451,12 Years,1452,737,715,635,340,295,37,19,18,51,17,34,729,361,368
TOM GREEN COUNTY,451,13 Years,1418,731,687,653,336,317,37,22,15,55,26,29,673,347,326
TOM GREEN COUNTY,451,14 Years,1401,711,690,633,311,322,47,28,19,46,24,22,675,348,327
TOM GREEN COUNTY,451,15 Years,1351,700,651,634,341,293,41,24,17,48,22,26,628,313,315
TOM GREEN COUNTY,451,16 Years,1329,682,647,595,294,301,44,24,20,40,20,20,650,344,306
TOM GREEN COUNTY,451,17 Years,1458,754,704,673,351,322,60,26,34,54,31,23,671,346,325
TOM GREEN COUNTY,451,18 Years,2062,965,1097,1056,464,592,106,54,52,52,24,28,848,423,425
TOM GREEN COUNTY,451,19 Years,2643,1365,1278,1398,734,664,170,97,73,57,27,30,1018,507,511
TOM GREEN COUNTY,451,20 Years,2314,1222,1092,1197,668,529,155,84,71,91,49,42,871,421,450
TOM GREEN COUNTY,451,21 Years,2270,1202,1068,1223,662,561,118,75,43,90,48,42,839,417,422
TOM GREEN COUNTY,451,22 Years,2249,1152,1097,1284,649,635,114,71,43,96,48,48,755,384,371
TOM GREEN COUNTY,451,23 Years,1934,1016,918,1067,583,484,91,45,46,69,38,31,707,350,357
TOM GREEN COUNTY,451,24 Years,1752,973,779,931,560,371,96,55,41,70,37,33,655,321,334
TOM GREEN COUNTY,451,25 Years,1584,849,735,802,446,356,67,38,29,66,37,29,649,328,321
TOM GREEN COUNTY,451,26 Years,1578,830,748,815,424,391,75,44,31,50,28,22,638,334,304
TOM GREEN COUNTY,451,27 Years,1669,877,792,911,478,433,79,43,36,48,30,18,631,326,305
TOM GREEN COUNTY,451,28 Years,1672,824,848,895,420,475,69,38,31,50,31,19,658,335,323
TOM GREEN COUNTY,451,29 Years,1615,777,838,857,406,451,68,34,34,52,31,21,638,306,332
TOM GREEN COUNTY,451,30 Years,1491,726,765,796,381,415,64,36,28,37,19,18,594,290,304
TOM GREEN COUNTY,451,31 Years,1479,746,733,795,395,400,62,36,26,45,25,20,577,290,287
TOM GREEN COUNTY,451,32 Years,1456,755,701,784,415,369,65,38,27,40,26,14,567,276,291
TOM GREEN COUNTY,451,33 Years,1274,616,658,696,352,344,56,34,22,31,18,13,491,212,279
TOM GREEN COUNTY,451,34 Years,1259,619,640,690,350,340,48,31,17,43,25,18,478,213,265
TOM GREEN COUNTY,451,35 Years,1190,598,592,653,326,327,34,21,13,40,21,19,463,230,233
TOM GREEN COUNTY,451,36 Years,1162,583,579,646,323,323,32,21,11,31,18,13,453,221,232
TOM GREEN COUNTY,451,37 Years,1161,573,588,628,328,300,34,20,14,50,18,32,449,207,242
TOM GREEN COUNTY,451,38 Years,1164,553,611,613,294,319,38,21,17,47,19,28,466,219,247
TOM GREEN COUNTY,451,39 Years,1158,546,612,604,279,325,36,22,14,48,19,29,470,226,244
TOM GREEN COUNTY,451,40 Years,1227,609,618,653,330,323,38,19,19,39,17,22,497,243,254
TOM GREEN COUNTY,451,41 Years,1232,608,624,671,334,337,32,14,18,43,19,24,486,241,245
TOM GREEN COUNTY,451,42 Years,1288,627,661,723,352,371,33,18,15,36,15,21,496,242,254
TOM GREEN COUNTY,451,43 Years,1175,589,586,642,333,309,36,21,15,33,15,18,464,220,244
TOM GREEN COUNTY,451,44 Years,1213,601,612,678,354,324,35,15,20,33,13,20,467,219,248
TOM GREEN COUNTY,451,45 Years,1217,581,636,669,321,348,48,26,22,35,12,23,465,222,243
TOM GREEN COUNTY,451,46 Years,1204,562,642,673,300,373,46,26,20,31,15,16,454,221,233
TOM GREEN COUNTY,451,47 Years,1307,622,685,769,372,397,45,25,20,31,12,19,462,213,249
TOM GREEN COUNTY,451,48 Years,1351,632,719,809,377,432,44,27,17,32,12,20,466,216,250
TOM GREEN COUNTY,451,49 Years,1405,670,735,837,394,443,51,26,25,36,16,20,481,234,247
TOM GREEN COUNTY,451,50 Years,1481,720,761,856,417,439,52,21,31,32,14,18,541,268,273
TOM GREEN COUNTY,451,51 Years,1472,701,771,885,419,466,53,25,28,28,8,20,506,249,257
TOM GREEN COUNTY,451,52 Years,1452,692,760,912,419,493,54,28,26,26,12,14,460,233,227
TOM GREEN COUNTY,451,53 Years,1475,711,764,947,451,496,57,33,24,31,16,15,440,211,229
TOM GREEN COUNTY,451,54 Years,1475,678,797,942,432,510,52,30,22,35,12,23,446,204,242
TOM GREEN COUNTY,451,55 Years,1451,665,786,925,421,504,45,21,24,38,13,25,443,210,233
TOM GREEN COUNTY,451,56 Years,1388,682,706,884,439,445,64,33,31,28,11,17,412,199,213
TOM GREEN COUNTY,451,57 Years,1431,694,737,957,469,488,42,19,23,37,16,21,395,190,205
TOM GREEN COUNTY,451,58 Years,1344,641,703,908,433,475,38,20,18,28,11,17,370,177,193
TOM GREEN COUNTY,451,59 Years,1370,652,718,925,445,480,48,24,24,29,11,18,368,172,196
TOM GREEN COUNTY,451,60 Years,1315,625,690,889,431,458,47,23,24,30,12,18,349,159,190
TOM GREEN COUNTY,451,61 Years,1229,587,642,817,395,422,44,22,22,29,11,18,339,159,180
TOM GREEN COUNTY,451,62 Years,1246,608,638,845,421,424,43,25,18,29,8,21,329,154,175
TOM GREEN COUNTY,451,63 Years,1129,551,578,775,370,405,42,23,19,32,13,19,280,145,135
TOM GREEN COUNTY,451,64 Years,1183,569,614,837,402,435,32,16,16,30,13,17,284,138,146
TOM GREEN COUNTY,451,65 Years,1211,569,642,876,414,462,27,13,14,28,9,19,280,133,147
TOM GREEN COUNTY,451,66 Years,951,452,499,679,332,347,24,10,14,22,9,13,226,101,125
TOM GREEN COUNTY,451,67 Years,883,410,473,610,287,323,30,15,15,21,9,12,222,99,123
TOM GREEN COUNTY,451,68 Years,938,434,504,683,319,364,27,12,15,16,6,10,212,97,115
TOM GREEN COUNTY,451,69 Years,833,385,448,609,283,326,23,10,13,15,6,9,186,86,100
TOM GREEN COUNTY,451,70 Years,806,399,407,586,288,298,22,10,12,14,5,9,184,96,88
TOM GREEN COUNTY,451,71 Years,755,362,393,563,270,293,17,8,9,17,7,10,158,77,81
TOM GREEN COUNTY,451,72 Years,741,336,405,583,265,318,15,10,5,17,9,8,126,52,74
TOM GREEN COUNTY,451,73 Years,686,301,385,528,236,292,17,11,6,16,8,8,125,46,79
TOM GREEN COUNTY,451,74 Years,703,305,398,531,238,293,19,11,8,17,6,11,136,50,86
TOM GREEN COUNTY,451,75 Years,644,278,366,488,215,273,20,9,11,7,2,5,129,52,77
TOM GREEN COUNTY,451,76 Years,658,281,377,492,210,282,23,9,14,12,4,8,131,58,73
TOM GREEN COUNTY,451,77 Years,632,277,355,500,224,276,17,8,9,11,2,9,104,43,61
TOM GREEN COUNTY,451,78 Years,620,279,341,477,213,264,15,7,8,13,6,7,115,53,62
TOM GREEN COUNTY,451,79 Years,601,248,353,462,191,271,15,6,9,9,3,6,115,48,67
TOM GREEN COUNTY,451,80 Years,518,223,295,400,169,231,13,3,10,11,4,7,94,47,47
TOM GREEN COUNTY,451,81 Years,501,221,280,391,167,224,10,4,6,13,4,9,87,46,41
TOM GREEN COUNTY,451,82 Years,478,200,278,384,166,218,10,2,8,10,4,6,74,28,46
TOM GREEN COUNTY,451,83 Years,405,182,223,323,147,176,9,2,7,8,3,5,65,30,35
TOM GREEN COUNTY,451,84 Years,372,154,218,293,119,174,12,4,8,7,1,6,60,30,30
TOM GREEN COUNTY,451,85 Years +,2205,729,1476,1757,591,1166,51,11,40,55,9,46,342,118,224
TRAVIS COUNTY,453,All Ages,1072138,541152,530986,533399,268786,264613,85469,41304,44165,87483,43271,44212,365787,187791,177996
TRAVIS COUNTY,453,< 1 Year,15767,8054,7713,6080,3113,2967,1155,581,574,1416,727,689,7116,3633,3483
TRAVIS COUNTY,453,1 Years,17051,8657,8394,6861,3488,3373,1211,609,602,1355,688,667,7624,3872,3752
TRAVIS COUNTY,453,2 Years,16190,8282,7908,5817,3030,2787,1162,571,591,1380,694,686,7831,3987,3844
TRAVIS COUNTY,453,3 Years,15480,7935,7545,5303,2742,2561,1136,567,569,1426,728,698,7615,3898,3717
TRAVIS COUNTY,453,4 Years,15484,7908,7576,5233,2729,2504,1187,612,575,1439,718,721,7625,3849,3776
TRAVIS COUNTY,453,5 Years,15338,7783,7555,5227,2703,2524,1228,615,613,1398,715,683,7485,3750,3735
TRAVIS COUNTY,453,6 Years,15099,7685,7414,5216,2666,2550,1214,605,609,1401,711,690,7268,3703,3565
TRAVIS COUNTY,453,7 Years,14881,7544,7337,5074,2563,2511,1185,587,598,1454,713,741,7168,3681,3487
TRAVIS COUNTY,453,8 Years,14599,7410,7189,5119,2648,2471,1140,558,582,1365,674,691,6975,3530,3445
TRAVIS COUNTY,453,9 Years,14530,7413,7117,5200,2701,2499,1156,581,575,1315,652,663,6859,3479,3380
TRAVIS COUNTY,453,10 Years,14215,7292,6923,5073,2613,2460,1228,642,586,1282,622,660,6632,3415,3217
TRAVIS COUNTY,453,11 Years,13952,7125,6827,4899,2538,2361,1258,643,615,1233,595,638,6562,3349,3213
TRAVIS COUNTY,453,12 Years,13684,7016,6668,4822,2516,2306,1273,660,613,1114,543,571,6475,3297,3178
TRAVIS COUNTY,453,13 Years,13079,6710,6369,4668,2374,2294,1260,656,604,1057,546,511,6094,3134,2960
TRAVIS COUNTY,453,14 Years,12711,6587,6124,4598,2373,2225,1244,674,570,1081,541,540,5788,2999,2789
TRAVIS COUNTY,453,15 Years,12452,6368,6084,4627,2354,2273,1271,659,612,1022,492,530,5532,2863,2669
TRAVIS COUNTY,453,16 Years,12304,6278,6026,4664,2381,2283,1260,648,612,944,462,482,5436,2787,2649
TRAVIS COUNTY,453,17 Years,12137,6197,5940,4559,2329,2230,1283,647,636,949,486,463,5346,2735,2611
TRAVIS COUNTY,453,18 Years,13887,6997,6890,5288,2639,2649,1428,711,717,1506,758,748,5665,2889,2776
TRAVIS COUNTY,453,19 Years,17920,9019,8901,7319,3649,3670,1669,837,832,2099,1082,1017,6833,3451,3382
TRAVIS COUNTY,453,20 Years,18416,9229,9187,7625,3724,3901,1614,779,835,2243,1173,1070,6934,3553,3381
TRAVIS COUNTY,453,21 Years,19169,9588,9581,8174,4052,4122,1615,704,911,2338,1163,1175,7042,3669,3373
TRAVIS COUNTY,453,22 Years,18598,9494,9104,7992,3974,4018,1529,689,840,2041,1063,978,7036,3768,3268
TRAVIS COUNTY,453,23 Years,17411,9147,8264,7224,3830,3394,1357,660,697,1630,831,799,7200,3826,3374
TRAVIS COUNTY,453,24 Years,17394,9083,8311,7477,3994,3483,1292,612,680,1453,700,753,7172,3777,3395
TRAVIS COUNTY,453,25 Years,18808,9515,9293,8787,4320,4467,1310,634,676,1523,796,727,7188,3765,3423
TRAVIS COUNTY,453,26 Years,19716,10027,9689,9641,4654,4987,1376,657,719,1646,843,803,7053,3873,3180
TRAVIS COUNTY,453,27 Years,20565,10671,9894,10346,5135,5211,1324,669,655,1789,946,843,7106,3921,3185
TRAVIS COUNTY,453,28 Years,20663,10557,10106,10067,5036,5031,1307,629,678,1803,928,875,7486,3964,3522
TRAVIS COUNTY,453,29 Years,20816,10646,10170,10247,5137,5110,1336,651,685,1605,850,755,7628,4008,3620
TRAVIS COUNTY,453,30 Years,20762,10690,10072,10435,5283,5152,1352,655,697,1708,884,824,7267,3868,3399
TRAVIS COUNTY,453,31 Years,19750,10177,9573,10205,5254,4951,1317,664,653,1512,699,813,6716,3560,3156
TRAVIS COUNTY,453,32 Years,19957,10336,9621,10195,5287,4908,1331,675,656,1605,722,883,6826,3652,3174
TRAVIS COUNTY,453,33 Years,19237,9921,9316,9733,5071,4662,1268,630,638,1610,709,901,6626,3511,3115
TRAVIS COUNTY,453,34 Years,18870,9745,9125,9438,4932,4506,1235,601,634,1663,794,869,6534,3418,3116
TRAVIS COUNTY,453,35 Years,18408,9562,8846,9132,4736,4396,1199,576,623,1756,898,858,6321,3352,2969
TRAVIS COUNTY,453,36 Years,18008,9378,8630,8854,4670,4184,1156,541,615,1746,865,881,6252,3302,2950
TRAVIS COUNTY,453,37 Years,17757,9316,8441,8723,4649,4074,1211,604,607,1726,844,882,6097,3219,2878
TRAVIS COUNTY,453,38 Years,16701,8767,7934,8242,4412,3830,1160,600,560,1662,831,831,5637,2924,2713
TRAVIS COUNTY,453,39 Years,16456,8604,7852,8083,4322,3761,1232,592,640,1673,833,840,5468,2857,2611
TRAVIS COUNTY,453,40 Years,16435,8658,7777,8180,4405,3775,1198,564,634,1654,836,818,5403,2853,2550
TRAVIS COUNTY,453,41 Years,17077,8922,8155,8900,4718,4182,1275,610,665,1592,803,789,5310,2791,2519
TRAVIS COUNTY,453,42 Years,16842,8753,8089,8906,4716,4190,1270,617,653,1518,759,759,5148,2661,2487
TRAVIS COUNTY,453,43 Years,15214,7807,7407,8117,4243,3874,1176,577,599,1309,659,650,4612,2328,2284
TRAVIS COUNTY,453,44 Years,14182,7319,6863,7480,3934,3546,1188,593,595,1132,574,558,4382,2218,2164
TRAVIS COUNTY,453,45 Years,13401,6913,6488,7079,3664,3415,1167,565,602,1087,565,522,4068,2119,1949
TRAVIS COUNTY,453,46 Years,13317,6798,6519,7049,3635,3414,1168,529,639,1057,526,531,4043,2108,1935
TRAVIS COUNTY,453,47 Years,14045,7206,6839,7523,3874,3649,1257,611,646,1074,533,541,4191,2188,2003
TRAVIS COUNTY,453,48 Years,13896,7067,6829,7655,3911,3744,1317,628,689,1014,522,492,3910,2006,1904
TRAVIS COUNTY,453,49 Years,13746,6948,6798,7731,3919,3812,1244,604,640,1027,510,517,3744,1915,1829
TRAVIS COUNTY,453,50 Years,13650,6883,6767,7935,4006,3929,1229,610,619,905,439,466,3581,1828,1753
TRAVIS COUNTY,453,51 Years,13368,6702,6666,7885,3973,3912,1208,585,623,838,411,427,3437,1733,1704
TRAVIS COUNTY,453,52 Years,13550,6841,6709,8110,4084,4026,1246,626,620,816,380,436,3378,1751,1627
TRAVIS COUNTY,453,53 Years,13001,6503,6498,7913,3953,3960,1181,582,599,757,366,391,3150,1602,1548
TRAVIS COUNTY,453,54 Years,12757,6318,6439,7890,3921,3969,1172,557,615,731,354,377,2964,1486,1478
TRAVIS COUNTY,453,55 Years,12573,6200,6373,7870,3934,3936,1152,563,589,744,325,419,2807,1378,1429
TRAVIS COUNTY,453,56 Years,12052,5948,6104,7596,3744,3852,1108,554,554,690,314,376,2658,1336,1322
TRAVIS COUNTY,453,57 Years,11848,5839,6009,7617,3766,3851,1041,532,509,670,300,370,2520,1241,1279
TRAVIS COUNTY,453,58 Years,11274,5460,5814,7443,3647,3796,989,455,534,599,280,319,2243,1078,1165
TRAVIS COUNTY,453,59 Years,10833,5193,5640,7332,3559,3773,903,417,486,569,266,303,2029,951,1078
TRAVIS COUNTY,453,60 Years,10274,5036,5238,6996,3447,3549,817,394,423,547,254,293,1914,941,973
TRAVIS COUNTY,453,61 Years,9754,4765,4989,6567,3277,3290,820,378,442,537,249,288,1830,861,969
TRAVIS COUNTY,453,62 Years,9448,4637,4811,6335,3209,3126,802,366,436,531,231,300,1780,831,949
TRAVIS COUNTY,453,63 Years,8736,4260,4476,5886,2928,2958,746,344,402,506,219,287,1598,769,829
TRAVIS COUNTY,453,64 Years,8491,4169,4322,5869,2927,2942,681,316,365,454,207,247,1487,719,768
TRAVIS COUNTY,453,65 Years,8050,3966,4084,5728,2877,2851,568,255,313,422,186,236,1332,648,684
TRAVIS COUNTY,453,66 Years,6507,3198,3309,4507,2272,2235,473,224,249,357,158,199,1170,544,626
TRAVIS COUNTY,453,67 Years,5872,2781,3091,4016,1955,2061,445,196,249,319,141,178,1092,489,603
TRAVIS COUNTY,453,68 Years,5655,2671,2984,3947,1916,2031,420,163,257,297,134,163,991,458,533
TRAVIS COUNTY,453,69 Years,5282,2536,2746,3679,1809,1870,421,188,233,272,129,143,910,410,500
TRAVIS COUNTY,453,70 Years,4741,2280,2461,3270,1605,1665,408,182,226,269,136,133,794,357,437
TRAVIS COUNTY,453,71 Years,4172,1911,2261,2846,1355,1491,337,132,205,246,119,127,743,305,438
TRAVIS COUNTY,453,72 Years,3737,1687,2050,2506,1161,1345,325,126,199,210,102,108,696,298,398
TRAVIS COUNTY,453,73 Years,3435,1538,1897,2313,1055,1258,279,113,166,186,91,95,657,279,378
TRAVIS COUNTY,453,74 Years,3244,1428,1816,2204,997,1207,269,107,162,197,90,107,574,234,340
TRAVIS COUNTY,453,75 Years,3103,1366,1737,2110,948,1162,272,114,158,186,84,102,535,220,315
TRAVIS COUNTY,453,76 Years,2903,1259,1644,1985,875,1110,265,114,151,160,71,89,493,199,294
TRAVIS COUNTY,453,77 Years,2749,1227,1522,1849,862,987,254,101,153,121,50,71,525,214,311
TRAVIS COUNTY,453,78 Years,2476,1098,1378,1700,766,934,220,101,119,107,50,57,449,181,268
TRAVIS COUNTY,453,79 Years,2270,963,1307,1600,703,897,191,66,125,112,48,64,367,146,221
TRAVIS COUNTY,453,80 Years,2263,966,1297,1605,703,902,205,71,134,96,42,54,357,150,207
TRAVIS COUNTY,453,81 Years,2202,943,1259,1627,708,919,174,66,108,91,39,52,310,130,180
TRAVIS COUNTY,453,82 Years,2069,838,1231,1498,617,881,165,57,108,87,38,49,319,126,193
TRAVIS COUNTY,453,83 Years,1796,725,1071,1318,539,779,137,40,97,72,33,39,269,113,156
TRAVIS COUNTY,453,84 Years,1649,622,1027,1230,467,763,119,44,75,66,26,40,234,85,149
TRAVIS COUNTY,453,85 Years +,9977,3291,6686,7730,2581,5149,698,182,516,284,103,181,1265,425,840
TRINITY COUNTY,455,All Ages,14734,7174,7560,11900,5776,6124,1395,644,751,273,116,157,1166,638,528
TRINITY COUNTY,455,< 1 Year,125,65,60,92,48,44,12,7,5,1,1,0,20,9,11
TRINITY COUNTY,455,1 Years,150,75,75,113,57,56,17,9,8,2,1,1,18,8,10
TRINITY COUNTY,455,2 Years,154,75,79,108,53,55,20,6,14,6,5,1,20,11,9
TRINITY COUNTY,455,3 Years,170,89,81,118,60,58,17,10,7,7,4,3,28,15,13
TRINITY COUNTY,455,4 Years,156,79,77,112,58,54,12,3,9,5,2,3,27,16,11
TRINITY COUNTY,455,5 Years,163,98,65,115,71,44,20,10,10,5,3,2,23,14,9
TRINITY COUNTY,455,6 Years,173,89,84,106,57,49,28,12,16,5,3,2,34,17,17
TRINITY COUNTY,455,7 Years,152,66,86,95,43,52,25,10,15,11,4,7,21,9,12
TRINITY COUNTY,455,8 Years,144,77,67,98,50,48,16,9,7,4,2,2,26,16,10
TRINITY COUNTY,455,9 Years,163,87,76,116,61,55,16,10,6,3,0,3,28,16,12
TRINITY COUNTY,455,10 Years,168,84,84,120,61,59,17,7,10,6,2,4,25,14,11
TRINITY COUNTY,455,11 Years,170,84,86,118,61,57,21,9,12,2,0,2,29,14,15
TRINITY COUNTY,455,12 Years,187,89,98,132,65,67,19,7,12,6,2,4,30,15,15
TRINITY COUNTY,455,13 Years,183,97,86,136,75,61,17,7,10,6,3,3,24,12,12
TRINITY COUNTY,455,14 Years,178,96,82,135,72,63,15,10,5,7,2,5,21,12,9
TRINITY COUNTY,455,15 Years,173,83,90,139,67,72,12,7,5,4,1,3,18,8,10
TRINITY COUNTY,455,16 Years,189,90,99,147,71,76,16,9,7,5,2,3,21,8,13
TRINITY COUNTY,455,17 Years,171,74,97,122,54,68,22,10,12,7,0,7,20,10,10
TRINITY COUNTY,455,18 Years,192,93,99,139,69,70,26,14,12,8,3,5,19,7,12
TRINITY COUNTY,455,19 Years,170,86,84,122,63,59,25,13,12,2,1,1,21,9,12
TRINITY COUNTY,455,20 Years,163,84,79,117,57,60,22,11,11,1,1,0,23,15,8
TRINITY COUNTY,455,21 Years,151,82,69,111,60,51,17,10,7,4,1,3,19,11,8
TRINITY COUNTY,455,22 Years,128,58,70,98,46,52,12,5,7,3,1,2,15,6,9
TRINITY COUNTY,455,23 Years,124,57,67,93,40,53,14,7,7,1,0,1,16,10,6
TRINITY COUNTY,455,24 Years,142,68,74,109,50,59,18,10,8,0,0,0,15,8,7
TRINITY COUNTY,455,25 Years,125,61,64,94,46,48,20,10,10,0,0,0,11,5,6
TRINITY COUNTY,455,26 Years,142,65,77,110,52,58,16,4,12,3,1,2,13,8,5
TRINITY COUNTY,455,27 Years,133,65,68,101,51,50,14,3,11,1,0,1,17,11,6
TRINITY COUNTY,455,28 Years,140,65,75,101,49,52,18,6,12,1,1,0,20,9,11
TRINITY COUNTY,455,29 Years,124,63,61,92,45,47,12,6,6,3,1,2,17,11,6
TRINITY COUNTY,455,30 Years,145,70,75,111,49,62,15,8,7,5,4,1,14,9,5
TRINITY COUNTY,455,31 Years,145,70,75,106,48,58,15,8,7,3,1,2,21,13,8
TRINITY COUNTY,455,32 Years,143,70,73,101,50,51,22,10,12,1,0,1,19,10,9
TRINITY COUNTY,455,33 Years,133,65,68,106,50,56,12,7,5,4,2,2,11,6,5
TRINITY COUNTY,455,34 Years,133,68,65,105,52,53,14,7,7,4,2,2,10,7,3
TRINITY COUNTY,455,35 Years,131,68,63,95,46,49,17,10,7,1,1,0,18,11,7
TRINITY COUNTY,455,36 Years,112,53,59,84,41,43,14,7,7,1,0,1,13,5,8
TRINITY COUNTY,455,37 Years,124,63,61,93,46,47,12,6,6,2,2,0,17,9,8
TRINITY COUNTY,455,38 Years,130,70,60,107,56,51,7,4,3,0,0,0,16,10,6
TRINITY COUNTY,455,39 Years,157,82,75,122,65,57,12,4,8,1,0,1,22,13,9
TRINITY COUNTY,455,40 Years,149,70,79,115,52,63,13,6,7,1,1,0,20,11,9
TRINITY COUNTY,455,41 Years,161,72,89,127,56,71,16,7,9,2,1,1,16,8,8
TRINITY COUNTY,455,42 Years,165,81,84,132,64,68,12,6,6,4,2,2,17,9,8
TRINITY COUNTY,455,43 Years,158,77,81,123,59,64,12,7,5,2,1,1,21,10,11
TRINITY COUNTY,455,44 Years,144,74,70,113,55,58,12,6,6,1,1,0,18,12,6
TRINITY COUNTY,455,45 Years,163,90,73,131,69,62,13,9,4,4,1,3,15,11,4
TRINITY COUNTY,455,46 Years,167,84,83,130,66,64,22,12,10,3,1,2,12,5,7
TRINITY COUNTY,455,47 Years,177,83,94,142,68,74,21,10,11,1,0,1,13,5,8
TRINITY COUNTY,455,48 Years,200,101,99,170,86,84,17,8,9,2,1,1,11,6,5
TRINITY COUNTY,455,49 Years,205,97,108,174,83,91,21,10,11,2,1,1,8,3,5
TRINITY COUNTY,455,50 Years,229,111,118,191,94,97,21,7,14,5,2,3,12,8,4
TRINITY COUNTY,455,51 Years,225,111,114,187,94,93,24,8,16,5,2,3,9,7,2
TRINITY COUNTY,455,52 Years,215,98,117,172,81,91,27,9,18,7,2,5,9,6,3
TRINITY COUNTY,455,53 Years,219,100,119,178,80,98,24,12,12,5,2,3,12,6,6
TRINITY COUNTY,455,54 Years,214,96,118,176,80,96,22,9,13,7,3,4,9,4,5
TRINITY COUNTY,455,55 Years,227,98,129,192,79,113,20,11,9,3,1,2,12,7,5
TRINITY COUNTY,455,56 Years,252,111,141,201,86,115,28,13,15,7,2,5,16,10,6
TRINITY COUNTY,455,57 Years,232,106,126,187,88,99,28,10,18,5,1,4,12,7,5
TRINITY COUNTY,455,58 Years,236,108,128,199,89,110,21,10,11,4,3,1,12,6,6
TRINITY COUNTY,455,59 Years,235,106,129,198,87,111,22,10,12,5,3,2,10,6,4
TRINITY COUNTY,455,60 Years,238,111,127,201,95,106,28,11,17,3,2,1,6,3,3
TRINITY COUNTY,455,61 Years,242,112,130,213,93,120,18,11,7,4,3,1,7,5,2
TRINITY COUNTY,455,62 Years,235,111,124,207,95,112,18,11,7,4,1,3,6,4,2
TRINITY COUNTY,455,63 Years,251,120,131,216,103,113,24,11,13,4,2,2,7,4,3
TRINITY COUNTY,455,64 Years,251,127,124,215,108,107,26,12,14,3,3,0,7,4,3
TRINITY COUNTY,455,65 Years,241,122,119,215,109,106,17,7,10,3,2,1,6,4,2
TRINITY COUNTY,455,66 Years,211,115,96,190,104,86,13,5,8,3,1,2,5,5,0
TRINITY COUNTY,455,67 Years,211,107,104,188,94,94,15,6,9,3,3,0,5,4,1
TRINITY COUNTY,455,68 Years,211,102,109,193,95,98,9,3,6,3,1,2,6,3,3
TRINITY COUNTY,455,69 Years,219,100,119,193,96,97,16,3,13,5,0,5,5,1,4
TRINITY COUNTY,455,70 Years,217,108,109,196,99,97,15,7,8,2,1,1,4,1,3
TRINITY COUNTY,455,71 Years,201,91,110,189,85,104,8,4,4,2,1,1,2,1,1
TRINITY COUNTY,455,72 Years,184,84,100,169,76,93,9,5,4,4,1,3,2,2,0
TRINITY COUNTY,455,73 Years,174,97,77,164,91,73,6,3,3,1,0,1,3,3,0
TRINITY COUNTY,455,74 Years,158,86,72,145,79,66,8,4,4,0,0,0,5,3,2
TRINITY COUNTY,455,75 Years,142,71,71,129,63,66,8,4,4,1,1,0,4,3,1
TRINITY COUNTY,455,76 Years,135,71,64,119,61,58,9,4,5,1,1,0,6,5,1
TRINITY COUNTY,455,77 Years,138,66,72,123,56,67,9,6,3,1,0,1,5,4,1
TRINITY COUNTY,455,78 Years,114,44,70,105,41,64,5,2,3,2,1,1,2,0,2
TRINITY COUNTY,455,79 Years,126,59,67,114,54,60,10,4,6,0,0,0,2,1,1
TRINITY COUNTY,455,80 Years,107,51,56,101,47,54,4,2,2,0,0,0,2,2,0
TRINITY COUNTY,455,81 Years,97,50,47,88,44,44,5,5,0,3,0,3,1,1,0
TRINITY COUNTY,455,82 Years,102,52,50,94,48,46,6,3,3,2,1,1,0,0,0
TRINITY COUNTY,455,83 Years,92,44,48,88,41,47,4,3,1,0,0,0,0,0,0
TRINITY COUNTY,455,84 Years,89,38,51,84,37,47,4,1,3,0,0,0,1,0,1
TRINITY COUNTY,455,85 Years +,319,138,181,284,131,153,29,5,24,3,1,2,3,1,2
TYLER COUNTY,457,All Ages,22113,11951,10162,17739,8893,8846,2415,1588,827,412,211,201,1547,1259,288
TYLER COUNTY,457,< 1 Year,225,120,105,191,102,89,18,9,9,6,3,3,10,6,4
TYLER COUNTY,457,1 Years,209,108,101,176,91,85,18,9,9,4,2,2,11,6,5
TYLER COUNTY,457,2 Years,233,120,113,189,100,89,22,10,12,9,4,5,13,6,7
TYLER COUNTY,457,3 Years,213,114,99,165,88,77,23,12,11,8,4,4,17,10,7
TYLER COUNTY,457,4 Years,224,109,115,177,84,93,21,9,12,12,7,5,14,9,5
TYLER COUNTY,457,5 Years,237,118,119,190,95,95,25,11,14,8,4,4,14,8,6
TYLER COUNTY,457,6 Years,240,124,116,195,102,93,24,13,11,8,2,6,13,7,6
TYLER COUNTY,457,7 Years,248,121,127,194,91,103,28,18,10,6,3,3,20,9,11
TYLER COUNTY,457,8 Years,219,104,115,177,81,96,23,13,10,6,3,3,13,7,6
TYLER COUNTY,457,9 Years,216,109,107,175,89,86,25,13,12,3,1,2,13,6,7
TYLER COUNTY,457,10 Years,238,120,118,195,98,97,24,11,13,8,4,4,11,7,4
TYLER COUNTY,457,11 Years,239,127,112,193,103,90,18,9,9,13,6,7,15,9,6
TYLER COUNTY,457,12 Years,258,130,128,214,106,108,21,9,12,12,8,4,11,7,4
TYLER COUNTY,457,13 Years,272,136,136,226,112,114,24,12,12,12,6,6,10,6,4
TYLER COUNTY,457,14 Years,238,122,116,196,102,94,21,12,9,11,4,7,10,4,6
TYLER COUNTY,457,15 Years,250,121,129,215,106,109,18,9,9,6,2,4,11,4,7
TYLER COUNTY,457,16 Years,263,135,128,215,110,105,21,9,12,10,4,6,17,12,5
TYLER COUNTY,457,17 Years,265,131,134,225,108,117,21,11,10,7,3,4,12,9,3
TYLER COUNTY,457,18 Years,290,145,145,240,116,124,30,16,14,5,3,2,15,10,5
TYLER COUNTY,457,19 Years,293,177,116,215,121,94,40,29,11,8,4,4,30,23,7
TYLER COUNTY,457,20 Years,260,153,107,192,107,85,40,25,15,4,3,1,24,18,6
TYLER COUNTY,457,21 Years,260,161,99,174,97,77,46,33,13,6,1,5,34,30,4
TYLER COUNTY,457,22 Years,253,170,83,150,82,68,54,46,8,3,1,2,46,41,5
TYLER COUNTY,457,23 Years,282,197,85,167,94,73,61,54,7,2,1,1,52,48,4
TYLER COUNTY,457,24 Years,294,211,83,167,95,72,72,64,8,2,0,2,53,52,1
TYLER COUNTY,457,25 Years,297,210,87,171,97,74,64,53,11,3,2,1,59,58,1
TYLER COUNTY,457,26 Years,313,227,86,170,97,73,75,65,10,4,3,1,64,62,2
TYLER COUNTY,457,27 Years,303,212,91,176,99,77,68,60,8,4,3,1,55,50,5
TYLER COUNTY,457,28 Years,299,204,95,176,93,83,57,50,7,2,1,1,64,60,4
TYLER COUNTY,457,29 Years,294,200,94,169,93,76,61,53,8,5,1,4,59,53,6
TYLER COUNTY,457,30 Years,310,208,102,187,100,87,57,50,7,6,2,4,60,56,4
TYLER COUNTY,457,31 Years,292,202,90,178,106,72,51,41,10,3,1,2,60,54,6
TYLER COUNTY,457,32 Years,287,199,88,184,110,74,58,48,10,1,1,0,44,40,4
TYLER COUNTY,457,33 Years,258,165,93,170,90,80,53,45,8,2,1,1,33,29,4
TYLER COUNTY,457,34 Years,253,168,85,174,98,76,40,36,4,3,2,1,36,32,4
TYLER COUNTY,457,35 Years,268,171,97,183,97,86,48,41,7,2,2,0,35,31,4
TYLER COUNTY,457,36 Years,255,155,100,184,98,86,42,32,10,1,0,1,28,25,3
TYLER COUNTY,457,37 Years,230,138,92,166,88,78,33,24,9,3,2,1,28,24,4
TYLER COUNTY,457,38 Years,245,141,104,182,90,92,29,23,6,5,2,3,29,26,3
TYLER COUNTY,457,39 Years,252,151,101,187,103,84,28,19,9,8,6,2,29,23,6
TYLER COUNTY,457,40 Years,250,150,100,188,100,88,30,22,8,5,3,2,27,25,2
TYLER COUNTY,457,41 Years,264,156,108,202,107,95,33,26,7,7,3,4,22,20,2
TYLER COUNTY,457,42 Years,260,146,114,203,101,102,26,21,5,5,2,3,26,22,4
TYLER COUNTY,457,43 Years,257,130,127,211,95,116,24,17,7,3,2,1,19,16,3
TYLER COUNTY,457,44 Years,283,147,136,235,113,122,24,16,8,4,3,1,20,15,5
TYLER COUNTY,457,45 Years,292,159,133,236,119,117,30,17,13,5,4,1,21,19,2
TYLER COUNTY,457,46 Years,285,148,137,226,112,114,35,16,19,5,4,1,19,16,3
TYLER COUNTY,457,47 Years,290,157,133,232,117,115,32,21,11,6,3,3,20,16,4
TYLER COUNTY,457,48 Years,261,138,123,216,110,106,30,20,10,5,2,3,10,6,4
TYLER COUNTY,457,49 Years,299,154,145,252,125,127,32,20,12,6,3,3,9,6,3
TYLER COUNTY,457,50 Years,309,148,161,267,125,142,28,14,14,4,3,1,10,6,4
TYLER COUNTY,457,51 Years,317,144,173,274,126,148,32,12,20,7,3,4,4,3,1
TYLER COUNTY,457,52 Years,307,148,159,259,126,133,27,11,16,6,1,5,15,10,5
TYLER COUNTY,457,53 Years,319,165,154,275,139,136,26,14,12,3,1,2,15,11,4
TYLER COUNTY,457,54 Years,311,177,134,269,152,117,25,13,12,3,1,2,14,11,3
TYLER COUNTY,457,55 Years,301,157,144,257,136,121,32,15,17,5,2,3,7,4,3
TYLER COUNTY,457,56 Years,321,161,160,278,137,141,29,15,14,7,3,4,7,6,1
TYLER COUNTY,457,57 Years,322,160,162,285,136,149,26,17,9,6,2,4,5,5,0
TYLER COUNTY,457,58 Years,313,160,153,272,136,136,23,13,10,7,4,3,11,7,4
TYLER COUNTY,457,59 Years,311,163,148,283,150,133,15,6,9,4,2,2,9,5,4
TYLER COUNTY,457,60 Years,298,145,153,268,132,136,19,7,12,7,4,3,4,2,2
TYLER COUNTY,457,61 Years,296,145,151,265,130,135,21,8,13,5,3,2,5,4,1
TYLER COUNTY,457,62 Years,270,124,146,237,107,130,24,13,11,2,1,1,7,3,4
TYLER COUNTY,457,63 Years,263,113,150,240,102,138,15,6,9,4,3,1,4,2,2
TYLER COUNTY,457,64 Years,286,124,162,264,115,149,17,6,11,4,2,2,1,1,0
TYLER COUNTY,457,65 Years,315,151,164,292,137,155,16,9,7,5,3,2,2,2,0
TYLER COUNTY,457,66 Years,271,124,147,245,111,134,13,4,9,6,4,2,7,5,2
TYLER COUNTY,457,67 Years,271,138,133,248,126,122,12,4,8,4,2,2,7,6,1
TYLER COUNTY,457,68 Years,288,141,147,269,135,134,14,3,11,4,2,2,1,1,0
TYLER COUNTY,457,69 Years,270,127,143,254,120,134,11,5,6,2,1,1,3,1,2
TYLER COUNTY,457,70 Years,269,129,140,251,121,130,13,6,7,3,2,1,2,0,2
TYLER COUNTY,457,71 Years,239,118,121,219,107,112,15,7,8,2,2,0,3,2,1
TYLER COUNTY,457,72 Years,228,113,115,205,100,105,17,11,6,3,1,2,3,1,2
TYLER COUNTY,457,73 Years,189,100,89,169,90,79,14,7,7,2,1,1,4,2,2
TYLER COUNTY,457,74 Years,184,94,90,165,86,79,13,4,9,3,2,1,3,2,1
TYLER COUNTY,457,75 Years,187,89,98,163,75,88,17,9,8,3,2,1,4,3,1
TYLER COUNTY,457,76 Years,192,102,90,169,87,82,16,10,6,3,2,1,4,3,1
TYLER COUNTY,457,77 Years,204,101,103,185,90,95,11,5,6,5,4,1,3,2,1
TYLER COUNTY,457,78 Years,172,85,87,156,76,80,11,5,6,1,1,0,4,3,1
TYLER COUNTY,457,79 Years,152,67,85,139,64,75,10,3,7,1,0,1,2,0,2
TYLER COUNTY,457,80 Years,148,73,75,140,68,72,5,3,2,1,0,1,2,2,0
TYLER COUNTY,457,81 Years,123,61,62,117,56,61,4,3,1,0,0,0,2,2,0
TYLER COUNTY,457,82 Years,118,51,67,112,48,64,5,2,3,0,0,0,1,1,0
TYLER COUNTY,457,83 Years,100,36,64,93,34,59,6,2,4,0,0,0,1,0,1
TYLER COUNTY,457,84 Years,88,42,46,82,38,44,5,4,1,0,0,0,1,0,1
TYLER COUNTY,457,85 Years +,445,156,289,402,137,265,30,10,20,8,6,2,5,3,2
UPSHUR COUNTY,459,All Ages,40252,19941,20311,32776,16216,16560,3495,1682,1813,1116,549,567,2865,1494,1371
UPSHUR COUNTY,459,< 1 Year,466,228,238,366,176,190,32,16,16,9,5,4,59,31,28
UPSHUR COUNTY,459,1 Years,477,241,236,371,187,184,37,19,18,11,5,6,58,30,28
UPSHUR COUNTY,459,2 Years,454,217,237,327,158,169,29,13,16,26,11,15,72,35,37
UPSHUR COUNTY,459,3 Years,488,240,248,354,178,176,37,16,21,27,12,15,70,34,36
UPSHUR COUNTY,459,4 Years,510,280,230,377,209,168,38,20,18,22,12,10,73,39,34
UPSHUR COUNTY,459,5 Years,567,309,258,424,228,196,40,26,14,26,15,11,77,40,37
UPSHUR COUNTY,459,6 Years,557,296,261,413,223,190,33,16,17,29,14,15,82,43,39
UPSHUR COUNTY,459,7 Years,542,277,265,406,206,200,33,16,17,30,15,15,73,40,33
UPSHUR COUNTY,459,8 Years,520,274,246,400,214,186,40,20,20,23,10,13,57,30,27
UPSHUR COUNTY,459,9 Years,547,304,243,394,215,179,51,32,19,33,18,15,69,39,30
UPSHUR COUNTY,459,10 Years,575,300,275,420,212,208,58,33,25,27,15,12,70,40,30
UPSHUR COUNTY,459,11 Years,565,289,276,420,216,204,54,32,22,30,13,17,61,28,33
UPSHUR COUNTY,459,12 Years,584,295,289,446,232,214,58,27,31,29,14,15,51,22,29
UPSHUR COUNTY,459,13 Years,558,290,268,420,222,198,50,22,28,30,16,14,58,30,28
UPSHUR COUNTY,459,14 Years,561,298,263,425,226,199,55,28,27,23,13,10,58,31,27
UPSHUR COUNTY,459,15 Years,584,309,275,434,230,204,59,34,25,25,12,13,66,33,33
UPSHUR COUNTY,459,16 Years,558,299,259,426,223,203,50,27,23,25,12,13,57,37,20
UPSHUR COUNTY,459,17 Years,580,299,281,441,229,212,56,31,25,32,14,18,51,25,26
UPSHUR COUNTY,459,18 Years,595,323,272,453,247,206,51,32,19,31,13,18,60,31,29
UPSHUR COUNTY,459,19 Years,572,300,272,439,229,210,61,36,25,17,6,11,55,29,26
UPSHUR COUNTY,459,20 Years,513,283,230,383,211,172,64,39,25,12,6,6,54,27,27
UPSHUR COUNTY,459,21 Years,467,255,212,355,197,158,49,25,24,13,8,5,50,25,25
UPSHUR COUNTY,459,22 Years,467,234,233,362,189,173,48,19,29,15,10,5,42,16,26
UPSHUR COUNTY,459,23 Years,457,234,223,352,184,168,43,19,24,11,6,5,51,25,26
UPSHUR COUNTY,459,24 Years,395,195,200,311,152,159,29,14,15,8,5,3,47,24,23
UPSHUR COUNTY,459,25 Years,371,189,182,298,152,146,31,18,13,5,2,3,37,17,20
UPSHUR COUNTY,459,26 Years,382,190,192,301,153,148,40,17,23,8,4,4,33,16,17
UPSHUR COUNTY,459,27 Years,366,175,191,286,139,147,31,11,20,5,2,3,44,23,21
UPSHUR COUNTY,459,28 Years,391,197,194,305,150,155,31,17,14,5,4,1,50,26,24
UPSHUR COUNTY,459,29 Years,451,213,238,360,170,190,33,13,20,9,5,4,49,25,24
UPSHUR COUNTY,459,30 Years,457,225,232,361,179,182,33,10,23,9,4,5,54,32,22
UPSHUR COUNTY,459,31 Years,456,226,230,355,171,184,38,20,18,14,8,6,49,27,22
UPSHUR COUNTY,459,32 Years,478,231,247,383,183,200,38,20,18,11,6,5,46,22,24
UPSHUR COUNTY,459,33 Years,457,229,228,365,177,188,38,20,18,7,4,3,47,28,19
UPSHUR COUNTY,459,34 Years,445,213,232,358,166,192,37,19,18,8,5,3,42,23,19
UPSHUR COUNTY,459,35 Years,461,231,230,373,189,184,38,18,20,11,6,5,39,18,21
UPSHUR COUNTY,459,36 Years,478,239,239,385,192,193,38,18,20,20,10,10,35,19,16
UPSHUR COUNTY,459,37 Years,438,223,215,356,179,177,32,18,14,14,8,6,36,18,18
UPSHUR COUNTY,459,38 Years,434,228,206,355,178,177,31,19,12,12,10,2,36,21,15
UPSHUR COUNTY,459,39 Years,447,228,219,377,191,186,28,16,12,12,7,5,30,14,16
UPSHUR COUNTY,459,40 Years,517,251,266,433,214,219,35,11,24,11,4,7,38,22,16
UPSHUR COUNTY,459,41 Years,497,257,240,407,210,197,40,16,24,14,7,7,36,24,12
UPSHUR COUNTY,459,42 Years,485,238,247,400,198,202,42,19,23,9,2,7,34,19,15
UPSHUR COUNTY,459,43 Years,499,246,253,414,207,207,41,18,23,10,2,8,34,19,15
UPSHUR COUNTY,459,44 Years,503,255,248,410,207,203,49,25,24,9,4,5,35,19,16
UPSHUR COUNTY,459,45 Years,474,230,244,387,187,200,44,20,24,12,7,5,31,16,15
UPSHUR COUNTY,459,46 Years,472,236,236,394,201,193,43,19,24,9,5,4,26,11,15
UPSHUR COUNTY,459,47 Years,544,258,286,451,209,242,52,23,29,11,5,6,30,21,9
UPSHUR COUNTY,459,48 Years,566,264,302,471,219,252,54,22,32,14,7,7,27,16,11
UPSHUR COUNTY,459,49 Years,616,290,326,515,244,271,57,27,30,11,6,5,33,13,20
UPSHUR COUNTY,459,50 Years,619,301,318,511,244,267,64,34,30,12,7,5,32,16,16
UPSHUR COUNTY,459,51 Years,596,289,307,504,238,266,58,31,27,13,7,6,21,13,8
UPSHUR COUNTY,459,52 Years,616,284,332,528,241,287,54,21,33,9,3,6,25,19,6
UPSHUR COUNTY,459,53 Years,641,315,326,550,266,284,49,23,26,17,9,8,25,17,8
UPSHUR COUNTY,459,54 Years,622,304,318,533,264,269,49,22,27,18,7,11,22,11,11
UPSHUR COUNTY,459,55 Years,623,297,326,532,255,277,51,22,29,16,9,7,24,11,13
UPSHUR COUNTY,459,56 Years,628,312,316,544,272,272,50,26,24,9,5,4,25,9,16
UPSHUR COUNTY,459,57 Years,629,320,309,531,273,258,60,29,31,16,7,9,22,11,11
UPSHUR COUNTY,459,58 Years,568,266,302,483,230,253,52,22,30,15,7,8,18,7,11
UPSHUR COUNTY,459,59 Years,551,263,288,475,224,251,51,26,25,12,8,4,13,5,8
UPSHUR COUNTY,459,60 Years,543,269,274,480,237,243,41,21,20,11,7,4,11,4,7
UPSHUR COUNTY,459,61 Years,537,273,264,463,238,225,48,23,25,15,5,10,11,7,4
UPSHUR COUNTY,459,62 Years,521,250,271,462,224,238,40,18,22,9,2,7,10,6,4
UPSHUR COUNTY,459,63 Years,492,230,262,429,206,223,41,18,23,10,1,9,12,5,7
UPSHUR COUNTY,459,64 Years,524,264,260,451,227,224,51,26,25,9,5,4,13,6,7
UPSHUR COUNTY,459,65 Years,532,263,269,466,230,236,46,21,25,8,5,3,12,7,5
UPSHUR COUNTY,459,66 Years,412,202,210,357,177,180,38,16,22,8,4,4,9,5,4
UPSHUR COUNTY,459,67 Years,415,206,209,376,185,191,29,16,13,5,2,3,5,3,2
UPSHUR COUNTY,459,68 Years,433,205,228,371,182,189,44,17,27,9,3,6,9,3,6
UPSHUR COUNTY,459,69 Years,418,200,218,369,182,187,36,13,23,6,2,4,7,3,4
UPSHUR COUNTY,459,70 Years,374,182,192,339,162,177,26,14,12,5,2,3,4,4,0
UPSHUR COUNTY,459,71 Years,357,165,192,309,141,168,36,18,18,5,2,3,7,4,3
UPSHUR COUNTY,459,72 Years,313,142,171,274,127,147,28,9,19,5,2,3,6,4,2
UPSHUR COUNTY,459,73 Years,318,142,176,271,120,151,32,17,15,4,0,4,11,5,6
UPSHUR COUNTY,459,74 Years,320,144,176,279,126,153,29,14,15,4,2,2,8,2,6
UPSHUR COUNTY,459,75 Years,284,142,142,250,126,124,25,9,16,4,4,0,5,3,2
UPSHUR COUNTY,459,76 Years,257,123,134,232,109,123,20,9,11,4,4,0,1,1,0
UPSHUR COUNTY,459,77 Years,257,119,138,226,105,121,23,10,13,3,3,0,5,1,4
UPSHUR COUNTY,459,78 Years,217,113,104,190,102,88,21,8,13,5,3,2,1,0,1
UPSHUR COUNTY,459,79 Years,217,98,119,194,87,107,19,8,11,3,2,1,1,1,0
UPSHUR COUNTY,459,80 Years,210,93,117,189,82,107,16,8,8,2,1,1,3,2,1
UPSHUR COUNTY,459,81 Years,192,83,109,171,73,98,18,9,9,1,0,1,2,1,1
UPSHUR COUNTY,459,82 Years,167,75,92,148,68,80,17,6,11,1,0,1,1,1,0
UPSHUR COUNTY,459,83 Years,161,70,91,143,67,76,14,2,12,2,0,2,2,1,1
UPSHUR COUNTY,459,84 Years,142,60,82,126,55,71,11,4,7,4,1,3,1,0,1
UPSHUR COUNTY,459,85 Years +,702,246,456,601,213,388,79,26,53,13,4,9,9,3,6
UPTON COUNTY,461,All Ages,3409,1711,1698,1610,818,792,46,19,27,49,25,24,1704,849,855
UPTON COUNTY,461,< 1 Year,52,32,20,24,16,8,0,0,0,1,1,0,27,15,12
UPTON COUNTY,461,1 Years,48,27,21,18,10,8,0,0,0,0,0,0,30,17,13
UPTON COUNTY,461,2 Years,44,21,23,11,5,6,0,0,0,0,0,0,33,16,17
UPTON COUNTY,461,3 Years,58,24,34,11,5,6,0,0,0,1,1,0,46,18,28
UPTON COUNTY,461,4 Years,55,28,27,12,7,5,1,0,1,2,0,2,40,21,19
UPTON COUNTY,461,5 Years,50,24,26,18,8,10,0,0,0,2,0,2,30,16,14
UPTON COUNTY,461,6 Years,43,20,23,16,8,8,1,0,1,0,0,0,26,12,14
UPTON COUNTY,461,7 Years,54,27,27,19,9,10,1,0,1,2,1,1,32,17,15
UPTON COUNTY,461,8 Years,65,37,28,25,11,14,2,0,2,1,0,1,37,26,11
UPTON COUNTY,461,9 Years,58,26,32,23,11,12,1,0,1,1,0,1,33,15,18
UPTON COUNTY,461,10 Years,51,20,31,22,9,13,0,0,0,0,0,0,29,11,18
UPTON COUNTY,461,11 Years,46,21,25,14,7,7,2,1,1,1,0,1,29,13,16
UPTON COUNTY,461,12 Years,41,22,19,17,10,7,0,0,0,2,1,1,22,11,11
UPTON COUNTY,461,13 Years,44,25,19,18,9,9,1,0,1,1,1,0,24,15,9
UPTON COUNTY,461,14 Years,58,34,24,24,13,11,1,0,1,2,2,0,31,19,12
UPTON COUNTY,461,15 Years,61,29,32,25,11,14,0,0,0,1,1,0,35,17,18
UPTON COUNTY,461,16 Years,45,22,23,22,11,11,0,0,0,0,0,0,23,11,12
UPTON COUNTY,461,17 Years,55,29,26,32,20,12,1,1,0,0,0,0,22,8,14
UPTON COUNTY,461,18 Years,47,23,24,22,11,11,0,0,0,0,0,0,25,12,13
UPTON COUNTY,461,19 Years,45,25,20,20,12,8,0,0,0,0,0,0,25,13,12
UPTON COUNTY,461,20 Years,49,30,19,18,12,6,0,0,0,2,2,0,29,16,13
UPTON COUNTY,461,21 Years,38,17,21,10,6,4,0,0,0,1,0,1,27,11,16
UPTON COUNTY,461,22 Years,38,19,19,10,5,5,0,0,0,0,0,0,28,14,14
UPTON COUNTY,461,23 Years,31,15,16,9,5,4,0,0,0,0,0,0,22,10,12
UPTON COUNTY,461,24 Years,27,10,17,7,2,5,0,0,0,2,2,0,18,6,12
UPTON COUNTY,461,25 Years,33,14,19,10,4,6,0,0,0,1,1,0,22,9,13
UPTON COUNTY,461,26 Years,36,19,17,11,7,4,0,0,0,0,0,0,25,12,13
UPTON COUNTY,461,27 Years,42,18,24,18,6,12,0,0,0,1,0,1,23,12,11
UPTON COUNTY,461,28 Years,43,26,17,14,5,9,2,2,0,0,0,0,27,19,8
UPTON COUNTY,461,29 Years,49,33,16,16,10,6,0,0,0,0,0,0,33,23,10
UPTON COUNTY,461,30 Years,50,28,22,20,11,9,1,1,0,2,1,1,27,15,12
UPTON COUNTY,461,31 Years,42,18,24,17,8,9,1,0,1,0,0,0,24,10,14
UPTON COUNTY,461,32 Years,49,22,27,26,12,14,0,0,0,1,1,0,22,9,13
UPTON COUNTY,461,33 Years,44,22,22,25,13,12,0,0,0,0,0,0,19,9,10
UPTON COUNTY,461,34 Years,53,28,25,27,13,14,0,0,0,1,1,0,25,14,11
UPTON COUNTY,461,35 Years,44,23,21,15,9,6,0,0,0,1,0,1,28,14,14
UPTON COUNTY,461,36 Years,50,25,25,19,10,9,2,0,2,1,0,1,28,15,13
UPTON COUNTY,461,37 Years,35,19,16,16,9,7,0,0,0,0,0,0,19,10,9
UPTON COUNTY,461,38 Years,29,15,14,14,7,7,0,0,0,1,0,1,14,8,6
UPTON COUNTY,461,39 Years,35,14,21,16,9,7,0,0,0,1,0,1,18,5,13
UPTON COUNTY,461,40 Years,31,14,17,15,9,6,0,0,0,0,0,0,16,5,11
UPTON COUNTY,461,41 Years,36,16,20,18,7,11,0,0,0,1,1,0,17,8,9
UPTON COUNTY,461,42 Years,34,16,18,17,7,10,0,0,0,0,0,0,17,9,8
UPTON COUNTY,461,43 Years,34,17,17,13,6,7,2,2,0,0,0,0,19,9,10
UPTON COUNTY,461,44 Years,27,10,17,11,3,8,1,0,1,0,0,0,15,7,8
UPTON COUNTY,461,45 Years,38,19,19,17,9,8,1,0,1,0,0,0,20,10,10
UPTON COUNTY,461,46 Years,43,23,20,24,13,11,1,1,0,0,0,0,18,9,9
UPTON COUNTY,461,47 Years,33,17,16,18,11,7,0,0,0,0,0,0,15,6,9
UPTON COUNTY,461,48 Years,45,20,25,24,14,10,0,0,0,1,0,1,20,6,14
UPTON COUNTY,461,49 Years,32,14,18,17,7,10,0,0,0,1,0,1,14,7,7
UPTON COUNTY,461,50 Years,36,17,19,21,9,12,0,0,0,1,0,1,14,8,6
UPTON COUNTY,461,51 Years,42,23,19,24,13,11,0,0,0,1,0,1,17,10,7
UPTON COUNTY,461,52 Years,53,28,25,27,17,10,0,0,0,0,0,0,26,11,15
UPTON COUNTY,461,53 Years,59,34,25,35,22,13,1,1,0,0,0,0,23,11,12
UPTON COUNTY,461,54 Years,66,38,28,41,24,17,1,0,1,1,1,0,23,13,10
UPTON COUNTY,461,55 Years,56,29,27,34,16,18,2,2,0,0,0,0,20,11,9
UPTON COUNTY,461,56 Years,58,32,26,36,19,17,2,2,0,0,0,0,20,11,9
UPTON COUNTY,461,57 Years,52,27,25,31,17,14,3,2,1,1,0,1,17,8,9
UPTON COUNTY,461,58 Years,51,27,24,27,13,14,1,1,0,1,0,1,22,13,9
UPTON COUNTY,461,59 Years,51,29,22,24,15,9,0,0,0,1,0,1,26,14,12
UPTON COUNTY,461,60 Years,38,18,20,22,13,9,0,0,0,0,0,0,16,5,11
UPTON COUNTY,461,61 Years,31,10,21,15,5,10,3,0,3,0,0,0,13,5,8
UPTON COUNTY,461,62 Years,37,14,23,14,6,8,2,0,2,0,0,0,21,8,13
UPTON COUNTY,461,63 Years,38,18,20,21,12,9,0,0,0,0,0,0,17,6,11
UPTON COUNTY,461,64 Years,35,20,15,21,11,10,0,0,0,0,0,0,14,9,5
UPTON COUNTY,461,65 Years,41,23,18,26,12,14,0,0,0,3,2,1,12,9,3
UPTON COUNTY,461,66 Years,28,12,16,18,7,11,1,0,1,0,0,0,9,5,4
UPTON COUNTY,461,67 Years,25,14,11,20,11,9,0,0,0,1,1,0,4,2,2
UPTON COUNTY,461,68 Years,29,18,11,16,12,4,0,0,0,0,0,0,13,6,7
UPTON COUNTY,461,69 Years,25,15,10,14,9,5,0,0,0,0,0,0,11,6,5
UPTON COUNTY,461,70 Years,28,14,14,17,7,10,0,0,0,1,1,0,10,6,4
UPTON COUNTY,461,71 Years,28,14,14,17,9,8,0,0,0,0,0,0,11,5,6
UPTON COUNTY,461,72 Years,23,12,11,17,10,7,0,0,0,0,0,0,6,2,4
UPTON COUNTY,461,73 Years,26,16,10,19,12,7,0,0,0,0,0,0,7,4,3
UPTON COUNTY,461,74 Years,25,15,10,14,7,7,0,0,0,1,1,0,10,7,3
UPTON COUNTY,461,75 Years,25,13,12,14,5,9,0,0,0,1,1,0,10,7,3
UPTON COUNTY,461,76 Years,16,6,10,11,3,8,1,0,1,0,0,0,4,3,1
UPTON COUNTY,461,77 Years,20,9,11,14,5,9,0,0,0,0,0,0,6,4,2
UPTON COUNTY,461,78 Years,20,8,12,14,5,9,0,0,0,1,1,0,5,2,3
UPTON COUNTY,461,79 Years,21,9,12,11,7,4,0,0,0,0,0,0,10,2,8
UPTON COUNTY,461,80 Years,15,4,11,7,2,5,0,0,0,0,0,0,8,2,6
UPTON COUNTY,461,81 Years,15,7,8,12,4,8,1,1,0,0,0,0,2,2,0
UPTON COUNTY,461,82 Years,14,9,5,8,5,3,0,0,0,0,0,0,6,4,2
UPTON COUNTY,461,83 Years,15,9,6,8,7,1,2,1,1,0,0,0,5,1,4
UPTON COUNTY,461,84 Years,8,4,4,4,3,1,2,1,1,0,0,0,2,0,2
UPTON COUNTY,461,85 Years +,69,19,50,51,12,39,2,0,2,0,0,0,16,7,9
UVALDE COUNTY,463,All Ages,26726,13054,13672,7559,3680,3879,111,71,40,341,163,178,18715,9140,9575
UVALDE COUNTY,463,< 1 Year,386,190,196,87,44,43,3,2,1,6,2,4,290,142,148
UVALDE COUNTY,463,1 Years,394,198,196,73,38,35,1,1,0,5,2,3,315,157,158
UVALDE COUNTY,463,2 Years,389,189,200,56,28,28,1,1,0,6,3,3,326,157,169
UVALDE COUNTY,463,3 Years,391,198,193,48,23,25,1,0,1,5,3,2,337,172,165
UVALDE COUNTY,463,4 Years,394,198,196,50,23,27,1,1,0,4,3,1,339,171,168
UVALDE COUNTY,463,5 Years,439,224,215,66,37,29,1,0,1,7,3,4,365,184,181
UVALDE COUNTY,463,6 Years,431,231,200,67,38,29,4,1,3,5,3,2,355,189,166
UVALDE COUNTY,463,7 Years,410,203,207,71,31,40,2,1,1,4,3,1,333,168,165
UVALDE COUNTY,463,8 Years,429,226,203,77,33,44,1,0,1,8,3,5,343,190,153
UVALDE COUNTY,463,9 Years,411,205,206,70,33,37,3,3,0,6,1,5,332,168,164
UVALDE COUNTY,463,10 Years,423,208,215,73,33,40,2,2,0,8,4,4,340,169,171
UVALDE COUNTY,463,11 Years,456,223,233,70,37,33,1,0,1,12,5,7,373,181,192
UVALDE COUNTY,463,12 Years,464,229,235,77,37,40,2,0,2,6,2,4,379,190,189
UVALDE COUNTY,463,13 Years,434,212,222,84,36,48,1,0,1,7,4,3,342,172,170
UVALDE COUNTY,463,14 Years,439,219,220,79,35,44,4,3,1,3,1,2,353,180,173
UVALDE COUNTY,463,15 Years,420,231,189,73,37,36,2,0,2,4,2,2,341,192,149
UVALDE COUNTY,463,16 Years,426,214,212,77,38,39,3,0,3,4,3,1,342,173,169
UVALDE COUNTY,463,17 Years,404,192,212,75,34,41,1,0,1,10,3,7,318,155,163
UVALDE COUNTY,463,18 Years,440,209,231,91,46,45,2,1,1,9,3,6,338,159,179
UVALDE COUNTY,463,19 Years,514,274,240,114,71,43,4,3,1,6,2,4,390,198,192
UVALDE COUNTY,463,20 Years,521,256,265,108,56,52,4,3,1,8,5,3,401,192,209
UVALDE COUNTY,463,21 Years,454,232,222,75,45,30,4,3,1,6,2,4,369,182,187
UVALDE COUNTY,463,22 Years,412,208,204,65,40,25,2,1,1,4,1,3,341,166,175
UVALDE COUNTY,463,23 Years,364,178,186,45,25,20,2,1,1,4,3,1,313,149,164
UVALDE COUNTY,463,24 Years,320,156,164,63,39,24,1,1,0,3,3,0,253,113,140
UVALDE COUNTY,463,25 Years,281,148,133,63,29,34,2,2,0,3,1,2,213,116,97
UVALDE COUNTY,463,26 Years,277,140,137,57,28,29,1,1,0,1,0,1,218,111,107
UVALDE COUNTY,463,27 Years,285,151,134,54,28,26,3,3,0,5,3,2,223,117,106
UVALDE COUNTY,463,28 Years,280,141,139,52,28,24,2,1,1,6,4,2,220,108,112
UVALDE COUNTY,463,29 Years,258,127,131,53,24,29,2,1,1,4,2,2,199,100,99
UVALDE COUNTY,463,30 Years,254,116,138,57,28,29,1,1,0,2,1,1,194,86,108
UVALDE COUNTY,463,31 Years,241,115,126,68,33,35,1,1,0,1,1,0,171,80,91
UVALDE COUNTY,463,32 Years,290,137,153,74,37,37,1,0,1,4,0,4,211,100,111
UVALDE COUNTY,463,33 Years,295,140,155,67,35,32,2,1,1,5,2,3,221,102,119
UVALDE COUNTY,463,34 Years,278,135,143,67,35,32,2,2,0,6,4,2,203,94,109
UVALDE COUNTY,463,35 Years,279,141,138,60,29,31,4,4,0,7,4,3,208,104,104
UVALDE COUNTY,463,36 Years,308,143,165,56,24,32,4,3,1,3,2,1,245,114,131
UVALDE COUNTY,463,37 Years,293,141,152,61,33,28,2,2,0,5,2,3,225,104,121
UVALDE COUNTY,463,38 Years,280,148,132,68,33,35,2,2,0,1,0,1,209,113,96
UVALDE COUNTY,463,39 Years,311,144,167,69,29,40,1,0,1,4,1,3,237,114,123
UVALDE COUNTY,463,40 Years,304,137,167,78,34,44,0,0,0,3,1,2,223,102,121
UVALDE COUNTY,463,41 Years,320,146,174,90,42,48,0,0,0,2,1,1,228,103,125
UVALDE COUNTY,463,42 Years,324,160,164,89,45,44,2,0,2,7,2,5,226,113,113
UVALDE COUNTY,463,43 Years,301,140,161,93,37,56,1,0,1,6,3,3,201,100,101
UVALDE COUNTY,463,44 Years,310,165,145,89,42,47,0,0,0,4,2,2,217,121,96
UVALDE COUNTY,463,45 Years,299,151,148,80,46,34,1,1,0,3,2,1,215,102,113
UVALDE COUNTY,463,46 Years,306,160,146,85,47,38,0,0,0,3,1,2,218,112,106
UVALDE COUNTY,463,47 Years,316,165,151,103,53,50,1,1,0,8,5,3,204,106,98
UVALDE COUNTY,463,48 Years,303,151,152,92,42,50,0,0,0,4,3,1,207,106,101
UVALDE COUNTY,463,49 Years,312,158,154,82,38,44,3,2,1,5,2,3,222,116,106
UVALDE COUNTY,463,50 Years,358,166,192,114,56,58,3,2,1,6,1,5,235,107,128
UVALDE COUNTY,463,51 Years,348,162,186,124,62,62,2,2,0,7,4,3,215,94,121
UVALDE COUNTY,463,52 Years,302,137,165,108,50,58,1,1,0,3,2,1,190,84,106
UVALDE COUNTY,463,53 Years,304,155,149,109,52,57,0,0,0,1,1,0,194,102,92
UVALDE COUNTY,463,54 Years,341,168,173,122,58,64,0,0,0,6,3,3,213,107,106
UVALDE COUNTY,463,55 Years,345,170,175,134,63,71,1,1,0,1,1,0,209,105,104
UVALDE COUNTY,463,56 Years,317,170,147,122,71,51,0,0,0,3,3,0,192,96,96
UVALDE COUNTY,463,57 Years,312,159,153,121,66,55,1,1,0,5,2,3,185,90,95
UVALDE COUNTY,463,58 Years,295,148,147,114,62,52,1,0,1,4,1,3,176,85,91
UVALDE COUNTY,463,59 Years,284,134,150,116,53,63,0,0,0,5,3,2,163,78,85
UVALDE COUNTY,463,60 Years,274,124,150,112,50,62,1,0,1,3,2,1,158,72,86
UVALDE COUNTY,463,61 Years,283,133,150,114,57,57,0,0,0,1,0,1,168,76,92
UVALDE COUNTY,463,62 Years,295,143,152,119,60,59,0,0,0,1,0,1,175,83,92
UVALDE COUNTY,463,63 Years,322,140,182,143,64,79,2,2,0,2,2,0,175,72,103
UVALDE COUNTY,463,64 Years,320,156,164,138,64,74,1,1,0,2,2,0,179,89,90
UVALDE COUNTY,463,65 Years,308,141,167,140,62,78,0,0,0,2,1,1,166,78,88
UVALDE COUNTY,463,66 Years,276,130,146,133,65,68,0,0,0,3,2,1,140,63,77
UVALDE COUNTY,463,67 Years,242,115,127,113,56,57,0,0,0,2,0,2,127,59,68
UVALDE COUNTY,463,68 Years,248,128,120,120,64,56,1,1,0,1,1,0,126,62,64
UVALDE COUNTY,463,69 Years,236,116,120,126,61,65,1,1,0,4,3,1,105,51,54
UVALDE COUNTY,463,70 Years,214,92,122,110,51,59,0,0,0,2,1,1,102,40,62
UVALDE COUNTY,463,71 Years,194,87,107,95,43,52,0,0,0,1,0,1,98,44,54
UVALDE COUNTY,463,72 Years,174,81,93,84,41,43,0,0,0,1,0,1,89,40,49
UVALDE COUNTY,463,73 Years,169,83,86,93,49,44,0,0,0,3,2,1,73,32,41
UVALDE COUNTY,463,74 Years,175,89,86,95,51,44,0,0,0,2,0,2,78,38,40
UVALDE COUNTY,463,75 Years,168,78,90,77,37,40,0,0,0,2,1,1,89,40,49
UVALDE COUNTY,463,76 Years,152,76,76,75,43,32,0,0,0,1,1,0,76,32,44
UVALDE COUNTY,463,77 Years,150,67,83,68,31,37,0,0,0,2,1,1,80,35,45
UVALDE COUNTY,463,78 Years,136,61,75,65,30,35,2,2,0,1,1,0,68,28,40
UVALDE COUNTY,463,79 Years,143,62,81,73,31,42,1,1,0,0,0,0,69,30,39
UVALDE COUNTY,463,80 Years,141,62,79,70,28,42,0,0,0,1,1,0,70,33,37
UVALDE COUNTY,463,81 Years,112,50,62,58,27,31,0,0,0,2,1,1,52,22,30
UVALDE COUNTY,463,82 Years,116,55,61,60,26,34,1,0,1,1,1,0,54,28,26
UVALDE COUNTY,463,83 Years,96,45,51,51,24,27,0,0,0,1,0,1,44,21,23
UVALDE COUNTY,463,84 Years,103,45,58,56,26,30,0,0,0,1,0,1,46,19,27
UVALDE COUNTY,463,85 Years +,603,223,380,346,130,216,1,0,1,6,1,5,250,92,158
VAL VERDE COUNTY,465,All Ages,49859,25024,24835,8578,4687,3891,583,348,235,591,296,295,40107,19693,20414
VAL VERDE COUNTY,465,< 1 Year,864,436,428,125,64,61,9,4,5,11,7,4,719,361,358
VAL VERDE COUNTY,465,1 Years,916,463,453,114,58,56,9,5,4,11,6,5,782,394,388
VAL VERDE COUNTY,465,2 Years,802,411,391,110,57,53,5,3,2,10,6,4,677,345,332
VAL VERDE COUNTY,465,3 Years,836,429,407,107,58,49,9,4,5,14,8,6,706,359,347
VAL VERDE COUNTY,465,4 Years,835,433,402,104,53,51,9,4,5,10,6,4,712,370,342
VAL VERDE COUNTY,465,5 Years,777,379,398,92,46,46,4,2,2,10,5,5,671,326,345
VAL VERDE COUNTY,465,6 Years,823,397,426,92,45,47,8,5,3,11,5,6,712,342,370
VAL VERDE COUNTY,465,7 Years,863,439,424,94,50,44,7,4,3,12,6,6,750,379,371
VAL VERDE COUNTY,465,8 Years,824,439,385,84,45,39,8,3,5,12,6,6,720,385,335
VAL VERDE COUNTY,465,9 Years,782,407,375,82,42,40,8,1,7,12,5,7,680,359,321
VAL VERDE COUNTY,465,10 Years,812,413,399,79,40,39,13,6,7,9,2,7,711,365,346
VAL VERDE COUNTY,465,11 Years,778,392,386,75,39,36,6,3,3,8,3,5,689,347,342
VAL VERDE COUNTY,465,12 Years,814,426,388,61,29,32,4,2,2,9,4,5,740,391,349
VAL VERDE COUNTY,465,13 Years,819,426,393,77,42,35,4,1,3,9,5,4,729,378,351
VAL VERDE COUNTY,465,14 Years,822,421,401,76,41,35,5,3,2,10,8,2,731,369,362
VAL VERDE COUNTY,465,15 Years,783,421,362,71,33,38,5,2,3,7,5,2,700,381,319
VAL VERDE COUNTY,465,16 Years,799,422,377,76,40,36,8,4,4,6,3,3,709,375,334
VAL VERDE COUNTY,465,17 Years,792,398,394,74,37,37,9,5,4,3,1,2,706,355,351
VAL VERDE COUNTY,465,18 Years,803,389,414,70,34,36,11,7,4,5,1,4,717,347,370
VAL VERDE COUNTY,465,19 Years,782,388,394,69,42,27,9,6,3,4,2,2,700,338,362
VAL VERDE COUNTY,465,20 Years,770,421,349,68,37,31,10,7,3,8,6,2,684,371,313
VAL VERDE COUNTY,465,21 Years,665,354,311,75,41,34,13,9,4,4,2,2,573,302,271
VAL VERDE COUNTY,465,22 Years,649,349,300,94,59,35,16,11,5,5,2,3,534,277,257
VAL VERDE COUNTY,465,23 Years,631,346,285,123,80,43,18,11,7,12,6,6,478,249,229
VAL VERDE COUNTY,465,24 Years,711,397,314,181,122,59,17,11,6,19,14,5,494,250,244
VAL VERDE COUNTY,465,25 Years,758,445,313,245,175,70,16,12,4,16,10,6,481,248,233
VAL VERDE COUNTY,465,26 Years,812,472,340,252,179,73,12,7,5,13,7,6,535,279,256
VAL VERDE COUNTY,465,27 Years,726,407,319,210,138,72,15,10,5,11,7,4,490,252,238
VAL VERDE COUNTY,465,28 Years,664,343,321,166,92,74,14,10,4,13,7,6,471,234,237
VAL VERDE COUNTY,465,29 Years,616,329,287,156,86,70,11,6,5,13,7,6,436,230,206
VAL VERDE COUNTY,465,30 Years,661,334,327,141,77,64,7,4,3,14,8,6,499,245,254
VAL VERDE COUNTY,465,31 Years,655,332,323,117,67,50,10,5,5,13,7,6,515,253,262
VAL VERDE COUNTY,465,32 Years,643,334,309,120,66,54,10,5,5,11,7,4,502,256,246
VAL VERDE COUNTY,465,33 Years,591,315,276,115,69,46,10,5,5,5,3,2,461,238,223
VAL VERDE COUNTY,465,34 Years,601,323,278,99,62,37,7,4,3,9,2,7,486,255,231
VAL VERDE COUNTY,465,35 Years,576,292,284,93,56,37,7,2,5,11,3,8,465,231,234
VAL VERDE COUNTY,465,36 Years,585,289,296,83,41,42,6,2,4,8,4,4,488,242,246
VAL VERDE COUNTY,465,37 Years,625,303,322,87,39,48,6,2,4,8,4,4,524,258,266
VAL VERDE COUNTY,465,38 Years,653,312,341,88,43,45,7,4,3,7,3,4,551,262,289
VAL VERDE COUNTY,465,39 Years,657,318,339,82,42,40,5,4,1,11,4,7,559,268,291
VAL VERDE COUNTY,465,40 Years,632,294,338,95,47,48,6,3,3,9,2,7,522,242,280
VAL VERDE COUNTY,465,41 Years,596,286,310,92,50,42,7,3,4,6,3,3,491,230,261
VAL VERDE COUNTY,465,42 Years,614,309,305,94,56,38,5,4,1,6,4,2,509,245,264
VAL VERDE COUNTY,465,43 Years,622,316,306,102,55,47,6,3,3,7,4,3,507,254,253
VAL VERDE COUNTY,465,44 Years,616,309,307,97,46,51,5,4,1,10,4,6,504,255,249
VAL VERDE COUNTY,465,45 Years,598,301,297,114,59,55,6,5,1,7,4,3,471,233,238
VAL VERDE COUNTY,465,46 Years,615,315,300,107,60,47,10,5,5,4,2,2,494,248,246
VAL VERDE COUNTY,465,47 Years,617,303,314,104,55,49,5,1,4,2,1,1,506,246,260
VAL VERDE COUNTY,465,48 Years,593,304,289,95,56,39,6,5,1,3,1,2,489,242,247
VAL VERDE COUNTY,465,49 Years,609,297,312,103,56,47,7,5,2,7,2,5,492,234,258
VAL VERDE COUNTY,465,50 Years,576,277,299,93,48,45,8,6,2,8,3,5,467,220,247
VAL VERDE COUNTY,465,51 Years,562,279,283,99,55,44,8,4,4,5,3,2,450,217,233
VAL VERDE COUNTY,465,52 Years,555,262,293,118,57,61,8,6,2,5,4,1,424,195,229
VAL VERDE COUNTY,465,53 Years,536,257,279,108,60,48,6,6,0,4,1,3,418,190,228
VAL VERDE COUNTY,465,54 Years,538,273,265,114,60,54,8,6,2,8,4,4,408,203,205
VAL VERDE COUNTY,465,55 Years,521,278,243,114,64,50,8,6,2,4,1,3,395,207,188
VAL VERDE COUNTY,465,56 Years,521,250,271,118,61,57,8,4,4,3,2,1,392,183,209
VAL VERDE COUNTY,465,57 Years,486,227,259,89,51,38,11,7,4,6,1,5,380,168,212
VAL VERDE COUNTY,465,58 Years,482,208,274,103,50,53,7,5,2,4,1,3,368,152,216
VAL VERDE COUNTY,465,59 Years,513,231,282,116,59,57,5,4,1,6,3,3,386,165,221
VAL VERDE COUNTY,465,60 Years,482,232,250,119,64,55,4,4,0,3,2,1,356,162,194
VAL VERDE COUNTY,465,61 Years,494,226,268,119,63,56,4,2,2,7,2,5,364,159,205
VAL VERDE COUNTY,465,62 Years,453,206,247,106,56,50,4,3,1,5,1,4,338,146,192
VAL VERDE COUNTY,465,63 Years,471,216,255,101,56,45,8,5,3,4,1,3,358,154,204
VAL VERDE COUNTY,465,64 Years,502,225,277,103,55,48,8,5,3,6,3,3,385,162,223
VAL VERDE COUNTY,465,65 Years,455,224,231,122,66,56,4,3,1,3,1,2,326,154,172
VAL VERDE COUNTY,465,66 Years,424,212,212,108,61,47,4,3,1,5,4,1,307,144,163
VAL VERDE COUNTY,465,67 Years,405,198,207,108,53,55,1,0,1,5,3,2,291,142,149
VAL VERDE COUNTY,465,68 Years,412,192,220,114,53,61,3,3,0,4,2,2,291,134,157
VAL VERDE COUNTY,465,69 Years,341,171,170,83,45,38,2,2,0,4,3,1,252,121,131
VAL VERDE COUNTY,465,70 Years,321,157,164,73,41,32,6,3,3,1,1,0,241,112,129
VAL VERDE COUNTY,465,71 Years,331,159,172,80,37,43,4,2,2,2,1,1,245,119,126
VAL VERDE COUNTY,465,72 Years,315,137,178,81,33,48,1,0,1,2,1,1,231,103,128
VAL VERDE COUNTY,465,73 Years,295,129,166,71,30,41,3,2,1,6,3,3,215,94,121
VAL VERDE COUNTY,465,74 Years,304,146,158,89,44,45,3,2,1,3,2,1,209,98,111
VAL VERDE COUNTY,465,75 Years,281,129,152,76,42,34,3,2,1,2,1,1,200,84,116
VAL VERDE COUNTY,465,76 Years,273,124,149,63,36,27,6,4,2,3,1,2,201,83,118
VAL VERDE COUNTY,465,77 Years,225,109,116,62,38,24,3,3,0,2,1,1,158,67,91
VAL VERDE COUNTY,465,78 Years,221,100,121,57,30,27,0,0,0,4,2,2,160,68,92
VAL VERDE COUNTY,465,79 Years,215,103,112,56,33,23,1,1,0,2,1,1,156,68,88
VAL VERDE COUNTY,465,80 Years,210,100,110,51,27,24,1,1,0,1,1,0,157,71,86
VAL VERDE COUNTY,465,81 Years,195,82,113,49,23,26,1,1,0,1,0,1,144,58,86
VAL VERDE COUNTY,465,82 Years,196,97,99,36,20,16,0,0,0,2,1,1,158,76,82
VAL VERDE COUNTY,465,83 Years,166,77,89,36,18,18,0,0,0,1,0,1,129,59,70
VAL VERDE COUNTY,465,84 Years,135,60,75,29,16,13,0,0,0,1,0,1,105,44,61
VAL VERDE COUNTY,465,85 Years +,760,293,467,184,76,108,2,0,2,4,1,3,570,216,354
VAN ZANDT COUNTY,467,All Ages,53525,26381,27144,45594,22181,23413,1431,719,712,1305,646,659,5195,2835,2360
VAN ZANDT COUNTY,467,< 1 Year,562,304,258,452,247,205,9,5,4,14,7,7,87,45,42
VAN ZANDT COUNTY,467,1 Years,584,304,280,469,243,226,13,7,6,12,7,5,90,47,43
VAN ZANDT COUNTY,467,2 Years,610,316,294,477,255,222,16,7,9,22,11,11,95,43,52
VAN ZANDT COUNTY,467,3 Years,619,321,298,468,243,225,13,5,8,27,15,12,111,58,53
VAN ZANDT COUNTY,467,4 Years,652,319,333,480,236,244,20,10,10,23,11,12,129,62,67
VAN ZANDT COUNTY,467,5 Years,647,314,333,497,234,263,20,10,10,17,9,8,113,61,52
VAN ZANDT COUNTY,467,6 Years,662,343,319,503,255,248,16,8,8,22,13,9,121,67,54
VAN ZANDT COUNTY,467,7 Years,670,332,338,507,248,259,15,8,7,30,17,13,118,59,59
VAN ZANDT COUNTY,467,8 Years,688,346,342,529,263,266,25,16,9,23,10,13,111,57,54
VAN ZANDT COUNTY,467,9 Years,710,376,334,544,294,250,22,15,7,22,8,14,122,59,63
VAN ZANDT COUNTY,467,10 Years,695,366,329,544,288,256,20,10,10,20,12,8,111,56,55
VAN ZANDT COUNTY,467,11 Years,744,368,376,569,278,291,25,14,11,31,12,19,119,64,55
VAN ZANDT COUNTY,467,12 Years,776,372,404,594,283,311,21,12,9,31,15,16,130,62,68
VAN ZANDT COUNTY,467,13 Years,767,392,375,605,309,296,16,7,9,32,14,18,114,62,52
VAN ZANDT COUNTY,467,14 Years,770,391,379,601,306,295,20,10,10,33,12,21,116,63,53
VAN ZANDT COUNTY,467,15 Years,760,404,356,595,309,286,24,18,6,23,12,11,118,65,53
VAN ZANDT COUNTY,467,16 Years,761,389,372,610,304,306,32,17,15,24,15,9,95,53,42
VAN ZANDT COUNTY,467,17 Years,786,415,371,640,336,304,23,8,15,30,20,10,93,51,42
VAN ZANDT COUNTY,467,18 Years,791,417,374,639,328,311,20,11,9,20,12,8,112,66,46
VAN ZANDT COUNTY,467,19 Years,772,410,362,599,311,288,32,20,12,22,15,7,119,64,55
VAN ZANDT COUNTY,467,20 Years,684,356,328,536,281,255,23,11,12,22,12,10,103,52,51
VAN ZANDT COUNTY,467,21 Years,612,320,292,476,251,225,21,7,14,12,6,6,103,56,47
VAN ZANDT COUNTY,467,22 Years,535,268,267,416,204,212,16,9,7,11,5,6,92,50,42
VAN ZANDT COUNTY,467,23 Years,524,265,259,411,206,205,15,10,5,10,5,5,88,44,44
VAN ZANDT COUNTY,467,24 Years,506,267,239,403,214,189,9,4,5,8,4,4,86,45,41
VAN ZANDT COUNTY,467,25 Years,492,250,242,397,196,201,11,5,6,7,4,3,77,45,32
VAN ZANDT COUNTY,467,26 Years,503,262,241,397,204,193,14,5,9,13,9,4,79,44,35
VAN ZANDT COUNTY,467,27 Years,511,262,249,409,202,207,17,10,7,12,6,6,73,44,29
VAN ZANDT COUNTY,467,28 Years,492,258,234,402,205,197,19,8,11,10,5,5,61,40,21
VAN ZANDT COUNTY,467,29 Years,548,284,264,440,216,224,17,11,6,14,7,7,77,50,27
VAN ZANDT COUNTY,467,30 Years,542,269,273,431,207,224,19,11,8,15,8,7,77,43,34
VAN ZANDT COUNTY,467,31 Years,539,268,271,454,221,233,10,7,3,11,6,5,64,34,30
VAN ZANDT COUNTY,467,32 Years,533,273,260,438,222,216,12,8,4,10,3,7,73,40,33
VAN ZANDT COUNTY,467,33 Years,524,270,254,425,215,210,10,4,6,8,2,6,81,49,32
VAN ZANDT COUNTY,467,34 Years,558,275,283,447,225,222,15,7,8,19,8,11,77,35,42
VAN ZANDT COUNTY,467,35 Years,569,273,296,467,220,247,14,8,6,19,9,10,69,36,33
VAN ZANDT COUNTY,467,36 Years,589,313,276,482,244,238,20,13,7,12,9,3,75,47,28
VAN ZANDT COUNTY,467,37 Years,565,296,269,466,242,224,17,7,10,11,8,3,71,39,32
VAN ZANDT COUNTY,467,38 Years,561,286,275,459,231,228,18,10,8,17,12,5,67,33,34
VAN ZANDT COUNTY,467,39 Years,606,297,309,509,243,266,17,9,8,16,7,9,64,38,26
VAN ZANDT COUNTY,467,40 Years,646,310,336,547,261,286,12,9,3,20,6,14,67,34,33
VAN ZANDT COUNTY,467,41 Years,672,321,351,565,269,296,22,10,12,15,4,11,70,38,32
VAN ZANDT COUNTY,467,42 Years,704,329,375,590,267,323,21,10,11,14,6,8,79,46,33
VAN ZANDT COUNTY,467,43 Years,672,315,357,580,257,323,11,7,4,12,5,7,69,46,23
VAN ZANDT COUNTY,467,44 Years,642,294,348,554,243,311,12,7,5,16,10,6,60,34,26
VAN ZANDT COUNTY,467,45 Years,640,309,331,553,263,290,13,5,8,15,11,4,59,30,29
VAN ZANDT COUNTY,467,46 Years,669,315,354,581,273,308,13,5,8,17,7,10,58,30,28
VAN ZANDT COUNTY,467,47 Years,759,367,392,666,315,351,21,13,8,16,7,9,56,32,24
VAN ZANDT COUNTY,467,48 Years,765,376,389,655,318,337,27,14,13,22,10,12,61,34,27
VAN ZANDT COUNTY,467,49 Years,814,402,412,715,352,363,25,9,16,24,11,13,50,30,20
VAN ZANDT COUNTY,467,50 Years,760,374,386,679,336,343,23,8,15,20,9,11,38,21,17
VAN ZANDT COUNTY,467,51 Years,752,383,369,669,340,329,24,13,11,15,6,9,44,24,20
VAN ZANDT COUNTY,467,52 Years,810,425,385,719,370,349,28,17,11,16,9,7,47,29,18
VAN ZANDT COUNTY,467,53 Years,795,409,386,702,360,342,23,11,12,22,9,13,48,29,19
VAN ZANDT COUNTY,467,54 Years,766,373,393,677,328,349,23,12,11,17,5,12,49,28,21
VAN ZANDT COUNTY,467,55 Years,792,376,416,702,331,371,21,11,10,19,11,8,50,23,27
VAN ZANDT COUNTY,467,56 Years,780,372,408,691,318,373,24,14,10,19,12,7,46,28,18
VAN ZANDT COUNTY,467,57 Years,757,369,388,681,323,358,25,15,10,13,6,7,38,25,13
VAN ZANDT COUNTY,467,58 Years,751,372,379,670,330,340,27,11,16,14,6,8,40,25,15
VAN ZANDT COUNTY,467,59 Years,758,362,396,686,325,361,23,10,13,13,4,9,36,23,13
VAN ZANDT COUNTY,467,60 Years,708,336,372,645,304,341,18,7,11,15,9,6,30,16,14
VAN ZANDT COUNTY,467,61 Years,721,336,385,660,304,356,20,10,10,12,6,6,29,16,13
VAN ZANDT COUNTY,467,62 Years,713,332,381,657,301,356,16,9,7,16,7,9,24,15,9
VAN ZANDT COUNTY,467,63 Years,693,335,358,639,306,333,21,11,10,12,6,6,21,12,9
VAN ZANDT COUNTY,467,64 Years,764,354,410,702,325,377,22,9,13,11,5,6,29,15,14
VAN ZANDT COUNTY,467,65 Years,790,384,406,727,345,382,17,8,9,16,10,6,30,21,9
VAN ZANDT COUNTY,467,66 Years,643,312,331,598,290,308,10,5,5,13,4,9,22,13,9
VAN ZANDT COUNTY,467,67 Years,598,292,306,555,269,286,10,8,2,9,2,7,24,13,11
VAN ZANDT COUNTY,467,68 Years,626,307,319,592,289,303,9,3,6,10,5,5,15,10,5
VAN ZANDT COUNTY,467,69 Years,603,303,300,569,283,286,9,6,3,15,7,8,10,7,3
VAN ZANDT COUNTY,467,70 Years,559,255,304,530,243,287,9,4,5,13,6,7,7,2,5
VAN ZANDT COUNTY,467,71 Years,573,261,312,539,245,294,12,5,7,10,6,4,12,5,7
VAN ZANDT COUNTY,467,72 Years,523,252,271,488,232,256,10,6,4,11,8,3,14,6,8
VAN ZANDT COUNTY,467,73 Years,488,242,246,463,230,233,6,4,2,9,5,4,10,3,7
VAN ZANDT COUNTY,467,74 Years,478,237,241,454,221,233,8,6,2,7,5,2,9,5,4
VAN ZANDT COUNTY,467,75 Years,454,217,237,431,206,225,7,3,4,7,3,4,9,5,4
VAN ZANDT COUNTY,467,76 Years,439,228,211,421,220,201,8,3,5,5,1,4,5,4,1
VAN ZANDT COUNTY,467,77 Years,406,214,192,388,207,181,7,0,7,5,2,3,6,5,1
VAN ZANDT COUNTY,467,78 Years,371,175,196,350,166,184,12,5,7,3,1,2,6,3,3
VAN ZANDT COUNTY,467,79 Years,293,134,159,274,127,147,9,2,7,5,2,3,5,3,2
VAN ZANDT COUNTY,467,80 Years,301,134,167,285,127,158,10,4,6,3,1,2,3,2,1
VAN ZANDT COUNTY,467,81 Years,280,117,163,269,114,155,6,1,5,4,2,2,1,0,1
VAN ZANDT COUNTY,467,82 Years,250,109,141,238,105,133,7,2,5,1,0,1,4,2,2
VAN ZANDT COUNTY,467,83 Years,230,93,137,220,87,133,4,1,3,2,2,0,4,3,1
VAN ZANDT COUNTY,467,84 Years,227,91,136,215,86,129,6,2,4,4,2,2,2,1,1
VAN ZANDT COUNTY,467,85 Years +,1071,367,704,1016,351,665,24,2,22,13,3,10,18,11,7
VICTORIA COUNTY,469,All Ages,88905,43351,45554,41697,20116,21581,5299,2564,2735,2022,975,1047,39887,19696,20191
VICTORIA COUNTY,469,< 1 Year,1267,622,645,506,248,258,57,28,29,23,13,10,681,333,348
VICTORIA COUNTY,469,1 Years,1273,639,634,488,243,245,65,34,31,26,13,13,694,349,345
VICTORIA COUNTY,469,2 Years,1268,648,620,438,223,215,62,33,29,37,18,19,731,374,357
VICTORIA COUNTY,469,3 Years,1286,673,613,414,225,189,65,35,30,44,19,25,763,394,369
VICTORIA COUNTY,469,4 Years,1350,713,637,406,215,191,75,39,36,39,19,20,830,440,390
VICTORIA COUNTY,469,5 Years,1359,701,658,411,203,208,74,40,34,37,16,21,837,442,395
VICTORIA COUNTY,469,6 Years,1347,684,663,397,192,205,86,41,45,37,19,18,827,432,395
VICTORIA COUNTY,469,7 Years,1325,677,648,422,213,209,75,35,40,37,19,18,791,410,381
VICTORIA COUNTY,469,8 Years,1293,643,650,411,205,206,89,41,48,40,20,20,753,377,376
VICTORIA COUNTY,469,9 Years,1296,655,641,398,208,190,86,43,43,51,23,28,761,381,380
VICTORIA COUNTY,469,10 Years,1280,648,632,421,217,204,85,44,41,47,25,22,727,362,365
VICTORIA COUNTY,469,11 Years,1303,635,668,438,219,219,85,40,45,43,21,22,737,355,382
VICTORIA COUNTY,469,12 Years,1321,676,645,452,234,218,84,44,40,43,20,23,742,378,364
VICTORIA COUNTY,469,13 Years,1305,664,641,472,251,221,84,36,48,32,18,14,717,359,358
VICTORIA COUNTY,469,14 Years,1273,624,649,456,222,234,91,37,54,47,22,25,679,343,336
VICTORIA COUNTY,469,15 Years,1274,647,627,476,244,232,89,39,50,48,24,24,661,340,321
VICTORIA COUNTY,469,16 Years,1276,655,621,484,247,237,92,55,37,47,22,25,653,331,322
VICTORIA COUNTY,469,17 Years,1258,632,626,469,227,242,95,53,42,41,20,21,653,332,321
VICTORIA COUNTY,469,18 Years,1333,689,644,483,249,234,91,47,44,45,23,22,714,370,344
VICTORIA COUNTY,469,19 Years,1403,729,674,524,278,246,88,49,39,36,16,20,755,386,369
VICTORIA COUNTY,469,20 Years,1210,619,591,460,249,211,78,38,40,24,12,12,648,320,328
VICTORIA COUNTY,469,21 Years,1110,546,564,424,206,218,55,22,33,32,15,17,599,303,296
VICTORIA COUNTY,469,22 Years,1143,556,587,451,199,252,71,33,38,22,13,9,599,311,288
VICTORIA COUNTY,469,23 Years,1129,565,564,443,220,223,67,33,34,20,10,10,599,302,297
VICTORIA COUNTY,469,24 Years,1130,565,565,467,240,227,64,31,33,26,15,11,573,279,294
VICTORIA COUNTY,469,25 Years,1129,568,561,453,237,216,79,39,40,22,9,13,575,283,292
VICTORIA COUNTY,469,26 Years,1162,577,585,445,216,229,76,43,33,21,11,10,620,307,313
VICTORIA COUNTY,469,27 Years,1168,553,615,499,237,262,81,35,46,27,15,12,561,266,295
VICTORIA COUNTY,469,28 Years,1099,517,582,478,212,266,86,36,50,22,11,11,513,258,255
VICTORIA COUNTY,469,29 Years,1152,582,570,474,246,228,60,27,33,22,11,11,596,298,298
VICTORIA COUNTY,469,30 Years,1192,577,615,518,257,261,72,26,46,29,17,12,573,277,296
VICTORIA COUNTY,469,31 Years,1172,556,616,534,257,277,51,30,21,24,11,13,563,258,305
VICTORIA COUNTY,469,32 Years,1199,585,614,522,261,261,82,39,43,21,9,12,574,276,298
VICTORIA COUNTY,469,33 Years,1086,537,549,488,236,252,74,39,35,19,12,7,505,250,255
VICTORIA COUNTY,469,34 Years,997,488,509,428,204,224,63,35,28,22,10,12,484,239,245
VICTORIA COUNTY,469,35 Years,995,511,484,406,213,193,60,31,29,16,9,7,513,258,255
VICTORIA COUNTY,469,36 Years,1032,527,505,418,226,192,72,42,30,21,9,12,521,250,271
VICTORIA COUNTY,469,37 Years,1011,511,500,435,225,210,59,33,26,29,12,17,488,241,247
VICTORIA COUNTY,469,38 Years,1000,483,517,444,222,222,57,30,27,29,9,20,470,222,248
VICTORIA COUNTY,469,39 Years,1044,511,533,476,235,241,60,39,21,31,9,22,477,228,249
VICTORIA COUNTY,469,40 Years,1063,533,530,482,233,249,56,34,22,31,14,17,494,252,242
VICTORIA COUNTY,469,41 Years,1044,508,536,470,221,249,72,41,31,17,6,11,485,240,245
VICTORIA COUNTY,469,42 Years,1066,529,537,511,250,261,57,32,25,13,7,6,485,240,245
VICTORIA COUNTY,469,43 Years,976,475,501,450,224,226,52,26,26,16,7,9,458,218,240
VICTORIA COUNTY,469,44 Years,948,448,500,427,207,220,59,29,30,19,7,12,443,205,238
VICTORIA COUNTY,469,45 Years,967,460,507,467,216,251,51,28,23,18,8,10,431,208,223
VICTORIA COUNTY,469,46 Years,1041,527,514,521,260,261,59,38,21,16,7,9,445,222,223
VICTORIA COUNTY,469,47 Years,1128,540,588,567,270,297,77,39,38,17,7,10,467,224,243
VICTORIA COUNTY,469,48 Years,1200,589,611,612,293,319,74,35,39,27,14,13,487,247,240
VICTORIA COUNTY,469,49 Years,1210,581,629,633,287,346,70,31,39,28,18,10,479,245,234
VICTORIA COUNTY,469,50 Years,1237,574,663,661,295,366,75,33,42,31,16,15,470,230,240
VICTORIA COUNTY,469,51 Years,1283,626,657,708,344,364,74,32,42,26,14,12,475,236,239
VICTORIA COUNTY,469,52 Years,1267,623,644,715,361,354,76,34,42,19,10,9,457,218,239
VICTORIA COUNTY,469,53 Years,1276,616,660,730,354,376,74,31,43,22,9,13,450,222,228
VICTORIA COUNTY,469,54 Years,1309,637,672,741,354,387,70,33,37,28,11,17,470,239,231
VICTORIA COUNTY,469,55 Years,1220,617,603,665,322,343,63,35,28,31,14,17,461,246,215
VICTORIA COUNTY,469,56 Years,1186,592,594,683,330,353,68,33,35,23,14,9,412,215,197
VICTORIA COUNTY,469,57 Years,1253,613,640,715,347,368,84,38,46,31,19,12,423,209,214
VICTORIA COUNTY,469,58 Years,1165,554,611,674,323,351,77,37,40,32,18,14,382,176,206
VICTORIA COUNTY,469,59 Years,1093,530,563,631,309,322,75,41,34,24,11,13,363,169,194
VICTORIA COUNTY,469,60 Years,1079,504,575,630,296,334,71,34,37,18,7,11,360,167,193
VICTORIA COUNTY,469,61 Years,1030,514,516,600,298,302,66,28,38,20,9,11,344,179,165
VICTORIA COUNTY,469,62 Years,1021,484,537,592,286,306,56,19,37,21,10,11,352,169,183
VICTORIA COUNTY,469,63 Years,999,471,528,588,270,318,66,28,38,17,7,10,328,166,162
VICTORIA COUNTY,469,64 Years,981,464,517,590,279,311,67,28,39,20,9,11,304,148,156
VICTORIA COUNTY,469,65 Years,948,439,509,577,273,304,51,21,30,21,11,10,299,134,165
VICTORIA COUNTY,469,66 Years,860,425,435,493,251,242,46,25,21,14,7,7,307,142,165
VICTORIA COUNTY,469,67 Years,768,373,395,455,225,230,38,19,19,14,6,8,261,123,138
VICTORIA COUNTY,469,68 Years,739,326,413,489,216,273,34,14,20,12,6,6,204,90,114
VICTORIA COUNTY,469,69 Years,705,339,366,458,227,231,40,20,20,8,4,4,199,88,111
VICTORIA COUNTY,469,70 Years,672,306,366,455,206,249,36,19,17,6,3,3,175,78,97
VICTORIA COUNTY,469,71 Years,610,274,336,414,189,225,24,11,13,6,4,2,166,70,96
VICTORIA COUNTY,469,72 Years,567,244,323,378,165,213,24,11,13,12,5,7,153,63,90
VICTORIA COUNTY,469,73 Years,558,242,316,352,156,196,29,10,19,11,6,5,166,70,96
VICTORIA COUNTY,469,74 Years,532,255,277,336,161,175,27,12,15,10,6,4,159,76,83
VICTORIA COUNTY,469,75 Years,499,217,282,325,145,180,22,11,11,7,1,6,145,60,85
VICTORIA COUNTY,469,76 Years,475,212,263,312,146,166,26,11,15,4,1,3,133,54,79
VICTORIA COUNTY,469,77 Years,485,216,269,325,135,190,21,8,13,4,1,3,135,72,63
VICTORIA COUNTY,469,78 Years,425,178,247,280,116,164,19,6,13,9,4,5,117,52,65
VICTORIA COUNTY,469,79 Years,428,180,248,298,129,169,19,7,12,3,2,1,108,42,66
VICTORIA COUNTY,469,80 Years,434,189,245,316,142,174,16,6,10,4,2,2,98,39,59
VICTORIA COUNTY,469,81 Years,375,163,212,268,114,154,20,7,13,4,1,3,83,41,42
VICTORIA COUNTY,469,82 Years,333,133,200,245,97,148,14,5,9,5,2,3,69,29,40
VICTORIA COUNTY,469,83 Years,292,127,165,216,96,120,11,3,8,4,1,3,61,27,34
VICTORIA COUNTY,469,84 Years,305,127,178,225,96,129,18,5,13,6,2,4,56,24,32
VICTORIA COUNTY,469,85 Years +,1603,589,1014,1188,441,747,90,22,68,14,8,6,311,118,193
WALKER COUNTY,471,All Ages,68827,40466,28361,39936,22407,17529,15263,9837,5426,1814,916,898,11814,7306,4508
WALKER COUNTY,471,< 1 Year,590,296,294,319,161,158,112,60,52,19,9,10,140,66,74
WALKER COUNTY,471,1 Years,677,339,338,312,157,155,144,73,71,38,20,18,183,89,94
WALKER COUNTY,471,2 Years,692,363,329,309,159,150,152,74,78,38,20,18,193,110,83
WALKER COUNTY,471,3 Years,666,353,313,310,167,143,151,73,78,30,13,17,175,100,75
WALKER COUNTY,471,4 Years,640,331,309,299,157,142,131,64,67,38,23,15,172,87,85
WALKER COUNTY,471,5 Years,647,323,324,294,148,146,153,81,72,35,20,15,165,74,91
WALKER COUNTY,471,6 Years,645,341,304,284,156,128,153,76,77,43,24,19,165,85,80
WALKER COUNTY,471,7 Years,626,317,309,283,145,138,131,56,75,32,18,14,180,98,82
WALKER COUNTY,471,8 Years,581,289,292,256,125,131,127,58,69,26,15,11,172,91,81
WALKER COUNTY,471,9 Years,625,317,308,312,159,153,132,64,68,25,15,10,156,79,77
WALKER COUNTY,471,10 Years,581,298,283,290,143,147,108,56,52,35,19,16,148,80,68
WALKER COUNTY,471,11 Years,605,310,295,301,143,158,129,70,59,28,16,12,147,81,66
WALKER COUNTY,471,12 Years,605,306,299,281,133,148,142,83,59,25,10,15,157,80,77
WALKER COUNTY,471,13 Years,594,298,296,306,154,152,123,62,61,26,12,14,139,70,69
WALKER COUNTY,471,14 Years,609,312,297,315,166,149,136,64,72,27,12,15,131,70,61
WALKER COUNTY,471,15 Years,602,298,304,330,174,156,125,60,65,23,7,16,124,57,67
WALKER COUNTY,471,16 Years,615,301,314,324,156,168,127,66,61,25,9,16,139,70,69
WALKER COUNTY,471,17 Years,737,394,343,329,172,157,222,122,100,23,7,16,163,93,70
WALKER COUNTY,471,18 Years,1293,631,662,653,316,337,335,151,184,24,16,8,281,148,133
WALKER COUNTY,471,19 Years,2235,1050,1185,1235,586,649,458,205,253,60,27,33,482,232,250
WALKER COUNTY,471,20 Years,2156,1022,1134,1254,585,669,446,218,228,68,33,35,388,186,202
WALKER COUNTY,471,21 Years,2396,1267,1129,1451,759,692,449,230,219,90,49,41,406,229,177
WALKER COUNTY,471,22 Years,2346,1365,981,1457,836,621,446,257,189,77,39,38,366,233,133
WALKER COUNTY,471,23 Years,1856,1053,803,1077,600,477,356,203,153,56,25,31,367,225,142
WALKER COUNTY,471,24 Years,1484,871,613,779,448,331,353,214,139,56,31,25,296,178,118
WALKER COUNTY,471,25 Years,1229,711,518,656,355,301,285,177,108,42,24,18,246,155,91
WALKER COUNTY,471,26 Years,1134,706,428,643,376,267,245,176,69,41,26,15,205,128,77
WALKER COUNTY,471,27 Years,1039,711,328,524,343,181,237,172,65,25,19,6,253,177,76
WALKER COUNTY,471,28 Years,1023,674,349,495,301,194,244,173,71,43,23,20,241,177,64
WALKER COUNTY,471,29 Years,1006,670,336,496,288,208,272,209,63,27,16,11,211,157,54
WALKER COUNTY,471,30 Years,1007,674,333,518,307,211,245,191,54,22,10,12,222,166,56
WALKER COUNTY,471,31 Years,932,601,331,478,274,204,231,172,59,20,9,11,203,146,57
WALKER COUNTY,471,32 Years,883,624,259,441,291,150,222,175,47,17,10,7,203,148,55
WALKER COUNTY,471,33 Years,831,566,265,440,288,152,225,158,67,12,5,7,154,115,39
WALKER COUNTY,471,34 Years,830,568,262,400,245,155,214,165,49,14,9,5,202,149,53
WALKER COUNTY,471,35 Years,897,612,285,407,251,156,265,211,54,14,6,8,211,144,67
WALKER COUNTY,471,36 Years,894,612,282,425,258,167,251,204,47,25,12,13,193,138,55
WALKER COUNTY,471,37 Years,836,566,270,443,281,162,214,159,55,24,11,13,155,115,40
WALKER COUNTY,471,38 Years,816,580,236,410,280,130,227,171,56,20,8,12,159,121,38
WALKER COUNTY,471,39 Years,895,629,266,419,277,142,265,209,56,13,6,7,198,137,61
WALKER COUNTY,471,40 Years,940,661,279,481,315,166,248,199,49,15,7,8,196,140,56
WALKER COUNTY,471,41 Years,1029,722,307,579,388,191,265,207,58,20,9,11,165,118,47
WALKER COUNTY,471,42 Years,991,703,288,528,362,166,250,192,58,21,13,8,192,136,56
WALKER COUNTY,471,43 Years,930,642,288,541,358,183,205,156,49,17,11,6,167,117,50
WALKER COUNTY,471,44 Years,942,679,263,515,346,169,258,207,51,12,5,7,157,121,36
WALKER COUNTY,471,45 Years,920,658,262,494,326,168,258,207,51,14,7,7,154,118,36
WALKER COUNTY,471,46 Years,1020,710,310,550,375,175,298,227,71,11,5,6,161,103,58
WALKER COUNTY,471,47 Years,1043,731,312,582,397,185,306,235,71,16,7,9,139,92,47
WALKER COUNTY,471,48 Years,993,676,317,571,360,211,252,198,54,18,8,10,152,110,42
WALKER COUNTY,471,49 Years,972,641,331,558,343,215,261,198,63,19,10,9,134,90,44
WALKER COUNTY,471,50 Years,1000,682,318,570,363,207,284,218,66,16,10,6,130,91,39
WALKER COUNTY,471,51 Years,1055,713,342,621,394,227,289,221,68,17,11,6,128,87,41
WALKER COUNTY,471,52 Years,1032,678,354,625,390,235,275,208,67,15,7,8,117,73,44
WALKER COUNTY,471,53 Years,998,665,333,618,386,232,254,199,55,14,5,9,112,75,37
WALKER COUNTY,471,54 Years,891,561,330,560,337,223,209,148,61,13,4,9,109,72,37
WALKER COUNTY,471,55 Years,780,502,278,481,296,185,199,142,57,16,6,10,84,58,26
WALKER COUNTY,471,56 Years,773,479,294,497,289,208,186,135,51,18,7,11,72,48,24
WALKER COUNTY,471,57 Years,818,475,343,543,309,234,150,99,51,13,5,8,112,62,50
WALKER COUNTY,471,58 Years,769,444,325,513,282,231,130,78,52,17,9,8,109,75,34
WALKER COUNTY,471,59 Years,759,409,350,525,254,271,144,95,49,17,7,10,73,53,20
WALKER COUNTY,471,60 Years,707,393,314,482,258,224,148,87,61,15,6,9,62,42,20
WALKER COUNTY,471,61 Years,662,350,312,486,247,239,112,66,46,11,4,7,53,33,20
WALKER COUNTY,471,62 Years,729,406,323,503,271,232,118,71,47,14,9,5,94,55,39
WALKER COUNTY,471,63 Years,669,385,284,494,276,218,104,64,40,10,6,4,61,39,22
WALKER COUNTY,471,64 Years,628,366,262,482,267,215,95,64,31,9,5,4,42,30,12
WALKER COUNTY,471,65 Years,569,311,258,436,229,207,85,54,31,8,4,4,40,24,16
WALKER COUNTY,471,66 Years,481,236,245,353,169,184,78,40,38,11,4,7,39,23,16
WALKER COUNTY,471,67 Years,489,272,217,378,212,166,68,38,30,12,5,7,31,17,14
WALKER COUNTY,471,68 Years,453,241,212,354,184,170,62,33,29,9,6,3,28,18,10
WALKER COUNTY,471,69 Years,481,248,233,377,182,195,72,42,30,8,6,2,24,18,6
WALKER COUNTY,471,70 Years,444,224,220,360,181,179,68,35,33,6,3,3,10,5,5
WALKER COUNTY,471,71 Years,401,197,204,332,167,165,47,18,29,5,3,2,17,9,8
WALKER COUNTY,471,72 Years,391,206,185,315,172,143,49,23,26,6,2,4,21,9,12
WALKER COUNTY,471,73 Years,362,198,164,294,167,127,51,23,28,3,1,2,14,7,7
WALKER COUNTY,471,74 Years,316,160,156,260,131,129,39,20,19,1,1,0,16,8,8
WALKER COUNTY,471,75 Years,293,143,150,240,122,118,37,15,22,2,1,1,14,5,9
WALKER COUNTY,471,76 Years,279,153,126,234,135,99,36,15,21,1,1,0,8,2,6
WALKER COUNTY,471,77 Years,278,127,151,224,106,118,42,14,28,3,1,2,9,6,3
WALKER COUNTY,471,78 Years,239,111,128,195,96,99,34,11,23,1,0,1,9,4,5
WALKER COUNTY,471,79 Years,205,98,107,174,84,90,21,7,14,1,1,0,9,6,3
WALKER COUNTY,471,80 Years,200,78,122,169,71,98,20,5,15,2,0,2,9,2,7
WALKER COUNTY,471,81 Years,206,82,124,174,73,101,18,3,15,4,2,2,10,4,6
WALKER COUNTY,471,82 Years,189,77,112,155,63,92,23,9,14,6,3,3,5,2,3
WALKER COUNTY,471,83 Years,171,68,103,149,62,87,15,4,11,2,1,1,5,1,4
WALKER COUNTY,471,84 Years,160,66,94,135,58,77,18,7,11,3,0,3,4,1,3
WALKER COUNTY,471,85 Years +,815,290,525,674,234,440,99,38,61,16,5,11,26,13,13
WALLER COUNTY,473,All Ages,44547,22071,22476,19463,9537,9926,10751,4919,5832,902,444,458,13431,7171,6260
WALLER COUNTY,473,< 1 Year,562,278,284,193,95,98,106,50,56,11,6,5,252,127,125
WALLER COUNTY,473,1 Years,580,291,289,193,96,97,143,71,72,8,4,4,236,120,116
WALLER COUNTY,473,2 Years,617,324,293,184,97,87,132,67,65,10,5,5,291,155,136
WALLER COUNTY,473,3 Years,630,325,305,190,100,90,123,60,63,18,7,11,299,158,141
WALLER COUNTY,473,4 Years,652,336,316,181,94,87,131,57,74,13,7,6,327,178,149
WALLER COUNTY,473,5 Years,643,320,323,210,94,116,94,47,47,13,9,4,326,170,156
WALLER COUNTY,473,6 Years,605,299,306,202,100,102,96,47,49,11,5,6,296,147,149
WALLER COUNTY,473,7 Years,586,292,294,196,96,100,87,37,50,14,9,5,289,150,139
WALLER COUNTY,473,8 Years,562,269,293,187,80,107,86,40,46,15,7,8,274,142,132
WALLER COUNTY,473,9 Years,581,282,299,197,91,106,98,46,52,12,3,9,274,142,132
WALLER COUNTY,473,10 Years,574,298,276,190,99,91,93,45,48,12,4,8,279,150,129
WALLER COUNTY,473,11 Years,628,337,291,231,117,114,106,54,52,17,10,7,274,156,118
WALLER COUNTY,473,12 Years,601,296,305,218,99,119,97,54,43,16,10,6,270,133,137
WALLER COUNTY,473,13 Years,584,295,289,209,108,101,98,46,52,15,10,5,262,131,131
WALLER COUNTY,473,14 Years,588,312,276,210,114,96,90,45,45,18,6,12,270,147,123
WALLER COUNTY,473,15 Years,604,318,286,244,119,125,93,55,38,22,12,10,245,132,113
WALLER COUNTY,473,16 Years,580,302,278,240,121,119,91,43,48,30,15,15,219,123,96
WALLER COUNTY,473,17 Years,653,319,334,276,135,141,112,44,68,19,8,11,246,132,114
WALLER COUNTY,473,18 Years,1334,606,728,262,139,123,761,314,447,24,6,18,287,147,140
WALLER COUNTY,473,19 Years,1749,796,953,226,122,104,1219,525,694,27,13,14,277,136,141
WALLER COUNTY,473,20 Years,1371,613,758,196,104,92,874,357,517,24,9,15,277,143,134
WALLER COUNTY,473,21 Years,1207,577,630,196,104,92,715,318,397,31,17,14,265,138,127
WALLER COUNTY,473,22 Years,975,478,497,190,97,93,503,238,265,23,11,12,259,132,127
WALLER COUNTY,473,23 Years,823,442,381,202,99,103,356,196,160,23,15,8,242,132,110
WALLER COUNTY,473,24 Years,624,360,264,170,84,86,238,149,89,11,8,3,205,119,86
WALLER COUNTY,473,25 Years,494,271,223,156,69,87,126,74,52,11,6,5,201,122,79
WALLER COUNTY,473,26 Years,460,231,229,155,77,78,111,49,62,9,6,3,185,99,86
WALLER COUNTY,473,27 Years,455,238,217,145,74,71,99,55,44,12,7,5,199,102,97
WALLER COUNTY,473,28 Years,471,235,236,165,85,80,85,31,54,10,6,4,211,113,98
WALLER COUNTY,473,29 Years,476,261,215,159,86,73,99,51,48,9,3,6,209,121,88
WALLER COUNTY,473,30 Years,494,251,243,167,78,89,87,36,51,10,7,3,230,130,100
WALLER COUNTY,473,31 Years,495,254,241,175,80,95,93,53,40,7,5,2,220,116,104
WALLER COUNTY,473,32 Years,490,259,231,184,91,93,87,45,42,8,5,3,211,118,93
WALLER COUNTY,473,33 Years,459,227,232,188,81,107,73,38,35,2,0,2,196,108,88
WALLER COUNTY,473,34 Years,448,219,229,189,93,96,57,21,36,4,3,1,198,102,96
WALLER COUNTY,473,35 Years,426,226,200,179,98,81,53,21,32,5,3,2,189,104,85
WALLER COUNTY,473,36 Years,422,229,193,164,91,73,65,29,36,5,2,3,188,107,81
WALLER COUNTY,473,37 Years,470,252,218,204,104,100,51,25,26,6,4,2,209,119,90
WALLER COUNTY,473,38 Years,520,249,271,219,108,111,86,33,53,7,4,3,208,104,104
WALLER COUNTY,473,39 Years,468,217,251,198,94,104,88,32,56,5,3,2,177,88,89
WALLER COUNTY,473,40 Years,490,223,267,228,101,127,64,27,37,8,3,5,190,92,98
WALLER COUNTY,473,41 Years,503,243,260,261,123,138,54,25,29,6,3,3,182,92,90
WALLER COUNTY,473,42 Years,527,267,260,255,123,132,68,29,39,9,4,5,195,111,84
WALLER COUNTY,473,43 Years,557,282,275,284,135,149,77,38,39,12,7,5,184,102,82
WALLER COUNTY,473,44 Years,522,274,248,266,137,129,73,40,33,14,6,8,169,91,78
WALLER COUNTY,473,45 Years,514,235,279,270,113,157,82,41,41,11,5,6,151,76,75
WALLER COUNTY,473,46 Years,536,262,274,284,137,147,88,37,51,8,2,6,156,86,70
WALLER COUNTY,473,47 Years,568,289,279,298,149,149,91,39,52,12,5,7,167,96,71
WALLER COUNTY,473,48 Years,609,301,308,337,163,174,93,40,53,13,4,9,166,94,72
WALLER COUNTY,473,49 Years,612,309,303,347,162,185,93,48,45,12,7,5,160,92,68
WALLER COUNTY,473,50 Years,568,272,296,324,145,179,95,45,50,9,4,5,140,78,62
WALLER COUNTY,473,51 Years,605,296,309,359,175,184,101,47,54,14,5,9,131,69,62
WALLER COUNTY,473,52 Years,619,301,318,383,178,205,103,50,53,12,6,6,121,67,54
WALLER COUNTY,473,53 Years,615,313,302,388,192,196,103,49,54,12,7,5,112,65,47
WALLER COUNTY,473,54 Years,624,320,304,391,197,194,99,42,57,11,6,5,123,75,48
WALLER COUNTY,473,55 Years,535,271,264,346,175,171,75,31,44,7,5,2,107,60,47
WALLER COUNTY,473,56 Years,531,282,249,337,175,162,86,49,37,6,5,1,102,53,49
WALLER COUNTY,473,57 Years,582,301,281,384,196,188,86,44,42,9,5,4,103,56,47
WALLER COUNTY,473,58 Years,550,261,289,368,171,197,87,40,47,13,6,7,82,44,38
WALLER COUNTY,473,59 Years,543,269,274,370,182,188,74,34,40,11,6,5,88,47,41
WALLER COUNTY,473,60 Years,537,266,271,357,174,183,89,41,48,12,6,6,79,45,34
WALLER COUNTY,473,61 Years,479,243,236,325,166,159,80,32,48,9,5,4,65,40,25
WALLER COUNTY,473,62 Years,452,205,247,311,142,169,75,29,46,9,4,5,57,30,27
WALLER COUNTY,473,63 Years,466,221,245,319,155,164,74,30,44,10,3,7,63,33,30
WALLER COUNTY,473,64 Years,466,238,228,334,177,157,64,28,36,8,2,6,60,31,29
WALLER COUNTY,473,65 Years,428,213,215,300,155,145,60,27,33,11,3,8,57,28,29
WALLER COUNTY,473,66 Years,390,192,198,264,132,132,56,25,31,11,3,8,59,32,27
WALLER COUNTY,473,67 Years,365,180,185,258,127,131,58,27,31,4,2,2,45,24,21
WALLER COUNTY,473,68 Years,363,182,181,263,135,128,49,23,26,8,4,4,43,20,23
WALLER COUNTY,473,69 Years,322,168,154,234,124,110,41,16,25,9,5,4,38,23,15
WALLER COUNTY,473,70 Years,309,158,151,234,122,112,41,17,24,6,4,2,28,15,13
WALLER COUNTY,473,71 Years,282,141,141,207,106,101,42,18,24,7,4,3,26,13,13
WALLER COUNTY,473,72 Years,232,112,120,156,77,79,46,22,24,5,2,3,25,11,14
WALLER COUNTY,473,73 Years,211,95,116,142,60,82,39,20,19,5,2,3,25,13,12
WALLER COUNTY,473,74 Years,214,105,109,150,75,75,40,17,23,2,1,1,22,12,10
WALLER COUNTY,473,75 Years,186,94,92,129,68,61,39,14,25,2,2,0,16,10,6
WALLER COUNTY,473,76 Years,181,78,103,125,55,70,37,12,25,3,2,1,16,9,7
WALLER COUNTY,473,77 Years,161,60,101,107,46,61,38,9,29,2,1,1,14,4,10
WALLER COUNTY,473,78 Years,128,57,71,84,41,43,30,10,20,1,0,1,13,6,7
WALLER COUNTY,473,79 Years,141,68,73,92,44,48,36,18,18,1,0,1,12,6,6
WALLER COUNTY,473,80 Years,149,75,74,98,49,49,41,20,21,2,2,0,8,4,4
WALLER COUNTY,473,81 Years,133,58,75,90,39,51,30,12,18,2,2,0,11,5,6
WALLER COUNTY,473,82 Years,122,46,76,78,27,51,30,13,17,1,0,1,13,6,7
WALLER COUNTY,473,83 Years,102,44,58,70,30,40,25,12,13,2,0,2,5,2,3
WALLER COUNTY,473,84 Years,80,36,44,56,23,33,20,11,9,1,0,1,3,2,1
WALLER COUNTY,473,85 Years +,477,181,296,360,146,214,77,23,54,13,4,9,27,8,19
WARD COUNTY,475,All Ages,10874,5234,5640,4956,2331,2625,488,251,237,197,97,100,5233,2555,2678
WARD COUNTY,475,< 1 Year,166,75,91,74,35,39,9,5,4,3,1,2,80,34,46
WARD COUNTY,475,1 Years,160,78,82,65,32,33,7,4,3,3,1,2,85,41,44
WARD COUNTY,475,2 Years,149,76,73,53,25,28,12,5,7,2,1,1,82,45,37
WARD COUNTY,475,3 Years,167,88,79,47,22,25,12,5,7,4,2,2,104,59,45
WARD COUNTY,475,4 Years,170,87,83,46,25,21,8,4,4,4,2,2,112,56,56
WARD COUNTY,475,5 Years,161,73,88,56,28,28,10,3,7,3,1,2,92,41,51
WARD COUNTY,475,6 Years,168,70,98,62,29,33,7,2,5,3,1,2,96,38,58
WARD COUNTY,475,7 Years,174,74,100,58,27,31,9,3,6,2,1,1,105,43,62
WARD COUNTY,475,8 Years,171,84,87,56,28,28,8,4,4,7,2,5,100,50,50
WARD COUNTY,475,9 Years,168,79,89,52,27,25,5,4,1,4,1,3,107,47,60
WARD COUNTY,475,10 Years,158,75,83,45,21,24,10,6,4,6,3,3,97,45,52
WARD COUNTY,475,11 Years,156,85,71,39,18,21,8,5,3,5,3,2,104,59,45
WARD COUNTY,475,12 Years,156,78,78,54,28,26,10,3,7,4,1,3,88,46,42
WARD COUNTY,475,13 Years,150,67,83,55,23,32,10,3,7,4,2,2,81,39,42
WARD COUNTY,475,14 Years,151,78,73,44,20,24,10,3,7,2,1,1,95,54,41
WARD COUNTY,475,15 Years,169,87,82,61,30,31,9,4,5,5,4,1,94,49,45
WARD COUNTY,475,16 Years,168,86,82,58,25,33,9,5,4,6,6,0,95,50,45
WARD COUNTY,475,17 Years,160,80,80,61,30,31,10,5,5,3,2,1,86,43,43
WARD COUNTY,475,18 Years,162,77,85,59,30,29,7,4,3,3,2,1,93,41,52
WARD COUNTY,475,19 Years,172,89,83,57,31,26,8,5,3,4,1,3,103,52,51
WARD COUNTY,475,20 Years,159,82,77,62,29,33,6,5,1,1,1,0,90,47,43
WARD COUNTY,475,21 Years,112,54,58,44,22,22,5,1,4,1,0,1,62,31,31
WARD COUNTY,475,22 Years,130,71,59,44,31,13,7,2,5,3,1,2,76,37,39
WARD COUNTY,475,23 Years,147,77,70,52,27,25,8,5,3,4,2,2,83,43,40
WARD COUNTY,475,24 Years,124,56,68,47,17,30,5,3,2,5,3,2,67,33,34
WARD COUNTY,475,25 Years,117,59,58,48,21,27,7,5,2,5,2,3,57,31,26
WARD COUNTY,475,26 Years,119,58,61,47,23,24,5,2,3,4,2,2,63,31,32
WARD COUNTY,475,27 Years,123,60,63,51,26,25,11,5,6,5,4,1,56,25,31
WARD COUNTY,475,28 Years,126,63,63,48,20,28,6,4,2,3,2,1,69,37,32
WARD COUNTY,475,29 Years,137,63,74,63,25,38,4,3,1,2,0,2,68,35,33
WARD COUNTY,475,30 Years,141,70,71,62,30,32,2,0,2,2,0,2,75,40,35
WARD COUNTY,475,31 Years,154,75,79,62,30,32,8,2,6,5,3,2,79,40,39
WARD COUNTY,475,32 Years,143,71,72,51,24,27,10,5,5,3,1,2,79,41,38
WARD COUNTY,475,33 Years,123,69,54,50,25,25,5,4,1,2,1,1,66,39,27
WARD COUNTY,475,34 Years,107,55,52,53,24,29,3,2,1,1,0,1,50,29,21
WARD COUNTY,475,35 Years,115,59,56,56,29,27,3,3,0,2,1,1,54,26,28
WARD COUNTY,475,36 Years,129,59,70,56,26,30,2,1,1,2,1,1,69,31,38
WARD COUNTY,475,37 Years,119,55,64,50,18,32,4,2,2,2,0,2,63,35,28
WARD COUNTY,475,38 Years,104,45,59,45,18,27,4,2,2,1,1,0,54,24,30
WARD COUNTY,475,39 Years,125,50,75,50,22,28,4,1,3,3,2,1,68,25,43
WARD COUNTY,475,40 Years,110,48,62,49,22,27,3,0,3,2,1,1,56,25,31
WARD COUNTY,475,41 Years,129,68,61,65,35,30,6,5,1,2,1,1,56,27,29
WARD COUNTY,475,42 Years,119,63,56,55,31,24,5,3,2,2,2,0,57,27,30
WARD COUNTY,475,43 Years,116,54,62,58,24,34,1,1,0,2,2,0,55,27,28
WARD COUNTY,475,44 Years,124,62,62,59,30,29,6,5,1,0,0,0,59,27,32
WARD COUNTY,475,45 Years,121,65,56,62,34,28,6,3,3,2,2,0,51,26,25
WARD COUNTY,475,46 Years,142,76,66,73,36,37,6,4,2,3,3,0,60,33,27
WARD COUNTY,475,47 Years,151,78,73,73,38,35,9,6,3,2,2,0,67,32,35
WARD COUNTY,475,48 Years,143,61,82,63,26,37,7,4,3,3,2,1,70,29,41
WARD COUNTY,475,49 Years,158,76,82,78,36,42,7,3,4,1,1,0,72,36,36
WARD COUNTY,475,50 Years,146,69,77,79,33,46,9,5,4,0,0,0,58,31,27
WARD COUNTY,475,51 Years,156,81,75,79,43,36,6,2,4,4,1,3,67,35,32
WARD COUNTY,475,52 Years,154,73,81,81,42,39,5,2,3,2,1,1,66,28,38
WARD COUNTY,475,53 Years,161,79,82,85,40,45,9,6,3,0,0,0,67,33,34
WARD COUNTY,475,54 Years,150,75,75,72,36,36,10,7,3,3,1,2,65,31,34
WARD COUNTY,475,55 Years,142,71,71,80,38,42,3,2,1,4,2,2,55,29,26
WARD COUNTY,475,56 Years,149,69,80,87,41,46,6,4,2,2,0,2,54,24,30
WARD COUNTY,475,57 Years,159,76,83,92,43,49,7,4,3,2,0,2,58,29,29
WARD COUNTY,475,58 Years,128,65,63,82,42,40,7,2,5,2,1,1,37,20,17
WARD COUNTY,475,59 Years,124,55,69,73,35,38,5,2,3,3,1,2,43,17,26
WARD COUNTY,475,60 Years,121,64,57,64,33,31,8,5,3,2,1,1,47,25,22
WARD COUNTY,475,61 Years,124,54,70,61,23,38,5,3,2,1,1,0,57,27,30
WARD COUNTY,475,62 Years,131,62,69,76,38,38,3,1,2,2,0,2,50,23,27
WARD COUNTY,475,63 Years,127,65,62,69,37,32,2,1,1,1,0,1,55,27,28
WARD COUNTY,475,64 Years,128,59,69,73,36,37,5,3,2,0,0,0,50,20,30
WARD COUNTY,475,65 Years,119,59,60,70,38,32,7,3,4,0,0,0,42,18,24
WARD COUNTY,475,66 Years,90,42,48,50,26,24,2,1,1,1,0,1,37,15,22
WARD COUNTY,475,67 Years,93,47,46,55,31,24,3,0,3,4,1,3,31,15,16
WARD COUNTY,475,68 Years,99,49,50,53,27,26,2,2,0,3,1,2,41,19,22
WARD COUNTY,475,69 Years,89,43,46,52,25,27,5,3,2,0,0,0,32,15,17
WARD COUNTY,475,70 Years,81,39,42,47,22,25,5,2,3,1,1,0,28,14,14
WARD COUNTY,475,71 Years,70,30,40,38,14,24,2,1,1,3,2,1,27,13,14
WARD COUNTY,475,72 Years,73,32,41,43,16,27,1,1,0,1,0,1,28,15,13
WARD COUNTY,475,73 Years,70,26,44,44,13,31,1,0,1,1,0,1,24,13,11
WARD COUNTY,475,74 Years,66,30,36,41,15,26,2,1,1,1,1,0,22,13,9
WARD COUNTY,475,75 Years,61,21,40,37,12,25,2,0,2,0,0,0,22,9,13
WARD COUNTY,475,76 Years,75,34,41,52,22,30,2,2,0,0,0,0,21,10,11
WARD COUNTY,475,77 Years,70,36,34,46,24,22,0,0,0,0,0,0,24,12,12
WARD COUNTY,475,78 Years,63,32,31,38,19,19,2,1,1,0,0,0,23,12,11
WARD COUNTY,475,79 Years,57,23,34,33,13,20,3,2,1,0,0,0,21,8,13
WARD COUNTY,475,80 Years,63,25,38,41,15,26,3,2,1,0,0,0,19,8,11
WARD COUNTY,475,81 Years,57,26,31,38,18,20,2,1,1,0,0,0,17,7,10
WARD COUNTY,475,82 Years,56,24,32,36,15,21,2,2,0,1,0,1,17,7,10
WARD COUNTY,475,83 Years,48,16,32,31,10,21,2,1,1,0,0,0,15,5,10
WARD COUNTY,475,84 Years,38,12,26,29,8,21,0,0,0,0,0,0,9,4,5
WARD COUNTY,475,85 Years +,213,83,130,151,55,96,7,4,3,1,1,0,54,23,31
WASHINGTON COUNTY,477,All Ages,34369,16966,17403,22435,10929,11506,6040,2959,3081,861,414,447,5033,2664,2369
WASHINGTON COUNTY,477,< 1 Year,410,206,204,199,105,94,75,32,43,10,6,4,126,63,63
WASHINGTON COUNTY,477,1 Years,421,218,203,205,108,97,91,43,48,12,7,5,113,60,53
WASHINGTON COUNTY,477,2 Years,403,206,197,200,102,98,78,46,32,11,4,7,114,54,60
WASHINGTON COUNTY,477,3 Years,428,221,207,199,101,98,91,53,38,19,8,11,119,59,60
WASHINGTON COUNTY,477,4 Years,424,207,217,197,92,105,95,50,45,18,9,9,114,56,58
WASHINGTON COUNTY,477,5 Years,392,198,194,182,92,90,81,40,41,17,7,10,112,59,53
WASHINGTON COUNTY,477,6 Years,395,197,198,191,99,92,85,39,46,14,8,6,105,51,54
WASHINGTON COUNTY,477,7 Years,411,229,182,207,117,90,89,49,40,10,4,6,105,59,46
WASHINGTON COUNTY,477,8 Years,405,226,179,205,108,97,77,49,28,12,3,9,111,66,45
WASHINGTON COUNTY,477,9 Years,422,249,173,206,118,88,90,55,35,17,9,8,109,67,42
WASHINGTON COUNTY,477,10 Years,399,234,165,198,116,82,83,49,34,13,5,8,105,64,41
WASHINGTON COUNTY,477,11 Years,430,232,198,211,110,101,79,50,29,13,6,7,127,66,61
WASHINGTON COUNTY,477,12 Years,432,238,194,222,124,98,80,45,35,19,12,7,111,57,54
WASHINGTON COUNTY,477,13 Years,414,207,207,228,118,110,72,36,36,16,7,9,98,46,52
WASHINGTON COUNTY,477,14 Years,425,220,205,246,121,125,75,45,30,18,9,9,86,45,41
WASHINGTON COUNTY,477,15 Years,420,212,208,238,115,123,81,43,38,18,11,7,83,43,40
WASHINGTON COUNTY,477,16 Years,422,200,222,240,119,121,84,38,46,16,7,9,82,36,46
WASHINGTON COUNTY,477,17 Years,426,201,225,251,126,125,79,35,44,13,7,6,83,33,50
WASHINGTON COUNTY,477,18 Years,449,229,220,257,131,126,94,52,42,11,6,5,87,40,47
WASHINGTON COUNTY,477,19 Years,455,235,220,241,120,121,115,61,54,13,7,6,86,47,39
WASHINGTON COUNTY,477,20 Years,590,298,292,286,135,151,183,97,86,19,11,8,102,55,47
WASHINGTON COUNTY,477,21 Years,812,409,403,409,201,208,247,130,117,24,11,13,132,67,65
WASHINGTON COUNTY,477,22 Years,662,360,302,326,170,156,198,114,84,17,7,10,121,69,52
WASHINGTON COUNTY,477,23 Years,435,250,185,224,126,98,117,68,49,11,7,4,83,49,34
WASHINGTON COUNTY,477,24 Years,390,210,180,187,100,87,109,58,51,15,6,9,79,46,33
WASHINGTON COUNTY,477,25 Years,369,193,176,185,95,90,83,40,43,10,2,8,91,56,35
WASHINGTON COUNTY,477,26 Years,360,194,166,182,95,87,76,38,38,7,3,4,95,58,37
WASHINGTON COUNTY,477,27 Years,355,193,162,180,100,80,71,31,40,8,5,3,96,57,39
WASHINGTON COUNTY,477,28 Years,348,172,176,193,99,94,67,27,40,14,6,8,74,40,34
WASHINGTON COUNTY,477,29 Years,356,170,186,199,100,99,63,26,37,16,9,7,78,35,43
WASHINGTON COUNTY,477,30 Years,353,161,192,190,91,99,64,22,42,8,4,4,91,44,47
WASHINGTON COUNTY,477,31 Years,339,155,184,181,88,93,62,19,43,11,5,6,85,43,42
WASHINGTON COUNTY,477,32 Years,345,189,156,194,110,84,60,31,29,10,3,7,81,45,36
WASHINGTON COUNTY,477,33 Years,343,168,175,198,99,99,52,23,29,13,8,5,80,38,42
WASHINGTON COUNTY,477,34 Years,359,177,182,208,101,107,55,25,30,11,4,7,85,47,38
WASHINGTON COUNTY,477,35 Years,334,158,176,196,94,102,61,25,36,5,2,3,72,37,35
WASHINGTON COUNTY,477,36 Years,329,154,175,191,90,101,54,24,30,7,1,6,77,39,38
WASHINGTON COUNTY,477,37 Years,327,153,174,192,87,105,47,20,27,11,6,5,77,40,37
WASHINGTON COUNTY,477,38 Years,324,165,159,185,89,96,58,28,30,11,6,5,70,42,28
WASHINGTON COUNTY,477,39 Years,348,175,173,210,106,104,65,26,39,8,5,3,65,38,27
WASHINGTON COUNTY,477,40 Years,368,187,181,225,113,112,64,30,34,9,4,5,70,40,30
WASHINGTON COUNTY,477,41 Years,372,194,178,236,117,119,58,30,28,10,7,3,68,40,28
WASHINGTON COUNTY,477,42 Years,413,198,215,256,120,136,75,30,45,16,11,5,66,37,29
WASHINGTON COUNTY,477,43 Years,403,195,208,267,126,141,64,29,35,12,6,6,60,34,26
WASHINGTON COUNTY,477,44 Years,368,177,191,233,115,118,64,25,39,13,5,8,58,32,26
WASHINGTON COUNTY,477,45 Years,369,188,181,251,133,118,53,22,31,12,4,8,53,29,24
WASHINGTON COUNTY,477,46 Years,411,209,202,289,145,144,69,37,32,13,7,6,40,20,20
WASHINGTON COUNTY,477,47 Years,437,214,223,311,147,164,74,37,37,9,5,4,43,25,18
WASHINGTON COUNTY,477,48 Years,487,244,243,342,170,172,86,44,42,8,5,3,51,25,26
WASHINGTON COUNTY,477,49 Years,488,258,230,348,182,166,78,39,39,12,7,5,50,30,20
WASHINGTON COUNTY,477,50 Years,463,238,225,331,172,159,79,38,41,9,4,5,44,24,20
WASHINGTON COUNTY,477,51 Years,501,245,256,357,176,181,90,43,47,12,4,8,42,22,20
WASHINGTON COUNTY,477,52 Years,514,253,261,359,170,189,100,55,45,9,4,5,46,24,22
WASHINGTON COUNTY,477,53 Years,486,242,244,351,171,180,96,47,49,7,4,3,32,20,12
WASHINGTON COUNTY,477,54 Years,488,240,248,373,183,190,68,31,37,11,5,6,36,21,15
WASHINGTON COUNTY,477,55 Years,508,252,256,361,174,187,92,48,44,14,8,6,41,22,19
WASHINGTON COUNTY,477,56 Years,482,248,234,344,173,171,90,50,40,9,4,5,39,21,18
WASHINGTON COUNTY,477,57 Years,523,251,272,389,187,202,88,43,45,14,8,6,32,13,19
WASHINGTON COUNTY,477,58 Years,505,248,257,390,189,201,69,37,32,13,5,8,33,17,16
WASHINGTON COUNTY,477,59 Years,485,234,251,381,184,197,63,32,31,6,2,4,35,16,19
WASHINGTON COUNTY,477,60 Years,492,241,251,390,195,195,67,31,36,6,2,4,29,13,16
WASHINGTON COUNTY,477,61 Years,460,218,242,372,176,196,60,28,32,8,4,4,20,10,10
WASHINGTON COUNTY,477,62 Years,456,217,239,358,173,185,67,28,39,13,4,9,18,12,6
WASHINGTON COUNTY,477,63 Years,423,207,216,336,165,171,54,27,27,11,4,7,22,11,11
WASHINGTON COUNTY,477,64 Years,444,212,232,360,178,182,60,23,37,9,3,6,15,8,7
WASHINGTON COUNTY,477,65 Years,456,220,236,376,188,188,51,19,32,7,3,4,22,10,12
WASHINGTON COUNTY,477,66 Years,385,189,196,314,152,162,49,25,24,4,3,1,18,9,9
WASHINGTON COUNTY,477,67 Years,359,183,176,286,146,140,54,23,31,4,4,0,15,10,5
WASHINGTON COUNTY,477,68 Years,380,190,190,310,156,154,48,23,25,4,2,2,18,9,9
WASHINGTON COUNTY,477,69 Years,359,189,170,311,163,148,34,18,16,4,3,1,10,5,5
WASHINGTON COUNTY,477,70 Years,331,150,181,279,128,151,41,16,25,7,4,3,4,2,2
WASHINGTON COUNTY,477,71 Years,326,150,176,277,128,149,38,18,20,4,1,3,7,3,4
WASHINGTON COUNTY,477,72 Years,287,129,158,231,105,126,44,17,27,4,2,2,8,5,3
WASHINGTON COUNTY,477,73 Years,298,134,164,248,114,134,39,13,26,4,2,2,7,5,2
WASHINGTON COUNTY,477,74 Years,273,131,142,232,108,124,30,16,14,3,2,1,8,5,3
WASHINGTON COUNTY,477,75 Years,250,118,132,218,103,115,23,12,11,3,1,2,6,2,4
WASHINGTON COUNTY,477,76 Years,243,103,140,209,92,117,25,8,17,2,1,1,7,2,5
WASHINGTON COUNTY,477,77 Years,234,101,133,204,91,113,26,9,17,0,0,0,4,1,3
WASHINGTON COUNTY,477,78 Years,212,95,117,186,85,101,20,7,13,2,2,0,4,1,3
WASHINGTON COUNTY,477,79 Years,217,93,124,192,83,109,19,8,11,2,1,1,4,1,3
WASHINGTON COUNTY,477,80 Years,198,82,116,178,74,104,16,7,9,0,0,0,4,1,3
WASHINGTON COUNTY,477,81 Years,204,86,118,179,77,102,16,6,10,3,1,2,6,2,4
WASHINGTON COUNTY,477,82 Years,215,89,126,185,79,106,22,6,16,3,1,2,5,3,2
WASHINGTON COUNTY,477,83 Years,179,77,102,161,72,89,16,5,11,1,0,1,1,0,1
WASHINGTON COUNTY,477,84 Years,147,63,84,124,57,67,16,6,10,3,0,3,4,0,4
WASHINGTON COUNTY,477,85 Years +,1009,315,694,886,276,610,99,31,68,6,2,4,18,6,12
WEBB COUNTY,479,All Ages,262107,127524,134583,8504,4716,3788,492,340,152,1921,967,954,251190,121501,129689
WEBB COUNTY,479,< 1 Year,5374,2772,2602,139,71,68,4,2,2,22,10,12,5209,2689,2520
WEBB COUNTY,479,1 Years,5317,2718,2599,111,59,52,5,3,2,29,14,15,5172,2642,2530
WEBB COUNTY,479,2 Years,4965,2481,2484,130,68,62,5,4,1,23,10,13,4807,2399,2408
WEBB COUNTY,479,3 Years,4820,2430,2390,140,73,67,5,4,1,30,13,17,4645,2340,2305
WEBB COUNTY,479,4 Years,4941,2505,2436,130,66,64,8,4,4,30,17,13,4773,2418,2355
WEBB COUNTY,479,5 Years,4946,2506,2440,125,59,66,13,9,4,21,11,10,4787,2427,2360
WEBB COUNTY,479,6 Years,4839,2437,2402,125,69,56,7,5,2,29,17,12,4678,2346,2332
WEBB COUNTY,479,7 Years,4973,2580,2393,126,69,57,10,6,4,26,15,11,4811,2490,2321
WEBB COUNTY,479,8 Years,5007,2638,2369,113,65,48,9,7,2,24,11,13,4861,2555,2306
WEBB COUNTY,479,9 Years,4973,2574,2399,115,61,54,8,6,2,27,15,12,4823,2492,2331
WEBB COUNTY,479,10 Years,5136,2638,2498,120,59,61,5,2,3,26,12,14,4985,2565,2420
WEBB COUNTY,479,11 Years,5181,2642,2539,101,52,49,11,6,5,29,13,16,5040,2571,2469
WEBB COUNTY,479,12 Years,5058,2595,2463,110,64,46,10,8,2,29,17,12,4909,2506,2403
WEBB COUNTY,479,13 Years,4949,2509,2440,113,63,50,7,5,2,33,20,13,4796,2421,2375
WEBB COUNTY,479,14 Years,4843,2484,2359,113,58,55,5,2,3,23,12,11,4702,2412,2290
WEBB COUNTY,479,15 Years,4850,2489,2361,111,61,50,6,2,4,21,12,9,4712,2414,2298
WEBB COUNTY,479,16 Years,4838,2471,2367,113,58,55,9,8,1,15,8,7,4701,2397,2304
WEBB COUNTY,479,17 Years,4902,2507,2395,107,47,60,5,3,2,25,10,15,4765,2447,2318
WEBB COUNTY,479,18 Years,4955,2534,2421,110,50,60,8,5,3,32,17,15,4805,2462,2343
WEBB COUNTY,479,19 Years,4951,2486,2465,105,52,53,8,3,5,32,19,13,4806,2412,2394
WEBB COUNTY,479,20 Years,4649,2333,2316,89,42,47,8,4,4,28,18,10,4524,2269,2255
WEBB COUNTY,479,21 Years,4348,2224,2124,106,60,46,4,3,1,21,13,8,4217,2148,2069
WEBB COUNTY,479,22 Years,4088,2038,2050,117,62,55,13,9,4,24,19,5,3934,1948,1986
WEBB COUNTY,479,23 Years,3802,1904,1898,125,78,47,9,7,2,23,15,8,3645,1804,1841
WEBB COUNTY,479,24 Years,3613,1797,1816,105,56,49,7,5,2,30,14,16,3471,1722,1749
WEBB COUNTY,479,25 Years,3566,1766,1800,112,69,43,7,4,3,28,14,14,3419,1679,1740
WEBB COUNTY,479,26 Years,3576,1762,1814,120,64,56,5,4,1,28,14,14,3423,1680,1743
WEBB COUNTY,479,27 Years,3618,1760,1858,138,80,58,8,7,1,39,19,20,3433,1654,1779
WEBB COUNTY,479,28 Years,3581,1728,1853,135,79,56,5,2,3,41,15,26,3400,1632,1768
WEBB COUNTY,479,29 Years,3476,1712,1764,145,89,56,11,5,6,36,13,23,3284,1605,1679
WEBB COUNTY,479,30 Years,3555,1759,1796,138,88,50,9,7,2,34,17,17,3374,1647,1727
WEBB COUNTY,479,31 Years,3619,1740,1879,127,72,55,10,7,3,32,17,15,3450,1644,1806
WEBB COUNTY,479,32 Years,3704,1770,1934,128,71,57,9,7,2,30,16,14,3537,1676,1861
WEBB COUNTY,479,33 Years,3484,1699,1785,121,77,44,7,5,2,32,17,15,3324,1600,1724
WEBB COUNTY,479,34 Years,3387,1631,1756,109,66,43,10,7,3,30,15,15,3238,1543,1695
WEBB COUNTY,479,35 Years,3450,1701,1749,110,71,39,9,6,3,26,13,13,3305,1611,1694
WEBB COUNTY,479,36 Years,3687,1789,1898,109,70,39,8,7,1,40,19,21,3530,1693,1837
WEBB COUNTY,479,37 Years,3718,1748,1970,114,66,48,11,9,2,39,13,26,3554,1660,1894
WEBB COUNTY,479,38 Years,3665,1728,1937,103,57,46,15,12,3,39,16,23,3508,1643,1865
WEBB COUNTY,479,39 Years,3623,1777,1846,118,65,53,6,5,1,25,12,13,3474,1695,1779
WEBB COUNTY,479,40 Years,3635,1736,1899,125,68,57,11,7,4,29,14,15,3470,1647,1823
WEBB COUNTY,479,41 Years,3604,1684,1920,125,84,41,12,10,2,43,18,25,3424,1572,1852
WEBB COUNTY,479,42 Years,3583,1683,1900,127,78,49,12,10,2,45,22,23,3399,1573,1826
WEBB COUNTY,479,43 Years,3419,1647,1772,114,65,49,9,6,3,40,22,18,3256,1554,1702
WEBB COUNTY,479,44 Years,3276,1531,1745,109,60,49,10,6,4,41,26,15,3116,1439,1677
WEBB COUNTY,479,45 Years,3148,1481,1667,126,72,54,5,3,2,32,15,17,2985,1391,1594
WEBB COUNTY,479,46 Years,3078,1454,1624,109,61,48,5,3,2,34,16,18,2930,1374,1556
WEBB COUNTY,479,47 Years,3069,1430,1639,122,71,51,3,3,0,38,19,19,2906,1337,1569
WEBB COUNTY,479,48 Years,2909,1357,1552,113,71,42,5,5,0,32,21,11,2759,1260,1499
WEBB COUNTY,479,49 Years,2885,1390,1495,108,64,44,7,6,1,35,17,18,2735,1303,1432
WEBB COUNTY,479,50 Years,2811,1395,1416,120,67,53,8,6,2,26,11,15,2657,1311,1346
WEBB COUNTY,479,51 Years,2818,1296,1522,138,74,64,8,6,2,21,9,12,2651,1207,1444
WEBB COUNTY,479,52 Years,2798,1358,1440,119,60,59,5,3,2,21,14,7,2653,1281,1372
WEBB COUNTY,479,53 Years,2597,1244,1353,111,61,50,7,6,1,17,7,10,2462,1170,1292
WEBB COUNTY,479,54 Years,2550,1162,1388,114,70,44,8,6,2,20,7,13,2408,1079,1329
WEBB COUNTY,479,55 Years,2540,1145,1395,100,52,48,6,5,1,28,14,14,2406,1074,1332
WEBB COUNTY,479,56 Years,2426,1146,1280,99,55,44,9,5,4,29,15,14,2289,1071,1218
WEBB COUNTY,479,57 Years,2331,1085,1246,100,49,51,6,5,1,24,13,11,2201,1018,1183
WEBB COUNTY,479,58 Years,2176,1002,1174,92,53,39,5,5,0,19,8,11,2060,936,1124
WEBB COUNTY,479,59 Years,1975,928,1047,99,66,33,2,2,0,16,7,9,1858,853,1005
WEBB COUNTY,479,60 Years,1888,843,1045,78,42,36,2,0,2,16,7,9,1792,794,998
WEBB COUNTY,479,61 Years,1837,835,1002,91,40,51,2,0,2,15,6,9,1729,789,940
WEBB COUNTY,479,62 Years,1818,822,996,97,48,49,2,0,2,14,6,8,1705,768,937
WEBB COUNTY,479,63 Years,1750,812,938,101,63,38,4,2,2,15,6,9,1630,741,889
WEBB COUNTY,479,64 Years,1798,851,947,101,55,46,3,2,1,18,11,7,1676,783,893
WEBB COUNTY,479,65 Years,1646,748,898,87,45,42,3,2,1,16,9,7,1540,692,848
WEBB COUNTY,479,66 Years,1451,647,804,71,37,34,2,1,1,10,5,5,1368,604,764
WEBB COUNTY,479,67 Years,1419,625,794,74,37,37,1,1,0,13,7,6,1331,580,751
WEBB COUNTY,479,68 Years,1283,554,729,55,32,23,1,1,0,5,3,2,1222,518,704
WEBB COUNTY,479,69 Years,1213,535,678,58,37,21,2,1,1,4,2,2,1149,495,654
WEBB COUNTY,479,70 Years,1181,510,671,59,37,22,1,1,0,7,2,5,1114,470,644
WEBB COUNTY,479,71 Years,1088,493,595,47,28,19,1,1,0,6,4,2,1034,460,574
WEBB COUNTY,479,72 Years,1022,443,579,49,25,24,1,1,0,3,3,0,969,414,555
WEBB COUNTY,479,73 Years,969,418,551,48,23,25,0,0,0,5,5,0,916,390,526
WEBB COUNTY,479,74 Years,913,390,523,39,23,16,0,0,0,4,4,0,870,363,507
WEBB COUNTY,479,75 Years,821,326,495,36,27,9,1,1,0,4,2,2,780,296,484
WEBB COUNTY,479,76 Years,834,341,493,37,23,14,0,0,0,4,2,2,793,316,477
WEBB COUNTY,479,77 Years,769,310,459,35,22,13,1,0,1,3,0,3,730,288,442
WEBB COUNTY,479,78 Years,666,279,387,24,13,11,0,0,0,1,0,1,641,266,375
WEBB COUNTY,479,79 Years,597,237,360,31,11,20,2,2,0,1,1,0,563,223,340
WEBB COUNTY,479,80 Years,650,253,397,31,16,15,0,0,0,0,0,0,619,237,382
WEBB COUNTY,479,81 Years,588,239,349,25,12,13,0,0,0,0,0,0,563,227,336
WEBB COUNTY,479,82 Years,585,230,355,35,14,21,1,0,1,3,1,2,546,215,331
WEBB COUNTY,479,83 Years,550,206,344,28,15,13,0,0,0,2,1,1,520,190,330
WEBB COUNTY,479,84 Years,489,184,305,31,16,15,0,0,0,3,0,3,455,168,287
WEBB COUNTY,479,85 Years +,2627,877,1750,140,68,72,0,0,0,8,3,5,2479,806,1673
WHARTON COUNTY,481,All Ages,41475,20457,21018,19372,9339,10033,5655,2705,2950,502,255,247,15946,8158,7788
WHARTON COUNTY,481,< 1 Year,541,279,262,182,82,100,73,44,29,5,2,3,281,151,130
WHARTON COUNTY,481,1 Years,583,299,284,193,96,97,73,39,34,6,3,3,311,161,150
WHARTON COUNTY,481,2 Years,577,298,279,192,102,90,66,32,34,14,9,5,305,155,150
WHARTON COUNTY,481,3 Years,578,297,281,188,101,87,77,42,35,10,4,6,303,150,153
WHARTON COUNTY,481,4 Years,615,315,300,202,109,93,95,45,50,10,5,5,308,156,152
WHARTON COUNTY,481,5 Years,620,310,310,193,87,106,89,48,41,12,8,4,326,167,159
WHARTON COUNTY,481,6 Years,602,308,294,184,85,99,69,39,30,11,4,7,338,180,158
WHARTON COUNTY,481,7 Years,617,321,296,187,87,100,81,41,40,14,8,6,335,185,150
WHARTON COUNTY,481,8 Years,659,333,326,229,114,115,75,36,39,14,9,5,341,174,167
WHARTON COUNTY,481,9 Years,634,311,323,217,105,112,83,37,46,10,6,4,324,163,161
WHARTON COUNTY,481,10 Years,632,333,299,214,107,107,83,43,40,6,3,3,329,180,149
WHARTON COUNTY,481,11 Years,604,315,289,218,108,110,83,52,31,5,3,2,298,152,146
WHARTON COUNTY,481,12 Years,640,314,326,234,112,122,95,47,48,5,3,2,306,152,154
WHARTON COUNTY,481,13 Years,592,290,302,211,97,114,75,37,38,7,4,3,299,152,147
WHARTON COUNTY,481,14 Years,604,312,292,206,106,100,87,50,37,8,2,6,303,154,149
WHARTON COUNTY,481,15 Years,609,284,325,204,93,111,89,40,49,8,2,6,308,149,159
WHARTON COUNTY,481,16 Years,581,288,293,219,105,114,86,37,49,8,2,6,268,144,124
WHARTON COUNTY,481,17 Years,563,306,257,234,126,108,84,45,39,5,2,3,240,133,107
WHARTON COUNTY,481,18 Years,646,353,293,248,139,109,88,46,42,8,5,3,302,163,139
WHARTON COUNTY,481,19 Years,633,334,299,227,119,108,85,39,46,8,4,4,313,172,141
WHARTON COUNTY,481,20 Years,542,294,248,183,96,87,87,45,42,8,7,1,264,146,118
WHARTON COUNTY,481,21 Years,549,292,257,188,107,81,96,43,53,10,7,3,255,135,120
WHARTON COUNTY,481,22 Years,556,286,270,185,94,91,90,43,47,8,4,4,273,145,128
WHARTON COUNTY,481,23 Years,492,248,244,190,94,96,67,30,37,7,2,5,228,122,106
WHARTON COUNTY,481,24 Years,455,242,213,173,95,78,61,28,33,7,4,3,214,115,99
WHARTON COUNTY,481,25 Years,474,251,223,182,94,88,60,33,27,4,3,1,228,121,107
WHARTON COUNTY,481,26 Years,491,247,244,176,89,87,67,36,31,5,2,3,243,120,123
WHARTON COUNTY,481,27 Years,486,241,245,181,93,88,62,24,38,7,4,3,236,120,116
WHARTON COUNTY,481,28 Years,511,269,242,208,106,102,80,39,41,6,2,4,217,122,95
WHARTON COUNTY,481,29 Years,508,247,261,202,93,109,81,42,39,6,3,3,219,109,110
WHARTON COUNTY,481,30 Years,516,235,281,214,93,121,66,31,35,9,4,5,227,107,120
WHARTON COUNTY,481,31 Years,499,252,247,213,107,106,60,28,32,6,2,4,220,115,105
WHARTON COUNTY,481,32 Years,481,244,237,202,109,93,61,26,35,4,2,2,214,107,107
WHARTON COUNTY,481,33 Years,511,245,266,220,107,113,78,34,44,4,2,2,209,102,107
WHARTON COUNTY,481,34 Years,482,243,239,194,97,97,66,35,31,3,2,1,219,109,110
WHARTON COUNTY,481,35 Years,474,232,242,194,95,99,68,35,33,7,4,3,205,98,107
WHARTON COUNTY,481,36 Years,469,234,235,177,86,91,61,28,33,5,3,2,226,117,109
WHARTON COUNTY,481,37 Years,436,211,225,187,93,94,56,25,31,4,2,2,189,91,98
WHARTON COUNTY,481,38 Years,443,228,215,194,108,86,51,27,24,6,4,2,192,89,103
WHARTON COUNTY,481,39 Years,421,216,205,173,90,83,51,30,21,6,4,2,191,92,99
WHARTON COUNTY,481,40 Years,473,231,242,203,98,105,50,29,21,6,3,3,214,101,113
WHARTON COUNTY,481,41 Years,490,247,243,212,109,103,65,32,33,7,5,2,206,101,105
WHARTON COUNTY,481,42 Years,501,248,253,236,111,125,63,31,32,5,3,2,197,103,94
WHARTON COUNTY,481,43 Years,443,217,226,205,94,111,51,28,23,3,1,2,184,94,90
WHARTON COUNTY,481,44 Years,473,226,247,203,95,108,54,26,28,5,4,1,211,101,110
WHARTON COUNTY,481,45 Years,510,259,251,240,122,118,64,30,34,5,3,2,201,104,97
WHARTON COUNTY,481,46 Years,521,277,244,251,130,121,69,34,35,3,1,2,198,112,86
WHARTON COUNTY,481,47 Years,546,261,285,265,128,137,81,31,50,5,3,2,195,99,96
WHARTON COUNTY,481,48 Years,563,279,284,289,142,147,68,29,39,5,0,5,201,108,93
WHARTON COUNTY,481,49 Years,569,271,298,292,133,159,80,39,41,7,2,5,190,97,93
WHARTON COUNTY,481,50 Years,547,265,282,287,131,156,82,41,41,6,3,3,172,90,82
WHARTON COUNTY,481,51 Years,586,298,288,315,153,162,90,41,49,8,5,3,173,99,74
WHARTON COUNTY,481,52 Years,572,278,294,322,157,165,84,37,47,6,4,2,160,80,80
WHARTON COUNTY,481,53 Years,587,293,294,327,161,166,96,46,50,7,4,3,157,82,75
WHARTON COUNTY,481,54 Years,585,295,290,328,159,169,87,45,42,4,2,2,166,89,77
WHARTON COUNTY,481,55 Years,608,285,323,344,166,178,82,36,46,5,1,4,177,82,95
WHARTON COUNTY,481,56 Years,625,312,313,361,178,183,81,40,41,8,3,5,175,91,84
WHARTON COUNTY,481,57 Years,589,286,303,319,142,177,88,47,41,6,3,3,176,94,82
WHARTON COUNTY,481,58 Years,562,283,279,328,165,163,89,41,48,6,4,2,139,73,66
WHARTON COUNTY,481,59 Years,538,283,255,324,167,157,73,36,37,7,4,3,134,76,58
WHARTON COUNTY,481,60 Years,512,275,237,324,173,151,56,30,26,5,2,3,127,70,57
WHARTON COUNTY,481,61 Years,541,277,264,326,164,162,70,34,36,6,3,3,139,76,63
WHARTON COUNTY,481,62 Years,510,252,258,302,151,151,71,32,39,8,4,4,129,65,64
WHARTON COUNTY,481,63 Years,473,235,238,299,151,148,61,21,40,6,3,3,107,60,47
WHARTON COUNTY,481,64 Years,444,216,228,267,131,136,65,27,38,8,3,5,104,55,49
WHARTON COUNTY,481,65 Years,417,203,214,276,129,147,54,24,30,7,4,3,80,46,34
WHARTON COUNTY,481,66 Years,352,166,186,228,107,121,41,19,22,7,3,4,76,37,39
WHARTON COUNTY,481,67 Years,349,160,189,221,99,122,48,26,22,3,1,2,77,34,43
WHARTON COUNTY,481,68 Years,345,169,176,229,116,113,49,21,28,4,1,3,63,31,32
WHARTON COUNTY,481,69 Years,340,170,170,228,122,106,46,20,26,7,1,6,59,27,32
WHARTON COUNTY,481,70 Years,327,153,174,217,104,113,49,19,30,5,2,3,56,28,28
WHARTON COUNTY,481,71 Years,309,139,170,190,88,102,54,21,33,1,1,0,64,29,35
WHARTON COUNTY,481,72 Years,263,121,142,169,77,92,38,19,19,1,1,0,55,24,31
WHARTON COUNTY,481,73 Years,267,113,154,168,71,97,39,16,23,4,3,1,56,23,33
WHARTON COUNTY,481,74 Years,283,126,157,182,82,100,47,24,23,3,2,1,51,18,33
WHARTON COUNTY,481,75 Years,260,117,143,177,84,93,39,16,23,2,2,0,42,15,27
WHARTON COUNTY,481,76 Years,239,93,146,162,66,96,29,10,19,1,1,0,47,16,31
WHARTON COUNTY,481,77 Years,224,96,128,154,70,84,31,11,20,1,1,0,38,14,24
WHARTON COUNTY,481,78 Years,216,89,127,149,64,85,29,9,20,1,0,1,37,16,21
WHARTON COUNTY,481,79 Years,203,90,113,144,66,78,30,12,18,1,0,1,28,12,16
WHARTON COUNTY,481,80 Years,191,84,107,139,63,76,24,10,14,1,0,1,27,11,16
WHARTON COUNTY,481,81 Years,198,70,128,143,48,95,18,6,12,1,0,1,36,16,20
WHARTON COUNTY,481,82 Years,202,70,132,137,46,91,31,12,19,1,0,1,33,12,21
WHARTON COUNTY,481,83 Years,166,66,100,117,43,74,17,11,6,2,1,1,30,11,19
WHARTON COUNTY,481,84 Years,156,61,95,108,41,67,15,7,8,0,0,0,33,13,20
WHARTON COUNTY,481,85 Years +,874,295,579,647,216,431,102,28,74,6,3,3,119,48,71
WHEELER COUNTY,483,All Ages,5608,2764,2844,3926,1915,2011,125,55,70,106,45,61,1451,749,702
WHEELER COUNTY,483,< 1 Year,68,35,33,41,21,20,2,1,1,1,1,0,24,12,12
WHEELER COUNTY,483,1 Years,65,33,32,39,20,19,2,1,1,0,0,0,24,12,12
WHEELER COUNTY,483,2 Years,77,44,33,37,19,18,1,1,0,2,1,1,37,23,14
WHEELER COUNTY,483,3 Years,80,47,33,36,20,16,1,1,0,4,0,4,39,26,13
WHEELER COUNTY,483,4 Years,79,45,34,34,19,15,1,1,0,3,1,2,41,24,17
WHEELER COUNTY,483,5 Years,79,38,41,29,15,14,1,0,1,2,0,2,47,23,24
WHEELER COUNTY,483,6 Years,85,40,45,33,16,17,2,1,1,3,1,2,47,22,25
WHEELER COUNTY,483,7 Years,91,49,42,44,28,16,5,2,3,3,2,1,39,17,22
WHEELER COUNTY,483,8 Years,80,35,45,40,19,21,3,1,2,3,2,1,34,13,21
WHEELER COUNTY,483,9 Years,82,44,38,41,22,19,3,2,1,1,1,0,37,19,18
WHEELER COUNTY,483,10 Years,74,45,29,34,22,12,3,1,2,0,0,0,37,22,15
WHEELER COUNTY,483,11 Years,62,35,27,34,18,16,2,1,1,1,0,1,25,16,9
WHEELER COUNTY,483,12 Years,76,35,41,45,22,23,2,1,1,1,0,1,28,12,16
WHEELER COUNTY,483,13 Years,75,39,36,41,23,18,1,0,1,1,0,1,32,16,16
WHEELER COUNTY,483,14 Years,79,40,39,41,21,20,2,1,1,2,2,0,34,16,18
WHEELER COUNTY,483,15 Years,77,39,38,44,24,20,4,1,3,2,1,1,27,13,14
WHEELER COUNTY,483,16 Years,83,38,45,53,24,29,4,1,3,1,0,1,25,13,12
WHEELER COUNTY,483,17 Years,73,36,37,43,21,22,1,0,1,0,0,0,29,15,14
WHEELER COUNTY,483,18 Years,75,31,44,50,22,28,0,0,0,3,0,3,22,9,13
WHEELER COUNTY,483,19 Years,84,47,37,53,30,23,3,1,2,1,0,1,27,16,11
WHEELER COUNTY,483,20 Years,82,42,40,51,28,23,3,1,2,2,0,2,26,13,13
WHEELER COUNTY,483,21 Years,60,31,29,30,16,14,3,1,2,3,2,1,24,12,12
WHEELER COUNTY,483,22 Years,42,22,20,26,14,12,2,1,1,1,0,1,13,7,6
WHEELER COUNTY,483,23 Years,40,17,23,23,9,14,1,1,0,0,0,0,16,7,9
WHEELER COUNTY,483,24 Years,47,19,28,27,10,17,2,1,1,0,0,0,18,8,10
WHEELER COUNTY,483,25 Years,62,38,24,36,21,15,4,1,3,1,1,0,21,15,6
WHEELER COUNTY,483,26 Years,65,36,29,37,17,20,1,1,0,1,1,0,26,17,9
WHEELER COUNTY,483,27 Years,68,29,39,46,20,26,1,0,1,0,0,0,21,9,12
WHEELER COUNTY,483,28 Years,70,31,39,48,22,26,3,0,3,0,0,0,19,9,10
WHEELER COUNTY,483,29 Years,69,34,35,45,22,23,2,0,2,2,0,2,20,12,8
WHEELER COUNTY,483,30 Years,64,30,34,37,19,18,1,1,0,3,1,2,23,9,14
WHEELER COUNTY,483,31 Years,61,28,33,38,18,20,1,1,0,0,0,0,22,9,13
WHEELER COUNTY,483,32 Years,71,35,36,42,22,20,1,0,1,1,1,0,27,12,15
WHEELER COUNTY,483,33 Years,58,34,24,35,20,15,3,3,0,1,1,0,19,10,9
WHEELER COUNTY,483,34 Years,47,24,23,26,12,14,1,1,0,1,1,0,19,10,9
WHEELER COUNTY,483,35 Years,58,27,31,31,12,19,2,2,0,1,1,0,24,12,12
WHEELER COUNTY,483,36 Years,66,30,36,31,13,18,0,0,0,1,0,1,34,17,17
WHEELER COUNTY,483,37 Years,78,44,34,47,24,23,0,0,0,1,0,1,30,20,10
WHEELER COUNTY,483,38 Years,67,38,29,40,24,16,2,0,2,1,1,0,24,13,11
WHEELER COUNTY,483,39 Years,66,30,36,46,22,24,2,0,2,1,0,1,17,8,9
WHEELER COUNTY,483,40 Years,60,33,27,35,21,14,3,2,1,0,0,0,22,10,12
WHEELER COUNTY,483,41 Years,70,33,37,48,23,25,1,1,0,0,0,0,21,9,12
WHEELER COUNTY,483,42 Years,62,29,33,41,18,23,0,0,0,0,0,0,21,11,10
WHEELER COUNTY,483,43 Years,62,34,28,40,20,20,0,0,0,0,0,0,22,14,8
WHEELER COUNTY,483,44 Years,57,32,25,35,20,15,2,0,2,0,0,0,20,12,8
WHEELER COUNTY,483,45 Years,59,32,27,47,29,18,1,0,1,0,0,0,11,3,8
WHEELER COUNTY,483,46 Years,49,28,21,33,20,13,3,2,1,0,0,0,13,6,7
WHEELER COUNTY,483,47 Years,56,28,28,37,17,20,1,1,0,1,1,0,17,9,8
WHEELER COUNTY,483,48 Years,61,27,34,41,18,23,2,2,0,1,0,1,17,7,10
WHEELER COUNTY,483,49 Years,68,33,35,55,28,27,2,2,0,1,0,1,10,3,7
WHEELER COUNTY,483,50 Years,75,35,40,59,26,33,3,1,2,2,1,1,11,7,4
WHEELER COUNTY,483,51 Years,76,34,42,57,23,34,2,0,2,3,2,1,14,9,5
WHEELER COUNTY,483,52 Years,73,29,44,63,23,40,2,1,1,1,0,1,7,5,2
WHEELER COUNTY,483,53 Years,79,38,41,69,35,34,1,1,0,0,0,0,9,2,7
WHEELER COUNTY,483,54 Years,82,35,47,72,31,41,1,1,0,1,0,1,8,3,5
WHEELER COUNTY,483,55 Years,89,49,40,76,41,35,2,0,2,1,0,1,10,8,2
WHEELER COUNTY,483,56 Years,91,38,53,82,34,48,1,0,1,1,0,1,7,4,3
WHEELER COUNTY,483,57 Years,92,45,47,84,43,41,1,0,1,1,0,1,6,2,4
WHEELER COUNTY,483,58 Years,79,40,39,67,34,33,0,0,0,3,1,2,9,5,4
WHEELER COUNTY,483,59 Years,70,37,33,56,27,29,2,1,1,4,3,1,8,6,2
WHEELER COUNTY,483,60 Years,73,42,31,65,35,30,1,1,0,2,2,0,5,4,1
WHEELER COUNTY,483,61 Years,71,34,37,61,29,32,1,0,1,2,0,2,7,5,2
WHEELER COUNTY,483,62 Years,66,34,32,57,29,28,1,0,1,1,1,0,7,4,3
WHEELER COUNTY,483,63 Years,63,33,30,57,29,28,0,0,0,1,1,0,5,3,2
WHEELER COUNTY,483,64 Years,71,38,33,63,35,28,2,0,2,1,1,0,5,2,3
WHEELER COUNTY,483,65 Years,72,35,37,63,34,29,0,0,0,2,0,2,7,1,6
WHEELER COUNTY,483,66 Years,62,29,33,55,27,28,0,0,0,2,0,2,5,2,3
WHEELER COUNTY,483,67 Years,59,29,30,51,24,27,0,0,0,2,1,1,6,4,2
WHEELER COUNTY,483,68 Years,64,31,33,55,26,29,0,0,0,1,0,1,8,5,3
WHEELER COUNTY,483,69 Years,66,30,36,58,27,31,2,1,1,2,0,2,4,2,2
WHEELER COUNTY,483,70 Years,61,27,34,54,24,30,3,2,1,2,0,2,2,1,1
WHEELER COUNTY,483,71 Years,60,32,28,56,30,26,1,1,0,1,0,1,2,1,1
WHEELER COUNTY,483,72 Years,49,23,26,44,20,24,1,0,1,2,2,0,2,1,1
WHEELER COUNTY,483,73 Years,56,31,25,48,26,22,0,0,0,5,3,2,3,2,1
WHEELER COUNTY,483,74 Years,48,23,25,43,19,24,0,0,0,3,2,1,2,2,0
WHEELER COUNTY,483,75 Years,44,23,21,43,22,21,0,0,0,1,1,0,0,0,0
WHEELER COUNTY,483,76 Years,43,17,26,40,16,24,0,0,0,0,0,0,3,1,2
WHEELER COUNTY,483,77 Years,44,14,30,40,14,26,1,0,1,0,0,0,3,0,3
WHEELER COUNTY,483,78 Years,38,18,20,36,17,19,1,1,0,0,0,0,1,0,1
WHEELER COUNTY,483,79 Years,38,15,23,37,14,23,0,0,0,0,0,0,1,1,0
WHEELER COUNTY,483,80 Years,35,17,18,31,14,17,0,0,0,0,0,0,4,3,1
WHEELER COUNTY,483,81 Years,30,17,13,27,16,11,1,1,0,0,0,0,2,0,2
WHEELER COUNTY,483,82 Years,32,15,17,30,15,15,0,0,0,0,0,0,2,0,2
WHEELER COUNTY,483,83 Years,36,17,19,34,15,19,0,0,0,1,1,0,1,1,0
WHEELER COUNTY,483,84 Years,28,7,21,27,7,20,1,0,1,0,0,0,0,0,0
WHEELER COUNTY,483,85 Years +,104,30,74,100,29,71,1,0,1,0,0,0,3,1,2
WICHITA COUNTY,485,All Ages,131914,67701,64213,88976,44791,44185,13447,7325,6122,6619,3258,3361,22872,12327,10545
WICHITA COUNTY,485,< 1 Year,1783,923,860,1127,613,514,177,80,97,83,36,47,396,194,202
WICHITA COUNTY,485,1 Years,1843,949,894,1153,603,550,193,95,98,97,47,50,400,204,196
WICHITA COUNTY,485,2 Years,1793,930,863,1036,545,491,185,82,103,107,59,48,465,244,221
WICHITA COUNTY,485,3 Years,1767,953,814,961,523,438,177,91,86,131,68,63,498,271,227
WICHITA COUNTY,485,4 Years,1783,941,842,1000,539,461,172,74,98,139,78,61,472,250,222
WICHITA COUNTY,485,5 Years,1786,903,883,984,507,477,193,86,107,133,69,64,476,241,235
WICHITA COUNTY,485,6 Years,1811,913,898,999,501,498,169,74,95,146,80,66,497,258,239
WICHITA COUNTY,485,7 Years,1743,892,851,973,490,483,157,84,73,137,71,66,476,247,229
WICHITA COUNTY,485,8 Years,1698,847,851,947,458,489,168,89,79,127,63,64,456,237,219
WICHITA COUNTY,485,9 Years,1669,819,850,926,443,483,170,86,84,119,67,52,454,223,231
WICHITA COUNTY,485,10 Years,1692,843,849,963,479,484,184,80,104,115,59,56,430,225,205
WICHITA COUNTY,485,11 Years,1640,819,821,915,471,444,168,78,90,109,49,60,448,221,227
WICHITA COUNTY,485,12 Years,1643,843,800,919,485,434,167,80,87,99,50,49,458,228,230
WICHITA COUNTY,485,13 Years,1634,850,784,937,486,451,157,81,76,116,61,55,424,222,202
WICHITA COUNTY,485,14 Years,1653,842,811,952,489,463,169,97,72,107,48,59,425,208,217
WICHITA COUNTY,485,15 Years,1670,850,820,974,497,477,179,93,86,99,46,53,418,214,204
WICHITA COUNTY,485,16 Years,1632,860,772,981,531,450,171,86,85,92,43,49,388,200,188
WICHITA COUNTY,485,17 Years,1810,942,868,1073,556,517,201,102,99,107,54,53,429,230,199
WICHITA COUNTY,485,18 Years,2315,1293,1022,1475,817,658,270,160,110,136,73,63,434,243,191
WICHITA COUNTY,485,19 Years,2935,1748,1187,1947,1183,764,375,220,155,168,106,62,445,239,206
WICHITA COUNTY,485,20 Years,2651,1554,1097,1649,977,672,387,230,157,151,97,54,464,250,214
WICHITA COUNTY,485,21 Years,2652,1563,1089,1601,987,614,343,175,168,163,100,63,545,301,244
WICHITA COUNTY,485,22 Years,2603,1459,1144,1571,904,667,343,178,165,173,86,87,516,291,225
WICHITA COUNTY,485,23 Years,2416,1359,1057,1470,818,652,320,191,129,165,84,81,461,266,195
WICHITA COUNTY,485,24 Years,2315,1333,982,1465,828,637,304,192,112,129,71,58,417,242,175
WICHITA COUNTY,485,25 Years,2172,1195,977,1403,748,655,264,157,107,105,59,46,400,231,169
WICHITA COUNTY,485,26 Years,2069,1117,952,1297,670,627,247,146,101,103,61,42,422,240,182
WICHITA COUNTY,485,27 Years,2072,1142,930,1307,697,610,242,136,106,115,65,50,408,244,164
WICHITA COUNTY,485,28 Years,1932,1006,926,1215,595,620,238,135,103,101,50,51,378,226,152
WICHITA COUNTY,485,29 Years,1861,1005,856,1162,604,558,229,142,87,87,38,49,383,221,162
WICHITA COUNTY,485,30 Years,1790,960,830,1143,582,561,194,119,75,79,42,37,374,217,157
WICHITA COUNTY,485,31 Years,1757,934,823,1106,570,536,200,110,90,88,46,42,363,208,155
WICHITA COUNTY,485,32 Years,1762,949,813,1059,537,522,234,144,90,91,43,48,378,225,153
WICHITA COUNTY,485,33 Years,1652,897,755,982,495,487,203,130,73,88,43,45,379,229,150
WICHITA COUNTY,485,34 Years,1548,827,721,957,480,477,176,107,69,86,39,47,329,201,128
WICHITA COUNTY,485,35 Years,1559,845,714,964,506,458,200,118,82,80,40,40,315,181,134
WICHITA COUNTY,485,36 Years,1522,817,705,968,499,469,162,103,59,83,37,46,309,178,131
WICHITA COUNTY,485,37 Years,1516,794,722,972,489,483,163,97,66,82,36,46,299,172,127
WICHITA COUNTY,485,38 Years,1425,769,656,915,498,417,180,97,83,76,34,42,254,140,114
WICHITA COUNTY,485,39 Years,1501,812,689,984,509,475,171,112,59,72,32,40,274,159,115
WICHITA COUNTY,485,40 Years,1502,777,725,997,487,510,164,104,60,73,35,38,268,151,117
WICHITA COUNTY,485,41 Years,1527,771,756,1050,515,535,128,72,56,82,37,45,267,147,120
WICHITA COUNTY,485,42 Years,1531,790,741,1048,539,509,137,76,61,80,35,45,266,140,126
WICHITA COUNTY,485,43 Years,1432,764,668,947,500,447,168,105,63,71,34,37,246,125,121
WICHITA COUNTY,485,44 Years,1412,738,674,931,471,460,162,104,58,58,32,26,261,131,130
WICHITA COUNTY,485,45 Years,1481,800,681,999,518,481,156,104,52,54,30,24,272,148,124
WICHITA COUNTY,485,46 Years,1512,813,699,1017,528,489,181,115,66,69,32,37,245,138,107
WICHITA COUNTY,485,47 Years,1665,881,784,1168,606,562,174,100,74,73,31,42,250,144,106
WICHITA COUNTY,485,48 Years,1659,865,794,1168,589,579,162,98,64,77,34,43,252,144,108
WICHITA COUNTY,485,49 Years,1726,869,857,1227,591,636,172,109,63,85,34,51,242,135,107
WICHITA COUNTY,485,50 Years,1814,914,900,1327,643,684,184,108,76,78,38,40,225,125,100
WICHITA COUNTY,485,51 Years,1864,982,882,1372,717,655,199,106,93,68,32,36,225,127,98
WICHITA COUNTY,485,52 Years,1788,946,842,1316,686,630,174,93,81,76,38,38,222,129,93
WICHITA COUNTY,485,53 Years,1723,857,866,1283,640,643,168,82,86,62,26,36,210,109,101
WICHITA COUNTY,485,54 Years,1807,891,916,1364,658,706,161,88,73,68,27,41,214,118,96
WICHITA COUNTY,485,55 Years,1723,831,892,1309,616,693,141,72,69,71,29,42,202,114,88
WICHITA COUNTY,485,56 Years,1674,827,847,1292,629,663,154,76,78,55,22,33,173,100,73
WICHITA COUNTY,485,57 Years,1667,851,816,1282,639,643,155,94,61,63,30,33,167,88,79
WICHITA COUNTY,485,58 Years,1601,806,795,1247,607,640,137,86,51,67,33,34,150,80,70
WICHITA COUNTY,485,59 Years,1540,776,764,1183,587,596,140,69,71,61,33,28,156,87,69
WICHITA COUNTY,485,60 Years,1445,715,730,1119,548,571,119,64,55,53,25,28,154,78,76
WICHITA COUNTY,485,61 Years,1365,642,723,1046,487,559,130,66,64,58,23,35,131,66,65
WICHITA COUNTY,485,62 Years,1319,648,671,1045,522,523,108,52,56,51,19,32,115,55,60
WICHITA COUNTY,485,63 Years,1235,605,630,985,488,497,90,44,46,45,15,30,115,58,57
WICHITA COUNTY,485,64 Years,1233,616,617,990,493,497,75,39,36,57,26,31,111,58,53
WICHITA COUNTY,485,65 Years,1234,596,638,1015,492,523,71,30,41,46,22,24,102,52,50
WICHITA COUNTY,485,66 Years,983,468,515,789,380,409,79,33,46,31,15,16,84,40,44
WICHITA COUNTY,485,67 Years,964,482,482,767,387,380,73,37,36,31,11,20,93,47,46
WICHITA COUNTY,485,68 Years,985,440,545,795,352,443,64,29,35,38,17,21,88,42,46
WICHITA COUNTY,485,69 Years,925,415,510,775,355,420,48,20,28,28,11,17,74,29,45
WICHITA COUNTY,485,70 Years,883,387,496,731,324,407,54,24,30,27,11,16,71,28,43
WICHITA COUNTY,485,71 Years,865,375,490,705,300,405,62,36,26,27,8,19,71,31,40
WICHITA COUNTY,485,72 Years,763,327,436,630,277,353,51,19,32,16,3,13,66,28,38
WICHITA COUNTY,485,73 Years,755,312,443,633,260,373,62,27,35,16,4,12,44,21,23
WICHITA COUNTY,485,74 Years,757,313,444,629,265,364,55,17,38,22,9,13,51,22,29
WICHITA COUNTY,485,75 Years,719,318,401,599,272,327,42,14,28,24,8,16,54,24,30
WICHITA COUNTY,485,76 Years,706,295,411,586,242,344,45,20,25,22,10,12,53,23,30
WICHITA COUNTY,485,77 Years,722,308,414,612,260,352,37,19,18,19,8,11,54,21,33
WICHITA COUNTY,485,78 Years,701,310,391,599,265,334,42,22,20,18,4,14,42,19,23
WICHITA COUNTY,485,79 Years,647,273,374,552,235,317,42,18,24,23,7,16,30,13,17
WICHITA COUNTY,485,80 Years,623,259,364,539,231,308,39,13,26,15,4,11,30,11,19
WICHITA COUNTY,485,81 Years,556,238,318,482,210,272,40,13,27,13,5,8,21,10,11
WICHITA COUNTY,485,82 Years,507,210,297,440,186,254,30,9,21,11,4,7,26,11,15
WICHITA COUNTY,485,83 Years,449,183,266,387,161,226,25,8,17,10,4,6,27,10,17
WICHITA COUNTY,485,84 Years,427,160,267,381,143,238,24,9,15,6,3,3,16,5,11
WICHITA COUNTY,485,85 Years +,2423,760,1663,2186,681,1505,121,45,76,37,10,27,79,24,55
WILBARGER COUNTY,487,All Ages,13560,6758,6802,8464,4155,4309,1061,561,500,407,201,206,3628,1841,1787
WILBARGER COUNTY,487,< 1 Year,171,82,89,96,45,51,11,5,6,5,1,4,59,31,28
WILBARGER COUNTY,487,1 Years,187,95,92,96,49,47,13,6,7,7,3,4,71,37,34
WILBARGER COUNTY,487,2 Years,182,89,93,78,39,39,12,7,5,6,5,1,86,38,48
WILBARGER COUNTY,487,3 Years,198,102,96,90,45,45,14,10,4,5,2,3,89,45,44
WILBARGER COUNTY,487,4 Years,194,95,99,81,42,39,17,9,8,10,7,3,86,37,49
WILBARGER COUNTY,487,5 Years,188,82,106,79,35,44,17,8,9,10,7,3,82,32,50
WILBARGER COUNTY,487,6 Years,196,96,100,88,43,45,14,4,10,10,6,4,84,43,41
WILBARGER COUNTY,487,7 Years,184,93,91,85,45,40,12,4,8,8,3,5,79,41,38
WILBARGER COUNTY,487,8 Years,201,110,91,94,55,39,11,4,7,7,3,4,89,48,41
WILBARGER COUNTY,487,9 Years,196,105,91,88,49,39,25,14,11,9,5,4,74,37,37
WILBARGER COUNTY,487,10 Years,202,104,98,97,51,46,20,12,8,8,5,3,77,36,41
WILBARGER COUNTY,487,11 Years,183,95,88,95,51,44,19,9,10,7,5,2,62,30,32
WILBARGER COUNTY,487,12 Years,181,94,87,93,50,43,15,7,8,6,4,2,67,33,34
WILBARGER COUNTY,487,13 Years,168,94,74,83,46,37,14,9,5,6,6,0,65,33,32
WILBARGER COUNTY,487,14 Years,168,93,75,86,45,41,15,9,6,6,5,1,61,34,27
WILBARGER COUNTY,487,15 Years,181,92,89,101,54,47,17,6,11,5,3,2,58,29,29
WILBARGER COUNTY,487,16 Years,180,90,90,100,54,46,15,6,9,4,2,2,61,28,33
WILBARGER COUNTY,487,17 Years,181,93,88,98,53,45,14,7,7,6,5,1,63,28,35
WILBARGER COUNTY,487,18 Years,214,113,101,117,58,59,16,11,5,7,4,3,74,40,34
WILBARGER COUNTY,487,19 Years,235,132,103,124,67,57,21,14,7,11,6,5,79,45,34
WILBARGER COUNTY,487,20 Years,197,111,86,102,55,47,18,10,8,5,1,4,72,45,27
WILBARGER COUNTY,487,21 Years,192,104,88,110,58,52,13,8,5,5,4,1,64,34,30
WILBARGER COUNTY,487,22 Years,199,106,93,115,62,53,20,14,6,7,4,3,57,26,31
WILBARGER COUNTY,487,23 Years,169,83,86,93,45,48,13,9,4,3,1,2,60,28,32
WILBARGER COUNTY,487,24 Years,164,82,82,83,37,46,14,8,6,2,1,1,65,36,29
WILBARGER COUNTY,487,25 Years,172,81,91,84,35,49,12,6,6,6,3,3,70,37,33
WILBARGER COUNTY,487,26 Years,185,93,92,93,49,44,22,9,13,4,1,3,66,34,32
WILBARGER COUNTY,487,27 Years,180,93,87,94,49,45,22,10,12,4,1,3,60,33,27
WILBARGER COUNTY,487,28 Years,183,95,88,102,47,55,11,7,4,6,3,3,64,38,26
WILBARGER COUNTY,487,29 Years,171,89,82,95,52,43,13,8,5,5,2,3,58,27,31
WILBARGER COUNTY,487,30 Years,158,82,76,89,48,41,11,5,6,7,1,6,51,28,23
WILBARGER COUNTY,487,31 Years,150,68,82,94,41,53,8,3,5,6,1,5,42,23,19
WILBARGER COUNTY,487,32 Years,143,79,64,91,48,43,13,6,7,3,3,0,36,22,14
WILBARGER COUNTY,487,33 Years,157,82,75,99,55,44,13,7,6,6,2,4,39,18,21
WILBARGER COUNTY,487,34 Years,149,80,69,85,52,33,14,7,7,4,1,3,46,20,26
WILBARGER COUNTY,487,35 Years,149,76,73,89,44,45,14,8,6,2,1,1,44,23,21
WILBARGER COUNTY,487,36 Years,139,65,74,78,39,39,13,9,4,4,1,3,44,16,28
WILBARGER COUNTY,487,37 Years,131,66,65,78,38,40,11,8,3,3,2,1,39,18,21
WILBARGER COUNTY,487,38 Years,132,59,73,78,35,43,13,7,6,2,2,0,39,15,24
WILBARGER COUNTY,487,39 Years,152,79,73,91,50,41,13,7,6,4,3,1,44,19,25
WILBARGER COUNTY,487,40 Years,142,73,69,87,45,42,9,5,4,7,2,5,39,21,18
WILBARGER COUNTY,487,41 Years,158,74,84,101,49,52,11,5,6,6,2,4,40,18,22
WILBARGER COUNTY,487,42 Years,144,71,73,83,43,40,13,7,6,7,3,4,41,18,23
WILBARGER COUNTY,487,43 Years,128,57,71,77,33,44,15,7,8,5,1,4,31,16,15
WILBARGER COUNTY,487,44 Years,146,75,71,84,42,42,12,7,5,8,4,4,42,22,20
WILBARGER COUNTY,487,45 Years,157,92,65,99,59,40,15,7,8,5,3,2,38,23,15
WILBARGER COUNTY,487,46 Years,167,93,74,113,62,51,12,5,7,3,2,1,39,24,15
WILBARGER COUNTY,487,47 Years,173,90,83,116,60,56,10,6,4,6,2,4,41,22,19
WILBARGER COUNTY,487,48 Years,172,93,79,114,59,55,11,6,5,6,2,4,41,26,15
WILBARGER COUNTY,487,49 Years,195,94,101,133,57,76,16,10,6,5,1,4,41,26,15
WILBARGER COUNTY,487,50 Years,200,95,105,135,62,73,16,10,6,7,2,5,42,21,21
WILBARGER COUNTY,487,51 Years,214,96,118,144,59,85,14,7,7,9,6,3,47,24,23
WILBARGER COUNTY,487,52 Years,209,112,97,136,73,63,18,9,9,4,4,0,51,26,25
WILBARGER COUNTY,487,53 Years,191,103,88,125,65,60,18,10,8,6,4,2,42,24,18
WILBARGER COUNTY,487,54 Years,195,98,97,140,74,66,17,7,10,5,3,2,33,14,19
WILBARGER COUNTY,487,55 Years,174,81,93,122,58,64,15,8,7,5,1,4,32,14,18
WILBARGER COUNTY,487,56 Years,189,102,87,131,70,61,17,11,6,7,2,5,34,19,15
WILBARGER COUNTY,487,57 Years,194,102,92,138,69,69,22,15,7,7,2,5,27,16,11
WILBARGER COUNTY,487,58 Years,200,101,99,144,72,72,19,10,9,6,4,2,31,15,16
WILBARGER COUNTY,487,59 Years,185,93,92,142,67,75,12,7,5,3,2,1,28,17,11
WILBARGER COUNTY,487,60 Years,169,85,84,130,64,66,10,6,4,5,3,2,24,12,12
WILBARGER COUNTY,487,61 Years,159,81,78,117,57,60,15,9,6,5,2,3,22,13,9
WILBARGER COUNTY,487,62 Years,137,65,72,105,48,57,12,7,5,0,0,0,20,10,10
WILBARGER COUNTY,487,63 Years,138,71,67,101,54,47,10,4,6,6,3,3,21,10,11
WILBARGER COUNTY,487,64 Years,170,76,94,130,58,72,8,3,5,6,2,4,26,13,13
WILBARGER COUNTY,487,65 Years,157,78,79,126,57,69,7,6,1,5,2,3,19,13,6
WILBARGER COUNTY,487,66 Years,141,64,77,105,46,59,10,4,6,2,1,1,24,13,11
WILBARGER COUNTY,487,67 Years,143,70,73,109,52,57,12,6,6,2,1,1,20,11,9
WILBARGER COUNTY,487,68 Years,130,61,69,106,51,55,6,2,4,2,0,2,16,8,8
WILBARGER COUNTY,487,69 Years,113,50,63,99,43,56,5,3,2,0,0,0,9,4,5
WILBARGER COUNTY,487,70 Years,107,50,57,89,45,44,5,1,4,1,0,1,12,4,8
WILBARGER COUNTY,487,71 Years,109,50,59,88,40,48,4,2,2,2,0,2,15,8,7
WILBARGER COUNTY,487,72 Years,103,51,52,89,44,45,6,2,4,0,0,0,8,5,3
WILBARGER COUNTY,487,73 Years,95,53,42,77,44,33,5,2,3,2,1,1,11,6,5
WILBARGER COUNTY,487,74 Years,82,48,34,70,42,28,3,1,2,0,0,0,9,5,4
WILBARGER COUNTY,487,75 Years,81,40,41,67,32,35,1,1,0,3,2,1,10,5,5
WILBARGER COUNTY,487,76 Years,80,33,47,65,28,37,6,2,4,2,0,2,7,3,4
WILBARGER COUNTY,487,77 Years,87,38,49,74,31,43,6,2,4,1,0,1,6,5,1
WILBARGER COUNTY,487,78 Years,75,29,46,60,21,39,6,4,2,1,0,1,8,4,4
WILBARGER COUNTY,487,79 Years,73,29,44,61,23,38,5,3,2,1,0,1,6,3,3
WILBARGER COUNTY,487,80 Years,57,19,38,50,14,36,2,2,0,2,1,1,3,2,1
WILBARGER COUNTY,487,81 Years,60,21,39,50,17,33,4,1,3,1,1,0,5,2,3
WILBARGER COUNTY,487,82 Years,60,23,37,51,20,31,3,1,2,1,0,1,5,2,3
WILBARGER COUNTY,487,83 Years,63,26,37,58,24,34,2,1,1,0,0,0,3,1,2
WILBARGER COUNTY,487,84 Years,48,24,24,39,19,20,3,2,1,2,1,1,4,2,2
WILBARGER COUNTY,487,85 Years +,328,106,222,272,88,184,20,8,12,7,4,3,29,6,23
WILLACY COUNTY,489,All Ages,22201,12057,10144,2181,1189,992,382,342,40,216,151,65,19422,10375,9047
WILLACY COUNTY,489,< 1 Year,308,161,147,10,6,4,1,0,1,1,1,0,296,154,142
WILLACY COUNTY,489,1 Years,341,177,164,14,8,6,0,0,0,2,2,0,325,167,158
WILLACY COUNTY,489,2 Years,312,153,159,22,8,14,1,0,1,2,0,2,287,145,142
WILLACY COUNTY,489,3 Years,304,158,146,23,11,12,2,2,0,1,1,0,278,144,134
WILLACY COUNTY,489,4 Years,310,160,150,19,11,8,0,0,0,1,0,1,290,149,141
WILLACY COUNTY,489,5 Years,326,167,159,19,8,11,0,0,0,1,1,0,306,158,148
WILLACY COUNTY,489,6 Years,297,150,147,17,10,7,1,0,1,2,0,2,277,140,137
WILLACY COUNTY,489,7 Years,322,166,156,19,12,7,1,0,1,1,1,0,301,153,148
WILLACY COUNTY,489,8 Years,339,171,168,23,13,10,0,0,0,4,3,1,312,155,157
WILLACY COUNTY,489,9 Years,314,171,143,23,15,8,1,1,0,2,1,1,288,154,134
WILLACY COUNTY,489,10 Years,311,156,155,25,12,13,1,0,1,3,2,1,282,142,140
WILLACY COUNTY,489,11 Years,322,168,154,21,12,9,0,0,0,3,1,2,298,155,143
WILLACY COUNTY,489,12 Years,306,159,147,22,13,9,1,0,1,2,1,1,281,145,136
WILLACY COUNTY,489,13 Years,313,157,156,19,9,10,2,1,1,3,2,1,289,145,144
WILLACY COUNTY,489,14 Years,325,176,149,21,11,10,2,2,0,5,5,0,297,158,139
WILLACY COUNTY,489,15 Years,331,169,162,21,10,11,1,0,1,5,2,3,304,157,147
WILLACY COUNTY,489,16 Years,322,171,151,22,15,7,0,0,0,4,2,2,296,154,142
WILLACY COUNTY,489,17 Years,339,165,174,28,13,15,0,0,0,2,1,1,309,151,158
WILLACY COUNTY,489,18 Years,367,199,168,30,14,16,0,0,0,5,3,2,332,182,150
WILLACY COUNTY,489,19 Years,392,226,166,33,22,11,6,6,0,5,5,0,348,193,155
WILLACY COUNTY,489,20 Years,400,242,158,24,16,8,11,10,1,6,5,1,359,211,148
WILLACY COUNTY,489,21 Years,405,257,148,22,13,9,13,12,1,8,8,0,362,224,138
WILLACY COUNTY,489,22 Years,414,273,141,20,12,8,20,20,0,8,7,1,366,234,132
WILLACY COUNTY,489,23 Years,406,265,141,18,11,7,18,18,0,7,5,2,363,231,132
WILLACY COUNTY,489,24 Years,391,257,134,27,20,7,19,17,2,6,4,2,339,216,123
WILLACY COUNTY,489,25 Years,358,227,131,24,17,7,15,14,1,4,3,1,315,193,122
WILLACY COUNTY,489,26 Years,371,237,134,23,17,6,16,15,1,5,3,2,327,202,125
WILLACY COUNTY,489,27 Years,368,238,130,25,16,9,16,16,0,9,7,2,318,199,119
WILLACY COUNTY,489,28 Years,305,195,110,15,9,6,14,14,0,3,2,1,273,170,103
WILLACY COUNTY,489,29 Years,363,242,121,20,12,8,16,15,1,4,4,0,323,211,112
WILLACY COUNTY,489,30 Years,343,222,121,18,12,6,14,12,2,4,3,1,307,195,112
WILLACY COUNTY,489,31 Years,338,220,118,23,17,6,18,15,3,3,3,0,294,185,109
WILLACY COUNTY,489,32 Years,332,206,126,21,10,11,19,16,3,6,6,0,286,174,112
WILLACY COUNTY,489,33 Years,291,175,116,27,16,11,8,7,1,3,3,0,253,149,104
WILLACY COUNTY,489,34 Years,321,187,134,18,10,8,9,9,0,3,3,0,291,165,126
WILLACY COUNTY,489,35 Years,325,191,134,16,11,5,11,11,0,4,3,1,294,166,128
WILLACY COUNTY,489,36 Years,305,172,133,12,7,5,9,8,1,2,1,1,282,156,126
WILLACY COUNTY,489,37 Years,299,181,118,25,19,6,8,8,0,4,3,1,262,151,111
WILLACY COUNTY,489,38 Years,315,193,122,23,14,9,7,5,2,4,3,1,281,171,110
WILLACY COUNTY,489,39 Years,301,189,112,26,16,10,11,9,2,6,4,2,258,160,98
WILLACY COUNTY,489,40 Years,290,158,132,26,15,11,5,5,0,3,2,1,256,136,120
WILLACY COUNTY,489,41 Years,281,160,121,25,16,9,8,8,0,3,3,0,245,133,112
WILLACY COUNTY,489,42 Years,266,152,114,28,18,10,5,5,0,2,2,0,231,127,104
WILLACY COUNTY,489,43 Years,258,145,113,27,14,13,2,2,0,5,3,2,224,126,98
WILLACY COUNTY,489,44 Years,245,132,113,22,15,7,3,3,0,2,1,1,218,113,105
WILLACY COUNTY,489,45 Years,259,142,117,21,14,7,3,3,0,3,3,0,232,122,110
WILLACY COUNTY,489,46 Years,236,141,95,24,15,9,4,4,0,3,2,1,205,120,85
WILLACY COUNTY,489,47 Years,268,129,139,25,14,11,3,3,0,3,2,1,237,110,127
WILLACY COUNTY,489,48 Years,277,147,130,25,15,10,5,5,0,3,1,2,244,126,118
WILLACY COUNTY,489,49 Years,251,122,129,26,13,13,7,7,0,3,2,1,215,100,115
WILLACY COUNTY,489,50 Years,246,117,129,22,13,9,4,4,0,4,4,0,216,96,120
WILLACY COUNTY,489,51 Years,247,127,120,26,14,12,3,3,0,4,2,2,214,108,106
WILLACY COUNTY,489,52 Years,273,149,124,33,16,17,6,5,1,3,2,1,231,126,105
WILLACY COUNTY,489,53 Years,259,148,111,23,13,10,4,4,0,0,0,0,232,131,101
WILLACY COUNTY,489,54 Years,230,122,108,32,17,15,2,2,0,0,0,0,196,103,93
WILLACY COUNTY,489,55 Years,229,110,119,35,16,19,2,2,0,2,0,2,190,92,98
WILLACY COUNTY,489,56 Years,228,119,109,23,12,11,1,1,0,2,1,1,202,105,97
WILLACY COUNTY,489,57 Years,240,103,137,31,13,18,2,2,0,2,0,2,205,88,117
WILLACY COUNTY,489,58 Years,235,104,131,33,14,19,2,1,1,2,1,1,198,88,110
WILLACY COUNTY,489,59 Years,234,107,127,31,14,17,1,1,0,1,0,1,201,92,109
WILLACY COUNTY,489,60 Years,224,98,126,29,15,14,2,1,1,0,0,0,193,82,111
WILLACY COUNTY,489,61 Years,197,91,106,28,15,13,1,0,1,0,0,0,168,76,92
WILLACY COUNTY,489,62 Years,190,91,99,27,11,16,1,0,1,2,2,0,160,78,82
WILLACY COUNTY,489,63 Years,216,113,103,32,14,18,0,0,0,1,0,1,183,99,84
WILLACY COUNTY,489,64 Years,178,85,93,24,14,10,3,3,0,0,0,0,151,68,83
WILLACY COUNTY,489,65 Years,175,75,100,26,16,10,1,1,0,0,0,0,148,58,90
WILLACY COUNTY,489,66 Years,177,87,90,28,14,14,2,1,1,0,0,0,147,72,75
WILLACY COUNTY,489,67 Years,170,95,75,38,24,14,1,1,0,0,0,0,131,70,61
WILLACY COUNTY,489,68 Years,157,83,74,39,19,20,1,0,1,0,0,0,117,64,53
WILLACY COUNTY,489,69 Years,145,69,76,48,22,26,0,0,0,1,0,1,96,47,49
WILLACY COUNTY,489,70 Years,154,72,82,43,21,22,0,0,0,1,1,0,110,50,60
WILLACY COUNTY,489,71 Years,147,64,83,40,22,18,0,0,0,0,0,0,107,42,65
WILLACY COUNTY,489,72 Years,131,53,78,34,19,15,1,1,0,1,0,1,95,33,62
WILLACY COUNTY,489,73 Years,121,56,65,39,20,19,1,1,0,1,0,1,80,35,45
WILLACY COUNTY,489,74 Years,121,62,59,35,22,13,0,0,0,1,1,0,85,39,46
WILLACY COUNTY,489,75 Years,98,52,46,28,17,11,0,0,0,1,1,0,69,34,35
WILLACY COUNTY,489,76 Years,90,36,54,20,10,10,0,0,0,1,0,1,69,26,43
WILLACY COUNTY,489,77 Years,98,43,55,18,9,9,0,0,0,1,0,1,79,34,45
WILLACY COUNTY,489,78 Years,94,45,49,23,12,11,0,0,0,0,0,0,71,33,38
WILLACY COUNTY,489,79 Years,100,38,62,27,10,17,0,0,0,0,0,0,73,28,45
WILLACY COUNTY,489,80 Years,78,26,52,17,7,10,1,0,1,0,0,0,60,19,41
WILLACY COUNTY,489,81 Years,87,29,58,19,7,12,1,0,1,0,0,0,67,22,45
WILLACY COUNTY,489,82 Years,66,30,36,13,7,6,0,0,0,1,1,0,52,22,30
WILLACY COUNTY,489,83 Years,83,29,54,18,8,10,0,0,0,1,0,1,64,21,43
WILLACY COUNTY,489,84 Years,70,22,48,14,5,9,0,0,0,0,0,0,56,17,39
WILLACY COUNTY,489,85 Years +,330,130,200,78,30,48,2,0,2,0,0,0,250,100,150
WILLIAMSON COUNTY,491,All Ages,450627,221863,228764,282832,138688,144144,26608,13072,13536,33491,16103,17388,107696,54000,53696
WILLIAMSON COUNTY,491,< 1 Year,6099,3165,2934,3488,1820,1668,303,160,143,599,312,287,1709,873,836
WILLIAMSON COUNTY,491,1 Years,6489,3323,3166,3484,1791,1693,323,167,156,647,334,313,2035,1031,1004
WILLIAMSON COUNTY,491,2 Years,6402,3241,3161,3356,1693,1663,332,167,165,641,347,294,2073,1034,1039
WILLIAMSON COUNTY,491,3 Years,6622,3319,3303,3431,1700,1731,348,176,172,688,366,322,2155,1077,1078
WILLIAMSON COUNTY,491,4 Years,6954,3540,3414,3594,1834,1760,381,189,192,753,383,370,2226,1134,1092
WILLIAMSON COUNTY,491,5 Years,7083,3614,3469,3663,1861,1802,380,179,201,769,397,372,2271,1177,1094
WILLIAMSON COUNTY,491,6 Years,7153,3689,3464,3682,1877,1805,405,199,206,764,403,361,2302,1210,1092
WILLIAMSON COUNTY,491,7 Years,7330,3818,3512,3847,2012,1835,392,207,185,776,384,392,2315,1215,1100
WILLIAMSON COUNTY,491,8 Years,7459,3832,3627,3911,2031,1880,444,224,220,769,376,393,2335,1201,1134
WILLIAMSON COUNTY,491,9 Years,7341,3760,3581,3895,2025,1870,483,244,239,712,347,365,2251,1144,1107
WILLIAMSON COUNTY,491,10 Years,7408,3769,3639,3926,2003,1923,492,260,232,667,334,333,2323,1172,1151
WILLIAMSON COUNTY,491,11 Years,7616,3914,3702,4026,2082,1944,491,253,238,683,347,336,2416,1232,1184
WILLIAMSON COUNTY,491,12 Years,7493,3891,3602,4044,2120,1924,504,262,242,617,305,312,2328,1204,1124
WILLIAMSON COUNTY,491,13 Years,7347,3798,3549,3960,2033,1927,503,268,235,589,287,302,2295,1210,1085
WILLIAMSON COUNTY,491,14 Years,7168,3672,3496,3887,1966,1921,500,259,241,567,288,279,2214,1159,1055
WILLIAMSON COUNTY,491,15 Years,7045,3637,3408,3827,1972,1855,480,242,238,589,297,292,2149,1126,1023
WILLIAMSON COUNTY,491,16 Years,6770,3506,3264,3643,1898,1745,514,250,264,563,277,286,2050,1081,969
WILLIAMSON COUNTY,491,17 Years,6603,3398,3205,3570,1851,1719,516,257,259,498,243,255,2019,1047,972
WILLIAMSON COUNTY,491,18 Years,6531,3343,3188,3546,1793,1753,512,272,240,489,244,245,1984,1034,950
WILLIAMSON COUNTY,491,19 Years,6138,3216,2922,3386,1767,1619,488,257,231,415,211,204,1849,981,868
WILLIAMSON COUNTY,491,20 Years,5301,2730,2571,2816,1457,1359,405,218,187,338,160,178,1742,895,847
WILLIAMSON COUNTY,491,21 Years,4602,2347,2255,2384,1206,1178,343,186,157,292,154,138,1583,801,782
WILLIAMSON COUNTY,491,22 Years,4385,2281,2104,2285,1169,1116,343,192,151,260,133,127,1497,787,710
WILLIAMSON COUNTY,491,23 Years,4299,2197,2102,2220,1085,1135,321,171,150,264,131,133,1494,810,684
WILLIAMSON COUNTY,491,24 Years,4478,2239,2239,2417,1143,1274,300,155,145,265,129,136,1496,812,684
WILLIAMSON COUNTY,491,25 Years,4729,2324,2405,2643,1247,1396,304,162,142,259,110,149,1523,805,718
WILLIAMSON COUNTY,491,26 Years,5085,2459,2626,2910,1383,1527,340,174,166,285,119,166,1550,783,767
WILLIAMSON COUNTY,491,27 Years,5429,2626,2803,3196,1536,1660,349,194,155,335,151,184,1549,745,804
WILLIAMSON COUNTY,491,28 Years,5704,2752,2952,3378,1582,1796,336,174,162,365,169,196,1625,827,798
WILLIAMSON COUNTY,491,29 Years,6198,3008,3190,3637,1746,1891,354,170,184,437,205,232,1770,887,883
WILLIAMSON COUNTY,491,30 Years,6472,3087,3385,3887,1839,2048,382,195,187,488,199,289,1715,854,861
WILLIAMSON COUNTY,491,31 Years,6634,3220,3414,3964,1961,2003,376,184,192,520,208,312,1774,867,907
WILLIAMSON COUNTY,491,32 Years,7077,3416,3661,4162,2035,2127,419,212,207,589,243,346,1907,926,981
WILLIAMSON COUNTY,491,33 Years,7136,3397,3739,4247,2020,2227,402,192,210,621,263,358,1866,922,944
WILLIAMSON COUNTY,491,34 Years,7329,3513,3816,4460,2135,2325,417,193,224,644,283,361,1808,902,906
WILLIAMSON COUNTY,491,35 Years,7452,3616,3836,4467,2159,2308,397,186,211,740,346,394,1848,925,923
WILLIAMSON COUNTY,491,36 Years,7373,3563,3810,4383,2142,2241,435,194,241,734,336,398,1821,891,930
WILLIAMSON COUNTY,491,37 Years,7520,3695,3825,4479,2234,2245,417,197,220,772,353,419,1852,911,941
WILLIAMSON COUNTY,491,38 Years,7565,3750,3815,4431,2250,2181,471,213,258,792,377,415,1871,910,961
WILLIAMSON COUNTY,491,39 Years,7512,3680,3832,4514,2275,2239,489,239,250,719,344,375,1790,822,968
WILLIAMSON COUNTY,491,40 Years,7731,3819,3912,4745,2394,2351,484,233,251,723,341,382,1779,851,928
WILLIAMSON COUNTY,491,41 Years,8026,4062,3964,5049,2605,2444,522,248,274,676,340,336,1779,869,910
WILLIAMSON COUNTY,491,42 Years,8123,4056,4067,5144,2603,2541,511,236,275,676,326,350,1792,891,901
WILLIAMSON COUNTY,491,43 Years,7554,3788,3766,4786,2416,2370,498,249,249,617,303,314,1653,820,833
WILLIAMSON COUNTY,491,44 Years,6954,3543,3411,4420,2275,2145,487,247,240,538,276,262,1509,745,764
WILLIAMSON COUNTY,491,45 Years,6538,3290,3248,4226,2160,2066,435,208,227,508,244,264,1369,678,691
WILLIAMSON COUNTY,491,46 Years,6409,3161,3248,4140,2049,2091,451,201,250,450,222,228,1368,689,679
WILLIAMSON COUNTY,491,47 Years,6564,3283,3281,4270,2148,2122,458,207,251,450,218,232,1386,710,676
WILLIAMSON COUNTY,491,48 Years,6682,3316,3366,4425,2201,2224,455,211,244,452,222,230,1350,682,668
WILLIAMSON COUNTY,491,49 Years,6615,3240,3375,4487,2197,2290,437,208,229,445,217,228,1246,618,628
WILLIAMSON COUNTY,491,50 Years,6381,3155,3226,4432,2190,2242,420,204,216,387,189,198,1142,572,570
WILLIAMSON COUNTY,491,51 Years,6208,3068,3140,4371,2163,2208,399,198,201,338,160,178,1100,547,553
WILLIAMSON COUNTY,491,52 Years,6062,2998,3064,4333,2129,2204,386,205,181,336,163,173,1007,501,506
WILLIAMSON COUNTY,491,53 Years,5590,2769,2821,4008,1990,2018,375,185,190,308,142,166,899,452,447
WILLIAMSON COUNTY,491,54 Years,5430,2656,2774,3957,1946,2011,311,160,151,289,139,150,873,411,462
WILLIAMSON COUNTY,491,55 Years,5192,2495,2697,3798,1829,1969,311,150,161,254,124,130,829,392,437
WILLIAMSON COUNTY,491,56 Years,4987,2431,2556,3677,1807,1870,318,154,164,244,123,121,748,347,401
WILLIAMSON COUNTY,491,57 Years,4881,2340,2541,3632,1742,1890,310,145,165,236,105,131,703,348,355
WILLIAMSON COUNTY,491,58 Years,4612,2162,2450,3498,1646,1852,237,110,127,214,94,120,663,312,351
WILLIAMSON COUNTY,491,59 Years,4531,2107,2424,3479,1609,1870,222,96,126,217,99,118,613,303,310
WILLIAMSON COUNTY,491,60 Years,4249,1946,2303,3239,1489,1750,219,95,124,210,82,128,581,280,301
WILLIAMSON COUNTY,491,61 Years,4043,1905,2138,3132,1494,1638,215,92,123,192,83,109,504,236,268
WILLIAMSON COUNTY,491,62 Years,3985,1820,2165,3122,1431,1691,192,86,106,198,82,116,473,221,252
WILLIAMSON COUNTY,491,63 Years,3826,1720,2106,2991,1347,1644,175,76,99,192,78,114,468,219,249
WILLIAMSON COUNTY,491,64 Years,3881,1739,2142,3125,1402,1723,157,73,84,183,79,104,416,185,231
WILLIAMSON COUNTY,491,65 Years,3941,1795,2146,3231,1475,1756,149,72,77,177,77,100,384,171,213
WILLIAMSON COUNTY,491,66 Years,3208,1501,1707,2624,1243,1381,104,44,60,145,64,81,335,150,185
WILLIAMSON COUNTY,491,67 Years,2944,1364,1580,2401,1126,1275,94,38,56,134,62,72,315,138,177
WILLIAMSON COUNTY,491,68 Years,2958,1362,1596,2448,1126,1322,88,44,44,127,62,65,295,130,165
WILLIAMSON COUNTY,491,69 Years,2927,1342,1585,2440,1123,1317,97,45,52,121,61,60,269,113,156
WILLIAMSON COUNTY,491,70 Years,2704,1255,1449,2282,1065,1217,81,39,42,94,43,51,247,108,139
WILLIAMSON COUNTY,491,71 Years,2450,1118,1332,2075,965,1110,67,28,39,94,39,55,214,86,128
WILLIAMSON COUNTY,491,72 Years,2151,1012,1139,1789,849,940,55,23,32,97,50,47,210,90,120
WILLIAMSON COUNTY,491,73 Years,2030,951,1079,1706,812,894,47,21,26,86,42,44,191,76,115
WILLIAMSON COUNTY,491,74 Years,1894,878,1016,1591,745,846,52,26,26,73,33,40,178,74,104
WILLIAMSON COUNTY,491,75 Years,1778,818,960,1476,682,794,54,21,33,72,35,37,176,80,96
WILLIAMSON COUNTY,491,76 Years,1582,721,861,1330,609,721,39,12,27,60,31,29,153,69,84
WILLIAMSON COUNTY,491,77 Years,1478,677,801,1249,575,674,30,9,21,52,25,27,147,68,79
WILLIAMSON COUNTY,491,78 Years,1360,622,738,1146,522,624,34,12,22,55,28,27,125,60,65
WILLIAMSON COUNTY,491,79 Years,1280,549,731,1099,479,620,34,11,23,43,18,25,104,41,63
WILLIAMSON COUNTY,491,80 Years,1164,512,652,1010,455,555,26,7,19,34,15,19,94,35,59
WILLIAMSON COUNTY,491,81 Years,1080,481,599,930,427,503,25,7,18,30,14,16,95,33,62
WILLIAMSON COUNTY,491,82 Years,1020,460,560,879,407,472,20,7,13,28,14,14,93,32,61
WILLIAMSON COUNTY,491,83 Years,906,377,529,796,339,457,22,6,16,22,10,12,66,22,44
WILLIAMSON COUNTY,491,84 Years,853,339,514,755,303,452,16,7,9,15,6,9,67,23,44
WILLIAMSON COUNTY,491,85 Years +,4534,1515,3019,4043,1366,2677,98,23,75,85,28,57,308,98,210
WILSON COUNTY,493,All Ages,45472,22640,22832,26521,13245,13276,674,356,318,718,331,387,17559,8708,8851
WILSON COUNTY,493,< 1 Year,489,253,236,277,143,134,4,1,3,7,5,2,201,104,97
WILSON COUNTY,493,1 Years,455,231,224,245,125,120,4,2,2,7,3,4,199,101,98
WILSON COUNTY,493,2 Years,482,232,250,228,104,124,6,3,3,8,3,5,240,122,118
WILSON COUNTY,493,3 Years,528,266,262,241,112,129,5,4,1,9,4,5,273,146,127
WILSON COUNTY,493,4 Years,537,281,256,260,138,122,4,2,2,9,6,3,264,135,129
WILSON COUNTY,493,5 Years,578,287,291,267,135,132,4,1,3,16,12,4,291,139,152
WILSON COUNTY,493,6 Years,589,303,286,280,144,136,4,2,2,10,6,4,295,151,144
WILSON COUNTY,493,7 Years,618,321,297,289,150,139,4,2,2,15,9,6,310,160,150
WILSON COUNTY,493,8 Years,628,341,287,309,169,140,8,5,3,14,10,4,297,157,140
WILSON COUNTY,493,9 Years,661,333,328,324,159,165,7,5,2,11,6,5,319,163,156
WILSON COUNTY,493,10 Years,683,354,329,345,189,156,5,2,3,9,3,6,324,160,164
WILSON COUNTY,493,11 Years,724,379,345,376,200,176,5,1,4,9,6,3,334,172,162
WILSON COUNTY,493,12 Years,747,392,355,392,202,190,9,4,5,12,8,4,334,178,156
WILSON COUNTY,493,13 Years,733,390,343,375,201,174,8,6,2,7,4,3,343,179,164
WILSON COUNTY,493,14 Years,726,384,342,374,209,165,13,5,8,12,7,5,327,163,164
WILSON COUNTY,493,15 Years,732,366,366,362,184,178,14,7,7,16,9,7,340,166,174
WILSON COUNTY,493,16 Years,755,366,389,388,177,211,11,6,5,17,9,8,339,174,165
WILSON COUNTY,493,17 Years,733,373,360,376,188,188,10,5,5,20,13,7,327,167,160
WILSON COUNTY,493,18 Years,737,376,361,384,209,175,12,6,6,16,7,9,325,154,171
WILSON COUNTY,493,19 Years,719,378,341,369,204,165,14,5,9,15,6,9,321,163,158
WILSON COUNTY,493,20 Years,624,341,283,291,154,137,11,6,5,14,8,6,308,173,135
WILSON COUNTY,493,21 Years,508,273,235,214,118,96,7,4,3,7,3,4,280,148,132
WILSON COUNTY,493,22 Years,461,258,203,194,110,84,8,5,3,11,5,6,248,138,110
WILSON COUNTY,493,23 Years,415,221,194,187,100,87,7,3,4,7,3,4,214,115,99
WILSON COUNTY,493,24 Years,397,201,196,199,101,98,7,3,4,7,2,5,184,95,89
WILSON COUNTY,493,25 Years,400,199,201,212,106,106,6,4,2,5,2,3,177,87,90
WILSON COUNTY,493,26 Years,379,178,201,196,98,98,2,2,0,5,4,1,176,74,102
WILSON COUNTY,493,27 Years,385,176,209,205,99,106,5,2,3,5,2,3,170,73,97
WILSON COUNTY,493,28 Years,433,211,222,238,115,123,7,4,3,7,2,5,181,90,91
WILSON COUNTY,493,29 Years,433,209,224,229,106,123,8,5,3,6,1,5,190,97,93
WILSON COUNTY,493,30 Years,417,206,211,226,103,123,8,5,3,7,4,3,176,94,82
WILSON COUNTY,493,31 Years,451,227,224,255,113,142,3,2,1,7,4,3,186,108,78
WILSON COUNTY,493,32 Years,476,233,243,266,134,132,3,3,0,7,3,4,200,93,107
WILSON COUNTY,493,33 Years,465,222,243,281,139,142,4,3,1,2,0,2,178,80,98
WILSON COUNTY,493,34 Years,462,206,256,277,120,157,5,3,2,7,3,4,173,80,93
WILSON COUNTY,493,35 Years,470,231,239,275,133,142,2,1,1,5,3,2,188,94,94
WILSON COUNTY,493,36 Years,501,230,271,284,140,144,4,3,1,7,4,3,206,83,123
WILSON COUNTY,493,37 Years,554,262,292,331,159,172,3,3,0,4,2,2,216,98,118
WILSON COUNTY,493,38 Years,508,262,246,286,149,137,6,4,2,6,2,4,210,107,103
WILSON COUNTY,493,39 Years,570,284,286,317,157,160,6,2,4,7,3,4,240,122,118
WILSON COUNTY,493,40 Years,641,316,325,383,192,191,7,4,3,5,2,3,246,118,128
WILSON COUNTY,493,41 Years,653,306,347,397,193,204,7,5,2,6,2,4,243,106,137
WILSON COUNTY,493,42 Years,668,311,357,409,201,208,9,3,6,13,6,7,237,101,136
WILSON COUNTY,493,43 Years,655,316,339,387,192,195,6,2,4,10,3,7,252,119,133
WILSON COUNTY,493,44 Years,640,311,329,376,183,193,5,4,1,12,5,7,247,119,128
WILSON COUNTY,493,45 Years,659,333,326,395,197,198,9,5,4,16,7,9,239,124,115
WILSON COUNTY,493,46 Years,707,367,340,413,215,198,12,7,5,11,3,8,271,142,129
WILSON COUNTY,493,47 Years,757,376,381,445,218,227,11,6,5,18,5,13,283,147,136
WILSON COUNTY,493,48 Years,769,374,395,467,226,241,14,7,7,15,6,9,273,135,138
WILSON COUNTY,493,49 Years,776,384,392,474,241,233,13,5,8,10,6,4,279,132,147
WILSON COUNTY,493,50 Years,750,381,369,464,240,224,10,2,8,15,8,7,261,131,130
WILSON COUNTY,493,51 Years,801,394,407,498,243,255,12,6,6,14,5,9,277,140,137
WILSON COUNTY,493,52 Years,779,388,391,515,263,252,17,10,7,13,7,6,234,108,126
WILSON COUNTY,493,53 Years,725,356,369,470,238,232,20,8,12,14,5,9,221,105,116
WILSON COUNTY,493,54 Years,717,348,369,452,221,231,13,8,5,15,6,9,237,113,124
WILSON COUNTY,493,55 Years,690,332,358,459,223,236,13,8,5,11,2,9,207,99,108
WILSON COUNTY,493,56 Years,700,353,347,446,224,222,16,6,10,9,4,5,229,119,110
WILSON COUNTY,493,57 Years,688,333,355,431,212,219,17,7,10,7,3,4,233,111,122
WILSON COUNTY,493,58 Years,679,321,358,437,195,242,13,9,4,8,4,4,221,113,108
WILSON COUNTY,493,59 Years,639,313,326,419,194,225,10,8,2,11,3,8,199,108,91
WILSON COUNTY,493,60 Years,626,283,343,416,189,227,11,6,5,9,3,6,190,85,105
WILSON COUNTY,493,61 Years,595,286,309,392,190,202,14,7,7,10,3,7,179,86,93
WILSON COUNTY,493,62 Years,611,311,300,410,211,199,11,7,4,11,4,7,179,89,90
WILSON COUNTY,493,63 Years,594,295,299,411,198,213,9,6,3,9,2,7,165,89,76
WILSON COUNTY,493,64 Years,559,291,268,400,209,191,13,8,5,7,3,4,139,71,68
WILSON COUNTY,493,65 Years,538,273,265,386,204,182,10,7,3,7,3,4,135,59,76
WILSON COUNTY,493,66 Years,483,246,237,331,169,162,8,2,6,5,2,3,139,73,66
WILSON COUNTY,493,67 Years,437,230,207,286,151,135,7,4,3,4,1,3,140,74,66
WILSON COUNTY,493,68 Years,408,203,205,273,136,137,9,6,3,4,3,1,122,58,64
WILSON COUNTY,493,69 Years,386,192,194,259,136,123,7,5,2,8,3,5,112,48,64
WILSON COUNTY,493,70 Years,351,181,170,234,121,113,7,5,2,8,2,6,102,53,49
WILSON COUNTY,493,71 Years,306,166,140,223,123,100,6,4,2,3,1,2,74,38,36
WILSON COUNTY,493,72 Years,300,153,147,218,108,110,5,3,2,2,2,0,75,40,35
WILSON COUNTY,493,73 Years,278,138,140,205,104,101,7,4,3,5,2,3,61,28,33
WILSON COUNTY,493,74 Years,254,117,137,186,93,93,8,2,6,2,1,1,58,21,37
WILSON COUNTY,493,75 Years,228,111,117,160,82,78,5,2,3,1,1,0,62,26,36
WILSON COUNTY,493,76 Years,203,106,97,140,78,62,2,0,2,1,0,1,60,28,32
WILSON COUNTY,493,77 Years,194,89,105,131,65,66,1,0,1,2,0,2,60,24,36
WILSON COUNTY,493,78 Years,171,73,98,109,48,61,3,1,2,0,0,0,59,24,35
WILSON COUNTY,493,79 Years,187,93,94,129,62,67,5,4,1,0,0,0,53,27,26
WILSON COUNTY,493,80 Years,199,104,95,129,68,61,4,3,1,5,3,2,61,30,31
WILSON COUNTY,493,81 Years,170,82,88,121,62,59,2,1,1,2,1,1,45,18,27
WILSON COUNTY,493,82 Years,149,69,80,109,51,58,3,0,3,1,1,0,36,17,19
WILSON COUNTY,493,83 Years,129,63,66,95,46,49,3,1,2,2,1,1,29,15,14
WILSON COUNTY,493,84 Years,121,55,66,86,36,50,3,2,1,1,0,1,31,17,14
WILSON COUNTY,493,85 Years +,739,281,458,521,198,323,14,5,9,4,1,3,200,77,123
WINKLER COUNTY,495,All Ages,7189,3600,3589,2987,1475,1512,131,64,67,132,75,57,3939,1986,1953
WINKLER COUNTY,495,< 1 Year,119,67,52,35,20,15,2,1,1,0,0,0,82,46,36
WINKLER COUNTY,495,1 Years,106,58,48,35,19,16,1,1,0,1,1,0,69,37,32
WINKLER COUNTY,495,2 Years,122,59,63,40,22,18,4,3,1,3,2,1,75,32,43
WINKLER COUNTY,495,3 Years,131,69,62,38,26,12,3,2,1,4,1,3,86,40,46
WINKLER COUNTY,495,4 Years,130,68,62,42,26,16,1,0,1,6,2,4,81,40,41
WINKLER COUNTY,495,5 Years,118,66,52,37,22,15,0,0,0,3,2,1,78,42,36
WINKLER COUNTY,495,6 Years,120,58,62,30,15,15,1,0,1,5,4,1,84,39,45
WINKLER COUNTY,495,7 Years,103,52,51,31,13,18,2,2,0,4,3,1,66,34,32
WINKLER COUNTY,495,8 Years,109,62,47,28,13,15,2,1,1,3,2,1,76,46,30
WINKLER COUNTY,495,9 Years,121,62,59,38,18,20,3,1,2,2,2,0,78,41,37
WINKLER COUNTY,495,10 Years,100,44,56,25,12,13,3,0,3,3,2,1,69,30,39
WINKLER COUNTY,495,11 Years,117,64,53,30,15,15,5,2,3,3,1,2,79,46,33
WINKLER COUNTY,495,12 Years,99,50,49,32,14,18,3,2,1,2,2,0,62,32,30
WINKLER COUNTY,495,13 Years,98,54,44,25,16,9,1,1,0,2,2,0,70,35,35
WINKLER COUNTY,495,14 Years,121,57,64,39,20,19,0,0,0,3,2,1,79,35,44
WINKLER COUNTY,495,15 Years,123,61,62,35,19,16,1,1,0,2,1,1,85,40,45
WINKLER COUNTY,495,16 Years,116,63,53,39,19,20,1,1,0,4,3,1,72,40,32
WINKLER COUNTY,495,17 Years,109,58,51,44,21,23,2,1,1,1,1,0,62,35,27
WINKLER COUNTY,495,18 Years,128,70,58,41,20,21,3,1,2,5,3,2,79,46,33
WINKLER COUNTY,495,19 Years,122,58,64,38,16,22,1,1,0,2,1,1,81,40,41
WINKLER COUNTY,495,20 Years,95,53,42,32,20,12,0,0,0,2,1,1,61,32,29
WINKLER COUNTY,495,21 Years,88,52,36,29,17,12,1,1,0,2,2,0,56,32,24
WINKLER COUNTY,495,22 Years,87,44,43,23,12,11,2,1,1,2,1,1,60,30,30
WINKLER COUNTY,495,23 Years,78,40,38,25,13,12,3,1,2,1,0,1,49,26,23
WINKLER COUNTY,495,24 Years,69,39,30,31,13,18,1,0,1,1,1,0,36,25,11
WINKLER COUNTY,495,25 Years,79,43,36,40,21,19,1,1,0,2,0,2,36,21,15
WINKLER COUNTY,495,26 Years,89,45,44,29,15,14,0,0,0,1,0,1,59,30,29
WINKLER COUNTY,495,27 Years,89,35,54,32,15,17,3,0,3,1,0,1,53,20,33
WINKLER COUNTY,495,28 Years,93,46,47,32,16,16,1,0,1,1,0,1,59,30,29
WINKLER COUNTY,495,29 Years,99,54,45,33,16,17,3,3,0,1,1,0,62,34,28
WINKLER COUNTY,495,30 Years,94,48,46,30,14,16,2,1,1,1,1,0,61,32,29
WINKLER COUNTY,495,31 Years,82,44,38,30,18,12,1,0,1,3,3,0,48,23,25
WINKLER COUNTY,495,32 Years,83,42,41,30,14,16,2,1,1,3,2,1,48,25,23
WINKLER COUNTY,495,33 Years,72,29,43,28,12,16,0,0,0,2,1,1,42,16,26
WINKLER COUNTY,495,34 Years,83,38,45,30,11,19,0,0,0,1,1,0,52,26,26
WINKLER COUNTY,495,35 Years,80,37,43,31,17,14,2,2,0,0,0,0,47,18,29
WINKLER COUNTY,495,36 Years,101,57,44,34,22,12,1,1,0,3,3,0,63,31,32
WINKLER COUNTY,495,37 Years,86,40,46,27,14,13,1,1,0,2,2,0,56,23,33
WINKLER COUNTY,495,38 Years,78,36,42,32,14,18,1,1,0,2,1,1,43,20,23
WINKLER COUNTY,495,39 Years,79,33,46,38,13,25,1,0,1,2,0,2,38,20,18
WINKLER COUNTY,495,40 Years,83,48,35,35,20,15,1,1,0,2,2,0,45,25,20
WINKLER COUNTY,495,41 Years,88,41,47,36,18,18,4,1,3,1,1,0,47,21,26
WINKLER COUNTY,495,42 Years,83,34,49,32,13,19,3,2,1,0,0,0,48,19,29
WINKLER COUNTY,495,43 Years,81,37,44,27,11,16,1,1,0,1,0,1,52,25,27
WINKLER COUNTY,495,44 Years,71,32,39,29,12,17,1,0,1,1,0,1,40,20,20
WINKLER COUNTY,495,45 Years,76,33,43,36,16,20,0,0,0,1,1,0,39,16,23
WINKLER COUNTY,495,46 Years,95,45,50,41,20,21,1,0,1,1,0,1,52,25,27
WINKLER COUNTY,495,47 Years,100,48,52,49,24,25,2,2,0,0,0,0,49,22,27
WINKLER COUNTY,495,48 Years,119,65,54,57,32,25,4,2,2,2,1,1,56,30,26
WINKLER COUNTY,495,49 Years,114,59,55,57,28,29,1,1,0,4,2,2,52,28,24
WINKLER COUNTY,495,50 Years,120,62,58,62,32,30,2,2,0,2,0,2,54,28,26
WINKLER COUNTY,495,51 Years,102,57,45,53,32,21,1,1,0,1,0,1,47,24,23
WINKLER COUNTY,495,52 Years,99,54,45,47,27,20,3,1,2,1,0,1,48,26,22
WINKLER COUNTY,495,53 Years,96,52,44,45,25,20,1,1,0,0,0,0,50,26,24
WINKLER COUNTY,495,54 Years,94,57,37,48,31,17,1,0,1,2,1,1,43,25,18
WINKLER COUNTY,495,55 Years,101,54,47,53,30,23,2,1,1,1,0,1,45,23,22
WINKLER COUNTY,495,56 Years,104,48,56,54,25,29,4,1,3,2,1,1,44,21,23
WINKLER COUNTY,495,57 Years,84,44,40,50,27,23,3,0,3,1,1,0,30,16,14
WINKLER COUNTY,495,58 Years,86,43,43,48,22,26,3,1,2,0,0,0,35,20,15
WINKLER COUNTY,495,59 Years,79,43,36,41,22,19,3,2,1,2,1,1,33,18,15
WINKLER COUNTY,495,60 Years,82,40,42,41,22,19,3,2,1,1,0,1,37,16,21
WINKLER COUNTY,495,61 Years,87,42,45,50,25,25,1,0,1,1,0,1,35,17,18
WINKLER COUNTY,495,62 Years,75,35,40,44,20,24,1,0,1,2,2,0,28,13,15
WINKLER COUNTY,495,63 Years,63,36,27,32,16,16,1,1,0,1,1,0,29,18,11
WINKLER COUNTY,495,64 Years,68,35,33,35,18,17,0,0,0,1,0,1,32,17,15
WINKLER COUNTY,495,65 Years,81,36,45,49,19,30,1,1,0,0,0,0,31,16,15
WINKLER COUNTY,495,66 Years,69,34,35,40,19,21,1,0,1,0,0,0,28,15,13
WINKLER COUNTY,495,67 Years,61,23,38,31,12,19,0,0,0,1,0,1,29,11,18
WINKLER COUNTY,495,68 Years,54,22,32,30,11,19,1,0,1,1,1,0,22,10,12
WINKLER COUNTY,495,69 Years,51,21,30,29,11,18,0,0,0,2,1,1,20,9,11
WINKLER COUNTY,495,70 Years,43,18,25,24,9,15,0,0,0,2,1,1,17,8,9
WINKLER COUNTY,495,71 Years,40,22,18,24,11,13,1,1,0,0,0,0,15,10,5
WINKLER COUNTY,495,72 Years,36,19,17,21,11,10,1,0,1,0,0,0,14,8,6
WINKLER COUNTY,495,73 Years,37,18,19,21,10,11,0,0,0,0,0,0,16,8,8
WINKLER COUNTY,495,74 Years,44,19,25,29,14,15,0,0,0,0,0,0,15,5,10
WINKLER COUNTY,495,75 Years,40,19,21,28,15,13,0,0,0,0,0,0,12,4,8
WINKLER COUNTY,495,76 Years,41,16,25,27,12,15,1,0,1,1,0,1,12,4,8
WINKLER COUNTY,495,77 Years,33,14,19,21,9,12,2,0,2,0,0,0,10,5,5
WINKLER COUNTY,495,78 Years,28,14,14,20,8,12,0,0,0,1,0,1,7,6,1
WINKLER COUNTY,495,79 Years,26,11,15,19,7,12,0,0,0,0,0,0,7,4,3
WINKLER COUNTY,495,80 Years,29,11,18,20,8,12,0,0,0,0,0,0,9,3,6
WINKLER COUNTY,495,81 Years,33,10,23,23,7,16,0,0,0,0,0,0,10,3,7
WINKLER COUNTY,495,82 Years,30,13,17,20,9,11,0,0,0,0,0,0,10,4,6
WINKLER COUNTY,495,83 Years,26,10,16,18,7,11,2,1,1,0,0,0,6,2,4
WINKLER COUNTY,495,84 Years,20,7,13,12,3,9,2,1,1,0,0,0,6,3,3
WINKLER COUNTY,495,85 Years +,101,44,57,61,22,39,7,2,5,2,1,1,31,19,12
WISE COUNTY,497,All Ages,60848,30660,30188,47886,23851,24035,591,405,186,1384,660,724,10987,5744,5243
WISE COUNTY,497,< 1 Year,739,364,375,522,251,271,5,2,3,13,4,9,199,107,92
WISE COUNTY,497,1 Years,748,384,364,537,273,264,4,2,2,15,7,8,192,102,90
WISE COUNTY,497,2 Years,749,396,353,496,266,230,6,1,5,29,13,16,218,116,102
WISE COUNTY,497,3 Years,785,383,402,529,256,273,8,4,4,22,12,10,226,111,115
WISE COUNTY,497,4 Years,823,423,400,551,285,266,5,4,1,20,11,9,247,123,124
WISE COUNTY,497,5 Years,826,437,389,545,285,260,8,4,4,26,15,11,247,133,114
WISE COUNTY,497,6 Years,828,438,390,562,297,265,6,3,3,23,16,7,237,122,115
WISE COUNTY,497,7 Years,812,424,388,544,280,264,4,2,2,28,19,9,236,123,113
WISE COUNTY,497,8 Years,837,412,425,570,292,278,3,2,1,29,11,18,235,107,128
WISE COUNTY,497,9 Years,848,414,434,593,297,296,5,2,3,27,12,15,223,103,120
WISE COUNTY,497,10 Years,859,437,422,595,310,285,9,4,5,24,12,12,231,111,120
WISE COUNTY,497,11 Years,927,476,451,648,330,318,10,5,5,21,8,13,248,133,115
WISE COUNTY,497,12 Years,948,478,470,657,342,315,12,6,6,26,8,18,253,122,131
WISE COUNTY,497,13 Years,919,495,424,653,356,297,5,3,2,24,12,12,237,124,113
WISE COUNTY,497,14 Years,941,486,455,685,360,325,4,1,3,25,13,12,227,112,115
WISE COUNTY,497,15 Years,940,473,467,681,350,331,2,1,1,22,13,9,235,109,126
WISE COUNTY,497,16 Years,917,472,445,654,337,317,7,4,3,21,13,8,235,118,117
WISE COUNTY,497,17 Years,917,482,435,668,353,315,9,8,1,31,17,14,209,104,105
WISE COUNTY,497,18 Years,918,491,427,680,364,316,5,5,0,39,21,18,194,101,93
WISE COUNTY,497,19 Years,907,491,416,669,371,298,5,2,3,33,13,20,200,105,95
WISE COUNTY,497,20 Years,809,436,373,574,315,259,8,4,4,27,14,13,200,103,97
WISE COUNTY,497,21 Years,724,376,348,505,269,236,7,4,3,23,14,9,189,89,100
WISE COUNTY,497,22 Years,693,353,340,484,239,245,4,2,2,21,13,8,184,99,85
WISE COUNTY,497,23 Years,668,345,323,462,226,236,7,5,2,15,7,8,184,107,77
WISE COUNTY,497,24 Years,665,347,318,455,226,229,8,6,2,14,5,9,188,110,78
WISE COUNTY,497,25 Years,701,367,334,480,239,241,12,10,2,14,8,6,195,110,85
WISE COUNTY,497,26 Years,714,393,321,496,265,231,15,12,3,15,6,9,188,110,78
WISE COUNTY,497,27 Years,691,362,329,493,248,245,10,7,3,13,7,6,175,100,75
WISE COUNTY,497,28 Years,677,349,328,481,231,250,10,6,4,16,7,9,170,105,65
WISE COUNTY,497,29 Years,680,348,332,468,237,231,14,8,6,12,2,10,186,101,85
WISE COUNTY,497,30 Years,750,364,386,531,246,285,17,9,8,16,5,11,186,104,82
WISE COUNTY,497,31 Years,725,359,366,523,256,267,21,14,7,14,5,9,167,84,83
WISE COUNTY,497,32 Years,700,350,350,511,253,258,12,9,3,12,4,8,165,84,81
WISE COUNTY,497,33 Years,687,350,337,511,255,256,8,7,1,12,4,8,156,84,72
WISE COUNTY,497,34 Years,693,346,347,513,250,263,11,9,2,12,4,8,157,83,74
WISE COUNTY,497,35 Years,658,317,341,472,217,255,18,14,4,11,6,5,157,80,77
WISE COUNTY,497,36 Years,682,366,316,506,258,248,13,12,1,13,9,4,150,87,63
WISE COUNTY,497,37 Years,693,365,328,535,272,263,11,9,2,11,3,8,136,81,55
WISE COUNTY,497,38 Years,721,376,345,518,265,253,10,9,1,21,9,12,172,93,79
WISE COUNTY,497,39 Years,735,360,375,549,264,285,12,8,4,19,9,10,155,79,76
WISE COUNTY,497,40 Years,810,380,430,620,286,334,15,12,3,18,7,11,157,75,82
WISE COUNTY,497,41 Years,863,423,440,676,328,348,14,12,2,21,8,13,152,75,77
WISE COUNTY,497,42 Years,875,434,441,692,341,351,18,12,6,25,14,11,140,67,73
WISE COUNTY,497,43 Years,807,388,419,644,304,340,9,8,1,14,8,6,140,68,72
WISE COUNTY,497,44 Years,826,403,423,655,309,346,7,7,0,19,11,8,145,76,69
WISE COUNTY,497,45 Years,856,424,432,671,326,345,8,5,3,23,12,11,154,81,73
WISE COUNTY,497,46 Years,906,471,435,732,374,358,16,13,3,17,11,6,141,73,68
WISE COUNTY,497,47 Years,922,464,458,757,377,380,14,11,3,17,8,9,134,68,66
WISE COUNTY,497,48 Years,970,474,496,819,394,425,7,4,3,24,10,14,120,66,54
WISE COUNTY,497,49 Years,1030,509,521,862,417,445,8,6,2,32,11,21,128,75,53
WISE COUNTY,497,50 Years,981,483,498,832,401,431,14,12,2,27,9,18,108,61,47
WISE COUNTY,497,51 Years,979,500,479,841,427,414,6,5,1,22,8,14,110,60,50
WISE COUNTY,497,52 Years,997,486,511,856,423,433,9,5,4,20,6,14,112,52,60
WISE COUNTY,497,53 Years,978,494,484,847,428,419,11,9,2,18,8,10,102,49,53
WISE COUNTY,497,54 Years,965,498,467,847,428,419,8,8,0,18,9,9,92,53,39
WISE COUNTY,497,55 Years,936,492,444,824,426,398,5,3,2,16,9,7,91,54,37
WISE COUNTY,497,56 Years,881,439,442,773,381,392,11,8,3,18,10,8,79,40,39
WISE COUNTY,497,57 Years,838,441,397,727,373,354,7,5,2,20,10,10,84,53,31
WISE COUNTY,497,58 Years,788,395,393,677,331,346,5,3,2,24,14,10,82,47,35
WISE COUNTY,497,59 Years,781,383,398,693,339,354,5,2,3,17,11,6,66,31,35
WISE COUNTY,497,60 Years,720,359,361,652,325,327,3,3,0,11,4,7,54,27,27
WISE COUNTY,497,61 Years,687,340,347,615,301,314,4,3,1,9,4,5,59,32,27
WISE COUNTY,497,62 Years,705,349,356,635,310,325,4,3,1,9,4,5,57,32,25
WISE COUNTY,497,63 Years,653,303,350,599,275,324,4,3,1,10,4,6,40,21,19
WISE COUNTY,497,64 Years,705,363,342,655,334,321,6,3,3,6,3,3,38,23,15
WISE COUNTY,497,65 Years,685,353,332,630,325,305,3,2,1,16,9,7,36,17,19
WISE COUNTY,497,66 Years,618,322,296,559,290,269,4,2,2,13,7,6,42,23,19
WISE COUNTY,497,67 Years,565,272,293,522,247,275,2,1,1,6,2,4,35,22,13
WISE COUNTY,497,68 Years,576,291,285,545,277,268,1,1,0,4,1,3,26,12,14
WISE COUNTY,497,69 Years,559,279,280,526,265,261,1,1,0,5,2,3,27,11,16
WISE COUNTY,497,70 Years,510,244,266,474,230,244,1,1,0,9,3,6,26,10,16
WISE COUNTY,497,71 Years,473,232,241,430,215,215,2,1,1,11,4,7,30,12,18
WISE COUNTY,497,72 Years,421,213,208,388,193,195,1,0,1,4,2,2,28,18,10
WISE COUNTY,497,73 Years,383,184,199,353,170,183,2,1,1,3,1,2,25,12,13
WISE COUNTY,497,74 Years,346,181,165,319,172,147,0,0,0,6,1,5,21,8,13
WISE COUNTY,497,75 Years,323,156,167,303,146,157,0,0,0,8,5,3,12,5,7
WISE COUNTY,497,76 Years,294,129,165,279,121,158,0,0,0,3,2,1,12,6,6
WISE COUNTY,497,77 Years,280,128,152,267,122,145,0,0,0,2,1,1,11,5,6
WISE COUNTY,497,78 Years,294,145,149,274,135,139,1,0,1,4,1,3,15,9,6
WISE COUNTY,497,79 Years,249,130,119,233,122,111,2,1,1,4,2,2,10,5,5
WISE COUNTY,497,80 Years,201,104,97,190,97,93,0,0,0,2,2,0,9,5,4
WISE COUNTY,497,81 Years,189,89,100,175,79,96,1,0,1,3,3,0,10,7,3
WISE COUNTY,497,82 Years,179,72,107,167,66,101,1,0,1,3,2,1,8,4,4
WISE COUNTY,497,83 Years,156,65,91,148,61,87,0,0,0,1,0,1,7,4,3
WISE COUNTY,497,84 Years,145,65,80,136,61,75,0,0,0,4,2,2,5,2,3
WISE COUNTY,497,85 Years +,689,226,463,661,213,448,1,0,1,9,4,5,18,9,9
WOOD COUNTY,499,All Ages,42312,20824,21488,35694,17386,18308,1965,990,975,861,412,449,3792,2036,1756
WOOD COUNTY,499,< 1 Year,402,203,199,309,154,155,9,7,2,9,5,4,75,37,38
WOOD COUNTY,499,1 Years,426,217,209,321,162,159,30,16,14,8,5,3,67,34,33
WOOD COUNTY,499,2 Years,424,203,221,317,153,164,20,8,12,18,8,10,69,34,35
WOOD COUNTY,499,3 Years,446,228,218,321,172,149,17,7,10,16,7,9,92,42,50
WOOD COUNTY,499,4 Years,436,226,210,314,165,149,21,12,9,20,11,9,81,38,43
WOOD COUNTY,499,5 Years,461,249,212,344,183,161,15,7,8,19,9,10,83,50,33
WOOD COUNTY,499,6 Years,449,233,216,353,177,176,11,8,3,11,5,6,74,43,31
WOOD COUNTY,499,7 Years,437,235,202,332,176,156,14,8,6,13,7,6,78,44,34
WOOD COUNTY,499,8 Years,469,251,218,355,191,164,17,11,6,13,8,5,84,41,43
WOOD COUNTY,499,9 Years,465,232,233,344,172,172,21,11,10,18,9,9,82,40,42
WOOD COUNTY,499,10 Years,469,232,237,354,173,181,19,6,13,20,13,7,76,40,36
WOOD COUNTY,499,11 Years,511,260,251,372,188,184,27,14,13,19,13,6,93,45,48
WOOD COUNTY,499,12 Years,497,251,246,377,187,190,17,9,8,20,9,11,83,46,37
WOOD COUNTY,499,13 Years,523,263,260,398,200,198,14,5,9,20,8,12,91,50,41
WOOD COUNTY,499,14 Years,496,254,242,377,192,185,19,11,8,19,9,10,81,42,39
WOOD COUNTY,499,15 Years,514,245,269,403,192,211,22,11,11,18,8,10,71,34,37
WOOD COUNTY,499,16 Years,520,253,267,405,191,214,22,12,10,15,10,5,78,40,38
WOOD COUNTY,499,17 Years,528,266,262,421,211,210,22,14,8,14,8,6,71,33,38
WOOD COUNTY,499,18 Years,525,273,252,401,199,202,39,30,9,14,7,7,71,37,34
WOOD COUNTY,499,19 Years,513,286,227,366,190,176,59,47,12,12,7,5,76,42,34
WOOD COUNTY,499,20 Years,494,269,225,331,176,155,72,39,33,11,4,7,80,50,30
WOOD COUNTY,499,21 Years,460,244,216,298,158,140,90,46,44,6,3,3,66,37,29
WOOD COUNTY,499,22 Years,469,249,220,282,148,134,102,46,56,8,5,3,77,50,27
WOOD COUNTY,499,23 Years,432,218,214,275,140,135,83,34,49,8,5,3,66,39,27
WOOD COUNTY,499,24 Years,406,207,199,275,143,132,62,26,36,11,6,5,58,32,26
WOOD COUNTY,499,25 Years,381,207,174,272,141,131,39,24,15,7,2,5,63,40,23
WOOD COUNTY,499,26 Years,379,192,187,280,134,146,32,21,11,6,3,3,61,34,27
WOOD COUNTY,499,27 Years,356,182,174,278,138,140,22,12,10,6,3,3,50,29,21
WOOD COUNTY,499,28 Years,343,167,176,269,132,137,19,10,9,5,0,5,50,25,25
WOOD COUNTY,499,29 Years,370,205,165,293,163,130,21,13,8,3,1,2,53,28,25
WOOD COUNTY,499,30 Years,367,189,178,287,145,142,13,8,5,9,4,5,58,32,26
WOOD COUNTY,499,31 Years,389,190,199,317,152,165,16,11,5,6,3,3,50,24,26
WOOD COUNTY,499,32 Years,371,187,184,282,145,137,19,10,9,7,4,3,63,28,35
WOOD COUNTY,499,33 Years,382,194,188,312,157,155,16,7,9,8,4,4,46,26,20
WOOD COUNTY,499,34 Years,352,177,175,276,136,140,14,8,6,8,4,4,54,29,25
WOOD COUNTY,499,35 Years,365,179,186,286,139,147,13,5,8,8,3,5,58,32,26
WOOD COUNTY,499,36 Years,379,192,187,309,159,150,14,5,9,5,1,4,51,27,24
WOOD COUNTY,499,37 Years,380,201,179,316,167,149,8,4,4,5,2,3,51,28,23
WOOD COUNTY,499,38 Years,362,188,174,305,157,148,12,7,5,6,1,5,39,23,16
WOOD COUNTY,499,39 Years,395,179,216,326,145,181,10,4,6,6,1,5,53,29,24
WOOD COUNTY,499,40 Years,423,205,218,360,174,186,9,5,4,6,4,2,48,22,26
WOOD COUNTY,499,41 Years,429,226,203,365,194,171,11,7,4,11,7,4,42,18,24
WOOD COUNTY,499,42 Years,478,245,233,398,203,195,16,7,9,14,5,9,50,30,20
WOOD COUNTY,499,43 Years,463,245,218,390,206,184,11,5,6,9,2,7,53,32,21
WOOD COUNTY,499,44 Years,461,232,229,381,189,192,19,8,11,8,4,4,53,31,22
WOOD COUNTY,499,45 Years,434,214,220,364,172,192,18,9,9,7,2,5,45,31,14
WOOD COUNTY,499,46 Years,479,243,236,398,194,204,23,15,8,9,4,5,49,30,19
WOOD COUNTY,499,47 Years,520,259,261,450,218,232,20,12,8,10,3,7,40,26,14
WOOD COUNTY,499,48 Years,552,261,291,492,229,263,22,11,11,5,1,4,33,20,13
WOOD COUNTY,499,49 Years,525,255,270,454,219,235,21,9,12,8,3,5,42,24,18
WOOD COUNTY,499,50 Years,550,251,299,475,216,259,19,8,11,13,8,5,43,19,24
WOOD COUNTY,499,51 Years,592,298,294,517,263,254,22,15,7,20,9,11,33,11,22
WOOD COUNTY,499,52 Years,626,319,307,543,272,271,27,19,8,14,6,8,42,22,20
WOOD COUNTY,499,53 Years,586,295,291,522,264,258,24,11,13,6,3,3,34,17,17
WOOD COUNTY,499,54 Years,570,291,279,506,255,251,24,10,14,10,5,5,30,21,9
WOOD COUNTY,499,55 Years,643,309,334,570,273,297,35,16,19,9,6,3,29,14,15
WOOD COUNTY,499,56 Years,604,290,314,526,252,274,39,22,17,10,3,7,29,13,16
WOOD COUNTY,499,57 Years,606,278,328,543,248,295,23,12,11,12,3,9,28,15,13
WOOD COUNTY,499,58 Years,628,282,346,556,247,309,30,13,17,12,5,7,30,17,13
WOOD COUNTY,499,59 Years,601,271,330,537,239,298,26,13,13,10,5,5,28,14,14
WOOD COUNTY,499,60 Years,626,291,335,573,267,306,22,10,12,9,3,6,22,11,11
WOOD COUNTY,499,61 Years,635,306,329,577,274,303,20,8,12,14,8,6,24,16,8
WOOD COUNTY,499,62 Years,655,306,349,602,279,323,19,9,10,12,6,6,22,12,10
WOOD COUNTY,499,63 Years,685,334,351,631,304,327,19,10,9,17,9,8,18,11,7
WOOD COUNTY,499,64 Years,730,344,386,681,317,364,20,12,8,14,6,8,15,9,6
WOOD COUNTY,499,65 Years,767,374,393,721,353,368,23,9,14,9,3,6,14,9,5
WOOD COUNTY,499,66 Years,638,306,332,597,290,307,17,5,12,12,6,6,12,5,7
WOOD COUNTY,499,67 Years,662,322,340,629,303,326,9,4,5,11,8,3,13,7,6
WOOD COUNTY,499,68 Years,704,349,355,662,328,334,23,10,13,9,6,3,10,5,5
WOOD COUNTY,499,69 Years,693,338,355,655,318,337,23,12,11,6,2,4,9,6,3
WOOD COUNTY,499,70 Years,682,327,355,645,310,335,18,7,11,8,4,4,11,6,5
WOOD COUNTY,499,71 Years,641,301,340,606,289,317,15,4,11,7,3,4,13,5,8
WOOD COUNTY,499,72 Years,594,276,318,562,261,301,13,7,6,7,3,4,12,5,7
WOOD COUNTY,499,73 Years,558,273,285,525,256,269,17,7,10,7,5,2,9,5,4
WOOD COUNTY,499,74 Years,518,259,259,485,246,239,16,5,11,7,2,5,10,6,4
WOOD COUNTY,499,75 Years,463,244,219,441,233,208,10,6,4,4,2,2,8,3,5
WOOD COUNTY,499,76 Years,437,223,214,418,213,205,9,5,4,3,2,1,7,3,4
WOOD COUNTY,499,77 Years,444,229,215,419,216,203,10,5,5,7,3,4,8,5,3
WOOD COUNTY,499,78 Years,376,179,197,354,167,187,10,7,3,5,4,1,7,1,6
WOOD COUNTY,499,79 Years,339,160,179,318,151,167,10,2,8,4,3,1,7,4,3
WOOD COUNTY,499,80 Years,309,146,163,294,141,153,6,2,4,5,1,4,4,2,2
WOOD COUNTY,499,81 Years,274,122,152,257,116,141,7,2,5,6,2,4,4,2,2
WOOD COUNTY,499,82 Years,276,121,155,263,116,147,7,2,5,1,0,1,5,3,2
WOOD COUNTY,499,83 Years,236,111,125,222,105,117,9,3,6,0,0,0,5,3,2
WOOD COUNTY,499,84 Years,200,89,111,180,81,99,11,4,7,5,1,4,4,3,1
WOOD COUNTY,499,85 Years +,1057,349,708,977,322,655,51,12,39,14,7,7,15,8,7
YOAKUM COUNTY,501,All Ages,8043,3990,4053,3057,1487,1570,53,24,29,113,54,59,4820,2425,2395
YOAKUM COUNTY,501,< 1 Year,130,68,62,38,19,19,0,0,0,2,1,1,90,48,42
YOAKUM COUNTY,501,1 Years,125,66,59,33,17,16,0,0,0,2,1,1,90,48,42
YOAKUM COUNTY,501,2 Years,137,74,63,27,16,11,1,1,0,1,0,1,108,57,51
YOAKUM COUNTY,501,3 Years,155,72,83,34,17,17,1,1,0,3,0,3,117,54,63
YOAKUM COUNTY,501,4 Years,147,67,80,34,15,19,0,0,0,2,0,2,111,52,59
YOAKUM COUNTY,501,5 Years,140,65,75,41,19,22,0,0,0,4,1,3,95,45,50
YOAKUM COUNTY,501,6 Years,143,67,76,43,23,20,1,0,1,0,0,0,99,44,55
YOAKUM COUNTY,501,7 Years,146,72,74,36,19,17,1,1,0,1,0,1,108,52,56
YOAKUM COUNTY,501,8 Years,150,76,74,41,22,19,1,0,1,2,2,0,106,52,54
YOAKUM COUNTY,501,9 Years,135,63,72,40,21,19,0,0,0,3,2,1,92,40,52
YOAKUM COUNTY,501,10 Years,132,62,70,41,17,24,0,0,0,2,2,0,89,43,46
YOAKUM COUNTY,501,11 Years,138,71,67,37,16,21,0,0,0,1,1,0,100,54,46
YOAKUM COUNTY,501,12 Years,152,78,74,50,27,23,0,0,0,1,0,1,101,51,50
YOAKUM COUNTY,501,13 Years,149,85,64,46,25,21,0,0,0,2,1,1,101,59,42
YOAKUM COUNTY,501,14 Years,121,57,64,38,18,20,0,0,0,1,0,1,82,39,43
YOAKUM COUNTY,501,15 Years,120,55,65,33,18,15,1,1,0,2,1,1,84,35,49
YOAKUM COUNTY,501,16 Years,133,70,63,37,18,19,1,1,0,3,2,1,92,49,43
YOAKUM COUNTY,501,17 Years,122,63,59,35,20,15,1,1,0,1,1,0,85,41,44
YOAKUM COUNTY,501,18 Years,126,60,66,38,18,20,1,0,1,3,1,2,84,41,43
YOAKUM COUNTY,501,19 Years,148,78,70,43,23,20,0,0,0,2,0,2,103,55,48
YOAKUM COUNTY,501,20 Years,114,59,55,35,19,16,2,0,2,3,1,2,74,39,35
YOAKUM COUNTY,501,21 Years,99,52,47,25,15,10,1,0,1,1,0,1,72,37,35
YOAKUM COUNTY,501,22 Years,79,40,39,15,6,9,0,0,0,0,0,0,64,34,30
YOAKUM COUNTY,501,23 Years,81,37,44,15,5,10,0,0,0,2,2,0,64,30,34
YOAKUM COUNTY,501,24 Years,102,47,55,24,10,14,2,2,0,3,3,0,73,32,41
YOAKUM COUNTY,501,25 Years,106,55,51,19,10,9,2,1,1,2,2,0,83,42,41
YOAKUM COUNTY,501,26 Years,94,48,46,21,10,11,1,1,0,0,0,0,72,37,35
YOAKUM COUNTY,501,27 Years,91,51,40,18,8,10,0,0,0,1,0,1,72,43,29
YOAKUM COUNTY,501,28 Years,92,54,38,23,11,12,0,0,0,0,0,0,69,43,26
YOAKUM COUNTY,501,29 Years,101,55,46,34,14,20,1,1,0,0,0,0,66,40,26
YOAKUM COUNTY,501,30 Years,114,61,53,33,15,18,2,1,1,0,0,0,79,45,34
YOAKUM COUNTY,501,31 Years,114,47,67,41,17,24,1,0,1,3,2,1,69,28,41
YOAKUM COUNTY,501,32 Years,99,30,69,30,9,21,1,0,1,1,0,1,67,21,46
YOAKUM COUNTY,501,33 Years,88,41,47,25,14,11,1,0,1,1,0,1,61,27,34
YOAKUM COUNTY,501,34 Years,88,51,37,26,16,10,0,0,0,3,2,1,59,33,26
YOAKUM COUNTY,501,35 Years,101,57,44,30,19,11,0,0,0,2,1,1,69,37,32
YOAKUM COUNTY,501,36 Years,107,60,47,34,19,15,0,0,0,2,2,0,71,39,32
YOAKUM COUNTY,501,37 Years,101,53,48,36,18,18,2,0,2,1,1,0,62,34,28
YOAKUM COUNTY,501,38 Years,90,43,47,28,14,14,0,0,0,1,1,0,61,28,33
YOAKUM COUNTY,501,39 Years,81,41,40,22,13,9,0,0,0,0,0,0,59,28,31
YOAKUM COUNTY,501,40 Years,96,42,54,33,15,18,0,0,0,1,1,0,62,26,36
YOAKUM COUNTY,501,41 Years,87,41,46,27,14,13,0,0,0,1,0,1,59,27,32
YOAKUM COUNTY,501,42 Years,95,46,49,36,19,17,0,0,0,1,0,1,58,27,31
YOAKUM COUNTY,501,43 Years,109,49,60,43,18,25,1,0,1,2,1,1,63,30,33
YOAKUM COUNTY,501,44 Years,89,41,48,29,13,16,0,0,0,1,0,1,59,28,31
YOAKUM COUNTY,501,45 Years,97,48,49,29,15,14,0,0,0,3,1,2,65,32,33
YOAKUM COUNTY,501,46 Years,94,48,46,27,11,16,0,0,0,2,1,1,65,36,29
YOAKUM COUNTY,501,47 Years,103,54,49,31,15,16,0,0,0,1,1,0,71,38,33
YOAKUM COUNTY,501,48 Years,99,54,45,35,20,15,0,0,0,1,1,0,63,33,30
YOAKUM COUNTY,501,49 Years,105,53,52,48,22,26,0,0,0,1,1,0,56,30,26
YOAKUM COUNTY,501,50 Years,112,56,56,51,25,26,3,1,2,1,1,0,57,29,28
YOAKUM COUNTY,501,51 Years,106,57,49,61,28,33,1,1,0,4,3,1,40,25,15
YOAKUM COUNTY,501,52 Years,116,65,51,60,36,24,0,0,0,3,1,2,53,28,25
YOAKUM COUNTY,501,53 Years,113,53,60,54,29,25,3,2,1,1,0,1,55,22,33
YOAKUM COUNTY,501,54 Years,108,54,54,53,29,24,2,1,1,0,0,0,53,24,29
YOAKUM COUNTY,501,55 Years,109,62,47,64,39,25,0,0,0,0,0,0,45,23,22
YOAKUM COUNTY,501,56 Years,103,49,54,59,26,33,3,1,2,1,0,1,40,22,18
YOAKUM COUNTY,501,57 Years,99,49,50,50,23,27,4,2,2,0,0,0,45,24,21
YOAKUM COUNTY,501,58 Years,94,46,48,50,22,28,1,0,1,2,1,1,41,23,18
YOAKUM COUNTY,501,59 Years,74,37,37,42,18,24,0,0,0,1,0,1,31,19,12
YOAKUM COUNTY,501,60 Years,80,40,40,45,20,25,2,1,1,0,0,0,33,19,14
YOAKUM COUNTY,501,61 Years,85,43,42,49,25,24,1,0,1,0,0,0,35,18,17
YOAKUM COUNTY,501,62 Years,74,33,41,38,18,20,1,0,1,2,0,2,33,15,18
YOAKUM COUNTY,501,63 Years,76,34,42,45,18,27,0,0,0,1,0,1,30,16,14
YOAKUM COUNTY,501,64 Years,68,38,30,41,23,18,0,0,0,3,2,1,24,13,11
YOAKUM COUNTY,501,65 Years,73,37,36,48,23,25,0,0,0,2,1,1,23,13,10
YOAKUM COUNTY,501,66 Years,67,27,40,37,13,24,1,1,0,2,1,1,27,12,15
YOAKUM COUNTY,501,67 Years,55,26,29,32,14,18,0,0,0,0,0,0,23,12,11
YOAKUM COUNTY,501,68 Years,66,34,32,42,21,21,0,0,0,2,0,2,22,13,9
YOAKUM COUNTY,501,69 Years,58,31,27,38,20,18,0,0,0,1,0,1,19,11,8
YOAKUM COUNTY,501,70 Years,46,21,25,27,12,15,0,0,0,3,0,3,16,9,7
YOAKUM COUNTY,501,71 Years,44,22,22,26,14,12,0,0,0,2,1,1,16,7,9
YOAKUM COUNTY,501,72 Years,47,25,22,32,16,16,1,1,0,0,0,0,14,8,6
YOAKUM COUNTY,501,73 Years,45,19,26,30,13,17,1,0,1,0,0,0,14,6,8
YOAKUM COUNTY,501,74 Years,37,18,19,25,12,13,0,0,0,1,1,0,11,5,6
YOAKUM COUNTY,501,75 Years,39,16,23,31,13,18,0,0,0,1,1,0,7,2,5
YOAKUM COUNTY,501,76 Years,34,17,17,23,12,11,0,0,0,0,0,0,11,5,6
YOAKUM COUNTY,501,77 Years,41,20,21,30,16,14,1,0,1,0,0,0,10,4,6
YOAKUM COUNTY,501,78 Years,38,18,20,32,15,17,0,0,0,0,0,0,6,3,3
YOAKUM COUNTY,501,79 Years,39,17,22,28,11,17,0,0,0,0,0,0,11,6,5
YOAKUM COUNTY,501,80 Years,28,16,12,20,11,9,0,0,0,0,0,0,8,5,3
YOAKUM COUNTY,501,81 Years,20,10,10,14,7,7,0,0,0,0,0,0,6,3,3
YOAKUM COUNTY,501,82 Years,30,13,17,25,11,14,0,0,0,1,0,1,4,2,2
YOAKUM COUNTY,501,83 Years,22,11,11,17,8,9,1,1,0,0,0,0,4,2,2
YOAKUM COUNTY,501,84 Years,22,10,12,17,6,11,0,0,0,0,0,0,5,4,1
YOAKUM COUNTY,501,85 Years +,110,39,71,84,28,56,1,0,1,1,1,0,24,10,14
YOUNG COUNTY,503,All Ages,18883,9334,9549,15056,7292,7764,222,120,102,334,148,186,3271,1774,1497
YOUNG COUNTY,503,< 1 Year,235,120,115,171,91,80,2,0,2,3,1,2,59,28,31
YOUNG COUNTY,503,1 Years,231,114,117,162,82,80,1,0,1,4,2,2,64,30,34
YOUNG COUNTY,503,2 Years,239,136,103,155,86,69,3,1,2,7,6,1,74,43,31
YOUNG COUNTY,503,3 Years,255,137,118,155,82,73,3,2,1,7,3,4,90,50,40
YOUNG COUNTY,503,4 Years,238,121,117,152,73,79,3,2,1,10,5,5,73,41,32
YOUNG COUNTY,503,5 Years,248,140,108,155,86,69,6,2,4,9,5,4,78,47,31
YOUNG COUNTY,503,6 Years,248,123,125,150,74,76,3,1,2,11,6,5,84,42,42
YOUNG COUNTY,503,7 Years,237,110,127,143,68,75,2,2,0,8,4,4,84,36,48
YOUNG COUNTY,503,8 Years,259,124,135,177,87,90,2,1,1,5,2,3,75,34,41
YOUNG COUNTY,503,9 Years,263,131,132,179,91,88,3,1,2,7,4,3,74,35,39
YOUNG COUNTY,503,10 Years,266,130,136,192,90,102,1,1,0,7,3,4,66,36,30
YOUNG COUNTY,503,11 Years,269,133,136,191,89,102,4,4,0,3,1,2,71,39,32
YOUNG COUNTY,503,12 Years,275,141,134,191,100,91,3,2,1,4,1,3,77,38,39
YOUNG COUNTY,503,13 Years,262,141,121,192,101,91,4,4,0,4,1,3,62,35,27
YOUNG COUNTY,503,14 Years,255,142,113,182,95,87,4,4,0,6,2,4,63,41,22
YOUNG COUNTY,503,15 Years,229,121,108,170,88,82,1,1,0,4,1,3,54,31,23
YOUNG COUNTY,503,16 Years,256,129,127,188,90,98,1,1,0,5,2,3,62,36,26
YOUNG COUNTY,503,17 Years,239,123,116,182,94,88,1,1,0,4,1,3,52,27,25
YOUNG COUNTY,503,18 Years,243,138,105,186,103,83,2,2,0,5,3,2,50,30,20
YOUNG COUNTY,503,19 Years,245,125,120,190,101,89,3,0,3,6,1,5,46,23,23
YOUNG COUNTY,503,20 Years,236,131,105,175,100,75,2,1,1,8,2,6,51,28,23
YOUNG COUNTY,503,21 Years,193,93,100,132,64,68,4,2,2,5,2,3,52,25,27
YOUNG COUNTY,503,22 Years,195,101,94,133,64,69,2,2,0,4,3,1,56,32,24
YOUNG COUNTY,503,23 Years,183,93,90,124,60,64,3,3,0,7,4,3,49,26,23
YOUNG COUNTY,503,24 Years,189,97,92,118,58,60,5,4,1,7,3,4,59,32,27
YOUNG COUNTY,503,25 Years,190,93,97,128,59,69,2,1,1,4,1,3,56,32,24
YOUNG COUNTY,503,26 Years,225,122,103,152,77,75,2,1,1,6,3,3,65,41,24
YOUNG COUNTY,503,27 Years,223,112,111,156,71,85,6,3,3,7,3,4,54,35,19
YOUNG COUNTY,503,28 Years,202,111,91,149,80,69,5,4,1,2,1,1,46,26,20
YOUNG COUNTY,503,29 Years,227,120,107,163,85,78,3,2,1,2,1,1,59,32,27
YOUNG COUNTY,503,30 Years,208,117,91,143,80,63,5,3,2,3,1,2,57,33,24
YOUNG COUNTY,503,31 Years,214,112,102,160,78,82,2,1,1,5,3,2,47,30,17
YOUNG COUNTY,503,32 Years,186,100,86,138,72,66,1,1,0,3,2,1,44,25,19
YOUNG COUNTY,503,33 Years,187,91,96,142,65,77,0,0,0,2,1,1,43,25,18
YOUNG COUNTY,503,34 Years,201,100,101,155,72,83,2,1,1,2,0,2,42,27,15
YOUNG COUNTY,503,35 Years,180,92,88,127,63,64,4,2,2,2,0,2,47,27,20
YOUNG COUNTY,503,36 Years,178,87,91,130,62,68,2,0,2,2,0,2,44,25,19
YOUNG COUNTY,503,37 Years,199,86,113,148,60,88,2,2,0,3,2,1,46,22,24
YOUNG COUNTY,503,38 Years,221,109,112,166,81,85,2,2,0,5,3,2,48,23,25
YOUNG COUNTY,503,39 Years,215,111,104,173,89,84,2,2,0,3,1,2,37,19,18
YOUNG COUNTY,503,40 Years,211,104,107,170,82,88,2,1,1,1,1,0,38,20,18
YOUNG COUNTY,503,41 Years,210,97,113,175,78,97,2,1,1,1,1,0,32,17,15
YOUNG COUNTY,503,42 Years,214,103,111,173,80,93,3,2,1,3,1,2,35,20,15
YOUNG COUNTY,503,43 Years,216,112,104,169,86,83,3,2,1,6,3,3,38,21,17
YOUNG COUNTY,503,44 Years,220,107,113,169,86,83,1,0,1,7,3,4,43,18,25
YOUNG COUNTY,503,45 Years,208,106,102,165,81,84,3,3,0,4,2,2,36,20,16
YOUNG COUNTY,503,46 Years,215,108,107,167,80,87,3,1,2,1,0,1,44,27,17
YOUNG COUNTY,503,47 Years,255,123,132,211,101,110,4,1,3,2,0,2,38,21,17
YOUNG COUNTY,503,48 Years,256,130,126,217,111,106,5,4,1,2,1,1,32,14,18
YOUNG COUNTY,503,49 Years,258,132,126,205,104,101,4,1,3,4,2,2,45,25,20
YOUNG COUNTY,503,50 Years,274,131,143,227,108,119,4,1,3,4,1,3,39,21,18
YOUNG COUNTY,503,51 Years,277,141,136,241,124,117,2,1,1,2,0,2,32,16,16
YOUNG COUNTY,503,52 Years,298,143,155,251,120,131,4,3,1,5,1,4,38,19,19
YOUNG COUNTY,503,53 Years,294,145,149,243,120,123,4,4,0,5,1,4,42,20,22
YOUNG COUNTY,503,54 Years,290,148,142,246,123,123,2,1,1,4,1,3,38,23,15
YOUNG COUNTY,503,55 Years,288,135,153,252,117,135,4,0,4,3,1,2,29,17,12
YOUNG COUNTY,503,56 Years,297,155,142,259,135,124,5,1,4,3,2,1,30,17,13
YOUNG COUNTY,503,57 Years,264,128,136,236,112,124,5,3,2,2,1,1,21,12,9
YOUNG COUNTY,503,58 Years,243,123,120,217,110,107,3,1,2,5,3,2,18,9,9
YOUNG COUNTY,503,59 Years,270,131,139,246,120,126,2,0,2,3,3,0,19,8,11
YOUNG COUNTY,503,60 Years,299,142,157,263,125,138,2,1,1,5,1,4,29,15,14
YOUNG COUNTY,503,61 Years,248,134,114,224,119,105,0,0,0,6,5,1,18,10,8
YOUNG COUNTY,503,62 Years,238,132,106,215,117,98,1,1,0,4,2,2,18,12,6
YOUNG COUNTY,503,63 Years,208,101,107,193,92,101,2,1,1,0,0,0,13,8,5
YOUNG COUNTY,503,64 Years,230,102,128,213,95,118,3,0,3,4,0,4,10,7,3
YOUNG COUNTY,503,65 Years,237,118,119,219,109,110,2,1,1,3,1,2,13,7,6
YOUNG COUNTY,503,66 Years,193,92,101,175,84,91,4,1,3,3,1,2,11,6,5
YOUNG COUNTY,503,67 Years,194,96,98,177,85,92,3,2,1,4,2,2,10,7,3
YOUNG COUNTY,503,68 Years,200,94,106,188,86,102,2,1,1,2,2,0,8,5,3
YOUNG COUNTY,503,69 Years,181,81,100,168,74,94,2,1,1,4,3,1,7,3,4
YOUNG COUNTY,503,70 Years,183,86,97,172,79,93,0,0,0,2,2,0,9,5,4
YOUNG COUNTY,503,71 Years,180,89,91,167,80,87,0,0,0,3,2,1,10,7,3
YOUNG COUNTY,503,72 Years,148,66,82,142,63,79,1,0,1,2,1,1,3,2,1
YOUNG COUNTY,503,73 Years,149,70,79,140,64,76,2,0,2,2,2,0,5,4,1
YOUNG COUNTY,503,74 Years,125,54,71,118,51,67,4,1,3,1,1,0,2,1,1
YOUNG COUNTY,503,75 Years,146,71,75,139,67,72,4,3,1,1,0,1,2,1,1
YOUNG COUNTY,503,76 Years,141,63,78,130,58,72,0,0,0,3,0,3,8,5,3
YOUNG COUNTY,503,77 Years,148,67,81,135,61,74,3,2,1,3,1,2,7,3,4
YOUNG COUNTY,503,78 Years,136,58,78,124,54,70,3,1,2,1,0,1,8,3,5
YOUNG COUNTY,503,79 Years,126,46,80,115,42,73,2,1,1,1,0,1,8,3,5
YOUNG COUNTY,503,80 Years,121,53,68,113,50,63,1,1,0,1,1,0,6,1,5
YOUNG COUNTY,503,81 Years,111,53,58,108,52,56,0,0,0,1,0,1,2,1,1
YOUNG COUNTY,503,82 Years,95,33,62,93,33,60,0,0,0,1,0,1,1,0,1
YOUNG COUNTY,503,83 Years,105,44,61,100,43,57,2,1,1,1,0,1,2,0,2
YOUNG COUNTY,503,84 Years,95,43,52,92,42,50,1,0,1,1,0,1,1,1,0
YOUNG COUNTY,503,85 Years +,544,187,357,519,178,341,5,1,4,7,3,4,13,5,8
ZAPATA COUNTY,505,All Ages,14492,7257,7235,837,442,395,10,6,4,68,24,44,13577,6785,6792
ZAPATA COUNTY,505,< 1 Year,289,143,146,7,3,4,0,0,0,1,0,1,281,140,141
ZAPATA COUNTY,505,1 Years,317,160,157,4,2,2,0,0,0,1,0,1,312,158,154
ZAPATA COUNTY,505,2 Years,307,164,143,6,3,3,0,0,0,0,0,0,301,161,140
ZAPATA COUNTY,505,3 Years,304,164,140,5,3,2,0,0,0,1,1,0,298,160,138
ZAPATA COUNTY,505,4 Years,302,163,139,4,1,3,0,0,0,0,0,0,298,162,136
ZAPATA COUNTY,505,5 Years,288,159,129,7,4,3,0,0,0,0,0,0,281,155,126
ZAPATA COUNTY,505,6 Years,256,149,107,8,6,2,1,0,1,0,0,0,247,143,104
ZAPATA COUNTY,505,7 Years,278,158,120,7,5,2,0,0,0,1,1,0,270,152,118
ZAPATA COUNTY,505,8 Years,262,141,121,10,7,3,0,0,0,3,1,2,249,133,116
ZAPATA COUNTY,505,9 Years,243,126,117,6,3,3,0,0,0,3,1,2,234,122,112
ZAPATA COUNTY,505,10 Years,260,134,126,6,3,3,0,0,0,1,0,1,253,131,122
ZAPATA COUNTY,505,11 Years,244,128,116,3,1,2,0,0,0,1,1,0,240,126,114
ZAPATA COUNTY,505,12 Years,241,121,120,3,2,1,1,1,0,0,0,0,237,118,119
ZAPATA COUNTY,505,13 Years,270,134,136,7,3,4,0,0,0,1,1,0,262,130,132
ZAPATA COUNTY,505,14 Years,255,128,127,6,4,2,0,0,0,1,1,0,248,123,125
ZAPATA COUNTY,505,15 Years,244,132,112,8,7,1,0,0,0,0,0,0,236,125,111
ZAPATA COUNTY,505,16 Years,260,139,121,8,5,3,0,0,0,3,3,0,249,131,118
ZAPATA COUNTY,505,17 Years,248,124,124,6,3,3,0,0,0,3,1,2,239,120,119
ZAPATA COUNTY,505,18 Years,263,145,118,6,3,3,0,0,0,1,0,1,256,142,114
ZAPATA COUNTY,505,19 Years,263,132,131,5,2,3,0,0,0,0,0,0,258,130,128
ZAPATA COUNTY,505,20 Years,251,129,122,5,2,3,0,0,0,2,0,2,244,127,117
ZAPATA COUNTY,505,21 Years,237,121,116,7,4,3,0,0,0,0,0,0,230,117,113
ZAPATA COUNTY,505,22 Years,227,113,114,6,2,4,0,0,0,1,0,1,220,111,109
ZAPATA COUNTY,505,23 Years,214,103,111,7,4,3,0,0,0,1,0,1,206,99,107
ZAPATA COUNTY,505,24 Years,199,106,93,4,1,3,0,0,0,0,0,0,195,105,90
ZAPATA COUNTY,505,25 Years,205,99,106,2,1,1,0,0,0,1,0,1,202,98,104
ZAPATA COUNTY,505,26 Years,225,113,112,5,3,2,0,0,0,1,0,1,219,110,109
ZAPATA COUNTY,505,27 Years,203,92,111,5,2,3,0,0,0,0,0,0,198,90,108
ZAPATA COUNTY,505,28 Years,182,97,85,6,4,2,0,0,0,0,0,0,176,93,83
ZAPATA COUNTY,505,29 Years,193,98,95,6,3,3,0,0,0,0,0,0,187,95,92
ZAPATA COUNTY,505,30 Years,192,90,102,7,4,3,0,0,0,0,0,0,185,86,99
ZAPATA COUNTY,505,31 Years,186,93,93,5,3,2,0,0,0,0,0,0,181,90,91
ZAPATA COUNTY,505,32 Years,184,91,93,2,2,0,1,0,1,0,0,0,181,89,92
ZAPATA COUNTY,505,33 Years,161,81,80,2,0,2,0,0,0,0,0,0,159,81,78
ZAPATA COUNTY,505,34 Years,174,86,88,7,3,4,0,0,0,0,0,0,167,83,84
ZAPATA COUNTY,505,35 Years,189,100,89,7,4,3,0,0,0,1,0,1,181,96,85
ZAPATA COUNTY,505,36 Years,191,93,98,9,4,5,0,0,0,0,0,0,182,89,93
ZAPATA COUNTY,505,37 Years,198,90,108,10,6,4,0,0,0,0,0,0,188,84,104
ZAPATA COUNTY,505,38 Years,176,78,98,9,3,6,0,0,0,0,0,0,167,75,92
ZAPATA COUNTY,505,39 Years,162,79,83,5,2,3,0,0,0,1,1,0,156,76,80
ZAPATA COUNTY,505,40 Years,164,70,94,6,3,3,0,0,0,1,0,1,157,67,90
ZAPATA COUNTY,505,41 Years,165,74,91,2,1,1,0,0,0,2,1,1,161,72,89
ZAPATA COUNTY,505,42 Years,165,83,82,3,2,1,0,0,0,2,2,0,160,79,81
ZAPATA COUNTY,505,43 Years,155,73,82,5,5,0,0,0,0,4,1,3,146,67,79
ZAPATA COUNTY,505,44 Years,151,73,78,4,4,0,1,1,0,2,1,1,144,67,77
ZAPATA COUNTY,505,45 Years,159,74,85,5,3,2,1,1,0,0,0,0,153,70,83
ZAPATA COUNTY,505,46 Years,164,68,96,6,1,5,0,0,0,2,1,1,156,66,90
ZAPATA COUNTY,505,47 Years,153,72,81,8,5,3,0,0,0,0,0,0,145,67,78
ZAPATA COUNTY,505,48 Years,158,72,86,8,4,4,0,0,0,0,0,0,150,68,82
ZAPATA COUNTY,505,49 Years,157,75,82,12,7,5,0,0,0,1,0,1,144,68,76
ZAPATA COUNTY,505,50 Years,151,82,69,9,4,5,0,0,0,0,0,0,142,78,64
ZAPATA COUNTY,505,51 Years,157,81,76,7,3,4,0,0,0,0,0,0,150,78,72
ZAPATA COUNTY,505,52 Years,146,75,71,9,6,3,0,0,0,1,1,0,136,68,68
ZAPATA COUNTY,505,53 Years,139,76,63,6,5,1,0,0,0,0,0,0,133,71,62
ZAPATA COUNTY,505,54 Years,131,67,64,9,7,2,0,0,0,0,0,0,122,60,62
ZAPATA COUNTY,505,55 Years,135,74,61,10,7,3,0,0,0,2,1,1,123,66,57
ZAPATA COUNTY,505,56 Years,118,61,57,6,4,2,1,1,0,0,0,0,111,56,55
ZAPATA COUNTY,505,57 Years,137,72,65,10,6,4,0,0,0,1,1,0,126,65,61
ZAPATA COUNTY,505,58 Years,130,70,60,13,5,8,0,0,0,3,1,2,114,64,50
ZAPATA COUNTY,505,59 Years,126,63,63,12,6,6,1,0,1,1,0,1,112,57,55
ZAPATA COUNTY,505,60 Years,112,49,63,8,4,4,0,0,0,2,0,2,102,45,57
ZAPATA COUNTY,505,61 Years,118,58,60,14,9,5,0,0,0,1,0,1,103,49,54
ZAPATA COUNTY,505,62 Years,117,54,63,12,6,6,0,0,0,2,0,2,103,48,55
ZAPATA COUNTY,505,63 Years,128,55,73,17,7,10,0,0,0,1,0,1,110,48,62
ZAPATA COUNTY,505,64 Years,124,53,71,21,8,13,1,1,0,0,0,0,102,44,58
ZAPATA COUNTY,505,65 Years,118,56,62,19,9,10,0,0,0,2,0,2,97,47,50
ZAPATA COUNTY,505,66 Years,110,53,57,19,8,11,1,1,0,1,1,0,89,43,46
ZAPATA COUNTY,505,67 Years,99,41,58,13,7,6,0,0,0,1,0,1,85,34,51
ZAPATA COUNTY,505,68 Years,89,31,58,16,8,8,0,0,0,0,0,0,73,23,50
ZAPATA COUNTY,505,69 Years,101,46,55,20,11,9,0,0,0,0,0,0,81,35,46
ZAPATA COUNTY,505,70 Years,97,49,48,17,11,6,0,0,0,0,0,0,80,38,42
ZAPATA COUNTY,505,71 Years,93,48,45,20,9,11,0,0,0,0,0,0,73,39,34
ZAPATA COUNTY,505,72 Years,84,42,42,18,6,12,0,0,0,1,0,1,65,36,29
ZAPATA COUNTY,505,73 Years,71,36,35,18,11,7,0,0,0,0,0,0,53,25,28
ZAPATA COUNTY,505,74 Years,79,46,33,26,13,13,0,0,0,0,0,0,53,33,20
ZAPATA COUNTY,505,75 Years,60,34,26,17,8,9,0,0,0,0,0,0,43,26,17
ZAPATA COUNTY,505,76 Years,59,24,35,15,6,9,0,0,0,0,0,0,44,18,26
ZAPATA COUNTY,505,77 Years,58,23,35,15,10,5,1,0,1,1,0,1,41,13,28
ZAPATA COUNTY,505,78 Years,53,25,28,11,8,3,0,0,0,1,0,1,41,17,24
ZAPATA COUNTY,505,79 Years,41,21,20,14,9,5,0,0,0,1,1,0,26,11,15
ZAPATA COUNTY,505,80 Years,37,16,21,13,5,8,0,0,0,0,0,0,24,11,13
ZAPATA COUNTY,505,81 Years,42,18,24,15,7,8,0,0,0,0,0,0,27,11,16
ZAPATA COUNTY,505,82 Years,38,15,23,9,6,3,0,0,0,1,0,1,28,9,19
ZAPATA COUNTY,505,83 Years,31,17,14,7,6,1,0,0,0,1,0,1,23,11,12
ZAPATA COUNTY,505,84 Years,44,23,21,16,10,6,0,0,0,1,0,1,27,13,14
ZAPATA COUNTY,505,85 Years +,185,73,112,59,25,34,0,0,0,0,0,0,126,48,78
ZAVALA COUNTY,507,All Ages,11983,5901,6082,657,326,331,33,20,13,31,13,18,11262,5542,5720
ZAVALA COUNTY,507,< 1 Year,207,103,104,11,5,6,0,0,0,1,1,0,195,97,98
ZAVALA COUNTY,507,1 Years,216,107,109,7,4,3,0,0,0,0,0,0,209,103,106
ZAVALA COUNTY,507,2 Years,210,103,107,5,3,2,0,0,0,0,0,0,205,100,105
ZAVALA COUNTY,507,3 Years,210,103,107,15,3,12,1,0,1,0,0,0,194,100,94
ZAVALA COUNTY,507,4 Years,202,107,95,9,4,5,1,0,1,0,0,0,192,103,89
ZAVALA COUNTY,507,5 Years,199,100,99,9,5,4,0,0,0,0,0,0,190,95,95
ZAVALA COUNTY,507,6 Years,225,122,103,6,4,2,0,0,0,0,0,0,219,118,101
ZAVALA COUNTY,507,7 Years,233,113,120,5,0,5,0,0,0,0,0,0,228,113,115
ZAVALA COUNTY,507,8 Years,199,95,104,7,2,5,1,0,1,0,0,0,191,93,98
ZAVALA COUNTY,507,9 Years,196,100,96,7,3,4,0,0,0,0,0,0,189,97,92
ZAVALA COUNTY,507,10 Years,195,91,104,5,1,4,1,0,1,0,0,0,189,90,99
ZAVALA COUNTY,507,11 Years,185,88,97,4,2,2,2,0,2,1,0,1,178,86,92
ZAVALA COUNTY,507,12 Years,196,99,97,4,3,1,2,1,1,1,1,0,189,94,95
ZAVALA COUNTY,507,13 Years,198,85,113,7,1,6,2,2,0,1,0,1,188,82,106
ZAVALA COUNTY,507,14 Years,195,93,102,6,2,4,2,2,0,1,0,1,186,89,97
ZAVALA COUNTY,507,15 Years,182,87,95,9,6,3,1,1,0,2,1,1,170,79,91
ZAVALA COUNTY,507,16 Years,184,90,94,6,3,3,1,0,1,1,0,1,176,87,89
ZAVALA COUNTY,507,17 Years,204,105,99,5,2,3,0,0,0,0,0,0,199,103,96
ZAVALA COUNTY,507,18 Years,212,99,113,5,4,1,0,0,0,0,0,0,207,95,112
ZAVALA COUNTY,507,19 Years,229,118,111,7,5,2,0,0,0,1,0,1,221,113,108
ZAVALA COUNTY,507,20 Years,211,100,111,8,3,5,0,0,0,1,0,1,202,97,105
ZAVALA COUNTY,507,21 Years,201,115,86,9,6,3,2,1,1,0,0,0,190,108,82
ZAVALA COUNTY,507,22 Years,200,114,86,6,4,2,0,0,0,0,0,0,194,110,84
ZAVALA COUNTY,507,23 Years,170,101,69,6,5,1,0,0,0,1,1,0,163,95,68
ZAVALA COUNTY,507,24 Years,164,96,68,4,2,2,2,2,0,0,0,0,158,92,66
ZAVALA COUNTY,507,25 Years,194,117,77,9,6,3,1,1,0,0,0,0,184,110,74
ZAVALA COUNTY,507,26 Years,173,104,69,8,3,5,0,0,0,0,0,0,165,101,64
ZAVALA COUNTY,507,27 Years,151,83,68,8,5,3,0,0,0,0,0,0,143,78,65
ZAVALA COUNTY,507,28 Years,134,76,58,7,3,4,1,1,0,0,0,0,126,72,54
ZAVALA COUNTY,507,29 Years,151,81,70,8,3,5,1,1,0,0,0,0,142,77,65
ZAVALA COUNTY,507,30 Years,148,78,70,7,4,3,0,0,0,1,0,1,140,74,66
ZAVALA COUNTY,507,31 Years,156,78,78,10,4,6,0,0,0,1,0,1,145,74,71
ZAVALA COUNTY,507,32 Years,150,73,77,11,4,7,0,0,0,0,0,0,139,69,70
ZAVALA COUNTY,507,33 Years,130,60,70,7,3,4,1,0,1,0,0,0,122,57,65
ZAVALA COUNTY,507,34 Years,121,59,62,4,2,2,1,0,1,1,1,0,115,56,59
ZAVALA COUNTY,507,35 Years,117,58,59,7,5,2,0,0,0,0,0,0,110,53,57
ZAVALA COUNTY,507,36 Years,136,65,71,5,3,2,0,0,0,0,0,0,131,62,69
ZAVALA COUNTY,507,37 Years,138,73,65,5,3,2,0,0,0,0,0,0,133,70,63
ZAVALA COUNTY,507,38 Years,121,64,57,6,3,3,0,0,0,0,0,0,115,61,54
ZAVALA COUNTY,507,39 Years,147,71,76,8,5,3,0,0,0,0,0,0,139,66,73
ZAVALA COUNTY,507,40 Years,134,69,65,7,3,4,0,0,0,0,0,0,127,66,61
ZAVALA COUNTY,507,41 Years,126,56,70,6,2,4,0,0,0,0,0,0,120,54,66
ZAVALA COUNTY,507,42 Years,128,64,64,9,4,5,1,1,0,0,0,0,118,59,59
ZAVALA COUNTY,507,43 Years,125,62,63,8,3,5,1,1,0,0,0,0,116,58,58
ZAVALA COUNTY,507,44 Years,131,55,76,6,4,2,1,1,0,0,0,0,124,50,74
ZAVALA COUNTY,507,45 Years,142,72,70,8,5,3,0,0,0,1,1,0,133,66,67
ZAVALA COUNTY,507,46 Years,135,67,68,6,3,3,1,0,1,1,0,1,127,64,63
ZAVALA COUNTY,507,47 Years,124,59,65,9,5,4,0,0,0,0,0,0,115,54,61
ZAVALA COUNTY,507,48 Years,124,56,68,4,2,2,0,0,0,0,0,0,120,54,66
ZAVALA COUNTY,507,49 Years,122,62,60,6,2,4,1,1,0,2,1,1,113,58,55
ZAVALA COUNTY,507,50 Years,125,64,61,11,6,5,0,0,0,1,1,0,113,57,56
ZAVALA COUNTY,507,51 Years,139,71,68,7,3,4,0,0,0,1,0,1,131,68,63
ZAVALA COUNTY,507,52 Years,151,76,75,10,6,4,0,0,0,1,0,1,140,70,70
ZAVALA COUNTY,507,53 Years,139,61,78,6,2,4,0,0,0,0,0,0,133,59,74
ZAVALA COUNTY,507,54 Years,121,56,65,8,2,6,0,0,0,0,0,0,113,54,59
ZAVALA COUNTY,507,55 Years,136,66,70,8,5,3,0,0,0,0,0,0,128,61,67
ZAVALA COUNTY,507,56 Years,132,64,68,8,6,2,1,1,0,0,0,0,123,57,66
ZAVALA COUNTY,507,57 Years,135,65,70,7,5,2,0,0,0,1,0,1,127,60,67
ZAVALA COUNTY,507,58 Years,126,64,62,5,3,2,1,1,0,1,1,0,119,59,60
ZAVALA COUNTY,507,59 Years,133,61,72,8,3,5,0,0,0,0,0,0,125,58,67
ZAVALA COUNTY,507,60 Years,127,62,65,16,7,9,0,0,0,0,0,0,111,55,56
ZAVALA COUNTY,507,61 Years,128,60,68,14,8,6,0,0,0,1,0,1,113,52,61
ZAVALA COUNTY,507,62 Years,134,58,76,13,6,7,1,0,1,1,1,0,119,51,68
ZAVALA COUNTY,507,63 Years,130,52,78,11,5,6,0,0,0,0,0,0,119,47,72
ZAVALA COUNTY,507,64 Years,123,56,67,10,5,5,0,0,0,0,0,0,113,51,62
ZAVALA COUNTY,507,65 Years,101,47,54,11,7,4,0,0,0,0,0,0,90,40,50
ZAVALA COUNTY,507,66 Years,103,46,57,8,5,3,0,0,0,0,0,0,95,41,54
ZAVALA COUNTY,507,67 Years,85,40,45,10,5,5,0,0,0,0,0,0,75,35,40
ZAVALA COUNTY,507,68 Years,99,43,56,10,6,4,0,0,0,1,0,1,88,37,51
ZAVALA COUNTY,507,69 Years,97,46,51,8,5,3,0,0,0,1,0,1,88,41,47
ZAVALA COUNTY,507,70 Years,75,29,46,8,4,4,0,0,0,1,1,0,66,24,42
ZAVALA COUNTY,507,71 Years,69,32,37,6,2,4,0,0,0,0,0,0,63,30,33
ZAVALA COUNTY,507,72 Years,69,35,34,5,3,2,0,0,0,0,0,0,64,32,32
ZAVALA COUNTY,507,73 Years,60,30,30,3,3,0,0,0,0,0,0,0,57,27,30
ZAVALA COUNTY,507,74 Years,56,23,33,5,4,1,0,0,0,0,0,0,51,19,32
ZAVALA COUNTY,507,75 Years,65,31,34,10,3,7,1,1,0,0,0,0,54,27,27
ZAVALA COUNTY,507,76 Years,63,27,36,8,3,5,0,0,0,0,0,0,55,24,31
ZAVALA COUNTY,507,77 Years,51,22,29,3,2,1,0,0,0,1,1,0,47,19,28
ZAVALA COUNTY,507,78 Years,51,22,29,5,2,3,0,0,0,0,0,0,46,20,26
ZAVALA COUNTY,507,79 Years,42,17,25,6,3,3,0,0,0,0,0,0,36,14,22
ZAVALA COUNTY,507,80 Years,46,17,29,5,4,1,0,0,0,0,0,0,41,13,28
ZAVALA COUNTY,507,81 Years,49,14,35,5,3,2,0,0,0,0,0,0,44,11,33
ZAVALA COUNTY,507,82 Years,52,22,30,9,5,4,0,0,0,0,0,0,43,17,26
ZAVALA COUNTY,507,83 Years,45,21,24,6,2,4,0,0,0,0,0,0,39,19,20
ZAVALA COUNTY,507,84 Years,40,16,24,3,1,2,0,0,0,0,0,0,37,15,22
ZAVALA COUNTY,507,85 Years +,205,89,116,30,11,19,1,1,0,2,1,1,172,76,96
